0 0.823389 0.287071 0.114547 0.118505
0 0.330357 0.193627 0.091463 0.098284
0 0.524717 0.655515 0.211890 0.037745
0 0.943162 0.303002 0.085801 0.093015
0 0.031686 0.870711 0.059016 0.072304
0 0.237805 0.740502 0.063589 0.067034
0 0.193815 0.151961 0.040505 0.093137
0 0.684451 0.446262 0.049652 0.067034
0 0.844294 0.405821 0.054443 0.054044
0 0.340701 0.563419 0.140026 0.020221
0 0.110409 0.752206 0.114547 0.022794
0 0.252831 0.942279 0.112369 0.022794
0 0.915941 0.309498 0.031359 0.080025
0 0.920514 0.776961 0.040505 0.061765
0 0.113349 0.653922 0.129573 0.018873
0 0.452526 0.709252 0.094948 0.025368
0 0.906141 0.129841 0.085801 0.028064
0 0.529399 0.949816 0.082317 0.027328
0 0.517204 0.930576 0.104094 0.020221
0 0.253920 0.266544 0.040505 0.051471
0 0.480292 0.869363 0.085584 0.022794
0 0.295623 0.789951 0.123911 0.014951
0 0.608123 0.946262 0.072953 0.025368
0 0.836672 0.319914 0.030052 0.059191
0 0.477352 0.115502 0.107578 0.015074
0 0.145144 0.627206 0.091246 0.017647
0 0.468641 0.081311 0.081010 0.019485
0 0.258602 0.241789 0.086890 0.017647
0 0.263175 0.959252 0.096037 0.015074
0 0.774826 0.532169 0.026568 0.051348
0 0.015462 0.671507 0.026568 0.048897
0 0.952417 0.518811 0.020688 0.050858
0 0.478441 0.961887 0.091463 0.009804
0 0.255662 0.223591 0.071864 0.012377
0 0.190875 0.072488 0.025479 0.033211
0 0.267748 0.144118 0.059016 0.009804
