0 0.818815 0.211887 0.179443 0.035784
0 0.804878 0.123958 0.142422 0.037132
0 0.735409 0.185784 0.160714 0.030637
0 0.858123 0.788358 0.063807 0.069118
0 0.221581 0.515564 0.123911 0.033824
0 0.595274 0.275000 0.103005 0.031863
0 0.972670 0.138664 0.052047 0.056005
0 0.941420 0.229779 0.091463 0.029902
0 0.943706 0.120711 0.031141 0.077451
0 0.109865 0.228431 0.030270 0.074265
0 0.955357 0.606373 0.045296 0.048775
0 0.851154 0.407169 0.105183 0.020221
0 0.895144 0.736642 0.091246 0.022794
0 0.163654 0.826409 0.100828 0.020221
0 0.605292 0.304289 0.113458 0.017647
0 0.101263 0.351164 0.040505 0.048897
0 0.948389 0.267525 0.040505 0.042892
0 0.981925 0.192341 0.033537 0.048897
0 0.878375 0.344669 0.039416 0.041054
0 0.166050 0.106434 0.123911 0.012377
0 0.717008 0.851532 0.021995 0.063848
0 0.922365 0.587868 0.025479 0.053431
0 0.530597 0.892892 0.019817 0.064461
0 0.432165 0.941054 0.082099 0.014951
0 0.851154 0.179289 0.031141 0.038480
0 0.881315 0.757414 0.091463 0.012377
0 0.425196 0.921201 0.096037 0.011765
0 0.078071 0.137623 0.021995 0.048775
0 0.564133 0.067341 0.059016 0.017525
0 0.253920 0.717034 0.068380 0.014951
0 0.411368 0.831618 0.068380 0.014951
0 0.971581 0.525613 0.021995 0.043627
0 0.851263 0.249571 0.077526 0.012377
0 0.962217 0.683211 0.021995 0.040931
0 0.696102 0.293873 0.017204 0.048775
0 0.251633 0.454044 0.026786 0.030637
0 0.844186 0.287377 0.082099 0.009804
0 0.786368 0.138603 0.086672 0.009069
0 0.531686 0.944975 0.021995 0.022794
0 0.628920 0.088174 0.040505 0.012377
0 0.950675 0.325123 0.063807 0.007108
0 0.995862 0.536091 0.005662 0.017525
