0 0.304225 0.149387 0.243031 0.051471
0 0.172909 0.430576 0.100610 0.108701
0 0.515571 0.645466 0.211890 0.038480
0 0.363894 0.395404 0.065767 0.116544
0 0.110409 0.756127 0.068380 0.093137
0 0.142857 0.437071 0.049652 0.095711
0 0.769490 0.144118 0.062500 0.072304
0 0.251633 0.141544 0.137848 0.025490
0 0.226154 0.671140 0.049869 0.068995
0 0.962326 0.806924 0.049652 0.059191
0 0.466899 0.200184 0.049652 0.054044
0 0.189024 0.845956 0.040505 0.064461
0 0.961672 0.223897 0.039199 0.065196
0 0.017857 0.746998 0.031359 0.074877
0 0.330357 0.657169 0.026568 0.087868
0 0.732578 0.934498 0.081010 0.028064
0 0.366289 0.763909 0.033537 0.067034
0 0.170623 0.607659 0.086890 0.025368
0 0.307274 0.184559 0.091463 0.022794
0 0.228550 0.417586 0.035932 0.056740
0 0.133057 0.299755 0.104094 0.018873
0 0.161368 0.891238 0.133275 0.014338
0 0.216899 0.853738 0.031359 0.054044
0 0.182165 0.808824 0.026786 0.052696
0 0.295514 0.198836 0.077526 0.015074
0 0.154399 0.145466 0.026568 0.043627
0 0.308362 0.077757 0.075348 0.012377
0 0.348214 0.355086 0.016115 0.051348
0 0.094294 0.767218 0.017422 0.042279
0 0.325675 0.630821 0.017204 0.035172
