0 0.931620 0.802022 0.090157 0.091054
0 0.279399 0.220343 0.091463 0.089216
0 0.940875 0.562439 0.090375 0.085907
0 0.214612 0.516850 0.156141 0.046936
0 0.815875 0.210233 0.164416 0.043015
0 0.772430 0.838113 0.068380 0.085294
0 0.728550 0.184498 0.146995 0.038358
0 0.950675 0.159804 0.063807 0.077451
0 0.828071 0.120711 0.133057 0.035784
0 0.860409 0.792586 0.068380 0.067034
0 0.527003 0.142831 0.114547 0.038358
0 0.093641 0.834252 0.053136 0.067034
0 0.936738 0.112868 0.045078 0.072304
0 0.158972 0.136336 0.054443 0.056740
0 0.935649 0.910049 0.126089 0.020833
0 0.193706 0.314093 0.049869 0.052696
0 0.601154 0.296446 0.114765 0.022794
0 0.887086 0.743750 0.093859 0.026716
0 0.177591 0.106434 0.045078 0.054044
0 0.748693 0.137623 0.104094 0.022794
0 0.110409 0.102512 0.049652 0.046201
0 0.950675 0.231066 0.082099 0.027328
0 0.760889 0.818934 0.045296 0.046936
0 0.941420 0.881127 0.082317 0.025490
0 0.108123 0.211887 0.026786 0.077451
0 0.874347 0.882414 0.114547 0.017525
0 0.716246 0.856373 0.030052 0.059314
0 0.591899 0.269118 0.114547 0.014951
0 0.668227 0.473529 0.072953 0.022794
0 0.946102 0.258762 0.035932 0.046201
0 0.570993 0.929289 0.091463 0.017647
0 0.927591 0.788358 0.035932 0.042892
0 0.739547 0.149387 0.094948 0.014951
0 0.925196 0.310846 0.068162 0.020221
0 0.981925 0.185846 0.033537 0.041054
0 0.847779 0.172794 0.033537 0.040931
0 0.244665 0.205699 0.021995 0.059926
0 0.929769 0.536091 0.021995 0.054044
0 0.976154 0.171507 0.021995 0.048897
0 0.054769 0.168873 0.021995 0.048775
0 0.184560 0.770466 0.021995 0.048775
0 0.922909 0.392831 0.082317 0.012377
0 0.853985 0.251532 0.062500 0.016299
0 0.372060 0.840748 0.072953 0.012377
0 0.841355 0.279534 0.076437 0.009804
0 0.974956 0.321201 0.047474 0.009804
0 0.880662 0.961887 0.034843 0.009804
0 0.993467 0.394118 0.010453 0.009804
