0 0.158972 0.377267 0.100610 0.095711
0 0.170623 0.315993 0.179225 0.041054
0 0.528310 0.117770 0.144599 0.045588
0 0.101154 0.667586 0.142204 0.046201
0 0.064133 0.627206 0.123911 0.038480
0 0.557165 0.719669 0.119120 0.035907
0 0.749238 0.126900 0.059016 0.068995
0 0.270144 0.884375 0.100828 0.031985
0 0.035279 0.879167 0.047474 0.057843
0 0.496407 0.322549 0.090375 0.027941
0 0.695993 0.073836 0.091463 0.025368
0 0.615091 0.189400 0.096037 0.022181
0 0.510889 0.081679 0.100610 0.020221
0 0.094186 0.200123 0.045078 0.043627
0 0.061847 0.286029 0.082317 0.022794
0 0.061738 0.193321 0.035932 0.050858
0 0.051394 0.338480 0.042683 0.038971
0 0.748258 0.221936 0.084495 0.019608
0 0.527112 0.903248 0.021995 0.069730
0 0.221581 0.405882 0.031141 0.048775
0 0.816420 0.701409 0.035714 0.041054
0 0.559451 0.323836 0.031359 0.046201
0 0.695993 0.149387 0.091463 0.014951
0 0.670623 0.299081 0.021995 0.054044
0 0.196102 0.288358 0.035932 0.032598
0 0.033428 0.711826 0.025479 0.041054
0 0.851154 0.310846 0.021995 0.046201
0 0.793336 0.398100 0.017422 0.054044
0 0.980727 0.279596 0.021995 0.041054
0 0.746407 0.351164 0.025479 0.028064
0 0.249347 0.705025 0.049652 0.011765
0 0.527112 0.951409 0.021995 0.020221
