0 0.834930 0.876900 0.054443 0.079534
0 0.031794 0.701409 0.040505 0.103554
0 0.297909 0.930331 0.119338 0.035172
0 0.034081 0.520466 0.045078 0.085294
0 0.061847 0.342708 0.054443 0.068260
0 0.364003 0.521752 0.103005 0.035907
0 0.755009 0.108946 0.033537 0.085294
0 0.241180 0.857353 0.089068 0.029902
0 0.191420 0.157169 0.045296 0.056740
0 0.200675 0.763971 0.045078 0.056618
0 0.753920 0.366789 0.086672 0.027941
0 0.633602 0.907169 0.086890 0.025368
0 0.949477 0.712806 0.098432 0.022181
0 0.829813 0.185846 0.034625 0.061887
0 0.846472 0.123284 0.142422 0.014951
0 0.878920 0.917279 0.077526 0.024755
0 0.611607 0.401654 0.098214 0.019485
0 0.984212 0.502206 0.028963 0.064461
0 0.070557 0.239216 0.081010 0.022794
0 0.392857 0.167586 0.086672 0.020221
0 0.159081 0.757475 0.035932 0.043627
0 0.948389 0.284743 0.059233 0.020221
0 0.073389 0.874265 0.096254 0.011765
0 0.152112 0.082598 0.086890 0.011765
0 0.626633 0.941054 0.063807 0.014951
0 0.468750 0.088174 0.062500 0.012377
0 0.786368 0.344669 0.077526 0.009681
0 0.013175 0.325123 0.021995 0.027941
0 0.160279 0.309498 0.047474 0.012377
0 0.777112 0.580392 0.012848 0.022794
0 0.008602 0.194608 0.012848 0.011765
