0 0.520144 0.663725 0.221037 0.043627
0 0.510889 0.214461 0.100610 0.093137
0 0.876089 0.118076 0.090157 0.082721
0 0.930967 0.423407 0.070557 0.085294
0 0.369665 0.430576 0.133057 0.041054
0 0.177483 0.336520 0.054443 0.066422
0 0.552591 0.927696 0.119120 0.029902
0 0.929878 0.352512 0.049652 0.067034
0 0.767857 0.148039 0.114547 0.027941
0 0.786368 0.086520 0.105401 0.029902
0 0.311847 0.334252 0.100610 0.030515
0 0.786368 0.120343 0.123693 0.024755
0 0.138175 0.367831 0.031141 0.097672
0 0.385889 0.217034 0.091463 0.030637
0 0.172909 0.528248 0.035714 0.074877
0 0.862152 0.640870 0.108885 0.024142
0 0.918227 0.243076 0.035932 0.067034
0 0.973868 0.297794 0.045296 0.051471
0 0.917683 0.440686 0.043990 0.050735
0 0.853550 0.287377 0.109974 0.020098
0 0.108123 0.332966 0.035932 0.059314
0 0.942509 0.400613 0.047474 0.043627
0 0.242378 0.325184 0.035714 0.054044
0 0.364438 0.343382 0.039416 0.048775
0 0.230836 0.773100 0.031359 0.054044
0 0.979639 0.168873 0.038110 0.043627
0 0.899826 0.823836 0.026568 0.056740
0 0.541050 0.959252 0.096037 0.015074
0 0.672909 0.092034 0.091463 0.014951
0 0.188589 0.761336 0.067073 0.020221
0 0.874347 0.365809 0.031359 0.041667
0 0.682165 0.168934 0.100828 0.012377
0 0.452417 0.240809 0.020688 0.057353
0 0.793336 0.171507 0.091463 0.012377
0 0.264917 0.973591 0.090375 0.012377
0 0.860409 0.666238 0.086672 0.012377
0 0.771886 0.206618 0.020688 0.051471
0 0.929769 0.342096 0.021995 0.046201
0 0.908428 0.112255 0.025479 0.039706
0 0.515462 0.456679 0.017422 0.046201
0 0.557165 0.009988 0.063807 0.012377
0 0.885889 0.878554 0.072735 0.009804
