0 0.517857 0.651961 0.216463 0.051471
0 0.945993 0.819608 0.091463 0.095098
0 0.841355 0.204044 0.178354 0.035784
0 0.226154 0.562132 0.123911 0.038480
0 0.950022 0.349877 0.062500 0.067157
0 0.962217 0.558211 0.059016 0.067157
0 0.517857 0.887684 0.105401 0.033211
0 0.855727 0.801654 0.059016 0.054044
0 0.172909 0.261336 0.054443 0.056740
0 0.126633 0.198836 0.035932 0.082721
0 0.730836 0.168873 0.105401 0.027941
0 0.848868 0.254841 0.091463 0.028064
0 0.915941 0.118137 0.031359 0.077451
0 0.565875 0.301409 0.099521 0.022181
0 0.675196 0.125919 0.086890 0.025368
0 0.147430 0.770466 0.123693 0.017647
0 0.786368 0.135049 0.114547 0.017647
0 0.949477 0.113848 0.033537 0.058578
0 0.973868 0.706618 0.026568 0.072304
0 0.589612 0.204044 0.072953 0.025490
0 0.777003 0.327696 0.040505 0.043627
0 0.772430 0.877206 0.077526 0.022794
0 0.909081 0.162377 0.035932 0.046324
0 0.256315 0.141544 0.026568 0.061765
0 0.981925 0.161091 0.033537 0.048897
0 0.820993 0.504841 0.091463 0.017525
0 0.573389 0.278248 0.114547 0.012377
0 0.068162 0.826409 0.067073 0.020221
0 0.217008 0.159436 0.021995 0.061275
0 0.855836 0.110294 0.086672 0.014951
0 0.934560 0.469669 0.021995 0.056740
0 0.945993 0.158456 0.026568 0.043627
0 0.926938 0.871998 0.090375 0.012377
0 0.249891 0.839461 0.069469 0.014951
0 0.524717 0.950184 0.082099 0.012377
0 0.984212 0.812745 0.028963 0.034559
0 0.970928 0.360294 0.020688 0.046324
0 0.658972 0.306250 0.017422 0.052696
0 0.675305 0.147733 0.077526 0.011642
0 0.927483 0.128554 0.017422 0.051471
0 0.927483 0.523039 0.017422 0.048775
0 0.964612 0.243076 0.017204 0.046201
0 0.100610 0.541605 0.020906 0.037868
