0 0.155488 0.263909 0.047474 0.103554
0 0.497060 0.201409 0.119120 0.041054
0 0.924107 0.127206 0.038110 0.106127
0 0.434451 0.697549 0.114547 0.027941
0 0.385235 0.143873 0.043990 0.066422
0 0.163654 0.642831 0.045078 0.059191
0 0.094186 0.675368 0.045078 0.056618
0 0.129464 0.890257 0.143510 0.017525
0 0.237696 0.895404 0.045078 0.054044
0 0.851263 0.100858 0.040505 0.058578
0 0.064133 0.646446 0.049869 0.045588
0 0.837217 0.138909 0.086890 0.025368
0 0.811847 0.223897 0.119338 0.018137
0 0.963959 0.584252 0.034625 0.061887
0 0.320993 0.137623 0.026568 0.080147
0 0.443815 0.735294 0.105401 0.020098
0 0.117378 0.280821 0.026568 0.074877
0 0.594186 0.817279 0.045078 0.043627
0 0.767313 0.887623 0.039416 0.048775
0 0.769599 0.192279 0.081010 0.022794
0 0.128375 0.724877 0.113458 0.014951
0 0.957644 0.764951 0.021995 0.074265
0 0.154399 0.551716 0.026568 0.059314
0 0.686738 0.213113 0.035932 0.043627
0 0.223214 0.255515 0.081010 0.018873
0 0.149281 0.918199 0.025479 0.057966
0 0.811847 0.098223 0.063589 0.022181
0 0.402112 0.562132 0.021995 0.059314
0 0.753920 0.166238 0.105401 0.012377
0 0.793227 0.516850 0.035932 0.036397
0 0.948389 0.306924 0.021777 0.059191
0 0.733123 0.123284 0.035932 0.035784
0 0.941420 0.951409 0.063589 0.020221
0 0.288654 0.654596 0.026786 0.046201
0 0.848868 0.391544 0.026568 0.046324
0 0.873149 0.099877 0.019817 0.061765
0 0.890571 0.909743 0.035932 0.033211
0 0.152112 0.848591 0.086890 0.012377
0 0.762631 0.950184 0.030052 0.033211
0 0.821102 0.115135 0.063807 0.014338
0 0.096581 0.846569 0.021995 0.039706
0 0.922909 0.204044 0.026568 0.030637
0 0.988894 0.185172 0.019599 0.039706
0 0.323389 0.075184 0.021777 0.033211
0 0.508602 0.960233 0.059016 0.011642
0 0.871951 0.654534 0.017422 0.035784
0 0.617378 0.938113 0.063589 0.009069
0 0.616834 0.926716 0.062500 0.007108
