0 0.746951 0.185784 0.174652 0.056618
0 0.874238 0.124326 0.160932 0.048162
0 0.517857 0.793873 0.068380 0.069608
0 0.910170 0.256127 0.056838 0.082598
0 0.155597 0.905882 0.065984 0.069608
0 0.439133 0.121691 0.170078 0.022059
0 0.240091 0.799081 0.049869 0.074877
0 0.452962 0.079044 0.142422 0.025490
0 0.200675 0.814706 0.045078 0.080147
0 0.580357 0.274387 0.045296 0.077451
0 0.222670 0.135662 0.052047 0.065686
0 0.091355 0.173468 0.048563 0.057966
0 0.172909 0.430637 0.054443 0.051471
0 0.714612 0.107659 0.045078 0.061887
0 0.588959 0.138664 0.034625 0.076838
0 0.150370 0.724877 0.129573 0.020098
0 0.709386 0.141544 0.099521 0.025490
0 0.399717 0.788725 0.109974 0.022794
0 0.276459 0.873346 0.039416 0.061887
0 0.388284 0.564706 0.040505 0.059314
0 0.860409 0.283456 0.040505 0.059314
0 0.894599 0.194914 0.043990 0.048897
0 0.918227 0.654534 0.035932 0.056618
0 0.703071 0.157169 0.096037 0.020221
0 0.784081 0.518444 0.035932 0.050123
0 0.980836 0.822488 0.031359 0.054044
0 0.851154 0.400674 0.031141 0.054044
0 0.191420 0.659743 0.082317 0.020221
0 0.753920 0.266544 0.031359 0.051471
0 0.800196 0.309498 0.021995 0.069730
0 0.979639 0.903248 0.038110 0.038358
0 0.216899 0.242770 0.031359 0.040441
0 0.207644 0.137684 0.021995 0.054044
0 0.274172 0.950184 0.034843 0.033211
0 0.093097 0.803002 0.024172 0.035907
0 0.988894 0.637623 0.019599 0.043627
0 0.941420 0.886336 0.026568 0.030515
0 0.948389 0.833578 0.021777 0.034559
0 0.314133 0.883701 0.021995 0.030637
0 0.821102 0.168934 0.045078 0.012377
0 0.574477 0.960539 0.061411 0.007108
0 0.309451 0.944608 0.012631 0.022059
