0 0.170623 0.892831 0.096037 0.116544
0 0.327962 0.150368 0.077526 0.100245
0 0.263175 0.239216 0.160932 0.043627
0 0.151024 0.262623 0.065984 0.100980
0 0.642857 0.116789 0.179443 0.027941
0 0.429878 0.696201 0.114547 0.030637
0 0.138175 0.657169 0.059016 0.056740
0 0.043336 0.630821 0.054443 0.061152
0 0.351154 0.072488 0.096037 0.033211
0 0.389917 0.147365 0.053354 0.057966
0 0.304878 0.666238 0.049652 0.054044
0 0.788654 0.525674 0.054225 0.048897
0 0.103550 0.331618 0.035932 0.072304
0 0.448389 0.729412 0.105401 0.024020
0 0.772430 0.800429 0.049652 0.046201
0 0.605727 0.939706 0.096037 0.022794
0 0.638175 0.084252 0.105183 0.020221
0 0.121407 0.892831 0.108667 0.017525
0 0.230836 0.899387 0.031359 0.056618
0 0.205357 0.741115 0.026568 0.063113
0 0.146886 0.926654 0.030270 0.054044
0 0.615091 0.067034 0.096037 0.016912
0 0.929878 0.185784 0.031359 0.051471
0 0.115091 0.572549 0.031141 0.048775
0 0.203071 0.927696 0.031141 0.046814
0 0.980183 0.465809 0.020906 0.064461
0 0.948389 0.236581 0.021777 0.059191
0 0.101154 0.849571 0.021995 0.056005
0 0.887631 0.555576 0.030052 0.041054
0 0.883602 0.102757 0.021995 0.052083
0 0.691420 0.212806 0.026568 0.043015
0 0.851154 0.095956 0.021995 0.048775
0 0.383602 0.072488 0.031141 0.033211
0 0.802591 0.231434 0.082099 0.012377
0 0.832099 0.342096 0.020906 0.046201
0 0.411259 0.569975 0.021995 0.043627
0 0.316420 0.072488 0.026568 0.033211
0 0.843641 0.864154 0.025261 0.033211
0 0.739438 0.170221 0.076437 0.009804
0 0.901568 0.083885 0.020906 0.035172
0 0.621951 0.928983 0.063589 0.006495
0 0.522430 0.081618 0.040505 0.009804
0 0.007949 0.308211 0.011542 0.020098
