0 0.672909 0.228738 0.082317 0.116544
0 0.515571 0.652941 0.211890 0.037745
0 0.239983 0.179289 0.179443 0.043627
0 0.172909 0.400674 0.063589 0.069730
0 0.376089 0.846630 0.127178 0.029289
0 0.455357 0.512623 0.045296 0.080147
0 0.825675 0.161091 0.045078 0.080025
0 0.244774 0.504473 0.114547 0.027328
0 0.200675 0.261336 0.100828 0.025368
0 0.633057 0.625919 0.094948 0.025368
0 0.314024 0.306924 0.040505 0.059191
0 0.689133 0.250613 0.031141 0.071569
0 0.098868 0.492770 0.035714 0.061275
0 0.232578 0.339461 0.043990 0.046324
0 0.468641 0.185846 0.099739 0.020221
0 0.589612 0.146078 0.072953 0.024020
0 0.151459 0.474571 0.039416 0.040319
0 0.814133 0.065993 0.077744 0.020221
0 0.165396 0.198162 0.039416 0.039706
0 0.483123 0.077757 0.082099 0.017525
0 0.483123 0.094669 0.091246 0.015074
0 0.793336 0.826103 0.063589 0.019608
0 0.223868 0.303676 0.017422 0.047549
0 0.027112 0.305637 0.012848 0.014951
0 0.545623 0.077757 0.021995 0.007230
0 0.005118 0.305637 0.010235 0.009804
