0 0.330357 0.193627 0.091463 0.098284
0 0.943706 0.300368 0.096037 0.093137
0 0.519599 0.654596 0.210801 0.041054
0 0.844294 0.280208 0.054443 0.125613
0 0.545623 0.941667 0.151786 0.042402
0 0.075675 0.759743 0.063807 0.068995
0 0.686193 0.447549 0.053136 0.069608
0 0.191420 0.148100 0.035714 0.095711
0 0.344186 0.560846 0.146995 0.020221
0 0.913110 0.771752 0.043990 0.067034
0 0.913654 0.308211 0.035932 0.077451
0 0.471472 0.118076 0.105401 0.025368
0 0.114547 0.651348 0.131969 0.018873
0 0.785279 0.255821 0.047474 0.050858
0 0.198389 0.826777 0.040505 0.057230
0 0.853550 0.248958 0.035932 0.063113
0 0.956446 0.211826 0.084495 0.025368
0 0.545623 0.362929 0.105183 0.020221
0 0.835039 0.315748 0.035932 0.056005
0 0.426938 0.708946 0.099521 0.019608
0 0.140462 0.943627 0.128484 0.014951
0 0.525915 0.930576 0.093641 0.020221
0 0.131315 0.743076 0.091463 0.020221
0 0.591899 0.892892 0.077526 0.022794
0 0.462217 0.081679 0.086890 0.020221
0 0.344186 0.940993 0.082099 0.020221
0 0.830357 0.388909 0.035714 0.046201
0 0.946102 0.551716 0.089068 0.017647
0 0.774826 0.530821 0.026568 0.054044
0 0.015462 0.717034 0.026568 0.051471
0 0.346581 0.900674 0.096037 0.012377
0 0.281686 0.788358 0.096037 0.011765
0 0.256206 0.242463 0.082099 0.013603
0 0.258602 0.288664 0.021995 0.048897
0 0.189133 0.072488 0.031141 0.033211
0 0.255662 0.223591 0.071864 0.012377
0 0.592008 0.956311 0.059016 0.014338
0 0.244665 0.960600 0.068162 0.012377
0 0.314133 0.745404 0.086890 0.009191
0 0.098868 0.610294 0.017422 0.040931
0 0.555967 0.004841 0.024390 0.007230
