0 0.554878 0.115502 0.123693 0.035907
0 0.621951 0.830331 0.063589 0.059191
0 0.429225 0.855086 0.057927 0.061887
0 0.920623 0.283456 0.059016 0.059314
0 0.406686 0.148039 0.049869 0.069608
0 0.552591 0.792586 0.109974 0.030515
0 0.962326 0.636336 0.049652 0.067034
0 0.853985 0.707966 0.055531 0.059314
0 0.913654 0.109620 0.035932 0.086642
0 0.851154 0.101164 0.049869 0.059191
0 0.469294 0.900613 0.128484 0.022794
0 0.823389 0.207966 0.123693 0.022794
0 0.710039 0.106373 0.045078 0.059314
0 0.156686 0.235294 0.031141 0.082598
0 0.230836 0.506127 0.040505 0.056618
0 0.149717 0.910417 0.035932 0.060539
0 0.257404 0.881127 0.038328 0.056618
0 0.101263 0.373958 0.040505 0.052819
0 0.426394 0.933885 0.098432 0.021446
0 0.635889 0.781801 0.035714 0.056005
0 0.020144 0.740502 0.035932 0.051348
0 0.156794 0.629779 0.077526 0.022794
0 0.689024 0.200123 0.040505 0.043627
0 0.559560 0.084252 0.086890 0.020221
0 0.427591 0.747978 0.119120 0.014338
0 0.980183 0.276961 0.030052 0.056618
0 0.774826 0.187132 0.091463 0.017647
0 0.260889 0.840748 0.091463 0.017525
0 0.213415 0.919853 0.024390 0.061275
0 0.050196 0.415012 0.021995 0.067034
0 0.304878 0.589461 0.031359 0.046324
0 0.763175 0.159804 0.096037 0.014951
0 0.080357 0.917586 0.091463 0.015074
0 0.392748 0.562132 0.021995 0.059314
0 0.939133 0.474877 0.021995 0.056618
0 0.733123 0.132414 0.035932 0.033211
0 0.642748 0.107721 0.021995 0.051471
0 0.790941 0.513971 0.031359 0.035784
0 0.080357 0.868137 0.026568 0.035784
0 0.922909 0.196201 0.017422 0.051471
0 0.615091 0.938419 0.059016 0.015074
0 0.852896 0.512623 0.016333 0.048775
0 0.848868 0.956618 0.063589 0.009804
0 0.612260 0.920221 0.062500 0.009804
0 0.829159 0.788664 0.015026 0.038358
