0 0.348759 0.710233 0.109974 0.100368
0 0.838415 0.226838 0.172474 0.044853
0 0.906686 0.877819 0.160932 0.039706
0 0.934560 0.840748 0.059016 0.080025
0 0.696102 0.865502 0.063807 0.061887
0 0.749347 0.838174 0.114547 0.033211
0 0.918336 0.815993 0.054443 0.067034
0 0.235409 0.231434 0.105401 0.033211
0 0.723868 0.174081 0.100610 0.033211
0 0.334930 0.732721 0.054443 0.056618
0 0.977352 0.211826 0.042683 0.067034
0 0.506315 0.309498 0.100610 0.028064
0 0.487696 0.888909 0.109974 0.025368
0 0.220928 0.287377 0.048563 0.056618
0 0.947191 0.136336 0.103005 0.025368
0 0.436302 0.099877 0.127395 0.020098
0 0.759800 0.141544 0.098432 0.025490
0 0.882949 0.219056 0.085584 0.029289
0 0.848868 0.096017 0.045296 0.054044
0 0.904399 0.428002 0.045296 0.051348
0 0.945557 0.110294 0.043990 0.051471
0 0.237696 0.771078 0.119120 0.018873
0 0.828071 0.348591 0.031141 0.069730
0 0.936847 0.888603 0.100610 0.019608
0 0.117378 0.788664 0.035714 0.054044
0 0.973868 0.816054 0.026568 0.072304
0 0.573389 0.179289 0.068380 0.022794
0 0.961128 0.154596 0.075131 0.020221
0 0.841355 0.171140 0.067291 0.022181
0 0.077417 0.710233 0.039416 0.037868
0 0.249238 0.119363 0.021995 0.064461
0 0.495862 0.957966 0.079704 0.017647
0 0.957644 0.260049 0.031141 0.043627
0 0.770144 0.325490 0.026786 0.049510
0 0.337217 0.094669 0.086890 0.015074
0 0.515571 0.075123 0.072953 0.017647
0 0.872060 0.274081 0.035932 0.035172
0 0.541050 0.296507 0.096037 0.012377
0 0.957644 0.619424 0.021995 0.054044
0 0.883057 0.359988 0.020906 0.056005
0 0.169534 0.827757 0.065984 0.017525
0 0.959386 0.174081 0.034625 0.033211
0 0.957644 0.204350 0.031141 0.036397
0 0.441420 0.085600 0.082317 0.012377
0 0.953071 0.412010 0.021995 0.045588
0 0.601154 0.078738 0.068162 0.014338
0 0.608123 0.330025 0.017204 0.053431
0 0.437936 0.107721 0.093641 0.009804
0 0.929769 0.362561 0.021995 0.040319
0 0.936847 0.312132 0.017422 0.043627
0 0.897539 0.260049 0.021995 0.027941
0 0.807165 0.193321 0.061193 0.009191
