0 0.517857 0.665012 0.216463 0.041054
0 0.369665 0.426716 0.133057 0.038480
0 0.922909 0.438419 0.063589 0.067034
0 0.135889 0.381127 0.035714 0.103431
0 0.821102 0.103125 0.100828 0.031985
0 0.168227 0.348591 0.045078 0.069730
0 0.786368 0.123346 0.123693 0.025368
0 0.608123 0.125919 0.100828 0.030515
0 0.862696 0.641544 0.119120 0.025490
0 0.945993 0.391544 0.054443 0.051471
0 0.927591 0.362561 0.045078 0.061152
0 0.244665 0.330331 0.049869 0.054044
0 0.311847 0.342096 0.100610 0.025368
0 0.858123 0.288725 0.109974 0.022794
0 0.860409 0.207966 0.049652 0.048775
0 0.918227 0.245711 0.035932 0.067157
0 0.679878 0.102512 0.086672 0.025368
0 0.230292 0.773100 0.039416 0.054044
0 0.783972 0.148039 0.091463 0.022794
0 0.172909 0.538664 0.026568 0.074877
0 0.767857 0.238848 0.114547 0.016912
0 0.367378 0.347304 0.035714 0.051471
0 0.774717 0.208946 0.035932 0.050735
0 0.189133 0.765196 0.077744 0.022794
0 0.972779 0.337500 0.033537 0.052696
0 0.103441 0.332966 0.026568 0.064461
0 0.967988 0.167586 0.033537 0.046201
0 0.691420 0.170221 0.100610 0.014951
0 0.594186 0.960539 0.082099 0.017647
0 0.904399 0.832904 0.026568 0.054044
0 0.797909 0.170221 0.091463 0.014951
0 0.267313 0.972304 0.085584 0.014951
0 0.502831 0.834252 0.084495 0.015074
0 0.848759 0.662990 0.109974 0.011029
0 0.557165 0.011336 0.063807 0.015074
0 0.515462 0.455331 0.017422 0.048897
0 0.684560 0.086581 0.059016 0.014338
0 0.878920 0.878186 0.086672 0.009069
0 0.871407 0.371998 0.016333 0.038358
