0 0.517857 0.651961 0.216463 0.051471
0 0.939133 0.811765 0.086890 0.095098
0 0.844294 0.212806 0.165505 0.043015
0 0.584930 0.118076 0.063589 0.067034
0 0.227243 0.552022 0.116943 0.033946
0 0.230292 0.158456 0.039416 0.090441
0 0.684451 0.129167 0.105401 0.031863
0 0.713415 0.171507 0.116725 0.028064
0 0.855727 0.796507 0.059016 0.054044
0 0.170623 0.262684 0.059016 0.054044
0 0.979639 0.741483 0.038110 0.074142
0 0.130662 0.778309 0.118031 0.022794
0 0.707753 0.855699 0.040505 0.063113
0 0.777112 0.331311 0.049869 0.050858
0 0.823389 0.183211 0.049652 0.046324
0 0.920078 0.114154 0.030052 0.074877
0 0.788654 0.133762 0.109974 0.020221
0 0.811193 0.853799 0.043990 0.048775
0 0.848868 0.254779 0.091463 0.022794
0 0.577962 0.305270 0.105401 0.019608
0 0.071102 0.842096 0.072953 0.020221
0 0.965701 0.121691 0.065984 0.022059
0 0.677591 0.149081 0.100828 0.014338
0 0.221581 0.174142 0.021995 0.064461
0 0.936847 0.525368 0.026568 0.053431
0 0.579704 0.280821 0.108885 0.012377
0 0.892857 0.162377 0.031359 0.040931
0 0.908428 0.869118 0.108667 0.011765
0 0.767748 0.873346 0.059016 0.020221
0 0.632404 0.099877 0.075348 0.014951
0 0.934560 0.469669 0.021995 0.046201
0 0.524717 0.952757 0.082099 0.012377
0 0.812936 0.500919 0.093641 0.009681
0 0.581446 0.107659 0.019599 0.046201
0 0.260344 0.840748 0.071646 0.012377
0 0.862696 0.914951 0.082099 0.009804
0 0.988894 0.804289 0.019599 0.038480
0 0.964612 0.252206 0.017204 0.043627
0 0.973868 0.158456 0.026568 0.027941
0 0.078071 0.493811 0.021995 0.029289
0 0.882949 0.960600 0.039416 0.012377
0 0.890571 0.109007 0.035932 0.012377
0 0.714068 0.952757 0.016115 0.017525
0 0.005662 0.833640 0.006969 0.008456
