0 0.943706 0.822488 0.086890 0.095711
0 0.906794 0.110294 0.077526 0.087990
0 0.223868 0.579044 0.128484 0.040931
0 0.842988 0.798407 0.070557 0.068382
0 0.963959 0.666299 0.062500 0.069608
0 0.650915 0.109620 0.121516 0.034436
0 0.965701 0.141544 0.065984 0.061765
0 0.848214 0.767218 0.108885 0.037132
0 0.508602 0.888971 0.105183 0.035784
0 0.839612 0.208946 0.184016 0.019608
0 0.918336 0.643444 0.119338 0.029289
0 0.177483 0.266544 0.054443 0.056618
0 0.132404 0.201471 0.038328 0.077451
0 0.735409 0.170159 0.114547 0.025368
0 0.156686 0.773039 0.123911 0.022794
0 0.701873 0.866789 0.047474 0.059314
0 0.556511 0.309498 0.099521 0.028064
0 0.656686 0.155576 0.123911 0.022181
0 0.771886 0.138909 0.131751 0.020221
0 0.939133 0.348591 0.049869 0.048897
0 0.837217 0.180576 0.096037 0.025368
0 0.494774 0.188419 0.114547 0.020221
0 0.837217 0.114216 0.096037 0.022794
0 0.934451 0.114216 0.031359 0.069608
0 0.580357 0.209252 0.082317 0.025368
0 0.777003 0.336213 0.040505 0.050123
0 0.904399 0.171507 0.035714 0.054044
0 0.825784 0.511336 0.091463 0.020221
0 0.867378 0.862929 0.091463 0.020221
0 0.263175 0.142831 0.031141 0.059191
0 0.981925 0.165625 0.033537 0.052819
0 0.706446 0.103799 0.093641 0.017647
0 0.971581 0.530821 0.021995 0.074877
0 0.963415 0.405515 0.024390 0.058578
0 0.564133 0.291238 0.114765 0.012377
0 0.979639 0.816054 0.038110 0.035784
0 0.984212 0.843076 0.028963 0.043015
0 0.624347 0.188051 0.086672 0.014338
0 0.668227 0.086887 0.082099 0.014951
0 0.515571 0.954044 0.082099 0.014951
0 0.962217 0.246324 0.021995 0.047549
0 0.235409 0.844669 0.068380 0.015074
0 0.670623 0.121691 0.086890 0.011765
0 0.654399 0.319914 0.017422 0.054044
0 0.936847 0.472304 0.017422 0.051471
0 0.987805 0.219363 0.017422 0.050735
0 0.927483 0.526961 0.017422 0.046324
0 0.112805 0.564767 0.017422 0.033211
0 0.964612 0.581005 0.017204 0.031863
0 0.714068 0.950184 0.016115 0.033211
