0 0.355836 0.190012 0.077526 0.106740
0 0.519599 0.655515 0.210801 0.037745
0 0.159081 0.215074 0.146995 0.047549
0 0.126633 0.654596 0.072953 0.067034
0 0.168336 0.712500 0.128484 0.037010
0 0.249238 0.724877 0.059016 0.072304
0 0.342988 0.568627 0.135453 0.030637
0 0.715810 0.930270 0.121516 0.029902
0 0.896341 0.763909 0.047474 0.067034
0 0.293336 0.790625 0.119338 0.026593
0 0.323389 0.131127 0.049652 0.061765
0 0.684451 0.446201 0.040505 0.072304
0 0.912565 0.842096 0.042901 0.067034
0 0.862805 0.261336 0.054443 0.051348
0 0.689133 0.206985 0.049869 0.046814
0 0.501633 0.912377 0.109974 0.020098
0 0.038654 0.611275 0.035932 0.058578
0 0.918227 0.704044 0.035932 0.056618
0 0.080357 0.718995 0.082317 0.024020
0 0.554878 0.080331 0.105401 0.017525
0 0.816420 0.157169 0.035714 0.051348
0 0.853550 0.320895 0.035932 0.050858
0 0.889917 0.905576 0.025479 0.068995
0 0.513175 0.943627 0.086890 0.020098
0 0.073389 0.337806 0.040505 0.043015
0 0.240091 0.650674 0.031141 0.054044
0 0.253920 0.231373 0.086672 0.017647
0 0.233123 0.273100 0.026786 0.054044
0 0.733123 0.959252 0.091246 0.015074
0 0.939133 0.672794 0.021995 0.061765
0 0.910170 0.313419 0.019817 0.067034
0 0.976154 0.640257 0.021995 0.059191
0 0.605727 0.152941 0.021995 0.053431
0 0.774826 0.525674 0.017422 0.054044
