0 0.917139 0.176654 0.163110 0.033211
0 0.351154 0.860294 0.059016 0.061765
0 0.258057 0.914951 0.104094 0.030637
0 0.461672 0.803002 0.094948 0.030515
0 0.108123 0.904596 0.109974 0.025368
0 0.307165 0.821262 0.100828 0.025368
0 0.881206 0.323836 0.045078 0.056740
0 0.325675 0.929289 0.109974 0.022794
0 0.549652 0.959252 0.113240 0.020221
0 0.552483 0.853799 0.128484 0.017647
0 0.062391 0.483333 0.037239 0.057843
0 0.476154 0.925061 0.105183 0.019485
0 0.911368 0.207659 0.040505 0.048162
0 0.159081 0.378493 0.045078 0.041054
0 0.932165 0.237929 0.045078 0.041054
0 0.823389 0.089461 0.086672 0.020098
0 0.760889 0.870711 0.109756 0.014951
0 0.199477 0.509743 0.033537 0.048162
0 0.874347 0.142831 0.040505 0.038358
0 0.707644 0.736581 0.021995 0.069730
0 0.077962 0.939400 0.040505 0.037868
0 0.678680 0.597978 0.028963 0.050123
0 0.765571 0.957966 0.082099 0.017647
0 0.741834 0.218321 0.108667 0.012377
0 0.358123 0.249632 0.072953 0.017647
0 0.464612 0.948468 0.082099 0.014338
0 0.778855 0.541912 0.025479 0.044853
0 0.138175 0.551654 0.068162 0.012377
0 0.707099 0.179289 0.020906 0.038480
0 0.108123 0.193627 0.017204 0.046324
0 0.129029 0.121691 0.059016 0.011765
0 0.860409 0.232721 0.068380 0.009804
0 0.307165 0.710539 0.017204 0.038480
0 0.972670 0.123284 0.052047 0.009804
0 0.825675 0.609007 0.063807 0.007230
0 0.007949 0.347304 0.011542 0.014951
