0 0.522430 0.663725 0.216463 0.043627
0 0.550196 0.212194 0.086890 0.098897
0 0.284081 0.288358 0.072953 0.069118
0 0.797909 0.149387 0.128484 0.035784
0 0.064133 0.245711 0.059016 0.077451
0 0.922909 0.714461 0.137631 0.030637
0 0.189024 0.724203 0.040505 0.091789
0 0.808907 0.256127 0.057709 0.061765
0 0.890462 0.236642 0.054443 0.064461
0 0.242378 0.254167 0.045296 0.068382
0 0.887086 0.202757 0.056838 0.054044
0 0.658972 0.834252 0.091463 0.030515
0 0.907883 0.185784 0.089286 0.030637
0 0.957753 0.382475 0.040505 0.064461
0 0.702962 0.227206 0.105401 0.024755
0 0.638175 0.921507 0.031141 0.074877
0 0.242378 0.184498 0.128484 0.017525
0 0.249347 0.752267 0.040505 0.054044
0 0.522430 0.174081 0.040505 0.048897
0 0.874347 0.358946 0.086672 0.022794
0 0.802591 0.948836 0.072953 0.025368
0 0.344294 0.222243 0.091463 0.020221
0 0.950784 0.261336 0.026568 0.067034
0 0.371951 0.119424 0.100610 0.017525
0 0.698389 0.183211 0.040505 0.040931
0 0.383493 0.092096 0.077526 0.020221
0 0.093097 0.216115 0.024172 0.059926
0 0.309560 0.292586 0.021995 0.061887
0 0.496951 0.452757 0.026568 0.048897
0 0.270144 0.093382 0.072953 0.017647
0 0.263175 0.134988 0.086890 0.012377
0 0.790941 0.192341 0.086672 0.012377
0 0.265571 0.973591 0.082099 0.012377
0 0.667683 0.096017 0.081010 0.012377
0 0.557165 0.011336 0.063807 0.015074
0 0.839612 0.291238 0.017204 0.054044
0 0.793881 0.101164 0.071646 0.012377
0 0.984212 0.985907 0.028963 0.026716
0 0.696102 0.147733 0.063807 0.011642
0 0.658972 0.075797 0.054443 0.013603
0 0.571646 0.081618 0.053136 0.009804
