0 0.253375 0.129779 0.233667 0.064461
0 0.212217 0.235294 0.059016 0.072304
0 0.933362 0.206679 0.047474 0.082721
0 0.792139 0.394118 0.061193 0.056618
0 0.244120 0.806556 0.048780 0.068995
0 0.950784 0.734988 0.054443 0.061152
0 0.300196 0.918934 0.096037 0.033211
0 0.596472 0.274387 0.040505 0.077451
0 0.665941 0.147426 0.114547 0.026716
0 0.720928 0.100858 0.039416 0.074265
0 0.152112 0.723897 0.133057 0.018137
0 0.200675 0.819975 0.035932 0.064461
0 0.109865 0.181618 0.039416 0.058578
0 0.397430 0.782169 0.105401 0.020221
0 0.770144 0.220956 0.035932 0.059314
0 0.154399 0.473591 0.035714 0.059191
0 0.385344 0.564706 0.034625 0.059314
0 0.941420 0.593995 0.035714 0.055392
0 0.575784 0.678002 0.128484 0.015074
0 0.779399 0.520404 0.035714 0.054044
0 0.719186 0.106373 0.082099 0.022794
0 0.883602 0.192341 0.031141 0.054044
0 0.221472 0.250919 0.040505 0.041054
0 0.080357 0.815993 0.035714 0.046201
0 0.800196 0.309191 0.021995 0.069118
0 0.853441 0.398100 0.026568 0.054044
0 0.781686 0.930331 0.096037 0.014338
0 0.568815 0.838174 0.105401 0.012377
0 0.621951 0.186765 0.100610 0.011765
0 0.865091 0.271752 0.021995 0.051348
0 0.427591 0.063419 0.072953 0.015074
0 0.978441 0.550429 0.026568 0.041054
0 0.179878 0.155515 0.086672 0.011765
0 0.578071 0.074816 0.031141 0.032475
0 0.193706 0.221936 0.021995 0.045588
0 0.579813 0.145098 0.025479 0.037745
0 0.631315 0.959252 0.063589 0.015074
0 0.783428 0.950184 0.071646 0.012377
0 0.867378 0.852145 0.054443 0.014338
0 0.362805 0.951103 0.063589 0.009069
0 0.365091 0.879473 0.068162 0.006495
0 0.476263 0.063419 0.040505 0.009681
0 0.170623 0.115196 0.012848 0.003922
