0 0.459930 0.115502 0.174652 0.035907
0 0.065875 0.201471 0.062500 0.072304
0 0.138175 0.517218 0.059016 0.063113
0 0.279399 0.115502 0.109756 0.030515
0 0.839612 0.391544 0.045078 0.072304
0 0.364983 0.619118 0.040505 0.074265
0 0.339503 0.077757 0.091463 0.028064
0 0.221472 0.458578 0.105401 0.024020
0 0.241180 0.137316 0.052047 0.048162
0 0.459930 0.081311 0.128484 0.019485
0 0.971472 0.120711 0.040505 0.061765
0 0.047909 0.318934 0.035714 0.067770
0 0.906686 0.531863 0.049869 0.045588
0 0.862696 0.090441 0.082099 0.027451
0 0.506206 0.072243 0.082099 0.027328
0 0.876633 0.381127 0.026786 0.077451
0 0.140462 0.700184 0.026568 0.074877
0 0.045623 0.560846 0.031141 0.061887
0 0.054878 0.215809 0.040505 0.043627
0 0.719186 0.201409 0.082099 0.020221
0 0.376633 0.204044 0.082099 0.020098
0 0.215157 0.772733 0.092770 0.017034
0 0.327962 0.276961 0.105401 0.014951
0 0.642857 0.210539 0.040505 0.038480
0 0.503920 0.106373 0.086672 0.017647
0 0.168227 0.844669 0.035932 0.041054
0 0.811847 0.145466 0.026568 0.048775
0 0.959930 0.518811 0.026568 0.040319
0 0.973323 0.670159 0.025479 0.041054
0 0.198389 0.106373 0.021777 0.043627
0 0.149172 0.106434 0.071864 0.012377
0 0.575131 0.266544 0.053136 0.014951
0 0.166050 0.329044 0.021995 0.035784
0 0.630662 0.213174 0.016115 0.033211
0 0.204704 0.516544 0.016115 0.030637
0 0.197844 0.067279 0.020688 0.022794
0 0.089612 0.947488 0.035932 0.012377
