0 0.908972 0.799081 0.128484 0.121691
0 0.367378 0.247978 0.054443 0.134191
0 0.786368 0.826164 0.049652 0.118505
0 0.193706 0.303002 0.049869 0.113848
0 0.253375 0.108701 0.141333 0.032598
0 0.675305 0.102512 0.151568 0.025368
0 0.827962 0.430637 0.105401 0.035784
0 0.906686 0.752206 0.123911 0.027941
0 0.839612 0.756127 0.054225 0.056618
0 0.695449 0.862868 0.099521 0.030637
0 0.277112 0.076409 0.105183 0.025368
0 0.679878 0.431556 0.096254 0.027328
0 0.050196 0.885049 0.049869 0.048775
0 0.969186 0.152941 0.045078 0.053431
0 0.119774 0.408456 0.040505 0.059314
0 0.851154 0.207966 0.105183 0.022794
0 0.716355 0.819608 0.039416 0.058578
0 0.060649 0.813419 0.042901 0.051348
0 0.784081 0.864216 0.045078 0.048775
0 0.485409 0.517831 0.040505 0.054044
0 0.816420 0.175368 0.035714 0.056618
0 0.906686 0.117402 0.105183 0.018873
0 0.803789 0.086826 0.084495 0.020221
0 0.138284 0.235294 0.040505 0.040931
0 0.707644 0.286765 0.086890 0.018873
0 0.816420 0.137623 0.091463 0.017647
0 0.821102 0.846936 0.082099 0.019608
0 0.814133 0.282169 0.077744 0.020221
0 0.952962 0.510049 0.068380 0.022794
0 0.786368 0.394792 0.068380 0.021446
0 0.355727 0.286029 0.021995 0.064461
0 0.797909 0.793566 0.026568 0.053309
0 0.603550 0.301654 0.109974 0.012377
0 0.654399 0.731373 0.072735 0.017647
0 0.184451 0.266544 0.031359 0.040931
0 0.353550 0.952757 0.072953 0.017525
0 0.227896 0.661091 0.071646 0.017525
0 0.927483 0.332966 0.063589 0.017647
0 0.906686 0.723591 0.086890 0.012377
0 0.858123 0.358701 0.026786 0.037745
0 0.982470 0.288664 0.025479 0.038358
0 0.975065 0.241850 0.028963 0.033211
0 0.089612 0.163664 0.017204 0.048897
0 0.683907 0.110294 0.085584 0.009804
0 0.899826 0.360294 0.054443 0.014951
0 0.550196 0.059191 0.049869 0.006618
0 0.906794 0.057843 0.040505 0.003922
