0 0.828071 0.222304 0.207099 0.056618
0 0.922909 0.810784 0.100610 0.098284
0 0.559451 0.072549 0.142422 0.038480
0 0.173998 0.289277 0.047474 0.112623
0 0.781686 0.832966 0.049869 0.100980
0 0.192509 0.510049 0.121516 0.038480
0 0.568706 0.098284 0.123911 0.032598
0 0.828071 0.123346 0.059016 0.067034
0 0.810649 0.204044 0.181838 0.020098
0 0.941529 0.509988 0.109974 0.033211
0 0.962217 0.226164 0.059016 0.059191
0 0.415396 0.147733 0.057709 0.058701
0 0.970383 0.417586 0.056620 0.056740
0 0.737696 0.185846 0.119120 0.025368
0 0.536368 0.129841 0.105401 0.028064
0 0.703071 0.430637 0.096037 0.030637
0 0.184451 0.313419 0.040505 0.072181
0 0.941420 0.117463 0.100610 0.024142
0 0.832644 0.856373 0.105183 0.022794
0 0.086672 0.557904 0.039199 0.056005
0 0.572844 0.698836 0.076437 0.025368
0 0.432165 0.448836 0.035932 0.051348
0 0.318162 0.415993 0.039199 0.043015
0 0.525915 0.835233 0.075348 0.022181
0 0.050196 0.724877 0.031141 0.051471
0 0.647430 0.879841 0.086672 0.017525
0 0.895144 0.758701 0.100828 0.014951
0 0.117378 0.292586 0.035714 0.041054
0 0.529399 0.082966 0.082317 0.017647
0 0.929878 0.144179 0.031359 0.046201
0 0.610409 0.301654 0.114547 0.012377
0 0.105727 0.142892 0.021995 0.064461
0 0.712217 0.832292 0.021995 0.063113
0 0.832644 0.282169 0.068162 0.020221
0 0.342008 0.279228 0.021995 0.061152
0 0.907883 0.912071 0.065767 0.019485
0 0.163654 0.254779 0.026786 0.043627
0 0.696102 0.854412 0.017204 0.055392
0 0.962217 0.348284 0.059016 0.011765
0 0.927483 0.326471 0.063589 0.009804
0 0.880662 0.279534 0.016115 0.035784
0 0.839612 0.138971 0.045078 0.009804
0 0.010344 0.305637 0.016333 0.014951
0 0.915941 0.058824 0.040505 0.005882
0 0.993467 0.575184 0.010453 0.012377
