0 0.226154 0.185846 0.188807 0.061887
0 0.517857 0.652941 0.207317 0.037745
0 0.469186 0.516850 0.072953 0.072917
0 0.170623 0.370711 0.059016 0.072304
0 0.862696 0.224877 0.045078 0.093137
0 0.358123 0.835539 0.119120 0.027941
0 0.202526 0.237868 0.094948 0.030637
0 0.168227 0.598529 0.045078 0.064461
0 0.693815 0.277941 0.040505 0.069118
0 0.098868 0.188113 0.054443 0.050735
0 0.110409 0.094669 0.133275 0.020221
0 0.829159 0.695895 0.042901 0.050858
0 0.133602 0.077451 0.123911 0.016912
0 0.154399 0.193627 0.045296 0.046324
0 0.825784 0.161397 0.026568 0.075490
0 0.689133 0.645466 0.105183 0.017647
0 0.226154 0.280882 0.031141 0.059314
0 0.094294 0.361275 0.026568 0.069118
0 0.043227 0.114216 0.035932 0.048775
0 0.976154 0.642831 0.031141 0.054044
0 0.450675 0.180637 0.109974 0.014951
0 0.769599 0.677635 0.090157 0.014338
0 0.073389 0.189706 0.068380 0.017647
0 0.986607 0.821875 0.024172 0.047426
0 0.115091 0.190993 0.021995 0.046201
0 0.811302 0.072488 0.025479 0.033211
0 0.225610 0.343689 0.020906 0.033946
