0 0.686847 0.204044 0.054443 0.077451
0 0.161368 0.213174 0.040505 0.100858
0 0.413654 0.153248 0.054225 0.069730
0 0.820993 0.361581 0.054443 0.059191
0 0.829704 0.728799 0.053136 0.059314
0 0.475501 0.693627 0.113458 0.025490
0 0.163654 0.891544 0.100828 0.025490
0 0.686847 0.088174 0.091463 0.028064
0 0.145144 0.909743 0.035932 0.067034
0 0.133493 0.301716 0.040505 0.059314
0 0.642857 0.786091 0.040505 0.059191
0 0.830357 0.248039 0.035714 0.066422
0 0.432165 0.866789 0.035932 0.064461
0 0.323389 0.847243 0.086672 0.025368
0 0.784081 0.520159 0.045078 0.048162
0 0.073389 0.540931 0.040505 0.053431
0 0.064133 0.912010 0.086890 0.024755
0 0.358123 0.942279 0.091246 0.022794
0 0.891115 0.116789 0.046167 0.043627
0 0.730836 0.180576 0.077526 0.025368
0 0.675305 0.134743 0.040505 0.048162
0 0.109212 0.701409 0.028963 0.067034
0 0.890026 0.368750 0.043990 0.042402
0 0.881315 0.649326 0.026568 0.067034
0 0.409081 0.758701 0.119120 0.014951
0 0.059451 0.200123 0.040505 0.043627
0 0.825675 0.579044 0.035932 0.046324
0 0.290941 0.519179 0.040505 0.041054
0 0.670623 0.205331 0.021995 0.074877
0 0.936847 0.499632 0.026568 0.059314
0 0.014373 0.671446 0.024390 0.064461
0 0.288654 0.133701 0.100828 0.014951
0 0.839612 0.093382 0.035932 0.038480
0 0.906686 0.211826 0.021995 0.061887
0 0.980727 0.197549 0.021995 0.048775
0 0.219294 0.916299 0.017422 0.059314
0 0.820993 0.927328 0.054443 0.018873
0 0.611607 0.916238 0.061193 0.012377
0 0.815875 0.825123 0.016333 0.043627
0 0.615091 0.935784 0.059016 0.009804
0 0.802483 0.955331 0.063589 0.007230
0 0.474956 0.004473 0.019599 0.006495
