0 0.172909 0.430576 0.100610 0.108701
0 0.363894 0.392892 0.065767 0.126961
0 0.513284 0.648039 0.216463 0.038480
0 0.253375 0.152635 0.141333 0.042279
0 0.108123 0.760049 0.063807 0.090441
0 0.774826 0.142157 0.063589 0.068382
0 0.170623 0.735294 0.059016 0.056618
0 0.219186 0.674081 0.045078 0.069730
0 0.751633 0.869730 0.100828 0.028676
0 0.285170 0.354779 0.093859 0.029902
0 0.360954 0.765196 0.041594 0.064461
0 0.186738 0.852451 0.035932 0.072304
0 0.390571 0.146752 0.045078 0.056740
0 0.417139 0.465748 0.052047 0.048897
0 0.874347 0.242831 0.040505 0.056005
0 0.152112 0.894118 0.133057 0.014951
0 0.468641 0.201471 0.034843 0.056618
0 0.135889 0.304289 0.109756 0.017647
0 0.737696 0.939706 0.082099 0.022794
0 0.209930 0.851164 0.026568 0.069730
0 0.170623 0.605086 0.105183 0.015074
0 0.228550 0.423775 0.035932 0.042892
0 0.176938 0.811458 0.025479 0.052819
0 0.153855 0.149326 0.025479 0.046201
0 0.985518 0.862194 0.021995 0.050123
0 0.297909 0.198836 0.063589 0.015074
0 0.089068 0.768505 0.016115 0.044853
