0 0.520144 0.655515 0.211890 0.037745
0 0.857578 0.291238 0.053136 0.116544
0 0.345383 0.198162 0.056620 0.102206
0 0.346472 0.566054 0.142422 0.030637
0 0.182165 0.703738 0.119120 0.035172
0 0.374238 0.757414 0.096037 0.033211
0 0.515462 0.939706 0.137631 0.022794
0 0.682165 0.447549 0.045078 0.069608
0 0.971581 0.276961 0.049869 0.061765
0 0.217443 0.896752 0.097343 0.030515
0 0.925196 0.720650 0.049869 0.058701
0 0.524826 0.116789 0.100610 0.027941
0 0.242378 0.728738 0.035714 0.074877
0 0.859865 0.258027 0.048563 0.050123
0 0.297909 0.792586 0.119338 0.020221
0 0.510344 0.917586 0.108667 0.020221
0 0.075675 0.714767 0.082099 0.026103
0 0.913654 0.308211 0.026786 0.077451
0 0.887631 0.891238 0.039199 0.052083
0 0.961128 0.144179 0.075131 0.025368
0 0.976154 0.731373 0.031141 0.059314
0 0.233123 0.271752 0.035932 0.051348
0 0.846581 0.321201 0.031141 0.056618
0 0.941420 0.417586 0.082317 0.020221
0 0.115091 0.653248 0.021995 0.074877
0 0.209386 0.943321 0.081228 0.019485
0 0.223868 0.652941 0.035714 0.037745
0 0.895144 0.088174 0.063807 0.017525
0 0.515571 0.074816 0.082099 0.011642
0 0.774826 0.528248 0.017422 0.054044
0 0.323389 0.072181 0.049652 0.016912
0 0.038110 0.373284 0.016115 0.051471
0 0.256206 0.230086 0.082099 0.009681
0 0.307165 0.157169 0.017204 0.035907
