0 0.087217 0.304289 0.170078 0.059314
0 0.075675 0.746998 0.082099 0.095711
0 0.080357 0.621998 0.156359 0.048897
0 0.665396 0.742402 0.122605 0.039706
0 0.534081 0.521752 0.119120 0.035907
0 0.093097 0.369424 0.116943 0.033211
0 0.156794 0.746998 0.114547 0.028064
0 0.374347 0.947549 0.114547 0.027941
0 0.902112 0.149020 0.049869 0.061275
0 0.919425 0.258701 0.093641 0.030637
0 0.656686 0.103799 0.123911 0.022794
0 0.667683 0.086887 0.090157 0.030637
0 0.492378 0.224877 0.045296 0.051471
0 0.932274 0.222243 0.091463 0.025368
0 0.966355 0.123346 0.048563 0.046201
0 0.028855 0.856373 0.034625 0.059314
0 0.119774 0.510049 0.040505 0.048775
0 0.962326 0.567341 0.031359 0.059191
0 0.807165 0.784743 0.045078 0.041054
0 0.415941 0.150613 0.077526 0.022794
0 0.778310 0.443627 0.033537 0.051471
0 0.734865 0.172488 0.039416 0.040319
0 0.137631 0.085539 0.085801 0.017647
0 0.413654 0.336887 0.100828 0.014951
0 0.045623 0.761336 0.021995 0.067034
0 0.096581 0.206679 0.031141 0.046201
0 0.418336 0.110294 0.091463 0.014951
0 0.073389 0.132414 0.021777 0.059191
0 0.830357 0.795221 0.035714 0.035784
0 0.739983 0.103125 0.077526 0.016299
0 0.094186 0.305331 0.035932 0.035172
0 0.675196 0.307537 0.021995 0.055270
0 0.415941 0.084252 0.077526 0.015074
0 0.147430 0.109314 0.077526 0.012990
0 0.988894 0.137623 0.019599 0.048775
0 0.024826 0.316054 0.026568 0.035784
0 0.082099 0.886336 0.094948 0.009681
0 0.948389 0.099571 0.021777 0.040319
0 0.790396 0.068627 0.057709 0.014951
0 0.976154 0.289951 0.021995 0.035784
0 0.457644 0.734988 0.068162 0.009191
0 0.012631 0.218382 0.020906 0.027941
0 0.410714 0.066054 0.057927 0.009804
0 0.697844 0.416299 0.011542 0.038480
0 0.993467 0.786091 0.010453 0.012377
