0 0.520144 0.655515 0.211890 0.037745
0 0.206446 0.165931 0.047474 0.095098
0 0.954704 0.151654 0.053136 0.076838
0 0.248149 0.735294 0.056838 0.067157
0 0.968097 0.285417 0.061193 0.057843
0 0.346472 0.563113 0.142422 0.024755
0 0.249238 0.839461 0.096037 0.030637
0 0.487805 0.709252 0.091463 0.030515
0 0.679878 0.446569 0.040505 0.067647
0 0.226154 0.934559 0.114765 0.022794
0 0.485409 0.106373 0.105401 0.022794
0 0.487152 0.154596 0.090157 0.025368
0 0.515571 0.925429 0.109974 0.020221
0 0.521886 0.946262 0.085584 0.025368
0 0.913654 0.309498 0.026786 0.080025
0 0.716899 0.915012 0.105401 0.020221
0 0.355836 0.754841 0.105401 0.017525
0 0.712217 0.940993 0.086890 0.020221
0 0.841899 0.318627 0.031359 0.051471
0 0.364003 0.868137 0.103005 0.014951
0 0.774826 0.530821 0.026568 0.054044
0 0.281686 0.789951 0.096037 0.014951
0 0.260889 0.237868 0.091463 0.014951
0 0.851263 0.161091 0.077526 0.017525
0 0.247060 0.264951 0.035932 0.037745
0 0.471581 0.956618 0.086890 0.014951
0 0.986607 0.285784 0.024172 0.053431
0 0.476154 0.078738 0.086890 0.014338
0 0.929225 0.779534 0.020906 0.051471
0 0.355836 0.960600 0.077526 0.012377
0 0.263284 0.223591 0.077526 0.012377
0 0.957099 0.135049 0.020906 0.043627
0 0.222125 0.648100 0.067073 0.012377
0 0.241180 0.961887 0.079922 0.009804
0 0.028855 0.543260 0.016333 0.047549
0 0.556511 0.004841 0.025479 0.007230
