0 0.515026 0.654596 0.219948 0.041054
0 0.323389 0.199816 0.077526 0.100368
0 0.053680 0.741789 0.056838 0.106127
0 0.272430 0.789951 0.114547 0.035784
0 0.965701 0.266238 0.065984 0.061152
0 0.693162 0.448529 0.057927 0.066422
0 0.922909 0.308211 0.045296 0.077451
0 0.145144 0.735907 0.100828 0.031863
0 0.888175 0.749571 0.059016 0.054044
0 0.533428 0.107721 0.053354 0.051471
0 0.561847 0.926409 0.091463 0.027328
0 0.085039 0.636336 0.109974 0.020221
0 0.974956 0.245711 0.047474 0.046324
0 0.800305 0.261703 0.040505 0.052083
0 0.422909 0.750919 0.100610 0.020221
0 0.340701 0.562745 0.140026 0.013725
0 0.867378 0.239890 0.026568 0.070956
0 0.837326 0.313419 0.031359 0.056740
0 0.448389 0.387010 0.031359 0.052696
0 0.383602 0.701471 0.105183 0.014951
0 0.712326 0.956679 0.068380 0.020221
0 0.804334 0.327757 0.076437 0.017525
0 0.059451 0.580331 0.105401 0.012377
0 0.258602 0.245711 0.086890 0.014951
0 0.027112 0.279596 0.031141 0.041054
0 0.896233 0.443627 0.028963 0.040931
0 0.126633 0.851164 0.091246 0.012377
0 0.773628 0.526961 0.024172 0.046324
0 0.058362 0.269792 0.019599 0.052819
0 0.242378 0.227451 0.072735 0.009804
