0 0.510889 0.651961 0.211672 0.051471
0 0.343097 0.823836 0.190984 0.035907
0 0.112696 0.257475 0.156141 0.043627
0 0.304878 0.945895 0.188589 0.030025
0 0.464612 0.867463 0.109974 0.029289
0 0.214612 0.295159 0.035932 0.087868
0 0.054878 0.407782 0.049652 0.063113
0 0.848868 0.868076 0.035714 0.082721
0 0.652003 0.881127 0.040505 0.072304
0 0.119774 0.859620 0.040505 0.065809
0 0.909081 0.094669 0.045078 0.051348
0 0.325675 0.928002 0.109974 0.020221
0 0.101154 0.894179 0.105183 0.020221
0 0.744774 0.220956 0.114547 0.017647
0 0.251089 0.266544 0.034843 0.056618
0 0.071102 0.210539 0.045078 0.043627
0 0.366289 0.530515 0.033537 0.058578
0 0.294970 0.830392 0.085584 0.022794
0 0.291050 0.065993 0.096037 0.020221
0 0.061847 0.477512 0.026568 0.067034
0 0.274172 0.086887 0.118031 0.014951
0 0.961128 0.114216 0.075131 0.022794
0 0.913654 0.209252 0.026786 0.061887
0 0.883493 0.240502 0.077526 0.020221
0 0.526568 0.270466 0.067073 0.022794
0 0.947844 0.205331 0.039416 0.038358
0 0.716899 0.637316 0.031359 0.048162
0 0.108123 0.500919 0.026786 0.051348
0 0.193706 0.516544 0.031141 0.040931
0 0.890462 0.099877 0.026568 0.046324
0 0.691420 0.425429 0.026568 0.046201
0 0.468641 0.920221 0.081010 0.014951
0 0.966899 0.745711 0.031359 0.035784
0 0.846581 0.948836 0.031141 0.035907
0 0.807274 0.546201 0.091463 0.011765
0 0.534081 0.179350 0.082099 0.012377
0 0.033972 0.214461 0.026568 0.035784
0 0.068162 0.927696 0.020906 0.040441
0 0.358123 0.209252 0.026786 0.030515
0 0.253920 0.164951 0.077526 0.009804
0 0.066420 0.304289 0.017422 0.038480
0 0.818706 0.609007 0.049869 0.007230
0 0.993467 0.723591 0.010453 0.012377
