0 0.052483 0.303002 0.091463 0.113848
0 0.670623 0.128493 0.151786 0.041054
0 0.462326 0.837500 0.068380 0.068382
0 0.117378 0.590074 0.063589 0.068382
0 0.537565 0.862868 0.052047 0.072304
0 0.179769 0.885662 0.059016 0.060539
0 0.904399 0.914338 0.128484 0.024020
0 0.681620 0.080331 0.108885 0.028064
0 0.422909 0.690686 0.119338 0.024755
0 0.737805 0.246998 0.054443 0.054044
0 0.142313 0.924081 0.048563 0.059191
0 0.819904 0.106434 0.052265 0.054044
0 0.297909 0.860294 0.054443 0.051471
0 0.585039 0.185846 0.109974 0.025368
0 0.062936 0.886336 0.047474 0.056740
0 0.429878 0.562132 0.040505 0.059314
0 0.232578 0.211826 0.118031 0.020221
0 0.785823 0.525674 0.048563 0.048897
0 0.404399 0.783824 0.045296 0.049510
0 0.309451 0.671814 0.040505 0.054657
0 0.022430 0.332598 0.040505 0.053431
0 0.800196 0.939400 0.123911 0.017034
0 0.538654 0.122059 0.082099 0.022794
0 0.668336 0.680576 0.091463 0.020221
0 0.675305 0.128493 0.040505 0.041054
0 0.027112 0.272733 0.031141 0.053309
0 0.448389 0.727451 0.105401 0.014951
0 0.455248 0.888297 0.109974 0.013603
0 0.111607 0.879841 0.024172 0.059191
0 0.105836 0.926716 0.077526 0.017647
0 0.769599 0.176654 0.108885 0.012377
0 0.230836 0.248284 0.086672 0.014951
0 0.323389 0.825123 0.021777 0.059314
0 0.776024 0.149020 0.065984 0.019608
0 0.221581 0.886336 0.021995 0.056740
0 0.622060 0.930637 0.072953 0.014951
0 0.908972 0.409436 0.026568 0.029902
0 0.223868 0.954044 0.026568 0.025490
0 0.626633 0.948836 0.063807 0.009681
0 0.617378 0.962806 0.054443 0.006495
