0 0.361063 0.415993 0.087979 0.110662
0 0.522430 0.666299 0.216463 0.038480
0 0.112696 0.773039 0.072953 0.090441
0 0.202962 0.823836 0.068380 0.072181
0 0.228441 0.734007 0.063589 0.069730
0 0.186847 0.847610 0.063589 0.067770
0 0.094186 0.498346 0.035932 0.103554
0 0.267857 0.882414 0.123693 0.028064
0 0.301938 0.555270 0.053354 0.061275
0 0.955357 0.158456 0.054443 0.059314
0 0.066420 0.423775 0.054443 0.058578
0 0.244665 0.226164 0.096037 0.033211
0 0.288001 0.361275 0.099521 0.027451
0 0.505662 0.892892 0.118031 0.022794
0 0.362696 0.883762 0.035932 0.067034
0 0.788654 0.891544 0.109974 0.020098
0 0.712326 0.816360 0.040505 0.050858
0 0.395144 0.482659 0.100828 0.020221
0 0.058907 0.654534 0.039416 0.051471
0 0.119665 0.869363 0.031141 0.064461
0 0.193162 0.437132 0.076220 0.022794
0 0.131206 0.632108 0.035932 0.048284
0 0.182165 0.517218 0.026786 0.063113
0 0.814024 0.334252 0.040505 0.041054
0 0.222670 0.412377 0.107796 0.014951
0 0.068815 0.153309 0.068380 0.022794
0 0.142204 0.855086 0.030052 0.051348
0 0.496951 0.967034 0.091463 0.014951
0 0.089612 0.787377 0.026786 0.046324
0 0.339612 0.818627 0.026786 0.044853
0 0.561847 0.011336 0.063589 0.015074
0 0.774717 0.960233 0.082099 0.011642
0 0.172909 0.275674 0.017422 0.048897
0 0.344294 0.386336 0.017422 0.046201
0 0.216899 0.662377 0.077526 0.009804
0 0.359865 0.961887 0.020688 0.035784
