0 0.520144 0.654596 0.221037 0.041054
0 0.326328 0.197855 0.083406 0.096446
0 0.582644 0.926654 0.170078 0.033211
0 0.059451 0.735294 0.049652 0.103431
0 0.691420 0.448836 0.063589 0.067034
0 0.142857 0.736581 0.105401 0.033211
0 0.918227 0.308211 0.045078 0.077451
0 0.284081 0.787010 0.119120 0.024755
0 0.679878 0.318627 0.096254 0.030637
0 0.089612 0.643811 0.137848 0.019485
0 0.439133 0.357659 0.049869 0.046201
0 0.883602 0.743076 0.049869 0.046201
0 0.855183 0.245037 0.030052 0.070956
0 0.119665 0.620711 0.105183 0.020098
0 0.839612 0.313419 0.035932 0.056740
0 0.800305 0.257414 0.040505 0.048897
0 0.610409 0.944975 0.086672 0.022794
0 0.446102 0.079044 0.072953 0.025490
0 0.807165 0.326409 0.045078 0.041054
0 0.082099 0.401961 0.039199 0.046324
0 0.265462 0.241789 0.100610 0.017647
0 0.811738 0.166299 0.035932 0.048775
0 0.054769 0.749571 0.021995 0.074877
0 0.302591 0.743137 0.109974 0.014951
0 0.360409 0.706618 0.105401 0.014951
0 0.951873 0.455331 0.028746 0.054044
0 0.332644 0.561765 0.123911 0.011765
0 0.216899 0.621998 0.096254 0.012377
0 0.652112 0.103738 0.096037 0.012377
0 0.663654 0.086887 0.072953 0.014951
0 0.775915 0.530821 0.019599 0.054044
0 0.246407 0.223284 0.071646 0.011765
0 0.281794 0.082904 0.040505 0.012377
0 0.556076 0.003493 0.015026 0.004534
