0 0.846472 0.692341 0.077526 0.132230
0 0.620318 0.598591 0.143510 0.038358
0 0.816420 0.336887 0.054443 0.077451
0 0.478441 0.661029 0.063589 0.064461
0 0.575784 0.277574 0.054443 0.068382
0 0.658428 0.375919 0.062500 0.056740
0 0.788110 0.539032 0.053136 0.065074
0 0.260344 0.823162 0.099521 0.034559
0 0.728441 0.683211 0.054443 0.061765
0 0.556620 0.762684 0.043990 0.074877
0 0.193706 0.461213 0.059016 0.055270
0 0.795623 0.788725 0.049869 0.064461
0 0.202962 0.823836 0.040505 0.077574
0 0.377287 0.572488 0.055531 0.054044
0 0.686193 0.749571 0.053136 0.054044
0 0.783972 0.651961 0.054443 0.051471
0 0.078071 0.830637 0.049869 0.049510
0 0.881206 0.812132 0.035932 0.064461
0 0.388175 0.223529 0.096037 0.022794
0 0.882949 0.915012 0.085584 0.025368
0 0.172909 0.315993 0.045296 0.046201
0 0.392857 0.276961 0.040505 0.051471
0 0.353550 0.894118 0.035932 0.056618
0 0.659081 0.791605 0.045078 0.043015
0 0.869665 0.728799 0.031141 0.059314
0 0.945449 0.607353 0.025479 0.071569
0 0.656686 0.946262 0.086890 0.020221
0 0.290941 0.943627 0.086672 0.020098
0 0.744665 0.707966 0.031141 0.048775
0 0.047909 0.396752 0.026568 0.056740
0 0.399717 0.892831 0.035932 0.038358
0 0.795623 0.904596 0.068162 0.020221
0 0.981925 0.198162 0.033537 0.039706
0 0.669534 0.926654 0.103005 0.012377
0 0.603441 0.838174 0.100610 0.012377
0 0.904399 0.646078 0.063589 0.018873
0 0.304769 0.913664 0.021995 0.054044
0 0.177483 0.856373 0.063589 0.017647
0 0.561738 0.849571 0.072953 0.014338
0 0.791050 0.942341 0.059016 0.017525
0 0.614547 0.297794 0.020906 0.046324
0 0.629029 0.223591 0.021995 0.033211
0 0.774826 0.546814 0.017422 0.033824
0 0.603005 0.792586 0.043990 0.009681
0 0.515462 0.955025 0.063589 0.006618
