0 0.330357 0.193627 0.091463 0.098284
0 0.517313 0.654596 0.215375 0.041054
0 0.853550 0.288664 0.072953 0.111397
0 0.196102 0.690686 0.119120 0.040441
0 0.203071 0.164951 0.049869 0.093137
0 0.239547 0.737929 0.057927 0.067034
0 0.346472 0.563419 0.142422 0.025368
0 0.131206 0.929289 0.119120 0.027941
0 0.959930 0.286091 0.054443 0.059191
0 0.480183 0.709252 0.094948 0.030515
0 0.852896 0.420221 0.053354 0.051471
0 0.862805 0.258027 0.054443 0.050123
0 0.679878 0.445956 0.040505 0.066422
0 0.391659 0.956679 0.130880 0.020221
0 0.103985 0.650306 0.092552 0.027328
0 0.406686 0.918566 0.105183 0.022181
0 0.233123 0.835539 0.100828 0.022794
0 0.515571 0.925429 0.109974 0.020221
0 0.976263 0.171507 0.040505 0.054044
0 0.521341 0.945956 0.084495 0.024755
0 0.913654 0.309191 0.026786 0.074265
0 0.485409 0.106985 0.105401 0.018873
0 0.292683 0.789951 0.118031 0.014951
0 0.841899 0.319914 0.031359 0.054044
0 0.348759 0.753248 0.109974 0.014338
0 0.024717 0.581679 0.035932 0.041054
0 0.247060 0.265257 0.035932 0.038358
0 0.378920 0.866850 0.105401 0.012377
0 0.476154 0.081618 0.086890 0.014951
0 0.927483 0.777941 0.026568 0.048284
0 0.427591 0.150674 0.072953 0.017525
0 0.773628 0.529228 0.024172 0.050858
0 0.988894 0.321201 0.019599 0.056618
0 0.204159 0.644118 0.070775 0.014951
0 0.260889 0.223591 0.082317 0.012377
0 0.255662 0.238848 0.081010 0.011765
0 0.446102 0.062132 0.072953 0.007108
0 0.555967 0.004841 0.024390 0.007230
