0 0.513284 0.668873 0.216463 0.038480
0 0.230727 0.437132 0.059016 0.090441
0 0.348868 0.422794 0.137631 0.035784
0 0.082644 0.584252 0.068162 0.072181
0 0.906686 0.477512 0.059016 0.067034
0 0.687391 0.089461 0.101699 0.030637
0 0.064133 0.282169 0.049869 0.061887
0 0.841899 0.571201 0.049652 0.056618
0 0.140571 0.417586 0.035932 0.072181
0 0.113894 0.456373 0.028746 0.087255
0 0.091899 0.339461 0.040505 0.061765
0 0.128920 0.287377 0.031359 0.067157
0 0.906686 0.261336 0.031141 0.067034
0 0.179334 0.376900 0.039416 0.049387
0 0.290941 0.353799 0.105401 0.017647
0 0.906686 0.418199 0.031141 0.057966
0 0.663654 0.218015 0.100828 0.016912
0 0.290941 0.162071 0.105401 0.014338
0 0.499238 0.151961 0.096037 0.014951
0 0.246951 0.418566 0.026568 0.053309
0 0.244665 0.777941 0.021995 0.053431
0 0.779399 0.398039 0.063589 0.017647
0 0.373693 0.866483 0.094948 0.011642
0 0.557165 0.013971 0.063807 0.014951
0 0.950675 0.539951 0.017204 0.051471
0 0.028855 0.309498 0.016333 0.054044
0 0.015462 0.607047 0.026568 0.026593
