0 0.504029 0.651961 0.197953 0.051471
0 0.038654 0.735294 0.054225 0.119118
0 0.455357 0.075184 0.193380 0.033211
0 0.418227 0.871998 0.045078 0.100858
0 0.855836 0.857659 0.049652 0.082721
0 0.753920 0.950184 0.123693 0.033211
0 0.441420 0.107659 0.174652 0.020221
0 0.476154 0.738542 0.105183 0.031985
0 0.753920 0.909743 0.123693 0.025368
0 0.589503 0.858640 0.128484 0.022181
0 0.513284 0.698529 0.114547 0.024755
0 0.470383 0.571201 0.047474 0.056618
0 0.105836 0.915012 0.105401 0.025368
0 0.626633 0.684498 0.054225 0.048897
0 0.376633 0.797794 0.045078 0.051471
0 0.781794 0.860294 0.040505 0.056618
0 0.486607 0.805270 0.107796 0.019608
0 0.705357 0.197181 0.119338 0.016912
0 0.117378 0.119363 0.045296 0.043627
0 0.450675 0.127206 0.109974 0.017647
0 0.057165 0.839461 0.026786 0.072304
0 0.874347 0.100551 0.086672 0.021446
0 0.964612 0.282169 0.035932 0.051348
0 0.760889 0.133762 0.072735 0.025368
0 0.040941 0.901961 0.031359 0.056618
0 0.418227 0.845343 0.035932 0.047549
0 0.091899 0.284436 0.031359 0.050735
0 0.172909 0.502206 0.035714 0.043627
0 0.941420 0.526961 0.026568 0.051471
0 0.689133 0.849877 0.086890 0.014951
0 0.760889 0.085233 0.072735 0.017034
0 0.693815 0.232721 0.077526 0.014951
0 0.321102 0.731066 0.017204 0.058701
0 0.943706 0.358333 0.031141 0.031863
0 0.601154 0.964461 0.096037 0.009804
0 0.876633 0.663664 0.026786 0.033211
0 0.272430 0.250919 0.086672 0.009681
0 0.834930 0.952757 0.026568 0.028064
0 0.158428 0.655882 0.016333 0.043627
0 0.182165 0.616789 0.017204 0.038480
0 0.469294 0.938419 0.063589 0.009681
0 0.168227 0.115502 0.008057 0.009681
