0 0.700131 0.148039 0.173780 0.059314
0 0.121951 0.536091 0.091463 0.100858
0 0.214612 0.164277 0.184016 0.050123
0 0.517857 0.654596 0.207317 0.041054
0 0.441420 0.525613 0.128484 0.043627
0 0.830357 0.150000 0.054443 0.078676
0 0.858123 0.749632 0.045078 0.090441
0 0.091246 0.935784 0.131969 0.030637
0 0.626633 0.861275 0.054225 0.074265
0 0.347670 0.757108 0.116943 0.032598
0 0.274826 0.465441 0.054443 0.063725
0 0.933362 0.722304 0.112369 0.030637
0 0.169425 0.445956 0.047474 0.066422
0 0.814133 0.733701 0.059016 0.053431
0 0.137631 0.699449 0.048780 0.063113
0 0.089612 0.386336 0.054225 0.056740
0 0.295514 0.832966 0.040505 0.064461
0 0.728550 0.838113 0.109974 0.022794
0 0.593641 0.797488 0.127178 0.019485
0 0.301394 0.672794 0.042683 0.056618
0 0.436847 0.136336 0.091463 0.025368
0 0.080357 0.232353 0.045296 0.050735
0 0.071102 0.417892 0.035932 0.057353
0 0.693815 0.951409 0.077526 0.025368
0 0.654399 0.166299 0.082317 0.022794
0 0.603550 0.205392 0.082099 0.022794
0 0.649717 0.815686 0.072953 0.024755
0 0.786368 0.799081 0.031359 0.048897
0 0.047909 0.293934 0.026568 0.054044
0 0.359321 0.762684 0.093641 0.012377
0 0.103441 0.152941 0.026568 0.042892
0 0.432274 0.082904 0.091463 0.012377
0 0.684560 0.928983 0.096037 0.011642
0 0.813589 0.070895 0.030052 0.035172
0 0.076328 0.655515 0.083406 0.011765
0 0.314133 0.378186 0.021995 0.041667
0 0.959930 0.314706 0.017422 0.043627
