0 0.330357 0.198162 0.082317 0.097059
0 0.519599 0.655515 0.210801 0.037745
0 0.041050 0.746691 0.059016 0.084559
0 0.696102 0.448836 0.063807 0.067034
0 0.918227 0.308211 0.045078 0.077451
0 0.138175 0.739154 0.105183 0.033211
0 0.896341 0.757414 0.056620 0.059191
0 0.452962 0.123284 0.105401 0.030637
0 0.610518 0.283456 0.096037 0.027941
0 0.819904 0.361581 0.042683 0.054044
0 0.529399 0.926716 0.100610 0.022794
0 0.344186 0.563051 0.146995 0.014338
0 0.292139 0.788664 0.116943 0.017525
0 0.097779 0.649387 0.135453 0.014951
0 0.723323 0.199816 0.090375 0.022181
0 0.853441 0.252267 0.026568 0.074877
0 0.677591 0.400674 0.035932 0.054044
0 0.816420 0.112255 0.100610 0.018873
0 0.230836 0.581373 0.040505 0.045588
0 0.383057 0.710539 0.104094 0.017647
0 0.443815 0.080392 0.077526 0.022794
0 0.956446 0.568627 0.084495 0.020098
0 0.311738 0.745711 0.109974 0.014951
0 0.267857 0.243137 0.105401 0.014951
0 0.295623 0.077696 0.068162 0.022794
0 0.604639 0.920527 0.028963 0.050858
0 0.807165 0.259375 0.026786 0.052819
0 0.833841 0.317341 0.024390 0.054044
0 0.777112 0.533517 0.021995 0.054044
0 0.141659 0.542279 0.056838 0.019608
0 0.253920 0.223591 0.077526 0.012377
0 0.827962 0.093321 0.077526 0.012377
0 0.010889 0.769118 0.017422 0.051471
0 0.061193 0.746691 0.016115 0.053431
0 0.841355 0.719669 0.020688 0.035907
0 0.267857 0.082904 0.040505 0.012377
0 0.556511 0.004841 0.025479 0.007230
0 0.007404 0.648100 0.010453 0.012377
