0 0.508057 0.653248 0.206010 0.048897
0 0.321102 0.814767 0.184016 0.033211
0 0.318706 0.184498 0.160932 0.033211
0 0.189133 0.905821 0.114765 0.033211
0 0.133493 0.913664 0.114547 0.033211
0 0.769055 0.928002 0.116943 0.030515
0 0.800305 0.170221 0.105401 0.030637
0 0.490091 0.774326 0.049869 0.061887
0 0.103441 0.126900 0.054443 0.053309
0 0.589503 0.855086 0.128484 0.020221
0 0.368576 0.855086 0.038110 0.067034
0 0.689133 0.666973 0.049869 0.050123
0 0.684451 0.107353 0.040505 0.061275
0 0.485518 0.925429 0.096037 0.025368
0 0.105836 0.463174 0.031359 0.069730
0 0.853441 0.864216 0.026568 0.080147
0 0.827417 0.546507 0.039416 0.054044
0 0.746516 0.218382 0.118031 0.017647
0 0.327962 0.921507 0.114547 0.017525
0 0.909081 0.200123 0.045078 0.043627
0 0.911368 0.288664 0.031359 0.059191
0 0.223868 0.391544 0.045296 0.040931
0 0.691420 0.760968 0.128484 0.014338
0 0.244774 0.444975 0.040505 0.043627
0 0.020144 0.721262 0.026786 0.065074
0 0.906794 0.243076 0.040505 0.041054
0 0.131315 0.335539 0.091463 0.017647
0 0.096472 0.632414 0.040505 0.038358
0 0.073389 0.603799 0.031359 0.048775
0 0.594186 0.227145 0.072953 0.019485
0 0.276568 0.826471 0.094948 0.014951
0 0.156686 0.920159 0.068162 0.020221
0 0.066420 0.188419 0.026568 0.051348
0 0.041050 0.620711 0.021995 0.061765
0 0.374347 0.806924 0.077526 0.017525
0 0.476263 0.947181 0.077526 0.016912
0 0.622060 0.205331 0.035932 0.033211
0 0.967008 0.172794 0.021995 0.051471
0 0.744120 0.956311 0.076220 0.014338
0 0.790941 0.525368 0.031359 0.032598
0 0.729639 0.827757 0.019817 0.048897
0 0.853550 0.223591 0.072953 0.012377
0 0.103441 0.137316 0.026568 0.032475
0 0.892748 0.520404 0.021995 0.033211
0 0.292683 0.250919 0.071864 0.009681
0 0.830357 0.603799 0.054443 0.007108
0 0.422909 0.962806 0.026568 0.006495
