0 0.209930 0.435846 0.100610 0.150368
0 0.520144 0.663725 0.221037 0.043627
0 0.952962 0.408456 0.077526 0.100980
0 0.221472 0.399081 0.077526 0.076838
0 0.374238 0.430576 0.133057 0.041054
0 0.848323 0.904534 0.071646 0.072304
0 0.186847 0.308211 0.063589 0.067157
0 0.913001 0.172794 0.062500 0.067157
0 0.792139 0.133701 0.116943 0.035784
0 0.924652 0.132414 0.057927 0.069730
0 0.473868 0.306924 0.119338 0.033211
0 0.147430 0.353799 0.031359 0.090441
0 0.117378 0.325123 0.045296 0.059314
0 0.507949 0.788664 0.039416 0.059191
0 0.876633 0.645466 0.119120 0.017647
0 0.168881 0.473591 0.027657 0.074877
0 0.920623 0.237623 0.031141 0.066422
0 0.693706 0.098529 0.086890 0.022794
0 0.874347 0.351164 0.040505 0.048897
0 0.364438 0.340441 0.039416 0.048284
0 0.848759 0.275000 0.109974 0.016176
0 0.716355 0.230086 0.085584 0.020221
0 0.610518 0.124632 0.096037 0.017647
0 0.869774 0.672120 0.114547 0.013603
0 0.885889 0.780515 0.026568 0.058578
0 0.941420 0.123284 0.026568 0.056618
0 0.938589 0.347243 0.020906 0.067034
0 0.927591 0.353799 0.072953 0.017647
0 0.872060 0.098591 0.072953 0.017525
0 0.244665 0.292218 0.021995 0.056005
0 0.455357 0.241789 0.017422 0.059314
0 0.557165 0.011336 0.063807 0.015074
0 0.807274 0.175061 0.091463 0.009191
0 0.698389 0.077451 0.068380 0.011765
0 0.608123 0.096936 0.082099 0.009069
0 0.703071 0.153860 0.086890 0.008456
0 0.510889 0.459252 0.017422 0.041054
0 0.867378 0.167279 0.035714 0.009069
