0 0.149717 0.261949 0.072953 0.099632
0 0.547365 0.862561 0.062500 0.071691
0 0.404399 0.155882 0.109756 0.038480
0 0.226154 0.244424 0.114765 0.033211
0 0.075784 0.387623 0.054443 0.069608
0 0.427483 0.697549 0.128484 0.027941
0 0.044425 0.628493 0.056620 0.061887
0 0.895144 0.107721 0.045078 0.072304
0 0.304878 0.670221 0.049652 0.056618
0 0.452962 0.731373 0.114547 0.022794
0 0.848868 0.323836 0.045296 0.051348
0 0.256206 0.171507 0.082099 0.028064
0 0.566529 0.084252 0.109974 0.020221
0 0.964612 0.391544 0.035932 0.061765
0 0.557274 0.126900 0.128484 0.017034
0 0.094294 0.926716 0.091463 0.022794
0 0.145144 0.925368 0.035932 0.056618
0 0.908972 0.891544 0.128484 0.014951
0 0.700675 0.709252 0.045078 0.041054
0 0.192618 0.869424 0.103005 0.017525
0 0.318706 0.145404 0.031141 0.054044
0 0.115091 0.707966 0.031141 0.048775
0 0.412456 0.562132 0.024390 0.059314
0 0.963415 0.110294 0.070557 0.020098
0 0.858123 0.832966 0.035932 0.038480
0 0.955357 0.198836 0.026568 0.051348
0 0.096581 0.857659 0.021995 0.061887
0 0.925196 0.181863 0.031141 0.043627
0 0.911912 0.524326 0.032448 0.041054
0 0.117378 0.525674 0.026568 0.048897
0 0.737152 0.179289 0.071864 0.017647
0 0.703071 0.210539 0.031141 0.038480
0 0.381315 0.068015 0.054443 0.018873
0 0.225610 0.898039 0.020906 0.048775
0 0.859865 0.087868 0.030270 0.032598
0 0.617378 0.930637 0.072735 0.009804
0 0.765571 0.089461 0.045078 0.014951
0 0.322844 0.073836 0.020688 0.030515
0 0.034517 0.719669 0.018510 0.025368
