0 0.811738 0.193627 0.184016 0.061765
0 0.919425 0.127267 0.158537 0.054044
0 0.099412 0.232047 0.064678 0.096936
0 0.783428 0.115502 0.136542 0.030515
0 0.214612 0.526287 0.119120 0.034436
0 0.522430 0.097917 0.105401 0.037010
0 0.598214 0.274387 0.108885 0.030637
0 0.770144 0.823162 0.045078 0.065686
0 0.573389 0.891544 0.096254 0.030637
0 0.719186 0.186826 0.119120 0.022181
0 0.977352 0.190012 0.042683 0.059926
0 0.365091 0.287010 0.049869 0.045588
0 0.170514 0.754534 0.040505 0.053431
0 0.899826 0.766238 0.128484 0.014338
0 0.121951 0.246324 0.026568 0.068382
0 0.737805 0.442341 0.100610 0.017525
0 0.610409 0.313419 0.114547 0.015074
0 0.561738 0.944975 0.072953 0.022794
0 0.922909 0.469669 0.035714 0.046201
0 0.311847 0.271752 0.026568 0.061887
0 0.242378 0.929289 0.091463 0.017647
0 0.814133 0.888971 0.105183 0.014951
0 0.911368 0.232659 0.077526 0.020221
0 0.986607 0.231066 0.024172 0.063848
0 0.717008 0.849877 0.021995 0.067157
0 0.299107 0.393811 0.103005 0.014338
0 0.777003 0.140257 0.114547 0.012377
0 0.339612 0.720650 0.082099 0.017034
0 0.858123 0.181924 0.035932 0.038358
0 0.067618 0.503860 0.028963 0.046936
0 0.960039 0.294914 0.035932 0.035172
0 0.963415 0.145466 0.070557 0.017647
0 0.096581 0.142831 0.096037 0.012377
0 0.270144 0.106434 0.091246 0.012377
0 0.271886 0.081311 0.076437 0.014338
0 0.839612 0.293934 0.082099 0.012377
0 0.988894 0.869730 0.019599 0.044363
0 0.705357 0.299081 0.017422 0.048897
0 0.969294 0.547488 0.026568 0.031250
0 0.449477 0.836520 0.061411 0.009069
0 0.867378 0.249326 0.017422 0.027328
0 0.927483 0.338174 0.063589 0.007230
