0 0.520144 0.655882 0.211890 0.038480
0 0.340157 0.196569 0.074042 0.099020
0 0.205248 0.172120 0.146995 0.044975
0 0.850065 0.265196 0.065984 0.064461
0 0.266659 0.224877 0.103005 0.035784
0 0.346472 0.565686 0.142422 0.024755
0 0.652003 0.847304 0.114547 0.030637
0 0.112696 0.653248 0.045078 0.074877
0 0.953071 0.782169 0.059016 0.056740
0 0.682165 0.447549 0.045078 0.069608
0 0.970383 0.280882 0.047474 0.064461
0 0.244774 0.731434 0.040505 0.074877
0 0.508602 0.711520 0.096037 0.029902
0 0.469186 0.946262 0.137848 0.020221
0 0.491834 0.112868 0.090375 0.030637
0 0.073389 0.713174 0.086672 0.028064
0 0.364547 0.756127 0.094948 0.025490
0 0.503920 0.920159 0.114547 0.020221
0 0.300196 0.791299 0.123911 0.017647
0 0.913654 0.132108 0.045078 0.042892
0 0.271886 0.882108 0.085584 0.022059
0 0.237696 0.271752 0.035932 0.051348
0 0.779399 0.944608 0.072735 0.022059
0 0.774826 0.530821 0.026568 0.054044
0 0.968641 0.125919 0.025261 0.056740
0 0.292139 0.150674 0.033754 0.038358
0 0.911259 0.317034 0.021995 0.058578
0 0.841355 0.321201 0.020688 0.056618
0 0.320993 0.075123 0.054443 0.017647
0 0.033972 0.439400 0.017422 0.048162
0 0.800196 0.181924 0.021995 0.033211
0 0.218641 0.654228 0.071864 0.009191
