0 0.390571 0.494424 0.082099 0.137377
0 0.515571 0.653248 0.221037 0.048897
0 0.270144 0.637684 0.184016 0.054044
0 0.198389 0.559498 0.077526 0.074877
0 0.950784 0.237929 0.054443 0.082721
0 0.411368 0.523039 0.040505 0.080147
0 0.854639 0.418873 0.103005 0.027941
0 0.383493 0.913725 0.114547 0.022794
0 0.266768 0.567341 0.047474 0.054044
0 0.260889 0.887623 0.091463 0.027941
0 0.370862 0.454718 0.042683 0.057966
0 0.641768 0.646752 0.047474 0.051348
0 0.841899 0.738909 0.049652 0.048162
0 0.846581 0.088787 0.096037 0.024142
0 0.246951 0.944975 0.100610 0.022794
0 0.786368 0.915625 0.105401 0.021446
0 0.554878 0.593382 0.096254 0.022794
0 0.441420 0.090748 0.119338 0.017525
0 0.603441 0.125919 0.100610 0.020221
0 0.020144 0.708946 0.026786 0.071569
0 0.955357 0.513909 0.026568 0.067034
0 0.450675 0.072549 0.100828 0.017647
0 0.189133 0.485294 0.086890 0.020098
0 0.078071 0.158456 0.096037 0.017647
0 0.230727 0.619424 0.096037 0.017525
0 0.392313 0.942341 0.085584 0.017525
0 0.874347 0.284743 0.031359 0.046201
0 0.736607 0.107353 0.024172 0.050735
0 0.170078 0.552635 0.020906 0.056005
0 0.841899 0.107721 0.077526 0.014951
0 0.105727 0.372978 0.059016 0.019485
0 0.596581 0.088174 0.068162 0.012377
0 0.096581 0.795221 0.021995 0.035784
0 0.555967 0.004841 0.024390 0.007230
