0 0.520144 0.663725 0.221037 0.043627
0 0.543227 0.213787 0.082099 0.096936
0 0.191420 0.656801 0.082317 0.076838
0 0.384146 0.435172 0.125000 0.039706
0 0.059560 0.306924 0.059016 0.074877
0 0.801394 0.146446 0.116725 0.029902
0 0.872060 0.489216 0.045078 0.069608
0 0.078071 0.226164 0.049869 0.059191
0 0.506206 0.189706 0.045078 0.059314
0 0.242378 0.761336 0.045296 0.051348
0 0.260889 0.192341 0.128484 0.017525
0 0.307165 0.282169 0.035932 0.061887
0 0.221581 0.267525 0.031141 0.069118
0 0.932165 0.822549 0.035932 0.059314
0 0.881206 0.360294 0.082099 0.025490
0 0.931076 0.694975 0.089068 0.022794
0 0.911368 0.246324 0.040505 0.047549
0 0.918227 0.188419 0.072953 0.025368
0 0.619774 0.079044 0.114547 0.014951
0 0.110409 0.894118 0.031359 0.051471
0 0.645144 0.163664 0.091246 0.017525
0 0.641659 0.139951 0.093859 0.016912
0 0.718641 0.234007 0.090157 0.017525
0 0.378920 0.110294 0.105401 0.014951
0 0.955357 0.394118 0.026568 0.056618
0 0.800305 0.212868 0.077526 0.016912
0 0.945993 0.257414 0.026568 0.048897
0 0.846581 0.300368 0.021995 0.056618
0 0.365636 0.089461 0.078833 0.014951
0 0.656686 0.095956 0.059016 0.017647
0 0.556511 0.011336 0.062500 0.015074
0 0.501633 0.455331 0.017204 0.048897
0 0.265462 0.250919 0.017422 0.046201
0 0.591899 0.094363 0.077526 0.009069
