0 0.517857 0.654596 0.207317 0.041054
0 0.205248 0.147733 0.184016 0.032475
0 0.846581 0.147733 0.049869 0.068995
0 0.689133 0.172794 0.096037 0.030637
0 0.359865 0.745711 0.104312 0.025490
0 0.193815 0.457659 0.040505 0.063848
0 0.071102 0.240870 0.045078 0.052083
0 0.913654 0.857353 0.045078 0.050735
0 0.885889 0.735294 0.109756 0.020098
0 0.728005 0.124632 0.043990 0.048775
0 0.846472 0.913664 0.114547 0.017525
0 0.319904 0.668873 0.033537 0.059314
0 0.288654 0.826409 0.091246 0.020221
0 0.094186 0.154596 0.035932 0.046201
0 0.427591 0.133701 0.109974 0.014951
0 0.439133 0.081618 0.105183 0.014951
0 0.066420 0.375919 0.026568 0.056740
0 0.860409 0.087868 0.086672 0.016912
0 0.279399 0.211887 0.091463 0.014951
0 0.027112 0.493076 0.021995 0.061887
0 0.332644 0.292586 0.086890 0.015074
0 0.124347 0.288664 0.105401 0.012377
0 0.315222 0.793934 0.089068 0.012377
0 0.337217 0.379473 0.021995 0.039093
0 0.059560 0.149387 0.021995 0.030637
0 0.614983 0.796507 0.040505 0.012377
