0 0.089612 0.880760 0.109974 0.149755
0 0.963415 0.714461 0.070557 0.072304
0 0.844294 0.873958 0.054443 0.078799
0 0.631206 0.896446 0.045078 0.071569
0 0.880662 0.336826 0.118031 0.025368
0 0.568815 0.894179 0.114547 0.025368
0 0.071102 0.844669 0.035932 0.077574
0 0.304878 0.933211 0.133275 0.020098
0 0.788654 0.218382 0.109974 0.022794
0 0.955357 0.111581 0.045296 0.054044
0 0.887631 0.261336 0.076220 0.025368
0 0.051938 0.434498 0.034625 0.054044
0 0.404399 0.814706 0.026568 0.069608
0 0.936738 0.102819 0.035932 0.046814
0 0.161368 0.172794 0.077526 0.020098
0 0.153855 0.100551 0.071646 0.021446
0 0.142857 0.082659 0.068380 0.022181
0 0.524717 0.951409 0.072953 0.020221
0 0.323389 0.961887 0.096254 0.014951
0 0.427483 0.282169 0.091463 0.015074
0 0.559560 0.428002 0.021995 0.056740
0 0.045623 0.265257 0.031141 0.038358
0 0.290396 0.237255 0.020688 0.055392
0 0.049107 0.926716 0.028963 0.038480
0 0.705248 0.316054 0.072953 0.014951
0 0.530488 0.934498 0.084495 0.012377
0 0.163654 0.234007 0.082099 0.012377
0 0.919425 0.096630 0.019599 0.050123
0 0.277112 0.420833 0.021995 0.027941
0 0.619665 0.965748 0.021995 0.007230
