0 0.515462 0.655882 0.202526 0.038480
0 0.138175 0.779534 0.068162 0.098284
0 0.542139 0.864154 0.061193 0.074877
0 0.911368 0.899326 0.133275 0.025368
0 0.791050 0.106434 0.059016 0.054044
0 0.425305 0.133395 0.105401 0.030025
0 0.133602 0.876532 0.049869 0.057966
0 0.447844 0.159743 0.113458 0.025368
0 0.286368 0.887623 0.123693 0.022794
0 0.307165 0.671507 0.045078 0.059191
0 0.262086 0.861581 0.093859 0.028064
0 0.422909 0.694301 0.119338 0.021446
0 0.094186 0.922120 0.100828 0.024142
0 0.089612 0.866789 0.035932 0.059314
0 0.418227 0.559191 0.035932 0.058578
0 0.332644 0.771078 0.031141 0.065686
0 0.980836 0.299142 0.031359 0.064461
0 0.426938 0.068627 0.099521 0.020098
0 0.156686 0.197549 0.086890 0.022794
0 0.450675 0.728799 0.109974 0.017647
0 0.787565 0.523713 0.042901 0.044975
0 0.304878 0.915012 0.040505 0.046201
0 0.927591 0.170221 0.035932 0.051471
0 0.117378 0.452757 0.035714 0.048897
0 0.960039 0.106373 0.072953 0.022794
0 0.227896 0.249632 0.090375 0.017647
0 0.061847 0.486581 0.026568 0.059191
0 0.925305 0.101164 0.040505 0.038358
0 0.115091 0.758701 0.021995 0.056618
0 0.899717 0.767831 0.035932 0.033211
0 0.980727 0.184498 0.021995 0.054044
0 0.853441 0.306924 0.017422 0.059191
0 0.798563 0.149081 0.064895 0.014338
0 0.751633 0.181924 0.072953 0.012377
0 0.223868 0.886336 0.017422 0.051348
0 0.617378 0.928983 0.072735 0.011642
0 0.077962 0.694608 0.068380 0.011765
0 0.906686 0.159804 0.021995 0.035784
0 0.700131 0.694608 0.016115 0.048284
