0 0.506206 0.651961 0.211890 0.051471
0 0.052483 0.890257 0.063589 0.100858
0 0.485409 0.905208 0.068380 0.068260
0 0.848868 0.857721 0.054443 0.077451
0 0.572191 0.905882 0.140026 0.027941
0 0.760889 0.910723 0.054443 0.063848
0 0.581446 0.862929 0.130662 0.025368
0 0.440875 0.689706 0.118249 0.027941
0 0.508602 0.800368 0.105183 0.030637
0 0.402003 0.111581 0.114547 0.028064
0 0.960039 0.276961 0.045078 0.067157
0 0.587326 0.943260 0.114547 0.024755
0 0.214612 0.899387 0.054225 0.051471
0 0.464612 0.565748 0.045078 0.056005
0 0.962326 0.116789 0.049652 0.048775
0 0.101154 0.223223 0.086890 0.027328
0 0.462326 0.728493 0.105401 0.022181
0 0.790941 0.519485 0.049652 0.046814
0 0.043227 0.914951 0.045078 0.051471
0 0.973214 0.149387 0.043990 0.051471
0 0.142857 0.597304 0.040505 0.051471
0 0.619774 0.677696 0.040505 0.050735
0 0.126633 0.920159 0.100828 0.020221
0 0.931620 0.104105 0.034843 0.054779
0 0.116180 0.115196 0.042901 0.040441
0 0.165941 0.723591 0.031359 0.054044
0 0.325784 0.698836 0.026568 0.061887
0 0.029399 0.619424 0.026568 0.059191
0 0.957099 0.621998 0.030052 0.048897
0 0.744665 0.141544 0.096037 0.014951
0 0.696102 0.192034 0.119120 0.011765
0 0.684560 0.104105 0.096037 0.013113
0 0.668881 0.849877 0.083406 0.014951
0 0.022539 0.857721 0.021995 0.056618
0 0.091355 0.280821 0.020688 0.054044
0 0.263175 0.249571 0.086890 0.012377
0 0.888175 0.674081 0.031141 0.033211
0 0.716899 0.228738 0.077526 0.012377
0 0.943706 0.193321 0.021995 0.040319
0 0.621407 0.592034 0.053354 0.014951
0 0.866834 0.214461 0.016333 0.040931
0 0.580357 0.935784 0.063589 0.009804
0 0.988894 0.146752 0.019599 0.030515
0 0.547256 0.911091 0.043990 0.012377
