0 0.946102 0.823836 0.082099 0.098407
0 0.653855 0.112929 0.136542 0.041054
0 0.677591 0.077757 0.184016 0.028064
0 0.221581 0.586826 0.123911 0.041054
0 0.948389 0.140257 0.049652 0.095711
0 0.846037 0.801716 0.067073 0.069608
0 0.851154 0.770466 0.114765 0.038480
0 0.844186 0.215441 0.184016 0.022059
0 0.140462 0.204350 0.054443 0.072917
0 0.918336 0.111642 0.054443 0.064461
0 0.554878 0.316054 0.105401 0.030637
0 0.508602 0.888971 0.105183 0.030637
0 0.924652 0.649326 0.122822 0.025368
0 0.705357 0.866789 0.045296 0.059314
0 0.663763 0.157169 0.128484 0.020221
0 0.179334 0.272733 0.048563 0.053309
0 0.166050 0.771752 0.123911 0.020221
0 0.888175 0.105086 0.031141 0.077574
0 0.981925 0.831679 0.033537 0.067034
0 0.726154 0.172794 0.086890 0.025490
0 0.667683 0.123346 0.108885 0.020221
0 0.788654 0.142831 0.119120 0.017525
0 0.834930 0.118076 0.082317 0.025368
0 0.871951 0.864216 0.091463 0.022794
0 0.844294 0.181863 0.091463 0.022794
0 0.559451 0.296507 0.114547 0.017525
0 0.969294 0.517831 0.026568 0.074877
0 0.274717 0.143505 0.035932 0.055392
0 0.463415 0.191054 0.116725 0.014951
0 0.906794 0.761949 0.040505 0.042279
0 0.235518 0.843382 0.096037 0.017647
0 0.779399 0.337194 0.035714 0.046936
0 0.925305 0.877880 0.114547 0.013603
0 0.577962 0.211520 0.077526 0.019608
0 0.771341 0.877206 0.038328 0.038480
0 0.962217 0.124632 0.021995 0.064461
0 0.984212 0.166299 0.028963 0.048775
0 0.925196 0.534804 0.021995 0.056618
0 0.109865 0.571262 0.030270 0.041054
0 0.962217 0.427635 0.021995 0.056005
0 0.964612 0.248039 0.026786 0.045588
0 0.651568 0.327083 0.020906 0.052696
0 0.980727 0.226164 0.021995 0.048897
0 0.903855 0.167586 0.025479 0.041054
0 0.656686 0.196201 0.068162 0.014951
0 0.515571 0.952757 0.082099 0.012377
0 0.932165 0.472243 0.017204 0.046201
0 0.712217 0.950184 0.021995 0.033211
0 0.888284 0.963174 0.040505 0.012377
0 0.963524 0.594301 0.015026 0.031250
0 0.988894 0.890196 0.019599 0.022794
