0 0.954159 0.192341 0.089068 0.100858
0 0.034081 0.771752 0.045078 0.093015
0 0.566420 0.869424 0.119338 0.033211
0 0.829813 0.879841 0.136542 0.028064
0 0.521886 0.796201 0.094730 0.032598
0 0.469186 0.917586 0.100828 0.030515
0 0.964612 0.120711 0.045078 0.067157
0 0.418336 0.689706 0.128484 0.022794
0 0.084930 0.217034 0.091463 0.030637
0 0.806076 0.170221 0.089068 0.030637
0 0.745862 0.142525 0.098432 0.027451
0 0.928789 0.290993 0.084495 0.027328
0 0.323389 0.680637 0.040505 0.056618
0 0.452962 0.565380 0.040505 0.055270
0 0.450675 0.724877 0.109974 0.020098
0 0.622060 0.674081 0.045078 0.048897
0 0.895144 0.741789 0.045078 0.048775
0 0.221472 0.892831 0.040505 0.054044
0 0.979639 0.128554 0.038110 0.056618
0 0.131315 0.181924 0.026568 0.080025
0 0.659625 0.929289 0.092770 0.022794
0 0.788654 0.522059 0.045078 0.046814
0 0.902003 0.168873 0.040505 0.048775
0 0.667683 0.912377 0.127178 0.014951
0 0.678789 0.188419 0.121516 0.015074
0 0.456990 0.955392 0.076437 0.022794
0 0.057165 0.470956 0.026786 0.064461
0 0.123693 0.714461 0.030052 0.051471
0 0.284081 0.932537 0.109974 0.013603
0 0.098868 0.284804 0.026568 0.051471
0 0.612696 0.931924 0.072953 0.017525
0 0.031686 0.894792 0.021995 0.047426
0 0.244665 0.248284 0.068162 0.014951
0 0.859865 0.202390 0.020688 0.048162
0 0.739983 0.218321 0.077526 0.012377
0 0.239983 0.080331 0.077526 0.012377
0 0.876633 0.137623 0.054225 0.017647
0 0.639373 0.855086 0.061411 0.015074
0 0.258602 0.063419 0.049869 0.015074
0 0.906141 0.685478 0.020906 0.030025
0 0.793336 0.296507 0.017422 0.033211
0 0.809451 0.588174 0.068380 0.007230
0 0.545078 0.081618 0.030052 0.009804
