0 0.852352 0.696507 0.070557 0.139338
0 0.336128 0.851164 0.075131 0.069730
0 0.788763 0.405515 0.128484 0.037745
0 0.225610 0.636336 0.048780 0.093015
0 0.425196 0.748346 0.068162 0.061887
0 0.846581 0.658088 0.059016 0.062500
0 0.867378 0.727451 0.045296 0.077451
0 0.172909 0.376900 0.054443 0.063848
0 0.730183 0.683211 0.057927 0.056618
0 0.378375 0.891544 0.057709 0.056618
0 0.788654 0.808211 0.045078 0.067157
0 0.388175 0.572549 0.049869 0.059314
0 0.605836 0.434498 0.049652 0.059191
0 0.885889 0.813419 0.045296 0.061887
0 0.175196 0.448836 0.086890 0.030515
0 0.245862 0.409743 0.042683 0.061887
0 0.883057 0.904596 0.104094 0.025368
0 0.675740 0.794240 0.050958 0.050735
0 0.948389 0.671507 0.031359 0.080025
0 0.773628 0.560784 0.042901 0.056618
0 0.700131 0.749571 0.043990 0.054044
0 0.596581 0.843382 0.133057 0.017647
0 0.272430 0.818321 0.105401 0.019485
0 0.527112 0.918873 0.105183 0.017647
0 0.735409 0.114216 0.077526 0.022794
0 0.112696 0.260049 0.035932 0.048775
0 0.109321 0.654596 0.084495 0.020221
0 0.233123 0.273039 0.072953 0.022794
0 0.844186 0.330392 0.035932 0.043627
0 0.802483 0.672794 0.026568 0.056618
0 0.365091 0.849877 0.021995 0.067157
0 0.892857 0.130760 0.031359 0.045588
0 0.676938 0.907169 0.090375 0.015074
0 0.517857 0.942341 0.077526 0.017525
0 0.929769 0.823529 0.021995 0.061275
0 0.439133 0.142831 0.068162 0.017525
0 0.142204 0.529534 0.020906 0.056618
0 0.558907 0.373284 0.030270 0.035784
0 0.976154 0.168934 0.031141 0.033211
0 0.883602 0.629534 0.059016 0.016912
0 0.670078 0.215809 0.020906 0.043627
0 0.309451 0.069608 0.077526 0.011765
0 0.626633 0.840748 0.072953 0.012377
0 0.182165 0.854412 0.063807 0.013725
0 0.425196 0.892831 0.021995 0.038358
0 0.670623 0.939767 0.068162 0.012377
0 0.527112 0.955331 0.059016 0.012377
