0 0.520144 0.655515 0.221037 0.037745
0 0.855836 0.293934 0.068380 0.116544
0 0.355727 0.198836 0.059016 0.108701
0 0.658972 0.938419 0.128484 0.035907
0 0.346472 0.568627 0.142422 0.030637
0 0.899826 0.767892 0.063589 0.064461
0 0.964612 0.279596 0.063807 0.061887
0 0.244665 0.727451 0.049869 0.072304
0 0.114438 0.653248 0.048563 0.069730
0 0.906686 0.881127 0.049869 0.067157
0 0.320993 0.121998 0.054443 0.059191
0 0.267204 0.224203 0.104094 0.029289
0 0.862805 0.262010 0.054443 0.052696
0 0.922909 0.714461 0.045296 0.061765
0 0.684451 0.446569 0.040505 0.067647
0 0.807165 0.832966 0.109974 0.022794
0 0.292683 0.792586 0.118031 0.020221
0 0.078071 0.717708 0.086890 0.026593
0 0.790941 0.092708 0.086672 0.026593
0 0.508493 0.914338 0.114547 0.018873
0 0.981925 0.569914 0.033537 0.059191
0 0.516768 0.944975 0.084495 0.022794
0 0.584386 0.119424 0.034625 0.054044
0 0.846581 0.323836 0.031141 0.056740
0 0.963415 0.667586 0.024390 0.061887
0 0.233123 0.272426 0.026786 0.052696
0 0.545078 0.079044 0.057927 0.020098
0 0.054769 0.345956 0.021995 0.048775
0 0.774826 0.528248 0.017422 0.054044
0 0.233123 0.650674 0.017204 0.054044
0 0.323389 0.156495 0.021777 0.031863
0 0.771341 0.066054 0.047474 0.009804
0 0.555967 0.004841 0.024390 0.007230
