0 0.328071 0.200123 0.086890 0.100980
0 0.517313 0.655882 0.215375 0.038480
0 0.183907 0.135662 0.067291 0.086520
0 0.893946 0.754841 0.070557 0.069730
0 0.559560 0.914951 0.133057 0.035784
0 0.691420 0.448836 0.063589 0.067034
0 0.913110 0.308211 0.043990 0.077451
0 0.143946 0.733333 0.098432 0.031863
0 0.022975 0.658456 0.041594 0.064461
0 0.073389 0.615502 0.105401 0.025368
0 0.290396 0.786029 0.113458 0.022794
0 0.816420 0.349877 0.045296 0.051471
0 0.098868 0.645466 0.128484 0.017647
0 0.052483 0.752267 0.026568 0.074877
0 0.270144 0.241483 0.109974 0.017034
0 0.165941 0.487929 0.040505 0.046201
0 0.853441 0.249326 0.026568 0.068995
0 0.832644 0.313419 0.031141 0.051348
0 0.797909 0.255147 0.035714 0.044363
0 0.369665 0.706618 0.105183 0.014951
0 0.439133 0.081311 0.077744 0.019485
0 0.746951 0.110294 0.100610 0.014951
0 0.330357 0.561765 0.119338 0.011765
0 0.027112 0.806556 0.031141 0.043015
0 0.304878 0.741850 0.105401 0.012377
0 0.223868 0.621998 0.091463 0.012377
0 0.297365 0.069914 0.062500 0.017525
0 0.590701 0.951471 0.065984 0.014951
0 0.753920 0.093321 0.077526 0.012377
0 0.774172 0.530821 0.016115 0.054044
0 0.250436 0.223284 0.070557 0.011765
0 0.811193 0.659743 0.016115 0.041054
0 0.165396 0.063419 0.030270 0.009681
0 0.536368 0.080025 0.031359 0.006618
0 0.008602 0.621998 0.012848 0.012377
