0 0.294425 0.189032 0.186411 0.057966
0 0.522430 0.665012 0.216463 0.041054
0 0.536368 0.214461 0.086672 0.098284
0 0.811847 0.220956 0.082317 0.080147
0 0.381315 0.434559 0.128484 0.043627
0 0.841899 0.256127 0.105401 0.035784
0 0.711672 0.235907 0.094948 0.031863
0 0.913654 0.231373 0.045078 0.064461
0 0.263175 0.194608 0.123911 0.022059
0 0.786368 0.219669 0.031359 0.082721
0 0.191420 0.293260 0.035714 0.068382
0 0.772539 0.123346 0.096037 0.025368
0 0.858123 0.536091 0.045078 0.054044
0 0.471472 0.215748 0.040505 0.059191
0 0.815875 0.146078 0.099521 0.024020
0 0.239983 0.248284 0.040505 0.056618
0 0.855836 0.211826 0.086672 0.025368
0 0.238894 0.767831 0.038328 0.054044
0 0.285279 0.277941 0.047474 0.042892
0 0.065875 0.277941 0.034625 0.058578
0 0.906794 0.666299 0.040505 0.043627
0 0.955357 0.400674 0.026568 0.059191
0 0.439133 0.155882 0.086890 0.017647
0 0.714612 0.159804 0.100828 0.014951
0 0.852896 0.948836 0.099521 0.015074
0 0.929769 0.770466 0.021995 0.059314
0 0.860409 0.967034 0.086672 0.014951
0 0.953071 0.218382 0.021995 0.048775
0 0.665941 0.106434 0.086672 0.012377
0 0.848868 0.309498 0.017422 0.059191
0 0.436847 0.077757 0.082317 0.012377
0 0.413654 0.121998 0.082099 0.012377
0 0.558907 0.011336 0.057709 0.015074
0 0.411368 0.096017 0.068380 0.012377
0 0.505118 0.458578 0.015026 0.039706
0 0.824586 0.185784 0.052047 0.009804
0 0.670623 0.077757 0.068162 0.007230
