0 0.151459 0.770159 0.113458 0.110662
0 0.186847 0.334252 0.211672 0.051348
0 0.876633 0.884375 0.082099 0.115319
0 0.959386 0.832966 0.053354 0.111275
0 0.799107 0.276961 0.144817 0.040931
0 0.742378 0.715748 0.128484 0.038358
0 0.367378 0.887623 0.202526 0.022794
0 0.182165 0.618076 0.137848 0.025368
0 0.359865 0.585600 0.104312 0.033211
0 0.219186 0.348529 0.146995 0.022794
0 0.728550 0.821201 0.045078 0.072304
0 0.551938 0.226838 0.053354 0.060539
0 0.740636 0.767831 0.094948 0.033211
0 0.154399 0.787377 0.035714 0.082598
0 0.177591 0.671507 0.045078 0.059191
0 0.054878 0.451409 0.040505 0.061887
0 0.918336 0.743076 0.091463 0.025368
0 0.973214 0.513971 0.043990 0.051471
0 0.276459 0.554963 0.039416 0.055270
0 0.697844 0.748346 0.085584 0.025368
0 0.914852 0.305637 0.038328 0.056618
0 0.555422 0.913664 0.106490 0.017525
0 0.301938 0.696201 0.025479 0.072304
0 0.897430 0.919853 0.040505 0.044363
0 0.022430 0.347304 0.031359 0.056618
0 0.323389 0.891544 0.114547 0.014951
0 0.943162 0.612868 0.030052 0.056618
0 0.238894 0.477451 0.028746 0.056618
0 0.851154 0.852451 0.031141 0.051471
0 0.823389 0.263971 0.096254 0.014951
0 0.879029 0.808211 0.021995 0.061765
0 0.679769 0.708946 0.021995 0.061275
0 0.895144 0.814706 0.026786 0.048775
0 0.677483 0.181924 0.026568 0.048897
0 0.203071 0.581985 0.031141 0.041667
0 0.498149 0.155821 0.103005 0.012377
0 0.547909 0.941054 0.082317 0.014951
0 0.422909 0.954044 0.082317 0.014951
0 0.876633 0.690993 0.026786 0.041054
0 0.332644 0.498346 0.021995 0.046201
0 0.334930 0.951471 0.091463 0.009804
0 0.858123 0.345956 0.017204 0.048775
0 0.661259 0.076471 0.021995 0.035784
0 0.779399 0.557598 0.017422 0.039706
0 0.950131 0.620711 0.016115 0.040931
0 0.696102 0.109007 0.017204 0.038358
0 0.913654 0.549081 0.072953 0.007230
0 0.984212 0.457966 0.028963 0.007108
