0 0.202526 0.624632 0.094948 0.090441
0 0.128267 0.748346 0.206010 0.041054
0 0.832644 0.111581 0.170078 0.038358
0 0.756206 0.111581 0.072953 0.074877
0 0.050196 0.343382 0.059016 0.069608
0 0.950784 0.125919 0.054443 0.072181
0 0.483123 0.537990 0.119120 0.031863
0 0.916050 0.099571 0.059016 0.056005
0 0.955357 0.696201 0.045296 0.072304
0 0.142857 0.886336 0.049652 0.061887
0 0.814133 0.733640 0.096037 0.027328
0 0.142857 0.571569 0.114547 0.020833
0 0.138175 0.090074 0.086890 0.026716
0 0.723868 0.942279 0.100610 0.022794
0 0.855836 0.935478 0.114547 0.019485
0 0.133602 0.950123 0.123911 0.017647
0 0.825784 0.874632 0.026568 0.080147
0 0.411368 0.108027 0.040505 0.052083
0 0.188480 0.934498 0.113458 0.017525
0 0.121407 0.625919 0.108667 0.015074
0 0.054878 0.144118 0.031359 0.051471
0 0.843097 0.521446 0.079922 0.019608
0 0.070993 0.736275 0.091463 0.016912
0 0.723868 0.401961 0.072735 0.020098
0 0.524717 0.475858 0.082099 0.016912
0 0.020144 0.146752 0.026786 0.041054
0 0.820449 0.149081 0.071646 0.014338
0 0.358123 0.081618 0.054225 0.014951
0 0.971581 0.287377 0.021995 0.035784
0 0.700675 0.956618 0.045078 0.014951
0 0.991180 0.731373 0.015026 0.043627
0 0.082644 0.603738 0.049869 0.012377
0 0.828071 0.958946 0.049869 0.009069
0 0.751633 0.519485 0.017204 0.024755
