0 0.517857 0.652941 0.207317 0.037745
0 0.216899 0.162377 0.170296 0.040931
0 0.168336 0.534743 0.063589 0.103554
0 0.073389 0.224877 0.077526 0.077451
0 0.893946 0.499939 0.061411 0.080760
0 0.679878 0.861581 0.068380 0.069730
0 0.837217 0.161091 0.059016 0.074877
0 0.726154 0.493076 0.059016 0.067034
0 0.259691 0.368750 0.042901 0.089216
0 0.337326 0.783517 0.114547 0.033211
0 0.862805 0.565993 0.054443 0.061887
0 0.890462 0.231679 0.054443 0.059926
0 0.089612 0.209252 0.054225 0.051348
0 0.959930 0.877880 0.054443 0.050123
0 0.822844 0.783517 0.048563 0.054044
0 0.172909 0.387623 0.035714 0.069608
0 0.420623 0.140196 0.105183 0.022794
0 0.844186 0.724877 0.045078 0.051471
0 0.841899 0.470956 0.031359 0.064461
0 0.781794 0.296507 0.040505 0.048897
0 0.084930 0.493137 0.026568 0.072304
0 0.290396 0.826471 0.030270 0.056618
0 0.471472 0.621691 0.077526 0.022059
0 0.751089 0.168873 0.090157 0.017647
0 0.316529 0.117831 0.109974 0.014338
0 0.087326 0.349877 0.031359 0.046324
0 0.705248 0.080331 0.072953 0.017525
0 0.307165 0.084252 0.082099 0.015074
0 0.981925 0.516238 0.033537 0.036397
0 0.103441 0.155576 0.026568 0.043015
0 0.105727 0.360294 0.021995 0.040931
0 0.271886 0.394179 0.020688 0.038358
0 0.639917 0.059498 0.025479 0.007230
