0 0.167969 0.219604 0.075521 0.093018
0 0.301432 0.533447 0.065104 0.085449
0 0.872721 0.302979 0.103516 0.046387
0 0.745931 0.929199 0.134440 0.033203
0 0.792969 0.215332 0.054688 0.074219
0 0.153971 0.707642 0.047526 0.069092
0 0.478678 0.287354 0.051107 0.062012
0 0.534180 0.865479 0.085938 0.035645
0 0.572428 0.335571 0.099935 0.028076
0 0.831055 0.348145 0.047526 0.058594
0 0.853516 0.568604 0.085938 0.030762
0 0.457682 0.625854 0.085938 0.030518
0 0.841471 0.822510 0.075521 0.033203
0 0.310221 0.309082 0.089193 0.027344
0 0.926432 0.819946 0.085938 0.028076
0 0.930013 0.708008 0.037109 0.064453
0 0.502930 0.521362 0.093099 0.024658
0 0.591471 0.899414 0.089193 0.025391
0 0.794596 0.348511 0.078776 0.028076
0 0.209147 0.541260 0.040039 0.054199
0 0.665202 0.107666 0.084310 0.025391
0 0.316732 0.452637 0.033203 0.064453
0 0.450846 0.829102 0.037109 0.056641
0 0.838053 0.566040 0.027018 0.077393
0 0.728678 0.812134 0.071940 0.028076
0 0.757161 0.349609 0.039062 0.050781
0 0.381510 0.325073 0.085938 0.022705
0 0.489095 0.730103 0.037435 0.051514
0 0.344889 0.871948 0.082357 0.022705
0 0.429525 0.443359 0.022461 0.082031
0 0.353516 0.426636 0.065104 0.028076
0 0.374512 0.844727 0.071940 0.025391
0 0.381348 0.193604 0.071940 0.025391
0 0.595703 0.513916 0.070312 0.025391
0 0.634115 0.438477 0.070312 0.025391
0 0.884928 0.338135 0.099935 0.017578
0 0.666178 0.411133 0.099935 0.017578
0 0.129557 0.828979 0.033854 0.051514
0 0.138346 0.318604 0.030599 0.056641
0 0.678223 0.874634 0.061523 0.028076
0 0.437012 0.164917 0.037435 0.046143
0 0.423014 0.570923 0.037435 0.045654
0 0.178223 0.060791 0.027018 0.062012
0 0.903971 0.343994 0.026693 0.060547
0 0.749512 0.873291 0.079102 0.020020
0 0.271159 0.131104 0.025391 0.062012
0 0.212891 0.701050 0.033854 0.045654
0 0.535807 0.615479 0.075521 0.020020
0 0.183919 0.520142 0.031250 0.048096
0 0.718262 0.310791 0.058268 0.025391
0 0.541178 0.275635 0.030273 0.048828
0 0.204264 0.231445 0.030273 0.048828
0 0.263346 0.700073 0.065104 0.022705
0 0.334473 0.525635 0.027018 0.054199
0 0.296387 0.806274 0.019857 0.073486
0 0.822428 0.396729 0.071940 0.020020
0 0.880534 0.235352 0.056641 0.025391
0 0.165690 0.411133 0.029297 0.048828
0 0.555827 0.461914 0.025065 0.056641
0 0.565430 0.124023 0.065104 0.021484
0 0.806803 0.012573 0.061523 0.022705
0 0.259928 0.464478 0.030273 0.046143
0 0.659180 0.490112 0.030599 0.045654
0 0.914388 0.376831 0.082682 0.016846
0 0.775391 0.808105 0.054688 0.025391
0 0.320312 0.097290 0.067708 0.020264
0 0.919596 0.650024 0.023438 0.057861
0 0.910970 0.810547 0.068685 0.019531
0 0.490885 0.541260 0.075521 0.017578
0 0.249349 0.560791 0.023438 0.056641
0 0.485514 0.348511 0.058268 0.022705
0 0.291016 0.479736 0.023438 0.056152
0 0.912760 0.779541 0.085938 0.015137
0 0.664388 0.168945 0.026693 0.048828
0 0.213867 0.849121 0.028646 0.044922
0 0.686849 0.473511 0.023438 0.053955
0 0.457682 0.457886 0.023438 0.053955
0 0.700521 0.264893 0.057292 0.021973
0 0.334473 0.362915 0.061523 0.020264
0 0.212891 0.072144 0.054688 0.022217
0 0.785970 0.541260 0.019857 0.059082
0 0.122721 0.804321 0.026693 0.043701
0 0.384928 0.142822 0.016602 0.069824
0 0.742188 0.907104 0.057292 0.020264
0 0.646973 0.387329 0.068685 0.016846
0 0.603516 0.728760 0.065104 0.017578
0 0.798177 0.022949 0.065104 0.017578
0 0.943522 0.866821 0.029622 0.038330
0 0.813639 0.789307 0.082357 0.013672
0 0.730469 0.956665 0.075521 0.014893
0 0.226888 0.086792 0.075521 0.014893
0 0.153971 0.810181 0.020182 0.055420
0 0.775065 0.175415 0.074870 0.014893
0 0.573730 0.420532 0.053711 0.020752
0 0.258138 0.175415 0.054688 0.020264
0 0.598470 0.430664 0.027018 0.041016
0 0.747721 0.416260 0.020182 0.054199
0 0.568359 0.492432 0.057292 0.019043
0 0.250814 0.321289 0.019206 0.056641
0 0.573730 0.055542 0.053711 0.020264
0 0.850260 0.024292 0.023438 0.046143
0 0.207682 0.636353 0.023438 0.046143
0 0.598470 0.765259 0.082357 0.012451
0 0.666178 0.930298 0.016602 0.061279
0 0.648763 0.936768 0.023438 0.042969
0 0.850260 0.136353 0.065104 0.014893
0 0.800618 0.817261 0.077148 0.012451
0 0.457682 0.206543 0.023438 0.041016
0 0.380534 0.959229 0.063151 0.015137
0 0.558594 0.833862 0.023438 0.040283
0 0.882650 0.184570 0.053711 0.017578
0 0.523763 0.442261 0.023438 0.038330
0 0.871094 0.090698 0.023438 0.038330
0 0.489095 0.910400 0.079102 0.011230
0 0.905762 0.722900 0.016602 0.052734
0 0.803223 0.327759 0.019857 0.043701
0 0.403971 0.574463 0.020182 0.042480
0 0.787598 0.323853 0.016602 0.051514
0 0.759928 0.297729 0.016602 0.051514
0 0.247721 0.187134 0.068359 0.012451
0 0.855306 0.932617 0.061523 0.013672
0 0.870931 0.607056 0.016602 0.050049
0 0.371094 0.104736 0.023438 0.035156
0 0.226888 0.565674 0.020182 0.040527
0 0.773763 0.246948 0.065104 0.012451
0 0.806803 0.738892 0.047852 0.016846
0 0.395182 0.283447 0.065104 0.012207
0 0.542806 0.036011 0.061523 0.012451
0 0.916178 0.105103 0.016602 0.046143
0 0.860514 0.688354 0.016602 0.046143
0 0.853516 0.264893 0.044271 0.017090
0 0.196452 0.765869 0.014648 0.050293
0 0.610514 0.517822 0.016602 0.043457
0 0.775065 0.313965 0.018880 0.037109
0 0.821940 0.187134 0.015625 0.043701
0 0.463867 0.630127 0.014974 0.044434
0 0.244303 0.444824 0.019857 0.033203
0 0.688639 0.135986 0.068685 0.009277
0 0.145345 0.082886 0.016602 0.038330
0 0.664388 0.039917 0.041016 0.014893
0 0.699219 0.430542 0.013021 0.046143
0 0.850098 0.162354 0.016602 0.035645
0 0.895345 0.148926 0.016602 0.035156
0 0.864095 0.461426 0.016602 0.035156
0 0.637533 0.630737 0.063477 0.009033
0 0.837077 0.879761 0.045898 0.012451
0 0.302897 0.584229 0.012044 0.046387
0 0.285970 0.270020 0.047852 0.011719
0 0.666016 0.054321 0.044271 0.012451
0 0.214681 0.726074 0.016602 0.033203
0 0.251139 0.601807 0.061523 0.008301
0 0.874512 0.323242 0.037435 0.013672
0 0.171224 0.301636 0.013021 0.038330
0 0.287598 0.115112 0.016602 0.030029
0 0.288900 0.145386 0.040039 0.012451
0 0.185221 0.107422 0.013021 0.035156
0 0.608398 0.477539 0.046875 0.009766
0 0.923014 0.427368 0.051107 0.008545
0 0.613118 0.461914 0.042643 0.009766
0 0.493327 0.439697 0.032227 0.012207
0 0.815104 0.204956 0.015625 0.022217
0 0.376302 0.474854 0.013021 0.025391
0 0.810221 0.220947 0.026693 0.012207
0 0.440430 0.146729 0.016276 0.020020
0 0.978678 0.278809 0.009440 0.013672
