0 0.229492 0.705322 0.067057 0.095703
0 0.840495 0.948853 0.122396 0.046143
0 0.274577 0.383667 0.053060 0.077393
0 0.405762 0.908447 0.051107 0.074707
0 0.877930 0.665039 0.051432 0.072266
0 0.476888 0.584229 0.089193 0.041016
0 0.469889 0.396729 0.089518 0.035645
0 0.441243 0.488525 0.097982 0.031738
0 0.303385 0.645386 0.033854 0.085205
0 0.541178 0.661011 0.037435 0.074951
0 0.412760 0.558228 0.044271 0.061768
0 0.472982 0.437134 0.095703 0.028076
0 0.699056 0.834839 0.082357 0.031982
0 0.132650 0.924072 0.040039 0.064453
0 0.560221 0.377563 0.075521 0.032471
0 0.324056 0.272705 0.027018 0.089844
0 0.834147 0.456055 0.040039 0.060547
0 0.586263 0.865479 0.078776 0.030762
0 0.483887 0.174072 0.040690 0.059082
0 0.558431 0.280762 0.071940 0.033203
0 0.244141 0.851196 0.033854 0.069580
0 0.502930 0.696533 0.030599 0.072754
0 0.419596 0.796509 0.037109 0.059326
0 0.759928 0.931152 0.099935 0.021484
0 0.463379 0.677612 0.034831 0.061279
0 0.345378 0.425415 0.034505 0.061768
0 0.896647 0.921143 0.095378 0.021973
0 0.796387 0.539917 0.040690 0.051514
0 0.725098 0.424683 0.037435 0.055420
0 0.832845 0.385010 0.037435 0.054199
0 0.282552 0.305664 0.033854 0.056641
0 0.723307 0.680664 0.033854 0.056641
0 0.245931 0.968994 0.079102 0.023926
0 0.930013 0.701172 0.037109 0.050781
0 0.662598 0.891602 0.071940 0.025391
0 0.490723 0.124512 0.103190 0.017578
0 0.830241 0.110229 0.087565 0.020264
0 0.199056 0.817383 0.027018 0.064453
0 0.864095 0.370728 0.037435 0.046143
0 0.681803 0.517822 0.061523 0.027832
0 0.469889 0.265259 0.019857 0.085205
0 0.879720 0.189453 0.061523 0.027344
0 0.341471 0.067993 0.089193 0.018799
0 0.640951 0.589478 0.035807 0.046143
0 0.460286 0.899414 0.028646 0.056641
0 0.900391 0.035400 0.033854 0.047363
0 0.574870 0.359009 0.070312 0.022705
0 0.759440 0.443604 0.078125 0.020020
0 0.480306 0.321899 0.027018 0.057861
0 0.289388 0.952759 0.068359 0.022705
0 0.645345 0.285400 0.071940 0.021484
0 0.542969 0.227173 0.033854 0.045654
0 0.702148 0.193604 0.060547 0.025391
0 0.395182 0.101074 0.023438 0.064453
0 0.811035 0.627197 0.084310 0.017578
0 0.555013 0.530518 0.030599 0.048340
0 0.331055 0.098511 0.033854 0.043701
0 0.416016 0.856323 0.065104 0.022705
0 0.780599 0.568604 0.023438 0.062012
0 0.426432 0.888916 0.023438 0.062012
0 0.658691 0.589478 0.071289 0.020264
0 0.466471 0.871948 0.026693 0.053955
0 0.154948 0.656494 0.028646 0.050293
0 0.832357 0.212524 0.029297 0.047607
0 0.772135 0.370605 0.033854 0.041016
0 0.497721 0.521729 0.033854 0.041016
0 0.858887 0.885620 0.027018 0.050049
0 0.377930 0.873291 0.023438 0.056641
0 0.337891 0.237305 0.096354 0.013672
0 0.162598 0.106323 0.030273 0.043701
0 0.728678 0.387207 0.030273 0.042969
0 0.685221 0.276245 0.068359 0.018799
0 0.909180 0.574097 0.030599 0.041748
0 0.811849 0.607422 0.065104 0.019531
0 0.568034 0.300415 0.083984 0.014893
0 0.857096 0.511230 0.030599 0.041016
0 0.466471 0.566040 0.061849 0.020264
0 0.620931 0.618164 0.030273 0.041016
0 0.438639 0.562134 0.027018 0.043701
0 0.920410 0.761719 0.025065 0.046875
0 0.853678 0.650635 0.030273 0.038574
0 0.902181 0.332642 0.030273 0.037842
0 0.855306 0.079712 0.068685 0.016357
0 0.712891 0.766479 0.054688 0.020264
0 0.843099 0.373291 0.023438 0.046387
0 0.242025 0.802979 0.071289 0.015137
0 0.756348 0.683228 0.071940 0.014893
0 0.738932 0.425049 0.023438 0.045410
0 0.729492 0.091675 0.073568 0.014404
0 0.723470 0.779541 0.068685 0.015137
0 0.572428 0.628540 0.016602 0.061768
0 0.226888 0.042236 0.020182 0.050781
0 0.506022 0.448853 0.050456 0.020264
0 0.575846 0.877197 0.057943 0.017578
0 0.534180 0.537354 0.016276 0.062012
0 0.138021 0.288574 0.057292 0.017578
0 0.890137 0.170898 0.027018 0.037109
0 0.138346 0.184448 0.078776 0.012451
0 0.492513 0.555542 0.065104 0.014893
0 0.702637 0.438354 0.027018 0.035889
0 0.591471 0.477417 0.047526 0.020264
0 0.815430 0.047852 0.023438 0.041016
0 0.504557 0.288574 0.054688 0.017578
0 0.879232 0.550415 0.026042 0.035889
0 0.393555 0.968262 0.052734 0.017578
0 0.761556 0.860229 0.061523 0.014893
0 0.344889 0.487915 0.019857 0.046143
0 0.663900 0.243042 0.060872 0.014893
0 0.280762 0.069824 0.051107 0.017578
0 0.280273 0.513916 0.015625 0.056641
0 0.577637 0.367798 0.061523 0.014404
0 0.370931 0.279541 0.058268 0.015137
0 0.768555 0.739136 0.020182 0.043701
0 0.582845 0.901978 0.058268 0.014893
0 0.292806 0.853760 0.019857 0.043457
0 0.751139 0.481323 0.068685 0.012451
0 0.516764 0.080078 0.071940 0.011719
0 0.171387 0.588135 0.019857 0.042480
0 0.747233 0.884766 0.019206 0.042969
0 0.619303 0.558105 0.019857 0.041016
0 0.870931 0.239258 0.016602 0.048828
0 0.621094 0.812134 0.065104 0.012451
0 0.138346 0.575195 0.016276 0.048828
0 0.920898 0.417480 0.018880 0.041016
0 0.749512 0.295166 0.051107 0.015137
0 0.785156 0.760986 0.018229 0.040527
0 0.641764 0.102173 0.051107 0.014404
0 0.683431 0.437134 0.016602 0.043701
0 0.816406 0.275269 0.018229 0.037842
0 0.667480 0.360229 0.019206 0.035889
0 0.515137 0.889526 0.061523 0.010986
0 0.820638 0.516479 0.013021 0.051514
0 0.653971 0.437012 0.020182 0.033203
0 0.678223 0.413330 0.019857 0.032715
0 0.839681 0.523071 0.016602 0.038330
0 0.464681 0.335571 0.016602 0.038330
0 0.771159 0.660645 0.052734 0.011719
0 0.414062 0.137573 0.046875 0.012451
0 0.604980 0.715088 0.012044 0.047363
0 0.180013 0.047852 0.057943 0.009766
0 0.534180 0.388916 0.057943 0.009766
0 0.292480 0.102417 0.012044 0.046143
0 0.351888 0.147339 0.020182 0.026611
0 0.417806 0.563477 0.019857 0.025391
0 0.252930 0.050415 0.016276 0.030518
0 0.518555 0.526611 0.013021 0.035156
0 0.570150 0.144775 0.012044 0.037109
0 0.593099 0.266602 0.044271 0.009766
0 0.423991 0.605103 0.011393 0.030518
0 0.982096 0.275635 0.009766 0.017578
0 0.004232 0.413086 0.005208 0.021484
0 0.996908 0.280884 0.004232 0.012451
