0 0.527344 0.640259 0.190104 0.053955
0 0.308919 0.103760 0.065755 0.105957
0 0.771159 0.197510 0.067057 0.085449
0 0.558919 0.437378 0.065755 0.080811
0 0.506348 0.305542 0.037435 0.108643
0 0.640951 0.825073 0.049479 0.074951
0 0.325033 0.805176 0.084310 0.035156
0 0.445638 0.882446 0.041016 0.069580
0 0.764974 0.567383 0.033854 0.080078
0 0.457845 0.150635 0.079102 0.033203
0 0.357096 0.015259 0.093099 0.028076
0 0.379232 0.434570 0.074870 0.033203
0 0.826660 0.413940 0.025065 0.096436
0 0.864095 0.549072 0.037435 0.064453
0 0.232096 0.168945 0.072266 0.033203
0 0.716471 0.884399 0.082682 0.026611
0 0.738607 0.938354 0.106120 0.020264
0 0.697428 0.132446 0.092773 0.022705
0 0.226888 0.467041 0.041016 0.051270
0 0.330566 0.069946 0.074544 0.028076
0 0.863281 0.442627 0.070312 0.028809
0 0.277181 0.444946 0.037435 0.053955
0 0.214844 0.095947 0.023438 0.085449
0 0.853678 0.727173 0.079102 0.024658
0 0.403158 0.231323 0.032227 0.059326
0 0.879720 0.655884 0.027018 0.069580
0 0.252441 0.086792 0.022461 0.077393
0 0.747721 0.200073 0.020182 0.085205
0 0.829427 0.636230 0.023438 0.072266
0 0.818848 0.082642 0.099935 0.016846
0 0.301107 0.362793 0.022786 0.072266
0 0.494303 0.545166 0.082357 0.020020
0 0.645345 0.530762 0.092773 0.017578
0 0.820638 0.792603 0.020182 0.077393
0 0.807617 0.598877 0.021484 0.070312
0 0.433594 0.506714 0.023438 0.063232
0 0.299805 0.682495 0.026693 0.055420
0 0.534180 0.818604 0.023438 0.062012
0 0.761556 0.743042 0.068685 0.020264
0 0.872721 0.178955 0.075521 0.017090
0 0.921387 0.812134 0.019857 0.059326
0 0.344889 0.161011 0.089518 0.012451
0 0.402181 0.120728 0.071940 0.014893
0 0.345703 0.702637 0.059896 0.017578
0 0.618815 0.512207 0.088542 0.011719
0 0.363607 0.090698 0.078125 0.012451
0 0.957845 0.806885 0.016602 0.048828
0 0.952474 0.661011 0.013021 0.053955
0 0.181641 0.187134 0.013021 0.053955
0 0.455566 0.967041 0.019206 0.035645
0 0.611328 0.487549 0.018229 0.024902
0 0.019857 0.072266 0.036458 0.011719
0 0.259928 0.013916 0.016602 0.025391
0 0.006348 0.416260 0.009440 0.022949
0 0.978678 0.279541 0.009440 0.015137
0 0.985514 0.338135 0.009440 0.012207
