0 0.154785 0.877197 0.077148 0.137207
0 0.383138 0.210205 0.138021 0.042969
0 0.471680 0.014893 0.210938 0.027344
0 0.247721 0.679199 0.061849 0.080078
0 0.803223 0.905884 0.110352 0.043701
0 0.640137 0.541260 0.040690 0.102051
0 0.803223 0.095947 0.047852 0.085449
0 0.284180 0.637573 0.051432 0.074951
0 0.520833 0.832886 0.052083 0.069580
0 0.377930 0.511353 0.099609 0.035889
0 0.273763 0.667847 0.051432 0.067627
0 0.545085 0.773071 0.045247 0.074951
0 0.391764 0.818359 0.092773 0.035156
0 0.666016 0.888916 0.127604 0.025391
0 0.732910 0.301758 0.094727 0.033203
0 0.294596 0.750244 0.085938 0.034668
0 0.765951 0.579102 0.111979 0.025391
0 0.702637 0.402588 0.089518 0.031738
0 0.176595 0.799072 0.037435 0.074707
0 0.903971 0.687012 0.082682 0.033203
0 0.442220 0.657104 0.040690 0.067139
0 0.777344 0.722900 0.085938 0.031738
0 0.659180 0.163696 0.044271 0.059326
0 0.501139 0.541260 0.040690 0.064453
0 0.687012 0.621948 0.092773 0.028076
0 0.733398 0.783447 0.039714 0.064453
0 0.703451 0.450439 0.035807 0.070312
0 0.673991 0.864136 0.087565 0.028076
0 0.278971 0.821289 0.033854 0.072266
0 0.275553 0.356323 0.040690 0.059326
0 0.388346 0.856323 0.085938 0.028076
0 0.160970 0.039307 0.082357 0.029297
0 0.556641 0.833618 0.033854 0.071045
0 0.431315 0.260742 0.081380 0.029297
0 0.509928 0.232666 0.030273 0.077637
0 0.325358 0.465698 0.043294 0.053955
0 0.874512 0.937134 0.037435 0.059326
0 0.634766 0.870605 0.085938 0.025391
0 0.547689 0.300415 0.071289 0.030518
0 0.778971 0.860229 0.068359 0.030518
0 0.618815 0.701416 0.039714 0.051270
0 0.746745 0.897095 0.039062 0.052002
0 0.339681 0.092041 0.079102 0.025391
0 0.336263 0.834229 0.078776 0.025391
0 0.487305 0.421143 0.033854 0.058594
0 0.819010 0.417603 0.023438 0.082764
0 0.496908 0.449463 0.087565 0.021484
0 0.275553 0.288696 0.027018 0.069580
0 0.848470 0.632446 0.082357 0.022705
0 0.437012 0.501221 0.071940 0.025879
0 0.555013 0.318604 0.072266 0.025391
0 0.499512 0.872559 0.030273 0.060547
0 0.666016 0.062134 0.065104 0.028076
0 0.862305 0.038696 0.033854 0.053955
0 0.669596 0.245728 0.023438 0.077393
0 0.905762 0.616821 0.079102 0.022705
0 0.860514 0.171143 0.030273 0.058594
0 0.646647 0.239136 0.032878 0.053955
0 0.511556 0.637939 0.027018 0.064941
0 0.732096 0.524658 0.030599 0.057129
0 0.848307 0.472290 0.033854 0.051514
0 0.827637 0.913696 0.061523 0.028076
0 0.417806 0.444946 0.061523 0.028076
0 0.435221 0.942383 0.026693 0.064453
0 0.534180 0.094360 0.030599 0.055908
0 0.890137 0.064697 0.061523 0.027832
0 0.896973 0.914917 0.027018 0.061768
0 0.556803 0.368042 0.027018 0.061768
0 0.693034 0.258667 0.035807 0.046143
0 0.794596 0.253540 0.023438 0.067139
0 0.919596 0.883667 0.030599 0.051514
0 0.186849 0.568604 0.023438 0.066895
0 0.384928 0.451416 0.030273 0.051270
0 0.910970 0.352417 0.019857 0.077393
0 0.844889 0.704102 0.027018 0.056641
0 0.775391 0.618042 0.075521 0.020264
0 0.336263 0.207886 0.065104 0.022705
0 0.162760 0.739136 0.065104 0.022705
0 0.549805 0.058838 0.068359 0.021484
0 0.596680 0.472290 0.023438 0.061768
0 0.251139 0.489502 0.027018 0.053223
0 0.433594 0.928589 0.085938 0.016357
0 0.810221 0.834961 0.026693 0.052734
0 0.322428 0.533447 0.079102 0.017578
0 0.325846 0.799072 0.023438 0.059082
0 0.346680 0.562012 0.078776 0.017578
0 0.607096 0.528809 0.030599 0.044922
0 0.601888 0.625244 0.026693 0.050293
0 0.645182 0.823730 0.023438 0.056641
0 0.929525 0.315918 0.022461 0.056641
0 0.759928 0.075195 0.071940 0.017578
0 0.582357 0.302734 0.064453 0.019531
0 0.469889 0.099854 0.027018 0.046387
0 0.876139 0.706665 0.061523 0.020264
0 0.459473 0.498291 0.019857 0.062012
0 0.700033 0.089111 0.021810 0.056152
0 0.726400 0.691040 0.081706 0.014893
0 0.761556 0.489502 0.019857 0.060059
0 0.792806 0.309448 0.027018 0.043701
0 0.591471 0.421143 0.068359 0.017090
0 0.704264 0.366821 0.030273 0.038330
0 0.922201 0.448120 0.028646 0.039795
0 0.213053 0.696289 0.027018 0.041016
0 0.754720 0.749634 0.019857 0.053955
0 0.804199 0.143433 0.056315 0.018799
0 0.480306 0.773071 0.027018 0.038330
0 0.568848 0.930542 0.016602 0.061768
0 0.659180 0.912354 0.051432 0.020020
0 0.853516 0.207886 0.023438 0.043701
0 0.298177 0.330322 0.023438 0.043457
0 0.532389 0.689697 0.082357 0.012207
0 0.205078 0.556885 0.018229 0.054199
0 0.758138 0.093018 0.020182 0.048340
0 0.444824 0.590698 0.025065 0.038330
0 0.271973 0.667236 0.027018 0.035156
0 0.563639 0.852051 0.027018 0.035156
0 0.581055 0.232300 0.020182 0.045654
0 0.761556 0.534790 0.061523 0.014893
0 0.178223 0.661987 0.019857 0.045654
0 0.853678 0.476196 0.071940 0.012451
0 0.769857 0.657837 0.080078 0.010986
0 0.541178 0.456665 0.058268 0.014893
0 0.872721 0.572510 0.020182 0.038574
0 0.364095 0.394409 0.016602 0.045654
0 0.355794 0.489136 0.060547 0.012451
0 0.713053 0.559204 0.019857 0.037842
0 0.329264 0.961548 0.051107 0.014404
0 0.714681 0.848511 0.058268 0.012451
0 0.390137 0.873291 0.047852 0.015137
0 0.716471 0.914917 0.020182 0.035889
0 0.659180 0.020386 0.057943 0.012451
0 0.511556 0.468262 0.040690 0.017578
0 0.902995 0.093262 0.039062 0.017578
0 0.902181 0.844727 0.016602 0.041016
0 0.853678 0.321289 0.016602 0.041016
0 0.626139 0.079712 0.061523 0.010986
0 0.633138 0.586792 0.013021 0.051514
0 0.829753 0.188354 0.044922 0.014893
0 0.580078 0.899048 0.018229 0.036377
0 0.690430 0.909790 0.044271 0.014893
0 0.380859 0.066284 0.015625 0.041748
0 0.818848 0.015259 0.051107 0.012451
0 0.898763 0.166260 0.051432 0.012207
0 0.909180 0.809448 0.016276 0.038330
0 0.896973 0.758667 0.040690 0.014893
0 0.146973 0.116821 0.047852 0.012451
0 0.749512 0.225464 0.051107 0.010986
0 0.295410 0.483887 0.011393 0.048828
0 0.586263 0.101074 0.016276 0.033203
0 0.647135 0.326416 0.013021 0.041016
0 0.917969 0.844360 0.013021 0.040283
0 0.761556 0.137573 0.040690 0.012451
0 0.427897 0.484985 0.053711 0.009033
0 0.257324 0.603394 0.011393 0.037842
0 0.917969 0.663696 0.033854 0.012451
0 0.737305 0.918823 0.013021 0.028076
