0 0.216471 0.899414 0.068359 0.103516
0 0.535807 0.478760 0.054688 0.105957
0 0.377930 0.616821 0.106771 0.043701
0 0.148763 0.553223 0.057943 0.078125
0 0.468262 0.815430 0.099935 0.044922
0 0.453451 0.269775 0.056641 0.068359
0 0.431315 0.214355 0.088542 0.041016
0 0.619303 0.467773 0.047852 0.068359
0 0.795898 0.633057 0.102214 0.029297
0 0.354492 0.644775 0.080729 0.037109
0 0.742513 0.598267 0.044271 0.063721
0 0.204264 0.299683 0.113607 0.024170
0 0.318848 0.716064 0.079102 0.033691
0 0.526367 0.717285 0.042318 0.062500
0 0.719076 0.750977 0.025391 0.103516
0 0.257324 0.279907 0.087565 0.030029
0 0.200846 0.820557 0.106771 0.023926
0 0.417806 0.662354 0.040690 0.062012
0 0.615397 0.784790 0.081706 0.030518
0 0.442220 0.906860 0.082357 0.030029
0 0.719076 0.886353 0.080729 0.030518
0 0.659180 0.649292 0.030599 0.077393
0 0.285807 0.400635 0.033854 0.069824
0 0.518555 0.451416 0.075521 0.030762
0 0.190430 0.209839 0.072266 0.031982
0 0.482096 0.682617 0.078776 0.029297
0 0.148763 0.615479 0.037109 0.062012
0 0.747721 0.533447 0.041016 0.054199
0 0.237305 0.090088 0.082682 0.026855
0 0.306803 0.658447 0.027018 0.080078
0 0.243327 0.588135 0.077148 0.027832
0 0.458659 0.511353 0.031901 0.067139
0 0.775065 0.234009 0.039714 0.053955
0 0.381348 0.782837 0.079102 0.026611
0 0.535970 0.144165 0.040690 0.051514
0 0.601888 0.870728 0.033854 0.061768
0 0.549805 0.636353 0.068359 0.030518
0 0.341471 0.342407 0.096354 0.020752
0 0.758138 0.460205 0.026693 0.074219
0 0.579264 0.514893 0.071940 0.027344
0 0.913411 0.617432 0.039062 0.050293
0 0.850098 0.227417 0.037435 0.051514
0 0.712891 0.826416 0.033854 0.056641
0 0.805013 0.480103 0.037109 0.051514
0 0.278646 0.087402 0.088542 0.021484
0 0.278971 0.572510 0.068359 0.027832
0 0.499512 0.073853 0.092773 0.020264
0 0.241211 0.655151 0.069661 0.026611
0 0.369303 0.053589 0.068685 0.026611
0 0.935221 0.905884 0.061849 0.028076
0 0.456055 0.330322 0.075521 0.022949
0 0.181803 0.697510 0.061523 0.027832
0 0.195638 0.111572 0.033854 0.048828
0 0.483887 0.638916 0.082357 0.020020
0 0.177409 0.743774 0.059896 0.026611
0 0.629720 0.650391 0.027018 0.058594
0 0.761719 0.748291 0.033854 0.046387
0 0.338053 0.590698 0.068685 0.022705
0 0.331055 0.161011 0.068359 0.022705
0 0.160970 0.641602 0.027018 0.056641
0 0.890137 0.113892 0.068685 0.022217
0 0.155599 0.447510 0.023438 0.064453
0 0.445638 0.469727 0.026693 0.056641
0 0.264974 0.134644 0.033854 0.044189
0 0.782389 0.187500 0.027018 0.054688
0 0.933431 0.881104 0.058268 0.025391
0 0.634440 0.553345 0.070964 0.020752
0 0.714681 0.180542 0.071940 0.020264
0 0.238932 0.136353 0.023438 0.061768
0 0.214355 0.528320 0.029622 0.048828
0 0.655762 0.693604 0.071940 0.020020
0 0.238118 0.497681 0.021810 0.065674
0 0.583659 0.869385 0.080729 0.017578
0 0.480306 0.603760 0.061523 0.022949
0 0.773763 0.921509 0.023438 0.059326
0 0.202474 0.065918 0.054688 0.025391
0 0.535970 0.115479 0.068685 0.020020
0 0.798828 0.663696 0.059896 0.022705
0 0.739095 0.850586 0.030273 0.044922
0 0.570638 0.416870 0.026693 0.050049
0 0.210775 0.153809 0.029622 0.044922
0 0.407389 0.470947 0.027018 0.048828
0 0.153971 0.103760 0.026693 0.048828
0 0.904785 0.700073 0.056315 0.022705
0 0.893555 0.339478 0.061849 0.020264
0 0.806803 0.529541 0.027018 0.046387
0 0.475098 0.423340 0.058268 0.021484
0 0.265951 0.421509 0.028646 0.043701
0 0.332031 0.189697 0.028646 0.043457
0 0.389974 0.707886 0.054688 0.022705
0 0.445638 0.882446 0.054688 0.022705
0 0.920573 0.855103 0.080729 0.014893
0 0.281901 0.922729 0.026042 0.046143
0 0.683431 0.562744 0.030273 0.039551
0 0.530762 0.937134 0.030273 0.038330
0 0.814941 0.368042 0.022461 0.051514
0 0.357096 0.122070 0.023438 0.048828
0 0.865234 0.536011 0.026042 0.043701
0 0.900065 0.289917 0.054036 0.020264
0 0.280599 0.467041 0.023438 0.046387
0 0.251139 0.033447 0.061523 0.017578
0 0.331055 0.882080 0.020182 0.053223
0 0.193522 0.680542 0.029622 0.035889
0 0.643066 0.918579 0.060872 0.016846
0 0.813151 0.641479 0.067708 0.014893
0 0.249023 0.020508 0.057292 0.017578
0 0.614095 0.801636 0.079102 0.012451
0 0.776855 0.279541 0.064128 0.015137
0 0.338053 0.845947 0.019857 0.048828
0 0.140137 0.592041 0.027018 0.035645
0 0.391927 0.607666 0.023438 0.041016
0 0.176432 0.102539 0.023438 0.041016
0 0.722982 0.776001 0.018880 0.049561
0 0.855306 0.383667 0.061523 0.014893
0 0.228678 0.783447 0.051107 0.017578
0 0.566406 0.378540 0.059896 0.014893
0 0.842773 0.341675 0.015625 0.055908
0 0.690430 0.121338 0.016276 0.052734
0 0.294596 0.873291 0.016276 0.051270
0 0.237305 0.168945 0.047526 0.017578
0 0.236979 0.213135 0.046875 0.017578
0 0.601888 0.445923 0.020182 0.040283
0 0.301432 0.965698 0.065104 0.012451
0 0.752604 0.774292 0.015625 0.051514
0 0.721354 0.495728 0.015625 0.051514
0 0.238932 0.864868 0.023438 0.034424
0 0.612305 0.469971 0.075521 0.010254
0 0.259928 0.503540 0.016602 0.046143
0 0.180013 0.663696 0.016276 0.043701
0 0.428385 0.503174 0.075521 0.009277
0 0.695638 0.519165 0.013021 0.051514
0 0.595052 0.607666 0.013021 0.051270
0 0.693848 0.234985 0.016602 0.040283
0 0.646159 0.605103 0.018229 0.035889
0 0.233724 0.663330 0.054688 0.011719
0 0.606771 0.597168 0.015625 0.041016
0 0.509928 0.597290 0.016602 0.035889
0 0.563639 0.622925 0.040690 0.014404
0 0.459147 0.554932 0.040039 0.013672
0 0.504557 0.857666 0.054688 0.009766
0 0.365397 0.187134 0.012044 0.043701
0 0.214681 0.217041 0.016602 0.030762
0 0.440430 0.589355 0.051432 0.009766
0 0.626302 0.585571 0.013021 0.038330
0 0.528971 0.592651 0.013021 0.034424
0 0.297201 0.550049 0.014974 0.029785
0 0.740885 0.132324 0.013021 0.033203
0 0.906087 0.778198 0.034831 0.012451
0 0.166178 0.118164 0.016602 0.025391
0 0.153483 0.176636 0.032878 0.012451
0 0.820638 0.166260 0.013021 0.027832
0 0.409993 0.589478 0.011393 0.030518
0 0.288086 0.248291 0.031250 0.009766
0 0.749023 0.065674 0.008464 0.029785
