0 0.407878 0.323853 0.138672 0.051514
0 0.280762 0.267578 0.120768 0.042969
0 0.416178 0.852783 0.113607 0.036621
0 0.667969 0.541870 0.054688 0.071045
0 0.258138 0.649292 0.103516 0.035889
0 0.174316 0.274292 0.095378 0.035889
0 0.766764 0.930664 0.037435 0.087891
0 0.180501 0.101196 0.045247 0.069580
0 0.495931 0.253540 0.037435 0.082764
0 0.519857 0.696167 0.043620 0.067139
0 0.238932 0.426758 0.044271 0.064453
0 0.466471 0.084229 0.089193 0.030762
0 0.478516 0.667603 0.044271 0.061768
0 0.676595 0.885742 0.092773 0.029297
0 0.284180 0.597168 0.037109 0.072266
0 0.881510 0.430542 0.085938 0.030518
0 0.301595 0.379761 0.092773 0.028076
0 0.157389 0.116821 0.027018 0.090576
0 0.421224 0.888916 0.075521 0.030762
0 0.214681 0.161987 0.037435 0.061279
0 0.608887 0.674072 0.082357 0.027832
0 0.236816 0.095947 0.081706 0.027832
0 0.420898 0.595947 0.081380 0.027832
0 0.923014 0.853760 0.079102 0.027832
0 0.770345 0.474243 0.030273 0.071045
0 0.306803 0.506104 0.068685 0.030762
0 0.489095 0.585571 0.092773 0.022705
0 0.414388 0.909668 0.082682 0.025391
0 0.511556 0.615479 0.103190 0.020020
0 0.234701 0.510010 0.073568 0.027832
0 0.240723 0.481323 0.089518 0.022705
0 0.450846 0.457886 0.072266 0.028076
0 0.721680 0.563965 0.093099 0.021484
0 0.180013 0.209229 0.078776 0.025391
0 0.377930 0.579102 0.078776 0.025391
0 0.305013 0.275391 0.072266 0.027344
0 0.449219 0.961914 0.075521 0.025391
0 0.277995 0.517822 0.039062 0.048828
0 0.284180 0.094604 0.093099 0.020264
0 0.431803 0.624634 0.082357 0.022705
0 0.148763 0.546509 0.030599 0.059326
0 0.289062 0.788696 0.026042 0.069580
0 0.834473 0.959229 0.068685 0.025391
0 0.144857 0.415649 0.036458 0.047607
0 0.604818 0.635986 0.026042 0.066406
0 0.622721 0.562012 0.026693 0.064453
0 0.721680 0.456543 0.023438 0.072266
0 0.907389 0.666016 0.061523 0.027344
0 0.337891 0.487915 0.033854 0.046143
0 0.601562 0.924072 0.067708 0.022949
0 0.362305 0.059448 0.068359 0.022705
0 0.704264 0.211426 0.079102 0.019531
0 0.736816 0.258789 0.060872 0.025391
0 0.766764 0.151611 0.030273 0.050781
0 0.743815 0.756714 0.026042 0.057861
0 0.889974 0.413940 0.033854 0.044189
0 0.794596 0.194824 0.030599 0.048828
0 0.522135 0.786011 0.033854 0.043701
0 0.596680 0.292603 0.072266 0.020264
0 0.858887 0.538696 0.027018 0.053955
0 0.231283 0.213135 0.063477 0.022949
0 0.131022 0.520508 0.029622 0.048828
0 0.249512 0.662354 0.071940 0.020020
0 0.390951 0.541260 0.028646 0.048828
0 0.336263 0.874634 0.023438 0.059326
0 0.553223 0.698853 0.068685 0.020264
0 0.702637 0.904541 0.068685 0.020020
0 0.634928 0.924072 0.058268 0.022949
0 0.801107 0.650024 0.070964 0.018799
0 0.865885 0.879883 0.075521 0.017578
0 0.832682 0.394043 0.023438 0.056641
0 0.296224 0.447510 0.075521 0.017578
0 0.204264 0.069946 0.058268 0.022705
0 0.433594 0.370728 0.065104 0.020264
0 0.504720 0.458008 0.027018 0.048828
0 0.529948 0.419434 0.028646 0.044922
0 0.584473 0.866455 0.019857 0.063965
0 0.509766 0.929565 0.023438 0.053467
0 0.775065 0.549072 0.054036 0.022949
0 0.600260 0.420898 0.023438 0.052734
0 0.357096 0.128784 0.023438 0.052002
0 0.554036 0.540649 0.028646 0.042236
0 0.924805 0.911133 0.068359 0.017578
0 0.695638 0.929321 0.020182 0.059326
0 0.397461 0.420898 0.055339 0.021484
0 0.511719 0.639160 0.075521 0.015625
0 0.431803 0.478760 0.027018 0.043457
0 0.171387 0.088135 0.027018 0.043457
0 0.586263 0.593384 0.030599 0.038330
0 0.599609 0.789917 0.078125 0.014893
0 0.711263 0.504883 0.023438 0.048828
0 0.482096 0.883301 0.057943 0.019531
0 0.442220 0.415039 0.019857 0.056641
0 0.341471 0.547729 0.075521 0.014893
0 0.667806 0.683105 0.019857 0.056641
0 0.432617 0.442383 0.063151 0.017578
0 0.296387 0.667480 0.027018 0.041016
0 0.936849 0.884644 0.065104 0.016846
0 0.315430 0.818604 0.016276 0.066895
0 0.527344 0.885742 0.023438 0.044922
0 0.295898 0.570923 0.026042 0.040283
0 0.164388 0.477417 0.068359 0.014893
0 0.367513 0.322510 0.057943 0.017578
0 0.384928 0.460571 0.079102 0.012451
0 0.700033 0.718994 0.021810 0.044922
0 0.931803 0.455322 0.019857 0.048828
0 0.162598 0.133789 0.016602 0.056641
0 0.716471 0.196167 0.061849 0.014893
0 0.256348 0.731445 0.051107 0.017578
0 0.340983 0.183228 0.019206 0.046143
0 0.291178 0.873291 0.016602 0.051270
0 0.862305 0.510010 0.047526 0.017578
0 0.572428 0.198486 0.058268 0.014160
0 0.190430 0.622070 0.016276 0.048828
0 0.648763 0.554199 0.016276 0.048828
0 0.614909 0.934082 0.067057 0.011719
0 0.306803 0.496948 0.061523 0.012451
0 0.313639 0.470947 0.019857 0.038574
0 0.858887 0.848267 0.019857 0.037842
0 0.579264 0.565063 0.016602 0.044189
0 0.516764 0.392822 0.058268 0.012207
0 0.469889 0.563354 0.019857 0.035889
0 0.702474 0.262573 0.013021 0.053955
0 0.700521 0.515259 0.015625 0.043701
0 0.258138 0.595947 0.020182 0.033203
0 0.263346 0.451416 0.016276 0.041016
0 0.127930 0.217041 0.016276 0.041016
0 0.334473 0.135010 0.019857 0.033203
0 0.469889 0.397949 0.019857 0.033203
0 0.242188 0.148926 0.015625 0.035156
0 0.365397 0.182861 0.012044 0.044434
0 0.169596 0.292603 0.016276 0.030518
0 0.720052 0.870117 0.033854 0.013672
0 0.909180 0.226196 0.030599 0.012451
0 0.824219 0.181885 0.013021 0.027832
0 0.146973 0.184448 0.027018 0.007080
0 0.004720 0.415283 0.006185 0.020996
