0 0.233887 0.893799 0.068685 0.096191
0 0.504232 0.586792 0.137370 0.046143
0 0.598470 0.516113 0.124023 0.046875
0 0.163574 0.629761 0.115560 0.043701
0 0.737305 0.197510 0.054688 0.085449
0 0.653971 0.596558 0.054688 0.071045
0 0.849609 0.577393 0.098958 0.037598
0 0.629720 0.773071 0.131185 0.028076
0 0.282389 0.631104 0.040690 0.082520
0 0.652181 0.205322 0.051107 0.064453
0 0.464355 0.907837 0.112956 0.026611
0 0.791178 0.842041 0.079102 0.035645
0 0.501139 0.756104 0.082357 0.030762
0 0.251139 0.774292 0.027018 0.093018
0 0.332845 0.107666 0.079102 0.030762
0 0.671224 0.414307 0.033854 0.065918
0 0.490723 0.137329 0.040690 0.053467
0 0.728190 0.250854 0.070964 0.030518
0 0.613932 0.057861 0.085938 0.024902
0 0.759928 0.348511 0.030273 0.069580
0 0.763346 0.641602 0.037109 0.056641
0 0.266276 0.550293 0.036458 0.056641
0 0.869303 0.479492 0.027018 0.076172
0 0.205241 0.263916 0.066732 0.030762
0 0.687012 0.206665 0.030273 0.067139
0 0.404785 0.290039 0.035482 0.056641
0 0.595866 0.287354 0.035482 0.056641
0 0.514974 0.632446 0.033854 0.059326
0 0.837565 0.862183 0.039714 0.050049
0 0.490723 0.817261 0.068685 0.028076
0 0.303385 0.753418 0.033854 0.056641
0 0.631022 0.870361 0.064128 0.029785
0 0.594076 0.524902 0.087891 0.021484
0 0.669596 0.052002 0.037109 0.049316
0 0.235189 0.075073 0.064128 0.028076
0 0.846191 0.918823 0.029622 0.059326
0 0.388346 0.867432 0.072266 0.023926
0 0.450846 0.771729 0.085938 0.020020
0 0.685221 0.767822 0.061849 0.027832
0 0.797201 0.618774 0.035807 0.047607
0 0.699056 0.946167 0.082357 0.020264
0 0.888346 0.142822 0.030599 0.054199
0 0.666016 0.525635 0.023438 0.069824
0 0.822428 0.934448 0.030273 0.053955
0 0.897135 0.310791 0.033854 0.046387
0 0.707845 0.540649 0.058268 0.026611
0 0.779297 0.477539 0.020833 0.072266
0 0.519531 0.552979 0.028646 0.051270
0 0.563639 0.770386 0.027018 0.053955
0 0.354980 0.451416 0.019206 0.072266
0 0.610677 0.215698 0.023438 0.059326
0 0.588053 0.642456 0.061523 0.022217
0 0.654785 0.245728 0.021810 0.061768
0 0.612305 0.663574 0.075521 0.017578
0 0.615723 0.166260 0.027018 0.048828
0 0.555013 0.096924 0.023438 0.056152
0 0.603678 0.470947 0.030273 0.043457
0 0.429199 0.317261 0.021810 0.059326
0 0.784180 0.167603 0.085938 0.014893
0 0.437012 0.626587 0.030273 0.042236
0 0.530599 0.220947 0.023438 0.054199
0 0.346680 0.921387 0.072266 0.017578
0 0.266764 0.955322 0.071940 0.017578
0 0.900391 0.541260 0.054688 0.022949
0 0.595052 0.127197 0.054688 0.022949
0 0.440430 0.688477 0.030599 0.041016
0 0.707357 0.689697 0.070964 0.017578
0 0.688639 0.472290 0.061523 0.020264
0 0.287598 0.920166 0.030273 0.041016
0 0.140137 0.588867 0.027018 0.044922
0 0.682943 0.714478 0.057292 0.020264
0 0.176595 0.179321 0.030273 0.038330
0 0.551595 0.171509 0.030273 0.038330
0 0.746094 0.028320 0.065104 0.017578
0 0.152344 0.528320 0.023438 0.048828
0 0.331055 0.651978 0.075521 0.014893
0 0.556803 0.638916 0.027018 0.041016
0 0.532552 0.659790 0.054688 0.020264
0 0.846191 0.679199 0.022461 0.048828
0 0.718262 0.754150 0.051107 0.021484
0 0.383138 0.318604 0.054688 0.020020
0 0.919596 0.068604 0.023438 0.046387
0 0.325846 0.894165 0.023438 0.046143
0 0.230306 0.832886 0.019857 0.053955
0 0.302897 0.049072 0.060872 0.017578
0 0.940430 0.852783 0.023438 0.045410
0 0.417806 0.644165 0.019857 0.051514
0 0.798014 0.950195 0.058268 0.017578
0 0.820638 0.465698 0.026693 0.038330
0 0.452148 0.692261 0.018880 0.053955
0 0.471680 0.580322 0.057943 0.017578
0 0.853190 0.340698 0.022786 0.043701
0 0.495931 0.442261 0.079102 0.012451
0 0.895182 0.748291 0.065104 0.015137
0 0.239095 0.150635 0.016602 0.059082
0 0.419596 0.568237 0.023438 0.041748
0 0.928223 0.670166 0.027018 0.035645
0 0.268555 0.895508 0.054688 0.017578
0 0.570638 0.121338 0.020182 0.047363
0 0.606283 0.754517 0.056315 0.016846
0 0.252441 0.506714 0.022461 0.042236
0 0.511068 0.748291 0.062500 0.015137
0 0.145345 0.790039 0.016602 0.056641
0 0.740234 0.566040 0.026042 0.035889
0 0.801432 0.770386 0.023438 0.038330
0 0.207682 0.898071 0.023438 0.038330
0 0.579427 0.800415 0.044271 0.020264
0 0.120605 0.476074 0.050456 0.017578
0 0.525065 0.176025 0.054036 0.016113
0 0.588867 0.250244 0.021484 0.039551
0 0.596680 0.724854 0.023438 0.035645
0 0.622721 0.064453 0.068359 0.011719
0 0.823730 0.190674 0.019206 0.040527
0 0.669596 0.817383 0.023438 0.033203
0 0.299479 0.017212 0.046875 0.016357
0 0.561523 0.418945 0.043620 0.017578
0 0.298177 0.197266 0.065104 0.011719
0 0.780762 0.073853 0.051107 0.014893
0 0.881510 0.858276 0.023438 0.031982
0 0.220052 0.013916 0.075521 0.009766
0 0.829264 0.135010 0.016602 0.043457
0 0.146973 0.183228 0.019857 0.035889
0 0.117188 0.223511 0.015625 0.043701
0 0.355469 0.082886 0.054688 0.012451
0 0.690430 0.482666 0.016276 0.041016
0 0.544271 0.315918 0.015625 0.041016
0 0.916178 0.827759 0.016602 0.038330
0 0.627604 0.367798 0.015625 0.040283
0 0.810221 0.284424 0.020182 0.029785
0 0.200521 0.444580 0.015625 0.037598
0 0.678223 0.306885 0.047852 0.012207
0 0.690430 0.860229 0.016276 0.035889
0 0.190430 0.130493 0.016276 0.034424
0 0.459473 0.124634 0.019857 0.028076
0 0.146973 0.400635 0.019857 0.027832
0 0.801595 0.270142 0.016602 0.032471
0 0.501139 0.079102 0.019857 0.025391
0 0.691243 0.356323 0.011393 0.038330
0 0.272135 0.207886 0.033854 0.012451
0 0.222982 0.226196 0.033203 0.012451
0 0.671224 0.080322 0.013021 0.027832
0 0.810221 0.316650 0.013021 0.026855
0 0.773763 0.190674 0.009766 0.035156
0 0.218262 0.191040 0.016602 0.020264
0 0.164388 0.227417 0.013021 0.020264
0 0.732096 0.030273 0.037109 0.005859
0 0.982096 0.276978 0.009766 0.014893
0 0.448730 0.952759 0.019206 0.007080
0 0.284180 0.377197 0.016276 0.007324
0 0.989095 0.335571 0.009440 0.012451
0 0.004232 0.415527 0.005208 0.021484
0 0.251953 0.068604 0.007812 0.009766
