0 0.270833 0.539917 0.119792 0.051514
0 0.235677 0.411743 0.065104 0.081299
0 0.623698 0.424072 0.059896 0.085449
0 0.376139 0.717041 0.061523 0.082520
0 0.263346 0.912354 0.057943 0.082520
0 0.893555 0.641479 0.054688 0.077393
0 0.825846 0.826416 0.057943 0.072266
0 0.528971 0.946167 0.054688 0.067139
0 0.808594 0.276978 0.044271 0.077393
0 0.686849 0.674072 0.085938 0.038574
0 0.204264 0.927368 0.037435 0.086670
0 0.858398 0.528198 0.033203 0.090576
0 0.358398 0.657104 0.097005 0.030518
0 0.656576 0.586792 0.080729 0.035889
0 0.771973 0.914917 0.089518 0.030518
0 0.482585 0.429565 0.079753 0.032471
0 0.315430 0.413086 0.037109 0.068359
0 0.391764 0.498291 0.037435 0.066895
0 0.745931 0.896729 0.037435 0.066895
0 0.171224 0.681274 0.033854 0.073486
0 0.377930 0.882324 0.072266 0.033203
0 0.682617 0.342041 0.035807 0.066895
0 0.335938 0.393433 0.036458 0.065674
0 0.411296 0.602783 0.076497 0.031250
0 0.320638 0.064697 0.082682 0.027832
0 0.902181 0.488770 0.030273 0.074219
0 0.816732 0.058105 0.039714 0.056641
0 0.291178 0.653198 0.037435 0.059326
0 0.492513 0.862183 0.030599 0.071045
0 0.648763 0.758057 0.072266 0.029297
0 0.518555 0.339478 0.041016 0.051514
0 0.928223 0.842041 0.068685 0.030762
0 0.500814 0.106079 0.032878 0.063721
0 0.417806 0.953979 0.068685 0.030518
0 0.261556 0.654541 0.040690 0.051270
0 0.415690 0.049683 0.029297 0.065674
0 0.483724 0.766602 0.033854 0.056641
0 0.919596 0.498291 0.030599 0.062012
0 0.480306 0.064697 0.082357 0.022949
0 0.744303 0.124634 0.027018 0.069580
0 0.500814 0.596558 0.097331 0.018799
0 0.350098 0.504761 0.030273 0.059326
0 0.341471 0.728027 0.033854 0.052734
0 0.119141 0.728027 0.033854 0.052734
0 0.307943 0.314697 0.036458 0.048828
0 0.407389 0.666260 0.027018 0.064453
0 0.657389 0.385010 0.027018 0.064453
0 0.372721 0.038696 0.061849 0.028076
0 0.454427 0.935791 0.085938 0.020020
0 0.671224 0.890259 0.075521 0.022705
0 0.310221 0.912964 0.026693 0.063232
0 0.671224 0.952637 0.033854 0.048828
0 0.770182 0.646729 0.065104 0.025391
0 0.792806 0.927979 0.082357 0.020020
0 0.228516 0.706055 0.023438 0.068359
0 0.917806 0.817261 0.027018 0.059326
0 0.506348 0.703979 0.079102 0.020264
0 0.357422 0.559082 0.031250 0.050781
0 0.721680 0.409790 0.030599 0.051514
0 0.828939 0.856323 0.022461 0.069580
0 0.879557 0.446167 0.033854 0.046143
0 0.614095 0.829102 0.058268 0.025391
0 0.400553 0.377197 0.027018 0.054199
0 0.681803 0.395386 0.027018 0.053955
0 0.912272 0.905884 0.064128 0.022705
0 0.633138 0.150635 0.026693 0.054199
0 0.862305 0.463135 0.026693 0.054199
0 0.811523 0.443604 0.070964 0.020020
0 0.626139 0.692261 0.061523 0.022705
0 0.338053 0.618042 0.027018 0.051514
0 0.921387 0.066040 0.027018 0.051514
0 0.537598 0.516479 0.092773 0.014893
0 0.329264 0.544189 0.030273 0.044434
0 0.839844 0.334229 0.023438 0.056641
0 0.542969 0.687012 0.075521 0.017578
0 0.560221 0.718628 0.026693 0.049561
0 0.472493 0.193604 0.032227 0.041016
0 0.303223 0.455322 0.027018 0.048828
0 0.544596 0.554321 0.057943 0.022705
0 0.466797 0.575806 0.026042 0.050049
0 0.326660 0.810547 0.066732 0.019531
0 0.341471 0.343018 0.026693 0.048340
0 0.244303 0.903320 0.019857 0.064453
0 0.132161 0.504761 0.018229 0.069580
0 0.452637 0.297729 0.061523 0.020264
0 0.894857 0.069946 0.022786 0.053955
0 0.308105 0.217041 0.029622 0.041016
0 0.645345 0.121704 0.071940 0.016846
0 0.150065 0.697144 0.018880 0.063721
0 0.365234 0.511353 0.026042 0.046143
0 0.872721 0.296509 0.020182 0.059326
0 0.718262 0.269165 0.058268 0.020264
0 0.641764 0.038696 0.016602 0.069580
0 0.614095 0.882446 0.030273 0.038330
0 0.471191 0.463379 0.029622 0.039062
0 0.695638 0.828125 0.020182 0.054688
0 0.706380 0.663574 0.062500 0.017578
0 0.763346 0.344604 0.016276 0.067139
0 0.825846 0.951416 0.072266 0.015137
0 0.497721 0.477539 0.026693 0.041016
0 0.185221 0.617798 0.075521 0.014404
0 0.719889 0.899048 0.027018 0.040283
0 0.141764 0.426758 0.016602 0.064453
0 0.747233 0.732666 0.053711 0.020020
0 0.257324 0.576416 0.025065 0.041016
0 0.520345 0.741821 0.016602 0.059326
0 0.603678 0.403198 0.016602 0.059326
0 0.746094 0.542847 0.023438 0.041748
0 0.544596 0.578979 0.065104 0.014893
0 0.685221 0.727417 0.047526 0.020264
0 0.874349 0.704102 0.023438 0.041016
0 0.912760 0.430298 0.023438 0.040283
0 0.145345 0.771729 0.016602 0.056641
0 0.287598 0.595703 0.079102 0.011719
0 0.867513 0.657227 0.016276 0.056641
0 0.588053 0.606445 0.027018 0.033203
0 0.475260 0.650269 0.023438 0.037842
0 0.305501 0.021729 0.024414 0.035645
0 0.704264 0.636353 0.058268 0.014893
0 0.338053 0.668823 0.019857 0.043701
0 0.239095 0.942017 0.051107 0.016846
0 0.855306 0.731323 0.068685 0.012451
0 0.672526 0.089478 0.057292 0.014893
0 0.875326 0.368042 0.018229 0.046143
0 0.351888 0.049072 0.068359 0.012207
0 0.183594 0.030884 0.065104 0.012451
0 0.912598 0.877197 0.016602 0.048828
0 0.872233 0.831543 0.019206 0.041016
0 0.373535 0.433228 0.021810 0.035889
0 0.568848 0.321533 0.016602 0.046875
0 0.678223 0.257446 0.019857 0.038330
0 0.700033 0.761353 0.014648 0.051514
0 0.376139 0.837769 0.019857 0.037842
0 0.377116 0.555176 0.014648 0.050781
0 0.466960 0.524902 0.013997 0.052734
0 0.263346 0.721924 0.051432 0.014160
0 0.807943 0.349854 0.015625 0.046387
0 0.334473 0.013916 0.047852 0.015137
0 0.843099 0.209229 0.023438 0.030762
0 0.893555 0.404541 0.020182 0.035645
0 0.759928 0.478516 0.016602 0.042969
0 0.131348 0.559082 0.016602 0.042969
0 0.515137 0.368042 0.047852 0.014893
0 0.932943 0.302246 0.015625 0.044922
0 0.645345 0.631714 0.016602 0.042236
0 0.327474 0.915527 0.013021 0.052734
0 0.718262 0.667480 0.016602 0.041016
0 0.398763 0.737793 0.016276 0.041016
0 0.509440 0.551025 0.015625 0.042480
0 0.426432 0.316040 0.044271 0.014893
0 0.293783 0.494385 0.053060 0.012207
0 0.662598 0.168823 0.051107 0.012451
0 0.249512 0.481323 0.016602 0.038330
0 0.440430 0.578125 0.016276 0.039062
0 0.588053 0.386963 0.019857 0.031738
0 0.679525 0.692261 0.050456 0.012451
0 0.328939 0.762207 0.050456 0.011719
0 0.413574 0.495728 0.011393 0.051514
0 0.671387 0.760010 0.047852 0.012207
0 0.423014 0.065674 0.016602 0.033691
0 0.478678 0.378540 0.037435 0.014893
0 0.240723 0.586914 0.019857 0.025391
0 0.450846 0.394165 0.016276 0.030518
0 0.709147 0.771729 0.012044 0.041016
0 0.159180 0.102173 0.016276 0.030029
0 0.513835 0.615479 0.048503 0.009766
0 0.740885 0.703979 0.013021 0.035889
0 0.709635 0.864136 0.033854 0.012451
0 0.316732 0.948730 0.012370 0.025391
0 0.729980 0.910767 0.012044 0.022217
0 0.982096 0.271729 0.009766 0.015137
0 0.995117 0.276978 0.007812 0.014893
