0 0.398763 0.607056 0.134766 0.050049
0 0.843262 0.445557 0.099935 0.039551
0 0.819824 0.128418 0.053060 0.072266
0 0.242513 0.258789 0.093099 0.041016
0 0.546387 0.905762 0.110352 0.033203
0 0.787598 0.961182 0.089518 0.039551
0 0.604980 0.352417 0.095378 0.035889
0 0.475098 0.592041 0.051107 0.066895
0 0.872721 0.335205 0.089193 0.037598
0 0.785482 0.393433 0.088542 0.034424
0 0.421712 0.105103 0.048503 0.061768
0 0.263346 0.188354 0.085938 0.030518
0 0.262533 0.911987 0.042643 0.061279
0 0.859701 0.545166 0.083984 0.030762
0 0.344889 0.301636 0.089518 0.028076
0 0.924805 0.734619 0.041016 0.060547
0 0.447428 0.237915 0.079102 0.030518
0 0.516764 0.299072 0.037435 0.064453
0 0.225260 0.398071 0.044271 0.053955
0 0.317546 0.321899 0.074544 0.031982
0 0.704264 0.928955 0.071940 0.032715
0 0.516276 0.596924 0.078125 0.029785
0 0.842285 0.629395 0.084310 0.027344
0 0.171387 0.110352 0.040690 0.056641
0 0.344889 0.954102 0.089518 0.025391
0 0.819336 0.722900 0.038411 0.058105
0 0.134928 0.351196 0.037435 0.059326
0 0.782878 0.011353 0.104167 0.020264
0 0.709635 0.830322 0.075521 0.027832
0 0.430013 0.318604 0.078776 0.025391
0 0.173177 0.258667 0.023438 0.082764
0 0.282552 0.803345 0.033854 0.057373
0 0.789876 0.064697 0.069336 0.027832
0 0.484701 0.392578 0.070312 0.027344
0 0.148763 0.638916 0.037109 0.051270
0 0.226888 0.621948 0.082682 0.022705
0 0.336263 0.097168 0.072266 0.025391
0 0.515137 0.873901 0.068685 0.026611
0 0.492513 0.934448 0.078776 0.022705
0 0.921224 0.524292 0.033854 0.051514
0 0.155762 0.881104 0.037435 0.046387
0 0.921387 0.939697 0.061523 0.027832
0 0.252930 0.149048 0.037109 0.045654
0 0.217773 0.766479 0.036458 0.046143
0 0.730306 0.754395 0.061523 0.027344
0 0.674805 0.457275 0.103516 0.016113
0 0.855306 0.274292 0.082357 0.020264
0 0.827474 0.921143 0.096354 0.017090
0 0.298503 0.569336 0.031250 0.052734
0 0.582845 0.551636 0.071940 0.022705
0 0.386556 0.469971 0.061523 0.025879
0 0.909180 0.120728 0.030599 0.051514
0 0.449056 0.041260 0.068685 0.022949
0 0.549805 0.412354 0.033854 0.046387
0 0.785807 0.347290 0.033854 0.046143
0 0.791178 0.735229 0.030273 0.051514
0 0.474284 0.513916 0.077474 0.020020
0 0.618815 0.816040 0.102214 0.014893
0 0.865885 0.314453 0.033854 0.042969
0 0.437012 0.296753 0.079102 0.018311
0 0.778971 0.572510 0.026693 0.054199
0 0.216471 0.629761 0.026693 0.053955
0 0.341471 0.546753 0.026693 0.053467
0 0.915690 0.867798 0.057292 0.024658
0 0.273763 0.448853 0.030599 0.046143
0 0.690430 0.172729 0.030599 0.046143
0 0.312012 0.430542 0.030273 0.046143
0 0.588053 0.558228 0.027018 0.051514
0 0.331055 0.404541 0.033854 0.041016
0 0.688639 0.508057 0.027018 0.050293
0 0.390951 0.552979 0.028646 0.046387
0 0.569010 0.123291 0.065104 0.020020
0 0.275553 0.567017 0.027018 0.048096
0 0.412760 0.188354 0.085938 0.014893
0 0.565430 0.318604 0.030599 0.041016
0 0.915365 0.694946 0.028646 0.043701
0 0.493490 0.874023 0.018229 0.068359
0 0.396973 0.316040 0.061523 0.020264
0 0.787598 0.430664 0.030273 0.041016
0 0.226888 0.354492 0.020182 0.060547
0 0.650391 0.439331 0.054688 0.022217
0 0.530599 0.842041 0.023438 0.051270
0 0.798828 0.295166 0.059896 0.020020
0 0.622396 0.317383 0.067708 0.017578
0 0.271973 0.317261 0.019857 0.059326
0 0.256348 0.672729 0.058268 0.020264
0 0.886719 0.212402 0.054688 0.021484
0 0.759928 0.826416 0.058268 0.020020
0 0.787598 0.836548 0.079102 0.014404
0 0.422689 0.166260 0.029622 0.038574
0 0.171387 0.657227 0.019857 0.056641
0 0.896973 0.104736 0.019857 0.056152
0 0.424805 0.480103 0.054688 0.020264
0 0.591471 0.443604 0.026693 0.041016
0 0.720052 0.891235 0.075521 0.014404
0 0.646973 0.289673 0.027018 0.040283
0 0.441732 0.411377 0.018880 0.057129
0 0.675618 0.583252 0.021810 0.049316
0 0.242513 0.856445 0.016276 0.064453
0 0.910156 0.584595 0.018229 0.057373
0 0.862305 0.740479 0.020182 0.051270
0 0.233887 0.598511 0.027018 0.038330
0 0.744629 0.203979 0.069336 0.014893
0 0.672201 0.290649 0.063151 0.016357
0 0.339355 0.425415 0.050456 0.020264
0 0.910970 0.641113 0.019857 0.050781
0 0.608887 0.659424 0.068685 0.014160
0 0.520182 0.620728 0.065104 0.014893
0 0.452148 0.717041 0.018880 0.051270
0 0.896973 0.813354 0.047852 0.020264
0 0.796387 0.907104 0.047852 0.020264
0 0.412760 0.584229 0.023438 0.041016
0 0.832682 0.245605 0.023438 0.041016
0 0.423503 0.500854 0.044922 0.020264
0 0.198242 0.896729 0.059896 0.015137
0 0.917480 0.803589 0.081706 0.010986
0 0.386719 0.939453 0.075521 0.011719
0 0.235514 0.080322 0.071940 0.012207
0 0.624512 0.758667 0.058268 0.014893
0 0.193522 0.801636 0.022461 0.038330
0 0.653971 0.773071 0.068359 0.012451
0 0.141764 0.083984 0.016602 0.050781
0 0.390137 0.277588 0.019857 0.042480
0 0.190430 0.659790 0.016276 0.051514
0 0.279785 0.119385 0.021810 0.038574
0 0.841471 0.388550 0.020182 0.040283
0 0.798177 0.809448 0.065104 0.012451
0 0.608073 0.398071 0.018229 0.043701
0 0.825846 0.200195 0.016276 0.048828
0 0.764974 0.593384 0.013021 0.059326
0 0.266927 0.437012 0.023438 0.033203
0 0.872721 0.827759 0.061849 0.012451
0 0.724284 0.055176 0.014974 0.050781
0 0.759928 0.357300 0.016602 0.045654
0 0.631348 0.841675 0.016602 0.045654
0 0.266927 0.171143 0.044271 0.017090
0 0.459473 0.549072 0.061523 0.012207
0 0.372233 0.554688 0.019206 0.039062
0 0.187012 0.054932 0.016602 0.044922
0 0.631022 0.338135 0.022461 0.033203
0 0.221191 0.218262 0.022461 0.033203
0 0.713053 0.141602 0.068685 0.009766
0 0.414388 0.284668 0.068359 0.009766
0 0.860514 0.024048 0.016602 0.040283
0 0.704264 0.435425 0.016602 0.040283
0 0.150553 0.168945 0.019857 0.033203
0 0.494303 0.449707 0.040690 0.015625
0 0.452637 0.055664 0.061523 0.009766
0 0.752930 0.321167 0.016276 0.035889
0 0.170898 0.388916 0.012370 0.046387
0 0.523763 0.450195 0.016276 0.033203
0 0.841471 0.821289 0.054688 0.009766
0 0.820638 0.793823 0.041016 0.012451
0 0.750814 0.012573 0.040039 0.012451
0 0.305013 0.456665 0.016276 0.030518
0 0.548991 0.485962 0.011393 0.042236
0 0.604492 0.052612 0.052734 0.009033
0 0.298014 0.109009 0.016602 0.028076
0 0.235514 0.072510 0.037435 0.012207
0 0.315430 0.264893 0.037109 0.011719
0 0.476400 0.867676 0.012044 0.035156
0 0.926595 0.453735 0.016602 0.024658
0 0.812012 0.349487 0.016602 0.024658
0 0.298991 0.140869 0.045898 0.008301
0 0.808431 0.248291 0.030273 0.009766
0 0.462891 0.456665 0.013021 0.020264
0 0.909180 0.255737 0.023438 0.009033
