0 0.147135 0.545776 0.054688 0.073486
0 0.322266 0.312744 0.044271 0.081543
0 0.259928 0.494385 0.092773 0.038574
0 0.789388 0.230103 0.047526 0.061768
0 0.513346 0.365112 0.085938 0.030029
0 0.619141 0.218018 0.033854 0.074219
0 0.219076 0.103760 0.073568 0.033203
0 0.294596 0.431885 0.044271 0.054199
0 0.641764 0.166260 0.071940 0.033203
0 0.245931 0.753418 0.092773 0.025391
0 0.762533 0.494385 0.042643 0.054199
0 0.539388 0.767822 0.082682 0.027832
0 0.212077 0.534668 0.087565 0.025391
0 0.560221 0.619385 0.041016 0.054199
0 0.318034 0.129761 0.077474 0.028076
0 0.602376 0.426636 0.076497 0.028076
0 0.712565 0.215698 0.039714 0.053955
0 0.865397 0.657104 0.032878 0.061768
0 0.655762 0.592041 0.030273 0.066895
0 0.923014 0.879761 0.037435 0.053955
0 0.278158 0.081665 0.032227 0.061768
0 0.518555 0.097290 0.096354 0.020264
0 0.791178 0.749512 0.030273 0.064453
0 0.694661 0.338745 0.080729 0.024170
0 0.690430 0.465088 0.072266 0.026855
0 0.834635 0.717041 0.033854 0.056641
0 0.263346 0.125244 0.037109 0.050293
0 0.486328 0.285400 0.039062 0.047363
0 0.324056 0.110229 0.089518 0.020264
0 0.313802 0.210205 0.033854 0.053223
0 0.258952 0.242676 0.035482 0.050781
0 0.391764 0.590698 0.030273 0.059326
0 0.756348 0.038574 0.099935 0.017578
0 0.523763 0.238525 0.037109 0.047363
0 0.808431 0.198853 0.037435 0.046143
0 0.242513 0.722534 0.065104 0.026123
0 0.371908 0.692261 0.073893 0.022705
0 0.627930 0.809448 0.030599 0.053955
0 0.324219 0.498291 0.033854 0.046387
0 0.327148 0.856445 0.088542 0.017578
0 0.376139 0.976196 0.068685 0.022705
0 0.188639 0.422485 0.027018 0.055908
0 0.483887 0.773071 0.019857 0.074951
0 0.252930 0.028931 0.078776 0.018799
0 0.535807 0.062134 0.033854 0.043701
0 0.350098 0.658447 0.030273 0.048828
0 0.794596 0.128418 0.057943 0.025391
0 0.393555 0.658447 0.033854 0.043457
0 0.173014 0.223267 0.030273 0.048096
0 0.619303 0.447510 0.061523 0.022949
0 0.459473 0.102417 0.068685 0.020264
0 0.358887 0.266113 0.027018 0.050781
0 0.335775 0.300415 0.029622 0.046143
0 0.165690 0.724854 0.029297 0.046387
0 0.575033 0.586792 0.021810 0.061768
0 0.782552 0.364258 0.075521 0.017578
0 0.610677 0.698730 0.023438 0.056641
0 0.492513 0.651855 0.023438 0.056641
0 0.681641 0.497681 0.054688 0.024170
0 0.743815 0.728027 0.018880 0.068359
0 0.466471 0.595337 0.026693 0.047607
0 0.634766 0.718018 0.023438 0.053223
0 0.614095 0.537354 0.030273 0.041016
0 0.723470 0.010010 0.068685 0.017578
0 0.624512 0.399292 0.058268 0.020264
0 0.419596 0.493042 0.057943 0.020264
0 0.273763 0.426636 0.030599 0.038330
0 0.117513 0.312012 0.023438 0.048828
0 0.166016 0.364258 0.023438 0.048828
0 0.447428 0.444580 0.030273 0.037598
0 0.548014 0.543579 0.051107 0.022217
0 0.589681 0.334229 0.071940 0.015137
0 0.887370 0.163330 0.028646 0.037598
0 0.671387 0.434448 0.019857 0.053955
0 0.450846 0.155762 0.016276 0.064453
0 0.167480 0.857422 0.053711 0.019531
0 0.867513 0.738892 0.016276 0.063721
0 0.223470 0.390259 0.027018 0.038330
0 0.245931 0.864258 0.058268 0.017578
0 0.228678 0.650635 0.058268 0.017578
0 0.360514 0.927979 0.051107 0.020020
0 0.752930 0.450195 0.057943 0.017578
0 0.126139 0.714111 0.019857 0.050781
0 0.536296 0.939087 0.060872 0.016357
0 0.499349 0.431274 0.023438 0.042236
0 0.353678 0.765259 0.016602 0.059326
0 0.905273 0.348145 0.022786 0.042969
0 0.369303 0.564697 0.019857 0.048828
0 0.671387 0.126953 0.082357 0.011719
0 0.155599 0.211914 0.023438 0.041016
0 0.737305 0.287354 0.061849 0.015137
0 0.535970 0.964478 0.061523 0.014893
0 0.257812 0.779297 0.046875 0.019531
0 0.471680 0.692383 0.051432 0.017578
0 0.312012 0.835449 0.051107 0.017578
0 0.430013 0.416260 0.016276 0.054199
0 0.575846 0.692261 0.016276 0.053955
0 0.558431 0.428589 0.079102 0.010986
0 0.339681 0.589478 0.058268 0.014893
0 0.818848 0.594604 0.016602 0.051514
0 0.516764 0.503540 0.016602 0.051514
0 0.780762 0.827393 0.071940 0.011719
0 0.613932 0.586792 0.023438 0.035889
0 0.626302 0.482666 0.054688 0.015137
0 0.902181 0.624512 0.016602 0.048828
0 0.452637 0.309448 0.019857 0.038330
0 0.263346 0.875610 0.051432 0.014404
0 0.527181 0.132446 0.016602 0.043701
0 0.299805 0.111572 0.041016 0.017578
0 0.596354 0.594360 0.015625 0.045654
0 0.919596 0.218384 0.016276 0.043701
0 0.942220 0.776245 0.019857 0.035889
0 0.917969 0.590698 0.013021 0.053955
0 0.556641 0.496948 0.013021 0.053955
0 0.410970 0.480713 0.061523 0.011230
0 0.557943 0.703003 0.015625 0.044189
0 0.592285 0.498291 0.014648 0.046387
0 0.461263 0.071289 0.065104 0.009766
0 0.412598 0.020386 0.051107 0.012451
0 0.561849 0.760986 0.044271 0.014160
0 0.841471 0.019165 0.020182 0.030518
0 0.759440 0.197510 0.015625 0.038574
0 0.646484 0.364136 0.046875 0.012451
0 0.751302 0.640259 0.013021 0.043701
0 0.742513 0.362793 0.057943 0.009766
0 0.728190 0.060791 0.057292 0.009766
0 0.141764 0.772705 0.016602 0.032715
0 0.867513 0.145508 0.016276 0.033203
0 0.702148 0.621582 0.018880 0.027344
0 0.396647 0.535400 0.019206 0.026855
0 0.410807 0.474854 0.033854 0.015137
0 0.735514 0.269165 0.016602 0.030518
0 0.412598 0.868042 0.016602 0.030518
0 0.463053 0.767578 0.040690 0.011719
0 0.525391 0.524292 0.013021 0.035889
0 0.508138 0.698730 0.047526 0.009766
0 0.207845 0.173828 0.016602 0.027344
0 0.141764 0.050293 0.016602 0.025391
0 0.805013 0.116821 0.016276 0.022705
0 0.299805 0.914673 0.013021 0.024658
0 0.937012 0.353760 0.009440 0.027832
0 0.440430 0.547119 0.030599 0.008301
0 0.312826 0.120361 0.011068 0.019531
0 0.981608 0.338135 0.008789 0.012207
