0 0.437826 0.219238 0.129557 0.050781
0 0.179199 0.559570 0.056315 0.111328
0 0.896973 0.590698 0.061523 0.090576
0 0.457682 0.800415 0.065104 0.082764
0 0.618815 0.875977 0.116536 0.041016
0 0.275553 0.460571 0.103190 0.043701
0 0.561035 0.114136 0.042643 0.100830
0 0.610677 0.845947 0.044271 0.095703
0 0.805013 0.144165 0.044271 0.093018
0 0.249512 0.597290 0.051107 0.077393
0 0.728678 0.033447 0.099935 0.038574
0 0.600260 0.754883 0.106771 0.033203
0 0.292806 0.387573 0.152018 0.022705
0 0.371908 0.549072 0.053060 0.064453
0 0.694010 0.887939 0.085938 0.039062
0 0.721680 0.097168 0.044271 0.072266
0 0.518555 0.370728 0.047526 0.067139
0 0.575358 0.307251 0.029622 0.096436
0 0.855306 0.763916 0.089518 0.030762
0 0.194824 0.819946 0.118815 0.022705
0 0.907389 0.258667 0.040690 0.061768
0 0.483887 0.835571 0.040690 0.061768
0 0.382161 0.857666 0.080729 0.030762
0 0.504720 0.286011 0.040690 0.059326
0 0.332845 0.446167 0.079102 0.030518
0 0.593262 0.108887 0.037435 0.064453
0 0.200846 0.564697 0.044271 0.054199
0 0.735026 0.578979 0.078125 0.030518
0 0.862305 0.045166 0.041016 0.056641
0 0.303223 0.049072 0.082357 0.027832
0 0.587891 0.542603 0.033854 0.067139
0 0.636556 0.633423 0.040690 0.055908
0 0.820150 0.480103 0.074544 0.030518
0 0.676595 0.689697 0.037435 0.059082
0 0.382650 0.720947 0.040039 0.054199
0 0.589681 0.734985 0.071940 0.030029
0 0.522135 0.519165 0.033854 0.061768
0 0.415690 0.416260 0.022786 0.090332
0 0.851888 0.525391 0.075521 0.027344
0 0.497721 0.707275 0.075521 0.026855
0 0.440430 0.947510 0.113932 0.017578
0 0.555013 0.747070 0.030599 0.064453
0 0.534180 0.361572 0.037109 0.052734
0 0.669596 0.757446 0.085938 0.022705
0 0.424805 0.856323 0.068359 0.028076
0 0.678385 0.326416 0.075521 0.025391
0 0.841471 0.486572 0.068359 0.027832
0 0.217285 0.689697 0.021810 0.085449
0 0.249512 0.732666 0.092773 0.020020
0 0.786296 0.617432 0.076497 0.023926
0 0.562012 0.950073 0.030273 0.059326
0 0.745931 0.944824 0.099935 0.017578
0 0.447266 0.648071 0.023438 0.074951
0 0.209473 0.924072 0.027018 0.064453
0 0.474284 0.608643 0.035807 0.048340
0 0.778971 0.522949 0.026693 0.064453
0 0.822266 0.446289 0.023438 0.072266
0 0.291178 0.135010 0.030273 0.054199
0 0.499512 0.260010 0.030273 0.054199
0 0.245931 0.231323 0.071940 0.022705
0 0.522135 0.845581 0.033854 0.048096
0 0.580566 0.520752 0.032878 0.049316
0 0.594889 0.181885 0.068685 0.022949
0 0.778971 0.072510 0.068359 0.022949
0 0.495117 0.421875 0.028646 0.054688
0 0.410807 0.503540 0.033854 0.046143
0 0.534180 0.301758 0.023438 0.064453
0 0.299805 0.707886 0.033854 0.043701
0 0.607910 0.460205 0.025065 0.058594
0 0.156250 0.842041 0.072917 0.020020
0 0.324219 0.723145 0.033854 0.042969
0 0.232096 0.664917 0.023438 0.061768
0 0.756510 0.160767 0.065104 0.022217
0 0.419596 0.693237 0.023438 0.061279
0 0.472005 0.422119 0.031250 0.044922
0 0.141764 0.524292 0.030273 0.046143
0 0.313639 0.286011 0.061523 0.022705
0 0.841471 0.948853 0.026693 0.051514
0 0.877930 0.633057 0.030599 0.044922
0 0.445638 0.260986 0.054688 0.024902
0 0.764974 0.200195 0.075521 0.017578
0 0.773763 0.325073 0.057943 0.022705
0 0.796712 0.700195 0.074544 0.017578
0 0.648275 0.530151 0.022461 0.057861
0 0.432617 0.114746 0.028646 0.044922
0 0.628906 0.291260 0.018229 0.069824
0 0.931315 0.872070 0.026042 0.048828
0 0.291178 0.497070 0.071940 0.017578
0 0.313639 0.459229 0.027018 0.046387
0 0.150553 0.592041 0.027018 0.046387
0 0.518555 0.381104 0.026693 0.046387
0 0.416016 0.885620 0.065104 0.018799
0 0.250326 0.681519 0.025391 0.048096
0 0.471680 0.652222 0.023438 0.052002
0 0.452148 0.464478 0.081380 0.014893
0 0.799316 0.880859 0.060872 0.019531
0 0.579264 0.250854 0.079102 0.014893
0 0.541016 0.869751 0.023438 0.049561
0 0.310221 0.916260 0.026693 0.043457
0 0.653971 0.111572 0.026693 0.043457
0 0.464844 0.593262 0.023438 0.048828
0 0.479980 0.895386 0.019206 0.059326
0 0.886556 0.138916 0.019857 0.056641
0 0.605306 0.401611 0.019857 0.056152
0 0.575033 0.489258 0.063477 0.017578
0 0.146973 0.680664 0.027018 0.041016
0 0.903971 0.103760 0.061849 0.017578
0 0.865723 0.192261 0.019857 0.053955
0 0.827637 0.246704 0.047852 0.022217
0 0.431803 0.029541 0.068685 0.015137
0 0.844889 0.129761 0.027018 0.038330
0 0.838053 0.507446 0.082357 0.012451
0 0.848470 0.687134 0.082357 0.012451
0 0.726888 0.775635 0.026693 0.038574
0 0.851888 0.023071 0.026693 0.038330
0 0.138021 0.309570 0.015625 0.064453
0 0.202637 0.203979 0.027018 0.035889
0 0.181641 0.715820 0.054688 0.017578
0 0.400065 0.825195 0.054036 0.017578
0 0.374512 0.102173 0.016602 0.055908
0 0.838053 0.031860 0.019857 0.045654
0 0.805013 0.028320 0.051432 0.017578
0 0.825846 0.637573 0.072266 0.012451
0 0.856771 0.954102 0.015625 0.056641
0 0.674805 0.729126 0.068359 0.012939
0 0.643555 0.622070 0.026693 0.033203
0 0.707845 0.628540 0.058268 0.014893
0 0.506510 0.560791 0.023438 0.035645
0 0.769368 0.131104 0.014648 0.056641
0 0.500326 0.220947 0.067057 0.012207
0 0.452637 0.540039 0.019857 0.041016
0 0.871094 0.726196 0.065104 0.012451
0 0.165690 0.612915 0.015625 0.051514
0 0.197266 0.351074 0.044271 0.017578
0 0.322428 0.412354 0.051107 0.015137
0 0.230306 0.241821 0.061523 0.012451
0 0.492513 0.495728 0.051432 0.014893
0 0.259928 0.427612 0.016602 0.045654
0 0.533691 0.033447 0.022461 0.033203
0 0.415690 0.438354 0.015625 0.046143
0 0.214681 0.543457 0.016602 0.042969
0 0.846680 0.223511 0.016276 0.043701
0 0.493490 0.543579 0.018229 0.037842
0 0.854980 0.441040 0.019206 0.035889
0 0.551107 0.309082 0.015625 0.042969
0 0.195150 0.525635 0.012044 0.054199
0 0.374349 0.464111 0.065104 0.009277
0 0.509928 0.882080 0.051107 0.011719
0 0.386230 0.353394 0.012044 0.048096
0 0.475260 0.945190 0.044271 0.012939
0 0.869303 0.119141 0.019857 0.027344
0 0.648763 0.377197 0.016276 0.033203
0 0.129557 0.081543 0.054688 0.009766
0 0.577474 0.052979 0.054688 0.009766
0 0.893066 0.487549 0.053711 0.009277
0 0.810221 0.195923 0.020182 0.024658
0 0.900065 0.305542 0.033203 0.014893
0 0.896647 0.036011 0.012044 0.038330
0 0.354980 0.478760 0.012044 0.033203
0 0.669596 0.050415 0.016276 0.020264
0 0.804199 0.004761 0.045898 0.007080
