0 0.584473 0.056885 0.144857 0.027832
0 0.381348 0.456665 0.051107 0.077393
0 0.530762 0.799316 0.099935 0.039062
0 0.428385 0.124268 0.117188 0.032715
0 0.891764 0.770020 0.051107 0.074219
0 0.625651 0.904541 0.088542 0.041016
0 0.903971 0.414307 0.047526 0.076172
0 0.607096 0.865479 0.051432 0.066895
0 0.261068 0.627197 0.088542 0.038574
0 0.407389 0.177979 0.110352 0.030762
0 0.760742 0.556885 0.087891 0.038574
0 0.905762 0.606079 0.051107 0.063721
0 0.336263 0.519775 0.099609 0.031738
0 0.775553 0.885010 0.047852 0.064453
0 0.396973 0.588135 0.089518 0.033203
0 0.673177 0.429199 0.044271 0.064453
0 0.589844 0.863525 0.085938 0.031738
0 0.417806 0.736572 0.040690 0.064453
0 0.824219 0.437134 0.033854 0.074951
0 0.839681 0.671387 0.037435 0.064453
0 0.354167 0.496704 0.072917 0.032471
0 0.629557 0.727417 0.075521 0.030518
0 0.737305 0.026978 0.075521 0.030518
0 0.400553 0.573730 0.040690 0.056641
0 0.898275 0.234009 0.029622 0.074951
0 0.364095 0.694580 0.099935 0.021973
0 0.472493 0.711792 0.032227 0.067139
0 0.858724 0.317261 0.075521 0.028076
0 0.900553 0.276978 0.040690 0.051514
0 0.890137 0.703613 0.040690 0.050781
0 0.754232 0.227417 0.039714 0.051514
0 0.240397 0.349854 0.032878 0.062012
0 0.407552 0.512939 0.033854 0.060059
0 0.696452 0.753418 0.035482 0.056641
0 0.523763 0.403198 0.037109 0.053955
0 0.501302 0.495605 0.075521 0.025391
0 0.806641 0.037354 0.033854 0.056641
0 0.441732 0.793823 0.067708 0.028076
0 0.461263 0.163574 0.106771 0.017578
0 0.705729 0.830078 0.067708 0.027344
0 0.575846 0.528320 0.037109 0.048828
0 0.775065 0.610962 0.067708 0.026611
0 0.857096 0.624268 0.065104 0.027344
0 0.391439 0.400635 0.029622 0.059082
0 0.862305 0.059814 0.026693 0.064941
0 0.770345 0.282104 0.037435 0.046143
0 0.806803 0.935425 0.068685 0.024658
0 0.304688 0.589478 0.036458 0.046143
0 0.843099 0.050293 0.065104 0.025391
0 0.648763 0.300293 0.065104 0.025391
0 0.345866 0.896484 0.084310 0.019531
0 0.905762 0.369385 0.030273 0.054199
0 0.482096 0.033081 0.030599 0.053467
0 0.783203 0.151855 0.028646 0.056641
0 0.678223 0.685791 0.061523 0.025391
0 0.749512 0.745728 0.030273 0.051514
0 0.601400 0.761230 0.060872 0.025391
0 0.615885 0.698242 0.033854 0.044922
0 0.277344 0.319946 0.065104 0.022705
0 0.282389 0.715698 0.027018 0.053955
0 0.585938 0.552979 0.057292 0.025391
0 0.524577 0.593384 0.032227 0.043701
0 0.617839 0.331055 0.031250 0.044922
0 0.574219 0.149414 0.054688 0.025391
0 0.281087 0.654175 0.024414 0.055908
0 0.596680 0.423462 0.023438 0.057861
0 0.612305 0.267822 0.075521 0.017578
0 0.401693 0.674072 0.057292 0.022949
0 0.332357 0.860229 0.064453 0.020264
0 0.806315 0.571777 0.060547 0.021484
0 0.567220 0.612915 0.061523 0.020264
0 0.759928 0.136230 0.030273 0.041016
0 0.728678 0.795410 0.079102 0.015625
0 0.544596 0.109619 0.051432 0.023926
0 0.830566 0.780151 0.074544 0.016357
0 0.788900 0.715698 0.053711 0.022705
0 0.628906 0.433228 0.059896 0.020264
0 0.650553 0.054321 0.027018 0.043701
0 0.409180 0.657104 0.078776 0.014893
0 0.877930 0.327759 0.030599 0.038330
0 0.592773 0.493042 0.057292 0.020264
0 0.643555 0.236572 0.026693 0.043457
0 0.745117 0.703979 0.077474 0.014893
0 0.756348 0.062988 0.058268 0.019531
0 0.271973 0.235352 0.027018 0.041016
0 0.261556 0.693604 0.027018 0.041016
0 0.297201 0.713135 0.028646 0.038574
0 0.601074 0.304321 0.025065 0.043701
0 0.591471 0.371948 0.020182 0.053955
0 0.590983 0.073853 0.053711 0.020264
0 0.485677 0.654541 0.023438 0.046387
0 0.195638 0.705322 0.061849 0.017578
0 0.799805 0.252197 0.061849 0.017578
0 0.510742 0.850830 0.049479 0.021973
0 0.844889 0.796509 0.019857 0.053955
0 0.544596 0.899292 0.051432 0.020264
0 0.332845 0.620728 0.016602 0.061768
0 0.721680 0.171509 0.023438 0.043701
0 0.534180 0.934570 0.057943 0.017578
0 0.480794 0.491699 0.020833 0.048828
0 0.732096 0.525391 0.085938 0.011719
0 0.367025 0.685059 0.022461 0.044922
0 0.643555 0.358643 0.026693 0.037598
0 0.313314 0.275635 0.081706 0.012207
0 0.535482 0.562134 0.026042 0.038330
0 0.387044 0.719604 0.048828 0.020264
0 0.508138 0.525635 0.020182 0.048828
0 0.525065 0.535034 0.018880 0.052002
0 0.565430 0.323853 0.065104 0.014893
0 0.777181 0.697510 0.079102 0.012207
0 0.390137 0.066040 0.047852 0.020264
0 0.806803 0.480103 0.047852 0.020264
0 0.685221 0.054199 0.054688 0.017578
0 0.935221 0.761353 0.026693 0.035889
0 0.484212 0.120361 0.048503 0.019531
0 0.673991 0.856445 0.053060 0.017578
0 0.796387 0.123291 0.061523 0.015137
0 0.886556 0.482056 0.027018 0.034424
0 0.275553 0.589478 0.019857 0.046143
0 0.675618 0.584595 0.021810 0.041748
0 0.607096 0.103760 0.023438 0.038574
0 0.509928 0.093384 0.071940 0.012451
0 0.521973 0.885620 0.047852 0.018799
0 0.424805 0.705688 0.020182 0.044189
0 0.249349 0.020996 0.065104 0.013672
0 0.589681 0.111206 0.016602 0.053467
0 0.452637 0.432861 0.061523 0.014160
0 0.443848 0.709595 0.016602 0.052002
0 0.629720 0.676636 0.068685 0.012451
0 0.311035 0.029541 0.056315 0.015137
0 0.199056 0.247070 0.047852 0.017578
0 0.657064 0.468384 0.019206 0.043701
0 0.726888 0.102539 0.020182 0.041016
0 0.504232 0.468384 0.018880 0.043701
0 0.721680 0.056885 0.016276 0.048828
0 0.899740 0.463135 0.018229 0.043457
0 0.430013 0.504517 0.016276 0.048096
0 0.855306 0.119385 0.019857 0.038574
0 0.270345 0.847290 0.051107 0.014893
0 0.360514 0.933228 0.051107 0.014893
0 0.350098 0.922729 0.051107 0.014893
0 0.240723 0.168823 0.019857 0.038330
0 0.265137 0.351440 0.019857 0.037842
0 0.684245 0.564697 0.059896 0.012207
0 0.572428 0.903198 0.058268 0.012451
0 0.382650 0.548706 0.019206 0.037842
0 0.759928 0.161011 0.058268 0.012451
0 0.245443 0.414917 0.015625 0.046143
0 0.420898 0.357666 0.046875 0.015137
0 0.591471 0.593994 0.020182 0.034668
0 0.708659 0.860229 0.046224 0.014893
0 0.570638 0.036011 0.054688 0.012451
0 0.816732 0.742798 0.046875 0.014404
0 0.542969 0.345947 0.054688 0.012207
0 0.860514 0.351196 0.051107 0.012451
0 0.480306 0.204712 0.019857 0.031982
0 0.709147 0.777954 0.019206 0.032471
0 0.876302 0.790649 0.054688 0.010986
0 0.366211 0.515259 0.046875 0.012451
0 0.295410 0.744385 0.045898 0.012207
0 0.610514 0.042603 0.037435 0.014893
0 0.874512 0.251465 0.016602 0.033203
0 0.301432 0.051636 0.044271 0.012451
0 0.810221 0.766602 0.054688 0.009766
0 0.466471 0.612793 0.020182 0.025391
0 0.278971 0.347168 0.020182 0.025391
0 0.550618 0.083862 0.056315 0.009033
0 0.719564 0.206299 0.053711 0.009277
0 0.372233 0.210571 0.040039 0.012451
0 0.298014 0.667236 0.016602 0.029785
0 0.455241 0.456665 0.032227 0.014893
0 0.669596 0.326416 0.044271 0.009766
0 0.909180 0.552979 0.016276 0.025391
0 0.721680 0.612793 0.016276 0.025391
0 0.744141 0.133667 0.013021 0.030518
0 0.666178 0.822510 0.016602 0.022949
0 0.343262 0.102539 0.037435 0.009766
0 0.505859 0.136230 0.036458 0.009766
0 0.465983 0.640259 0.012044 0.028076
0 0.405762 0.680542 0.016602 0.020264
0 0.490723 0.619385 0.027018 0.012207
