0 0.265951 0.861572 0.049479 0.085449
0 0.821940 0.587769 0.050130 0.079346
0 0.840983 0.541260 0.102539 0.038574
0 0.759115 0.153931 0.111979 0.034424
0 0.259766 0.372070 0.044271 0.080078
0 0.888346 0.178345 0.051432 0.067627
0 0.668620 0.457886 0.049479 0.069580
0 0.763346 0.521118 0.051432 0.065674
0 0.294596 0.330322 0.037109 0.090332
0 0.370931 0.901978 0.092773 0.035889
0 0.235514 0.637695 0.051107 0.064453
0 0.383138 0.095581 0.082682 0.037842
0 0.591471 0.326660 0.047526 0.062500
0 0.304688 0.567383 0.036458 0.080078
0 0.829264 0.825073 0.037435 0.074951
0 0.232096 0.769775 0.044271 0.062988
0 0.306803 0.271729 0.040690 0.066895
0 0.572428 0.366821 0.037435 0.069580
0 0.182617 0.571289 0.035807 0.072266
0 0.822266 0.336914 0.044271 0.056641
0 0.369141 0.333252 0.075521 0.032715
0 0.206055 0.882446 0.041016 0.059326
0 0.403971 0.523071 0.041016 0.059326
0 0.176432 0.374634 0.044271 0.053955
0 0.162598 0.810791 0.037435 0.062012
0 0.883138 0.071289 0.089193 0.025391
0 0.666178 0.838135 0.079102 0.027832
0 0.518066 0.908447 0.040039 0.054199
0 0.466471 0.874512 0.026693 0.080078
0 0.913086 0.514526 0.036458 0.057861
0 0.801595 0.371948 0.092773 0.022705
0 0.442220 0.151978 0.040690 0.051514
0 0.636556 0.745728 0.068685 0.030518
0 0.487305 0.248291 0.103516 0.020020
0 0.584635 0.337891 0.075521 0.027344
0 0.886556 0.088135 0.089518 0.022949
0 0.872721 0.388306 0.041016 0.050049
0 0.766764 0.730103 0.030273 0.067139
0 0.287598 0.327759 0.071940 0.028076
0 0.704264 0.791260 0.113607 0.017578
0 0.593262 0.283447 0.071940 0.027832
0 0.294596 0.484009 0.037109 0.053955
0 0.469889 0.459229 0.027018 0.072266
0 0.859701 0.566895 0.070312 0.027344
0 0.407552 0.321289 0.033854 0.056641
0 0.875326 0.447510 0.108724 0.017578
0 0.492513 0.467041 0.030599 0.062012
0 0.902181 0.649292 0.030273 0.061768
0 0.225098 0.831665 0.030273 0.061768
0 0.916178 0.622070 0.037435 0.048828
0 0.488607 0.092041 0.070964 0.025391
0 0.897135 0.797729 0.033854 0.051514
0 0.889974 0.029541 0.033854 0.051270
0 0.659180 0.352417 0.037109 0.046143
0 0.450846 0.924072 0.072266 0.022949
0 0.596680 0.916260 0.030599 0.054199
0 0.518555 0.943604 0.082682 0.020020
0 0.155599 0.128418 0.065104 0.025391
0 0.207845 0.465698 0.071940 0.022705
0 0.666992 0.881104 0.080729 0.020020
0 0.384928 0.407471 0.030273 0.052246
0 0.648763 0.472290 0.030599 0.051514
0 0.428223 0.477539 0.061523 0.025391
0 0.551432 0.828613 0.023438 0.066406
0 0.297689 0.170166 0.058919 0.025391
0 0.619303 0.439697 0.019857 0.074707
0 0.447266 0.874268 0.085938 0.017090
0 0.902344 0.248291 0.023438 0.062012
0 0.360677 0.409790 0.023438 0.061768
0 0.345703 0.883667 0.070312 0.020264
0 0.375326 0.934448 0.031901 0.043701
0 0.266927 0.504761 0.023438 0.059326
0 0.595052 0.451416 0.033854 0.041016
0 0.443359 0.127197 0.078125 0.017578
0 0.166178 0.854736 0.030273 0.045410
0 0.527344 0.266479 0.065104 0.020264
0 0.575846 0.128540 0.065104 0.020264
0 0.906576 0.550293 0.031901 0.041016
0 0.669596 0.959229 0.065104 0.020020
0 0.566732 0.924072 0.055339 0.022949
0 0.626139 0.612915 0.061523 0.020264
0 0.258138 0.115479 0.026693 0.046387
0 0.299316 0.946167 0.060872 0.020264
0 0.730306 0.641479 0.019857 0.061768
0 0.903971 0.174072 0.020182 0.059082
0 0.579264 0.489502 0.030273 0.039062
0 0.634928 0.917603 0.058268 0.020264
0 0.836263 0.058228 0.078776 0.014893
0 0.338867 0.287354 0.077474 0.015137
0 0.794596 0.081665 0.057943 0.020264
0 0.815430 0.029541 0.057943 0.020020
0 0.422689 0.085571 0.050456 0.022705
0 0.212565 0.717651 0.026042 0.043701
0 0.472982 0.318604 0.074870 0.015137
0 0.602702 0.671387 0.063477 0.017578
0 0.242513 0.858276 0.023438 0.047607
0 0.785970 0.774414 0.027018 0.041016
0 0.525553 0.354980 0.027018 0.041016
0 0.157389 0.925293 0.027018 0.041016
0 0.500326 0.186401 0.067057 0.016357
0 0.438639 0.447510 0.061523 0.017578
0 0.775553 0.168945 0.061523 0.017578
0 0.787760 0.532104 0.023438 0.046143
0 0.480306 0.403931 0.027018 0.039795
0 0.277181 0.555542 0.016602 0.061768
0 0.728678 0.154541 0.051107 0.020020
0 0.450358 0.282104 0.064128 0.014893
0 0.310221 0.110229 0.020182 0.046143
0 0.737305 0.855103 0.061849 0.014893
0 0.822428 0.496948 0.016602 0.053955
0 0.782389 0.010620 0.047852 0.018799
0 0.326823 0.930542 0.059896 0.014893
0 0.735514 0.206665 0.016602 0.051514
0 0.120443 0.442261 0.015625 0.053955
0 0.770182 0.476196 0.065104 0.012451
0 0.572428 0.892822 0.016602 0.048828
0 0.746094 0.905762 0.023438 0.033203
0 0.860514 0.771729 0.016602 0.046387
0 0.607096 0.538330 0.023438 0.032715
0 0.537109 0.385010 0.015625 0.048828
0 0.506348 0.250854 0.051107 0.014893
0 0.445638 0.291260 0.061849 0.012207
0 0.905273 0.572510 0.022786 0.033203
0 0.148275 0.197266 0.064128 0.011719
0 0.877930 0.311401 0.023438 0.031982
0 0.756348 0.192261 0.016602 0.043701
0 0.185221 0.102417 0.020182 0.035889
0 0.162598 0.478760 0.016602 0.043457
0 0.728516 0.443604 0.023438 0.030762
0 0.812012 0.483643 0.016602 0.042969
0 0.708984 0.877930 0.046875 0.013672
0 0.513346 0.455322 0.016276 0.038574
0 0.331055 0.498291 0.041016 0.015137
0 0.478678 0.331543 0.058268 0.009766
0 0.508138 0.335571 0.020182 0.028076
0 0.431803 0.383057 0.040690 0.013672
0 0.291992 0.154175 0.059896 0.009033
0 0.418783 0.271729 0.035482 0.015137
0 0.327474 0.136230 0.054688 0.009766
0 0.336263 0.102173 0.037109 0.014404
0 0.751139 0.500977 0.047852 0.009766
0 0.122233 0.713135 0.012044 0.038574
0 0.700846 0.107666 0.044271 0.009766
0 0.584635 0.528320 0.013021 0.033203
0 0.879557 0.192261 0.033854 0.012451
0 0.479980 0.341431 0.012044 0.034424
0 0.795898 0.903320 0.012370 0.033203
0 0.800618 0.361572 0.014648 0.027832
0 0.792480 0.299072 0.032878 0.012207
0 0.688802 0.358643 0.013021 0.027344
0 0.599609 0.901978 0.015625 0.020264
0 0.901693 0.401978 0.015625 0.020264
0 0.552409 0.473267 0.011068 0.016846
0 0.978678 0.279541 0.009440 0.015137
