0 0.190430 0.630859 0.085938 0.113281
0 0.343262 0.224487 0.134440 0.055908
0 0.692220 0.506104 0.047852 0.129395
0 0.551595 0.567627 0.058268 0.080566
0 0.709473 0.942261 0.152018 0.028076
0 0.303385 0.689697 0.054688 0.074707
0 0.476888 0.712158 0.041016 0.072754
0 0.499349 0.591431 0.044271 0.065674
0 0.735677 0.793945 0.044271 0.064453
0 0.676432 0.238892 0.044271 0.063721
0 0.332845 0.131104 0.079102 0.035645
0 0.374023 0.371948 0.098958 0.028076
0 0.236816 0.595947 0.095378 0.027832
0 0.625651 0.433105 0.046875 0.056641
0 0.900553 0.607666 0.040690 0.062012
0 0.207682 0.354980 0.044271 0.056641
0 0.508138 0.885010 0.041016 0.059082
0 0.743490 0.547729 0.039062 0.061768
0 0.498535 0.214722 0.035482 0.067627
0 0.156576 0.819946 0.031901 0.074951
0 0.401693 0.512329 0.036458 0.063721
0 0.480469 0.237915 0.075521 0.030518
0 0.825846 0.532104 0.037109 0.061768
0 0.622721 0.878418 0.089193 0.025391
0 0.882650 0.698486 0.090169 0.024902
0 0.815430 0.843384 0.078776 0.028076
0 0.921387 0.740479 0.068685 0.030762
0 0.329264 0.854492 0.071940 0.029297
0 0.667806 0.459229 0.027018 0.077637
0 0.466471 0.533447 0.075521 0.027832
0 0.344889 0.917603 0.040690 0.051514
0 0.421387 0.820801 0.040690 0.050781
0 0.726888 0.642822 0.026693 0.074707
0 0.696940 0.399414 0.078125 0.025391
0 0.730469 0.912354 0.033854 0.056641
0 0.636719 0.232666 0.033854 0.056641
0 0.552897 0.404541 0.095378 0.020020
0 0.775553 0.067261 0.027018 0.069580
0 0.582357 0.612915 0.036458 0.051514
0 0.867513 0.666870 0.099609 0.018799
0 0.571452 0.636353 0.035482 0.051514
0 0.332845 0.588135 0.079102 0.022949
0 0.133138 0.792480 0.020182 0.087891
0 0.782552 0.167603 0.033854 0.051514
0 0.202474 0.054321 0.075521 0.022705
0 0.205566 0.395386 0.074544 0.022705
0 0.910970 0.757080 0.061523 0.027344
0 0.608887 0.474854 0.027018 0.062012
0 0.257650 0.447144 0.074544 0.022217
0 0.367513 0.107666 0.065104 0.025391
0 0.468099 0.349854 0.065104 0.025391
0 0.737305 0.862915 0.110026 0.014893
0 0.540202 0.816650 0.035482 0.046387
0 0.436849 0.289307 0.085938 0.019043
0 0.364909 0.616211 0.073568 0.021484
0 0.928223 0.516602 0.061523 0.025391
0 0.758138 0.704956 0.089193 0.016846
0 0.366699 0.877197 0.084310 0.017578
0 0.499512 0.019043 0.058268 0.025391
0 0.635742 0.539917 0.031901 0.046143
0 0.624349 0.836792 0.023438 0.061768
0 0.511556 0.913574 0.082357 0.017578
0 0.771647 0.543945 0.081706 0.017578
0 0.450846 0.206665 0.030599 0.046143
0 0.925618 0.476074 0.021810 0.064453
0 0.874023 0.486206 0.029297 0.048096
0 0.258138 0.356323 0.020182 0.069580
0 0.435221 0.942261 0.061849 0.022705
0 0.589681 0.568604 0.030273 0.046387
0 0.154948 0.397949 0.028646 0.048828
0 0.416178 0.112915 0.030273 0.046143
0 0.881348 0.088135 0.079102 0.017578
0 0.657389 0.651978 0.027018 0.051514
0 0.633138 0.503784 0.026693 0.052002
0 0.320150 0.775269 0.081706 0.016846
0 0.512858 0.810791 0.029622 0.046387
0 0.805990 0.434448 0.018229 0.074951
0 0.395345 0.312500 0.058268 0.023438
0 0.328939 0.518555 0.022461 0.060547
0 0.563314 0.687134 0.019206 0.069580
0 0.181803 0.886353 0.019857 0.067139
0 0.844889 0.873291 0.019857 0.066895
0 0.693034 0.578979 0.021484 0.061768
0 0.648275 0.822510 0.022461 0.059082
0 0.626139 0.373047 0.019857 0.066406
0 0.640951 0.296509 0.056641 0.022705
0 0.784505 0.642822 0.072917 0.017578
0 0.624349 0.338379 0.023438 0.054688
0 0.545898 0.675415 0.018880 0.067139
0 0.562012 0.421387 0.071940 0.017578
0 0.270182 0.379761 0.023438 0.053955
0 0.542806 0.724854 0.082357 0.015137
0 0.817057 0.718384 0.054688 0.022705
0 0.876139 0.201050 0.027018 0.045654
0 0.801107 0.597900 0.057292 0.021484
0 0.171224 0.176392 0.054688 0.022217
0 0.771973 0.671387 0.068685 0.017578
0 0.319010 0.078979 0.023438 0.051514
0 0.568848 0.500854 0.058268 0.020264
0 0.771973 0.832886 0.027018 0.043701
0 0.324056 0.822510 0.019857 0.059082
0 0.601888 0.507446 0.026693 0.043701
0 0.731608 0.213135 0.050456 0.022949
0 0.275553 0.136230 0.019857 0.056641
0 0.271973 0.654541 0.027018 0.041016
0 0.275553 0.843994 0.019857 0.055176
0 0.430013 0.271729 0.072266 0.015137
0 0.646647 0.326416 0.019206 0.056641
0 0.558431 0.934570 0.016602 0.064453
0 0.761556 0.765259 0.019857 0.053955
0 0.815430 0.136597 0.023438 0.045654
0 0.233887 0.554321 0.027018 0.038330
0 0.428223 0.953735 0.019857 0.052002
0 0.655273 0.198120 0.015625 0.065674
0 0.377930 0.888916 0.051432 0.020020
0 0.896973 0.253540 0.019857 0.051514
0 0.299805 0.548706 0.020182 0.048096
0 0.761556 0.211792 0.027018 0.035889
0 0.296224 0.934448 0.075521 0.012451
0 0.676595 0.542480 0.016602 0.056641
0 0.881510 0.099487 0.065104 0.014404
0 0.216471 0.644165 0.020182 0.046143
0 0.930013 0.375977 0.016276 0.056641
0 0.287272 0.698730 0.022461 0.041016
0 0.237305 0.635010 0.020182 0.043457
0 0.214193 0.274292 0.057292 0.014893
0 0.389323 0.550049 0.059896 0.014160
0 0.842773 0.043823 0.015625 0.053955
0 0.905762 0.779175 0.058268 0.014404
0 0.541016 0.482056 0.044271 0.018799
0 0.463867 0.958984 0.042318 0.019531
0 0.574056 0.911011 0.019857 0.038330
0 0.876139 0.598267 0.019857 0.037842
0 0.664388 0.549683 0.013021 0.055420
0 0.839681 0.541260 0.016602 0.043457
0 0.483398 0.103394 0.018880 0.037842
0 0.924805 0.299072 0.013021 0.054199
0 0.917318 0.823853 0.046875 0.014893
0 0.202148 0.664673 0.012370 0.055908
0 0.314941 0.912354 0.022461 0.030762
0 0.452637 0.552979 0.068685 0.009766
0 0.465983 0.908447 0.053711 0.012207
0 0.825033 0.036987 0.021810 0.030029
0 0.152181 0.145386 0.051107 0.012451
0 0.695638 0.922729 0.020182 0.030518
0 0.721680 0.073486 0.065104 0.009277
0 0.598470 0.857300 0.040690 0.014404
0 0.351888 0.437134 0.013021 0.043701
0 0.718262 0.021729 0.058268 0.009766
0 0.745931 0.823853 0.037435 0.014893
0 0.737305 0.237793 0.054688 0.009766
0 0.851888 0.360352 0.013021 0.041016
0 0.541667 0.404175 0.057292 0.009033
0 0.198242 0.712891 0.011068 0.042969
0 0.742513 0.200073 0.037109 0.012451
0 0.737305 0.280762 0.013021 0.033203
0 0.711263 0.920166 0.016276 0.025391
0 0.933431 0.809448 0.030273 0.012451
