0 0.598307 0.834229 0.138021 0.051270
0 0.401367 0.485229 0.052734 0.067139
0 0.666667 0.433228 0.093750 0.035889
0 0.407389 0.859863 0.089518 0.035156
0 0.589681 0.342041 0.099935 0.030762
0 0.860189 0.532104 0.084961 0.035889
0 0.150553 0.853760 0.040690 0.074707
0 0.174805 0.118774 0.047526 0.063232
0 0.301595 0.324097 0.079102 0.036377
0 0.437012 0.620728 0.079102 0.035889
0 0.562012 0.898071 0.099935 0.028076
0 0.331055 0.300415 0.089193 0.030518
0 0.845052 0.603394 0.033854 0.079346
0 0.663411 0.108887 0.080729 0.033203
0 0.844889 0.606934 0.089518 0.029297
0 0.820638 0.759644 0.041016 0.063721
0 0.402181 0.315918 0.099935 0.025391
0 0.867513 0.805664 0.099609 0.025391
0 0.926595 0.723633 0.037435 0.064453
0 0.148763 0.325073 0.044271 0.053955
0 0.811035 0.117798 0.042643 0.055908
0 0.790202 0.959229 0.077148 0.030762
0 0.520345 0.867432 0.079102 0.029297
0 0.527181 0.587524 0.071940 0.031982
0 0.485677 0.089355 0.085938 0.025391
0 0.484701 0.518066 0.091146 0.023438
0 0.642578 0.939697 0.039062 0.054199
0 0.487305 0.589478 0.041016 0.051514
0 0.784180 0.608643 0.030599 0.068848
0 0.608724 0.817383 0.117188 0.017578
0 0.774251 0.373291 0.066081 0.030762
0 0.502930 0.290649 0.030599 0.063232
0 0.468262 0.206665 0.037435 0.051514
0 0.554688 0.308228 0.036458 0.051514
0 0.914388 0.671875 0.033854 0.054688
0 0.829264 0.713135 0.037435 0.048828
0 0.718262 0.821289 0.071940 0.025391
0 0.256348 0.188477 0.071940 0.025391
0 0.553385 0.280518 0.033854 0.053223
0 0.355306 0.953613 0.089518 0.019531
0 0.417969 0.299072 0.075521 0.022949
0 0.275553 0.382446 0.061523 0.028076
0 0.298014 0.579102 0.030273 0.056641
0 0.287760 0.805298 0.023438 0.071533
0 0.327148 0.094360 0.067708 0.024658
0 0.883952 0.356445 0.094727 0.017578
0 0.549805 0.720947 0.033854 0.048828
0 0.461263 0.543823 0.072266 0.022705
0 0.789388 0.061157 0.061849 0.026123
0 0.778971 0.331299 0.033854 0.045410
0 0.908691 0.110229 0.029622 0.051514
0 0.162760 0.387695 0.023438 0.064453
0 0.310221 0.440063 0.033854 0.044189
0 0.728678 0.883667 0.071940 0.020264
0 0.355306 0.554321 0.027018 0.053955
0 0.619141 0.874268 0.033854 0.042969
0 0.174805 0.606323 0.026693 0.053955
0 0.883138 0.194946 0.061849 0.022705
0 0.341471 0.348511 0.061849 0.022705
0 0.469564 0.392822 0.060872 0.022949
0 0.126139 0.698853 0.027018 0.051514
0 0.676595 0.164673 0.030273 0.045654
0 0.564941 0.118652 0.064128 0.021484
0 0.745117 0.913574 0.077474 0.017578
0 0.807617 0.799072 0.077474 0.017578
0 0.212891 0.070923 0.054688 0.024658
0 0.587891 0.538574 0.075521 0.017578
0 0.454264 0.452759 0.030273 0.043701
0 0.261556 0.679932 0.068685 0.019043
0 0.402181 0.559082 0.030273 0.042969
0 0.678223 0.571899 0.027018 0.047607
0 0.398763 0.183228 0.085938 0.014893
0 0.204264 0.890137 0.071940 0.017578
0 0.213053 0.691040 0.027018 0.046143
0 0.199056 0.610229 0.027018 0.046143
0 0.783691 0.409668 0.029622 0.041016
0 0.858398 0.552979 0.060547 0.020020
0 0.688639 0.278320 0.068685 0.017578
0 0.183594 0.052979 0.023438 0.051270
0 0.683105 0.494019 0.022461 0.053467
0 0.916178 0.789917 0.079102 0.014893
0 0.926595 0.842651 0.071940 0.016357
0 0.865723 0.108643 0.027018 0.042969
0 0.805013 0.271729 0.057943 0.020020
0 0.763346 0.818604 0.057943 0.020020
0 0.775391 0.011353 0.075521 0.014893
0 0.318848 0.413086 0.030273 0.037109
0 0.492513 0.925049 0.078776 0.014160
0 0.241699 0.632324 0.063477 0.017578
0 0.275553 0.115479 0.027018 0.041016
0 0.342448 0.428711 0.049479 0.021484
0 0.426595 0.487915 0.051107 0.020264
0 0.153971 0.577759 0.026693 0.038330
0 0.540202 0.833862 0.021810 0.045654
0 0.226074 0.081665 0.066732 0.014893
0 0.492513 0.021729 0.065104 0.015137
0 0.357096 0.443604 0.065104 0.015137
0 0.607096 0.501831 0.057943 0.016846
0 0.364421 0.935791 0.064128 0.015137
0 0.376139 0.097290 0.027018 0.035889
0 0.263346 0.314697 0.016276 0.059082
0 0.261719 0.168945 0.054688 0.017578
0 0.810221 0.420166 0.047526 0.020020
0 0.627930 0.767212 0.085938 0.010986
0 0.262858 0.454712 0.022461 0.042236
0 0.754557 0.184448 0.075521 0.012451
0 0.591471 0.545166 0.020182 0.046387
0 0.483887 0.037354 0.061523 0.015137
0 0.770345 0.576050 0.016602 0.055908
0 0.894368 0.368042 0.014648 0.061768
0 0.437012 0.416260 0.016602 0.054199
0 0.791178 0.827759 0.071940 0.012451
0 0.488932 0.866821 0.023438 0.038330
0 0.832682 0.223267 0.023438 0.037842
0 0.851400 0.146362 0.060872 0.014404
0 0.426107 0.596191 0.015625 0.054688
0 0.752930 0.313354 0.016276 0.051514
0 0.256510 0.438354 0.023438 0.035889
0 0.921387 0.522339 0.019857 0.042236
0 0.874512 0.627808 0.016602 0.050049
0 0.913574 0.382324 0.025065 0.033203
0 0.763346 0.343262 0.016276 0.048828
0 0.148763 0.171387 0.023438 0.033203
0 0.245931 0.865479 0.016602 0.046387
0 0.822428 0.191040 0.016602 0.046143
0 0.521973 0.499634 0.061523 0.012451
0 0.275553 0.564697 0.019857 0.038574
0 0.469889 0.715698 0.019857 0.038330
0 0.902181 0.946167 0.051107 0.014893
0 0.244303 0.562134 0.019857 0.038330
0 0.525553 0.619385 0.061523 0.012207
0 0.501139 0.049072 0.061523 0.012207
0 0.638346 0.284790 0.016276 0.046143
0 0.508138 0.852417 0.020182 0.035889
0 0.381348 0.564697 0.016602 0.043457
0 0.242513 0.585571 0.057943 0.012451
0 0.847982 0.279541 0.046875 0.015137
0 0.216146 0.026978 0.046875 0.014893
0 0.486328 0.447510 0.039062 0.017578
0 0.298014 0.467041 0.016602 0.041016
0 0.702637 0.136230 0.068685 0.009766
0 0.603190 0.374268 0.015625 0.042969
0 0.848470 0.171387 0.019857 0.033203
0 0.619303 0.325195 0.019857 0.033203
0 0.839681 0.377197 0.016602 0.038574
0 0.804199 0.340332 0.014648 0.042969
0 0.290690 0.137573 0.050130 0.012451
0 0.638346 0.840698 0.016276 0.038330
0 0.859701 0.716431 0.014974 0.039795
0 0.549805 0.476196 0.013021 0.043701
0 0.879720 0.335571 0.019857 0.028076
0 0.716471 0.056274 0.013021 0.042236
0 0.813639 0.213135 0.019857 0.027832
0 0.855469 0.022095 0.013021 0.041748
0 0.620443 0.651611 0.057292 0.009277
0 0.747721 0.425049 0.013021 0.040527
0 0.667806 0.054321 0.040690 0.012451
0 0.303223 0.259766 0.040690 0.011719
0 0.889974 0.162354 0.013021 0.035645
0 0.622721 0.047852 0.047526 0.009766
0 0.224609 0.566895 0.015625 0.027344
0 0.291178 0.107300 0.016602 0.024658
0 0.379232 0.457886 0.012370 0.028076
0 0.389648 0.119385 0.012370 0.027832
0 0.403971 0.909424 0.033854 0.009277
0 0.921224 0.442261 0.013021 0.022705
0 0.459147 0.455322 0.012044 0.017578
