0 0.844889 0.905151 0.172852 0.063232
0 0.138346 0.753540 0.065104 0.098389
0 0.475098 0.047729 0.099935 0.046143
0 0.310221 0.681885 0.054688 0.080078
0 0.775553 0.603149 0.103190 0.042236
0 0.478190 0.826416 0.052083 0.072266
0 0.190430 0.730347 0.051432 0.072998
0 0.456055 0.111572 0.047526 0.074707
0 0.528971 0.948730 0.041016 0.072266
0 0.320638 0.427979 0.047526 0.062012
0 0.521973 0.606079 0.131185 0.022217
0 0.278971 0.911011 0.033854 0.085205
0 0.259766 0.651001 0.044271 0.065186
0 0.219889 0.655884 0.040690 0.069580
0 0.631510 0.137329 0.085938 0.032471
0 0.650391 0.489136 0.033854 0.074951
0 0.160807 0.892822 0.033854 0.074707
0 0.631348 0.370728 0.037435 0.067139
0 0.293294 0.490479 0.034505 0.072266
0 0.315430 0.934570 0.030599 0.080078
0 0.393555 0.443604 0.033854 0.072266
0 0.138346 0.603760 0.023438 0.101074
0 0.287272 0.293945 0.071289 0.033203
0 0.313314 0.474243 0.040039 0.055420
0 0.213053 0.411011 0.040690 0.053955
0 0.548014 0.104980 0.030273 0.072266
0 0.365885 0.752197 0.033854 0.064453
0 0.419596 0.700684 0.072266 0.029297
0 0.513346 0.364746 0.072266 0.029297
0 0.735514 0.814697 0.030273 0.069824
0 0.523763 0.602539 0.037109 0.056641
0 0.803385 0.097290 0.033854 0.061768
0 0.863932 0.521118 0.023438 0.086670
0 0.905762 0.469604 0.030273 0.067139
0 0.752930 0.640259 0.072266 0.028076
0 0.188639 0.640503 0.040690 0.049561
0 0.348470 0.482666 0.027018 0.072266
0 0.853678 0.727173 0.079102 0.024658
0 0.285482 0.515137 0.039714 0.048828
0 0.570638 0.349854 0.075521 0.025391
0 0.284180 0.394165 0.037109 0.051514
0 0.331055 0.041260 0.068359 0.027832
0 0.197428 0.693359 0.037435 0.050781
0 0.238607 0.612915 0.091797 0.020264
0 0.713053 0.139648 0.027018 0.068359
0 0.424805 0.442261 0.033854 0.053955
0 0.395345 0.948730 0.071940 0.025391
0 0.531901 0.866821 0.026042 0.069580
0 0.471680 0.937134 0.078776 0.022705
0 0.374023 0.052246 0.029297 0.060547
0 0.594889 0.683838 0.082357 0.021484
0 0.159180 0.760010 0.023438 0.074707
0 0.386719 0.578979 0.033854 0.051514
0 0.357096 0.282104 0.037109 0.046143
0 0.619303 0.791260 0.061523 0.027832
0 0.931803 0.689453 0.061523 0.027344
0 0.579427 0.649414 0.065104 0.025391
0 0.475260 0.606323 0.023438 0.069580
0 0.183594 0.819946 0.023438 0.069580
0 0.891764 0.687134 0.030273 0.053955
0 0.543294 0.411377 0.069661 0.023438
0 0.581055 0.387329 0.033854 0.048096
0 0.758138 0.823853 0.033854 0.046143
0 0.687012 0.360229 0.030273 0.051514
0 0.387370 0.385742 0.070312 0.021484
0 0.855794 0.591431 0.062500 0.024170
0 0.791178 0.732666 0.058268 0.025391
0 0.331055 0.574463 0.068359 0.021484
0 0.917806 0.072510 0.027018 0.054199
0 0.553223 0.731445 0.082357 0.017578
0 0.457845 0.518799 0.058268 0.024902
0 0.768555 0.429321 0.026693 0.053955
0 0.229818 0.361572 0.026042 0.054199
0 0.473470 0.012573 0.061523 0.022705
0 0.836263 0.327759 0.023438 0.059326
0 0.768555 0.711914 0.054688 0.025391
0 0.697754 0.620605 0.024414 0.056641
0 0.444661 0.955322 0.059896 0.022949
0 0.268229 0.857666 0.067708 0.020020
0 0.215658 0.913696 0.025065 0.053955
0 0.810221 0.717773 0.061849 0.021484
0 0.881510 0.792603 0.065104 0.020264
0 0.503743 0.047119 0.032227 0.039551
0 0.598470 0.816040 0.027018 0.046143
0 0.198730 0.937012 0.019206 0.064453
0 0.756510 0.529541 0.023438 0.051270
0 0.794596 0.334229 0.023438 0.051270
0 0.751139 0.879761 0.019857 0.059326
0 0.865723 0.270386 0.019857 0.059326
0 0.469889 0.356323 0.027018 0.043701
0 0.920898 0.503540 0.018880 0.061768
0 0.430013 0.012573 0.051432 0.022705
0 0.433431 0.942261 0.051107 0.022705
0 0.521647 0.017090 0.053711 0.021484
0 0.560221 0.766602 0.020182 0.056641
0 0.318034 0.059570 0.063151 0.017578
0 0.507812 0.634399 0.067708 0.016357
0 0.765137 0.245605 0.027018 0.041016
0 0.462077 0.032104 0.073893 0.014893
0 0.211263 0.732666 0.072266 0.015137
0 0.891927 0.076416 0.023438 0.046387
0 0.681641 0.240234 0.054688 0.019531
0 0.211263 0.454712 0.065104 0.016357
0 0.821452 0.664307 0.077148 0.013672
0 0.250326 0.881104 0.052734 0.020020
0 0.617513 0.062012 0.016276 0.064453
0 0.769857 0.320557 0.015625 0.065918
0 0.430501 0.602783 0.024414 0.041504
0 0.624349 0.598145 0.023438 0.042969
0 0.651693 0.345337 0.015625 0.063232
0 0.836263 0.404541 0.065104 0.015137
0 0.271647 0.370361 0.019206 0.050781
0 0.664388 0.958618 0.020182 0.047607
0 0.599284 0.728760 0.021484 0.043457
0 0.507324 0.567261 0.073893 0.012451
0 0.188639 0.334229 0.019857 0.046387
0 0.924805 0.875854 0.061849 0.014893
0 0.695638 0.534424 0.020182 0.045410
0 0.678223 0.761353 0.061523 0.014893
0 0.923014 0.832886 0.016602 0.053955
0 0.718099 0.895386 0.023438 0.038330
0 0.263346 0.293823 0.023438 0.038330
0 0.895182 0.374634 0.023438 0.038330
0 0.284180 0.760742 0.065104 0.013672
0 0.596680 0.645996 0.065104 0.013672
0 0.676595 0.306519 0.016602 0.053467
0 0.371094 0.353394 0.023438 0.037842
0 0.883138 0.843262 0.026693 0.033203
0 0.495931 0.779541 0.058268 0.015137
0 0.680013 0.460571 0.016276 0.053955
0 0.261230 0.515869 0.019206 0.044922
0 0.140137 0.885010 0.019857 0.043457
0 0.560221 0.590698 0.068359 0.012451
0 0.745931 0.756104 0.016602 0.051270
0 0.175618 0.037354 0.056315 0.015137
0 0.575846 0.141113 0.016276 0.050781
0 0.414388 0.849854 0.020182 0.041016
0 0.587565 0.583008 0.046875 0.017578
0 0.635742 0.671387 0.046224 0.017578
0 0.478516 0.434570 0.023438 0.033203
0 0.134928 0.631104 0.016602 0.046387
0 0.443848 0.420166 0.016602 0.046387
0 0.815430 0.955078 0.065104 0.011719
0 0.799805 0.635010 0.061849 0.012207
0 0.803223 0.931885 0.061523 0.012207
0 0.673177 0.928589 0.023438 0.031982
0 0.337891 0.951416 0.013021 0.056641
0 0.771973 0.681152 0.019857 0.037109
0 0.655599 0.683838 0.065104 0.011230
0 0.680013 0.583496 0.016276 0.044922
0 0.713053 0.871582 0.061523 0.011719
0 0.886556 0.760010 0.040690 0.017578
0 0.436849 0.727417 0.023438 0.030518
0 0.911784 0.402588 0.014974 0.047363
0 0.640137 0.654541 0.019857 0.035645
0 0.522949 0.332031 0.014648 0.046875
0 0.673014 0.663330 0.058268 0.011719
0 0.266276 0.022705 0.057292 0.011719
0 0.268555 0.568604 0.013021 0.051270
0 0.578451 0.556641 0.014974 0.042969
0 0.141276 0.787354 0.015625 0.041016
0 0.895182 0.769043 0.065104 0.009766
0 0.777181 0.757446 0.051107 0.012451
0 0.456055 0.386353 0.020182 0.030518
0 0.348470 0.802979 0.040690 0.015137
0 0.828451 0.687134 0.014974 0.038330
0 0.318848 0.847290 0.037435 0.014893
0 0.622721 0.175293 0.054688 0.009766
0 0.706055 0.368164 0.013021 0.041016
0 0.725260 0.663330 0.044271 0.011719
0 0.147135 0.098511 0.013021 0.038330
0 0.534180 0.761963 0.044271 0.011230
0 0.572428 0.715698 0.037435 0.012451
0 0.828451 0.392822 0.014974 0.027832
0 0.252930 0.899414 0.016276 0.025391
0 0.188314 0.165649 0.012044 0.031982
0 0.847982 0.878418 0.012370 0.025391
0 0.674805 0.582275 0.013021 0.021484
0 0.356608 0.547485 0.008789 0.030029
