0 0.193848 0.894165 0.113607 0.051514
0 0.723307 0.075684 0.054688 0.091797
0 0.214681 0.624023 0.058268 0.083984
0 0.692057 0.193237 0.054688 0.076904
0 0.299805 0.779541 0.047526 0.087891
0 0.775553 0.332886 0.040690 0.085205
0 0.308594 0.087402 0.044271 0.076172
0 0.466471 0.279541 0.103516 0.030762
0 0.841471 0.480103 0.103516 0.030518
0 0.664388 0.409058 0.047526 0.065674
0 0.673177 0.487915 0.044271 0.067139
0 0.518555 0.487915 0.047526 0.061768
0 0.714681 0.329346 0.092773 0.031250
0 0.527181 0.787598 0.092773 0.031250
0 0.624349 0.366699 0.044271 0.064453
0 0.249349 0.786133 0.044271 0.064453
0 0.457845 0.748291 0.079102 0.035645
0 0.610514 0.101196 0.099935 0.028076
0 0.610677 0.582031 0.044271 0.062500
0 0.308594 0.636353 0.044271 0.061768
0 0.143555 0.532837 0.033854 0.078857
0 0.898763 0.690674 0.085938 0.029785
0 0.851888 0.386353 0.082682 0.030518
0 0.843099 0.521118 0.044271 0.055420
0 0.870605 0.585571 0.084961 0.028076
0 0.922689 0.666260 0.043294 0.054199
0 0.482096 0.135742 0.030599 0.076172
0 0.867513 0.729492 0.078776 0.029297
0 0.763672 0.532837 0.031250 0.073486
0 0.484375 0.532837 0.083333 0.026611
0 0.896973 0.374634 0.040690 0.053955
0 0.395345 0.375854 0.071940 0.030518
0 0.539388 0.655884 0.096354 0.022705
0 0.650391 0.778320 0.033854 0.064453
0 0.412598 0.077026 0.037435 0.057861
0 0.778483 0.210205 0.032878 0.063965
0 0.726888 0.461548 0.033854 0.061279
0 0.395345 0.724854 0.079102 0.025391
0 0.558431 0.771729 0.079102 0.025391
0 0.417806 0.799683 0.082357 0.024170
0 0.906576 0.490234 0.039062 0.050781
0 0.416992 0.315308 0.080729 0.024170
0 0.908854 0.240479 0.036458 0.051270
0 0.806641 0.200073 0.033854 0.053955
0 0.525391 0.348511 0.033854 0.053955
0 0.331055 0.852417 0.026693 0.067139
0 0.681803 0.898926 0.089518 0.019531
0 0.511556 0.235352 0.068685 0.025391
0 0.238932 0.180664 0.023438 0.072266
0 0.483887 0.672729 0.082357 0.020264
0 0.337565 0.090454 0.026042 0.063721
0 0.207682 0.550293 0.065104 0.025391
0 0.803385 0.356445 0.033854 0.048828
0 0.828939 0.694946 0.071289 0.022705
0 0.877930 0.929932 0.030599 0.052734
0 0.280762 0.257080 0.030273 0.053223
0 0.209961 0.836548 0.020833 0.076904
0 0.482096 0.192993 0.065104 0.024170
0 0.702637 0.509399 0.027018 0.057861
0 0.792969 0.422729 0.033854 0.046143
0 0.886719 0.276978 0.033854 0.046143
0 0.452148 0.081543 0.060547 0.025391
0 0.758138 0.427979 0.026693 0.056641
0 0.195638 0.274414 0.026693 0.056641
0 0.413574 0.602417 0.073893 0.020264
0 0.811849 0.439697 0.065104 0.022949
0 0.680013 0.819946 0.065104 0.022705
0 0.327637 0.137695 0.082357 0.017578
0 0.586263 0.557251 0.078776 0.018311
0 0.174805 0.530151 0.033854 0.042236
0 0.714844 0.661011 0.023438 0.059326
0 0.405762 0.573853 0.092773 0.014893
0 0.667480 0.051636 0.060872 0.022705
0 0.824870 0.463135 0.059896 0.022949
0 0.857096 0.369385 0.057943 0.022949
0 0.662760 0.539917 0.065104 0.020264
0 0.785970 0.696899 0.027018 0.047607
0 0.883138 0.409058 0.068359 0.018799
0 0.291992 0.647095 0.031901 0.040283
0 0.588053 0.823486 0.089518 0.014160
0 0.829427 0.929321 0.023438 0.053955
0 0.242513 0.413696 0.023438 0.053955
0 0.423014 0.033447 0.071940 0.017578
0 0.593262 0.493164 0.030273 0.041016
0 0.362305 0.539917 0.026693 0.046143
0 0.183105 0.597168 0.029622 0.041016
0 0.864095 0.921509 0.016602 0.069580
0 0.456055 0.896729 0.075521 0.015137
0 0.770182 0.153320 0.023438 0.048828
0 0.532064 0.926636 0.019206 0.059326
0 0.572428 0.401978 0.016602 0.067139
0 0.466471 0.845337 0.068359 0.016357
0 0.775065 0.735229 0.074870 0.014893
0 0.414388 0.760010 0.020182 0.054199
0 0.838053 0.770386 0.019857 0.053955
0 0.902344 0.276611 0.023438 0.045410
0 0.863932 0.538940 0.023438 0.044189
0 0.650065 0.213135 0.018880 0.054199
0 0.469889 0.519165 0.068685 0.014893
0 0.638346 0.556885 0.023438 0.043457
0 0.638346 0.054199 0.057943 0.017578
0 0.183431 0.776367 0.016602 0.060547
0 0.907389 0.439331 0.047852 0.020752
0 0.426595 0.587769 0.058268 0.016846
0 0.900553 0.135010 0.019857 0.048828
0 0.317220 0.835205 0.082357 0.011719
0 0.429199 0.922729 0.063477 0.014893
0 0.226888 0.076416 0.020182 0.046387
0 0.435221 0.872559 0.068359 0.013672
0 0.884928 0.208862 0.016602 0.055908
0 0.401855 0.622925 0.064128 0.014404
0 0.827637 0.417603 0.061523 0.014893
0 0.855306 0.758423 0.019857 0.045654
0 0.534180 0.476196 0.023438 0.038330
0 0.692057 0.829712 0.054688 0.016357
0 0.221680 0.912354 0.057943 0.015137
0 0.278971 0.387939 0.020182 0.042969
0 0.891764 0.531738 0.016602 0.050781
0 0.732096 0.508667 0.016276 0.051514
0 0.320638 0.737915 0.054688 0.014893
0 0.834147 0.644165 0.053711 0.014893
0 0.646973 0.074463 0.068685 0.011230
0 0.424805 0.793823 0.061849 0.012451
0 0.324056 0.687134 0.061523 0.012451
0 0.162109 0.168945 0.015625 0.048828
0 0.933105 0.879883 0.022461 0.033203
0 0.552409 0.149414 0.073568 0.009766
0 0.607096 0.807617 0.051432 0.013672
0 0.441732 0.822510 0.039714 0.017578
0 0.742513 0.009399 0.057943 0.010986
0 0.794596 0.109009 0.016276 0.038330
0 0.445638 0.339355 0.061849 0.009766
0 0.851888 0.326050 0.020182 0.030029
0 0.371094 0.734619 0.044271 0.013672
0 0.368815 0.047852 0.060547 0.009766
0 0.289388 0.409424 0.061849 0.009277
0 0.348307 0.660645 0.013021 0.042969
0 0.662760 0.036743 0.065104 0.008545
0 0.357096 0.869385 0.044271 0.012207
0 0.236816 0.484009 0.012044 0.038330
0 0.249349 0.896729 0.044271 0.009766
0 0.702148 0.046509 0.012370 0.022705
0 0.709473 0.152954 0.040690 0.006592
0 0.737305 0.281860 0.026693 0.009033
