0 0.785970 0.913696 0.144857 0.059326
0 0.919922 0.878540 0.072917 0.098389
0 0.761556 0.270752 0.061523 0.091309
0 0.569010 0.706665 0.106771 0.046143
0 0.840658 0.246948 0.115560 0.038330
0 0.787598 0.890259 0.058268 0.074951
0 0.244303 0.366821 0.110352 0.038330
0 0.558594 0.368042 0.044271 0.093018
0 0.466471 0.732666 0.047526 0.077637
0 0.860514 0.600830 0.051107 0.068848
0 0.535970 0.175293 0.047852 0.072266
0 0.689128 0.565674 0.041667 0.071777
0 0.436849 0.375854 0.044271 0.067139
0 0.869303 0.067261 0.047852 0.059326
0 0.641276 0.581665 0.078125 0.035889
0 0.827637 0.123291 0.089518 0.030762
0 0.855306 0.703979 0.040690 0.067139
0 0.296387 0.636353 0.089518 0.030518
0 0.659993 0.459229 0.087565 0.030762
0 0.454427 0.649048 0.085938 0.030029
0 0.811849 0.483276 0.044271 0.057861
0 0.784180 0.814697 0.072266 0.033203
0 0.284180 0.780884 0.044271 0.053955
0 0.870931 0.812012 0.071940 0.033203
0 0.645345 0.492798 0.079102 0.030029
0 0.616699 0.483276 0.073893 0.031982
0 0.607096 0.438354 0.072266 0.030518
0 0.501139 0.385010 0.040690 0.054199
0 0.786458 0.748291 0.041667 0.051270
0 0.482096 0.437012 0.120443 0.017578
0 0.568848 0.440918 0.037435 0.056641
0 0.346680 0.806152 0.072266 0.029297
0 0.466471 0.167603 0.068359 0.030518
0 0.290365 0.364746 0.070312 0.029297
0 0.524577 0.217041 0.066732 0.030762
0 0.743815 0.625610 0.067708 0.030029
0 0.313639 0.271729 0.027018 0.072266
0 0.541178 0.536133 0.030273 0.064453
0 0.612305 0.593384 0.068359 0.028076
0 0.459635 0.183105 0.075521 0.025391
0 0.903971 0.131104 0.033854 0.056641
0 0.235677 0.268188 0.065104 0.028564
0 0.471680 0.410156 0.023438 0.078125
0 0.610514 0.387695 0.037435 0.048828
0 0.575846 0.851196 0.065104 0.028076
0 0.388346 0.645386 0.030599 0.059326
0 0.794596 0.588135 0.078776 0.022949
0 0.870443 0.499512 0.036458 0.048828
0 0.310221 0.662720 0.033854 0.052002
0 0.525553 0.418823 0.061523 0.028076
0 0.414388 0.522949 0.026693 0.064453
0 0.624512 0.208862 0.037435 0.045654
0 0.572428 0.583618 0.030273 0.055420
0 0.698242 0.758301 0.031901 0.050781
0 0.196940 0.239136 0.022786 0.069580
0 0.690430 0.858643 0.072266 0.021973
0 0.827637 0.931885 0.068685 0.022949
0 0.622721 0.102417 0.033854 0.046143
0 0.507324 0.667236 0.025065 0.061035
0 0.636719 0.451416 0.075521 0.020020
0 0.437012 0.038574 0.030273 0.048828
0 0.643555 0.705322 0.033854 0.043457
0 0.383138 0.699463 0.068359 0.021484
0 0.329264 0.579956 0.030273 0.048096
0 0.924805 0.624634 0.026693 0.053955
0 0.630534 0.229980 0.056641 0.025391
0 0.888346 0.178223 0.030599 0.046875
0 0.271973 0.086792 0.068685 0.020264
0 0.740723 0.792603 0.068685 0.020264
0 0.706055 0.253540 0.068359 0.020264
0 0.508952 0.772339 0.021810 0.063232
0 0.692220 0.693604 0.068685 0.020020
0 0.910970 0.245361 0.027018 0.050781
0 0.884928 0.729492 0.030273 0.044922
0 0.447266 0.503418 0.023438 0.056641
0 0.537598 0.903198 0.058268 0.022705
0 0.513346 0.870728 0.065104 0.020264
0 0.471680 0.565674 0.023438 0.056152
0 0.758138 0.176758 0.026693 0.048828
0 0.759440 0.734253 0.029297 0.044189
0 0.592448 0.121948 0.028646 0.043701
0 0.431803 0.602417 0.061523 0.020264
0 0.211263 0.722900 0.057943 0.021484
0 0.426595 0.704102 0.030273 0.041016
0 0.540202 0.010986 0.063477 0.019531
0 0.831055 0.787354 0.061849 0.020020
0 0.678223 0.157104 0.082357 0.014893
0 0.563639 0.511353 0.019857 0.061768
0 0.355306 0.446167 0.019857 0.061768
0 0.526367 0.321289 0.021484 0.056641
0 0.176432 0.141479 0.023438 0.051514
0 0.447266 0.920166 0.023438 0.051270
0 0.522786 0.136230 0.028646 0.041016
0 0.650553 0.377197 0.027018 0.043457
0 0.419596 0.731323 0.051432 0.022705
0 0.831055 0.836914 0.020182 0.056641
0 0.408691 0.223511 0.029622 0.038330
0 0.506348 0.495728 0.016602 0.067139
0 0.718262 0.075806 0.058268 0.018799
0 0.879720 0.401611 0.027018 0.040527
0 0.881348 0.794434 0.079102 0.013672
0 0.745117 0.392456 0.028646 0.037842
0 0.879720 0.343994 0.027018 0.039551
0 0.537760 0.120117 0.023438 0.044922
0 0.131836 0.439697 0.024089 0.043457
0 0.581055 0.539917 0.020182 0.051514
0 0.634928 0.172485 0.071940 0.014404
0 0.338053 0.956665 0.068685 0.014893
0 0.818848 0.013916 0.051107 0.020020
0 0.442220 0.548340 0.027018 0.037109
0 0.291178 0.702759 0.016602 0.059326
0 0.619303 0.760986 0.068685 0.014160
0 0.888346 0.641479 0.065104 0.014893
0 0.537760 0.469727 0.023438 0.041016
0 0.376139 0.354736 0.027018 0.035156
0 0.480306 0.737305 0.068685 0.013672
0 0.785970 0.211182 0.027018 0.034668
0 0.589355 0.208862 0.064128 0.014404
0 0.796387 0.703979 0.061523 0.014893
0 0.468099 0.523071 0.023438 0.038330
0 0.416016 0.555542 0.044271 0.020264
0 0.341471 0.276245 0.047526 0.018799
0 0.194010 0.384644 0.023438 0.037842
0 0.617513 0.541260 0.072266 0.012207
0 0.756348 0.693604 0.058268 0.015137
0 0.508138 0.317261 0.020182 0.043701
0 0.726888 0.150635 0.020182 0.043457
0 0.552409 0.245728 0.018229 0.046143
0 0.584473 0.069824 0.047852 0.017578
0 0.298177 0.243042 0.023438 0.035889
0 0.810221 0.188477 0.020182 0.041016
0 0.408691 0.472290 0.022461 0.035889
0 0.843262 0.220337 0.016602 0.047607
0 0.478516 0.754883 0.023438 0.033203
0 0.721680 0.218018 0.065104 0.011719
0 0.238932 0.197144 0.023438 0.032471
0 0.452637 0.712402 0.019857 0.037109
0 0.393555 0.425659 0.020182 0.036377
0 0.723470 0.581299 0.019857 0.036621
0 0.808431 0.768799 0.051107 0.014160
0 0.273763 0.689697 0.016276 0.043457
0 0.798177 0.185425 0.023438 0.030029
0 0.306315 0.599854 0.012370 0.051270
0 0.631348 0.371948 0.016602 0.038330
0 0.405762 0.280884 0.016602 0.038330
0 0.787272 0.481323 0.022461 0.028076
0 0.726888 0.016479 0.020182 0.030518
0 0.427897 0.470947 0.012044 0.048828
0 0.316243 0.539917 0.011393 0.051514
0 0.709473 0.776611 0.019857 0.029785
0 0.810221 0.275635 0.047526 0.012207
0 0.844889 0.159424 0.040690 0.014160
0 0.374512 0.863525 0.051107 0.011230
0 0.801595 0.253540 0.037435 0.014893
0 0.735514 0.174072 0.016602 0.033203
0 0.423014 0.210205 0.016602 0.032715
0 0.221680 0.254883 0.016276 0.033203
0 0.738607 0.083008 0.015625 0.033203
0 0.485514 0.717041 0.016602 0.030762
0 0.289388 0.046509 0.041016 0.012451
0 0.489095 0.102539 0.051107 0.009766
0 0.546712 0.006104 0.048503 0.009766
0 0.442057 0.106079 0.013021 0.032471
0 0.509928 0.927979 0.016602 0.025391
0 0.629232 0.569824 0.012370 0.033203
0 0.384928 0.325073 0.016602 0.022705
0 0.568522 0.129761 0.029622 0.012451
0 0.707845 0.011230 0.030273 0.009766
0 0.985189 0.271362 0.008789 0.014404
