0 0.238932 0.066040 0.127604 0.051514
0 0.509928 0.773926 0.113607 0.050781
0 0.150391 0.633667 0.054688 0.082764
0 0.414388 0.832886 0.047526 0.090576
0 0.476074 0.464355 0.045898 0.087891
0 0.537598 0.817261 0.099935 0.038330
0 0.789388 0.943604 0.054688 0.066895
0 0.247721 0.370361 0.096354 0.035156
0 0.473470 0.284058 0.047852 0.065674
0 0.155762 0.271729 0.099935 0.030762
0 0.423014 0.757446 0.037435 0.074951
0 0.245931 0.778198 0.092773 0.028076
0 0.771973 0.310791 0.040690 0.062012
0 0.402181 0.615479 0.079102 0.030762
0 0.746094 0.559448 0.085938 0.028076
0 0.374023 0.250244 0.029297 0.081543
0 0.551432 0.720947 0.085938 0.027832
0 0.589844 0.911011 0.044271 0.053955
0 0.587565 0.942261 0.081380 0.028076
0 0.639974 0.618042 0.033854 0.067139
0 0.551595 0.523682 0.037435 0.060547
0 0.815430 0.473633 0.023438 0.095703
0 0.612305 0.526611 0.026693 0.082031
0 0.509928 0.613525 0.079102 0.026855
0 0.678385 0.851196 0.075521 0.028076
0 0.659180 0.065430 0.072266 0.029297
0 0.431315 0.632446 0.074870 0.028076
0 0.357096 0.237793 0.037109 0.056641
0 0.273763 0.705322 0.037109 0.054199
0 0.862305 0.583496 0.068359 0.029297
0 0.259766 0.080322 0.085938 0.022949
0 0.685221 0.704102 0.033854 0.056641
0 0.324870 0.686157 0.091146 0.020752
0 0.778158 0.892822 0.066732 0.027832
0 0.573242 0.386230 0.025391 0.072266
0 0.396159 0.648071 0.080729 0.022705
0 0.155762 0.663574 0.037435 0.048828
0 0.266764 0.437012 0.037435 0.048828
0 0.860514 0.206299 0.071940 0.024902
0 0.638346 0.481079 0.037109 0.048096
0 0.497721 0.874878 0.061849 0.028564
0 0.752604 0.929565 0.036458 0.048096
0 0.782552 0.375854 0.033854 0.051514
0 0.224609 0.595337 0.036458 0.047607
0 0.698242 0.546509 0.031901 0.053955
0 0.660970 0.881104 0.082357 0.020020
0 0.336263 0.116455 0.030599 0.053223
0 0.289388 0.371704 0.033854 0.048096
0 0.894531 0.305664 0.028646 0.056641
0 0.305013 0.170166 0.078776 0.020020
0 0.706055 0.946289 0.061849 0.025391
0 0.667969 0.339478 0.033854 0.046143
0 0.761719 0.102417 0.075521 0.020264
0 0.309245 0.709229 0.059896 0.025391
0 0.497721 0.127930 0.033854 0.044922
0 0.811035 0.805542 0.021810 0.067139
0 0.388346 0.555542 0.072266 0.020264
0 0.344401 0.662964 0.088542 0.016357
0 0.723470 0.352173 0.019857 0.071533
0 0.711263 0.510376 0.023438 0.059814
0 0.792969 0.177979 0.033854 0.041016
0 0.542806 0.302979 0.068685 0.020020
0 0.688639 0.149292 0.019857 0.067139
0 0.714844 0.110352 0.023438 0.056641
0 0.169596 0.119385 0.030599 0.043457
0 0.631348 0.536011 0.030273 0.043701
0 0.659993 0.500977 0.032227 0.041016
0 0.766927 0.191040 0.065104 0.020264
0 0.858887 0.429199 0.027018 0.048828
0 0.424316 0.707275 0.060872 0.021484
0 0.355306 0.591431 0.019857 0.063232
0 0.200846 0.394043 0.030599 0.041016
0 0.893555 0.800415 0.082682 0.014893
0 0.516927 0.500854 0.023438 0.051514
0 0.199056 0.879761 0.027018 0.043701
0 0.572266 0.474243 0.023438 0.050049
0 0.553223 0.681885 0.027018 0.043457
0 0.843099 0.241699 0.023438 0.048828
0 0.921224 0.875854 0.075521 0.014893
0 0.866699 0.339478 0.021810 0.051514
0 0.429199 0.904541 0.021810 0.051270
0 0.484701 0.580322 0.063151 0.017578
0 0.233724 0.172729 0.054688 0.020264
0 0.181803 0.177979 0.027018 0.041016
0 0.705241 0.163696 0.025065 0.043701
0 0.582845 0.388916 0.071940 0.015137
0 0.351400 0.047729 0.053711 0.020264
0 0.386068 0.493408 0.026042 0.041504
0 0.572428 0.676758 0.016602 0.064453
0 0.836263 0.331299 0.023438 0.045410
0 0.450521 0.490479 0.015625 0.066895
0 0.380534 0.577637 0.021484 0.048828
0 0.453451 0.885010 0.021484 0.048828
0 0.541992 0.448730 0.025391 0.041016
0 0.600098 0.625854 0.051107 0.020264
0 0.235677 0.147705 0.023438 0.042969
0 0.160482 0.126831 0.026042 0.037842
0 0.444010 0.073853 0.065104 0.014893
0 0.702637 0.374512 0.019857 0.048828
0 0.919596 0.283447 0.016276 0.059082
0 0.792806 0.412354 0.027018 0.035645
0 0.346680 0.466675 0.023438 0.040283
0 0.424479 0.394165 0.026042 0.035889
0 0.386230 0.345947 0.074544 0.012207
0 0.882650 0.141479 0.060872 0.014893
0 0.513346 0.645386 0.072266 0.012451
0 0.188314 0.672729 0.019206 0.046143
0 0.176432 0.888916 0.044271 0.020020
0 0.737305 0.158447 0.026693 0.033203
0 0.765137 0.421509 0.019857 0.043701
0 0.931315 0.504883 0.026042 0.033203
0 0.759928 0.701172 0.016602 0.050781
0 0.506348 0.750610 0.058268 0.014404
0 0.227702 0.434448 0.021810 0.038330
0 0.483724 0.526978 0.054688 0.014893
0 0.273763 0.452637 0.016276 0.048828
0 0.749023 0.336426 0.015625 0.050781
0 0.211263 0.179199 0.044271 0.017578
0 0.193848 0.131104 0.016602 0.046387
0 0.518555 0.264526 0.068359 0.010986
0 0.943848 0.903198 0.058268 0.012451
0 0.463867 0.396484 0.014974 0.046875
0 0.264648 0.837402 0.018880 0.037109
0 0.120443 0.793823 0.015625 0.043701
0 0.818848 0.365479 0.016602 0.041016
0 0.915202 0.612915 0.014648 0.046143
0 0.911784 0.576416 0.021484 0.030762
0 0.876139 0.364258 0.019857 0.033203
0 0.200846 0.555298 0.016276 0.040283
0 0.468262 0.132080 0.016602 0.037598
0 0.136719 0.293213 0.054688 0.011230
0 0.740723 0.602417 0.019857 0.030518
0 0.183431 0.709229 0.016602 0.035645
0 0.282064 0.850830 0.012044 0.048340
0 0.379720 0.164673 0.040690 0.014404
0 0.235514 0.682861 0.016602 0.035156
0 0.516764 0.336914 0.058268 0.009766
0 0.233724 0.750000 0.013021 0.042969
0 0.639974 0.125977 0.013021 0.041016
0 0.163900 0.858643 0.040039 0.011719
0 0.549805 0.370728 0.013021 0.035889
0 0.391764 0.520386 0.016602 0.028076
0 0.850098 0.316895 0.016602 0.027344
0 0.783366 0.459229 0.014648 0.030762
0 0.769043 0.180664 0.040039 0.009766
0 0.302734 0.017578 0.026042 0.011719
0 0.796224 0.119385 0.013021 0.017578
0 0.006348 0.416504 0.009440 0.023438
0 0.235026 0.964478 0.015625 0.004639
0 0.101888 0.394043 0.005859 0.009766
