0 0.371419 0.290894 0.080078 0.127686
0 0.209473 0.620728 0.068685 0.124268
0 0.448242 0.688354 0.052734 0.124268
0 0.775391 0.518555 0.096354 0.044922
0 0.596680 0.401245 0.106771 0.039795
0 0.395182 0.267822 0.044271 0.090332
0 0.341471 0.244385 0.041016 0.090332
0 0.744303 0.937012 0.110352 0.033203
0 0.230306 0.922852 0.047852 0.072266
0 0.921387 0.724609 0.040690 0.082031
0 0.371419 0.863770 0.044922 0.074219
0 0.405762 0.694946 0.030273 0.100830
0 0.230306 0.426025 0.082357 0.037109
0 0.605306 0.950195 0.089518 0.033203
0 0.876139 0.222290 0.082357 0.035889
0 0.539388 0.194946 0.047526 0.059326
0 0.704264 0.289551 0.079102 0.035156
0 0.565430 0.182861 0.044271 0.061035
0 0.815430 0.138916 0.085938 0.030762
0 0.426595 0.929199 0.079102 0.033203
0 0.754720 0.844238 0.131185 0.019531
0 0.607096 0.895142 0.078776 0.032471
0 0.288900 0.045776 0.040039 0.063232
0 0.765951 0.902954 0.077474 0.032471
0 0.372721 0.525635 0.075521 0.033203
0 0.721680 0.391602 0.044271 0.056641
0 0.664388 0.322510 0.075521 0.033203
0 0.766927 0.555298 0.044271 0.055908
0 0.554525 0.092041 0.043294 0.056641
0 0.377930 0.549072 0.085938 0.027832
0 0.393555 0.903809 0.075521 0.029297
0 0.159180 0.917236 0.030599 0.071777
0 0.521973 0.780151 0.068685 0.031982
0 0.363607 0.632446 0.036458 0.059326
0 0.801595 0.553345 0.037435 0.057373
0 0.528971 0.532227 0.082682 0.025391
0 0.857096 0.553345 0.030599 0.067627
0 0.143066 0.180542 0.040039 0.051514
0 0.917806 0.666260 0.089518 0.022949
0 0.855306 0.104736 0.068685 0.029785
0 0.731608 0.164917 0.029622 0.067139
0 0.807943 0.717041 0.078125 0.025391
0 0.284180 0.587402 0.023438 0.083984
0 0.636556 0.536011 0.068685 0.028076
0 0.621908 0.357666 0.073893 0.025391
0 0.314128 0.541260 0.034505 0.054199
0 0.840983 0.271729 0.032878 0.056641
0 0.416178 0.203003 0.099935 0.018311
0 0.895345 0.710449 0.037435 0.048828
0 0.733887 0.680542 0.089518 0.020264
0 0.312012 0.794922 0.092773 0.019531
0 0.728678 0.502197 0.030273 0.059082
0 0.533366 0.903198 0.063477 0.028076
0 0.747721 0.280884 0.061849 0.028076
0 0.716471 0.365479 0.068359 0.025391
0 0.761556 0.700073 0.061523 0.028076
0 0.645345 0.193237 0.037435 0.045654
0 0.276855 0.838135 0.022461 0.074707
0 0.452637 0.086792 0.027018 0.061768
0 0.862305 0.702637 0.033854 0.048828
0 0.876302 0.775635 0.033854 0.048828
0 0.850260 0.431885 0.023438 0.069824
0 0.612305 0.377197 0.068359 0.022949
0 0.649089 0.558838 0.072917 0.021484
0 0.145345 0.641479 0.030273 0.051514
0 0.215983 0.761230 0.060872 0.025391
0 0.834473 0.354980 0.027018 0.056641
0 0.851888 0.503540 0.075521 0.020264
0 0.862793 0.241821 0.027669 0.053955
0 0.913900 0.802979 0.074544 0.020020
0 0.855306 0.617432 0.061523 0.023926
0 0.567057 0.369385 0.033854 0.043457
0 0.159180 0.439697 0.033854 0.043457
0 0.645182 0.717041 0.023438 0.062012
0 0.542806 0.478760 0.082357 0.017578
0 0.631348 0.599854 0.071940 0.020020
0 0.582845 0.554199 0.079102 0.017578
0 0.896973 0.930542 0.027018 0.051514
0 0.567220 0.498291 0.068685 0.020020
0 0.773763 0.822266 0.023438 0.058594
0 0.573242 0.722290 0.067057 0.020264
0 0.684733 0.513916 0.032878 0.041016
0 0.763346 0.873535 0.085938 0.015625
0 0.516764 0.577393 0.030273 0.044434
0 0.447428 0.107666 0.030273 0.043457
0 0.726074 0.631470 0.025065 0.052002
0 0.453939 0.447510 0.022461 0.054199
0 0.301432 0.836792 0.023438 0.051514
0 0.331055 0.918823 0.020182 0.059326
0 0.625326 0.468262 0.067057 0.017578
0 0.745931 0.951416 0.058268 0.020020
0 0.265625 0.902954 0.052083 0.022217
0 0.539388 0.123291 0.075521 0.015137
0 0.834473 0.767212 0.027018 0.042236
0 0.919596 0.537109 0.057943 0.019531
0 0.889648 0.202393 0.026042 0.042969
0 0.935221 0.398071 0.020182 0.053955
0 0.789388 0.856445 0.061849 0.017578
0 0.532389 0.360840 0.019857 0.052734
0 0.259440 0.055176 0.015625 0.066406
0 0.249512 0.263916 0.016602 0.062012
0 0.497396 0.240479 0.067708 0.015137
0 0.895182 0.907837 0.023438 0.042236
0 0.565430 0.873291 0.065104 0.015137
0 0.664062 0.380737 0.067708 0.014404
0 0.655599 0.024292 0.065104 0.014893
0 0.775391 0.468262 0.054688 0.017578
0 0.270182 0.927979 0.023438 0.041016
0 0.305013 0.416016 0.016276 0.058594
0 0.665202 0.408447 0.077148 0.012207
0 0.178223 0.801025 0.019857 0.047363
0 0.463867 0.728760 0.021484 0.043457
0 0.461263 0.534058 0.023438 0.039795
0 0.476074 0.828979 0.045898 0.020264
0 0.375326 0.448242 0.067057 0.013672
0 0.652181 0.900635 0.051107 0.017578
0 0.381510 0.405884 0.023438 0.038330
0 0.350098 0.879883 0.051107 0.017578
0 0.723307 0.666016 0.075521 0.011719
0 0.836263 0.955322 0.016276 0.054199
0 0.841471 0.450195 0.026693 0.033203
0 0.811849 0.349854 0.044271 0.020020
0 0.414388 0.421509 0.020182 0.043701
0 0.586263 0.329590 0.023438 0.037109
0 0.780762 0.886353 0.058268 0.014893
0 0.599284 0.854492 0.063151 0.013672
0 0.910970 0.635010 0.047852 0.017578
0 0.237305 0.815918 0.020182 0.041016
0 0.509928 0.878174 0.058268 0.014160
0 0.709635 0.094604 0.054688 0.014893
0 0.152181 0.840820 0.016602 0.048828
0 0.301595 0.653320 0.016602 0.048828
0 0.624512 0.155762 0.016602 0.048828
0 0.518555 0.789673 0.054688 0.014404
0 0.735677 0.322510 0.023438 0.033203
0 0.806315 0.175293 0.018880 0.041016
0 0.325846 0.767822 0.057943 0.012207
0 0.687012 0.940430 0.051107 0.013672
0 0.647135 0.007446 0.054688 0.012451
0 0.704264 0.516235 0.016602 0.040283
0 0.698242 0.312134 0.052734 0.012451
0 0.136230 0.848511 0.012044 0.053955
0 0.471680 0.405884 0.051432 0.012451
0 0.850098 0.416260 0.016602 0.038574
0 0.364095 0.116821 0.016602 0.038330
0 0.778971 0.573853 0.013021 0.046143
0 0.681803 0.393799 0.040690 0.014160
0 0.541178 0.552979 0.058268 0.009766
0 0.162598 0.084839 0.051107 0.010986
0 0.586263 0.676270 0.044271 0.011719
0 0.287598 0.049805 0.037435 0.013672
0 0.624512 0.526855 0.051107 0.009766
0 0.804688 0.567871 0.036458 0.013672
0 0.752930 0.610229 0.016276 0.030518
0 0.467448 0.136230 0.049479 0.009766
0 0.507650 0.063354 0.012044 0.030518
0 0.423014 0.883789 0.037435 0.009766
0 0.596680 0.503418 0.037109 0.009766
0 0.991699 0.340698 0.014648 0.022705
