0 0.180339 0.417603 0.114583 0.051514
0 0.621094 0.640259 0.065104 0.085205
0 0.192220 0.644165 0.047852 0.114014
0 0.369303 0.348633 0.110352 0.048828
0 0.653971 0.868042 0.138021 0.035889
0 0.901367 0.237915 0.049479 0.098389
0 0.173014 0.201416 0.051107 0.093262
0 0.506348 0.746338 0.058268 0.078613
0 0.320638 0.207886 0.103516 0.043701
0 0.796224 0.372681 0.054688 0.081299
0 0.579264 0.212769 0.134440 0.032471
0 0.433594 0.912354 0.106771 0.035645
0 0.202637 0.334229 0.040690 0.087891
0 0.254557 0.425415 0.096354 0.035889
0 0.685221 0.917603 0.110026 0.030518
0 0.808594 0.118164 0.044271 0.072266
0 0.801432 0.685791 0.085938 0.035645
0 0.606120 0.316040 0.049479 0.061768
0 0.617025 0.416260 0.043294 0.069824
0 0.453125 0.806885 0.046875 0.064453
0 0.348307 0.638550 0.096354 0.030029
0 0.588053 0.559448 0.047852 0.059326
0 0.172689 0.760010 0.043294 0.064453
0 0.445638 0.507080 0.047526 0.058594
0 0.508952 0.692017 0.084310 0.032471
0 0.728678 0.819824 0.079102 0.033203
0 0.751139 0.750854 0.040690 0.061768
0 0.518555 0.803955 0.075521 0.032715
0 0.646973 0.801636 0.040690 0.059326
0 0.169596 0.536011 0.044271 0.053955
0 0.713053 0.686768 0.040690 0.058594
0 0.178711 0.045410 0.076172 0.031250
0 0.883138 0.185425 0.041016 0.055908
0 0.660807 0.407104 0.033854 0.067139
0 0.303223 0.675659 0.040690 0.055908
0 0.195150 0.826416 0.040039 0.056641
0 0.268066 0.383789 0.040039 0.056641
0 0.570638 0.742798 0.075521 0.030029
0 0.911784 0.759399 0.070312 0.031982
0 0.146973 0.633301 0.027018 0.082031
0 0.735514 0.260010 0.037435 0.059082
0 0.641764 0.597290 0.071940 0.030518
0 0.928385 0.890137 0.033854 0.064453
0 0.678223 0.144775 0.068685 0.031738
0 0.492513 0.910645 0.078776 0.027344
0 0.645345 0.563477 0.037435 0.056641
0 0.528971 0.305542 0.041016 0.051514
0 0.673014 0.840698 0.092773 0.022705
0 0.900065 0.501465 0.039714 0.052734
0 0.470052 0.430298 0.033854 0.061279
0 0.168783 0.357666 0.035482 0.056641
0 0.447428 0.883789 0.079102 0.025391
0 0.778971 0.228760 0.026693 0.074707
0 0.791178 0.464111 0.099935 0.019531
0 0.810221 0.558105 0.075521 0.025391
0 0.802409 0.601196 0.067057 0.028076
0 0.194824 0.551636 0.066732 0.028076
0 0.376139 0.582886 0.082357 0.022705
0 0.766764 0.476440 0.037435 0.049561
0 0.313314 0.126831 0.081706 0.022217
0 0.795085 0.512573 0.064128 0.028076
0 0.617513 0.843384 0.078776 0.022705
0 0.747721 0.584229 0.026693 0.066895
0 0.836263 0.303955 0.065104 0.027344
0 0.888346 0.573730 0.030599 0.056641
0 0.791016 0.368774 0.023438 0.073486
0 0.844076 0.183105 0.067057 0.025391
0 0.818848 0.715088 0.079102 0.021484
0 0.853678 0.573486 0.037435 0.045410
0 0.355306 0.519165 0.027018 0.061768
0 0.225098 0.676636 0.030273 0.053955
0 0.597493 0.497314 0.025065 0.064941
0 0.874023 0.627808 0.086589 0.018799
0 0.403971 0.840698 0.026693 0.059326
0 0.615723 0.585205 0.027018 0.058594
0 0.613118 0.216675 0.063477 0.024658
0 0.796224 0.784790 0.033854 0.046143
0 0.593262 0.339478 0.030273 0.051514
0 0.771484 0.770386 0.067708 0.022705
0 0.650391 0.745361 0.033854 0.045410
0 0.679036 0.181519 0.028646 0.053467
0 0.292969 0.039917 0.075521 0.020264
0 0.607096 0.302368 0.030599 0.050049
0 0.374512 0.365479 0.099935 0.015137
0 0.484701 0.247314 0.063151 0.023438
0 0.780273 0.491821 0.064453 0.022705
0 0.372721 0.095947 0.026693 0.054199
0 0.814941 0.926758 0.029622 0.048828
0 0.664388 0.468384 0.026693 0.053955
0 0.219564 0.877197 0.019206 0.074707
0 0.687012 0.490479 0.030273 0.046387
0 0.682617 0.606445 0.028646 0.048828
0 0.244303 0.649292 0.027018 0.051514
0 0.803385 0.243164 0.033854 0.041016
0 0.838053 0.667603 0.089518 0.014893
0 0.309896 0.592041 0.026042 0.051270
0 0.678385 0.046387 0.075521 0.017578
0 0.312012 0.645386 0.030273 0.043701
0 0.463053 0.513916 0.027018 0.046387
0 0.896973 0.438354 0.027018 0.046143
0 0.582845 0.779541 0.030273 0.041016
0 0.226888 0.923462 0.075521 0.016357
0 0.270833 0.322754 0.031250 0.039062
0 0.852702 0.732300 0.084310 0.014404
0 0.269857 0.644043 0.029297 0.041016
0 0.853516 0.937988 0.023438 0.050781
0 0.475098 0.891479 0.079102 0.014893
0 0.464681 0.011353 0.058268 0.020264
0 0.879720 0.947510 0.019857 0.059082
0 0.730306 0.885010 0.027018 0.043457
0 0.799805 0.903198 0.026693 0.043701
0 0.839355 0.787354 0.022461 0.051270
0 0.570312 0.312378 0.026042 0.044189
0 0.923177 0.853760 0.065104 0.017578
0 0.506510 0.377197 0.065104 0.017578
0 0.556803 0.525024 0.027018 0.042236
0 0.488118 0.102417 0.056315 0.020264
0 0.619303 0.477539 0.019857 0.056641
0 0.271973 0.526855 0.019857 0.056641
0 0.681315 0.684448 0.018880 0.059326
0 0.452637 0.335571 0.089518 0.012451
0 0.612305 0.651855 0.026693 0.041016
0 0.473307 0.584229 0.054688 0.020020
0 0.704264 0.310791 0.071940 0.015137
0 0.778971 0.734009 0.020182 0.053955
0 0.784993 0.539917 0.053060 0.020264
0 0.328939 0.551025 0.022461 0.047363
0 0.396973 0.616821 0.082357 0.012451
0 0.421224 0.737183 0.054688 0.018799
0 0.558431 0.929321 0.016602 0.059326
0 0.886556 0.213135 0.019857 0.048828
0 0.713053 0.514893 0.019857 0.048340
0 0.282389 0.048462 0.019857 0.047607
0 0.280762 0.288940 0.051107 0.018311
0 0.473470 0.321167 0.061523 0.014893
0 0.637533 0.516602 0.021810 0.041016
0 0.360514 0.837769 0.016602 0.053467
0 0.277181 0.920166 0.058268 0.015137
0 0.561523 0.244385 0.050130 0.017578
0 0.262533 0.813477 0.014648 0.056641
0 0.903971 0.060425 0.020182 0.040283
0 0.245605 0.092041 0.022461 0.035645
0 0.724609 0.479370 0.015625 0.050049
0 0.141927 0.142822 0.044271 0.017578
0 0.909180 0.770508 0.023438 0.033203
0 0.854980 0.016235 0.053711 0.014404
0 0.568848 0.175415 0.016602 0.046143
0 0.683431 0.516479 0.016602 0.046143
0 0.818359 0.038574 0.015625 0.048828
0 0.321940 0.911133 0.022786 0.033203
0 0.512533 0.238770 0.063477 0.011719
0 0.685221 0.894165 0.020182 0.035889
0 0.555013 0.700073 0.057943 0.012451
0 0.320638 0.346680 0.013021 0.052734
0 0.459635 0.905884 0.054688 0.012451
0 0.256348 0.131104 0.016602 0.041016
0 0.495931 0.484985 0.016602 0.040283
0 0.921387 0.836182 0.047852 0.013672
0 0.299805 0.750244 0.047526 0.013672
0 0.654785 0.494751 0.014648 0.044189
0 0.614095 0.822510 0.051107 0.012207
0 0.729167 0.197266 0.052083 0.011719
0 0.284180 0.763916 0.016276 0.035645
0 0.421387 0.800049 0.061523 0.009277
0 0.570638 0.882446 0.013021 0.043701
0 0.259928 0.901855 0.058268 0.009766
0 0.764974 0.167480 0.013021 0.041016
0 0.808431 0.043823 0.016602 0.028076
0 0.742513 0.843384 0.016276 0.028076
