0 0.117513 0.028198 0.231771 0.053955
0 0.435710 0.366699 0.069336 0.095703
0 0.508952 0.640259 0.118815 0.053955
0 0.759766 0.693604 0.065104 0.098145
0 0.273763 0.720947 0.134766 0.038574
0 0.461263 0.875488 0.110026 0.046875
0 0.147135 0.830322 0.054688 0.090332
0 0.270345 0.502197 0.051107 0.085449
0 0.613932 0.543579 0.044271 0.079346
0 0.688639 0.800415 0.089518 0.035889
0 0.667480 0.443604 0.040039 0.077637
0 0.360514 0.458008 0.092773 0.033203
0 0.445638 0.431885 0.047526 0.064453
0 0.901855 0.782104 0.084961 0.035889
0 0.621094 0.771729 0.044271 0.066895
0 0.170573 0.710571 0.039062 0.074951
0 0.687012 0.349854 0.037435 0.077637
0 0.507161 0.589478 0.080729 0.035889
0 0.884766 0.585449 0.044271 0.064453
0 0.539388 0.546753 0.082682 0.033936
0 0.874023 0.245728 0.091797 0.030518
0 0.213053 0.931274 0.047852 0.057861
0 0.588053 0.299072 0.082357 0.033203
0 0.263346 0.892822 0.093099 0.027832
0 0.763346 0.800293 0.099609 0.025391
0 0.568034 0.893555 0.083984 0.029297
0 0.134928 0.309570 0.037435 0.064453
0 0.748535 0.052979 0.077148 0.030762
0 0.750814 0.691895 0.040039 0.058594
0 0.671387 0.675293 0.040690 0.056641
0 0.180013 0.792603 0.037109 0.061768
0 0.218262 0.783447 0.037435 0.059082
0 0.317220 0.248901 0.068685 0.031982
0 0.186849 0.555664 0.085938 0.025391
0 0.683431 0.931885 0.092773 0.022949
0 0.469889 0.795166 0.082357 0.025391
0 0.839193 0.029175 0.036458 0.055908
0 0.200846 0.741699 0.030599 0.064453
0 0.662760 0.911011 0.085938 0.022705
0 0.209473 0.501221 0.027018 0.071777
0 0.237305 0.607666 0.033854 0.056641
0 0.138346 0.499512 0.037109 0.048828
0 0.728516 0.491455 0.065104 0.027344
0 0.841471 0.183228 0.033854 0.051514
0 0.206055 0.901855 0.068359 0.025391
0 0.344889 0.859009 0.061523 0.028076
0 0.379720 0.903198 0.061523 0.028076
0 0.162760 0.318604 0.023438 0.072266
0 0.896647 0.469604 0.032878 0.051514
0 0.765137 0.021118 0.068685 0.024170
0 0.360514 0.567261 0.030273 0.053955
0 0.464844 0.630493 0.085938 0.018799
0 0.884928 0.444580 0.030273 0.053223
0 0.794596 0.274292 0.023438 0.067139
0 0.586263 0.599243 0.065104 0.024170
0 0.457682 0.382324 0.023438 0.064453
0 0.148763 0.564697 0.065104 0.022949
0 0.409180 0.822510 0.065104 0.022949
0 0.612305 0.833984 0.075521 0.019531
0 0.765462 0.422729 0.027669 0.051514
0 0.770182 0.278198 0.023438 0.059326
0 0.197428 0.254883 0.079102 0.017578
0 0.758138 0.461914 0.054688 0.025391
0 0.889974 0.269043 0.033854 0.041016
0 0.544596 0.849121 0.030599 0.044922
0 0.303223 0.050049 0.068685 0.019531
0 0.591471 0.722290 0.089193 0.014893
0 0.542806 0.624023 0.061523 0.021484
0 0.343099 0.672729 0.065104 0.020264
0 0.791016 0.464111 0.023438 0.056152
0 0.342773 0.062134 0.057292 0.022705
0 0.872721 0.107056 0.068359 0.018799
0 0.361003 0.923706 0.057292 0.022217
0 0.284180 0.665039 0.030599 0.041016
0 0.659180 0.849854 0.030599 0.041016
0 0.317220 0.747070 0.068685 0.017578
0 0.207682 0.302979 0.023438 0.051270
0 0.459635 0.466064 0.054688 0.021973
0 0.447428 0.196167 0.058268 0.020264
0 0.414388 0.523071 0.026693 0.043701
0 0.351888 0.125977 0.020182 0.056641
0 0.196940 0.075073 0.050130 0.022705
0 0.214681 0.846924 0.079102 0.014160
0 0.917806 0.883423 0.019857 0.055908
0 0.619141 0.664917 0.054688 0.020264
0 0.706055 0.661011 0.020182 0.053955
0 0.652344 0.651978 0.023438 0.046143
0 0.895182 0.883667 0.023438 0.046143
0 0.910807 0.839111 0.075521 0.014160
0 0.165365 0.581665 0.070312 0.014893
0 0.774740 0.761230 0.018229 0.056641
0 0.886556 0.219604 0.019857 0.051514
0 0.801432 0.702759 0.023438 0.043701
0 0.259928 0.448486 0.071940 0.014160
0 0.341471 0.086792 0.068359 0.014893
0 0.578776 0.635010 0.057292 0.017578
0 0.876139 0.129150 0.027018 0.037109
0 0.571615 0.956299 0.070312 0.014160
0 0.831055 0.563965 0.026693 0.037109
0 0.599772 0.504761 0.022461 0.043701
0 0.287760 0.105103 0.065104 0.014893
0 0.896973 0.366699 0.019857 0.048828
0 0.409180 0.313354 0.065104 0.014893
0 0.761556 0.162354 0.027018 0.035645
0 0.495117 0.745117 0.067057 0.013672
0 0.919596 0.421387 0.051432 0.017578
0 0.766927 0.845947 0.023438 0.038574
0 0.364095 0.497070 0.051107 0.017578
0 0.563639 0.765137 0.027018 0.033203
0 0.721680 0.898438 0.016276 0.054688
0 0.415690 0.236572 0.050130 0.017578
0 0.872721 0.306885 0.020182 0.043457
0 0.733398 0.099854 0.018880 0.046387
0 0.192220 0.366821 0.019857 0.043701
0 0.919596 0.589478 0.016276 0.051514
0 0.671387 0.266602 0.019857 0.041016
0 0.610514 0.054199 0.016602 0.048828
0 0.702148 0.625854 0.054036 0.014893
0 0.557617 0.698120 0.042318 0.018799
0 0.902181 0.295166 0.016602 0.046387
0 0.758138 0.269775 0.013021 0.058105
0 0.284180 0.431885 0.057943 0.012207
0 0.349609 0.825073 0.015625 0.043701
0 0.103516 0.578979 0.044271 0.014893
0 0.884928 0.077026 0.058268 0.010986
0 0.416178 0.174072 0.016602 0.038574
0 0.891764 0.314697 0.016602 0.038574
0 0.791178 0.728760 0.016602 0.038574
0 0.223307 0.223633 0.013021 0.048828
0 0.495605 0.729736 0.064128 0.009277
0 0.437826 0.814697 0.046224 0.012207
0 0.389974 0.555664 0.054688 0.009766
0 0.155599 0.277832 0.044271 0.011719
0 0.858887 0.274658 0.019857 0.025879
0 0.166178 0.881104 0.016602 0.030762
0 0.160970 0.364136 0.040690 0.012451
0 0.820638 0.289673 0.020182 0.024658
0 0.841471 0.711792 0.013021 0.035889
0 0.645345 0.196289 0.016602 0.025391
0 0.952474 0.819580 0.033854 0.011719
0 0.985514 0.335571 0.016602 0.022705
0 0.535807 0.597168 0.013021 0.025391
0 0.978678 0.271729 0.009440 0.015137
0 0.974772 0.127197 0.008789 0.012207
0 0.375814 0.685791 0.022461 0.004395
