0 0.264974 0.916260 0.200521 0.048828
0 0.496094 0.624268 0.127604 0.042969
0 0.881348 0.402222 0.051107 0.104248
0 0.140137 0.587402 0.047852 0.083984
0 0.689616 0.607666 0.042643 0.087891
0 0.748698 0.825073 0.049479 0.069580
0 0.240723 0.692261 0.089518 0.038330
0 0.880046 0.851196 0.048503 0.069580
0 0.520345 0.487793 0.037435 0.087891
0 0.259766 0.754761 0.085938 0.038330
0 0.225098 0.533447 0.051107 0.064453
0 0.618815 0.749634 0.046875 0.069580
0 0.432129 0.256104 0.090169 0.035645
0 0.219889 0.243652 0.082357 0.037109
0 0.313639 0.567261 0.103190 0.028076
0 0.518555 0.309448 0.041016 0.069580
0 0.566406 0.737793 0.039062 0.072266
0 0.464844 0.676025 0.044271 0.062988
0 0.522949 0.230103 0.077148 0.035889
0 0.196452 0.338135 0.118815 0.022949
0 0.319010 0.523071 0.044271 0.059326
0 0.747721 0.886353 0.082682 0.030518
0 0.527344 0.948242 0.085938 0.029297
0 0.494141 0.452393 0.075521 0.032715
0 0.879232 0.111572 0.088542 0.027832
0 0.233073 0.094604 0.080729 0.030518
0 0.605469 0.454102 0.033854 0.072266
0 0.145182 0.637573 0.044271 0.053955
0 0.869141 0.664917 0.075521 0.030518
0 0.302409 0.369629 0.094401 0.023438
0 0.334473 0.647339 0.068685 0.031982
0 0.511230 0.702026 0.081706 0.026611
0 0.815430 0.030518 0.037109 0.058594
0 0.308431 0.862793 0.037435 0.056641
0 0.627930 0.857666 0.037109 0.056641
0 0.469564 0.894043 0.081706 0.025391
0 0.225098 0.303955 0.092773 0.021973
0 0.752930 0.619019 0.037109 0.053467
0 0.159180 0.657715 0.037109 0.052734
0 0.199544 0.177979 0.034505 0.056641
0 0.680013 0.690430 0.065104 0.029297
0 0.569824 0.646729 0.073893 0.025391
0 0.416178 0.495728 0.030273 0.061768
0 0.670573 0.661011 0.080729 0.022705
0 0.371094 0.059448 0.065104 0.028076
0 0.264974 0.468384 0.033854 0.053955
0 0.247721 0.859009 0.033854 0.053955
0 0.447266 0.744385 0.065104 0.027832
0 0.263346 0.145508 0.037109 0.048828
0 0.735189 0.226196 0.064128 0.028076
0 0.532552 0.574463 0.033854 0.052734
0 0.740723 0.762939 0.027018 0.064941
0 0.775391 0.267822 0.075521 0.022949
0 0.320638 0.409424 0.033854 0.050781
0 0.342773 0.627808 0.070964 0.024170
0 0.453939 0.523071 0.022461 0.074951
0 0.628255 0.566040 0.036458 0.046143
0 0.657552 0.533081 0.075521 0.022217
0 0.171224 0.142822 0.033854 0.048828
0 0.225098 0.957886 0.071940 0.022705
0 0.180013 0.128784 0.030599 0.052002
0 0.275065 0.093262 0.088542 0.017578
0 0.489095 0.573486 0.079102 0.019531
0 0.299805 0.605103 0.075521 0.020264
0 0.567220 0.302612 0.061523 0.024658
0 0.238932 0.153320 0.023438 0.064453
0 0.905599 0.887695 0.085938 0.017578
0 0.371094 0.517822 0.065104 0.022949
0 0.169596 0.834229 0.057943 0.025391
0 0.430827 0.221924 0.073893 0.019531
0 0.513672 0.547729 0.031250 0.046143
0 0.382650 0.444946 0.032878 0.043701
0 0.756510 0.502930 0.023438 0.060547
0 0.631348 0.784424 0.071940 0.019531
0 0.259928 0.616699 0.079102 0.017578
0 0.612305 0.696167 0.068359 0.020264
0 0.144368 0.301025 0.063477 0.021484
0 0.657064 0.951416 0.032878 0.041016
0 0.751139 0.430542 0.019857 0.067139
0 0.777181 0.163940 0.030273 0.044189
0 0.921387 0.642822 0.027018 0.048828
0 0.263346 0.039917 0.065104 0.020264
0 0.350260 0.802979 0.065104 0.020020
0 0.412760 0.529541 0.065104 0.020020
0 0.420410 0.780762 0.073893 0.017578
0 0.535970 0.415894 0.027018 0.048096
0 0.802409 0.544800 0.031901 0.040283
0 0.355306 0.140137 0.019857 0.064453
0 0.325521 0.905518 0.057292 0.021973
0 0.230306 0.821167 0.061523 0.020264
0 0.495117 0.408203 0.028646 0.042969
0 0.812012 0.750610 0.030273 0.040283
0 0.525553 0.637695 0.068685 0.017578
0 0.687500 0.928589 0.072917 0.016357
0 0.330566 0.683228 0.019206 0.061768
0 0.235514 0.188354 0.058268 0.020264
0 0.876139 0.517822 0.027018 0.043457
0 0.297689 0.283447 0.050456 0.022949
0 0.884440 0.215820 0.065755 0.017578
0 0.563314 0.496338 0.053711 0.021484
0 0.103516 0.319824 0.023438 0.048828
0 0.770345 0.129517 0.030273 0.037842
0 0.365234 0.843018 0.026042 0.042969
0 0.809408 0.598633 0.063477 0.017578
0 0.433431 0.645020 0.092773 0.011719
0 0.662272 0.915527 0.050456 0.021484
0 0.161784 0.758057 0.056641 0.019043
0 0.692220 0.950073 0.019857 0.053955
0 0.693522 0.550415 0.029622 0.035889
0 0.511556 0.115479 0.068685 0.015137
0 0.662598 0.625854 0.016602 0.061768
0 0.339681 0.868042 0.016602 0.061768
0 0.432943 0.358887 0.057292 0.017578
0 0.160807 0.398315 0.054688 0.018311
0 0.155762 0.473511 0.079102 0.012451
0 0.769857 0.768799 0.015625 0.062500
0 0.907389 0.796143 0.082357 0.011719
0 0.908203 0.758301 0.049479 0.019531
0 0.560221 0.571167 0.020182 0.046143
0 0.523763 0.929199 0.051432 0.017578
0 0.924805 0.858887 0.026693 0.033203
0 0.409180 0.717041 0.057943 0.015137
0 0.646973 0.577759 0.019857 0.043701
0 0.311523 0.671509 0.015625 0.053955
0 0.544596 0.578979 0.016276 0.051514
0 0.721680 0.469604 0.016276 0.051514
0 0.739095 0.726074 0.016602 0.048828
0 0.186849 0.411011 0.065104 0.012451
0 0.353678 0.208008 0.016602 0.048828
0 0.872721 0.785767 0.047526 0.016846
0 0.465495 0.918823 0.018229 0.043701
0 0.695638 0.228760 0.020182 0.038574
0 0.310221 0.827759 0.020182 0.038330
0 0.620931 0.662354 0.016602 0.046387
0 0.799805 0.887573 0.061849 0.012451
0 0.553223 0.379761 0.061523 0.012451
0 0.879720 0.681885 0.019857 0.038574
0 0.756510 0.077393 0.023438 0.032715
0 0.787598 0.034790 0.051107 0.014893
0 0.200033 0.466797 0.014648 0.050781
0 0.723470 0.070557 0.019857 0.034668
0 0.864095 0.849854 0.016602 0.041016
0 0.193848 0.123291 0.016602 0.041016
0 0.197428 0.659668 0.016602 0.041016
0 0.592773 0.431885 0.015625 0.043457
0 0.706055 0.506104 0.013021 0.051270
0 0.627930 0.797852 0.065104 0.009766
0 0.169596 0.676636 0.016276 0.038330
0 0.908366 0.431885 0.021810 0.027832
0 0.185221 0.661011 0.013021 0.043701
0 0.209473 0.551636 0.019857 0.028076
0 0.824219 0.472534 0.013021 0.041748
0 0.459147 0.490479 0.053711 0.009766
0 0.456055 0.621948 0.013021 0.038330
0 0.702474 0.146729 0.013021 0.035645
0 0.388346 0.584595 0.016276 0.026123
0 0.910970 0.770020 0.027018 0.011719
0 0.817057 0.163330 0.013021 0.021973
0 0.570638 0.276611 0.020182 0.003906
