0 0.321940 0.223511 0.126953 0.059326
0 0.452637 0.595947 0.131185 0.048828
0 0.633138 0.644775 0.068359 0.091797
0 0.526855 0.725586 0.133789 0.037109
0 0.784180 0.423706 0.057943 0.084717
0 0.492513 0.780151 0.057943 0.073486
0 0.332845 0.672852 0.099935 0.041016
0 0.584473 0.588135 0.047852 0.074707
0 0.803223 0.335571 0.089518 0.038330
0 0.159993 0.814697 0.045898 0.069824
0 0.735677 0.292603 0.044271 0.067139
0 0.537760 0.594604 0.044271 0.067139
0 0.629557 0.577759 0.033854 0.085205
0 0.233887 0.369385 0.040690 0.069824
0 0.440430 0.537354 0.044271 0.062012
0 0.567220 0.244385 0.082357 0.033203
0 0.294596 0.711792 0.044271 0.061768
0 0.711263 0.059082 0.099609 0.027344
0 0.289388 0.922729 0.089193 0.030518
0 0.872721 0.662354 0.103516 0.025391
0 0.444010 0.835571 0.044271 0.059326
0 0.482096 0.218262 0.078776 0.033203
0 0.620931 0.356323 0.037435 0.069580
0 0.928223 0.905518 0.040690 0.063965
0 0.794596 0.284668 0.044271 0.056641
0 0.685221 0.214111 0.041016 0.061035
0 0.223470 0.898071 0.027018 0.090576
0 0.192220 0.864136 0.040690 0.059326
0 0.643555 0.831543 0.041016 0.056641
0 0.377930 0.392822 0.099609 0.022949
0 0.187826 0.054321 0.080729 0.028076
0 0.789388 0.709229 0.089193 0.025391
0 0.697428 0.726196 0.037435 0.059326
0 0.671387 0.819946 0.040690 0.053955
0 0.621094 0.870605 0.085938 0.025391
0 0.259928 0.625610 0.071940 0.030029
0 0.146973 0.704956 0.027018 0.079346
0 0.879720 0.228760 0.027018 0.074707
0 0.318848 0.135986 0.079102 0.024902
0 0.502116 0.920166 0.077148 0.025391
0 0.360189 0.613892 0.084961 0.022217
0 0.763346 0.526611 0.037109 0.050781
0 0.746745 0.777954 0.039062 0.048096
0 0.384115 0.055542 0.091146 0.020264
0 0.200846 0.388916 0.023438 0.077637
0 0.867513 0.608887 0.037109 0.048828
0 0.763346 0.153320 0.037109 0.048828
0 0.271973 0.827393 0.019857 0.089844
0 0.613118 0.383057 0.035482 0.050293
0 0.734701 0.560791 0.028646 0.062012
0 0.559408 0.519165 0.087565 0.020264
0 0.801432 0.418823 0.023438 0.074951
0 0.831055 0.692017 0.103516 0.016846
0 0.746908 0.629761 0.025065 0.069580
0 0.831055 0.938354 0.033854 0.051514
0 0.348470 0.546387 0.027018 0.064453
0 0.331055 0.181885 0.061849 0.027832
0 0.156576 0.404541 0.067057 0.025391
0 0.267741 0.409790 0.032227 0.051514
0 0.634928 0.353760 0.030273 0.054199
0 0.669596 0.442261 0.023438 0.069580
0 0.345052 0.663086 0.075521 0.021484
0 0.478678 0.363892 0.071940 0.022217
0 0.304036 0.950073 0.070312 0.022705
0 0.153971 0.241821 0.026693 0.059326
0 0.718099 0.524292 0.023438 0.067139
0 0.497721 0.180542 0.033854 0.046143
0 0.923014 0.487915 0.030273 0.051514
0 0.459473 0.897705 0.089518 0.017090
0 0.180827 0.200684 0.025065 0.060547
0 0.803385 0.638916 0.075521 0.020020
0 0.713542 0.132080 0.067708 0.021973
0 0.292318 0.555664 0.026042 0.056641
0 0.671387 0.710571 0.027018 0.053955
0 0.657389 0.366821 0.027018 0.053955
0 0.548014 0.453979 0.071940 0.020264
0 0.329264 0.862915 0.071940 0.020264
0 0.637370 0.211182 0.028646 0.050293
0 0.539388 0.821289 0.033854 0.041016
0 0.579427 0.666260 0.023438 0.059082
0 0.886556 0.084229 0.068685 0.020020
0 0.895182 0.324707 0.023438 0.058594
0 0.570312 0.319336 0.026042 0.052734
0 0.391439 0.112915 0.029622 0.046143
0 0.601888 0.784424 0.054688 0.024902
0 0.882650 0.471924 0.032878 0.040527
0 0.648763 0.947144 0.078776 0.016846
0 0.579264 0.809448 0.030273 0.043701
0 0.839355 0.203979 0.064128 0.020264
0 0.332682 0.411011 0.023438 0.053955
0 0.461751 0.542603 0.024414 0.051514
0 0.546224 0.411011 0.054688 0.022705
0 0.794596 0.586182 0.065104 0.019043
0 0.457845 0.613892 0.071940 0.016846
0 0.777669 0.531128 0.065755 0.018311
0 0.902344 0.615479 0.023438 0.051270
0 0.447428 0.498291 0.079102 0.015137
0 0.224772 0.702148 0.022461 0.052734
0 0.457845 0.914917 0.079102 0.014893
0 0.390951 0.646729 0.077474 0.015137
0 0.696940 0.172729 0.078125 0.014893
0 0.662598 0.207886 0.016602 0.069580
0 0.516927 0.392822 0.065104 0.017578
0 0.717773 0.853760 0.064453 0.017578
0 0.261556 0.669800 0.027018 0.041748
0 0.688151 0.645020 0.026042 0.042969
0 0.879720 0.953735 0.019857 0.055908
0 0.896973 0.947510 0.019857 0.054199
0 0.861979 0.959229 0.026042 0.041016
0 0.240723 0.673706 0.019857 0.053467
0 0.655599 0.768555 0.023438 0.044922
0 0.919596 0.398682 0.023438 0.044922
0 0.320638 0.581665 0.020182 0.051514
0 0.511719 0.125244 0.054688 0.019043
0 0.270345 0.917603 0.051107 0.020264
0 0.858398 0.570557 0.026042 0.039551
0 0.702637 0.550415 0.019857 0.051514
0 0.563639 0.735229 0.068685 0.014893
0 0.369303 0.854736 0.019857 0.050781
0 0.410970 0.912109 0.019857 0.050781
0 0.410970 0.775024 0.061523 0.016357
0 0.558431 0.944946 0.016602 0.059326
0 0.662598 0.484009 0.016602 0.059326
0 0.674805 0.522949 0.020182 0.048828
0 0.423503 0.573242 0.070964 0.013672
0 0.645182 0.516602 0.023438 0.041016
0 0.600260 0.336914 0.023438 0.041016
0 0.695638 0.067261 0.075521 0.012451
0 0.926432 0.411743 0.023438 0.039795
0 0.913900 0.711792 0.060872 0.014893
0 0.850098 0.749634 0.071940 0.012451
0 0.343099 0.800415 0.044271 0.020264
0 0.662760 0.917603 0.044271 0.020264
0 0.279785 0.785767 0.053060 0.016846
0 0.900553 0.411011 0.019857 0.043701
0 0.469076 0.345337 0.052734 0.016357
0 0.829264 0.045166 0.016602 0.051270
0 0.846680 0.594604 0.016276 0.051514
0 0.372721 0.895508 0.047526 0.017578
0 0.725911 0.909424 0.018229 0.045410
0 0.263346 0.143799 0.016276 0.050781
0 0.470052 0.269165 0.054688 0.014893
0 0.291178 0.067383 0.016602 0.048828
0 0.645345 0.439331 0.016602 0.048096
0 0.150065 0.155518 0.046875 0.017090
0 0.612305 0.494385 0.061849 0.012207
0 0.608887 0.849854 0.047852 0.015137
0 0.292806 0.745728 0.047852 0.014893
0 0.228516 0.984619 0.023438 0.029297
0 0.407064 0.825073 0.053711 0.012451
0 0.848307 0.470947 0.054688 0.012207
0 0.772135 0.572510 0.054688 0.012207
0 0.865885 0.033447 0.054688 0.012207
0 0.237305 0.295776 0.054688 0.010986
0 0.690104 0.917603 0.015625 0.035889
0 0.574219 0.909668 0.013021 0.041016
0 0.775391 0.763916 0.013021 0.041016
0 0.538574 0.541260 0.011393 0.043457
0 0.743327 0.821167 0.032227 0.014893
0 0.331055 0.787354 0.047526 0.009766
0 0.739421 0.224854 0.045247 0.009766
0 0.331055 0.743774 0.033854 0.010986
0 0.697428 0.831543 0.037435 0.009766
0 0.933431 0.853516 0.030273 0.011719
0 0.917806 0.179321 0.027018 0.012451
0 0.616699 0.761963 0.014648 0.021484
