0 0.530762 0.636353 0.183268 0.046143
0 0.308919 0.102539 0.072917 0.103516
0 0.541504 0.451660 0.100586 0.046875
0 0.815430 0.603760 0.037109 0.090332
0 0.883138 0.903320 0.041016 0.080078
0 0.825846 0.410400 0.030599 0.094238
0 0.886556 0.108643 0.082357 0.032715
0 0.377116 0.035400 0.097982 0.026855
0 0.806641 0.920166 0.096354 0.025391
0 0.544596 0.426025 0.037109 0.062988
0 0.712891 0.883423 0.075521 0.030029
0 0.766764 0.559814 0.030273 0.074219
0 0.931641 0.744995 0.033854 0.065674
0 0.859701 0.534180 0.035807 0.060547
0 0.704264 0.131104 0.099935 0.020020
0 0.317220 0.812134 0.068685 0.028076
0 0.840983 0.701050 0.074544 0.024658
0 0.652181 0.447510 0.037435 0.048828
0 0.506348 0.622070 0.037435 0.048828
0 0.403483 0.410767 0.081706 0.022217
0 0.534180 0.817261 0.030599 0.059326
0 0.216471 0.485840 0.033854 0.052734
0 0.674805 0.533081 0.103516 0.016846
0 0.818034 0.077637 0.098307 0.017578
0 0.494303 0.542603 0.082357 0.020264
0 0.305013 0.350586 0.023438 0.068359
0 0.348470 0.158447 0.089518 0.017578
0 0.433594 0.506104 0.023438 0.066895
0 0.883138 0.176636 0.068359 0.022705
0 0.751139 0.193237 0.019857 0.076904
0 0.357096 0.058228 0.099609 0.014893
0 0.302734 0.683838 0.026042 0.055176
0 0.344564 0.701416 0.060872 0.020020
0 0.405762 0.113892 0.071940 0.016846
0 0.355306 0.088135 0.068685 0.017578
0 0.914388 0.530884 0.020182 0.059326
0 0.756348 0.282104 0.058268 0.020264
0 0.832682 0.122070 0.023438 0.048828
0 0.825846 0.613525 0.016276 0.068359
0 0.277181 0.224609 0.016602 0.066406
0 0.637044 0.515259 0.083333 0.012451
0 0.877116 0.630493 0.014648 0.065674
0 0.954264 0.635620 0.016602 0.050049
0 0.327148 0.072510 0.060547 0.012207
0 0.877930 0.133667 0.023438 0.030518
0 0.291992 0.008057 0.039062 0.016113
0 0.940430 0.192261 0.016276 0.022705
0 0.018555 0.068604 0.033854 0.009766
0 0.978678 0.274292 0.009440 0.014893
0 0.995117 0.282104 0.007812 0.014893
