0 0.851888 0.427612 0.117188 0.045654
0 0.638346 0.791260 0.113932 0.043457
0 0.749512 0.649658 0.099935 0.041504
0 0.665690 0.122925 0.057292 0.071533
0 0.449056 0.401855 0.047852 0.072266
0 0.631348 0.490479 0.051107 0.066895
0 0.624349 0.125000 0.085938 0.039062
0 0.641927 0.512573 0.044271 0.074951
0 0.523763 0.453979 0.106771 0.030518
0 0.675781 0.361572 0.049479 0.064453
0 0.458659 0.066040 0.046224 0.067139
0 0.520833 0.701050 0.098958 0.030029
0 0.820638 0.959229 0.082682 0.035645
0 0.128743 0.720947 0.087565 0.033203
0 0.261230 0.631104 0.040039 0.072266
0 0.507324 0.866821 0.094727 0.028076
0 0.447428 0.588135 0.037435 0.069824
0 0.365885 0.879761 0.033854 0.074951
0 0.225098 0.541260 0.071940 0.033203
0 0.485677 0.106323 0.044271 0.053955
0 0.155599 0.452759 0.044271 0.053955
0 0.516927 0.278198 0.044271 0.053955
0 0.921387 0.723511 0.082357 0.028076
0 0.514974 0.362915 0.033854 0.067139
0 0.683594 0.818604 0.085938 0.025391
0 0.151855 0.373291 0.029622 0.072266
0 0.839681 0.437134 0.092773 0.022705
0 0.206055 0.287354 0.041016 0.051270
0 0.169596 0.765869 0.085938 0.023926
0 0.155762 0.684814 0.037435 0.054688
0 0.490723 0.484009 0.089518 0.022705
0 0.645345 0.244385 0.037435 0.054199
0 0.464681 0.874634 0.037435 0.053955
0 0.144857 0.892822 0.029297 0.064453
0 0.285807 0.526611 0.096354 0.019531
0 0.581055 0.332886 0.033854 0.053955
0 0.789062 0.829712 0.067708 0.026611
0 0.254557 0.303711 0.033854 0.052734
0 0.700846 0.514526 0.030599 0.057861
0 0.780273 0.812012 0.098958 0.017578
0 0.574219 0.135986 0.033854 0.050781
0 0.805013 0.510986 0.023438 0.071777
0 0.834473 0.698853 0.082357 0.020264
0 0.770182 0.547729 0.023438 0.067139
0 0.230306 0.235352 0.061523 0.025391
0 0.291992 0.125244 0.080729 0.019043
0 0.670410 0.742432 0.025065 0.060547
0 0.686849 0.611572 0.085938 0.017578
0 0.488607 0.219604 0.029297 0.051514
0 0.575846 0.284668 0.057943 0.025391
0 0.629557 0.345947 0.033854 0.043457
0 0.221680 0.638916 0.023438 0.062012
0 0.763346 0.183228 0.023438 0.061768
0 0.188639 0.230103 0.027018 0.051514
0 0.594889 0.453979 0.027018 0.051514
0 0.377930 0.022949 0.078776 0.017578
0 0.719889 0.530884 0.019857 0.069580
0 0.924805 0.597290 0.026693 0.051514
0 0.740723 0.789551 0.027018 0.050781
0 0.452962 0.481689 0.102539 0.013184
0 0.348470 0.469604 0.019857 0.067139
0 0.909180 0.093384 0.030599 0.043701
0 0.565430 0.245605 0.023438 0.056641
0 0.478678 0.234009 0.030273 0.043701
0 0.600098 0.655884 0.058268 0.022705
0 0.619303 0.187012 0.019857 0.064453
0 0.680013 0.405518 0.057943 0.021973
0 0.711263 0.266113 0.065104 0.019531
0 0.612305 0.305542 0.061849 0.020264
0 0.438639 0.628540 0.027018 0.046143
0 0.403971 0.857666 0.061849 0.020020
0 0.674316 0.706665 0.060872 0.020264
0 0.301107 0.319946 0.022786 0.053955
0 0.907389 0.846924 0.027018 0.045410
0 0.669596 0.478760 0.030599 0.038574
0 0.657552 0.524902 0.054688 0.021484
0 0.761556 0.252197 0.027018 0.043457
0 0.423014 0.903198 0.051107 0.022705
0 0.898763 0.626831 0.030599 0.037842
0 0.872721 0.020142 0.068359 0.016846
0 0.412760 0.752197 0.065104 0.017578
0 0.832682 0.231445 0.023438 0.048828
0 0.881348 0.956299 0.058268 0.019531
0 0.318848 0.925049 0.058268 0.019531
0 0.516764 0.123291 0.016602 0.066895
0 0.658691 0.177002 0.022461 0.049316
0 0.553385 0.485229 0.054688 0.020264
0 0.572266 0.737915 0.023438 0.046143
0 0.765137 0.911133 0.061523 0.017578
0 0.386556 0.192383 0.061523 0.017578
0 0.425781 0.444336 0.049479 0.021484
0 0.513346 0.446167 0.051432 0.020264
0 0.674805 0.588135 0.026693 0.038574
0 0.143555 0.666260 0.026693 0.038574
0 0.521159 0.781860 0.025391 0.040283
0 0.748698 0.506104 0.028646 0.035645
0 0.334473 0.689697 0.082357 0.012207
0 0.710286 0.464478 0.049479 0.020264
0 0.380534 0.336792 0.021484 0.046143
0 0.728678 0.640259 0.079102 0.012451
0 0.140137 0.627197 0.019857 0.048828
0 0.544596 0.164917 0.065104 0.014893
0 0.183594 0.829102 0.023438 0.041016
0 0.912760 0.454102 0.023438 0.041016
0 0.303385 0.444946 0.075521 0.012451
0 0.663900 0.364258 0.019206 0.048828
0 0.893555 0.037354 0.061849 0.015137
0 0.692220 0.506104 0.019857 0.046387
0 0.532389 0.253540 0.019857 0.046143
0 0.895182 0.280884 0.023438 0.038330
0 0.277344 0.801636 0.023438 0.038330
0 0.150553 0.319824 0.027018 0.033203
0 0.858887 0.054199 0.027018 0.033203
0 0.884440 0.158447 0.050130 0.017578
0 0.898763 0.421143 0.023438 0.037598
0 0.650065 0.852417 0.018880 0.046143
0 0.546387 0.166260 0.019857 0.043457
0 0.808594 0.151978 0.023438 0.035889
0 0.632324 0.629761 0.066732 0.012451
0 0.322428 0.715820 0.016602 0.048828
0 0.587565 0.063354 0.054036 0.014893
0 0.747721 0.861206 0.047526 0.016846
0 0.154785 0.634644 0.014648 0.053467
0 0.697428 0.435791 0.016602 0.046387
0 0.271973 0.348511 0.061523 0.012451
0 0.265137 0.379761 0.019857 0.038330
0 0.676107 0.336792 0.050130 0.014893
0 0.582357 0.412354 0.015625 0.046387
0 0.202637 0.779541 0.047852 0.015137
0 0.622721 0.539917 0.020182 0.035889
0 0.902344 0.560791 0.023438 0.030762
0 0.162760 0.714478 0.023438 0.030518
0 0.752930 0.577026 0.016276 0.042236
0 0.141764 0.543457 0.058268 0.011719
0 0.553385 0.499634 0.054688 0.012451
0 0.423014 0.654541 0.016602 0.041016
0 0.150553 0.245361 0.047852 0.014160
0 0.222982 0.461792 0.018880 0.035889
0 0.860677 0.740479 0.044271 0.015137
0 0.687826 0.590698 0.052734 0.012451
0 0.245117 0.832886 0.014974 0.043701
0 0.336263 0.085571 0.051432 0.012451
0 0.320638 0.167480 0.061849 0.009766
0 0.766439 0.098145 0.050456 0.011719
0 0.893555 0.046509 0.047526 0.012451
0 0.247721 0.267578 0.047526 0.011719
0 0.745931 0.387695 0.016602 0.033203
0 0.471680 0.484619 0.065104 0.008301
0 0.298177 0.033447 0.044271 0.012207
0 0.548014 0.347290 0.016602 0.030518
0 0.462891 0.314697 0.013021 0.038574
0 0.240885 0.245728 0.033854 0.014893
0 0.440430 0.602417 0.016276 0.030518
0 0.669271 0.063354 0.015625 0.030518
0 0.803385 0.769165 0.013021 0.035889
0 0.913900 0.637573 0.012044 0.038330
0 0.928385 0.630493 0.013021 0.034424
0 0.203776 0.569946 0.015625 0.028076
0 0.848470 0.508423 0.047852 0.009033
0 0.850098 0.159668 0.016602 0.025391
0 0.215983 0.358643 0.012044 0.032715
0 0.825521 0.485352 0.036458 0.009766
0 0.982096 0.272949 0.009766 0.017578
0 0.134928 0.153564 0.009440 0.018066
0 0.989095 0.332886 0.009440 0.012451
0 0.996908 0.276367 0.004232 0.013672
