0 0.236979 0.098267 0.067708 0.115967
0 0.499349 0.463135 0.106771 0.048828
0 0.274089 0.297729 0.052083 0.082764
0 0.431641 0.641602 0.096354 0.041016
0 0.190430 0.315918 0.051432 0.072266
0 0.717773 0.606079 0.050130 0.069092
0 0.600098 0.308228 0.051107 0.067139
0 0.489095 0.361572 0.051107 0.064453
0 0.737305 0.467041 0.047526 0.066895
0 0.715495 0.953979 0.101562 0.030518
0 0.676595 0.456665 0.099935 0.030518
0 0.589844 0.890869 0.085938 0.034668
0 0.363281 0.915039 0.028646 0.103516
0 0.609701 0.830933 0.042318 0.065674
0 0.706055 0.778320 0.082682 0.033203
0 0.238281 0.481689 0.091146 0.028809
0 0.735514 0.228760 0.037435 0.069824
0 0.713053 0.090088 0.040690 0.062988
0 0.490885 0.229126 0.075521 0.033936
0 0.430827 0.702026 0.094727 0.026611
0 0.358887 0.680542 0.040690 0.061768
0 0.297526 0.353027 0.036458 0.068359
0 0.407389 0.479492 0.040690 0.060547
0 0.483724 0.594727 0.096354 0.025391
0 0.844889 0.171753 0.040690 0.059814
0 0.898763 0.624634 0.106771 0.022705
0 0.721680 0.282104 0.030599 0.077393
0 0.458659 0.375854 0.073568 0.030518
0 0.594564 0.266235 0.074544 0.030029
0 0.537598 0.494385 0.037435 0.059082
0 0.938639 0.863525 0.027018 0.078613
0 0.426595 0.891602 0.037435 0.056641
0 0.657389 0.407104 0.040690 0.051514
0 0.325846 0.179688 0.037109 0.054688
0 0.396973 0.312134 0.027018 0.074951
0 0.666178 0.434448 0.071940 0.028076
0 0.778646 0.370117 0.067708 0.029297
0 0.497721 0.449463 0.033854 0.058105
0 0.660482 0.593018 0.033203 0.058594
0 0.414388 0.082886 0.068359 0.028076
0 0.514648 0.526855 0.033203 0.056641
0 0.445638 0.440308 0.033854 0.055420
0 0.256348 0.531494 0.030273 0.060547
0 0.889974 0.496948 0.033854 0.053955
0 0.862793 0.088379 0.076497 0.023438
0 0.424805 0.665894 0.103516 0.016846
0 0.291016 0.123901 0.065104 0.026611
0 0.792480 0.712891 0.060872 0.027344
0 0.794596 0.049072 0.072266 0.022949
0 0.513346 0.412354 0.065104 0.025391
0 0.325033 0.404541 0.035482 0.046387
0 0.495931 0.713135 0.030273 0.054199
0 0.198242 0.280518 0.059896 0.027344
0 0.343262 0.916260 0.092773 0.017578
0 0.836263 0.952393 0.030599 0.053223
0 0.808919 0.786987 0.065755 0.024658
0 0.804525 0.145386 0.071289 0.022705
0 0.368815 0.318604 0.026042 0.062012
0 0.302897 0.447510 0.032878 0.048828
0 0.787598 0.651978 0.079102 0.020264
0 0.788900 0.404541 0.060872 0.025391
0 0.690430 0.934570 0.085938 0.017578
0 0.792480 0.349487 0.060872 0.024658
0 0.615723 0.494385 0.027018 0.054199
0 0.733887 0.434448 0.027018 0.053955
0 0.700521 0.542480 0.057292 0.025391
0 0.792806 0.823853 0.068685 0.020264
0 0.522135 0.688477 0.033854 0.041016
0 0.808431 0.743042 0.092773 0.014893
0 0.784180 0.802246 0.099609 0.013672
0 0.258464 0.296387 0.020833 0.064453
0 0.372396 0.631104 0.026042 0.051270
0 0.346680 0.068604 0.023438 0.056641
0 0.838867 0.398682 0.028646 0.044922
0 0.931803 0.118774 0.027018 0.047607
0 0.788574 0.911743 0.032227 0.039795
0 0.791178 0.233643 0.058268 0.021973
0 0.799316 0.281494 0.019206 0.065918
0 0.685221 0.513916 0.020182 0.062012
0 0.582682 0.897461 0.023438 0.052734
0 0.864095 0.539917 0.079102 0.014893
0 0.836263 0.555542 0.078776 0.014893
0 0.872721 0.273071 0.026693 0.043701
0 0.537598 0.356323 0.030273 0.038330
0 0.291178 0.098511 0.051107 0.022705
0 0.345866 0.431152 0.021810 0.052734
0 0.461263 0.312012 0.065104 0.017578
0 0.791016 0.458008 0.065104 0.017578
0 0.557129 0.417480 0.027669 0.041016
0 0.775065 0.312378 0.018880 0.059814
0 0.390137 0.549316 0.019857 0.054688
0 0.744303 0.166260 0.061523 0.017578
0 0.869303 0.377197 0.019857 0.054199
0 0.846191 0.253784 0.029622 0.036377
0 0.824056 0.382446 0.019857 0.053955
0 0.664388 0.732422 0.054688 0.019531
0 0.495931 0.787720 0.051107 0.020752
0 0.575846 0.518555 0.023438 0.044922
0 0.722656 0.374512 0.059896 0.017578
0 0.645182 0.843628 0.023438 0.044189
0 0.350098 0.464478 0.051107 0.020264
0 0.452148 0.533447 0.018880 0.054199
0 0.338053 0.149292 0.068685 0.014893
0 0.867513 0.848511 0.023438 0.043701
0 0.919922 0.611572 0.057292 0.017578
0 0.890137 0.812744 0.019857 0.050293
0 0.121908 0.617188 0.025065 0.039062
0 0.919596 0.234009 0.016276 0.059326
0 0.738932 0.532227 0.023438 0.041016
0 0.902181 0.146729 0.016602 0.056641
0 0.383138 0.404541 0.020182 0.046387
0 0.170410 0.579590 0.025065 0.037109
0 0.633138 0.164551 0.047526 0.019531
0 0.483887 0.513916 0.019857 0.046387
0 0.762858 0.440918 0.022461 0.041016
0 0.735514 0.567261 0.071940 0.012451
0 0.654785 0.295166 0.021810 0.041016
0 0.952637 0.888184 0.019857 0.044922
0 0.457682 0.574829 0.023438 0.037842
0 0.232096 0.460205 0.023438 0.037598
0 0.197754 0.536621 0.064128 0.013672
0 0.592773 0.497925 0.015625 0.055908
0 0.707845 0.149292 0.058268 0.014893
0 0.586263 0.719604 0.057943 0.014893
0 0.636068 0.280762 0.026042 0.033203
0 0.924805 0.748901 0.020182 0.042236
0 0.820638 0.428589 0.020182 0.042236
0 0.608398 0.153198 0.018880 0.043701
0 0.516764 0.481079 0.016602 0.048096
0 0.456055 0.343384 0.020182 0.038330
0 0.714681 0.198853 0.016602 0.046143
0 0.292806 0.723511 0.019857 0.038330
0 0.719889 0.634399 0.068685 0.010986
0 0.910482 0.103760 0.018880 0.038574
0 0.579264 0.749634 0.058268 0.012451
0 0.374512 0.510010 0.016602 0.043457
0 0.363932 0.394165 0.023438 0.030518
0 0.780599 0.199463 0.044271 0.016113
0 0.900553 0.782104 0.047852 0.014893
0 0.667806 0.629517 0.040690 0.016846
0 0.697428 0.693604 0.016602 0.041016
0 0.279785 0.248291 0.014648 0.046387
0 0.464193 0.126587 0.015625 0.042236
0 0.485677 0.055542 0.044271 0.014893
0 0.622721 0.176270 0.054688 0.011719
0 0.358398 0.567871 0.046875 0.013672
0 0.771159 0.760742 0.046224 0.013672
0 0.697428 0.135010 0.051107 0.012207
0 0.513346 0.197144 0.016276 0.037842
0 0.209473 0.524292 0.040690 0.014893
0 0.563802 0.452759 0.013021 0.043701
0 0.783854 0.493042 0.015625 0.035889
0 0.311523 0.133667 0.036458 0.014893
0 0.193848 0.078735 0.037435 0.014404
0 0.441732 0.238770 0.012370 0.042969
0 0.755859 0.530762 0.015625 0.033203
0 0.691732 0.404175 0.054036 0.009033
0 0.759928 0.461548 0.051107 0.009033
0 0.903971 0.554932 0.054688 0.008301
0 0.482096 0.892578 0.016276 0.027344
0 0.600098 0.189697 0.058268 0.007324
0 0.729492 0.254761 0.011068 0.038330
0 0.622721 0.218384 0.033854 0.012451
0 0.222656 0.088135 0.018229 0.022949
0 0.507161 0.171509 0.018229 0.022705
0 0.989095 0.275635 0.009440 0.017578
