0 0.855306 0.591309 0.040690 0.154297
0 0.914388 0.621948 0.054688 0.074951
0 0.370931 0.483276 0.051107 0.078857
0 0.216471 0.412964 0.054688 0.073486
0 0.648763 0.707886 0.099609 0.038330
0 0.424805 0.753540 0.110026 0.030518
0 0.268229 0.654175 0.046875 0.071533
0 0.912760 0.473511 0.044271 0.069580
0 0.629720 0.720947 0.103190 0.027832
0 0.848470 0.486572 0.040690 0.069824
0 0.488118 0.442261 0.097982 0.028076
0 0.339844 0.602417 0.044271 0.061768
0 0.468262 0.873291 0.037435 0.072266
0 0.476562 0.609985 0.109375 0.024658
0 0.140951 0.494385 0.028646 0.090332
0 0.515951 0.073853 0.083984 0.030518
0 0.235026 0.736572 0.036458 0.069824
0 0.633138 0.783447 0.075521 0.033203
0 0.185221 0.598633 0.075521 0.033203
0 0.445638 0.058105 0.033854 0.072266
0 0.914388 0.524414 0.041016 0.056641
0 0.372721 0.938477 0.041016 0.056641
0 0.692057 0.381104 0.033854 0.066895
0 0.653971 0.434570 0.033854 0.064453
0 0.169596 0.806885 0.030599 0.069824
0 0.636719 0.624634 0.075521 0.028076
0 0.141764 0.775635 0.030273 0.069824
0 0.580566 0.203613 0.040039 0.050781
0 0.743327 0.914917 0.032227 0.061768
0 0.360514 0.374512 0.030273 0.064453
0 0.145182 0.701416 0.023438 0.082520
0 0.303385 0.808105 0.075521 0.025391
0 0.423828 0.403320 0.039062 0.048828
0 0.659180 0.951416 0.030599 0.062012
0 0.761556 0.126831 0.027018 0.069092
0 0.325846 0.528320 0.037109 0.048828
0 0.553385 0.353394 0.033854 0.053467
0 0.117513 0.720947 0.030599 0.059082
0 0.423014 0.361572 0.030273 0.059082
0 0.784180 0.911987 0.072266 0.024658
0 0.329264 0.392578 0.030273 0.058594
0 0.444824 0.528564 0.032227 0.054688
0 0.306803 0.905762 0.027018 0.064453
0 0.657389 0.043945 0.027018 0.064453
0 0.789388 0.763916 0.033854 0.051270
0 0.237305 0.895508 0.026693 0.064453
0 0.351400 0.795166 0.032878 0.051270
0 0.549805 0.261353 0.082682 0.020264
0 0.582845 0.390259 0.030273 0.053955
0 0.846680 0.548706 0.023438 0.069092
0 0.863932 0.634644 0.023438 0.069092
0 0.849609 0.748291 0.078125 0.020020
0 0.804688 0.935791 0.078125 0.020020
0 0.421387 0.676636 0.068685 0.022705
0 0.830729 0.049438 0.026042 0.059814
0 0.459635 0.941040 0.075521 0.020264
0 0.509766 0.650879 0.065104 0.023438
0 0.877930 0.330322 0.023438 0.064453
0 0.353516 0.741699 0.023438 0.064453
0 0.499349 0.747070 0.023438 0.064453
0 0.393066 0.800415 0.074544 0.020264
0 0.162272 0.670166 0.022461 0.066895
0 0.669596 0.666260 0.065104 0.022949
0 0.138346 0.851196 0.065104 0.022705
0 0.398763 0.043823 0.065104 0.022705
0 0.714681 0.424072 0.030273 0.048828
0 0.672201 0.443604 0.028646 0.051270
0 0.784180 0.818604 0.023438 0.062012
0 0.551432 0.509644 0.085938 0.016846
0 0.917318 0.072510 0.026042 0.054199
0 0.758138 0.387573 0.020182 0.069580
0 0.487305 0.476196 0.061849 0.022705
0 0.548014 0.636353 0.030273 0.046143
0 0.662598 0.172729 0.030273 0.046143
0 0.674805 0.858032 0.026693 0.052002
0 0.341471 0.201416 0.033854 0.041016
0 0.575846 0.056885 0.078776 0.017578
0 0.798014 0.496704 0.079102 0.016846
0 0.702474 0.098633 0.075521 0.017578
0 0.778971 0.708008 0.075521 0.017578
0 0.895182 0.071289 0.023438 0.056641
0 0.183594 0.513550 0.023438 0.055908
0 0.931641 0.897705 0.075521 0.017090
0 0.518555 0.100830 0.026693 0.048340
0 0.132324 0.599854 0.025065 0.051270
0 0.130046 0.213135 0.055664 0.022949
0 0.315430 0.611206 0.023438 0.053467
0 0.837891 0.952026 0.075521 0.016357
0 0.487305 0.666626 0.026693 0.044189
0 0.246094 0.450806 0.023438 0.050049
0 0.256348 0.377197 0.051107 0.022949
0 0.704264 0.296509 0.030273 0.038330
0 0.739095 0.585571 0.030273 0.038330
0 0.613932 0.442383 0.023438 0.048828
0 0.815430 0.400635 0.023438 0.048828
0 0.657552 0.128540 0.075521 0.014893
0 0.397949 0.013916 0.056315 0.020020
0 0.868815 0.478760 0.018880 0.059082
0 0.903971 0.472168 0.026693 0.041016
0 0.744303 0.786133 0.061523 0.017578
0 0.551595 0.157104 0.071940 0.014893
0 0.471680 0.576050 0.023438 0.045654
0 0.344889 0.489502 0.019857 0.053223
0 0.520182 0.268555 0.023438 0.044922
0 0.843262 0.373291 0.016602 0.062012
0 0.407389 0.495728 0.019857 0.051514
0 0.370931 0.049072 0.058268 0.017578
0 0.610677 0.400635 0.023438 0.043457
0 0.136556 0.543945 0.019857 0.048828
0 0.266764 0.237793 0.016602 0.056641
0 0.487305 0.302979 0.061849 0.015137
0 0.318034 0.482666 0.014974 0.062012
0 0.188639 0.039917 0.061523 0.014893
0 0.265137 0.409790 0.019857 0.046143
0 0.628418 0.743042 0.045247 0.020264
0 0.263346 0.582886 0.072266 0.012451
0 0.697266 0.823853 0.044271 0.020264
0 0.468099 0.310791 0.044271 0.020020
0 0.322266 0.663330 0.023438 0.037598
0 0.643555 0.676392 0.026693 0.032471
0 0.523763 0.008667 0.057943 0.014893
0 0.697266 0.789917 0.023438 0.035889
0 0.487305 0.495605 0.020182 0.041016
0 0.831055 0.657227 0.020182 0.041016
0 0.933431 0.335449 0.016602 0.048828
0 0.513346 0.494995 0.023438 0.034424
0 0.365397 0.325439 0.019206 0.041504
0 0.739095 0.763916 0.051107 0.015137
0 0.325846 0.901978 0.016276 0.046143
0 0.707845 0.694946 0.016602 0.043701
0 0.815430 0.918823 0.057943 0.012451
0 0.284180 0.465698 0.057943 0.012451
0 0.454264 0.072754 0.016602 0.042969
0 0.858887 0.243042 0.019857 0.035889
0 0.596680 0.348145 0.016276 0.042969
0 0.148438 0.517822 0.015625 0.043457
0 0.608398 0.119385 0.012370 0.054199
0 0.619141 0.664917 0.013021 0.051514
0 0.601888 0.435791 0.013021 0.051270
0 0.808431 0.297485 0.016602 0.040283
0 0.339844 0.031128 0.023438 0.028564
0 0.230306 0.882324 0.019857 0.033203
0 0.888021 0.459229 0.015625 0.041016
0 0.812012 0.364136 0.051107 0.012451
0 0.502930 0.627197 0.051432 0.012207
0 0.202148 0.150635 0.018880 0.033203
0 0.549805 0.680542 0.020182 0.030518
0 0.551595 0.737915 0.016602 0.035889
0 0.327637 0.714111 0.019857 0.029785
0 0.209473 0.628174 0.040690 0.014160
0 0.737305 0.536011 0.020182 0.028076
0 0.877116 0.411011 0.014648 0.038330
0 0.325846 0.765259 0.044271 0.012451
0 0.403646 0.444580 0.046875 0.011719
0 0.560221 0.245605 0.054688 0.009766
0 0.513346 0.596558 0.057943 0.008545
0 0.720866 0.731445 0.014648 0.033203
0 0.345052 0.309570 0.013021 0.033203
0 0.685221 0.185425 0.047526 0.009033
0 0.169596 0.118164 0.016276 0.025391
0 0.452474 0.652344 0.013021 0.031250
0 0.787598 0.487915 0.016602 0.020264
0 0.657552 0.755737 0.033854 0.009033
0 0.437012 0.003540 0.016602 0.007080
