0 0.207845 0.629517 0.141602 0.048096
0 0.887533 0.810425 0.105143 0.045654
0 0.596680 0.669800 0.099609 0.045654
0 0.400553 0.198486 0.089518 0.040527
0 0.811849 0.687378 0.106771 0.033936
0 0.783691 0.153564 0.050456 0.064941
0 0.521973 0.239258 0.040690 0.080078
0 0.822428 0.555542 0.051107 0.061768
0 0.785970 0.494751 0.040690 0.075439
0 0.664388 0.896729 0.096354 0.030762
0 0.476888 0.325195 0.089193 0.033203
0 0.206055 0.557495 0.082682 0.034424
0 0.733398 0.825806 0.081380 0.034424
0 0.490723 0.635376 0.082357 0.033936
0 0.252930 0.394165 0.044271 0.061768
0 0.931803 0.890137 0.082357 0.033203
0 0.574056 0.641479 0.040690 0.067139
0 0.390137 0.377563 0.082357 0.032471
0 0.264648 0.670166 0.046875 0.056641
0 0.269368 0.560791 0.042643 0.062012
0 0.870931 0.916260 0.079102 0.033203
0 0.324219 0.754517 0.075521 0.032471
0 0.233073 0.753540 0.039062 0.061768
0 0.166016 0.382446 0.044271 0.053955
0 0.891764 0.288574 0.071940 0.033203
0 0.483887 0.686401 0.089518 0.026611
0 0.235677 0.619141 0.085938 0.027344
0 0.405762 0.793579 0.071940 0.032471
0 0.235514 0.779541 0.071940 0.030762
0 0.697428 0.916260 0.079102 0.027832
0 0.869303 0.575073 0.040690 0.053955
0 0.401855 0.894165 0.071289 0.030518
0 0.146647 0.197510 0.040039 0.054199
0 0.608887 0.295166 0.068685 0.030762
0 0.831055 0.302979 0.041016 0.051270
0 0.358724 0.130737 0.033854 0.061279
0 0.241211 0.092041 0.081380 0.025391
0 0.883138 0.767822 0.089193 0.022949
0 0.351888 0.827759 0.033854 0.059326
0 0.816732 0.388306 0.039714 0.050049
0 0.414388 0.434204 0.089193 0.022217
0 0.291016 0.090698 0.085938 0.022705
0 0.570638 0.459229 0.075521 0.025391
0 0.157552 0.524414 0.033854 0.056641
0 0.247721 0.440918 0.075521 0.025391
0 0.764974 0.925293 0.033854 0.056641
0 0.824056 0.135010 0.027018 0.069824
0 0.697266 0.543823 0.065104 0.028076
0 0.306315 0.819946 0.026042 0.069580
0 0.928223 0.865479 0.089518 0.020020
0 0.346680 0.265869 0.093099 0.019043
0 0.526367 0.390503 0.035807 0.049561
0 0.714681 0.572144 0.079102 0.022217
0 0.296224 0.651978 0.033854 0.051514
0 0.475260 0.615479 0.085938 0.020020
0 0.737305 0.776978 0.026693 0.061768
0 0.376139 0.859253 0.089518 0.018311
0 0.739095 0.585571 0.071940 0.022705
0 0.136068 0.534790 0.026042 0.061768
0 0.208333 0.399292 0.031250 0.051514
0 0.818848 0.086792 0.079102 0.020264
0 0.902181 0.368042 0.079102 0.020264
0 0.692220 0.666260 0.068685 0.022949
0 0.789388 0.201416 0.033854 0.046387
0 0.379720 0.404541 0.061523 0.025391
0 0.568848 0.425415 0.030273 0.051514
0 0.327474 0.514160 0.096354 0.015625
0 0.713053 0.218018 0.068685 0.021973
0 0.565430 0.961182 0.078776 0.019043
0 0.166178 0.140137 0.030273 0.048828
0 0.225098 0.147949 0.030273 0.048828
0 0.443848 0.295166 0.030273 0.048828
0 0.910970 0.343994 0.061523 0.023926
0 0.907389 0.416260 0.027018 0.054199
0 0.724609 0.172485 0.057292 0.024658
0 0.508138 0.718384 0.061849 0.022705
0 0.844889 0.754761 0.061523 0.022705
0 0.245931 0.640137 0.079102 0.017578
0 0.303385 0.540039 0.033854 0.041016
0 0.593262 0.500244 0.071940 0.019043
0 0.511230 0.797852 0.032878 0.041016
0 0.181641 0.197510 0.075521 0.017578
0 0.796224 0.679199 0.075521 0.017578
0 0.400553 0.510010 0.027018 0.048828
0 0.825846 0.819946 0.057943 0.022705
0 0.788574 0.031738 0.066732 0.019531
0 0.235514 0.199829 0.058268 0.022217
0 0.467285 0.425415 0.063477 0.020264
0 0.608887 0.556885 0.019857 0.064453
0 0.385742 0.512695 0.025391 0.048828
0 0.165690 0.715698 0.022786 0.053955
0 0.876139 0.782104 0.082357 0.014893
0 0.309408 0.412964 0.073893 0.016357
0 0.428223 0.543945 0.068685 0.017578
0 0.624349 0.446167 0.023438 0.051514
0 0.409993 0.098511 0.053060 0.022705
0 0.704427 0.930908 0.023438 0.050781
0 0.639974 0.933838 0.054688 0.021484
0 0.245117 0.124634 0.021484 0.053955
0 0.452148 0.581299 0.081380 0.014160
0 0.353190 0.056885 0.050130 0.022949
0 0.152181 0.085205 0.030273 0.037598
0 0.490723 0.560791 0.019857 0.056641
0 0.548014 0.545898 0.030273 0.037109
0 0.272135 0.717041 0.054688 0.020020
0 0.889974 0.388916 0.054688 0.020020
0 0.206055 0.515259 0.020182 0.053955
0 0.343099 0.883667 0.023438 0.046143
0 0.267741 0.124268 0.025065 0.042969
0 0.402181 0.594604 0.071940 0.014893
0 0.281901 0.818604 0.026042 0.041016
0 0.370117 0.554932 0.077474 0.013672
0 0.207845 0.067383 0.058268 0.017578
0 0.426432 0.520386 0.023438 0.043701
0 0.495931 0.506104 0.051107 0.020020
0 0.594889 0.799072 0.082357 0.012207
0 0.527344 0.473511 0.023438 0.039795
0 0.463053 0.605103 0.061523 0.014893
0 0.553223 0.576050 0.019857 0.045654
0 0.871094 0.832886 0.023438 0.038330
0 0.428223 0.478760 0.027018 0.033203
0 0.169596 0.047729 0.044271 0.020264
0 0.240397 0.511353 0.019206 0.046143
0 0.930013 0.916260 0.072266 0.012207
0 0.268555 0.415649 0.020182 0.042236
0 0.446126 0.522949 0.048503 0.017578
0 0.674805 0.560791 0.054688 0.015137
0 0.637533 0.675049 0.014648 0.056152
0 0.178223 0.565918 0.019857 0.041016
0 0.331055 0.438110 0.020182 0.040283
0 0.528971 0.544556 0.020182 0.039795
0 0.458984 0.468384 0.020833 0.038330
0 0.603678 0.182617 0.058268 0.013672
0 0.888346 0.924072 0.044271 0.017578
0 0.180013 0.266479 0.023438 0.030518
0 0.766927 0.250854 0.023438 0.030518
0 0.443034 0.559570 0.021484 0.033203
0 0.469889 0.438354 0.047852 0.014893
0 0.312012 0.456055 0.051107 0.013672
0 0.586263 0.860962 0.016276 0.042236
0 0.770345 0.116089 0.058268 0.010986
0 0.822428 0.791260 0.016602 0.038574
0 0.296224 0.879883 0.013021 0.048828
0 0.246094 0.154175 0.044271 0.014404
0 0.935221 0.535767 0.013021 0.048096
0 0.905762 0.587402 0.016602 0.037109
0 0.379557 0.172729 0.013021 0.046143
0 0.282552 0.769165 0.013021 0.046143
0 0.665202 0.716675 0.014648 0.040283
0 0.705729 0.879761 0.046875 0.012451
0 0.726888 0.195923 0.061849 0.009033
0 0.843262 0.792603 0.037435 0.014893
0 0.358887 0.161011 0.019857 0.028076
0 0.485514 0.411133 0.016602 0.033203
0 0.888021 0.421509 0.015625 0.028076
0 0.327474 0.585815 0.033854 0.012939
0 0.607096 0.120361 0.044271 0.009277
0 0.827474 0.185791 0.013021 0.030762
0 0.732096 0.554321 0.016276 0.022705
0 0.345052 0.116821 0.013021 0.028076
0 0.400391 0.357666 0.013021 0.025391
