0 0.370931 0.206543 0.141602 0.041016
0 0.640951 0.840088 0.063151 0.089355
0 0.250814 0.687012 0.060872 0.080078
0 0.282552 0.542603 0.158854 0.030518
0 0.808431 0.086182 0.058268 0.076172
0 0.628743 0.448853 0.045898 0.082764
0 0.291178 0.645020 0.051107 0.074219
0 0.382650 0.325439 0.095378 0.039062
0 0.431641 0.262573 0.096354 0.038330
0 0.860514 0.263306 0.092773 0.039795
0 0.473307 0.558228 0.054688 0.067139
0 0.650391 0.528931 0.033854 0.102295
0 0.658203 0.439331 0.049479 0.069092
0 0.278971 0.673340 0.047526 0.068359
0 0.778971 0.730103 0.089193 0.035889
0 0.349772 0.738892 0.092122 0.032471
0 0.456055 0.667480 0.041016 0.072266
0 0.475098 0.324097 0.079102 0.036377
0 0.442220 0.885010 0.103190 0.027832
0 0.697266 0.382324 0.085938 0.033203
0 0.659180 0.301758 0.044271 0.064453
0 0.905762 0.701416 0.079102 0.035645
0 0.553223 0.575439 0.047852 0.058594
0 0.502930 0.874634 0.037109 0.074951
0 0.169108 0.571167 0.029622 0.093018
0 0.862305 0.649292 0.089193 0.030518
0 0.173014 0.805664 0.037435 0.072266
0 0.277181 0.826416 0.037435 0.072266
0 0.893066 0.619385 0.095378 0.027832
0 0.730306 0.525635 0.040690 0.064453
0 0.702474 0.442261 0.033854 0.074951
0 0.303223 0.754761 0.089518 0.028076
0 0.523763 0.901978 0.078776 0.030518
0 0.202637 0.158447 0.040690 0.059082
0 0.214355 0.510010 0.071289 0.033203
0 0.516764 0.542603 0.037435 0.061768
0 0.505534 0.214478 0.028646 0.077393
0 0.702637 0.943604 0.110352 0.020020
0 0.898763 0.766479 0.072266 0.030518
0 0.506348 0.441040 0.071940 0.030518
0 0.386719 0.458008 0.033854 0.064453
0 0.353678 0.937744 0.113607 0.019043
0 0.313639 0.927979 0.068685 0.030762
0 0.662598 0.164673 0.037435 0.055908
0 0.784180 0.071167 0.030599 0.067139
0 0.335775 0.840698 0.071289 0.028076
0 0.383138 0.861206 0.089193 0.022217
0 0.482096 0.420532 0.037109 0.052002
0 0.498210 0.220947 0.069336 0.027832
0 0.641764 0.219604 0.037435 0.051514
0 0.634440 0.872681 0.078125 0.024170
0 0.739095 0.778320 0.037435 0.048828
0 0.801432 0.575073 0.065104 0.028076
0 0.346680 0.101196 0.065104 0.028076
0 0.789388 0.240479 0.026693 0.066895
0 0.916016 0.374634 0.023438 0.074951
0 0.600098 0.452026 0.030273 0.057861
0 0.695150 0.355103 0.032878 0.051514
0 0.813639 0.407715 0.019857 0.083984
0 0.544596 0.377197 0.072266 0.022949
0 0.574219 0.481445 0.033854 0.048828
0 0.856283 0.860229 0.035482 0.046143
0 0.291178 0.327759 0.030273 0.053955
0 0.778971 0.486572 0.026693 0.059082
0 0.673177 0.227417 0.023438 0.067139
0 0.898763 0.146729 0.030599 0.051270
0 0.855469 0.464478 0.033854 0.046143
0 0.430827 0.943604 0.025065 0.062012
0 0.751302 0.073853 0.075521 0.020264
0 0.915690 0.894165 0.029297 0.051514
0 0.455241 0.099854 0.032227 0.046387
0 0.270182 0.300415 0.023438 0.061768
0 0.485677 0.534790 0.023438 0.061768
0 0.322428 0.467651 0.030273 0.047607
0 0.619303 0.626221 0.027018 0.052246
0 0.410970 0.270386 0.061523 0.022705
0 0.245931 0.361572 0.079102 0.017578
0 0.351074 0.565308 0.073893 0.018799
0 0.706055 0.282104 0.026693 0.051514
0 0.237305 0.176392 0.061849 0.022217
0 0.535482 0.056519 0.060547 0.022217
0 0.853516 0.719727 0.023438 0.056641
0 0.614095 0.512573 0.030273 0.043701
0 0.597982 0.017822 0.074870 0.017578
0 0.180013 0.045166 0.085938 0.015137
0 0.622721 0.522949 0.026693 0.048828
0 0.197266 0.582886 0.023438 0.053955
0 0.777181 0.619385 0.071940 0.017578
0 0.521973 0.644775 0.019857 0.062988
0 0.457845 0.592041 0.030273 0.041016
0 0.537598 0.503418 0.030273 0.041016
0 0.327637 0.805542 0.019857 0.061768
0 0.930013 0.313354 0.023438 0.051514
0 0.214681 0.321167 0.079102 0.014893
0 0.650553 0.822510 0.019857 0.059082
0 0.443359 0.472290 0.057292 0.020264
0 0.700358 0.649292 0.022461 0.051514
0 0.758138 0.756104 0.020182 0.056641
0 0.601888 0.045166 0.075521 0.015137
0 0.883138 0.948730 0.020182 0.056641
0 0.367513 0.069824 0.023438 0.048828
0 0.398275 0.090698 0.050456 0.022705
0 0.738607 0.194946 0.050130 0.022705
0 0.174805 0.604370 0.020182 0.055420
0 0.213053 0.696289 0.027018 0.041016
0 0.308594 0.110229 0.023438 0.046143
0 0.364095 0.214478 0.071940 0.014893
0 0.194661 0.663330 0.018229 0.058594
0 0.921387 0.439941 0.027018 0.039062
0 0.637370 0.425659 0.028646 0.036377
0 0.581055 0.900635 0.026693 0.038574
0 0.876953 0.417603 0.028646 0.035889
0 0.754720 0.081665 0.019857 0.051514
0 0.584473 0.401978 0.068685 0.014893
0 0.908203 0.162354 0.028646 0.035645
0 0.888346 0.106445 0.057943 0.017578
0 0.740723 0.691650 0.089518 0.011230
0 0.683431 0.137573 0.016602 0.059326
0 0.568848 0.929321 0.016602 0.059326
0 0.718099 0.855103 0.065104 0.014893
0 0.537272 0.697510 0.076497 0.012207
0 0.768555 0.190674 0.026693 0.035156
0 0.546224 0.475830 0.054688 0.017090
0 0.357910 0.524292 0.045898 0.020264
0 0.921387 0.857666 0.019857 0.046387
0 0.261556 0.612915 0.019857 0.046143
0 0.549316 0.917603 0.060872 0.014893
0 0.388346 0.877197 0.051432 0.017578
0 0.440430 0.500244 0.065104 0.013672
0 0.824056 0.124634 0.019857 0.043701
0 0.869303 0.575073 0.019857 0.043701
0 0.662598 0.309570 0.016602 0.048828
0 0.853678 0.318604 0.016602 0.046387
0 0.900553 0.853760 0.019857 0.038574
0 0.246745 0.498291 0.018229 0.041016
0 0.214193 0.571167 0.015625 0.046143
0 0.440430 0.486572 0.057943 0.012207
0 0.208659 0.218018 0.018229 0.037598
0 0.775391 0.523071 0.054688 0.012451
0 0.601888 0.072510 0.054688 0.012207
0 0.713053 0.918945 0.019857 0.033203
0 0.646647 0.595947 0.012044 0.054199
0 0.484701 0.430542 0.021484 0.030518
0 0.277181 0.231323 0.016602 0.038330
0 0.578776 0.213379 0.015625 0.039062
0 0.295898 0.489258 0.012370 0.048828
0 0.521973 0.455322 0.047852 0.012207
0 0.153158 0.749634 0.045898 0.012451
0 0.909180 0.822510 0.016276 0.033203
0 0.744141 0.211914 0.054688 0.009766
0 0.358724 0.391602 0.013021 0.041016
0 0.745931 0.576050 0.058268 0.009033
0 0.845052 0.592041 0.033854 0.015137
0 0.544596 0.443604 0.051432 0.009766
0 0.145345 0.120605 0.051107 0.009766
0 0.567057 0.094604 0.013021 0.035889
0 0.917969 0.671509 0.033854 0.012451
0 0.181641 0.290894 0.013021 0.028564
0 0.733724 0.924072 0.013021 0.022949
0 0.376953 0.627197 0.007812 0.012207
