0 0.068848 0.025269 0.134440 0.048096
0 0.222982 0.153198 0.137370 0.043701
0 0.730469 0.158081 0.138021 0.037842
0 0.893555 0.395508 0.061849 0.080078
0 0.317220 0.179932 0.103190 0.044922
0 0.266764 0.681885 0.099935 0.043457
0 0.596680 0.491699 0.051432 0.080078
0 0.454427 0.248291 0.106771 0.035645
0 0.192057 0.425415 0.096354 0.030518
0 0.299805 0.747925 0.041016 0.071533
0 0.286458 0.392456 0.041667 0.069092
0 0.244303 0.775635 0.047852 0.059082
0 0.509928 0.942261 0.099935 0.028076
0 0.420085 0.849854 0.045247 0.062012
0 0.305013 0.606689 0.030599 0.091309
0 0.479980 0.807617 0.095378 0.029297
0 0.502930 0.675415 0.044271 0.061768
0 0.264160 0.294189 0.089518 0.028809
0 0.825033 0.270508 0.073893 0.033203
0 0.742513 0.192261 0.085938 0.028076
0 0.397135 0.933228 0.075521 0.030518
0 0.498535 0.223511 0.097982 0.022705
0 0.660970 0.894775 0.068685 0.031738
0 0.748210 0.305542 0.034831 0.061768
0 0.306803 0.545166 0.040690 0.051270
0 0.837565 0.105103 0.067708 0.030518
0 0.716471 0.820923 0.068359 0.030029
0 0.671387 0.156494 0.040690 0.050293
0 0.650553 0.723511 0.089518 0.022705
0 0.687012 0.752197 0.071940 0.027832
0 0.177409 0.886353 0.031901 0.061768
0 0.532552 0.719604 0.096354 0.020264
0 0.890137 0.476196 0.068685 0.028076
0 0.660156 0.222900 0.039062 0.047363
0 0.214681 0.905762 0.037435 0.048828
0 0.245931 0.862793 0.071940 0.025391
0 0.351888 0.289917 0.033854 0.051514
0 0.627930 0.943604 0.085938 0.020020
0 0.405762 0.706543 0.030273 0.056641
0 0.139974 0.827637 0.033854 0.048828
0 0.249023 0.409424 0.029297 0.056152
0 0.506348 0.512695 0.092773 0.017578
0 0.175781 0.792480 0.028646 0.056641
0 0.768555 0.345947 0.020182 0.080078
0 0.881510 0.911011 0.070312 0.022705
0 0.827637 0.050293 0.027018 0.056641
0 0.535970 0.755371 0.110352 0.013672
0 0.452474 0.848511 0.033854 0.043701
0 0.513346 0.209229 0.057943 0.025391
0 0.796387 0.335571 0.027018 0.053955
0 0.266764 0.732910 0.092773 0.015625
0 0.157552 0.500977 0.033854 0.041016
0 0.711263 0.275635 0.023438 0.059082
0 0.504232 0.917603 0.067708 0.020264
0 0.402344 0.089355 0.023438 0.056641
0 0.331055 0.916260 0.075521 0.017578
0 0.475098 0.200073 0.058268 0.022705
0 0.305827 0.930298 0.053060 0.024658
0 0.517741 0.123657 0.025065 0.052002
0 0.551432 0.537354 0.065104 0.020020
0 0.180013 0.716431 0.023438 0.055420
0 0.810221 0.059204 0.026693 0.048096
0 0.261068 0.765137 0.026042 0.048828
0 0.361491 0.359619 0.025065 0.050293
0 0.841471 0.188354 0.061849 0.020264
0 0.536784 0.067383 0.070312 0.017578
0 0.702637 0.302979 0.061523 0.020020
0 0.858724 0.317017 0.054688 0.022217
0 0.287272 0.629761 0.022461 0.053955
0 0.478678 0.109619 0.030273 0.039551
0 0.506348 0.737915 0.079102 0.014893
0 0.117513 0.817993 0.023438 0.050049
0 0.321940 0.694214 0.070964 0.016357
0 0.808431 0.598511 0.030273 0.038330
0 0.420410 0.407104 0.025065 0.046143
0 0.695638 0.334229 0.020182 0.056641
0 0.474772 0.083008 0.064128 0.017578
0 0.584635 0.191040 0.075521 0.014893
0 0.793783 0.197510 0.063477 0.017578
0 0.853190 0.163330 0.050130 0.021973
0 0.537272 0.601074 0.022461 0.048828
0 0.737305 0.318604 0.054688 0.020020
0 0.307617 0.112915 0.070312 0.014893
0 0.624512 0.760010 0.058268 0.017578
0 0.881348 0.218262 0.058268 0.017578
0 0.732096 0.278198 0.023438 0.043701
0 0.725260 0.090698 0.023438 0.043701
0 0.508138 0.100830 0.026693 0.037598
0 0.197428 0.861328 0.016602 0.058594
0 0.476888 0.577393 0.082682 0.011719
0 0.449056 0.038574 0.019857 0.048828
0 0.157389 0.529541 0.027018 0.035645
0 0.362305 0.210449 0.054688 0.017578
0 0.923177 0.308105 0.023438 0.041016
0 0.301432 0.266235 0.023438 0.040283
0 0.384928 0.763916 0.016602 0.056641
0 0.466471 0.796509 0.075521 0.012451
0 0.589355 0.811401 0.084961 0.010986
0 0.872721 0.381104 0.020182 0.046387
0 0.575846 0.205078 0.078776 0.011719
0 0.226888 0.135010 0.075521 0.012207
0 0.376139 0.232666 0.019857 0.046387
0 0.431803 0.766479 0.019857 0.046143
0 0.646159 0.151245 0.018229 0.050049
0 0.646973 0.046509 0.019857 0.043701
0 0.291504 0.138916 0.043294 0.020020
0 0.443848 0.201416 0.016602 0.051270
0 0.688802 0.214478 0.054688 0.014893
0 0.916178 0.413574 0.016602 0.048828
0 0.549316 0.313354 0.053711 0.014893
0 0.592285 0.032715 0.014648 0.052734
0 0.277181 0.633667 0.016602 0.046143
0 0.818522 0.286133 0.043294 0.017578
0 0.353678 0.763550 0.016602 0.045654
0 0.254720 0.525024 0.068685 0.010986
0 0.581055 0.131104 0.047526 0.015137
0 0.662760 0.196167 0.023438 0.030518
0 0.791992 0.443604 0.046224 0.015137
0 0.136556 0.739868 0.019857 0.034424
0 0.615885 0.566040 0.013021 0.051514
0 0.166016 0.433228 0.044271 0.014893
0 0.155762 0.713135 0.016602 0.038574
0 0.608724 0.507324 0.013021 0.048828
0 0.626302 0.529785 0.013021 0.046875
0 0.463053 0.370728 0.019857 0.030518
0 0.134928 0.865479 0.016602 0.035645
0 0.853678 0.237915 0.037435 0.014893
0 0.844889 0.056885 0.019857 0.027832
0 0.653971 0.274658 0.013021 0.041504
0 0.344889 0.536743 0.061523 0.008545
0 0.443359 0.390137 0.015625 0.033203
0 0.560221 0.148071 0.041016 0.012451
0 0.313314 0.128418 0.019206 0.025391
0 0.903971 0.297729 0.013021 0.035889
0 0.114095 0.223511 0.037435 0.012451
0 0.416016 0.128418 0.044271 0.009766
0 0.232096 0.331543 0.016276 0.025391
0 0.341471 0.198853 0.013021 0.030518
0 0.433431 0.162964 0.030273 0.010986
0 0.797526 0.269165 0.015625 0.020264
0 0.878743 0.388916 0.011393 0.025391
0 0.186523 0.542236 0.029297 0.009277
