0 0.381022 0.734985 0.112956 0.045654
0 0.174805 0.635010 0.054688 0.085449
0 0.206055 0.649658 0.054688 0.078125
0 0.834635 0.918823 0.054688 0.074951
0 0.679036 0.185791 0.049479 0.077637
0 0.235514 0.280762 0.030273 0.111328
0 0.870931 0.357666 0.051107 0.062012
0 0.585449 0.304321 0.042643 0.069580
0 0.244303 0.735229 0.082357 0.035889
0 0.558431 0.934082 0.092773 0.031250
0 0.167806 0.187134 0.047852 0.059326
0 0.942057 0.818604 0.033854 0.082520
0 0.391927 0.767212 0.085938 0.031982
0 0.803223 0.262695 0.082357 0.033203
0 0.876302 0.525635 0.117188 0.022949
0 0.653971 0.420166 0.130859 0.020020
0 0.511556 0.257690 0.040690 0.063721
0 0.909180 0.589844 0.037109 0.066406
0 0.285970 0.267822 0.040690 0.059082
0 0.374349 0.077759 0.044271 0.053955
0 0.853678 0.710205 0.071940 0.032715
0 0.626139 0.671509 0.103190 0.022705
0 0.211263 0.908447 0.078776 0.027832
0 0.291016 0.862793 0.085938 0.025391
0 0.393066 0.557495 0.032878 0.065674
0 0.412598 0.111572 0.092773 0.022949
0 0.308431 0.299072 0.030273 0.069824
0 0.857096 0.398071 0.093099 0.022705
0 0.478190 0.428589 0.036458 0.057861
0 0.603678 0.277588 0.030273 0.068359
0 0.529948 0.540894 0.091146 0.022217
0 0.588867 0.091675 0.035807 0.055908
0 0.266764 0.585205 0.030273 0.063965
0 0.517253 0.586182 0.038411 0.050293
0 0.592448 0.474854 0.028646 0.066895
0 0.466471 0.127197 0.068359 0.027832
0 0.304688 0.677979 0.036458 0.051270
0 0.636556 0.629517 0.082357 0.022217
0 0.664388 0.394165 0.089193 0.020264
0 0.665690 0.301636 0.064453 0.028076
0 0.685221 0.241455 0.033854 0.053223
0 0.145345 0.579712 0.030273 0.057861
0 0.376302 0.849854 0.033854 0.051270
0 0.697428 0.685425 0.030273 0.055908
0 0.237793 0.127197 0.060872 0.027832
0 0.676595 0.726562 0.071940 0.023438
0 0.264648 0.689697 0.060547 0.027832
0 0.732585 0.282227 0.066081 0.025391
0 0.409180 0.672119 0.037109 0.044922
0 0.301107 0.698730 0.029297 0.056641
0 0.574219 0.481445 0.033854 0.048828
0 0.268555 0.924072 0.033854 0.048828
0 0.181315 0.088745 0.067708 0.024170
0 0.719401 0.425415 0.026042 0.061768
0 0.801107 0.893188 0.036458 0.044189
0 0.501302 0.191650 0.033854 0.047363
0 0.303385 0.639160 0.033854 0.046875
0 0.162760 0.875854 0.023438 0.067139
0 0.186849 0.217041 0.023438 0.066895
0 0.843099 0.435791 0.023438 0.066895
0 0.449056 0.276855 0.061523 0.025391
0 0.291016 0.080322 0.085938 0.017578
0 0.603516 0.832642 0.023438 0.063721
0 0.768555 0.776245 0.026693 0.055420
0 0.268229 0.399414 0.026042 0.056641
0 0.478678 0.058228 0.071940 0.020264
0 0.370443 0.696289 0.057292 0.025391
0 0.328776 0.894043 0.057292 0.025391
0 0.363932 0.352417 0.023438 0.061768
0 0.723470 0.748291 0.027018 0.051270
0 0.445638 0.631104 0.026693 0.051270
0 0.381348 0.046509 0.058268 0.022705
0 0.636719 0.435181 0.054688 0.024170
0 0.228516 0.547729 0.065104 0.020264
0 0.853678 0.189697 0.030273 0.043457
0 0.523763 0.701416 0.065104 0.020020
0 0.481771 0.085571 0.057292 0.022705
0 0.474772 0.615479 0.022461 0.056641
0 0.235514 0.049072 0.071940 0.017578
0 0.291016 0.540894 0.023438 0.053467
0 0.814453 0.609009 0.028646 0.043701
0 0.570638 0.325073 0.054688 0.022705
0 0.282389 0.346924 0.027018 0.045410
0 0.670573 0.787354 0.080729 0.015137
0 0.867025 0.032227 0.029622 0.041016
0 0.270345 0.459229 0.016602 0.072266
0 0.372721 0.810059 0.026693 0.044922
0 0.520345 0.042603 0.079102 0.014893
0 0.502930 0.283447 0.051432 0.022949
0 0.841471 0.023071 0.026693 0.043701
0 0.808431 0.153198 0.051107 0.022705
0 0.814941 0.243042 0.022461 0.051514
0 0.325358 0.158447 0.029622 0.038574
0 0.327637 0.439087 0.027018 0.042236
0 0.169596 0.360840 0.030599 0.037109
0 0.555013 0.587402 0.030599 0.037109
0 0.206055 0.688477 0.026693 0.041016
0 0.188639 0.728760 0.019857 0.054199
0 0.398763 0.259399 0.065104 0.016357
0 0.747721 0.766479 0.020182 0.051514
0 0.677897 0.749634 0.019206 0.053955
0 0.650553 0.285767 0.061523 0.016846
0 0.532389 0.723511 0.027018 0.038330
0 0.254720 0.797729 0.068685 0.014893
0 0.304199 0.493042 0.021810 0.046143
0 0.669596 0.271484 0.051432 0.019531
0 0.659180 0.508057 0.016276 0.060547
0 0.437012 0.059448 0.016602 0.059326
0 0.894857 0.536011 0.078125 0.012451
0 0.742513 0.385010 0.016276 0.059082
0 0.747721 0.737915 0.047526 0.020264
0 0.480306 0.498291 0.027018 0.035645
0 0.677409 0.401611 0.067057 0.014160
0 0.535970 0.281738 0.027018 0.035156
0 0.916016 0.602173 0.023438 0.040283
0 0.339355 0.511230 0.022461 0.041016
0 0.304199 0.244019 0.021810 0.041748
0 0.426595 0.655884 0.016602 0.053955
0 0.527181 0.374512 0.051107 0.017578
0 0.909180 0.500854 0.044271 0.020264
0 0.334473 0.312012 0.027018 0.033203
0 0.258138 0.624634 0.020182 0.043701
0 0.825846 0.028198 0.016276 0.053955
0 0.173014 0.503540 0.058268 0.014893
0 0.846191 0.121948 0.022461 0.038330
0 0.579264 0.605103 0.016602 0.051514
0 0.308431 0.427734 0.016602 0.050781
0 0.316732 0.527954 0.026042 0.032471
0 0.583659 0.382446 0.067057 0.012451
0 0.815104 0.042603 0.015625 0.051514
0 0.440430 0.226074 0.044271 0.017578
0 0.173828 0.265869 0.018229 0.042480
0 0.285970 0.392822 0.019857 0.038574
0 0.261230 0.714111 0.053711 0.014160
0 0.198730 0.265259 0.019206 0.038330
0 0.344889 0.538330 0.061523 0.011719
0 0.169596 0.114136 0.057943 0.012451
0 0.799805 0.499512 0.041016 0.017578
0 0.209473 0.188354 0.047852 0.014893
0 0.440430 0.237793 0.072266 0.009766
0 0.584473 0.451416 0.019857 0.035645
0 0.724284 0.103760 0.056641 0.012207
0 0.567057 0.219604 0.013021 0.051514
0 0.518555 0.479736 0.047526 0.014160
0 0.329427 0.026978 0.044271 0.014893
0 0.195638 0.317383 0.013021 0.048828
0 0.745931 0.661011 0.016602 0.038330
0 0.804688 0.291870 0.015625 0.039795
0 0.931803 0.834229 0.019857 0.030762
0 0.466471 0.204102 0.061849 0.009766
0 0.354818 0.718384 0.046875 0.012451
0 0.832845 0.357666 0.058268 0.009766
0 0.888346 0.193604 0.057943 0.009766
0 0.424316 0.198853 0.012044 0.046143
0 0.530599 0.885010 0.044271 0.012207
0 0.565430 0.096924 0.057943 0.009277
0 0.247721 0.094727 0.054688 0.009766
0 0.195638 0.870605 0.013021 0.041016
0 0.860514 0.313354 0.016602 0.030518
0 0.490885 0.250610 0.033854 0.014404
0 0.277181 0.148071 0.037435 0.012451
0 0.289388 0.191406 0.013021 0.035156
0 0.629557 0.312012 0.013021 0.033203
0 0.220052 0.243042 0.013021 0.030518
0 0.792969 0.047852 0.033854 0.009766
0 0.917969 0.125977 0.033854 0.009766
0 0.208659 0.215332 0.025391 0.011719
0 0.355469 0.280884 0.013021 0.022705
0 0.009440 0.417480 0.008464 0.025391
