0 0.900553 0.871704 0.068685 0.110596
0 0.241699 0.414673 0.097982 0.045654
0 0.598307 0.517822 0.054688 0.069824
0 0.795410 0.339722 0.045898 0.072998
0 0.284180 0.270508 0.051432 0.064453
0 0.947428 0.827393 0.051107 0.063965
0 0.608887 0.844604 0.047852 0.067139
0 0.431641 0.705322 0.096354 0.033203
0 0.445638 0.547852 0.033854 0.087891
0 0.463053 0.193604 0.082357 0.035645
0 0.570150 0.222290 0.081706 0.035889
0 0.258952 0.172729 0.042643 0.061768
0 0.697266 0.095947 0.044271 0.059082
0 0.557943 0.640137 0.078125 0.033203
0 0.339681 0.530151 0.079102 0.031982
0 0.594889 0.662354 0.040690 0.062012
0 0.921387 0.883667 0.027018 0.093018
0 0.633138 0.604736 0.041016 0.061035
0 0.801107 0.748291 0.078125 0.030762
0 0.412598 0.231445 0.071940 0.033203
0 0.367513 0.905518 0.023438 0.100098
0 0.405762 0.472290 0.030273 0.077393
0 0.634440 0.250244 0.078125 0.029297
0 0.247721 0.456543 0.089193 0.025391
0 0.579264 0.491821 0.037435 0.059326
0 0.712891 0.307617 0.033854 0.060547
0 0.532389 0.758057 0.040690 0.050293
0 0.834635 0.348877 0.033854 0.060059
0 0.471680 0.551636 0.037109 0.053955
0 0.450846 0.771729 0.078776 0.025391
0 0.761719 0.343018 0.033854 0.058594
0 0.483724 0.054688 0.033854 0.054688
0 0.693034 0.558228 0.035807 0.051514
0 0.561523 0.959961 0.085286 0.021484
0 0.487305 0.528198 0.033854 0.053955
0 0.784180 0.715820 0.037109 0.048828
0 0.775065 0.661743 0.074870 0.024170
0 0.303385 0.427979 0.033854 0.051270
0 0.737305 0.306885 0.020182 0.085449
0 0.327637 0.504761 0.061523 0.028076
0 0.889160 0.077148 0.025065 0.068359
0 0.624512 0.430664 0.030273 0.056641
0 0.476888 0.762573 0.075521 0.022705
0 0.643066 0.632446 0.060872 0.028076
0 0.760742 0.466431 0.025391 0.065674
0 0.924805 0.131104 0.026693 0.062012
0 0.647135 0.408447 0.033854 0.048828
0 0.424805 0.892822 0.033854 0.048828
0 0.690430 0.211914 0.065104 0.025391
0 0.461263 0.504761 0.030599 0.053955
0 0.589681 0.892822 0.071940 0.022949
0 0.350098 0.908447 0.092773 0.017578
0 0.608887 0.538696 0.027018 0.059326
0 0.391764 0.655518 0.092773 0.017090
0 0.802409 0.816650 0.073568 0.021484
0 0.421224 0.375854 0.033854 0.046143
0 0.431641 0.417603 0.033854 0.046143
0 0.753418 0.576416 0.058919 0.025391
0 0.777181 0.810181 0.079102 0.018799
0 0.379557 0.865234 0.075521 0.019531
0 0.508138 0.312134 0.026693 0.053955
0 0.546224 0.587524 0.033854 0.042236
0 0.672201 0.930542 0.070312 0.020264
0 0.640462 0.482056 0.074544 0.018799
0 0.247721 0.211914 0.033854 0.041016
0 0.459635 0.448730 0.054688 0.025391
0 0.200846 0.494385 0.078776 0.017578
0 0.625814 0.648071 0.060872 0.022705
0 0.289388 0.698853 0.026693 0.051514
0 0.261556 0.738892 0.061523 0.022217
0 0.360189 0.625244 0.022461 0.060547
0 0.664388 0.453613 0.026693 0.050781
0 0.173014 0.176636 0.030273 0.043701
0 0.183431 0.275635 0.030273 0.043457
0 0.872233 0.708618 0.032878 0.039795
0 0.815430 0.912354 0.065104 0.020020
0 0.756348 0.254395 0.030273 0.042969
0 0.814616 0.434448 0.021810 0.059326
0 0.785482 0.880127 0.026042 0.049316
0 0.688639 0.353760 0.019857 0.064453
0 0.782389 0.196167 0.061523 0.020264
0 0.492513 0.816650 0.057943 0.021484
0 0.575846 0.401245 0.030599 0.039795
0 0.465983 0.593384 0.095378 0.012451
0 0.568848 0.922729 0.058268 0.020264
0 0.562012 0.158447 0.030273 0.038574
0 0.761556 0.038330 0.019857 0.058594
0 0.317220 0.366455 0.027018 0.042969
0 0.678223 0.691895 0.027018 0.042969
0 0.176595 0.523071 0.030273 0.038330
0 0.334473 0.683838 0.019857 0.058105
0 0.893555 0.261230 0.020182 0.056641
0 0.728678 0.167236 0.058268 0.019531
0 0.786296 0.681274 0.069336 0.016357
0 0.521973 0.612793 0.019857 0.056641
0 0.920410 0.427246 0.025065 0.044922
0 0.879232 0.166260 0.018880 0.059082
0 0.251139 0.497925 0.019857 0.055908
0 0.796387 0.495605 0.027018 0.041016
0 0.365723 0.365479 0.027018 0.041016
0 0.603516 0.090454 0.065104 0.016846
0 0.798177 0.212769 0.065104 0.016846
0 0.745443 0.505493 0.057292 0.018799
0 0.521973 0.094604 0.019857 0.051514
0 0.353516 0.418823 0.023438 0.043701
0 0.720866 0.511963 0.063477 0.016113
0 0.471680 0.220947 0.023438 0.043457
0 0.863607 0.254883 0.015625 0.064453
0 0.501139 0.353027 0.027018 0.037109
0 0.230306 0.441040 0.027018 0.035889
0 0.311849 0.071289 0.023438 0.041016
0 0.622721 0.508667 0.026693 0.035889
0 0.818848 0.064087 0.058268 0.016357
0 0.367025 0.491089 0.022461 0.042236
0 0.469889 0.144775 0.019857 0.047363
0 0.583984 0.610229 0.026042 0.035889
0 0.643555 0.738892 0.054688 0.016846
0 0.685221 0.260620 0.026693 0.034424
0 0.640137 0.847290 0.019857 0.046143
0 0.815430 0.582886 0.072266 0.012451
0 0.817220 0.288574 0.027018 0.033203
0 0.530762 0.396729 0.058268 0.015137
0 0.562012 0.943604 0.058268 0.015137
0 0.883138 0.783447 0.020182 0.043457
0 0.766439 0.103394 0.022461 0.037842
0 0.917806 0.293213 0.019857 0.042480
0 0.844889 0.564697 0.068685 0.012207
0 0.244303 0.072510 0.047852 0.017578
0 0.565430 0.490479 0.016276 0.051270
0 0.954427 0.873291 0.023438 0.035645
0 0.924805 0.313477 0.020182 0.041016
0 0.657878 0.431519 0.048828 0.016846
0 0.818522 0.793213 0.071289 0.011230
0 0.290690 0.763916 0.015625 0.051270
0 0.456055 0.312744 0.020182 0.039551
0 0.416992 0.577393 0.018229 0.042969
0 0.386719 0.476196 0.013021 0.059326
0 0.834473 0.121948 0.061523 0.012451
0 0.349609 0.067383 0.015625 0.048828
0 0.610677 0.376953 0.065104 0.011719
0 0.450846 0.155884 0.016276 0.043701
0 0.808594 0.230713 0.044271 0.016113
0 0.153971 0.091797 0.020182 0.035156
0 0.682292 0.597290 0.046875 0.014893
0 0.824056 0.266235 0.047852 0.014404
0 0.134440 0.533447 0.015625 0.043457
0 0.294596 0.365479 0.016276 0.041016
0 0.733887 0.541260 0.019857 0.033203
0 0.610677 0.196289 0.065104 0.009766
0 0.558431 0.103760 0.051107 0.012207
0 0.557617 0.728760 0.049479 0.012207
0 0.629232 0.069214 0.018880 0.031982
0 0.758138 0.773071 0.047526 0.012451
0 0.851888 0.296509 0.047526 0.012451
0 0.904297 0.575073 0.046875 0.012451
0 0.581055 0.589111 0.061849 0.009277
0 0.551595 0.413574 0.016602 0.033203
0 0.658854 0.187988 0.015625 0.035156
0 0.669596 0.312012 0.016276 0.033203
0 0.645345 0.384644 0.016602 0.032471
0 0.788900 0.114136 0.019206 0.028076
0 0.723307 0.323730 0.013021 0.041016
0 0.928223 0.717651 0.019857 0.026611
0 0.604980 0.061768 0.019206 0.027344
0 0.664388 0.760010 0.041016 0.012207
0 0.471680 0.907104 0.016276 0.030518
0 0.344889 0.112549 0.019857 0.024902
0 0.636230 0.045166 0.019206 0.025391
0 0.620931 0.689697 0.016602 0.027832
0 0.596354 0.791260 0.036458 0.012207
0 0.603678 0.098145 0.037435 0.011719
0 0.536784 0.594604 0.014974 0.028076
0 0.225098 0.470947 0.030273 0.012207
0 0.576823 0.552612 0.039062 0.009033
0 0.681641 0.310791 0.013021 0.025391
