0 0.131510 0.620728 0.065104 0.124268
0 0.442220 0.926758 0.110352 0.048828
0 0.648763 0.911133 0.065104 0.080078
0 0.169596 0.760010 0.057943 0.085449
0 0.442057 0.584839 0.117188 0.042236
0 0.775553 0.908813 0.103190 0.044189
0 0.291504 0.937012 0.045247 0.080078
0 0.325358 0.860229 0.050456 0.067139
0 0.473470 0.699829 0.103190 0.032471
0 0.829427 0.728760 0.085938 0.038574
0 0.624512 0.825195 0.051107 0.064453
0 0.829264 0.562134 0.037435 0.085205
0 0.374023 0.753540 0.050130 0.061768
0 0.884766 0.513916 0.044271 0.066895
0 0.546224 0.542236 0.096354 0.029785
0 0.578939 0.240479 0.092122 0.030762
0 0.192220 0.220947 0.047852 0.059082
0 0.351888 0.808594 0.089193 0.031250
0 0.214681 0.704956 0.030273 0.084717
0 0.393555 0.870728 0.041016 0.061768
0 0.693848 0.922729 0.037435 0.067139
0 0.389974 0.955322 0.075521 0.033203
0 0.395182 0.685791 0.044271 0.056641
0 0.907064 0.052979 0.040039 0.062012
0 0.680013 0.050049 0.037109 0.066406
0 0.659180 0.677979 0.078776 0.030762
0 0.141764 0.387695 0.037435 0.064453
0 0.508138 0.946289 0.041016 0.056641
0 0.900553 0.547852 0.040690 0.056641
0 0.317220 0.641602 0.040690 0.056641
0 0.139974 0.743042 0.033854 0.067139
0 0.448730 0.737793 0.040039 0.056641
0 0.494629 0.662964 0.034831 0.063232
0 0.852214 0.769775 0.041667 0.052734
0 0.662598 0.058228 0.071940 0.030518
0 0.667806 0.944946 0.040690 0.053955
0 0.836263 0.442871 0.023438 0.091797
0 0.895345 0.430298 0.037435 0.055908
0 0.726888 0.159790 0.068359 0.030518
0 0.878743 0.851196 0.073893 0.028076
0 0.574056 0.640259 0.089518 0.022705
0 0.923014 0.871948 0.071940 0.028076
0 0.874512 0.394775 0.037435 0.052734
0 0.487305 0.282227 0.075521 0.025391
0 0.803711 0.125488 0.027995 0.066406
0 0.739095 0.564941 0.079102 0.023438
0 0.620443 0.125488 0.036458 0.050781
0 0.532389 0.358276 0.068685 0.026611
0 0.486979 0.361572 0.026042 0.069824
0 0.271973 0.409790 0.027018 0.067139
0 0.659180 0.343384 0.030599 0.059326
0 0.825846 0.908447 0.065104 0.027832
0 0.258138 0.753540 0.089193 0.020264
0 0.349284 0.562744 0.035807 0.050293
0 0.808431 0.808838 0.037435 0.047363
0 0.308594 0.385010 0.023438 0.074707
0 0.339844 0.939453 0.023438 0.074219
0 0.348307 0.641479 0.033854 0.051514
0 0.697428 0.849854 0.037435 0.046387
0 0.447266 0.555664 0.065104 0.025391
0 0.794596 0.426636 0.072266 0.022705
0 0.558431 0.228760 0.030273 0.054199
0 0.678223 0.141113 0.082357 0.019531
0 0.842773 0.026978 0.029297 0.053955
0 0.463053 0.189697 0.068685 0.022949
0 0.615885 0.295166 0.033854 0.046387
0 0.262533 0.921509 0.035482 0.043701
0 0.247233 0.810791 0.060872 0.025391
0 0.330241 0.417969 0.032227 0.046875
0 0.627930 0.892822 0.065104 0.022949
0 0.645345 0.776855 0.058268 0.025391
0 0.832845 0.858887 0.030273 0.048828
0 0.240723 0.548340 0.068685 0.021484
0 0.641764 0.507080 0.030273 0.048340
0 0.435221 0.519165 0.096354 0.014893
0 0.244141 0.621338 0.033854 0.042480
0 0.610189 0.090454 0.084961 0.016846
0 0.152344 0.588867 0.023438 0.060547
0 0.624512 0.451416 0.030273 0.046387
0 0.478678 0.236572 0.079102 0.017578
0 0.546224 0.727539 0.054688 0.025391
0 0.605306 0.367676 0.027018 0.050781
0 0.587565 0.271729 0.067708 0.020020
0 0.157389 0.901978 0.019857 0.067139
0 0.792806 0.365479 0.019857 0.066895
0 0.245931 0.499634 0.030273 0.043701
0 0.551595 0.327637 0.071940 0.017578
0 0.751139 0.110229 0.061523 0.020264
0 0.426595 0.154541 0.030273 0.041016
0 0.799805 0.933228 0.082682 0.014893
0 0.525065 0.812012 0.069661 0.017578
0 0.751139 0.911621 0.027018 0.044922
0 0.319010 0.532104 0.023438 0.051514
0 0.676595 0.440918 0.016602 0.072266
0 0.367513 0.748291 0.023438 0.051270
0 0.278971 0.202637 0.068359 0.017578
0 0.749023 0.409424 0.029297 0.040527
0 0.405762 0.328979 0.079102 0.014893
0 0.325846 0.773071 0.051432 0.022705
0 0.666178 0.256104 0.058268 0.020020
0 0.686198 0.112549 0.028646 0.040527
0 0.857096 0.640259 0.016276 0.069580
0 0.889323 0.365479 0.018229 0.062012
0 0.541016 0.668579 0.023438 0.048096
0 0.608398 0.775391 0.026042 0.042969
0 0.122721 0.502197 0.020182 0.054199
0 0.482096 0.068604 0.016276 0.066895
0 0.246094 0.141479 0.023438 0.046143
0 0.659180 0.071167 0.023438 0.046143
0 0.650553 0.126831 0.019857 0.053467
0 0.730306 0.441650 0.019857 0.052734
0 0.365723 0.567261 0.027018 0.038330
0 0.890951 0.792603 0.028646 0.035889
0 0.348470 0.383667 0.019857 0.051514
0 0.312012 0.452637 0.058268 0.017578
0 0.336263 0.689697 0.023438 0.043457
0 0.377930 0.627197 0.057943 0.017578
0 0.243327 0.846558 0.025065 0.039795
0 0.209473 0.515137 0.019857 0.048828
0 0.570638 0.163574 0.054688 0.017578
0 0.461263 0.756714 0.016276 0.057861
0 0.693848 0.435791 0.016602 0.056641
0 0.745931 0.720703 0.079102 0.011719
0 0.834473 0.946167 0.061523 0.014893
0 0.834473 0.821167 0.061523 0.014893
0 0.371094 0.484863 0.023438 0.039062
0 0.709473 0.188110 0.019857 0.045654
0 0.534180 0.694824 0.051432 0.017578
0 0.735677 0.751831 0.023438 0.037842
0 0.456055 0.661011 0.020182 0.043701
0 0.423014 0.641846 0.016602 0.052246
0 0.785970 0.843384 0.019857 0.043701
0 0.610514 0.419922 0.016602 0.050781
0 0.437012 0.258057 0.016602 0.050293
0 0.202474 0.881104 0.054688 0.015137
0 0.810221 0.474854 0.020182 0.041016
0 0.476888 0.089478 0.054688 0.014893
0 0.299805 0.531860 0.020182 0.040283
0 0.740885 0.380737 0.054688 0.014404
0 0.625326 0.395020 0.018229 0.042969
0 0.277181 0.313110 0.016602 0.045654
0 0.190430 0.662354 0.016276 0.046387
0 0.190104 0.382690 0.015625 0.048096
0 0.443522 0.347290 0.050456 0.014893
0 0.322428 0.476196 0.016602 0.043701
0 0.171387 0.024292 0.047852 0.014893
0 0.836263 0.353760 0.016276 0.043457
0 0.193359 0.434448 0.015625 0.043701
0 0.327637 0.575195 0.019857 0.033203
0 0.832357 0.417480 0.015625 0.041016
0 0.593099 0.545166 0.065104 0.009766
0 0.374512 0.778198 0.051107 0.012451
0 0.588053 0.761353 0.040690 0.014893
0 0.879720 0.832886 0.047852 0.012451
0 0.889974 0.304321 0.013021 0.043701
0 0.290202 0.655884 0.014648 0.038330
0 0.612305 0.811768 0.047526 0.011719
0 0.162760 0.546509 0.044271 0.012451
0 0.666178 0.750854 0.016602 0.030518
0 0.577474 0.422729 0.033854 0.014893
0 0.695638 0.875854 0.033854 0.014893
0 0.332845 0.287354 0.051107 0.009766
0 0.295898 0.388916 0.018880 0.025391
0 0.465983 0.827393 0.040039 0.011719
0 0.384928 0.525635 0.016602 0.027832
0 0.490397 0.738892 0.012044 0.037842
0 0.626139 0.534424 0.047852 0.009277
0 0.509928 0.728149 0.016602 0.026611
0 0.268555 0.700195 0.013021 0.033203
0 0.744141 0.207886 0.033854 0.012451
0 0.775553 0.800293 0.040690 0.009766
0 0.915690 0.886230 0.015625 0.025391
0 0.166178 0.478760 0.016602 0.022949
0 0.638346 0.877197 0.016276 0.022949
0 0.242513 0.519409 0.016276 0.020752
0 0.978678 0.271729 0.009440 0.015137
0 0.995117 0.276611 0.007812 0.014160
