0 0.276367 0.382446 0.077474 0.106201
0 0.641764 0.060791 0.058268 0.072266
0 0.903971 0.302979 0.047526 0.087891
0 0.902181 0.422729 0.051107 0.077393
0 0.530762 0.801025 0.099935 0.037109
0 0.332682 0.521118 0.106771 0.034424
0 0.439453 0.114746 0.111979 0.029297
0 0.405273 0.172729 0.106120 0.030518
0 0.373047 0.456665 0.041667 0.077393
0 0.257812 0.625244 0.088542 0.034668
0 0.775553 0.884399 0.047852 0.063232
0 0.457682 0.161011 0.106771 0.028076
0 0.395345 0.584839 0.092773 0.031982
0 0.358887 0.029297 0.082357 0.035156
0 0.416016 0.734619 0.044271 0.060547
0 0.602214 0.863281 0.041667 0.062500
0 0.641764 0.121704 0.079102 0.032471
0 0.695638 0.756104 0.041016 0.062012
0 0.485514 0.133667 0.079102 0.030518
0 0.820638 0.444946 0.033854 0.069580
0 0.354492 0.496338 0.073568 0.031738
0 0.242513 0.344604 0.037109 0.061768
0 0.470052 0.714478 0.033854 0.067139
0 0.747721 0.567627 0.096354 0.023438
0 0.521973 0.400635 0.040690 0.054199
0 0.850098 0.049072 0.079102 0.027832
0 0.189616 0.198853 0.042643 0.051514
0 0.359701 0.692017 0.098307 0.022217
0 0.405762 0.511963 0.037435 0.058105
0 0.584473 0.350586 0.040690 0.052734
0 0.620931 0.331543 0.037435 0.056641
0 0.837891 0.670166 0.033854 0.062012
0 0.861816 0.805664 0.081706 0.025391
0 0.280762 0.657104 0.030273 0.067139
0 0.440430 0.793823 0.072266 0.028076
0 0.730469 0.595337 0.075521 0.026611
0 0.495931 0.493164 0.079102 0.025391
0 0.725911 0.427979 0.039062 0.051270
0 0.773763 0.613525 0.072266 0.026855
0 0.308431 0.040649 0.071940 0.026611
0 0.389974 0.398438 0.033854 0.054688
0 0.257650 0.817993 0.074544 0.024170
0 0.624512 0.729736 0.071940 0.024902
0 0.442057 0.063721 0.033854 0.052246
0 0.868815 0.063354 0.026042 0.067139
0 0.565430 0.152588 0.065104 0.026855
0 0.806803 0.935791 0.068685 0.025391
0 0.520345 0.680542 0.037435 0.046143
0 0.565430 0.133667 0.037109 0.046143
0 0.351400 0.159790 0.032878 0.051514
0 0.296387 0.258423 0.068685 0.024658
0 0.860677 0.320801 0.085938 0.019531
0 0.576823 0.861572 0.059896 0.027832
0 0.405599 0.243164 0.065104 0.025391
0 0.570638 0.525635 0.033854 0.048828
0 0.634115 0.426636 0.070312 0.022705
0 0.450846 0.443604 0.078776 0.020020
0 0.646973 0.305664 0.061523 0.025391
0 0.905599 0.252808 0.023438 0.065674
0 0.615885 0.269165 0.075521 0.020264
0 0.748698 0.745728 0.028646 0.051514
0 0.860677 0.123291 0.023438 0.062012
0 0.329427 0.858643 0.065104 0.021973
0 0.216471 0.853760 0.061849 0.022949
0 0.601888 0.760010 0.061849 0.022949
0 0.589844 0.422852 0.023438 0.056641
0 0.403483 0.655762 0.074544 0.017578
0 0.481283 0.038696 0.021810 0.059326
0 0.704753 0.192383 0.072917 0.017578
0 0.759928 0.166260 0.071940 0.017578
0 0.761556 0.552979 0.082357 0.015137
0 0.614095 0.696289 0.030273 0.041016
0 0.707031 0.640137 0.070312 0.017578
0 0.535970 0.935791 0.061523 0.020020
0 0.805013 0.031860 0.030599 0.040283
0 0.728190 0.796143 0.070964 0.017090
0 0.610514 0.088745 0.030273 0.039795
0 0.523763 0.537354 0.023438 0.051270
0 0.501628 0.526855 0.020833 0.056641
0 0.765137 0.288696 0.027018 0.043701
0 0.443848 0.750854 0.058268 0.020264
0 0.680013 0.353760 0.030599 0.038574
0 0.508138 0.853027 0.054688 0.021484
0 0.381348 0.935791 0.058268 0.020020
0 0.384928 0.717041 0.058268 0.020020
0 0.304525 0.583252 0.029622 0.039062
0 0.844889 0.787964 0.019857 0.057861
0 0.280599 0.715820 0.023438 0.048828
0 0.673177 0.593262 0.023438 0.048828
0 0.812012 0.574829 0.051107 0.022217
0 0.485514 0.119019 0.051107 0.022217
0 0.363607 0.684570 0.022786 0.048828
0 0.275553 0.232666 0.027018 0.041016
0 0.572266 0.613892 0.065104 0.016846
0 0.713053 0.838135 0.061523 0.017578
0 0.511719 0.081299 0.075521 0.014160
0 0.528646 0.563477 0.026042 0.041016
0 0.523763 0.886597 0.051432 0.020752
0 0.593099 0.408447 0.085938 0.012207
0 0.728516 0.533447 0.085938 0.012207
0 0.645182 0.237305 0.023438 0.044922
0 0.640137 0.361572 0.027018 0.038574
0 0.329264 0.089478 0.051107 0.020264
0 0.297201 0.714478 0.028646 0.035889
0 0.900553 0.472290 0.019857 0.051514
0 0.732096 0.106323 0.023438 0.043701
0 0.601074 0.300049 0.025065 0.040527
0 0.457357 0.432861 0.070964 0.014160
0 0.320638 0.225830 0.026693 0.037598
0 0.207845 0.249268 0.058268 0.017090
0 0.631348 0.851196 0.016602 0.059326
0 0.334635 0.293823 0.075521 0.012451
0 0.673014 0.566895 0.079102 0.011719
0 0.773763 0.699707 0.078776 0.011719
0 0.950846 0.831543 0.016276 0.056641
0 0.271973 0.589478 0.019857 0.046143
0 0.325033 0.275391 0.077148 0.011719
0 0.424805 0.700684 0.020182 0.044922
0 0.443848 0.710571 0.016602 0.053955
0 0.195638 0.701050 0.061849 0.014404
0 0.719076 0.174072 0.018229 0.048828
0 0.502930 0.468018 0.023438 0.037598
0 0.589681 0.370728 0.016602 0.051514
0 0.591471 0.489746 0.061849 0.013672
0 0.589681 0.112549 0.016602 0.050781
0 0.659180 0.078979 0.023438 0.035889
0 0.259440 0.691284 0.022786 0.036377
0 0.242513 0.169922 0.023438 0.035156
0 0.809408 0.483887 0.045898 0.017578
0 0.575358 0.903198 0.064128 0.012451
0 0.379232 0.545776 0.018880 0.042236
0 0.626139 0.676025 0.068685 0.011230
0 0.735026 0.056885 0.015625 0.048828
0 0.818848 0.743042 0.051107 0.014893
0 0.429199 0.503540 0.014648 0.051514
0 0.483073 0.196289 0.018229 0.041016
0 0.711263 0.051392 0.044271 0.016846
0 0.544596 0.343384 0.057943 0.012451
0 0.903971 0.177979 0.047526 0.015137
0 0.520182 0.519165 0.023438 0.030518
0 0.709473 0.860229 0.047852 0.014893
0 0.740723 0.188354 0.047852 0.014893
0 0.361979 0.513916 0.046875 0.015137
0 0.862305 0.355103 0.047526 0.014893
0 0.417318 0.352417 0.046875 0.014893
0 0.742513 0.324707 0.057943 0.011719
0 0.709147 0.776611 0.019206 0.035156
0 0.876302 0.791260 0.054688 0.012207
0 0.480306 0.600464 0.040690 0.016357
0 0.656576 0.469604 0.018229 0.035889
0 0.687012 0.103760 0.016602 0.038574
0 0.458659 0.531494 0.018229 0.034668
0 0.940430 0.760010 0.016276 0.038574
0 0.740723 0.138916 0.019857 0.030762
0 0.567220 0.079102 0.061523 0.009766
0 0.674805 0.330322 0.047526 0.012207
0 0.733887 0.206299 0.061523 0.009277
0 0.581868 0.595947 0.014648 0.038574
0 0.810221 0.766602 0.054688 0.009766
0 0.298014 0.664673 0.016602 0.030029
0 0.296387 0.743164 0.047852 0.009766
0 0.373535 0.205322 0.035482 0.012207
0 0.496908 0.345215 0.011393 0.037109
0 0.459635 0.638184 0.013021 0.029297
0 0.666178 0.822510 0.016602 0.022949
0 0.457357 0.611572 0.015625 0.022949
0 0.598470 0.450073 0.027018 0.012451
0 0.511230 0.404541 0.012044 0.025391
0 0.483398 0.616455 0.026042 0.011719
0 0.907552 0.556519 0.013021 0.016846
