0 0.515137 0.836182 0.172852 0.055176
0 0.456055 0.352539 0.124349 0.056641
0 0.754720 0.593994 0.110352 0.039551
0 0.263346 0.575439 0.037109 0.117188
0 0.534668 0.227539 0.058919 0.072266
0 0.393555 0.457520 0.096354 0.042969
0 0.445638 0.277832 0.041016 0.089844
0 0.506022 0.574707 0.086914 0.039062
0 0.426595 0.068604 0.092773 0.035645
0 0.853678 0.306519 0.051107 0.063721
0 0.571615 0.924072 0.049479 0.064453
0 0.329264 0.935791 0.051107 0.062012
0 0.492513 0.852173 0.127604 0.024658
0 0.594889 0.107666 0.047852 0.062012
0 0.486979 0.491699 0.088542 0.033203
0 0.583659 0.199463 0.046224 0.062988
0 0.272135 0.836792 0.033854 0.082764
0 0.555827 0.223511 0.045898 0.059326
0 0.304199 0.051392 0.042643 0.063721
0 0.726888 0.760010 0.041016 0.064453
0 0.756348 0.736572 0.079102 0.033203
0 0.610514 0.570190 0.079102 0.032471
0 0.180013 0.619995 0.037109 0.065674
0 0.676595 0.619385 0.071940 0.033203
0 0.230469 0.937134 0.033854 0.069580
0 0.858073 0.841064 0.039062 0.060059
0 0.676595 0.706665 0.113607 0.020264
0 0.737305 0.446167 0.075521 0.030518
0 0.268555 0.769043 0.089193 0.025391
0 0.549805 0.873291 0.110026 0.020020
0 0.687012 0.922729 0.071940 0.030518
0 0.605794 0.524658 0.069661 0.031250
0 0.279948 0.491821 0.028646 0.074951
0 0.794596 0.657837 0.037109 0.057861
0 0.390137 0.417603 0.068685 0.030518
0 0.494303 0.099487 0.027018 0.076904
0 0.771973 0.333862 0.068685 0.030029
0 0.633952 0.909790 0.021810 0.093018
0 0.731283 0.344604 0.066732 0.030518
0 0.715495 0.219604 0.039062 0.051514
0 0.544596 0.916260 0.037109 0.054199
0 0.325846 0.439697 0.072266 0.027832
0 0.949219 0.871948 0.033854 0.059326
0 0.672201 0.851196 0.070312 0.028076
0 0.334147 0.387695 0.040039 0.048828
0 0.466471 0.583862 0.033854 0.057373
0 0.689128 0.477539 0.076172 0.025391
0 0.189453 0.744629 0.070312 0.027344
0 0.176595 0.381104 0.037435 0.051270
0 0.643555 0.631104 0.075521 0.025391
0 0.893555 0.344727 0.033854 0.056641
0 0.771647 0.621338 0.032878 0.058105
0 0.488932 0.463867 0.065104 0.029297
0 0.648763 0.096680 0.065104 0.029297
0 0.624349 0.335571 0.065104 0.028076
0 0.751139 0.198853 0.027018 0.067139
0 0.603516 0.744385 0.023438 0.074707
0 0.364909 0.663330 0.025391 0.068848
0 0.426595 0.724854 0.037435 0.046387
0 0.303385 0.869385 0.075521 0.022949
0 0.681803 0.934448 0.061523 0.028076
0 0.527344 0.446289 0.065104 0.025391
0 0.688639 0.822510 0.027018 0.059082
0 0.895182 0.941040 0.023438 0.067139
0 0.634766 0.744995 0.065104 0.024170
0 0.327474 0.597290 0.033854 0.046143
0 0.782389 0.903198 0.068685 0.022705
0 0.299805 0.260620 0.026693 0.057861
0 0.816732 0.706543 0.060547 0.025391
0 0.761719 0.933228 0.075521 0.020264
0 0.240885 0.899292 0.075521 0.020264
0 0.646647 0.177979 0.032878 0.046387
0 0.206055 0.810791 0.026693 0.056641
0 0.296387 0.903931 0.027018 0.055420
0 0.928385 0.770386 0.033854 0.043701
0 0.419596 0.941040 0.072266 0.020264
0 0.916178 0.728394 0.030273 0.048096
0 0.867513 0.254517 0.085938 0.016846
0 0.566732 0.403931 0.026042 0.055420
0 0.762533 0.909668 0.056315 0.025391
0 0.433431 0.963745 0.058268 0.024170
0 0.507324 0.424072 0.032227 0.043457
0 0.832845 0.766479 0.030273 0.046143
0 0.160970 0.900635 0.019857 0.069824
0 0.544596 0.129883 0.078776 0.017578
0 0.560221 0.742432 0.026693 0.050293
0 0.481608 0.776245 0.071289 0.018799
0 0.772461 0.812012 0.076172 0.017578
0 0.812012 0.796509 0.030273 0.043701
0 0.641927 0.883667 0.065104 0.020264
0 0.860677 0.834229 0.065104 0.020020
0 0.893555 0.702393 0.075521 0.017090
0 0.929525 0.338135 0.029622 0.043457
0 0.784180 0.752197 0.072266 0.017578
0 0.162760 0.782471 0.023438 0.053223
0 0.888346 0.232300 0.030599 0.040283
0 0.504720 0.727417 0.019857 0.061768
0 0.891439 0.808105 0.029622 0.041016
0 0.752441 0.683105 0.029622 0.041016
0 0.435221 0.406128 0.026693 0.044189
0 0.710449 0.788696 0.021810 0.053955
0 0.513346 0.760010 0.065104 0.017578
0 0.371094 0.093262 0.023438 0.048828
0 0.675293 0.719604 0.076497 0.014893
0 0.244303 0.826416 0.019857 0.056641
0 0.256510 0.610962 0.023438 0.047607
0 0.140137 0.156860 0.019857 0.055908
0 0.600098 0.031494 0.058268 0.019043
0 0.895182 0.495728 0.023438 0.046143
0 0.152181 0.263916 0.016602 0.062012
0 0.850098 0.878540 0.016602 0.061768
0 0.460775 0.649048 0.022461 0.045654
0 0.896973 0.409790 0.068685 0.014893
0 0.372721 0.750854 0.068359 0.014893
0 0.294271 0.736572 0.057292 0.017578
0 0.927409 0.465698 0.018229 0.053955
0 0.549479 0.536987 0.067708 0.014404
0 0.608887 0.385010 0.019857 0.048828
0 0.532389 0.066040 0.047852 0.020264
0 0.636556 0.383667 0.027018 0.035889
0 0.814941 0.500244 0.050456 0.019043
0 0.841471 0.909790 0.026693 0.035889
0 0.407389 0.896729 0.061523 0.015137
0 0.360026 0.848511 0.015625 0.059326
0 0.737305 0.914307 0.026693 0.034668
0 0.660970 0.485962 0.082357 0.010986
0 0.912598 0.470947 0.016602 0.054199
0 0.384928 0.437012 0.051107 0.017578
0 0.159180 0.081665 0.044271 0.020264
0 0.768229 0.851807 0.046875 0.019043
0 0.865885 0.715332 0.075521 0.011719
0 0.780762 0.618042 0.058268 0.014893
0 0.787598 0.563354 0.058268 0.014893
0 0.180013 0.097290 0.016276 0.051514
0 0.733724 0.105103 0.054688 0.014893
0 0.438639 0.448730 0.019857 0.041016
0 0.870931 0.528320 0.016602 0.048828
0 0.292806 0.630737 0.019857 0.040283
0 0.185221 0.702759 0.020182 0.038330
0 0.402181 0.107666 0.016602 0.046387
0 0.535970 0.257446 0.061523 0.012451
0 0.532389 0.148071 0.019857 0.038330
0 0.579264 0.878540 0.051107 0.014893
0 0.521973 0.887207 0.061523 0.011719
0 0.485514 0.150635 0.058268 0.012207
0 0.705729 0.427979 0.046875 0.015137
0 0.136719 0.707886 0.013021 0.053955
0 0.499512 0.785645 0.058268 0.011719
0 0.166178 0.124634 0.016602 0.038330
0 0.829264 0.739136 0.051107 0.012451
0 0.681641 0.347290 0.013021 0.046143
0 0.157552 0.519165 0.013021 0.046143
0 0.714681 0.453979 0.016602 0.035889
0 0.671387 0.950073 0.047852 0.012451
0 0.233887 0.856934 0.019857 0.029297
0 0.789388 0.551270 0.047526 0.011719
0 0.718099 0.510010 0.044271 0.012207
0 0.562012 0.513916 0.016602 0.030762
0 0.541178 0.706543 0.051107 0.009766
0 0.846680 0.234009 0.016276 0.028076
0 0.697428 0.744385 0.037435 0.012207
0 0.865723 0.628174 0.047852 0.009277
0 0.596191 0.016602 0.043294 0.009766
0 0.167969 0.196167 0.013021 0.030518
0 0.812012 0.208862 0.009440 0.040283
0 0.818522 0.595947 0.029622 0.012207
0 0.843262 0.782227 0.030273 0.009766
