0 0.438802 0.511353 0.138021 0.046143
0 0.634928 0.754883 0.120768 0.048828
0 0.497721 0.776978 0.061849 0.082764
0 0.138346 0.447754 0.057943 0.085938
0 0.720052 0.793823 0.117188 0.038330
0 0.784180 0.114136 0.099609 0.038330
0 0.751139 0.474854 0.040690 0.087891
0 0.476074 0.868042 0.053060 0.067139
0 0.717773 0.485229 0.050130 0.067139
0 0.760254 0.520386 0.086914 0.038330
0 0.301595 0.356445 0.099935 0.033203
0 0.608398 0.487549 0.039714 0.076660
0 0.754232 0.226074 0.046875 0.064453
0 0.702637 0.157104 0.040690 0.067139
0 0.882812 0.290039 0.046875 0.056641
0 0.801107 0.282227 0.036458 0.072266
0 0.463542 0.298462 0.041667 0.063232
0 0.926595 0.676025 0.037435 0.068359
0 0.733398 0.348633 0.039714 0.064453
0 0.628906 0.314697 0.039062 0.064453
0 0.245117 0.673828 0.042318 0.058594
0 0.281576 0.392822 0.073568 0.033203
0 0.711263 0.567627 0.044271 0.054688
0 0.520182 0.648071 0.085938 0.028076
0 0.690430 0.828979 0.078776 0.030518
0 0.792806 0.572510 0.040690 0.059082
0 0.676595 0.894043 0.092773 0.025391
0 0.296224 0.703979 0.075521 0.030518
0 0.516764 0.859009 0.079102 0.028076
0 0.738281 0.305542 0.028646 0.077393
0 0.735514 0.722290 0.071940 0.030518
0 0.278483 0.450073 0.040039 0.053955
0 0.353678 0.826416 0.037435 0.056641
0 0.808431 0.748291 0.037435 0.056641
0 0.921387 0.914917 0.040690 0.051514
0 0.836263 0.808228 0.030599 0.067139
0 0.653971 0.632080 0.033854 0.058594
0 0.452637 0.609619 0.082357 0.023926
0 0.808594 0.625488 0.023438 0.082031
0 0.509928 0.430542 0.037435 0.051514
0 0.874023 0.388550 0.078125 0.024658
0 0.545898 0.469727 0.074870 0.025391
0 0.577637 0.665894 0.027018 0.069092
0 0.423014 0.912354 0.092773 0.020020
0 0.145345 0.158447 0.037435 0.048828
0 0.462891 0.546509 0.033854 0.053955
0 0.220052 0.562134 0.033854 0.053955
0 0.754557 0.926636 0.033854 0.053955
0 0.506348 0.907227 0.071940 0.025391
0 0.223307 0.905884 0.033854 0.053955
0 0.161784 0.740479 0.070312 0.025391
0 0.761719 0.691040 0.033854 0.051514
0 0.339681 0.422852 0.030273 0.056641
0 0.224772 0.315308 0.029622 0.057861
0 0.530599 0.545166 0.023438 0.072266
0 0.219564 0.766479 0.032878 0.051514
0 0.702637 0.313721 0.027018 0.062500
0 0.853678 0.478760 0.030273 0.054199
0 0.499023 0.580933 0.086589 0.018799
0 0.523763 0.612915 0.030599 0.051514
0 0.784180 0.037354 0.023438 0.066895
0 0.758138 0.628418 0.061849 0.025391
0 0.735514 0.162354 0.030273 0.051270
0 0.702474 0.797729 0.075521 0.020264
0 0.637044 0.491821 0.034505 0.043701
0 0.506510 0.215698 0.065104 0.022705
0 0.754720 0.739258 0.082357 0.017578
0 0.844889 0.142822 0.061523 0.022949
0 0.311035 0.517822 0.021810 0.064453
0 0.862305 0.639648 0.026693 0.052734
0 0.402181 0.779541 0.030273 0.046387
0 0.678223 0.594604 0.027018 0.051514
0 0.782389 0.856079 0.082357 0.016846
0 0.189941 0.877441 0.029622 0.046875
0 0.759766 0.459229 0.023438 0.056641
0 0.169596 0.205322 0.057943 0.022949
0 0.155273 0.809448 0.029297 0.043701
0 0.492513 0.785400 0.078776 0.016113
0 0.780599 0.327759 0.023438 0.053955
0 0.872396 0.361206 0.026042 0.048096
0 0.487305 0.692261 0.054688 0.022705
0 0.541178 0.883789 0.030273 0.041016
0 0.146973 0.646729 0.019857 0.062012
0 0.680827 0.338135 0.025065 0.048828
0 0.494303 0.288574 0.068685 0.017578
0 0.905762 0.873291 0.079102 0.015137
0 0.808431 0.790283 0.030273 0.039062
0 0.739909 0.872925 0.080729 0.014404
0 0.644857 0.601196 0.050130 0.022705
0 0.438639 0.417480 0.019857 0.056641
0 0.570638 0.706665 0.075521 0.014893
0 0.806803 0.383423 0.019857 0.055908
0 0.728678 0.396729 0.071940 0.015137
0 0.355306 0.732056 0.027018 0.039795
0 0.677897 0.403320 0.060872 0.017578
0 0.388346 0.466675 0.023438 0.045654
0 0.242513 0.086548 0.072266 0.014404
0 0.244303 0.114136 0.027018 0.038330
0 0.489909 0.467651 0.025391 0.039795
0 0.739909 0.831665 0.067057 0.014893
0 0.116211 0.399292 0.048828 0.020264
0 0.924805 0.231445 0.020182 0.048828
0 0.820312 0.559204 0.026042 0.037842
0 0.265137 0.161377 0.019857 0.049316
0 0.730306 0.114258 0.019857 0.048828
0 0.666016 0.115479 0.023438 0.041016
0 0.126139 0.681519 0.019857 0.048096
0 0.305827 0.454956 0.025065 0.037842
0 0.166016 0.146118 0.023438 0.039795
0 0.497721 0.355103 0.061849 0.014893
0 0.900553 0.823853 0.019857 0.046143
0 0.506510 0.374634 0.023438 0.038330
0 0.866699 0.453735 0.021810 0.040283
0 0.311198 0.215820 0.049479 0.017578
0 0.645345 0.659790 0.016602 0.051514
0 0.645345 0.149292 0.016602 0.051514
0 0.669596 0.560181 0.044271 0.018799
0 0.712891 0.055542 0.054688 0.014893
0 0.796224 0.714478 0.054688 0.014893
0 0.921224 0.779175 0.054688 0.014404
0 0.601888 0.491821 0.020182 0.038330
0 0.343262 0.532104 0.016602 0.046143
0 0.166178 0.401978 0.016602 0.046143
0 0.230794 0.370361 0.054036 0.014160
0 0.743327 0.852417 0.025065 0.030518
0 0.499512 0.555542 0.051107 0.014893
0 0.154785 0.441040 0.014648 0.051514
0 0.242513 0.175415 0.016276 0.046143
0 0.861816 0.601196 0.019206 0.038330
0 0.423014 0.171509 0.016602 0.043701
0 0.200846 0.062134 0.057943 0.012451
0 0.581055 0.967041 0.020182 0.035645
0 0.475586 0.723511 0.057292 0.012451
0 0.148763 0.749634 0.016276 0.043701
0 0.700846 0.068604 0.072266 0.009766
0 0.424805 0.776611 0.020182 0.035156
0 0.691732 0.857666 0.046875 0.015137
0 0.806641 0.028198 0.013021 0.053955
0 0.421387 0.683105 0.068685 0.009766
0 0.863932 0.809814 0.023438 0.028809
0 0.913900 0.104370 0.019206 0.034424
0 0.171387 0.694824 0.019857 0.033203
0 0.922689 0.888916 0.043294 0.015137
0 0.556641 0.392578 0.054688 0.011719
0 0.567057 0.647949 0.013021 0.048828
0 0.874023 0.843384 0.022786 0.028076
0 0.832845 0.751831 0.037435 0.016846
0 0.192057 0.142456 0.013021 0.048096
0 0.848470 0.336792 0.040690 0.014893
0 0.785807 0.672729 0.013021 0.046143
0 0.213053 0.348511 0.047852 0.012451
0 0.607096 0.967041 0.016276 0.035645
0 0.884928 0.159668 0.058268 0.009766
0 0.229980 0.769165 0.012044 0.046143
0 0.752604 0.139893 0.015625 0.032715
0 0.900391 0.192383 0.013021 0.033203
0 0.626302 0.564697 0.013021 0.033203
0 0.132650 0.503174 0.012044 0.035156
0 0.801595 0.753418 0.016602 0.025391
0 0.607096 0.900635 0.016276 0.022949
0 0.921224 0.595337 0.013021 0.026611
0 0.167318 0.725830 0.026042 0.011719
0 0.410482 0.122070 0.012370 0.017578
0 0.006348 0.415527 0.009440 0.021484
0 0.982096 0.276978 0.009766 0.014893
0 0.271159 0.960571 0.018229 0.007080
