0 0.743815 0.459473 0.060547 0.093750
0 0.577637 0.698853 0.131185 0.035889
0 0.564128 0.540039 0.111328 0.041016
0 0.850098 0.235352 0.092773 0.041016
0 0.265137 0.614868 0.110352 0.034424
0 0.692220 0.258057 0.047852 0.076172
0 0.233887 0.424072 0.103190 0.033203
0 0.753743 0.792603 0.108398 0.030518
0 0.372721 0.756104 0.089193 0.035645
0 0.727376 0.924683 0.090169 0.034424
0 0.759928 0.245728 0.037435 0.082764
0 0.204264 0.681885 0.092773 0.033203
0 0.475098 0.568604 0.120768 0.025391
0 0.622396 0.769165 0.151042 0.020264
0 0.258138 0.916260 0.047526 0.064453
0 0.251628 0.651978 0.083333 0.035889
0 0.631348 0.929321 0.099935 0.028076
0 0.462240 0.356323 0.039062 0.069580
0 0.700358 0.750244 0.092122 0.029297
0 0.256510 0.826416 0.085938 0.030762
0 0.710449 0.657227 0.035482 0.072266
0 0.782389 0.765259 0.089518 0.028076
0 0.191732 0.758667 0.081380 0.030518
0 0.334473 0.934082 0.089518 0.027344
0 0.527181 0.145508 0.037435 0.064453
0 0.377930 0.444946 0.030599 0.074951
0 0.707357 0.278198 0.029297 0.074951
0 0.532389 0.839478 0.040690 0.051514
0 0.278971 0.253540 0.068359 0.030518
0 0.747721 0.665649 0.033854 0.057861
0 0.780762 0.706299 0.099935 0.019531
0 0.266927 0.513916 0.023438 0.082520
0 0.720052 0.305908 0.033854 0.057129
0 0.641764 0.344604 0.037435 0.051514
0 0.695638 0.723511 0.068359 0.028076
0 0.698730 0.500977 0.032878 0.056641
0 0.225098 0.463135 0.037435 0.048828
0 0.395345 0.577637 0.037435 0.048828
0 0.185221 0.871948 0.033854 0.053955
0 0.575846 0.822510 0.065104 0.027832
0 0.638346 0.580322 0.030599 0.059082
0 0.773438 0.135010 0.036458 0.048828
0 0.649577 0.239136 0.025065 0.069580
0 0.933431 0.891235 0.030273 0.055908
0 0.496419 0.584229 0.065755 0.025391
0 0.424805 0.546143 0.075521 0.021973
0 0.410807 0.619385 0.033854 0.048828
0 0.528971 0.617432 0.082682 0.019043
0 0.548177 0.208618 0.065104 0.024170
0 0.466471 0.740479 0.061849 0.025391
0 0.600098 0.674072 0.058268 0.026855
0 0.284180 0.515869 0.030599 0.050293
0 0.795898 0.481323 0.067708 0.022705
0 0.756348 0.846558 0.030273 0.050049
0 0.615885 0.830566 0.033854 0.042969
0 0.799805 0.730957 0.033854 0.042969
0 0.763021 0.740479 0.057292 0.025391
0 0.700846 0.599854 0.030599 0.046387
0 0.570638 0.273071 0.020182 0.069580
0 0.799805 0.663086 0.026693 0.052734
0 0.596680 0.784058 0.057943 0.024170
0 0.666178 0.586792 0.030273 0.046143
0 0.619141 0.693604 0.054688 0.025391
0 0.247721 0.164917 0.020182 0.067139
0 0.572428 0.069946 0.058268 0.022705
0 0.202637 0.580322 0.027018 0.048828
0 0.243815 0.738892 0.018880 0.069092
0 0.270345 0.882080 0.058268 0.021973
0 0.423991 0.320557 0.066732 0.019043
0 0.800618 0.206665 0.084310 0.014893
0 0.699056 0.193604 0.027018 0.046387
0 0.483887 0.631104 0.027018 0.046387
0 0.843099 0.702393 0.023438 0.053223
0 0.299316 0.411133 0.019206 0.064453
0 0.433431 0.138550 0.030273 0.040283
0 0.548014 0.858032 0.030273 0.040283
0 0.284180 0.770386 0.051432 0.022705
0 0.857910 0.326416 0.025065 0.046387
0 0.768555 0.181885 0.026693 0.043457
0 0.613932 0.715820 0.065104 0.017578
0 0.332845 0.895142 0.051107 0.022217
0 0.386556 0.638916 0.019857 0.056641
0 0.303223 0.881104 0.019857 0.056641
0 0.730306 0.258423 0.019857 0.055908
0 0.167806 0.451416 0.027018 0.041016
0 0.185221 0.901978 0.054688 0.020264
0 0.627930 0.703369 0.057943 0.019043
0 0.254557 0.045166 0.054688 0.020020
0 0.652181 0.076416 0.071940 0.015137
0 0.799805 0.840820 0.061849 0.017578
0 0.730306 0.908447 0.061523 0.017578
0 0.685221 0.516235 0.026693 0.040283
0 0.139648 0.206543 0.026042 0.041016
0 0.362305 0.100830 0.047526 0.021973
0 0.185221 0.181885 0.026693 0.038574
0 0.651855 0.820923 0.022461 0.045654
0 0.235514 0.916260 0.058268 0.017578
0 0.193359 0.309570 0.015625 0.064453
0 0.186849 0.093018 0.085938 0.011719
0 0.181803 0.032837 0.061523 0.016357
0 0.146973 0.605713 0.027018 0.037109
0 0.124349 0.474854 0.065104 0.015137
0 0.311523 0.218018 0.057292 0.017090
0 0.607096 0.108032 0.023438 0.041748
0 0.738932 0.604980 0.023438 0.041016
0 0.625326 0.301392 0.025391 0.037842
0 0.884440 0.479736 0.015625 0.061035
0 0.159180 0.182861 0.023438 0.040527
0 0.896973 0.112549 0.027018 0.035156
0 0.289388 0.132446 0.075521 0.012451
0 0.508138 0.732300 0.020182 0.045654
0 0.586589 0.658447 0.052083 0.017578
0 0.583333 0.226196 0.020833 0.043701
0 0.610677 0.228394 0.023438 0.037842
0 0.547201 0.663574 0.049479 0.017578
0 0.785970 0.441895 0.019857 0.042969
0 0.817220 0.934570 0.047852 0.017578
0 0.468262 0.812012 0.016602 0.048828
0 0.851400 0.136230 0.019206 0.041016
0 0.394857 0.424683 0.015625 0.050049
0 0.506348 0.459229 0.079102 0.009766
0 0.581055 0.749634 0.061849 0.012451
0 0.916178 0.144165 0.016602 0.046143
0 0.909180 0.847290 0.051432 0.014893
0 0.335938 0.270508 0.015625 0.048828
0 0.820638 0.317017 0.020182 0.037842
0 0.620605 0.858887 0.043294 0.017578
0 0.206868 0.813354 0.014648 0.051514
0 0.136719 0.302979 0.013021 0.056641
0 0.450358 0.406128 0.022461 0.032471
0 0.643555 0.524292 0.020182 0.035889
0 0.166016 0.506104 0.023438 0.030762
0 0.712565 0.259644 0.018880 0.037842
0 0.721680 0.369385 0.016276 0.043457
0 0.864095 0.229980 0.016602 0.041016
0 0.666178 0.490112 0.016602 0.040283
0 0.197428 0.138550 0.016602 0.040283
0 0.186849 0.779541 0.044271 0.015137
0 0.637533 0.548828 0.056315 0.011719
0 0.884766 0.089478 0.044271 0.014893
0 0.758138 0.488892 0.020182 0.032471
0 0.575033 0.388550 0.021810 0.030029
0 0.772786 0.023071 0.049479 0.012451
0 0.239095 0.789917 0.016602 0.035889
0 0.487305 0.547119 0.020182 0.029297
0 0.587240 0.042480 0.059896 0.009766
0 0.580566 0.112915 0.019206 0.030518
0 0.542806 0.744385 0.047852 0.012207
0 0.702148 0.099487 0.018880 0.030029
0 0.660807 0.293213 0.013021 0.042480
0 0.823242 0.221924 0.039062 0.014160
0 0.805013 0.653320 0.016276 0.033203
0 0.190104 0.449829 0.015625 0.032471
0 0.789388 0.234009 0.013021 0.038330
0 0.733073 0.113770 0.018229 0.027344
0 0.159993 0.290039 0.011393 0.041016
0 0.209147 0.580322 0.012044 0.038574
0 0.162598 0.786011 0.016602 0.028076
0 0.702474 0.888916 0.013021 0.035645
0 0.148763 0.120605 0.023438 0.009766
0 0.006348 0.415527 0.009440 0.021484
0 0.982096 0.276978 0.009766 0.014893
