0 0.830729 0.532104 0.130208 0.046143
0 0.610514 0.849854 0.120768 0.041016
0 0.435221 0.297852 0.110026 0.041016
0 0.277181 0.263916 0.051107 0.087891
0 0.643555 0.396729 0.041016 0.108887
0 0.150391 0.137329 0.054688 0.079346
0 0.685221 0.359009 0.054688 0.074951
0 0.769531 0.930542 0.132812 0.030518
0 0.520345 0.290039 0.092773 0.041016
0 0.581055 0.220947 0.089193 0.038574
0 0.551432 0.246338 0.127604 0.026855
0 0.280599 0.407104 0.044271 0.077393
0 0.576660 0.552979 0.045898 0.072266
0 0.811849 0.451416 0.044271 0.072266
0 0.200846 0.935791 0.044271 0.072266
0 0.375326 0.424683 0.087891 0.034424
0 0.468099 0.274414 0.106771 0.025391
0 0.488932 0.841309 0.044271 0.060547
0 0.905599 0.771729 0.085938 0.030762
0 0.848307 0.632080 0.096354 0.027344
0 0.410807 0.487793 0.033854 0.072266
0 0.704264 0.872070 0.071940 0.033203
0 0.791178 0.510010 0.071940 0.033203
0 0.784180 0.853760 0.030599 0.074707
0 0.866699 0.486206 0.042643 0.053467
0 0.722982 0.524292 0.033203 0.067139
0 0.913900 0.596558 0.040039 0.055420
0 0.752930 0.726196 0.078776 0.028076
0 0.226400 0.766479 0.032878 0.067139
0 0.898763 0.541260 0.078776 0.027832
0 0.181641 0.046387 0.033854 0.064453
0 0.641764 0.571167 0.030273 0.067139
0 0.877930 0.109009 0.072266 0.028076
0 0.299805 0.464111 0.033854 0.056152
0 0.740397 0.485352 0.074544 0.025391
0 0.594889 0.694946 0.082357 0.022705
0 0.535970 0.613525 0.068685 0.026855
0 0.836263 0.049072 0.065104 0.027832
0 0.798014 0.676636 0.030273 0.059326
0 0.818034 0.677368 0.035807 0.050049
0 0.881022 0.687134 0.029622 0.059326
0 0.519043 0.608032 0.032878 0.053467
0 0.522135 0.493042 0.033854 0.051514
0 0.824056 0.442383 0.027018 0.064453
0 0.341471 0.937012 0.026693 0.064453
0 0.815430 0.193604 0.037109 0.046387
0 0.577474 0.487549 0.033854 0.050781
0 0.626302 0.879761 0.075521 0.022705
0 0.162598 0.151855 0.030273 0.056641
0 0.334635 0.887573 0.075521 0.022705
0 0.408691 0.092651 0.064128 0.026611
0 0.636556 0.373291 0.027018 0.062012
0 0.698242 0.649292 0.031901 0.051514
0 0.603516 0.450073 0.023438 0.069580
0 0.759440 0.577759 0.070964 0.022705
0 0.851888 0.817261 0.026693 0.059326
0 0.295085 0.525635 0.024414 0.064453
0 0.846680 0.787354 0.023438 0.066895
0 0.206055 0.224854 0.061849 0.025391
0 0.890137 0.228149 0.027018 0.057861
0 0.570638 0.446167 0.033854 0.046143
0 0.243815 0.068604 0.033203 0.046387
0 0.485514 0.601562 0.030273 0.050781
0 0.150065 0.399414 0.060547 0.025391
0 0.438639 0.547852 0.027018 0.056641
0 0.549805 0.881104 0.026693 0.056641
0 0.668294 0.489136 0.034505 0.043701
0 0.409180 0.564697 0.030599 0.048828
0 0.933594 0.835571 0.065104 0.022705
0 0.561849 0.109009 0.065104 0.022705
0 0.176107 0.924072 0.022786 0.064453
0 0.312500 0.165039 0.057292 0.025391
0 0.463053 0.129883 0.082357 0.017578
0 0.872721 0.280884 0.026693 0.053955
0 0.803385 0.075806 0.075521 0.018799
0 0.299805 0.598511 0.020182 0.069580
0 0.447428 0.508667 0.030273 0.046143
0 0.652181 0.762695 0.079102 0.017578
0 0.473796 0.554932 0.027669 0.050293
0 0.719889 0.598267 0.061523 0.022217
0 0.273763 0.424072 0.030599 0.043457
0 0.411784 0.432495 0.070312 0.018799
0 0.266764 0.952759 0.058268 0.022705
0 0.693848 0.444946 0.030273 0.043701
0 0.504720 0.317383 0.027018 0.048828
0 0.496908 0.397949 0.073893 0.017578
0 0.592773 0.146729 0.064453 0.020020
0 0.627116 0.276978 0.063477 0.020264
0 0.865723 0.319214 0.027018 0.047607
0 0.678223 0.577637 0.019857 0.064453
0 0.426432 0.580322 0.023438 0.054199
0 0.638346 0.897949 0.072266 0.017578
0 0.336263 0.109009 0.023438 0.053955
0 0.176595 0.844727 0.030273 0.041016
0 0.608887 0.326050 0.027018 0.045654
0 0.254720 0.558228 0.019857 0.061768
0 0.788574 0.200195 0.025065 0.048828
0 0.646647 0.950073 0.053711 0.022705
0 0.177897 0.649292 0.019206 0.061768
0 0.909180 0.269043 0.016276 0.072266
0 0.702637 0.689697 0.019857 0.059082
0 0.464844 0.455933 0.023438 0.050049
0 0.666504 0.301758 0.066081 0.017578
0 0.716471 0.170166 0.075521 0.015137
0 0.342285 0.464478 0.056315 0.020264
0 0.365723 0.342407 0.027018 0.041748
0 0.141764 0.651978 0.016602 0.067139
0 0.957682 0.881714 0.023438 0.047607
0 0.203451 0.607666 0.021484 0.051270
0 0.443848 0.319336 0.051107 0.021484
0 0.790365 0.043579 0.028646 0.037842
0 0.148763 0.578979 0.023438 0.046143
0 0.305013 0.151367 0.078776 0.013672
0 0.555013 0.516479 0.051432 0.020264
0 0.574056 0.220947 0.027018 0.038574
0 0.747721 0.948242 0.075521 0.013672
0 0.844889 0.429321 0.027018 0.038330
0 0.193034 0.368042 0.028646 0.035889
0 0.489095 0.631104 0.051107 0.020020
0 0.890137 0.030518 0.027018 0.037598
0 0.512533 0.154541 0.021810 0.046387
0 0.773763 0.808105 0.023438 0.041016
0 0.891927 0.568604 0.023438 0.041016
0 0.462891 0.614258 0.054688 0.017578
0 0.450846 0.927979 0.023438 0.041016
0 0.703939 0.527588 0.022461 0.042480
0 0.529785 0.888916 0.021810 0.041016
0 0.920410 0.748291 0.025065 0.035645
0 0.383138 0.539673 0.061849 0.014404
0 0.501139 0.737549 0.061523 0.014160
0 0.905599 0.720215 0.023438 0.037109
0 0.210449 0.837891 0.014648 0.058594
0 0.277181 0.112915 0.016602 0.051514
0 0.655762 0.428223 0.016602 0.050781
0 0.148438 0.211548 0.057292 0.014404
0 0.886556 0.381104 0.019857 0.041016
0 0.782389 0.586914 0.019857 0.041016
0 0.315430 0.348511 0.065104 0.012451
0 0.839844 0.252808 0.023438 0.034424
0 0.443848 0.086182 0.058268 0.013672
0 0.252930 0.426758 0.016276 0.048828
0 0.291016 0.382324 0.023438 0.033203
0 0.273763 0.077637 0.044271 0.017578
0 0.344889 0.976196 0.061523 0.012451
0 0.197428 0.704346 0.016602 0.045410
0 0.785970 0.115479 0.047852 0.015137
0 0.152181 0.049072 0.016602 0.043457
0 0.567220 0.555542 0.019857 0.035889
0 0.761230 0.823853 0.019206 0.035889
0 0.442057 0.444946 0.054688 0.012451
0 0.796387 0.598633 0.019857 0.033203
0 0.832357 0.297852 0.015625 0.041016
0 0.758138 0.588135 0.013021 0.048828
0 0.787598 0.226196 0.016602 0.038330
0 0.867513 0.465454 0.016276 0.037842
0 0.579264 0.452148 0.016602 0.037109
0 0.705078 0.640137 0.018229 0.033203
0 0.593262 0.594604 0.016602 0.035889
0 0.915202 0.564697 0.014648 0.038574
0 0.491211 0.597168 0.013672 0.041016
0 0.881510 0.796509 0.044271 0.012451
0 0.857096 0.304199 0.016276 0.033203
0 0.794596 0.370361 0.057943 0.009277
0 0.858724 0.467041 0.013021 0.041016
0 0.181315 0.095337 0.012370 0.042236
0 0.503906 0.884766 0.018229 0.027344
0 0.544596 0.500854 0.016276 0.030518
0 0.892741 0.474854 0.011393 0.041016
0 0.845052 0.284790 0.013021 0.035889
0 0.522461 0.418945 0.013672 0.033203
0 0.715658 0.128174 0.045898 0.009277
0 0.907064 0.570923 0.012044 0.030029
0 0.549805 0.412354 0.033854 0.009766
0 0.272135 0.044800 0.033854 0.009033
0 0.773763 0.018799 0.023438 0.009277
0 0.982096 0.276978 0.009766 0.014893
0 0.765951 0.218384 0.007812 0.012451
