0 0.410970 0.684448 0.131185 0.059326
0 0.183594 0.175415 0.106771 0.046143
0 0.282552 0.334839 0.054688 0.073486
0 0.707031 0.824463 0.049479 0.068359
0 0.344889 0.465454 0.047852 0.069092
0 0.863118 0.694946 0.084310 0.038330
0 0.815430 0.183105 0.044271 0.072266
0 0.226888 0.514893 0.082682 0.037598
0 0.559733 0.528809 0.040039 0.076172
0 0.883138 0.606323 0.103516 0.028076
0 0.594889 0.494385 0.040690 0.069824
0 0.678385 0.394165 0.033854 0.082764
0 0.613607 0.814087 0.043620 0.063232
0 0.454427 0.571167 0.044271 0.061768
0 0.458659 0.148071 0.039062 0.069580
0 0.907552 0.918823 0.096354 0.028076
0 0.358724 0.744141 0.096354 0.027344
0 0.805339 0.904541 0.031250 0.082520
0 0.403971 0.182861 0.103516 0.024902
0 0.412760 0.493164 0.044271 0.056641
0 0.622721 0.614136 0.089193 0.028076
0 0.818848 0.369385 0.071940 0.033203
0 0.329753 0.529541 0.038411 0.062012
0 0.537760 0.238892 0.044271 0.053467
0 0.374349 0.928955 0.023438 0.100098
0 0.855469 0.537354 0.075521 0.030762
0 0.252116 0.186523 0.042643 0.052734
0 0.376139 0.539917 0.027018 0.082764
0 0.481771 0.051636 0.078125 0.028076
0 0.766764 0.581543 0.030273 0.072266
0 0.677897 0.627197 0.040039 0.054199
0 0.862305 0.909790 0.041016 0.051514
0 0.341471 0.185791 0.068359 0.030762
0 0.890137 0.649292 0.068685 0.030518
0 0.634928 0.772705 0.120768 0.017090
0 0.672526 0.487549 0.036458 0.056152
0 0.513346 0.121338 0.072266 0.026855
0 0.742513 0.424683 0.099609 0.018799
0 0.433431 0.901245 0.037435 0.050049
0 0.706868 0.571777 0.035482 0.052734
0 0.176107 0.589355 0.072917 0.025391
0 0.839355 0.860229 0.029622 0.061768
0 0.653971 0.452759 0.033854 0.053955
0 0.876139 0.159790 0.027018 0.067139
0 0.857096 0.332275 0.037109 0.047363
0 0.855306 0.144165 0.027018 0.061768
0 0.325846 0.926758 0.093099 0.017578
0 0.474772 0.540039 0.022461 0.072266
0 0.296387 0.077759 0.027018 0.059326
0 0.242513 0.433228 0.030599 0.051514
0 0.669596 0.519165 0.030599 0.051514
0 0.792806 0.295166 0.103190 0.015137
0 0.294596 0.570557 0.023438 0.065918
0 0.803223 0.727173 0.061523 0.024658
0 0.771647 0.797729 0.074544 0.020264
0 0.639648 0.381104 0.074870 0.020020
0 0.301432 0.651978 0.028646 0.051514
0 0.127930 0.709229 0.057943 0.025391
0 0.644531 0.838745 0.028646 0.050049
0 0.621908 0.709961 0.066732 0.021484
0 0.385254 0.113525 0.066081 0.021484
0 0.898763 0.214478 0.030599 0.046143
0 0.546387 0.871948 0.061523 0.022705
0 0.617025 0.099854 0.022461 0.062012
0 0.824056 0.261353 0.027018 0.051514
0 0.626302 0.688477 0.054688 0.025391
0 0.583659 0.335571 0.018229 0.074951
0 0.782389 0.851440 0.027018 0.049561
0 0.646973 0.276978 0.089518 0.014893
0 0.778971 0.814697 0.075521 0.017578
0 0.805013 0.333862 0.023438 0.055908
0 0.798014 0.048828 0.030273 0.042969
0 0.464844 0.110229 0.085938 0.014893
0 0.868327 0.508057 0.053060 0.023926
0 0.391927 0.155884 0.023438 0.053955
0 0.725098 0.600586 0.058268 0.021484
0 0.636556 0.250854 0.061523 0.020264
0 0.692220 0.722290 0.061523 0.020264
0 0.799805 0.114136 0.054688 0.022705
0 0.790365 0.496582 0.028646 0.042969
0 0.472168 0.393433 0.024414 0.050049
0 0.562826 0.494995 0.025391 0.047607
0 0.553223 0.458008 0.068685 0.017578
0 0.792806 0.635010 0.068685 0.017578
0 0.655762 0.101196 0.030273 0.038330
0 0.456868 0.675415 0.077148 0.014893
0 0.770345 0.505859 0.058268 0.019531
0 0.468262 0.690674 0.058268 0.019531
0 0.348470 0.459229 0.019857 0.056641
0 0.637533 0.519165 0.021810 0.051514
0 0.342448 0.491821 0.049479 0.022705
0 0.296387 0.294800 0.019857 0.055908
0 0.520345 0.142090 0.051107 0.021484
0 0.872721 0.616821 0.020182 0.053955
0 0.370931 0.584229 0.071940 0.015137
0 0.636068 0.498657 0.026042 0.041748
0 0.527344 0.519165 0.023438 0.046143
0 0.210775 0.146729 0.071289 0.015137
0 0.289388 0.765503 0.020182 0.053467
0 0.305827 0.193604 0.053060 0.020020
0 0.558431 0.263916 0.051107 0.020020
0 0.787760 0.299072 0.023438 0.043457
0 0.395182 0.538330 0.023438 0.042969
0 0.496419 0.574097 0.024089 0.041748
0 0.198730 0.331665 0.019206 0.051514
0 0.864095 0.468384 0.016602 0.059326
0 0.391764 0.335571 0.016602 0.059326
0 0.778971 0.372070 0.020182 0.048828
0 0.813639 0.317383 0.019857 0.048828
0 0.836263 0.340698 0.016276 0.059326
0 0.771973 0.159790 0.027018 0.035889
0 0.591471 0.230103 0.047526 0.020264
0 0.688802 0.267822 0.054688 0.017578
0 0.694010 0.157227 0.023438 0.041016
0 0.273763 0.138916 0.023438 0.041016
0 0.512533 0.095581 0.056315 0.016846
0 0.471354 0.459595 0.015625 0.057373
0 0.308431 0.476196 0.016602 0.053955
0 0.676595 0.853760 0.051107 0.017578
0 0.655762 0.397949 0.051107 0.017578
0 0.863932 0.518555 0.065104 0.013672
0 0.570638 0.309448 0.020182 0.043701
0 0.227702 0.492432 0.021810 0.039551
0 0.766276 0.252197 0.015625 0.054199
0 0.483073 0.224854 0.018229 0.046387
0 0.657389 0.129883 0.047852 0.017578
0 0.721680 0.683228 0.023438 0.035889
0 0.426432 0.425415 0.023438 0.035889
0 0.377930 0.427368 0.044271 0.018799
0 0.772135 0.024292 0.054688 0.014893
0 0.207845 0.491699 0.016602 0.048828
0 0.383138 0.749268 0.047526 0.017090
0 0.869303 0.281860 0.019857 0.040283
0 0.831055 0.408447 0.020182 0.038574
0 0.669596 0.577637 0.023438 0.033203
0 0.641927 0.296387 0.023438 0.033203
0 0.898763 0.783447 0.023438 0.033203
0 0.328451 0.419434 0.056641 0.013672
0 0.412598 0.394165 0.051107 0.014893
0 0.634440 0.147705 0.043620 0.017090
0 0.905273 0.347900 0.015625 0.047363
0 0.725586 0.397339 0.044922 0.016357
0 0.440430 0.333496 0.016276 0.044922
0 0.570638 0.171143 0.061849 0.011719
0 0.791178 0.174072 0.016602 0.043457
0 0.637533 0.608887 0.014648 0.048828
0 0.581868 0.122070 0.014648 0.048828
0 0.357096 0.235229 0.023438 0.030518
0 0.872721 0.072876 0.054688 0.012939
0 0.288411 0.736572 0.018229 0.038574
0 0.805501 0.521729 0.045247 0.015137
0 0.386719 0.490479 0.013021 0.051270
0 0.700358 0.443237 0.071289 0.009033
0 0.365885 0.455322 0.013021 0.048828
0 0.902181 0.812134 0.016602 0.038330
0 0.673503 0.737549 0.044922 0.014160
0 0.575846 0.189697 0.051432 0.012207
0 0.756348 0.619385 0.051107 0.012207
0 0.789388 0.745728 0.041016 0.014893
0 0.381348 0.383667 0.016602 0.035889
0 0.185221 0.098511 0.047526 0.012451
0 0.577148 0.637573 0.046875 0.012451
0 0.327148 0.234009 0.046875 0.012451
0 0.508138 0.369385 0.020182 0.027832
0 0.629720 0.069946 0.019857 0.028076
0 0.535970 0.174072 0.019857 0.027832
0 0.749023 0.834839 0.050130 0.010986
0 0.728678 0.095947 0.016602 0.033203
0 0.801595 0.473633 0.016602 0.033203
0 0.186849 0.072510 0.044271 0.012207
0 0.174316 0.215698 0.019206 0.028076
0 0.917969 0.531494 0.054688 0.008301
0 0.570638 0.251587 0.041016 0.010986
0 0.641764 0.265259 0.030273 0.012451
0 0.411784 0.268433 0.014974 0.024170
0 0.608887 0.156494 0.040690 0.008301
0 0.711263 0.802979 0.016276 0.020020
0 0.285970 0.180664 0.027018 0.009766
0 0.542969 0.310791 0.013021 0.020020
0 0.710775 0.299805 0.008789 0.029297
