0 0.472493 0.456665 0.053060 0.093018
0 0.145345 0.633667 0.058268 0.082764
0 0.775391 0.404541 0.054688 0.082520
0 0.160970 0.271729 0.103190 0.035645
0 0.399577 0.763916 0.045898 0.077637
0 0.476888 0.286011 0.047526 0.074951
0 0.522135 0.823853 0.096354 0.035889
0 0.813639 0.145142 0.103190 0.032471
0 0.317057 0.664917 0.096354 0.030518
0 0.608724 0.537109 0.033854 0.082031
0 0.780762 0.324707 0.037435 0.074219
0 0.695964 0.565674 0.041667 0.061035
0 0.560221 0.944824 0.075521 0.033203
0 0.541992 0.896729 0.039062 0.062012
0 0.539388 0.724121 0.082682 0.029297
0 0.864095 0.594604 0.079102 0.030518
0 0.810221 0.461548 0.041016 0.055908
0 0.670573 0.861572 0.080729 0.027832
0 0.379720 0.644775 0.082357 0.026855
0 0.384928 0.250610 0.030273 0.071533
0 0.738932 0.568237 0.085938 0.024658
0 0.183431 0.177979 0.037435 0.056641
0 0.744141 0.927979 0.033854 0.062012
0 0.483887 0.883667 0.068685 0.030518
0 0.223470 0.586792 0.040690 0.051514
0 0.898763 0.294800 0.037109 0.055908
0 0.619303 0.747314 0.040690 0.049316
0 0.665690 0.710571 0.036458 0.053955
0 0.251302 0.373291 0.096354 0.020020
0 0.252930 0.703979 0.037109 0.051514
0 0.746094 0.642822 0.065104 0.027832
0 0.546224 0.527954 0.033854 0.053467
0 0.260742 0.079956 0.080729 0.022217
0 0.336263 0.575073 0.023438 0.074951
0 0.553223 0.684570 0.027018 0.064453
0 0.891927 0.808228 0.085938 0.020264
0 0.528971 0.593384 0.061849 0.028076
0 0.754557 0.114136 0.075521 0.022705
0 0.301107 0.360962 0.029297 0.057861
0 0.379720 0.618042 0.082357 0.020264
0 0.769531 0.486572 0.059896 0.027832
0 0.416016 0.717041 0.065104 0.025391
0 0.164388 0.135010 0.033854 0.048828
0 0.865723 0.211182 0.068685 0.023926
0 0.398763 0.632324 0.093099 0.017578
0 0.624512 0.551636 0.030273 0.053955
0 0.864095 0.442261 0.030273 0.053955
0 0.757324 0.155518 0.073893 0.021973
0 0.919596 0.878540 0.078776 0.020264
0 0.670410 0.353760 0.032227 0.048828
0 0.292806 0.711914 0.061523 0.025391
0 0.300618 0.170166 0.077148 0.020020
0 0.548503 0.304688 0.065755 0.023438
0 0.572428 0.487549 0.030273 0.050781
0 0.496094 0.650635 0.085938 0.017578
0 0.338053 0.119995 0.027018 0.055420
0 0.867025 0.338745 0.029622 0.050049
0 0.199056 0.549072 0.027018 0.054199
0 0.704427 0.524292 0.023438 0.061768
0 0.763346 0.425781 0.030599 0.046875
0 0.500326 0.130371 0.031901 0.044922
0 0.383138 0.549072 0.061849 0.022949
0 0.381348 0.671387 0.079102 0.017578
0 0.600098 0.619385 0.079102 0.017578
0 0.724284 0.358887 0.021484 0.064453
0 0.726888 0.183228 0.026693 0.051514
0 0.396973 0.342041 0.068685 0.020020
0 0.169596 0.119141 0.030599 0.042969
0 0.803223 0.808838 0.019857 0.062988
0 0.898763 0.545166 0.030599 0.041016
0 0.259115 0.447510 0.028646 0.043457
0 0.351888 0.046509 0.054688 0.022705
0 0.353678 0.461914 0.030273 0.041016
0 0.350260 0.836792 0.023438 0.051514
0 0.452637 0.491211 0.019857 0.060547
0 0.235677 0.146729 0.023438 0.051270
0 0.446452 0.893799 0.021810 0.054688
0 0.410970 0.528198 0.027018 0.043701
0 0.660970 0.512573 0.027018 0.043701
0 0.160807 0.529541 0.075521 0.015137
0 0.874349 0.512695 0.023438 0.048828
0 0.166016 0.325195 0.023438 0.048828
0 0.531576 0.689453 0.025391 0.042969
0 0.846680 0.248291 0.023438 0.046387
0 0.751139 0.332642 0.019857 0.053467
0 0.382324 0.483276 0.025065 0.042236
0 0.332357 0.203979 0.022786 0.046143
0 0.629720 0.970947 0.027018 0.038574
0 0.233724 0.776367 0.075521 0.013672
0 0.674805 0.460571 0.082682 0.012451
0 0.504720 0.625854 0.068685 0.014893
0 0.798177 0.397705 0.023438 0.042969
0 0.457682 0.771729 0.065104 0.015137
0 0.119303 0.840820 0.019857 0.048828
0 0.577637 0.414917 0.027018 0.035889
0 0.704427 0.170166 0.023438 0.041016
0 0.416992 0.285767 0.025391 0.037842
0 0.234375 0.172729 0.046875 0.020264
0 0.714681 0.115479 0.016602 0.056641
0 0.174316 0.283447 0.076497 0.012207
0 0.435221 0.391113 0.026693 0.035156
0 0.780273 0.950073 0.015625 0.059326
0 0.746908 0.128540 0.045898 0.020264
0 0.211263 0.183228 0.044271 0.020264
0 0.686849 0.941040 0.044271 0.020264
0 0.496094 0.980103 0.044271 0.020264
0 0.726888 0.611572 0.026693 0.033203
0 0.122721 0.137573 0.020182 0.043701
0 0.780762 0.459229 0.016602 0.051270
0 0.704264 0.388916 0.016602 0.051270
0 0.664388 0.890869 0.061849 0.013672
0 0.197266 0.878174 0.023438 0.035156
0 0.912598 0.619385 0.016602 0.048828
0 0.145182 0.296509 0.065104 0.012451
0 0.525553 0.267578 0.068685 0.011719
0 0.697428 0.145142 0.016602 0.048096
0 0.476888 0.134644 0.020182 0.037842
0 0.902181 0.058228 0.051107 0.014893
0 0.919596 0.300415 0.016276 0.046143
0 0.882161 0.142822 0.059896 0.012207
0 0.679525 0.652954 0.022461 0.032471
0 0.383138 0.168945 0.041016 0.017578
0 0.699056 0.482056 0.019857 0.034424
0 0.492513 0.751953 0.057943 0.011719
0 0.456055 0.079102 0.068359 0.009766
0 0.377930 0.584229 0.016276 0.041016
0 0.825846 0.349854 0.016276 0.041016
0 0.229980 0.679932 0.019206 0.034668
0 0.754232 0.710205 0.012370 0.053223
0 0.278971 0.851807 0.013021 0.050293
0 0.520182 0.342041 0.065104 0.009766
0 0.155762 0.710571 0.016602 0.038330
0 0.148763 0.421143 0.037109 0.017090
0 0.180013 0.707886 0.016276 0.038330
0 0.752441 0.095947 0.022461 0.027832
0 0.939941 0.906860 0.064128 0.009033
0 0.206055 0.408447 0.013021 0.043457
0 0.278483 0.446167 0.012044 0.046143
0 0.881348 0.369385 0.016602 0.033203
0 0.191732 0.126587 0.012370 0.042236
0 0.821452 0.388672 0.014648 0.035156
0 0.229492 0.437134 0.018229 0.028076
0 0.574056 0.964355 0.019857 0.025391
0 0.370931 0.560181 0.058268 0.008545
0 0.556641 0.378174 0.013021 0.036621
0 0.162760 0.859985 0.044271 0.009033
0 0.385742 0.513916 0.011068 0.035645
0 0.883138 0.280151 0.033854 0.010986
0 0.799805 0.129761 0.013021 0.028076
0 0.501302 0.512695 0.013021 0.017578
0 0.004232 0.417847 0.005208 0.020752
