0 0.258138 0.659424 0.151693 0.045410
0 0.395345 0.379761 0.071940 0.090576
0 0.641276 0.809448 0.119792 0.043701
0 0.897135 0.740479 0.054688 0.082520
0 0.496908 0.469604 0.108398 0.035889
0 0.393555 0.921509 0.096354 0.038330
0 0.575846 0.894165 0.093099 0.035889
0 0.528971 0.286133 0.096354 0.033203
0 0.395182 0.483398 0.085938 0.037109
0 0.209473 0.755859 0.047852 0.066406
0 0.377930 0.740479 0.120443 0.025391
0 0.683594 0.412354 0.044271 0.066895
0 0.565430 0.056885 0.044271 0.064453
0 0.404785 0.223633 0.084310 0.033203
0 0.347656 0.858887 0.080729 0.033203
0 0.426432 0.119385 0.044271 0.059082
0 0.501139 0.847900 0.082357 0.031738
0 0.523275 0.226196 0.092122 0.028076
0 0.617025 0.788696 0.092122 0.028076
0 0.220866 0.555664 0.042643 0.056641
0 0.398763 0.791260 0.072266 0.033203
0 0.535807 0.769775 0.075521 0.031738
0 0.681803 0.519043 0.040690 0.056641
0 0.495931 0.504761 0.099935 0.022705
0 0.673014 0.299072 0.030273 0.074707
0 0.725098 0.418823 0.037435 0.059326
0 0.567057 0.489136 0.075521 0.028076
0 0.665690 0.705322 0.091797 0.022949
0 0.516764 0.909180 0.071940 0.029297
0 0.249512 0.091309 0.071940 0.029297
0 0.641764 0.414307 0.037435 0.055176
0 0.254232 0.758667 0.039714 0.051514
0 0.690104 0.852539 0.078125 0.025391
0 0.603190 0.853760 0.070964 0.027832
0 0.636719 0.776978 0.096354 0.020264
0 0.883138 0.601074 0.110026 0.017578
0 0.214681 0.511353 0.037435 0.051514
0 0.877930 0.722290 0.037109 0.051514
0 0.700846 0.519165 0.037109 0.051514
0 0.860677 0.831055 0.065104 0.029297
0 0.860514 0.420776 0.113607 0.016357
0 0.178385 0.588135 0.033854 0.054199
0 0.805013 0.058105 0.072266 0.025391
0 0.478516 0.668823 0.065104 0.028076
0 0.405599 0.386353 0.023438 0.077393
0 0.778971 0.241455 0.082682 0.021973
0 0.750814 0.718994 0.032878 0.055176
0 0.824219 0.366211 0.033854 0.052734
0 0.563314 0.729126 0.032878 0.053467
0 0.721680 0.728760 0.023438 0.074707
0 0.577637 0.119385 0.061523 0.027832
0 0.276693 0.914917 0.036458 0.046143
0 0.146973 0.093628 0.089518 0.018311
0 0.784180 0.319946 0.023438 0.069580
0 0.546387 0.796753 0.027018 0.059814
0 0.532064 0.162354 0.032878 0.046387
0 0.199056 0.393799 0.027018 0.056152
0 0.235677 0.817383 0.085938 0.017578
0 0.430013 0.822510 0.065104 0.022949
0 0.536784 0.705322 0.083984 0.017578
0 0.660807 0.575073 0.033854 0.043701
0 0.917969 0.306885 0.033854 0.043457
0 0.775553 0.291260 0.027018 0.054199
0 0.627930 0.375854 0.072266 0.020264
0 0.280762 0.917603 0.071940 0.020264
0 0.714844 0.318604 0.023438 0.062012
0 0.259440 0.413574 0.029297 0.048828
0 0.310221 0.693604 0.054688 0.025391
0 0.459635 0.529541 0.033854 0.041016
0 0.522135 0.603760 0.075521 0.017578
0 0.549805 0.874512 0.075521 0.017578
0 0.775553 0.622070 0.027018 0.048828
0 0.395345 0.343262 0.071940 0.017578
0 0.610514 0.885010 0.071940 0.017578
0 0.836263 0.516602 0.030599 0.041016
0 0.504557 0.793213 0.075521 0.016113
0 0.271973 0.127930 0.027018 0.044922
0 0.271973 0.046387 0.068685 0.017578
0 0.440430 0.619629 0.051432 0.023438
0 0.684408 0.059448 0.053060 0.022705
0 0.862305 0.601196 0.020182 0.059326
0 0.674316 0.472290 0.019206 0.061768
0 0.398763 0.763916 0.057943 0.020020
0 0.270345 0.335571 0.051107 0.022705
0 0.725098 0.874634 0.051107 0.022705
0 0.352702 0.136353 0.077148 0.014893
0 0.758138 0.894043 0.020182 0.056641
0 0.903971 0.915039 0.020182 0.056641
0 0.831055 0.459229 0.020182 0.056641
0 0.514160 0.535400 0.053060 0.021484
0 0.785482 0.687134 0.026042 0.043701
0 0.855306 0.185791 0.019857 0.056641
0 0.917969 0.818604 0.054688 0.020020
0 0.726400 0.610352 0.019206 0.056641
0 0.435221 0.262695 0.061849 0.017578
0 0.313639 0.939697 0.061523 0.017578
0 0.482910 0.927979 0.053060 0.020020
0 0.215495 0.180664 0.018229 0.056641
0 0.898763 0.296509 0.023438 0.043701
0 0.766764 0.450195 0.058268 0.017578
0 0.574056 0.621704 0.027018 0.037842
0 0.648763 0.853760 0.023438 0.043457
0 0.333659 0.627563 0.052734 0.018311
0 0.751302 0.780762 0.054688 0.017578
0 0.746094 0.532227 0.023438 0.041016
0 0.843099 0.661987 0.023438 0.040283
0 0.924805 0.883667 0.020182 0.046143
0 0.900553 0.146729 0.019857 0.046387
0 0.775553 0.536987 0.019857 0.045654
0 0.166992 0.552979 0.025391 0.035645
0 0.608887 0.460449 0.027018 0.033203
0 0.391764 0.559204 0.016602 0.053467
0 0.811035 0.557861 0.021810 0.040527
0 0.851888 0.345947 0.020182 0.043457
0 0.567220 0.468384 0.019857 0.043701
0 0.869303 0.744385 0.019857 0.043457
0 0.537598 0.347290 0.016602 0.051514
0 0.433431 0.699707 0.071940 0.011719
0 0.778971 0.161133 0.047526 0.017578
0 0.429688 0.149048 0.057292 0.014404
0 0.015137 0.321289 0.019857 0.041016
0 0.181641 0.847290 0.054688 0.014893
0 0.657389 0.042480 0.019857 0.041016
0 0.471680 0.770386 0.065104 0.012451
0 0.570150 0.142212 0.019206 0.042236
0 0.664388 0.882080 0.047526 0.017090
0 0.742513 0.155762 0.016276 0.048828
0 0.173503 0.067261 0.017578 0.043701
0 0.430013 0.172729 0.051432 0.014893
0 0.167806 0.585571 0.019857 0.038330
0 0.257650 0.611572 0.060872 0.012207
0 0.180013 0.315430 0.016276 0.044922
0 0.485514 0.116821 0.016602 0.043701
0 0.188639 0.623291 0.047852 0.015137
0 0.857096 0.491089 0.016276 0.042236
0 0.410807 0.694946 0.054688 0.012451
0 0.280762 0.531860 0.071940 0.009033
0 0.830566 0.327026 0.040039 0.016357
0 0.291178 0.418823 0.051107 0.012451
0 0.689941 0.827759 0.022461 0.028076
0 0.889648 0.400635 0.018880 0.033203
0 0.780273 0.926636 0.050130 0.012451
0 0.810221 0.618042 0.020182 0.030518
0 0.509766 0.581299 0.065104 0.009277
0 0.766276 0.335571 0.015625 0.038330
0 0.263346 0.097900 0.037109 0.016113
0 0.646647 0.480103 0.040039 0.014893
0 0.838053 0.892822 0.047852 0.012207
0 0.427734 0.246948 0.046875 0.012451
0 0.681803 0.432617 0.019857 0.029297
0 0.754557 0.617065 0.013021 0.044189
0 0.293294 0.129395 0.020833 0.027344
0 0.884440 0.883667 0.015625 0.035889
0 0.876139 0.338135 0.019857 0.027832
0 0.596680 0.907227 0.051432 0.009766
0 0.479492 0.710571 0.039062 0.012451
0 0.643555 0.677979 0.013021 0.035645
0 0.663574 0.835571 0.011393 0.038330
0 0.740885 0.418945 0.013021 0.033203
0 0.889323 0.025635 0.018229 0.022949
0 0.907552 0.316040 0.013021 0.030518
0 0.702474 0.192871 0.013021 0.029297
0 0.239909 0.126587 0.031901 0.010986
0 0.181641 0.857422 0.013021 0.019531
0 0.657552 0.010010 0.013021 0.017578
0 0.985189 0.332886 0.008789 0.012451
