0 0.065430 0.029175 0.127604 0.055908
0 0.396973 0.848877 0.124023 0.054688
0 0.714681 0.160400 0.134440 0.042480
0 0.223307 0.157227 0.138021 0.041016
0 0.568848 0.702637 0.113607 0.048828
0 0.508138 0.550049 0.061849 0.082031
0 0.200521 0.424072 0.057292 0.069824
0 0.700846 0.547729 0.051432 0.077393
0 0.150553 0.737915 0.047852 0.082764
0 0.553223 0.214478 0.124023 0.030518
0 0.482096 0.234009 0.093099 0.038330
0 0.602376 0.305664 0.048503 0.072266
0 0.473307 0.797729 0.096354 0.035889
0 0.489909 0.500854 0.094401 0.035889
0 0.815430 0.267822 0.099609 0.033203
0 0.468262 0.470947 0.051107 0.064453
0 0.884928 0.094604 0.051107 0.061768
0 0.341146 0.763306 0.088542 0.034424
0 0.254720 0.769165 0.047852 0.061768
0 0.403971 0.258789 0.110026 0.025391
0 0.555013 0.622681 0.078776 0.034424
0 0.251139 0.583618 0.040690 0.065674
0 0.290202 0.386230 0.035482 0.072266
0 0.306803 0.605103 0.027018 0.093018
0 0.851888 0.193604 0.096354 0.025391
0 0.203451 0.899414 0.042318 0.056641
0 0.322428 0.900635 0.071940 0.033203
0 0.270345 0.675293 0.092773 0.025391
0 0.714681 0.313477 0.092773 0.025391
0 0.301107 0.754761 0.043620 0.053955
0 0.381348 0.846680 0.079102 0.029297
0 0.177409 0.215698 0.080729 0.028076
0 0.586263 0.800415 0.072266 0.030518
0 0.559408 0.071289 0.084310 0.025391
0 0.351888 0.302979 0.041016 0.051270
0 0.129720 0.842041 0.027018 0.077637
0 0.405762 0.692261 0.037435 0.053955
0 0.741536 0.056885 0.070312 0.027832
0 0.740885 0.302979 0.033854 0.056641
0 0.651367 0.726196 0.083984 0.022705
0 0.716471 0.192261 0.082682 0.022705
0 0.789388 0.918823 0.082682 0.022705
0 0.291178 0.806885 0.079102 0.022949
0 0.646973 0.162354 0.027018 0.066895
0 0.315430 0.175049 0.072266 0.024902
0 0.862305 0.943604 0.068359 0.025391
0 0.745931 0.097290 0.037435 0.046143
0 0.705241 0.823730 0.066732 0.025391
0 0.435221 0.403320 0.033854 0.048828
0 0.297201 0.409180 0.035807 0.044922
0 0.431803 0.213135 0.027018 0.059082
0 0.412760 0.099854 0.023438 0.066895
0 0.682617 0.278198 0.035807 0.043701
0 0.544596 0.754883 0.085938 0.017578
0 0.523763 0.218384 0.065104 0.022705
0 0.822428 0.033447 0.030273 0.048828
0 0.756836 0.527954 0.086589 0.016846
0 0.754720 0.382446 0.027018 0.053955
0 0.886719 0.168457 0.033854 0.042969
0 0.547689 0.909790 0.071289 0.020264
0 0.405762 0.154175 0.058268 0.024658
0 0.692220 0.327759 0.019857 0.069580
0 0.869303 0.503174 0.027018 0.050781
0 0.324056 0.693604 0.089518 0.015137
0 0.608724 0.349243 0.054688 0.024170
0 0.550618 0.546509 0.056315 0.022705
0 0.814616 0.515259 0.056315 0.022705
0 0.291016 0.627197 0.023438 0.054199
0 0.704264 0.747070 0.071940 0.017578
0 0.773763 0.712769 0.023438 0.053467
0 0.426432 0.766479 0.023438 0.051514
0 0.383138 0.780884 0.020182 0.059326
0 0.730306 0.348877 0.019857 0.060059
0 0.589681 0.191040 0.079102 0.014893
0 0.575846 0.206665 0.078776 0.014893
0 0.680013 0.222290 0.057943 0.020264
0 0.502930 0.738525 0.072266 0.016113
0 0.211263 0.332642 0.030599 0.037842
0 0.142578 0.826416 0.018229 0.062012
0 0.456055 0.789917 0.075521 0.014893
0 0.625326 0.760620 0.059896 0.018799
0 0.778158 0.860229 0.073893 0.014893
0 0.266927 0.761353 0.023438 0.046143
0 0.704264 0.278320 0.016602 0.064453
0 0.548014 0.719604 0.071940 0.014893
0 0.613932 0.570923 0.023438 0.045654
0 0.285970 0.967041 0.068685 0.015137
0 0.452637 0.052979 0.068685 0.015137
0 0.287272 0.193237 0.071289 0.014404
0 0.603678 0.174072 0.058268 0.017578
0 0.174805 0.663574 0.020182 0.048828
0 0.357096 0.943604 0.065104 0.015137
0 0.887858 0.467041 0.064128 0.015137
0 0.634766 0.328979 0.065104 0.014893
0 0.787760 0.196167 0.065104 0.014893
0 0.659180 0.282227 0.023438 0.041016
0 0.853190 0.068604 0.022786 0.041016
0 0.206055 0.844604 0.020182 0.046143
0 0.214193 0.644775 0.057292 0.016113
0 0.841471 0.961792 0.061849 0.014893
0 0.723470 0.094604 0.019857 0.046143
0 0.360677 0.470947 0.023438 0.038574
0 0.294596 0.144165 0.044271 0.020264
0 0.740723 0.382446 0.019857 0.043701
0 0.787760 0.055542 0.023438 0.035889
0 0.269857 0.869141 0.070964 0.011719
0 0.369303 0.219727 0.019857 0.041016
0 0.377930 0.538696 0.065104 0.012451
0 0.145345 0.562012 0.016602 0.048828
0 0.262858 0.523071 0.064128 0.012451
0 0.259766 0.507324 0.044271 0.017578
0 0.766764 0.331665 0.016602 0.046143
0 0.219889 0.510010 0.061523 0.012207
0 0.465983 0.359009 0.019206 0.038330
0 0.796224 0.336182 0.013021 0.055176
0 0.319010 0.128540 0.023438 0.030518
0 0.570150 0.132324 0.040039 0.017578
0 0.233887 0.367676 0.019857 0.035156
0 0.433594 0.086182 0.023438 0.029297
0 0.883138 0.395508 0.020182 0.033203
0 0.798177 0.443604 0.044271 0.015137
0 0.608724 0.031738 0.013021 0.050781
0 0.499512 0.726196 0.051107 0.012451
0 0.570638 0.808228 0.041016 0.014893
0 0.653971 0.039917 0.013021 0.046143
0 0.619141 0.496582 0.013021 0.042969
0 0.535970 0.398071 0.019857 0.028076
0 0.865723 0.278198 0.019857 0.028076
0 0.441243 0.067261 0.042643 0.012451
0 0.387533 0.072510 0.042643 0.012207
0 0.876302 0.685181 0.013021 0.039795
0 0.633138 0.541504 0.013021 0.039062
0 0.915690 0.286987 0.015625 0.030029
0 0.462565 0.027222 0.012370 0.036377
0 0.900065 0.289917 0.012370 0.035889
0 0.867513 0.369141 0.016276 0.027344
0 0.176595 0.476562 0.051107 0.007812
0 0.913900 0.199829 0.012044 0.032471
0 0.114095 0.226196 0.030273 0.012451
0 0.805013 0.148071 0.016276 0.022705
0 0.874023 0.062134 0.029297 0.012451
0 0.772135 0.373291 0.013021 0.025391
0 0.562012 0.151855 0.030273 0.009766
0 0.006022 0.420166 0.008789 0.025391
