0 0.901367 0.872559 0.063151 0.107422
0 0.945638 0.822510 0.061849 0.085449
0 0.329264 0.235229 0.051107 0.077393
0 0.601888 0.516479 0.054688 0.067139
0 0.282552 0.271729 0.054688 0.066895
0 0.795898 0.339478 0.046875 0.077393
0 0.652181 0.292603 0.051107 0.067139
0 0.402344 0.637573 0.085938 0.038330
0 0.190430 0.289673 0.044271 0.071533
0 0.607910 0.844604 0.045898 0.067139
0 0.445638 0.547852 0.033854 0.087891
0 0.431641 0.703979 0.096354 0.030518
0 0.463053 0.193604 0.082357 0.035645
0 0.476888 0.065308 0.041016 0.071045
0 0.574056 0.957520 0.103190 0.027344
0 0.570638 0.218262 0.082682 0.033203
0 0.833659 0.435791 0.046224 0.056641
0 0.693522 0.093384 0.043294 0.059326
0 0.581055 0.895386 0.089193 0.028076
0 0.802409 0.748291 0.080729 0.030762
0 0.367513 0.907227 0.023438 0.103516
0 0.489095 0.524292 0.037435 0.061768
0 0.596680 0.661011 0.037109 0.059326
0 0.633952 0.604492 0.035482 0.060547
0 0.634440 0.249268 0.078125 0.027344
0 0.891764 0.074829 0.030273 0.069092
0 0.411784 0.229736 0.070312 0.029785
0 0.578451 0.490845 0.035807 0.057373
0 0.459635 0.502197 0.033854 0.059082
0 0.471354 0.551636 0.036458 0.053955
0 0.833659 0.346680 0.031901 0.060547
0 0.256348 0.177979 0.037435 0.051270
0 0.777181 0.661743 0.079102 0.024170
0 0.534180 0.758667 0.037109 0.051514
0 0.697428 0.555176 0.037435 0.050781
0 0.718262 0.305542 0.030273 0.061768
0 0.405762 0.464111 0.030273 0.061035
0 0.645182 0.632446 0.065104 0.028076
0 0.426595 0.892822 0.037435 0.048828
0 0.391764 0.655762 0.099935 0.017578
0 0.805013 0.817017 0.078776 0.022217
0 0.763346 0.339355 0.030599 0.056641
0 0.639648 0.484009 0.074870 0.022705
0 0.897461 0.632080 0.076172 0.021973
0 0.923014 0.431885 0.030273 0.054199
0 0.350098 0.908447 0.092773 0.017578
0 0.302897 0.429199 0.032878 0.048828
0 0.690430 0.208862 0.065104 0.024658
0 0.817220 0.431641 0.027018 0.058594
0 0.421224 0.375854 0.033854 0.046143
0 0.431641 0.417603 0.033854 0.046143
0 0.778971 0.810181 0.082682 0.018799
0 0.612305 0.537720 0.026693 0.057373
0 0.763346 0.463135 0.023438 0.064453
0 0.737305 0.299072 0.020182 0.074707
0 0.627930 0.648071 0.065104 0.022705
0 0.470052 0.592041 0.096354 0.015137
0 0.327148 0.505493 0.060547 0.024170
0 0.492188 0.815918 0.057292 0.025391
0 0.508138 0.312134 0.026693 0.053955
0 0.377930 0.865234 0.072266 0.019531
0 0.315430 0.368042 0.030599 0.046143
0 0.261556 0.739136 0.061523 0.022705
0 0.791178 0.681885 0.079102 0.017578
0 0.518555 0.503418 0.033854 0.041016
0 0.897135 0.831543 0.054688 0.025391
0 0.789388 0.880493 0.026693 0.050049
0 0.755534 0.253540 0.028646 0.046143
0 0.459635 0.448120 0.054688 0.024170
0 0.725260 0.511353 0.065104 0.020264
0 0.798177 0.209229 0.065104 0.020020
0 0.780599 0.193604 0.065104 0.020020
0 0.351888 0.416260 0.026693 0.048828
0 0.653971 0.153320 0.026693 0.048828
0 0.548014 0.587524 0.030273 0.042236
0 0.289388 0.696899 0.026693 0.047607
0 0.360677 0.621948 0.023438 0.053955
0 0.726888 0.167603 0.061849 0.020264
0 0.417806 0.578979 0.027018 0.046143
0 0.576172 0.401245 0.031250 0.039795
0 0.257161 0.263916 0.018229 0.066895
0 0.928223 0.122559 0.027018 0.044922
0 0.206055 0.497070 0.068359 0.017578
0 0.817220 0.912109 0.061523 0.019531
0 0.600098 0.123291 0.058268 0.020020
0 0.678223 0.691895 0.027018 0.042969
0 0.334147 0.684082 0.019206 0.058594
0 0.674805 0.930542 0.075521 0.014893
0 0.748535 0.506104 0.056315 0.020020
0 0.452637 0.313110 0.027018 0.040283
0 0.892578 0.200073 0.018229 0.059326
0 0.919596 0.292603 0.023438 0.046143
0 0.566243 0.941040 0.053060 0.020264
0 0.622396 0.422852 0.026042 0.041016
0 0.170898 0.177979 0.026042 0.041016
0 0.883138 0.160034 0.020182 0.052002
0 0.565104 0.498291 0.015625 0.066895
0 0.924805 0.312988 0.020182 0.050781
0 0.865723 0.245728 0.019857 0.051514
0 0.884766 0.786011 0.023438 0.043701
0 0.582845 0.924072 0.058268 0.017578
0 0.530762 0.397949 0.058268 0.017578
0 0.819661 0.061768 0.059896 0.017090
0 0.471680 0.220703 0.023438 0.042969
0 0.174479 0.525635 0.026042 0.038574
0 0.760742 0.036377 0.018229 0.054688
0 0.506348 0.904297 0.051107 0.019531
0 0.465983 0.146729 0.019206 0.051270
0 0.645345 0.738892 0.058268 0.016846
0 0.626139 0.506470 0.027018 0.036377
0 0.367513 0.364502 0.023438 0.040527
0 0.367513 0.492798 0.023438 0.040283
0 0.766439 0.102539 0.022461 0.041016
0 0.797689 0.492798 0.022461 0.040283
0 0.895345 0.257080 0.016602 0.053223
0 0.588053 0.608643 0.027018 0.032715
0 0.388346 0.473511 0.016276 0.053955
0 0.820150 0.793457 0.074544 0.011719
0 0.311849 0.069336 0.023438 0.037109
0 0.499349 0.353027 0.023438 0.037109
0 0.522949 0.608276 0.014648 0.057861
0 0.658691 0.431519 0.050456 0.016846
0 0.639323 0.846680 0.018229 0.044922
0 0.558105 0.159790 0.022461 0.035889
0 0.290690 0.763916 0.015625 0.051270
0 0.539388 0.531494 0.020182 0.039551
0 0.850260 0.564697 0.065104 0.012207
0 0.242513 0.072510 0.044271 0.017578
0 0.153971 0.093384 0.020182 0.038330
0 0.519368 0.094971 0.014648 0.052246
0 0.610677 0.376953 0.065104 0.011719
0 0.759928 0.774292 0.051107 0.014893
0 0.627930 0.067017 0.023438 0.032471
0 0.821615 0.266479 0.049479 0.014893
0 0.833659 0.119385 0.059896 0.012207
0 0.737305 0.539917 0.020182 0.035889
0 0.349609 0.066040 0.015625 0.046143
0 0.605306 0.097290 0.047852 0.014893
0 0.626139 0.693604 0.019857 0.035645
0 0.683431 0.593994 0.051107 0.013672
0 0.450846 0.157837 0.016276 0.042236
0 0.134928 0.534424 0.016602 0.040527
0 0.956055 0.872070 0.020182 0.033203
0 0.294596 0.365479 0.016276 0.041016
0 0.563802 0.728760 0.054688 0.012207
0 0.606283 0.144165 0.021810 0.030518
0 0.818034 0.284790 0.021484 0.030518
0 0.555013 0.101196 0.051432 0.012451
0 0.928223 0.719604 0.019857 0.030518
0 0.608887 0.196289 0.061523 0.009766
0 0.658854 0.187134 0.015625 0.038330
0 0.907389 0.575073 0.047852 0.012451
0 0.605306 0.062134 0.019857 0.028076
0 0.582845 0.589111 0.058268 0.009277
0 0.551107 0.413574 0.015625 0.033203
0 0.348470 0.381104 0.019857 0.025391
0 0.806803 0.776855 0.019857 0.025391
0 0.811523 0.229492 0.036458 0.013672
0 0.598470 0.791260 0.040690 0.012207
0 0.667806 0.760010 0.040690 0.012207
0 0.471680 0.907104 0.016276 0.030518
0 0.853678 0.292236 0.051107 0.009277
0 0.722493 0.325073 0.011393 0.038330
0 0.541178 0.595581 0.016602 0.026123
0 0.923014 0.758789 0.016602 0.025391
0 0.799805 0.169189 0.013021 0.028809
0 0.544596 0.629761 0.016276 0.022705
0 0.581055 0.552368 0.041016 0.008545
0 0.681315 0.308105 0.012370 0.025391
0 0.223307 0.471558 0.033854 0.008545
0 0.376302 0.525635 0.013021 0.017578
