0 0.233887 0.706665 0.068685 0.093018
0 0.640462 0.240479 0.111003 0.046387
0 0.271159 0.375244 0.059896 0.076172
0 0.242513 0.154175 0.093099 0.040283
0 0.667480 0.649292 0.053711 0.067139
0 0.410970 0.905884 0.047852 0.074951
0 0.707682 0.405762 0.044271 0.080078
0 0.303223 0.635010 0.040690 0.085449
0 0.254720 0.928589 0.047852 0.063232
0 0.167969 0.611572 0.033854 0.085449
0 0.501628 0.294434 0.097005 0.029297
0 0.454264 0.386353 0.092773 0.030518
0 0.475098 0.852417 0.030273 0.093018
0 0.325846 0.043945 0.078776 0.033203
0 0.287598 0.911011 0.037435 0.069580
0 0.358887 0.912598 0.082357 0.031250
0 0.327474 0.872314 0.075521 0.033691
0 0.556641 0.642822 0.033854 0.074707
0 0.591471 0.861572 0.075521 0.033203
0 0.475098 0.893433 0.037435 0.065674
0 0.671387 0.127197 0.040690 0.059082
0 0.469889 0.165039 0.040690 0.056641
0 0.357096 0.482666 0.037109 0.062012
0 0.475911 0.666016 0.039062 0.058594
0 0.244629 0.846558 0.034831 0.065674
0 0.327637 0.063477 0.089518 0.025391
0 0.665202 0.371338 0.077148 0.029297
0 0.593262 0.238281 0.071940 0.031250
0 0.838053 0.424072 0.040690 0.054199
0 0.534180 0.360229 0.072266 0.030518
0 0.556641 0.903198 0.075521 0.028076
0 0.905762 0.806274 0.079102 0.026611
0 0.810221 0.586914 0.082682 0.025391
0 0.514648 0.683228 0.026042 0.077393
0 0.431641 0.806885 0.033854 0.059082
0 0.894857 0.028198 0.036458 0.053955
0 0.868815 0.559448 0.067708 0.028076
0 0.125326 0.176636 0.067057 0.028076
0 0.445638 0.249634 0.020182 0.090576
0 0.386719 0.874634 0.033854 0.053955
0 0.275391 0.301636 0.033854 0.053955
0 0.843262 0.103760 0.079102 0.022949
0 0.666178 0.883423 0.071940 0.024658
0 0.322428 0.233887 0.099935 0.017578
0 0.478190 0.116699 0.098958 0.017578
0 0.699056 0.177979 0.068685 0.025391
0 0.516276 0.209229 0.036458 0.046387
0 0.548503 0.342041 0.065755 0.025391
0 0.834635 0.176758 0.033854 0.048828
0 0.909180 0.564331 0.030599 0.053467
0 0.419596 0.552979 0.030599 0.051270
0 0.886719 0.313354 0.033854 0.046143
0 0.923014 0.720337 0.058268 0.026611
0 0.426595 0.855713 0.071940 0.021484
0 0.914388 0.677979 0.026693 0.056641
0 0.671224 0.601196 0.033854 0.043701
0 0.832845 0.205322 0.030273 0.048828
0 0.626302 0.263672 0.075521 0.019531
0 0.324219 0.095703 0.033854 0.042969
0 0.330241 0.430298 0.025065 0.057373
0 0.808431 0.261963 0.030273 0.047363
0 0.668620 0.566040 0.070312 0.020264
0 0.615885 0.791260 0.075521 0.017578
0 0.761719 0.450195 0.075521 0.017578
0 0.664062 0.860229 0.088542 0.014893
0 0.545410 0.698730 0.032227 0.041016
0 0.381510 0.090698 0.023438 0.053955
0 0.202637 0.811401 0.019857 0.063232
0 0.555827 0.713135 0.053060 0.022949
0 0.552734 0.278809 0.088542 0.013672
0 0.607910 0.364136 0.053060 0.022705
0 0.531087 0.422729 0.079753 0.014893
0 0.157389 0.098511 0.027018 0.043701
0 0.884928 0.453979 0.058268 0.020264
0 0.511719 0.905273 0.054688 0.021484
0 0.565430 0.510620 0.023438 0.050049
0 0.485514 0.435791 0.058268 0.020020
0 0.752930 0.869385 0.023438 0.048828
0 0.482096 0.268799 0.057943 0.019531
0 0.708659 0.356689 0.025391 0.044434
0 0.275553 0.511230 0.019857 0.056641
0 0.244141 0.797729 0.075521 0.014893
0 0.756836 0.414917 0.072917 0.014893
0 0.832682 0.368042 0.023438 0.046143
0 0.731771 0.083496 0.078125 0.013672
0 0.635742 0.594727 0.025391 0.041016
0 0.886719 0.172119 0.054688 0.019043
0 0.589681 0.612915 0.016602 0.061768
0 0.854492 0.628174 0.025391 0.040527
0 0.386719 0.963745 0.054688 0.018799
0 0.160970 0.628540 0.019857 0.051514
0 0.811849 0.046509 0.023438 0.043701
0 0.784180 0.537354 0.016276 0.062012
0 0.855306 0.880493 0.019857 0.050049
0 0.174805 0.593262 0.020182 0.048828
0 0.449056 0.560425 0.027018 0.036377
0 0.278971 0.067383 0.054688 0.017578
0 0.544596 0.517212 0.016276 0.057861
0 0.124512 0.881104 0.016602 0.056641
0 0.850260 0.070923 0.065104 0.014404
0 0.143066 0.551758 0.019206 0.048828
0 0.494303 0.073853 0.061523 0.014893
0 0.732096 0.272949 0.051432 0.017578
0 0.506348 0.210571 0.071940 0.012451
0 0.582845 0.872070 0.051107 0.017578
0 0.626302 0.095337 0.054688 0.016357
0 0.820638 0.392822 0.026693 0.033203
0 0.347982 0.277588 0.054036 0.016113
0 0.721191 0.138916 0.043294 0.020020
0 0.430990 0.297485 0.059896 0.014404
0 0.723470 0.762573 0.068685 0.012451
0 0.917806 0.376953 0.019857 0.042969
0 0.634766 0.409790 0.023438 0.035889
0 0.412760 0.528931 0.044271 0.018799
0 0.595052 0.894165 0.054688 0.014893
0 0.400391 0.128540 0.054688 0.014893
0 0.870931 0.228760 0.016602 0.048828
0 0.405762 0.444824 0.016602 0.048828
0 0.502930 0.538696 0.065104 0.012451
0 0.558919 0.138184 0.017578 0.044922
0 0.136719 0.289673 0.054688 0.014404
0 0.435710 0.888550 0.013997 0.055908
0 0.643555 0.338135 0.020182 0.038574
0 0.683594 0.632324 0.023438 0.033203
0 0.460449 0.310059 0.014648 0.052734
0 0.775553 0.713135 0.019857 0.038574
0 0.325358 0.939697 0.043294 0.017578
0 0.301595 0.851196 0.016602 0.043701
0 0.421387 0.088135 0.040690 0.017578
0 0.355306 0.129883 0.040690 0.017578
0 0.530762 0.885010 0.058268 0.012207
0 0.577637 0.886353 0.047852 0.014893
0 0.183431 0.036621 0.051107 0.013672
0 0.502441 0.508667 0.022461 0.030518
0 0.879557 0.465698 0.054688 0.012451
0 0.551107 0.348877 0.050130 0.013184
0 0.884440 0.153198 0.022786 0.028076
0 0.440430 0.325073 0.016276 0.038330
0 0.617513 0.697144 0.016276 0.037842
0 0.680013 0.424805 0.044271 0.013672
0 0.655762 0.385986 0.016602 0.035156
0 0.778971 0.642822 0.047526 0.012207
0 0.872721 0.541016 0.020182 0.027344
0 0.846680 0.549072 0.044271 0.012207
0 0.289388 0.097168 0.013021 0.041016
0 0.438639 0.504761 0.040690 0.012451
0 0.823730 0.485352 0.012044 0.041016
0 0.845052 0.349487 0.013021 0.036377
0 0.631348 0.536011 0.016602 0.028076
0 0.840658 0.505127 0.011393 0.039062
0 0.522135 0.507324 0.013021 0.033203
0 0.252930 0.013916 0.016276 0.025391
0 0.916992 0.813477 0.031901 0.009766
0 0.131348 0.198730 0.030273 0.009766
0 0.150553 0.064331 0.040690 0.006592
0 0.980469 0.272949 0.013021 0.017578
