0 0.451660 0.921509 0.115560 0.053955
0 0.523763 0.585449 0.113932 0.048828
0 0.161296 0.641479 0.118164 0.046143
0 0.239095 0.894775 0.058268 0.091797
0 0.302409 0.630737 0.046224 0.092529
0 0.850098 0.571289 0.099935 0.041016
0 0.903971 0.873291 0.041016 0.098145
0 0.805013 0.750854 0.099609 0.035889
0 0.153971 0.332886 0.047526 0.074951
0 0.667806 0.581909 0.047852 0.072998
0 0.294596 0.776611 0.051432 0.066406
0 0.867513 0.794556 0.051432 0.065674
0 0.648763 0.755371 0.113932 0.029297
0 0.723470 0.186157 0.047852 0.067627
0 0.792969 0.723145 0.117188 0.027344
0 0.601888 0.516479 0.089193 0.035889
0 0.579264 0.270142 0.037435 0.079346
0 0.133138 0.394043 0.041016 0.072266
0 0.674805 0.208618 0.033854 0.081299
0 0.193848 0.263306 0.079102 0.034424
0 0.485677 0.059814 0.044271 0.060059
0 0.784180 0.474243 0.037109 0.071045
0 0.186849 0.874634 0.044271 0.059326
0 0.796387 0.635010 0.040690 0.064453
0 0.805827 0.524414 0.045898 0.056641
0 0.318848 0.112915 0.079102 0.030518
0 0.731283 0.055542 0.077148 0.030518
0 0.250651 0.763916 0.026042 0.087891
0 0.249349 0.298462 0.085938 0.026611
0 0.657552 0.398682 0.033854 0.065918
0 0.733887 0.764526 0.082357 0.026611
0 0.494303 0.652954 0.040690 0.053467
0 0.757324 0.905884 0.073893 0.028076
0 0.348470 0.454102 0.027018 0.072266
0 0.626139 0.764893 0.110352 0.017090
0 0.601400 0.064697 0.081706 0.022949
0 0.329264 0.047852 0.071940 0.025391
0 0.794596 0.280884 0.030599 0.059326
0 0.454264 0.760010 0.079102 0.022949
0 0.464355 0.909424 0.092122 0.019531
0 0.877930 0.491089 0.030599 0.057861
0 0.267741 0.556885 0.032227 0.054199
0 0.230306 0.076416 0.068685 0.025391
0 0.393555 0.076416 0.068359 0.025391
0 0.711263 0.505737 0.037109 0.045654
0 0.478516 0.374634 0.023438 0.069580
0 0.495931 0.812134 0.071940 0.022705
0 0.593262 0.442261 0.071940 0.022705
0 0.715983 0.835449 0.032878 0.048828
0 0.244141 0.511353 0.033854 0.046143
0 0.523763 0.183838 0.057943 0.026855
0 0.761068 0.632446 0.026042 0.059326
0 0.620931 0.534424 0.030273 0.050781
0 0.235677 0.819824 0.023438 0.064453
0 0.778158 0.763916 0.032227 0.046387
0 0.577637 0.757812 0.027018 0.054688
0 0.181641 0.468384 0.033854 0.043701
0 0.614095 0.715820 0.030273 0.048828
0 0.933105 0.817383 0.029622 0.048828
0 0.631510 0.244751 0.023438 0.059814
0 0.777181 0.166260 0.079102 0.017578
0 0.719564 0.116089 0.032878 0.042236
0 0.615885 0.104980 0.033854 0.041016
0 0.396484 0.376465 0.026042 0.052734
0 0.669596 0.155884 0.030599 0.043701
0 0.419596 0.315918 0.023438 0.056641
0 0.716471 0.674072 0.075521 0.017578
0 0.176595 0.390259 0.058268 0.022705
0 0.537598 0.629761 0.030273 0.043701
0 0.423014 0.572510 0.030273 0.043457
0 0.280762 0.330322 0.030273 0.043457
0 0.601888 0.163574 0.026693 0.048828
0 0.776693 0.661011 0.057292 0.022705
0 0.791178 0.879517 0.058268 0.022217
0 0.432129 0.680542 0.027669 0.046143
0 0.759766 0.716797 0.065104 0.019531
0 0.333984 0.887695 0.026042 0.048828
0 0.537760 0.098511 0.023438 0.053955
0 0.233887 0.013916 0.082357 0.015137
0 0.629557 0.655151 0.075521 0.016357
0 0.667806 0.508423 0.019857 0.061279
0 0.685221 0.460449 0.068359 0.017578
0 0.697917 0.697510 0.052083 0.022949
0 0.516927 0.221924 0.023438 0.050781
0 0.879720 0.148071 0.027018 0.043701
0 0.641764 0.635010 0.051107 0.022949
0 0.459473 0.691895 0.019857 0.058594
0 0.437012 0.373291 0.058268 0.020020
0 0.752930 0.384644 0.051432 0.022217
0 0.137858 0.507446 0.029622 0.038330
0 0.501302 0.441040 0.075521 0.014893
0 0.140137 0.592041 0.027018 0.041016
0 0.589355 0.205322 0.022461 0.048828
0 0.663574 0.801636 0.025065 0.043701
0 0.511230 0.736572 0.060872 0.017578
0 0.438639 0.627197 0.027018 0.038574
0 0.931803 0.663696 0.027018 0.038330
0 0.211263 0.202759 0.023438 0.043701
0 0.841471 0.304321 0.026693 0.038330
0 0.895182 0.740479 0.065104 0.015137
0 0.353678 0.924805 0.071940 0.013672
0 0.877441 0.877197 0.022461 0.043457
0 0.546387 0.782104 0.047852 0.020264
0 0.598307 0.624512 0.054688 0.017578
0 0.552897 0.124878 0.019206 0.049561
0 0.692220 0.816406 0.027018 0.035156
0 0.615397 0.749512 0.053711 0.017578
0 0.914388 0.066040 0.020182 0.046143
0 0.570312 0.631104 0.026042 0.035645
0 0.664388 0.297729 0.061849 0.014893
0 0.326335 0.336914 0.022461 0.041016
0 0.470378 0.412354 0.060547 0.015137
0 0.629720 0.441040 0.019857 0.046143
0 0.812012 0.707886 0.071940 0.012451
0 0.329427 0.144165 0.044271 0.020264
0 0.232096 0.155518 0.016276 0.053223
0 0.744303 0.030762 0.047852 0.017578
0 0.212891 0.227417 0.054688 0.014893
0 0.528971 0.307495 0.020182 0.039795
0 0.646973 0.601807 0.019857 0.039551
0 0.548177 0.650635 0.044271 0.017578
0 0.574056 0.250000 0.019857 0.039062
0 0.441732 0.146729 0.018880 0.041016
0 0.292806 0.202759 0.061523 0.012451
0 0.916178 0.847290 0.016602 0.046143
0 0.572266 0.095337 0.023438 0.031982
0 0.898763 0.532837 0.044271 0.016357
0 0.117188 0.206665 0.015625 0.046143
0 0.798177 0.295166 0.023438 0.030762
0 0.594889 0.578979 0.047852 0.014893
0 0.733887 0.570801 0.019857 0.035156
0 0.770345 0.193604 0.016602 0.041016
0 0.345052 0.082886 0.054688 0.012451
0 0.613118 0.357666 0.014648 0.046387
0 0.159180 0.511230 0.016276 0.041016
0 0.657389 0.083008 0.019857 0.033203
0 0.492513 0.585571 0.051432 0.012451
0 0.462891 0.583008 0.013021 0.048828
0 0.911784 0.661621 0.021484 0.029297
0 0.200846 0.444946 0.016276 0.038330
0 0.555013 0.415894 0.037109 0.016846
0 0.690430 0.468018 0.016276 0.037598
0 0.202637 0.287354 0.019857 0.030762
0 0.141276 0.188354 0.015625 0.035889
0 0.424805 0.029541 0.054688 0.009766
0 0.803711 0.555664 0.054036 0.009766
0 0.829264 0.138916 0.016602 0.030762
0 0.831055 0.474609 0.013021 0.035156
0 0.900065 0.333984 0.012370 0.035156
0 0.798014 0.769043 0.016602 0.025391
0 0.820638 0.328979 0.013021 0.030518
0 0.802897 0.114136 0.012044 0.022705
0 0.792480 0.112915 0.012044 0.020264
0 0.006348 0.415527 0.009440 0.021484
0 0.839355 0.633423 0.022461 0.009033
0 0.982096 0.276978 0.009766 0.014893
0 0.989095 0.335571 0.009440 0.012451
0 0.466471 0.940674 0.020182 0.003906
