0 0.378255 0.280884 0.052083 0.074951
0 0.707845 0.343994 0.051107 0.076172
0 0.210449 0.525635 0.042643 0.090332
0 0.145671 0.404541 0.045247 0.082520
0 0.146973 0.657104 0.047852 0.061768
0 0.534180 0.531494 0.044271 0.065918
0 0.246094 0.786133 0.085938 0.033203
0 0.424805 0.892822 0.041016 0.064453
0 0.577474 0.710205 0.075521 0.032715
0 0.785970 0.362305 0.040690 0.060547
0 0.718099 0.504761 0.044271 0.053955
0 0.685221 0.795166 0.075521 0.030762
0 0.674805 0.090698 0.082682 0.028076
0 0.785970 0.095947 0.082357 0.027832
0 0.622721 0.498291 0.026693 0.082520
0 0.624512 0.649414 0.030273 0.072266
0 0.164388 0.776978 0.041016 0.051514
0 0.760742 0.571167 0.067057 0.030518
0 0.570638 0.382446 0.026693 0.074951
0 0.513021 0.439331 0.036458 0.053467
0 0.829264 0.793579 0.030273 0.063721
0 0.343262 0.211792 0.037435 0.051514
0 0.751302 0.920166 0.033854 0.056641
0 0.688802 0.602539 0.033854 0.056641
0 0.784180 0.930542 0.030599 0.061768
0 0.512858 0.888184 0.064128 0.029297
0 0.687826 0.830322 0.080729 0.022949
0 0.551595 0.877197 0.037435 0.048828
0 0.216471 0.201416 0.068359 0.025391
0 0.169596 0.133789 0.030599 0.056641
0 0.516927 0.853149 0.065104 0.026611
0 0.895345 0.860352 0.030273 0.056641
0 0.264648 0.484863 0.033203 0.050781
0 0.619303 0.941040 0.082357 0.020264
0 0.732096 0.681885 0.030599 0.054199
0 0.541016 0.573730 0.065104 0.025391
0 0.473470 0.194214 0.061523 0.026611
0 0.761556 0.312134 0.027018 0.059326
0 0.225098 0.884277 0.030273 0.052734
0 0.231283 0.622559 0.035482 0.044922
0 0.512044 0.503418 0.027995 0.056641
0 0.628743 0.872070 0.032227 0.048828
0 0.912760 0.799683 0.065104 0.024170
0 0.758138 0.866699 0.089193 0.017578
0 0.334635 0.795166 0.033854 0.046387
0 0.657552 0.328979 0.033854 0.046143
0 0.272135 0.441040 0.033854 0.046143
0 0.775553 0.890259 0.068685 0.022705
0 0.896484 0.364136 0.026042 0.059326
0 0.743815 0.530884 0.067708 0.022705
0 0.726888 0.179932 0.033854 0.044922
0 0.919108 0.594604 0.022461 0.067139
0 0.789388 0.174438 0.033854 0.044189
0 0.331055 0.418823 0.033854 0.043701
0 0.162598 0.661133 0.030273 0.048828
0 0.766927 0.184448 0.065104 0.022705
0 0.803385 0.783447 0.033854 0.043457
0 0.269531 0.154541 0.028646 0.051270
0 0.586263 0.680542 0.072266 0.020264
0 0.461263 0.506104 0.023438 0.062012
0 0.230306 0.743652 0.027018 0.052734
0 0.334473 0.118652 0.027018 0.052734
0 0.747721 0.369385 0.020182 0.069824
0 0.671224 0.480347 0.033854 0.041748
0 0.357096 0.407104 0.030599 0.046143
0 0.687012 0.123291 0.030273 0.046387
0 0.645345 0.506104 0.030273 0.046387
0 0.348470 0.707886 0.061523 0.022705
0 0.722493 0.095703 0.032227 0.042969
0 0.571126 0.481323 0.060872 0.022705
0 0.468750 0.869385 0.031250 0.043457
0 0.791178 0.854370 0.071940 0.018799
0 0.884928 0.158447 0.058268 0.022949
0 0.723470 0.122070 0.027018 0.048828
0 0.496908 0.625610 0.053060 0.024658
0 0.728190 0.624634 0.057292 0.022705
0 0.537760 0.431885 0.023438 0.054199
0 0.398763 0.528198 0.023438 0.053955
0 0.589681 0.573730 0.030273 0.041016
0 0.539388 0.318604 0.061849 0.020020
0 0.910482 0.866089 0.074870 0.016357
0 0.900553 0.807861 0.027018 0.045410
0 0.247721 0.080322 0.068359 0.017578
0 0.518555 0.747070 0.068359 0.017578
0 0.792806 0.918823 0.027018 0.043701
0 0.650553 0.887573 0.027018 0.043701
0 0.347493 0.056519 0.053060 0.022217
0 0.202637 0.056519 0.068685 0.016846
0 0.603190 0.507324 0.022786 0.048828
0 0.844889 0.279541 0.027018 0.041016
0 0.190430 0.187744 0.057943 0.019043
0 0.924805 0.888916 0.054688 0.020020
0 0.747721 0.065918 0.026693 0.041016
0 0.690430 0.424805 0.078776 0.013672
0 0.396973 0.707886 0.019857 0.053955
0 0.456380 0.401611 0.020833 0.050781
0 0.460449 0.626465 0.077148 0.013672
0 0.787760 0.023682 0.023438 0.044922
0 0.575846 0.391235 0.072266 0.014404
0 0.858887 0.697510 0.027018 0.038574
0 0.839355 0.399292 0.022461 0.046143
0 0.159180 0.140259 0.023438 0.043701
0 0.405762 0.650635 0.058268 0.017578
0 0.376139 0.385010 0.082357 0.012207
0 0.662109 0.155151 0.015625 0.063232
0 0.825846 0.902954 0.057943 0.016846
0 0.569010 0.446533 0.023438 0.041504
0 0.886556 0.201416 0.027018 0.035645
0 0.694010 0.354980 0.023438 0.041016
0 0.549805 0.629883 0.054688 0.017578
0 0.400553 0.583496 0.068685 0.013672
0 0.449056 0.151978 0.019857 0.046143
0 0.119303 0.706665 0.019857 0.046143
0 0.148763 0.246948 0.023438 0.038330
0 0.197266 0.879761 0.023438 0.038330
0 0.180013 0.894165 0.044271 0.020264
0 0.861491 0.810791 0.025065 0.035645
0 0.426595 0.572510 0.071940 0.012207
0 0.440430 0.693604 0.057943 0.015137
0 0.183431 0.071167 0.058268 0.014893
0 0.412760 0.423096 0.023438 0.036621
0 0.344564 0.494385 0.019206 0.043457
0 0.447428 0.339111 0.058268 0.014160
0 0.249349 0.743408 0.023438 0.035156
0 0.348307 0.691040 0.054688 0.014893
0 0.773763 0.674438 0.016276 0.049561
0 0.277344 0.408447 0.065104 0.012207
0 0.611491 0.076416 0.025065 0.030762
0 0.398763 0.771729 0.016276 0.046387
0 0.249349 0.691650 0.023438 0.031738
0 0.238932 0.186401 0.044271 0.016357
0 0.926107 0.258667 0.015625 0.046143
0 0.242513 0.161011 0.016276 0.043701
0 0.711263 0.072510 0.057943 0.012207
0 0.881510 0.359985 0.023438 0.030029
0 0.679525 0.497559 0.050456 0.013672
0 0.216471 0.426392 0.020182 0.033936
0 0.610514 0.651855 0.016602 0.041016
0 0.624512 0.128174 0.016602 0.040527
0 0.752930 0.451416 0.016276 0.041016
0 0.860514 0.505493 0.016602 0.039795
0 0.598470 0.916260 0.019857 0.033203
0 0.896973 0.533447 0.019857 0.033203
0 0.720866 0.476196 0.014648 0.043701
0 0.794596 0.713135 0.051432 0.012207
0 0.537598 0.372925 0.016602 0.036377
0 0.820638 0.026978 0.013021 0.046143
0 0.195638 0.133057 0.013021 0.044922
0 0.909180 0.108887 0.016276 0.033203
0 0.407552 0.063477 0.054688 0.009766
0 0.417969 0.779541 0.013021 0.041016
0 0.136556 0.465088 0.019857 0.026855
0 0.924316 0.606323 0.012044 0.043701
0 0.817057 0.240479 0.033854 0.015137
0 0.509440 0.344727 0.050130 0.009766
0 0.869141 0.343384 0.033854 0.012451
0 0.852702 0.385010 0.014648 0.027832
0 0.825846 0.401611 0.009766 0.040527
0 0.443848 0.684082 0.030273 0.011719
0 0.674805 0.734985 0.033854 0.009033
0 0.006348 0.415527 0.009440 0.021484
