0 0.398763 0.224854 0.141276 0.051270
0 0.266276 0.658081 0.052083 0.100342
0 0.858887 0.550415 0.110352 0.035889
0 0.313802 0.485352 0.054688 0.072266
0 0.451335 0.323120 0.086914 0.039795
0 0.641764 0.399292 0.051107 0.067139
0 0.509928 0.865479 0.051107 0.066895
0 0.349284 0.532837 0.104818 0.031982
0 0.506348 0.614258 0.051107 0.064453
0 0.426595 0.593262 0.051107 0.064453
0 0.825846 0.177979 0.044271 0.072266
0 0.319010 0.767090 0.085938 0.037109
0 0.168294 0.616699 0.027995 0.111328
0 0.639974 0.698853 0.096354 0.030518
0 0.690104 0.513916 0.036458 0.072266
0 0.367513 0.787964 0.044271 0.057861
0 0.277181 0.847290 0.037435 0.067139
0 0.419596 0.964111 0.044271 0.056152
0 0.461263 0.575195 0.037109 0.064453
0 0.728190 0.819946 0.043620 0.053955
0 0.336263 0.539917 0.037109 0.061768
0 0.644368 0.171387 0.035482 0.064453
0 0.485514 0.453003 0.037435 0.059814
0 0.746094 0.151978 0.106771 0.020264
0 0.226562 0.713135 0.026042 0.080078
0 0.591471 0.628174 0.041016 0.050781
0 0.370931 0.470947 0.037435 0.054199
0 0.711263 0.754761 0.085938 0.022705
0 0.535807 0.904541 0.075521 0.025391
0 0.556641 0.646729 0.033854 0.056641
0 0.536784 0.929321 0.083984 0.022705
0 0.240723 0.549316 0.027018 0.070312
0 0.251139 0.713135 0.027018 0.069824
0 0.282389 0.286011 0.027018 0.069580
0 0.518555 0.739136 0.082682 0.022705
0 0.232910 0.902588 0.115560 0.016113
0 0.919271 0.326172 0.036458 0.050781
0 0.877930 0.560791 0.072266 0.025391
0 0.480306 0.490479 0.089518 0.020020
0 0.790365 0.274292 0.028646 0.061768
0 0.388346 0.875854 0.085938 0.020264
0 0.744303 0.615479 0.068685 0.025391
0 0.824219 0.532104 0.033854 0.051514
0 0.320638 0.081543 0.068359 0.025391
0 0.320638 0.830322 0.026693 0.064453
0 0.876302 0.715698 0.075521 0.022705
0 0.652344 0.271729 0.023438 0.072266
0 0.653971 0.935425 0.068359 0.024658
0 0.582682 0.469971 0.065104 0.025879
0 0.776855 0.313110 0.029622 0.055908
0 0.443848 0.885010 0.071940 0.022949
0 0.417806 0.474854 0.082357 0.020020
0 0.579427 0.564697 0.023438 0.069824
0 0.850098 0.679321 0.071940 0.022705
0 0.742513 0.108398 0.030599 0.052734
0 0.629557 0.496338 0.033854 0.047363
0 0.858887 0.756104 0.061523 0.025391
0 0.933431 0.901978 0.030273 0.051514
0 0.410970 0.267456 0.068685 0.022217
0 0.311849 0.778320 0.085938 0.017578
0 0.146159 0.705322 0.025391 0.059082
0 0.749837 0.594727 0.058919 0.025391
0 0.719401 0.954956 0.088542 0.016846
0 0.643555 0.859009 0.033854 0.043701
0 0.423014 0.290039 0.058268 0.025391
0 0.558431 0.839355 0.058268 0.025391
0 0.457845 0.924072 0.030273 0.048828
0 0.495605 0.900635 0.022461 0.064453
0 0.773763 0.724854 0.072266 0.020020
0 0.813639 0.459229 0.019857 0.072266
0 0.811523 0.871704 0.029297 0.048096
0 0.822428 0.750854 0.030273 0.046143
0 0.204264 0.743042 0.030273 0.046143
0 0.408691 0.404541 0.022461 0.062012
0 0.621094 0.864136 0.023438 0.059326
0 0.502441 0.256104 0.029622 0.046387
0 0.577637 0.734863 0.027018 0.050781
0 0.909668 0.734619 0.071289 0.019043
0 0.700846 0.629761 0.030599 0.043701
0 0.296224 0.562012 0.075521 0.017578
0 0.600098 0.213135 0.030273 0.043457
0 0.537272 0.851196 0.029622 0.043701
0 0.574056 0.522949 0.019857 0.064453
0 0.733887 0.535400 0.027018 0.047363
0 0.164388 0.837769 0.075521 0.016846
0 0.884766 0.200073 0.023438 0.053955
0 0.414388 0.457886 0.054688 0.022705
0 0.749349 0.792603 0.023438 0.051514
0 0.424805 0.905762 0.068359 0.017578
0 0.508952 0.689331 0.021810 0.053467
0 0.711263 0.937134 0.051432 0.022705
0 0.766927 0.679199 0.065104 0.017578
0 0.638346 0.283447 0.030599 0.037109
0 0.855306 0.969727 0.019857 0.056641
0 0.562012 0.409790 0.016602 0.067139
0 0.710286 0.416260 0.028646 0.038574
0 0.440430 0.340088 0.051432 0.021484
0 0.185221 0.937134 0.020182 0.053955
0 0.872721 0.952759 0.020182 0.053955
0 0.917806 0.857300 0.027018 0.040283
0 0.410970 0.507324 0.061523 0.017578
0 0.191732 0.579102 0.018880 0.056641
0 0.914388 0.801636 0.082682 0.012451
0 0.567220 0.269165 0.019857 0.051514
0 0.248535 0.443604 0.051107 0.020020
0 0.876139 0.631104 0.019857 0.051270
0 0.898438 0.340820 0.015625 0.064453
0 0.914388 0.512329 0.026693 0.037842
0 0.493490 0.368408 0.028646 0.035156
0 0.563639 0.695190 0.019857 0.049561
0 0.819010 0.102783 0.023438 0.041504
0 0.834473 0.885010 0.019857 0.048828
0 0.209473 0.818604 0.027018 0.035645
0 0.344889 0.862549 0.047852 0.019531
0 0.159180 0.780762 0.051432 0.017578
0 0.780599 0.223511 0.023438 0.038330
0 0.364095 0.408813 0.016602 0.053467
0 0.554036 0.460571 0.070312 0.012451
0 0.662598 0.089478 0.058268 0.014893
0 0.173014 0.316040 0.016602 0.051514
0 0.337565 0.592041 0.055339 0.015137
0 0.521973 0.504761 0.066732 0.012451
0 0.883138 0.162354 0.054688 0.015137
0 0.853678 0.224854 0.016602 0.046387
0 0.334473 0.504761 0.061523 0.012451
0 0.933431 0.862915 0.016602 0.046143
0 0.417806 0.635010 0.019857 0.038574
0 0.895345 0.789917 0.051107 0.014893
0 0.858887 0.525635 0.061523 0.012207
0 0.752116 0.252197 0.042643 0.017578
0 0.133138 0.628418 0.013021 0.056641
0 0.452474 0.073730 0.013021 0.056641
0 0.562012 0.577759 0.016602 0.043701
0 0.721680 0.890259 0.057943 0.012451
0 0.674805 0.851074 0.041016 0.017578
0 0.492513 0.668823 0.016276 0.043701
0 0.714193 0.581299 0.015625 0.045410
0 0.423014 0.073730 0.016602 0.041016
0 0.839681 0.342041 0.016602 0.041016
0 0.383138 0.892822 0.054688 0.012207
0 0.791178 0.023071 0.051107 0.012451
0 0.261556 0.475464 0.019857 0.031982
0 0.844564 0.902588 0.053711 0.011230
0 0.585938 0.371704 0.015625 0.037842
0 0.287598 0.780151 0.051107 0.010986
0 0.905762 0.566040 0.037435 0.014893
0 0.143555 0.311768 0.020182 0.027344
0 0.594889 0.881104 0.019857 0.025391
0 0.619141 0.112915 0.013021 0.035889
0 0.773763 0.637573 0.037109 0.012451
0 0.830078 0.461548 0.018229 0.024658
