0 0.791178 0.911133 0.134440 0.048828
0 0.240723 0.404541 0.103190 0.046387
0 0.582845 0.149414 0.099935 0.041016
0 0.329264 0.218262 0.051107 0.080078
0 0.365397 0.903198 0.040039 0.100830
0 0.923177 0.786011 0.044271 0.085205
0 0.808919 0.317017 0.044922 0.076904
0 0.553223 0.959229 0.110352 0.030762
0 0.482096 0.533447 0.044271 0.074707
0 0.721680 0.461792 0.085938 0.035889
0 0.537272 0.647461 0.079753 0.037109
0 0.419596 0.705322 0.085938 0.033203
0 0.650553 0.786011 0.047852 0.059326
0 0.747721 0.215698 0.047526 0.059326
0 0.877441 0.683228 0.092122 0.030518
0 0.377116 0.640137 0.084310 0.033203
0 0.792806 0.881836 0.040690 0.068359
0 0.426595 0.211426 0.079102 0.035156
0 0.466146 0.554321 0.046875 0.059326
0 0.611003 0.851196 0.044922 0.059326
0 0.436523 0.546509 0.029297 0.090576
0 0.292806 0.262695 0.040690 0.064453
0 0.268066 0.159790 0.040039 0.061768
0 0.514974 0.220337 0.075521 0.031982
0 0.744303 0.318604 0.027018 0.087891
0 0.808431 0.472290 0.030273 0.077393
0 0.617513 0.610596 0.037109 0.062500
0 0.445638 0.602539 0.089193 0.025391
0 0.190430 0.276855 0.030599 0.072266
0 0.715983 0.334229 0.032878 0.066895
0 0.782552 0.817261 0.075521 0.028076
0 0.572428 0.552979 0.037435 0.056641
0 0.348470 0.407104 0.040690 0.051514
0 0.785970 0.633667 0.068685 0.030518
0 0.832357 0.388916 0.036458 0.056641
0 0.577474 0.666992 0.033854 0.060547
0 0.402344 0.468384 0.023438 0.085205
0 0.659180 0.933105 0.078776 0.025391
0 0.554199 0.157104 0.097982 0.020264
0 0.695638 0.851196 0.068359 0.028076
0 0.879557 0.180664 0.033854 0.056641
0 0.386556 0.674072 0.068685 0.027832
0 0.937012 0.352051 0.037435 0.050781
0 0.534180 0.787354 0.030599 0.062012
0 0.697428 0.222534 0.071940 0.026123
0 0.445638 0.492188 0.033854 0.054688
0 0.579427 0.902222 0.085938 0.020752
0 0.746419 0.513916 0.024089 0.072266
0 0.693848 0.256104 0.030273 0.056641
0 0.589681 0.534424 0.030273 0.056152
0 0.827148 0.921509 0.060547 0.028076
0 0.577474 0.515137 0.033854 0.048828
0 0.690430 0.371948 0.023438 0.069580
0 0.895345 0.124634 0.030273 0.053955
0 0.351562 0.906128 0.088542 0.018311
0 0.409180 0.792603 0.078776 0.020264
0 0.369303 0.085571 0.068685 0.022705
0 0.636556 0.093384 0.068685 0.022705
0 0.794108 0.963745 0.064128 0.024170
0 0.725586 0.593750 0.065755 0.023438
0 0.485026 0.352783 0.057292 0.025879
0 0.919108 0.455322 0.029622 0.048828
0 0.735677 0.115112 0.023438 0.061279
0 0.461263 0.308594 0.030599 0.046875
0 0.700846 0.514648 0.065104 0.021484
0 0.608887 0.370728 0.068685 0.020264
0 0.835286 0.794922 0.070312 0.019531
0 0.802409 0.230103 0.067057 0.020264
0 0.921387 0.317993 0.027018 0.050049
0 0.361979 0.063354 0.026042 0.051514
0 0.799805 0.595947 0.075521 0.017578
0 0.669596 0.697510 0.030599 0.043457
0 0.565430 0.767822 0.057943 0.022949
0 0.499512 0.835571 0.058268 0.022705
0 0.605306 0.434570 0.027018 0.048828
0 0.306803 0.421387 0.027018 0.048828
0 0.624349 0.649292 0.065104 0.020264
0 0.367513 0.483643 0.030599 0.042969
0 0.360514 0.514526 0.079102 0.016357
0 0.470052 0.192017 0.075521 0.016846
0 0.487305 0.139160 0.020182 0.062500
0 0.339681 0.074097 0.030273 0.041748
0 0.377930 0.396729 0.030599 0.041016
0 0.902344 0.233643 0.023438 0.053223
0 0.243327 0.736572 0.053060 0.022949
0 0.320638 0.694946 0.020182 0.059326
0 0.561849 0.487549 0.023438 0.050781
0 0.829264 0.578979 0.079102 0.014893
0 0.208171 0.475464 0.071289 0.016357
0 0.445638 0.965454 0.068359 0.016846
0 0.467285 0.776978 0.077148 0.014893
0 0.409180 0.147705 0.030599 0.037598
0 0.423014 0.366455 0.030273 0.037598
0 0.346680 0.616455 0.023438 0.048340
0 0.678223 0.084229 0.027018 0.041016
0 0.518555 0.301636 0.020182 0.053955
0 0.756510 0.024292 0.023438 0.046143
0 0.926595 0.119385 0.016602 0.064453
0 0.249512 0.478760 0.016602 0.064453
0 0.876139 0.288696 0.019857 0.053955
0 0.868327 0.756714 0.025065 0.042236
0 0.174805 0.164307 0.026693 0.039551
0 0.646159 0.437012 0.059896 0.017578
0 0.271973 0.200073 0.027018 0.038330
0 0.718262 0.529541 0.051107 0.020020
0 0.249512 0.241821 0.016602 0.059326
0 0.608887 0.659424 0.068685 0.014160
0 0.910970 0.299072 0.019857 0.048828
0 0.659180 0.565918 0.023438 0.041016
0 0.287598 0.760986 0.016602 0.056152
0 0.504720 0.339478 0.019857 0.046143
0 0.395182 0.580322 0.023438 0.038574
0 0.839681 0.069824 0.051107 0.017578
0 0.756022 0.783447 0.050456 0.017578
0 0.596680 0.388916 0.044271 0.020020
0 0.289388 0.359009 0.020182 0.043701
0 0.785482 0.309570 0.026042 0.033203
0 0.652181 0.613892 0.051107 0.016846
0 0.495931 0.623291 0.016602 0.051270
0 0.544271 0.504761 0.015625 0.053955
0 0.489909 0.710449 0.025391 0.033203
0 0.127930 0.485229 0.016276 0.051514
0 0.502930 0.669556 0.044271 0.018799
0 0.584635 0.099854 0.054688 0.015137
0 0.912598 0.145508 0.016602 0.048828
0 0.805013 0.122070 0.016276 0.048828
0 0.726562 0.420776 0.046875 0.016357
0 0.269857 0.062012 0.043620 0.017578
0 0.517578 0.385010 0.059896 0.012207
0 0.884928 0.773071 0.016602 0.043701
0 0.329264 0.067261 0.016602 0.043701
0 0.899251 0.586792 0.048503 0.014893
0 0.883138 0.624512 0.041016 0.017578
0 0.287598 0.694214 0.016602 0.042236
0 0.678223 0.162109 0.019857 0.035156
0 0.646647 0.060791 0.019206 0.035645
0 0.714844 0.373291 0.044271 0.015137
0 0.789388 0.017822 0.054688 0.012207
0 0.294596 0.717041 0.016276 0.041016
0 0.490723 0.215820 0.019857 0.033203
0 0.867025 0.331665 0.043294 0.014893
0 0.593262 0.468018 0.037435 0.017090
0 0.631348 0.749634 0.051107 0.012451
0 0.640951 0.842041 0.014974 0.041016
0 0.469889 0.917603 0.019857 0.030518
0 0.775391 0.719604 0.013021 0.046143
0 0.577637 0.806885 0.047852 0.012207
0 0.676107 0.316040 0.015625 0.035889
0 0.447266 0.429321 0.044271 0.012451
0 0.785482 0.688110 0.060547 0.009033
0 0.728678 0.336792 0.016602 0.030518
0 0.784180 0.679321 0.037109 0.012451
0 0.475098 0.541626 0.016602 0.026123
0 0.629557 0.098511 0.033854 0.012451
0 0.758138 0.189697 0.033854 0.012207
0 0.305013 0.758789 0.016276 0.025391
0 0.815430 0.128418 0.016276 0.025391
0 0.712077 0.487915 0.011393 0.035889
0 0.499512 0.593994 0.016602 0.023926
0 0.692057 0.315674 0.013021 0.029785
0 0.400391 0.367432 0.013021 0.023926
0 0.518066 0.638916 0.012044 0.025391
0 0.581055 0.692017 0.013021 0.016846
