0 0.681803 0.776978 0.061523 0.093018
0 0.231120 0.813354 0.049479 0.108643
0 0.271973 0.832275 0.047852 0.104980
0 0.527344 0.344604 0.044271 0.098389
0 0.431803 0.811768 0.152018 0.027344
0 0.676595 0.618042 0.099935 0.035889
0 0.575358 0.381104 0.043294 0.077637
0 0.343262 0.293945 0.099935 0.033203
0 0.519043 0.516113 0.048503 0.066406
0 0.900553 0.607666 0.047852 0.066895
0 0.350260 0.607666 0.044271 0.072266
0 0.742025 0.420166 0.086914 0.035645
0 0.859212 0.353394 0.048503 0.063721
0 0.495931 0.192383 0.092773 0.033203
0 0.574219 0.722290 0.096354 0.030518
0 0.320638 0.611572 0.041016 0.069824
0 0.646973 0.931274 0.089518 0.031982
0 0.615885 0.528198 0.117188 0.024170
0 0.307617 0.038574 0.042318 0.064453
0 0.421387 0.617432 0.040690 0.065918
0 0.176432 0.916260 0.044271 0.059082
0 0.482096 0.612183 0.106771 0.024170
0 0.935221 0.845947 0.033854 0.074707
0 0.371094 0.440918 0.044271 0.056641
0 0.832682 0.258789 0.044271 0.056641
0 0.468262 0.243042 0.120768 0.020264
0 0.546224 0.088135 0.033854 0.069824
0 0.444824 0.529541 0.032227 0.072266
0 0.483724 0.352417 0.075521 0.030518
0 0.424805 0.536743 0.041016 0.055420
0 0.744303 0.800049 0.089518 0.024902
0 0.325846 0.938477 0.030599 0.072266
0 0.855306 0.179321 0.040690 0.053955
0 0.582845 0.511353 0.071940 0.030518
0 0.740723 0.537354 0.068685 0.030762
0 0.647786 0.120605 0.028646 0.072266
0 0.450358 0.312134 0.071289 0.028076
0 0.874512 0.531494 0.030273 0.065918
0 0.273763 0.400269 0.037109 0.053467
0 0.861979 0.838867 0.067708 0.029297
0 0.603678 0.251831 0.030273 0.063721
0 0.768555 0.951416 0.075521 0.025391
0 0.612305 0.594727 0.075521 0.025391
0 0.910970 0.918823 0.082357 0.022705
0 0.705241 0.900635 0.066732 0.027832
0 0.168620 0.567383 0.028646 0.064453
0 0.903971 0.699463 0.068359 0.026855
0 0.245605 0.211792 0.029622 0.061768
0 0.457682 0.033447 0.065104 0.027832
0 0.670085 0.915039 0.071289 0.025391
0 0.152181 0.734009 0.030273 0.059326
0 0.574219 0.936523 0.033854 0.052734
0 0.758464 0.604126 0.062500 0.028564
0 0.190430 0.351807 0.030599 0.055176
0 0.331055 0.748291 0.082682 0.020020
0 0.355469 0.515137 0.033854 0.048828
0 0.239095 0.069214 0.099935 0.016357
0 0.617513 0.234009 0.023438 0.069580
0 0.886719 0.059204 0.033854 0.048096
0 0.242025 0.718262 0.092122 0.017578
0 0.586263 0.339478 0.078776 0.020264
0 0.320638 0.429321 0.026693 0.059326
0 0.332357 0.496948 0.029297 0.053955
0 0.770182 0.237915 0.023438 0.067139
0 0.230469 0.360229 0.033854 0.046143
0 0.600098 0.779541 0.030273 0.051270
0 0.247396 0.939453 0.026042 0.058594
0 0.264160 0.740479 0.032227 0.046387
0 0.733724 0.491821 0.033854 0.043701
0 0.843099 0.655884 0.065104 0.022705
0 0.919108 0.784790 0.071289 0.020264
0 0.334635 0.400635 0.033854 0.042480
0 0.807617 0.637573 0.063151 0.022705
0 0.176107 0.775635 0.029297 0.048828
0 0.492513 0.654541 0.030599 0.046387
0 0.405273 0.102417 0.022786 0.061768
0 0.886556 0.274292 0.027018 0.051514
0 0.625326 0.533203 0.031901 0.042969
0 0.532389 0.756104 0.019857 0.066895
0 0.529948 0.441040 0.028646 0.046143
0 0.332357 0.051636 0.057292 0.022705
0 0.568848 0.780518 0.058268 0.021973
0 0.911784 0.348511 0.021484 0.059326
0 0.329264 0.395508 0.071940 0.017578
0 0.639160 0.502808 0.066732 0.018799
0 0.648763 0.848267 0.023438 0.053467
0 0.268555 0.672729 0.061849 0.020264
0 0.787760 0.474487 0.085938 0.014404
0 0.591471 0.131104 0.061849 0.020020
0 0.292806 0.895508 0.068685 0.017578
0 0.284180 0.808228 0.023438 0.051514
0 0.742513 0.256104 0.023438 0.051270
0 0.287760 0.365479 0.023438 0.051270
0 0.792806 0.827759 0.019857 0.059326
0 0.290202 0.121948 0.021810 0.053955
0 0.546224 0.027588 0.054688 0.021484
0 0.671224 0.858398 0.054688 0.021484
0 0.938639 0.348145 0.019857 0.058594
0 0.198242 0.496338 0.018229 0.062988
0 0.881510 0.718262 0.065104 0.017578
0 0.752930 0.911133 0.065104 0.017578
0 0.301595 0.495361 0.058268 0.019531
0 0.651855 0.684448 0.029622 0.038330
0 0.851888 0.291992 0.082682 0.013672
0 0.499349 0.848267 0.065104 0.016846
0 0.575521 0.259644 0.015625 0.069092
0 0.433431 0.726807 0.079102 0.013672
0 0.844889 0.496948 0.019857 0.053955
0 0.799805 0.669922 0.054688 0.019531
0 0.377930 0.231445 0.016276 0.064453
0 0.148438 0.576172 0.015625 0.066406
0 0.129720 0.185791 0.068685 0.015137
0 0.556641 0.570557 0.054688 0.019043
0 0.473470 0.770386 0.027018 0.038330
0 0.396973 0.411011 0.082357 0.012451
0 0.700846 0.576416 0.051432 0.020020
0 0.910970 0.055542 0.019857 0.051514
0 0.697266 0.442261 0.023438 0.043701
0 0.627930 0.802979 0.016276 0.062012
0 0.908366 0.618042 0.021810 0.046143
0 0.864095 0.947510 0.016602 0.059082
0 0.409180 0.614136 0.016276 0.059326
0 0.261556 0.868042 0.027018 0.035889
0 0.452637 0.694580 0.019857 0.048340
0 0.232096 0.511230 0.023438 0.041016
0 0.541016 0.672485 0.065104 0.014404
0 0.583984 0.068604 0.046875 0.020020
0 0.181315 0.735229 0.026042 0.035889
0 0.902995 0.670166 0.059896 0.015137
0 0.888346 0.877197 0.023438 0.038574
0 0.548503 0.008667 0.059245 0.014893
0 0.683431 0.556885 0.071940 0.012207
0 0.591471 0.166016 0.020182 0.042969
0 0.556803 0.744385 0.019857 0.043457
0 0.516764 0.430542 0.016602 0.051514
0 0.870931 0.599243 0.016602 0.050049
0 0.905762 0.541626 0.016602 0.049561
0 0.405273 0.841431 0.043620 0.018799
0 0.400553 0.526855 0.019857 0.041016
0 0.706055 0.366821 0.020182 0.038330
0 0.358887 0.353760 0.019857 0.038574
0 0.461263 0.104492 0.016276 0.044922
0 0.158691 0.059204 0.043294 0.016846
0 0.221191 0.449829 0.022461 0.032471
0 0.437012 0.241821 0.058268 0.012451
0 0.874512 0.450073 0.016602 0.043701
0 0.644857 0.450073 0.015625 0.043701
0 0.204264 0.321289 0.016602 0.041016
0 0.423177 0.771362 0.044271 0.014404
0 0.839681 0.749634 0.051107 0.012451
0 0.840658 0.577393 0.053060 0.011719
0 0.390137 0.881104 0.040690 0.015137
0 0.480469 0.936401 0.054688 0.010986
0 0.832357 0.554321 0.015625 0.038330
0 0.127930 0.724854 0.016276 0.035645
0 0.614095 0.568604 0.037435 0.015137
0 0.843099 0.762573 0.044271 0.012451
0 0.266764 0.541260 0.016602 0.033203
0 0.459473 0.017822 0.040690 0.012207
0 0.180013 0.167603 0.016276 0.030518
0 0.532552 0.164673 0.054688 0.009033
0 0.302897 0.647705 0.040039 0.011719
0 0.662109 0.952759 0.036458 0.012451
0 0.583333 0.614136 0.036458 0.012451
0 0.386719 0.356079 0.013021 0.033936
0 0.491699 0.767822 0.035482 0.012207
0 0.506348 0.358276 0.037435 0.010986
0 0.417806 0.422485 0.040690 0.009033
0 0.410807 0.012573 0.013021 0.022705
0 0.982096 0.272949 0.009766 0.017578
