0 0.525065 0.556885 0.081380 0.105957
0 0.197428 0.594604 0.071940 0.114014
0 0.752930 0.586792 0.057943 0.082764
0 0.892253 0.630859 0.060547 0.078125
0 0.620931 0.869141 0.051107 0.089844
0 0.473307 0.252197 0.096354 0.043457
0 0.423014 0.398071 0.051107 0.074951
0 0.580241 0.123291 0.045898 0.082520
0 0.565430 0.895752 0.089193 0.040527
0 0.625326 0.791260 0.108724 0.033203
0 0.808431 0.174072 0.037435 0.095703
0 0.428223 0.666260 0.040690 0.085449
0 0.671224 0.369995 0.096354 0.034424
0 0.383138 0.246948 0.047526 0.069580
0 0.355306 0.571167 0.047852 0.067139
0 0.856283 0.655273 0.084310 0.037109
0 0.367513 0.768433 0.037109 0.081299
0 0.252930 0.616455 0.037109 0.079590
0 0.552409 0.603760 0.039062 0.074707
0 0.702637 0.885010 0.082357 0.033203
0 0.874512 0.112305 0.092773 0.029297
0 0.437012 0.504761 0.092773 0.028076
0 0.572266 0.847534 0.044271 0.057373
0 0.829264 0.034790 0.037435 0.067139
0 0.896647 0.293823 0.032878 0.074951
0 0.403971 0.652954 0.033854 0.069092
0 0.502604 0.577026 0.036458 0.063232
0 0.669596 0.314697 0.030599 0.074707
0 0.335938 0.057617 0.078125 0.029297
0 0.483887 0.860962 0.040690 0.055420
0 0.791504 0.668823 0.079753 0.028076
0 0.391764 0.869385 0.079102 0.027832
0 0.145345 0.149414 0.037435 0.056641
0 0.266764 0.484009 0.092773 0.022705
0 0.227865 0.760010 0.091146 0.022949
0 0.545898 0.781494 0.033203 0.060547
0 0.330241 0.458862 0.066732 0.030029
0 0.505046 0.751587 0.074544 0.026611
0 0.536784 0.913696 0.070312 0.028076
0 0.735514 0.563965 0.037435 0.052734
0 0.562012 0.926270 0.071940 0.027344
0 0.624349 0.958862 0.065104 0.030029
0 0.734701 0.635986 0.077474 0.024902
0 0.825846 0.528809 0.065104 0.029297
0 0.614095 0.117065 0.037435 0.049561
0 0.627930 0.209229 0.072266 0.025391
0 0.162760 0.856323 0.065104 0.028076
0 0.867188 0.861572 0.036458 0.048828
0 0.522786 0.262573 0.028646 0.059326
0 0.212891 0.838135 0.096354 0.017578
0 0.290202 0.506104 0.066732 0.025391
0 0.260742 0.390259 0.073568 0.022705
0 0.319010 0.455933 0.023438 0.071045
0 0.449219 0.840820 0.033854 0.048828
0 0.749349 0.797852 0.065104 0.025391
0 0.434733 0.690308 0.032878 0.050049
0 0.439616 0.313354 0.035482 0.046143
0 0.414388 0.898682 0.068359 0.023926
0 0.423014 0.871948 0.071940 0.022705
0 0.339681 0.391479 0.079102 0.020264
0 0.581055 0.965698 0.026693 0.059326
0 0.626139 0.309082 0.027018 0.058594
0 0.176107 0.403198 0.029297 0.053955
0 0.591471 0.095947 0.026693 0.059082
0 0.716471 0.482666 0.020182 0.077637
0 0.947266 0.896729 0.023438 0.066895
0 0.150391 0.717041 0.033854 0.046387
0 0.751139 0.170776 0.027018 0.057861
0 0.532552 0.430542 0.033854 0.046143
0 0.567220 0.546509 0.068685 0.022705
0 0.309408 0.820923 0.025065 0.061279
0 0.535970 0.339355 0.027018 0.056641
0 0.221680 0.931885 0.023438 0.064453
0 0.389160 0.920166 0.032227 0.046387
0 0.626302 0.429321 0.033854 0.043701
0 0.270182 0.351196 0.065104 0.022705
0 0.608887 0.361572 0.027018 0.054199
0 0.610677 0.516479 0.023438 0.061768
0 0.778971 0.266479 0.068359 0.020264
0 0.324870 0.134644 0.028646 0.048096
0 0.764974 0.228760 0.075521 0.017578
0 0.263346 0.439697 0.030599 0.043457
0 0.655762 0.093384 0.030273 0.043701
0 0.853678 0.658447 0.030273 0.043457
0 0.779460 0.739258 0.074544 0.017578
0 0.678223 0.461182 0.068685 0.019043
0 0.527344 0.248291 0.065104 0.020020
0 0.928223 0.818970 0.061523 0.020752
0 0.823242 0.499634 0.018229 0.069580
0 0.461263 0.594971 0.030599 0.041504
0 0.860514 0.752197 0.071940 0.017578
0 0.877930 0.245605 0.030599 0.041016
0 0.209473 0.602173 0.027018 0.045654
0 0.476888 0.464478 0.026693 0.046143
0 0.528971 0.076050 0.026693 0.045654
0 0.277181 0.593750 0.051107 0.023438
0 0.575846 0.373291 0.016276 0.072266
0 0.478678 0.542603 0.058268 0.020264
0 0.627930 0.681885 0.030599 0.038574
0 0.897135 0.079590 0.054688 0.021484
0 0.402344 0.843262 0.065104 0.017578
0 0.166178 0.723267 0.030273 0.037842
0 0.798014 0.035767 0.051107 0.022217
0 0.445638 0.153198 0.089193 0.012451
0 0.355794 0.477417 0.054036 0.020264
0 0.497721 0.465698 0.020182 0.053955
0 0.565755 0.289917 0.072917 0.014893
0 0.308594 0.748291 0.023438 0.046387
0 0.905599 0.948853 0.023438 0.046143
0 0.282389 0.077637 0.061523 0.017578
0 0.759766 0.366089 0.065104 0.016357
0 0.166178 0.361206 0.016602 0.063721
0 0.608887 0.454590 0.019857 0.052734
0 0.664388 0.120728 0.020182 0.051514
0 0.761556 0.188354 0.068685 0.014893
0 0.174805 0.778198 0.026693 0.038330
0 0.771159 0.582886 0.018229 0.053955
0 0.582682 0.784790 0.065104 0.014893
0 0.178223 0.655762 0.019857 0.048828
0 0.485677 0.089478 0.065104 0.014893
0 0.405762 0.735962 0.016602 0.057861
0 0.327474 0.288696 0.075521 0.012451
0 0.133138 0.871948 0.075521 0.012451
0 0.519043 0.393188 0.027669 0.033936
0 0.669596 0.034424 0.065104 0.014160
0 0.905762 0.116699 0.051107 0.017578
0 0.659180 0.897705 0.051432 0.017090
0 0.519368 0.524048 0.021810 0.040283
0 0.311523 0.921509 0.022786 0.038330
0 0.650553 0.431885 0.019857 0.043457
0 0.722982 0.128174 0.018880 0.045410
0 0.421387 0.572266 0.019857 0.042969
0 0.476074 0.606445 0.025065 0.033203
0 0.200846 0.552734 0.016276 0.050781
0 0.331055 0.420166 0.054688 0.015137
0 0.693848 0.760986 0.058268 0.014160
0 0.831055 0.683228 0.054688 0.014893
0 0.841471 0.313354 0.054688 0.014893
0 0.843099 0.554321 0.065104 0.012451
0 0.129232 0.073853 0.054036 0.014893
0 0.414388 0.520386 0.020182 0.038330
0 0.858398 0.477173 0.018880 0.040283
0 0.681641 0.054321 0.054688 0.012451
0 0.579264 0.313110 0.016602 0.040283
0 0.824056 0.254883 0.019857 0.033203
0 0.242513 0.230713 0.057943 0.011230
0 0.898763 0.653198 0.016276 0.038330
0 0.520345 0.892822 0.051107 0.012207
0 0.820312 0.280884 0.046875 0.012451
0 0.761068 0.010010 0.046875 0.012207
0 0.905762 0.696167 0.037435 0.014893
0 0.928223 0.788696 0.019857 0.028076
0 0.850098 0.252197 0.016602 0.033203
0 0.212565 0.567627 0.012370 0.039062
0 0.553385 0.358398 0.013021 0.037109
0 0.795898 0.042236 0.046875 0.009277
0 0.357096 0.495605 0.016276 0.025391
0 0.187500 0.309570 0.010417 0.033203
