0 0.565430 0.261230 0.134766 0.041016
0 0.317708 0.305542 0.062500 0.077393
0 0.440430 0.105103 0.057943 0.077393
0 0.595052 0.491699 0.054688 0.080078
0 0.396973 0.444946 0.047852 0.090576
0 0.197428 0.741089 0.058268 0.073486
0 0.361816 0.315918 0.053711 0.072266
0 0.771973 0.927979 0.089518 0.041016
0 0.292806 0.913696 0.047852 0.074951
0 0.562826 0.192261 0.087891 0.038330
0 0.315430 0.493774 0.051432 0.063232
0 0.666016 0.463135 0.044271 0.069824
0 0.622721 0.135010 0.089193 0.033203
0 0.902181 0.365112 0.037435 0.076904
0 0.141764 0.718384 0.037435 0.074951
0 0.535970 0.097534 0.040690 0.067627
0 0.838053 0.369385 0.082357 0.033203
0 0.200846 0.270386 0.044271 0.059326
0 0.370931 0.879883 0.079102 0.033203
0 0.499512 0.361572 0.079102 0.033203
0 0.353678 0.507080 0.037435 0.068848
0 0.629557 0.343384 0.033854 0.074951
0 0.549805 0.595947 0.110026 0.022949
0 0.707845 0.138916 0.037435 0.066895
0 0.290202 0.504761 0.035482 0.069580
0 0.315755 0.939087 0.031250 0.078857
0 0.223470 0.637573 0.027018 0.090576
0 0.923014 0.691040 0.079102 0.030518
0 0.803223 0.103760 0.040690 0.059082
0 0.723307 0.964111 0.096354 0.024902
0 0.825846 0.720947 0.085938 0.027832
0 0.472493 0.933228 0.087565 0.026611
0 0.395345 0.529541 0.037435 0.062012
0 0.879232 0.444946 0.033203 0.069580
0 0.777181 0.303589 0.030273 0.073486
0 0.544596 0.593018 0.037109 0.058594
0 0.317220 0.037354 0.068685 0.030762
0 0.456055 0.357666 0.041016 0.051270
0 0.348470 0.956665 0.040690 0.051514
0 0.863932 0.509033 0.023438 0.088379
0 0.405762 0.515869 0.037435 0.055176
0 0.596680 0.267822 0.072266 0.027832
0 0.197428 0.870605 0.079102 0.025391
0 0.830566 0.309448 0.032878 0.059326
0 0.356120 0.050415 0.028646 0.067139
0 0.398438 0.383667 0.036458 0.051514
0 0.825521 0.683228 0.036458 0.051514
0 0.515951 0.628540 0.091146 0.020264
0 0.612305 0.801392 0.026693 0.069092
0 0.687012 0.333008 0.037435 0.048828
0 0.531901 0.254150 0.067708 0.026855
0 0.334147 0.293823 0.032878 0.053955
0 0.452637 0.582886 0.061523 0.028076
0 0.886719 0.786011 0.075521 0.022705
0 0.797201 0.428589 0.035807 0.047607
0 0.190430 0.826416 0.023438 0.072266
0 0.910970 0.446167 0.027018 0.061768
0 0.601888 0.068604 0.026693 0.062012
0 0.258138 0.379883 0.033854 0.048828
0 0.369303 0.951416 0.082357 0.020020
0 0.377116 0.925415 0.035482 0.046143
0 0.237305 0.623901 0.096354 0.016357
0 0.662760 0.292603 0.023438 0.067139
0 0.377441 0.760010 0.022461 0.069824
0 0.626302 0.602417 0.033854 0.046143
0 0.536784 0.955322 0.028646 0.054199
0 0.277181 0.412354 0.030273 0.051270
0 0.190430 0.924072 0.023438 0.064453
0 0.157389 0.882446 0.019857 0.074951
0 0.492513 0.038574 0.030599 0.048828
0 0.545085 0.523682 0.029622 0.050293
0 0.751302 0.223511 0.033854 0.043701
0 0.304525 0.056885 0.064128 0.022949
0 0.214681 0.743042 0.071940 0.020264
0 0.160970 0.598511 0.027018 0.053955
0 0.213053 0.418823 0.027018 0.053955
0 0.777181 0.695923 0.058268 0.024658
0 0.598470 0.635010 0.061523 0.022949
0 0.710775 0.605103 0.022461 0.061768
0 0.495117 0.598633 0.021484 0.064453
0 0.555013 0.333008 0.078776 0.017578
0 0.209473 0.904541 0.027018 0.051270
0 0.461263 0.885742 0.030599 0.044922
0 0.859375 0.569336 0.062500 0.021484
0 0.637370 0.750854 0.028646 0.046143
0 0.569010 0.727417 0.085938 0.014893
0 0.143555 0.598511 0.020182 0.063232
0 0.919596 0.067261 0.023438 0.053955
0 0.891927 0.075073 0.023438 0.053955
0 0.862305 0.248291 0.020182 0.062012
0 0.659993 0.570312 0.053060 0.023438
0 0.163900 0.767822 0.019206 0.064453
0 0.386719 0.621948 0.054688 0.022705
0 0.514974 0.012573 0.054688 0.022705
0 0.442057 0.025024 0.075521 0.016357
0 0.858887 0.745361 0.061523 0.019531
0 0.435221 0.944580 0.054688 0.021973
0 0.832845 0.649292 0.079102 0.014893
0 0.714681 0.727417 0.058268 0.020264
0 0.702637 0.507446 0.027018 0.043701
0 0.872721 0.729736 0.082682 0.014160
0 0.690430 0.647949 0.065104 0.017578
0 0.697266 0.752197 0.065104 0.017578
0 0.440430 0.900635 0.023438 0.048828
0 0.353516 0.372070 0.023438 0.048828
0 0.364095 0.400269 0.051107 0.022217
0 0.297689 0.767822 0.064128 0.017578
0 0.645345 0.318604 0.016602 0.066895
0 0.658203 0.538696 0.028646 0.038330
0 0.808431 0.616211 0.051107 0.021484
0 0.928223 0.838135 0.019857 0.054199
0 0.438639 0.421509 0.019857 0.053955
0 0.581055 0.576416 0.068359 0.015137
0 0.489095 0.668945 0.058268 0.017578
0 0.641927 0.585571 0.023438 0.043701
0 0.424805 0.856323 0.026693 0.038330
0 0.135742 0.840698 0.018229 0.053955
0 0.502116 0.325684 0.021810 0.044922
0 0.810221 0.956299 0.068359 0.014160
0 0.539388 0.476074 0.054688 0.017578
0 0.206055 0.465820 0.054688 0.017578
0 0.674805 0.933228 0.026693 0.035889
0 0.604818 0.566040 0.046875 0.020264
0 0.687012 0.438477 0.016602 0.056641
0 0.765137 0.738525 0.019857 0.047363
0 0.528971 0.398682 0.068359 0.013672
0 0.759928 0.500244 0.016602 0.055176
0 0.525553 0.714478 0.061523 0.014893
0 0.931803 0.883667 0.061523 0.014893
0 0.325846 0.878540 0.044271 0.020264
0 0.252604 0.021729 0.057292 0.015137
0 0.575033 0.762207 0.014648 0.058594
0 0.697428 0.571167 0.016602 0.051514
0 0.495931 0.482666 0.016602 0.051270
0 0.712565 0.879761 0.067708 0.012451
0 0.250326 0.305542 0.018229 0.046143
0 0.660970 0.674072 0.068685 0.012207
0 0.783854 0.314331 0.015625 0.053467
0 0.459635 0.956665 0.054688 0.014893
0 0.666178 0.960449 0.016602 0.048828
0 0.561849 0.895386 0.065104 0.012451
0 0.912598 0.379517 0.016602 0.048096
0 0.138346 0.645508 0.016276 0.048828
0 0.169596 0.037354 0.051432 0.015137
0 0.310221 0.671509 0.020182 0.038330
0 0.799805 0.937134 0.061849 0.012451
0 0.268555 0.536377 0.020182 0.037598
0 0.532552 0.552979 0.075521 0.009766
0 0.200846 0.901978 0.023438 0.030518
0 0.516764 0.737183 0.016602 0.039795
0 0.461751 0.008667 0.043294 0.014893
0 0.783854 0.662354 0.015625 0.041016
0 0.370931 0.674072 0.016602 0.038574
0 0.825846 0.899048 0.044271 0.014404
0 0.738932 0.641235 0.044271 0.014404
0 0.438314 0.386353 0.019206 0.030518
0 0.836263 0.675415 0.016276 0.035889
0 0.363118 0.554321 0.014648 0.038330
0 0.232096 0.740479 0.037109 0.015137
0 0.271159 0.583008 0.011068 0.048828
0 0.893555 0.754761 0.041016 0.012451
0 0.605469 0.167236 0.054688 0.009277
0 0.138346 0.093384 0.016276 0.028076
0 0.794596 0.744995 0.051432 0.008545
0 0.766764 0.586182 0.051107 0.008301
0 0.506348 0.688477 0.016602 0.025391
0 0.551432 0.755737 0.044271 0.009033
0 0.184733 0.163574 0.012044 0.033203
0 0.593262 0.859009 0.030273 0.012451
0 0.714681 0.345581 0.009440 0.037842
0 0.357096 0.807861 0.037109 0.009277
0 0.981608 0.271362 0.008789 0.014404
