0 0.219889 0.662964 0.068685 0.110107
0 0.280599 0.938477 0.127604 0.056641
0 0.846680 0.278198 0.065104 0.100830
0 0.814128 0.885010 0.069661 0.090332
0 0.735514 0.624634 0.162435 0.038330
0 0.561523 0.364258 0.119792 0.048828
0 0.350098 0.052979 0.113607 0.041016
0 0.362793 0.274048 0.055664 0.076904
0 0.579264 0.723633 0.051107 0.080078
0 0.452637 0.706665 0.040690 0.098389
0 0.733724 0.331299 0.096354 0.041504
0 0.487305 0.667603 0.047526 0.077393
0 0.563639 0.865479 0.103190 0.035645
0 0.398763 0.875610 0.044271 0.076904
0 0.735189 0.763916 0.050456 0.066895
0 0.715169 0.147949 0.052083 0.064453
0 0.702474 0.101196 0.117188 0.028076
0 0.449056 0.198853 0.047852 0.067139
0 0.298014 0.251465 0.037435 0.083984
0 0.527181 0.260376 0.037435 0.080811
0 0.774577 0.804199 0.045898 0.064453
0 0.846680 0.835571 0.044271 0.059326
0 0.509766 0.176025 0.044271 0.058105
0 0.228678 0.248901 0.079102 0.031982
0 0.376139 0.946167 0.082357 0.030518
0 0.810221 0.121948 0.089193 0.028076
0 0.875814 0.202026 0.074544 0.031982
0 0.292806 0.618164 0.027018 0.087891
0 0.430013 0.863892 0.037109 0.063721
0 0.434733 0.453979 0.116211 0.020264
0 0.832845 0.257446 0.037435 0.059326
0 0.817220 0.944946 0.040690 0.053955
0 0.502441 0.420166 0.084961 0.025391
0 0.469564 0.426392 0.040039 0.053467
0 0.242513 0.843384 0.030599 0.069580
0 0.647135 0.895386 0.075521 0.028076
0 0.356283 0.823486 0.084310 0.024902
0 0.374512 0.211792 0.099935 0.020264
0 0.152181 0.935791 0.030273 0.066895
0 0.600586 0.432861 0.080078 0.024902
0 0.606608 0.527832 0.071289 0.027344
0 0.834635 0.636230 0.033854 0.056641
0 0.787598 0.702026 0.071940 0.026611
0 0.570150 0.446289 0.074544 0.025391
0 0.303223 0.955322 0.082357 0.022949
0 0.395182 0.536133 0.106771 0.017578
0 0.506348 0.726074 0.037435 0.048828
0 0.900391 0.030884 0.033854 0.053955
0 0.924805 0.843384 0.033854 0.053955
0 0.900065 0.739136 0.026042 0.069580
0 0.861816 0.301636 0.032878 0.053955
0 0.306803 0.843262 0.027018 0.064453
0 0.699056 0.253418 0.068685 0.025391
0 0.801595 0.594604 0.037435 0.046143
0 0.813802 0.317993 0.033854 0.050049
0 0.680013 0.707886 0.023438 0.069580
0 0.444010 0.691284 0.023438 0.067627
0 0.414388 0.813477 0.061849 0.025391
0 0.489095 0.357422 0.030273 0.050781
0 0.504557 0.480103 0.075521 0.020264
0 0.657064 0.758667 0.032878 0.046143
0 0.805013 0.724854 0.099609 0.015137
0 0.597168 0.325195 0.084961 0.017578
0 0.918783 0.885010 0.084310 0.017578
0 0.563802 0.637573 0.033854 0.043701
0 0.850098 0.604980 0.058268 0.025391
0 0.740885 0.413696 0.033854 0.043701
0 0.222982 0.786133 0.081380 0.017578
0 0.879720 0.694946 0.061523 0.022705
0 0.417806 0.973511 0.061523 0.022705
0 0.245931 0.933228 0.030273 0.046143
0 0.424805 0.485352 0.033854 0.041016
0 0.147135 0.237793 0.054688 0.025391
0 0.716471 0.816040 0.068359 0.020264
0 0.562012 0.500244 0.099935 0.013672
0 0.422201 0.577637 0.077474 0.017578
0 0.916992 0.816040 0.067057 0.020264
0 0.623535 0.374512 0.077148 0.017578
0 0.492513 0.523315 0.030599 0.044189
0 0.937012 0.746948 0.030273 0.043701
0 0.714681 0.491821 0.030273 0.043701
0 0.785970 0.027588 0.061523 0.021484
0 0.780762 0.580078 0.030273 0.042969
0 0.416992 0.548340 0.059896 0.021484
0 0.350260 0.684448 0.023438 0.053955
0 0.785970 0.658447 0.068685 0.017578
0 0.417480 0.091675 0.019206 0.061279
0 0.857910 0.090820 0.066732 0.017578
0 0.155273 0.599854 0.022786 0.051270
0 0.648763 0.304321 0.051432 0.022705
0 0.620931 0.693604 0.058268 0.020020
0 0.558431 0.903198 0.051107 0.022705
0 0.537598 0.614136 0.051107 0.022705
0 0.930013 0.358887 0.023438 0.048828
0 0.565430 0.767456 0.051432 0.022217
0 0.136556 0.740479 0.019857 0.056641
0 0.240723 0.045166 0.019857 0.056641
0 0.520345 0.120361 0.079102 0.014160
0 0.155762 0.175415 0.071940 0.014893
0 0.815430 0.404175 0.023438 0.045654
0 0.508952 0.541260 0.021810 0.048828
0 0.176107 0.282104 0.029297 0.035889
0 0.280762 0.467041 0.016602 0.062012
0 0.370931 0.123291 0.051107 0.020020
0 0.891927 0.184082 0.023438 0.042969
0 0.562012 0.078369 0.071940 0.013672
0 0.855306 0.405762 0.019857 0.048828
0 0.363932 0.456543 0.023438 0.041016
0 0.462240 0.730103 0.018229 0.051514
0 0.556803 0.557495 0.027018 0.034424
0 0.532552 0.455322 0.075521 0.012207
0 0.615885 0.838135 0.075521 0.012207
0 0.261556 0.834229 0.019857 0.046387
0 0.604980 0.612915 0.060872 0.014893
0 0.777344 0.791260 0.023438 0.038574
0 0.399740 0.650635 0.018229 0.048828
0 0.539388 0.952393 0.075521 0.011719
0 0.183431 0.816040 0.016602 0.051514
0 0.512533 0.623901 0.014648 0.057861
0 0.572428 0.514893 0.071940 0.011719
0 0.758138 0.952637 0.047526 0.017578
0 0.421387 0.855347 0.019857 0.041748
0 0.933594 0.620361 0.023438 0.035156
0 0.666178 0.340820 0.016602 0.048828
0 0.670898 0.094604 0.054036 0.014893
0 0.338867 0.427979 0.021484 0.035645
0 0.252930 0.047729 0.016276 0.046143
0 0.439941 0.423706 0.043294 0.016846
0 0.430013 0.241821 0.057943 0.012451
0 0.863932 0.576416 0.023438 0.030762
0 0.202637 0.062012 0.040690 0.017578
0 0.739095 0.681885 0.058268 0.012207
0 0.532389 0.534790 0.047852 0.014893
0 0.623535 0.390259 0.056315 0.012451
0 0.705566 0.459229 0.019206 0.035645
0 0.483887 0.518433 0.019857 0.034424
0 0.777181 0.484985 0.016602 0.040283
0 0.377930 0.565918 0.016276 0.041016
0 0.641764 0.338135 0.051107 0.012207
0 0.594076 0.526978 0.041016 0.014893
0 0.386556 0.516479 0.019857 0.030518
0 0.157389 0.070923 0.040690 0.014404
0 0.353190 0.801025 0.050130 0.011230
0 0.607096 0.465698 0.044271 0.012451
0 0.687012 0.792236 0.037435 0.014160
0 0.437012 0.131104 0.051107 0.009766
0 0.624512 0.662354 0.051107 0.009766
0 0.466471 0.892822 0.041016 0.012207
0 0.497721 0.482666 0.013021 0.035645
0 0.592773 0.145142 0.008464 0.037842
0 0.252604 0.011353 0.015625 0.020264
0 0.282389 0.061768 0.027018 0.011719
0 0.985514 0.274048 0.009440 0.014404
0 0.004232 0.413086 0.005208 0.021484
