0 0.526693 0.638916 0.182292 0.046387
0 0.308431 0.095947 0.058268 0.080078
0 0.880534 0.917603 0.056641 0.077393
0 0.553385 0.437134 0.054688 0.074951
0 0.327637 0.806885 0.089518 0.038574
0 0.759766 0.534180 0.044271 0.076172
0 0.572428 0.049072 0.092773 0.027832
0 0.435221 0.042236 0.103516 0.024902
0 0.858887 0.537354 0.040690 0.062012
0 0.823242 0.412354 0.025391 0.093262
0 0.889974 0.120728 0.075521 0.030518
0 0.832845 0.903931 0.030273 0.071045
0 0.341146 0.017822 0.088542 0.022949
0 0.301595 0.681885 0.037435 0.054199
0 0.214681 0.491821 0.037435 0.053955
0 0.318848 0.142822 0.071940 0.027832
0 0.663411 0.536133 0.101562 0.017578
0 0.818848 0.080322 0.099935 0.017578
0 0.653971 0.446167 0.033854 0.051514
0 0.806803 0.603394 0.027018 0.063721
0 0.529948 0.819946 0.028646 0.059326
0 0.703451 0.134644 0.098307 0.016846
0 0.405599 0.115479 0.065104 0.025391
0 0.508138 0.624512 0.033854 0.048828
0 0.358887 0.163574 0.089518 0.017578
0 0.751139 0.196167 0.019857 0.077393
0 0.304525 0.349854 0.022461 0.066895
0 0.433594 0.506348 0.023438 0.062500
0 0.931803 0.724854 0.019857 0.072266
0 0.445638 0.017456 0.082682 0.016846
0 0.641276 0.517822 0.078125 0.017578
0 0.272461 0.232056 0.020833 0.065674
0 0.494303 0.543213 0.082357 0.016113
0 0.825846 0.607666 0.016276 0.072266
0 0.834473 0.111572 0.027018 0.043457
0 0.257324 0.107666 0.025065 0.046387
0 0.351400 0.084229 0.074544 0.015137
0 0.347982 0.702393 0.055339 0.017090
0 0.874512 0.631104 0.016602 0.056641
0 0.787760 0.286011 0.065104 0.012451
0 0.903971 0.642822 0.013021 0.059082
0 0.950521 0.541260 0.015625 0.048828
0 0.327474 0.069946 0.054688 0.012451
0 0.301921 0.009399 0.038086 0.016357
0 0.476888 0.003906 0.054688 0.007812
0 0.937012 0.194946 0.016602 0.022705
0 0.018066 0.069214 0.032878 0.010986
0 0.648275 0.978760 0.029622 0.012207
0 0.674805 0.521362 0.020182 0.009033
0 0.978678 0.276978 0.009440 0.014893
0 0.985514 0.335571 0.009440 0.012451
0 0.995117 0.282104 0.007812 0.014893
