0 0.590658 0.670166 0.136393 0.062012
0 0.220703 0.731445 0.153646 0.048828
0 0.226888 0.676636 0.061849 0.074951
0 0.153971 0.734009 0.041016 0.106201
0 0.376139 0.830322 0.040690 0.105957
0 0.379557 0.629761 0.054688 0.074951
0 0.539388 0.630127 0.047526 0.085938
0 0.305827 0.834229 0.045898 0.082520
0 0.359701 0.289917 0.104818 0.035889
0 0.464355 0.193237 0.092122 0.040283
0 0.331055 0.930664 0.047526 0.072266
0 0.721680 0.615112 0.113932 0.030029
0 0.316732 0.045166 0.046875 0.066895
0 0.178223 0.585449 0.047852 0.064453
0 0.371908 0.943237 0.045898 0.065186
0 0.650065 0.618408 0.081380 0.036621
0 0.907389 0.602539 0.040690 0.072266
0 0.685221 0.338745 0.041016 0.071045
0 0.947266 0.861572 0.044271 0.064453
0 0.450846 0.592041 0.078776 0.035645
0 0.919271 0.768799 0.078125 0.035156
0 0.575846 0.222290 0.044271 0.061768
0 0.160970 0.487915 0.040690 0.067139
0 0.259928 0.821289 0.030273 0.087891
0 0.619303 0.106079 0.040690 0.063721
0 0.476888 0.286133 0.026693 0.095703
0 0.707845 0.760010 0.037435 0.064453
0 0.409180 0.309570 0.072266 0.033203
0 0.348307 0.632812 0.033854 0.070312
0 0.230306 0.826416 0.027018 0.087891
0 0.644857 0.704102 0.091797 0.025391
0 0.595052 0.201416 0.033854 0.066895
0 0.491699 0.439087 0.035482 0.063232
0 0.515951 0.847900 0.070312 0.031738
0 0.707845 0.886353 0.071940 0.030518
0 0.317220 0.552979 0.040690 0.051270
0 0.467773 0.764526 0.078125 0.026611
0 0.741211 0.352417 0.067708 0.030518
0 0.890137 0.047363 0.040690 0.050781
0 0.351562 0.352173 0.067708 0.030029
0 0.766764 0.715698 0.071940 0.028076
0 0.641439 0.340332 0.071289 0.027344
0 0.272135 0.446289 0.033854 0.056641
0 0.178223 0.720947 0.068685 0.027832
0 0.846680 0.830933 0.078776 0.024170
0 0.747721 0.462891 0.068359 0.027344
0 0.595052 0.942261 0.033854 0.053955
0 0.291178 0.852539 0.071940 0.025391
0 0.412109 0.598633 0.036458 0.048828
0 0.883138 0.555176 0.026693 0.066406
0 0.598307 0.394165 0.033854 0.051514
0 0.549805 0.871948 0.075521 0.022705
0 0.901367 0.325073 0.028646 0.059326
0 0.277181 0.036987 0.030273 0.055908
0 0.265951 0.743164 0.065104 0.025391
0 0.443848 0.447510 0.071940 0.022949
0 0.192220 0.119141 0.027018 0.058594
0 0.728678 0.219604 0.030273 0.051514
0 0.888346 0.930176 0.030599 0.050781
0 0.763346 0.200806 0.023438 0.065674
0 0.365723 0.545166 0.027018 0.056641
0 0.212891 0.073853 0.075521 0.020264
0 0.280599 0.892822 0.023438 0.064453
0 0.195638 0.792480 0.026693 0.056641
0 0.670410 0.827759 0.025065 0.059326
0 0.278971 0.762573 0.033854 0.043701
0 0.589844 0.030884 0.065104 0.022705
0 0.414388 0.933838 0.068359 0.021484
0 0.780273 0.661011 0.064453 0.022705
0 0.488932 0.709229 0.023438 0.062012
0 0.311523 0.047852 0.057292 0.025391
0 0.843262 0.563354 0.030273 0.046143
0 0.514974 0.498291 0.054688 0.025391
0 0.813639 0.781738 0.027018 0.050781
0 0.592773 0.724854 0.029297 0.046387
0 0.850260 0.381714 0.023438 0.057861
0 0.759440 0.817993 0.070964 0.018799
0 0.761556 0.769775 0.082357 0.016113
0 0.185221 0.056885 0.075521 0.017578
0 0.697266 0.790039 0.023438 0.056641
0 0.867513 0.612915 0.065104 0.020264
0 0.843262 0.510376 0.071940 0.018311
0 0.454264 0.377197 0.030273 0.043457
0 0.383138 0.098633 0.020182 0.064453
0 0.798177 0.568604 0.065104 0.020020
0 0.238932 0.556885 0.023438 0.054199
0 0.759928 0.929199 0.071940 0.017578
0 0.200846 0.334961 0.023438 0.052734
0 0.747721 0.847290 0.026693 0.046143
0 0.575846 0.497925 0.030599 0.040283
0 0.324056 0.235229 0.019857 0.061768
0 0.861816 0.250854 0.081706 0.014893
0 0.608724 0.636963 0.075521 0.016113
0 0.166178 0.869019 0.071940 0.016846
0 0.162760 0.761353 0.023438 0.051514
0 0.620931 0.771118 0.030273 0.039795
0 0.577637 0.736572 0.019857 0.059082
0 0.892741 0.694824 0.066732 0.017578
0 0.518229 0.106689 0.026042 0.044434
0 0.561849 0.119385 0.065104 0.017578
0 0.660970 0.716309 0.082357 0.013672
0 0.436523 0.624512 0.022786 0.048828
0 0.372721 0.430542 0.054688 0.020264
0 0.145345 0.161133 0.016602 0.064453
0 0.907389 0.043823 0.019857 0.053955
0 0.743001 0.637573 0.024414 0.043701
0 0.721191 0.914917 0.029622 0.035889
0 0.544596 0.220947 0.016276 0.064453
0 0.542806 0.463135 0.027018 0.038574
0 0.647461 0.495728 0.069661 0.014893
0 0.553223 0.058838 0.047852 0.021484
0 0.287598 0.702637 0.058268 0.017578
0 0.935221 0.867432 0.020182 0.050293
0 0.242839 0.067383 0.057292 0.017578
0 0.482585 0.362793 0.024414 0.041016
0 0.541504 0.439697 0.079753 0.012207
0 0.693522 0.489746 0.071289 0.013672
0 0.921387 0.470581 0.019857 0.048096
0 0.910970 0.454712 0.019857 0.047607
0 0.525553 0.748291 0.019857 0.046387
0 0.775553 0.573853 0.061523 0.014893
0 0.339681 0.835938 0.016602 0.054688
0 0.898763 0.418823 0.072266 0.012451
0 0.629720 0.385986 0.019857 0.045410
0 0.400065 0.557495 0.026042 0.034424
0 0.848307 0.173462 0.054688 0.016357
0 0.165690 0.899414 0.015625 0.056641
0 0.888346 0.231079 0.023438 0.037842
0 0.492513 0.776978 0.057943 0.014893
0 0.516764 0.076172 0.016602 0.050781
0 0.850098 0.429199 0.016602 0.048828
0 0.187012 0.666260 0.016602 0.048828
0 0.426595 0.095947 0.016602 0.048828
0 0.402344 0.541260 0.065104 0.012207
0 0.348470 0.859619 0.019857 0.039551
0 0.170898 0.206543 0.018880 0.041016
0 0.153971 0.275635 0.013021 0.059082
0 0.462240 0.460571 0.059896 0.012451
0 0.864095 0.882080 0.016602 0.042969
0 0.814941 0.409424 0.050456 0.014160
0 0.557943 0.257446 0.057292 0.012451
0 0.519857 0.413696 0.015625 0.043701
0 0.549805 0.510010 0.020182 0.033203
0 0.555013 0.143799 0.016276 0.040527
0 0.139648 0.706665 0.012370 0.051514
0 0.144857 0.534424 0.015625 0.040527
0 0.872233 0.536133 0.012044 0.048828
0 0.169596 0.167603 0.016276 0.035889
0 0.745931 0.693604 0.037435 0.015137
0 0.846680 0.739868 0.016276 0.034424
0 0.155273 0.072510 0.043620 0.012207
0 0.695150 0.364136 0.012044 0.043701
0 0.519368 0.703735 0.056315 0.009033
0 0.219889 0.508789 0.019857 0.025391
0 0.709635 0.468384 0.013021 0.038330
0 0.582845 0.011230 0.051107 0.009766
0 0.846680 0.230103 0.016276 0.030518
0 0.504557 0.149048 0.054688 0.009033
0 0.282064 0.589355 0.012044 0.041016
0 0.820638 0.209595 0.013021 0.036377
0 0.449544 0.351807 0.034505 0.013672
0 0.681803 0.478149 0.040690 0.010986
0 0.674805 0.737793 0.041016 0.009766
0 0.384928 0.012573 0.016602 0.022705
0 0.633138 0.573120 0.041016 0.008545
0 0.844564 0.492798 0.012044 0.024658
0 0.982096 0.274292 0.009766 0.014893
