0 0.461589 0.750854 0.114583 0.051514
0 0.360677 0.739258 0.065104 0.080078
0 0.138346 0.603760 0.057943 0.085449
0 0.591471 0.575073 0.061849 0.074951
0 0.815430 0.106079 0.057943 0.079346
0 0.278971 0.918945 0.124349 0.033203
0 0.506836 0.621948 0.135417 0.028076
0 0.212077 0.684570 0.053060 0.064453
0 0.631348 0.740479 0.051107 0.066895
0 0.525553 0.942261 0.082357 0.038330
0 0.235514 0.550415 0.051107 0.061768
0 0.485189 0.677979 0.043294 0.072266
0 0.504720 0.308105 0.040690 0.072266
0 0.464844 0.884399 0.085938 0.031982
0 0.886556 0.098633 0.082357 0.033203
0 0.567220 0.909790 0.040690 0.067139
0 0.185221 0.348511 0.117188 0.022705
0 0.789388 0.355103 0.033854 0.077393
0 0.181803 0.444580 0.040690 0.063965
0 0.756510 0.344727 0.044271 0.056641
0 0.389974 0.834839 0.075521 0.031982
0 0.509928 0.484985 0.030273 0.079346
0 0.285807 0.378174 0.096354 0.024902
0 0.808431 0.254883 0.071940 0.033203
0 0.692057 0.559204 0.033854 0.069092
0 0.147135 0.310791 0.075521 0.030762
0 0.232096 0.091309 0.078776 0.029297
0 0.254720 0.842041 0.040690 0.056641
0 0.325033 0.585571 0.097982 0.022705
0 0.206055 0.385010 0.041016 0.054199
0 0.688639 0.636963 0.082357 0.026855
0 0.625326 0.842041 0.039062 0.056641
0 0.346680 0.687134 0.030599 0.069580
0 0.198242 0.541260 0.039062 0.054199
0 0.907389 0.677979 0.068685 0.030762
0 0.821452 0.739136 0.035482 0.059326
0 0.299805 0.186401 0.075521 0.026611
0 0.743815 0.875610 0.081380 0.024658
0 0.225098 0.806152 0.092773 0.021484
0 0.598470 0.443604 0.027018 0.072266
0 0.726400 0.135010 0.040039 0.048828
0 0.806315 0.939697 0.039714 0.048828
0 0.601888 0.597168 0.033854 0.056641
0 0.699056 0.676270 0.068685 0.027344
0 0.207845 0.873901 0.037435 0.050049
0 0.582845 0.729370 0.037435 0.050049
0 0.353678 0.644043 0.071940 0.025391
0 0.303385 0.426636 0.033854 0.053955
0 0.549805 0.898071 0.033854 0.053955
0 0.714355 0.468628 0.022461 0.080811
0 0.742513 0.417603 0.023438 0.077393
0 0.763346 0.619385 0.030599 0.059082
0 0.808431 0.025269 0.037435 0.048096
0 0.271973 0.092041 0.089518 0.020020
0 0.502930 0.254761 0.078776 0.022705
0 0.692057 0.414917 0.033854 0.051514
0 0.808431 0.920166 0.030273 0.056641
0 0.743815 0.800049 0.033203 0.050781
0 0.834473 0.269165 0.082357 0.020264
0 0.372721 0.340088 0.061849 0.026855
0 0.367513 0.058105 0.065104 0.025391
0 0.660807 0.514648 0.075521 0.021484
0 0.454264 0.738892 0.071940 0.022217
0 0.770182 0.896118 0.065104 0.024170
0 0.773763 0.750488 0.023438 0.066406
0 0.909180 0.253174 0.030599 0.050781
0 0.792969 0.566040 0.075521 0.020264
0 0.409180 0.542847 0.057943 0.026123
0 0.525553 0.702393 0.068685 0.021973
0 0.480469 0.408813 0.033854 0.044189
0 0.160807 0.498291 0.096354 0.015137
0 0.235677 0.154541 0.023438 0.062012
0 0.395345 0.579956 0.030273 0.048096
0 0.462565 0.905884 0.033203 0.043701
0 0.773763 0.927612 0.023438 0.061279
0 0.578451 0.636353 0.070312 0.020264
0 0.261719 0.145752 0.033854 0.041504
0 0.552897 0.299072 0.060872 0.022949
0 0.884766 0.934448 0.023438 0.059326
0 0.200846 0.172119 0.030599 0.044922
0 0.430339 0.473511 0.031250 0.043701
0 0.515137 0.411743 0.027018 0.050049
0 0.877930 0.499634 0.030599 0.043701
0 0.759766 0.485352 0.023438 0.056641
0 0.915365 0.638916 0.028646 0.046387
0 0.266927 0.039917 0.065104 0.020264
0 0.240397 0.450806 0.032878 0.039795
0 0.841471 0.304199 0.026693 0.048828
0 0.434408 0.797363 0.025065 0.050781
0 0.566732 0.551758 0.026042 0.048828
0 0.627930 0.770508 0.072266 0.017578
0 0.543783 0.623291 0.063477 0.020020
0 0.351074 0.414307 0.053060 0.023926
0 0.318848 0.619385 0.071940 0.017578
0 0.218587 0.309570 0.071289 0.017578
0 0.146973 0.615479 0.027018 0.046387
0 0.494303 0.568604 0.082357 0.015137
0 0.370931 0.456543 0.030273 0.041016
0 0.166178 0.138916 0.030273 0.041016
0 0.803223 0.067261 0.027018 0.043701
0 0.270182 0.627930 0.085938 0.013672
0 0.174805 0.127197 0.026693 0.043457
0 0.478516 0.603760 0.065104 0.017578
0 0.103516 0.325195 0.023438 0.048828
0 0.261068 0.468384 0.026042 0.043701
0 0.898763 0.781860 0.078776 0.014404
0 0.233724 0.188354 0.054688 0.020264
0 0.347656 0.138184 0.018229 0.060547
0 0.310221 0.679321 0.020182 0.053955
0 0.306315 0.310791 0.026042 0.041016
0 0.869303 0.283447 0.027018 0.038574
0 0.652344 0.562134 0.023438 0.043701
0 0.447428 0.498291 0.051107 0.020020
0 0.160482 0.756714 0.060547 0.016357
0 0.874512 0.632446 0.079102 0.012451
0 0.341471 0.213135 0.020182 0.048828
0 0.259766 0.685791 0.065104 0.015137
0 0.496094 0.105103 0.065104 0.014893
0 0.669271 0.605103 0.015625 0.061768
0 0.601888 0.444946 0.075521 0.012451
0 0.124512 0.182861 0.016602 0.056152
0 0.903971 0.360229 0.020182 0.046143
0 0.336263 0.852539 0.016276 0.056641
0 0.905762 0.736572 0.051107 0.017578
0 0.452637 0.272949 0.027018 0.033203
0 0.670898 0.941650 0.018880 0.047363
0 0.450846 0.228760 0.072266 0.012207
0 0.768555 0.819946 0.020182 0.043701
0 0.745443 0.754761 0.015625 0.053955
0 0.697266 0.214478 0.023438 0.035889
0 0.357096 0.568604 0.023438 0.035645
0 0.242513 0.638916 0.023438 0.035645
0 0.191243 0.655762 0.025065 0.033203
0 0.613932 0.786011 0.065104 0.012451
0 0.867513 0.246948 0.065104 0.012451
0 0.412598 0.504883 0.016602 0.048828
0 0.933105 0.895386 0.064128 0.012451
0 0.582845 0.417603 0.016602 0.046143
0 0.325358 0.179199 0.043294 0.017578
0 0.742513 0.711548 0.016276 0.045654
0 0.703451 0.070557 0.021484 0.034668
0 0.843262 0.491821 0.016602 0.043701
0 0.554688 0.568604 0.015625 0.046387
0 0.164388 0.090820 0.041016 0.017578
0 0.194010 0.063354 0.023438 0.030518
0 0.867513 0.136353 0.023438 0.030518
0 0.879720 0.770508 0.040690 0.017578
0 0.370605 0.533203 0.058919 0.011719
0 0.414388 0.715698 0.054688 0.012451
0 0.162598 0.680298 0.016602 0.040283
0 0.509766 0.930542 0.044271 0.014893
0 0.631348 0.663696 0.016602 0.038330
0 0.193034 0.128418 0.014974 0.041016
0 0.785970 0.030884 0.047852 0.012451
0 0.709635 0.489868 0.013021 0.039795
0 0.874512 0.670166 0.016602 0.030762
0 0.181315 0.672852 0.012370 0.041016
0 0.400553 0.599854 0.019857 0.025391
0 0.537272 0.373291 0.050456 0.009766
0 0.824219 0.029541 0.013021 0.035645
0 0.893229 0.612793 0.046875 0.009766
0 0.864095 0.832275 0.016602 0.026855
0 0.907552 0.749268 0.033854 0.011719
0 0.681315 0.141479 0.012370 0.030518
0 0.561849 0.270386 0.023438 0.007080
0 0.004232 0.415527 0.005208 0.021484
