0 0.409180 0.923340 0.072266 0.099609
0 0.209473 0.381104 0.103190 0.046387
0 0.480306 0.642822 0.103190 0.038574
0 0.233724 0.246948 0.054688 0.069580
0 0.285970 0.353760 0.047852 0.074707
0 0.909180 0.817383 0.051432 0.064453
0 0.712565 0.927612 0.102214 0.030029
0 0.426107 0.693604 0.091797 0.030762
0 0.593262 0.514282 0.037435 0.072998
0 0.779297 0.394165 0.088542 0.030518
0 0.706055 0.814697 0.041016 0.064453
0 0.481608 0.262939 0.043294 0.060059
0 0.639974 0.764648 0.117188 0.021484
0 0.826823 0.869385 0.039062 0.064453
0 0.824056 0.675415 0.040690 0.061768
0 0.187012 0.627197 0.071940 0.033203
0 0.610677 0.801636 0.044271 0.053955
0 0.784180 0.578979 0.030599 0.077393
0 0.548828 0.723511 0.039062 0.059326
0 0.417806 0.046509 0.082357 0.028076
0 0.358887 0.175049 0.040690 0.056152
0 0.895345 0.609009 0.099935 0.022705
0 0.467773 0.568604 0.036458 0.062012
0 0.517741 0.705322 0.032227 0.069824
0 0.327474 0.934448 0.096354 0.022705
0 0.320638 0.541260 0.033854 0.064453
0 0.770182 0.185791 0.085938 0.025391
0 0.754720 0.725830 0.040690 0.053223
0 0.768555 0.791260 0.075521 0.027832
0 0.535970 0.144165 0.068685 0.030518
0 0.591471 0.447510 0.089193 0.022949
0 0.850098 0.140259 0.037435 0.053955
0 0.784180 0.234009 0.037109 0.053955
0 0.395345 0.608643 0.071940 0.027344
0 0.614095 0.485229 0.037435 0.051514
0 0.666178 0.411987 0.030273 0.061279
0 0.570638 0.515259 0.033854 0.053955
0 0.919596 0.648071 0.030599 0.059326
0 0.855306 0.186523 0.082357 0.021484
0 0.803385 0.107666 0.033854 0.051270
0 0.702637 0.710571 0.061523 0.028076
0 0.289388 0.494385 0.026693 0.064453
0 0.210775 0.356323 0.022461 0.074951
0 0.691243 0.432861 0.025065 0.066406
0 0.301432 0.325073 0.023438 0.069580
0 0.641439 0.240479 0.105794 0.015137
0 0.236816 0.299072 0.032878 0.048828
0 0.709473 0.580322 0.027018 0.059082
0 0.687826 0.828003 0.031901 0.049561
0 0.456055 0.672729 0.103516 0.014893
0 0.831543 0.345703 0.034831 0.042969
0 0.603678 0.077637 0.030273 0.048828
0 0.319010 0.207886 0.065104 0.022705
0 0.553223 0.072510 0.027018 0.054199
0 0.190104 0.729980 0.057292 0.025391
0 0.382324 0.209961 0.066732 0.021484
0 0.368815 0.523071 0.026042 0.053955
0 0.839681 0.818604 0.030273 0.046387
0 0.886719 0.763916 0.033854 0.041016
0 0.790690 0.624512 0.078125 0.017578
0 0.622721 0.420166 0.068359 0.020020
0 0.539388 0.461792 0.020182 0.067139
0 0.732096 0.864136 0.030599 0.043701
0 0.847982 0.219238 0.026042 0.050781
0 0.674805 0.345947 0.026693 0.048828
0 0.544596 0.865234 0.065104 0.019531
0 0.308594 0.588135 0.023438 0.054199
0 0.555013 0.516846 0.030599 0.041504
0 0.350260 0.473511 0.023438 0.053955
0 0.342285 0.345337 0.077148 0.016357
0 0.942057 0.853760 0.054688 0.022949
0 0.407389 0.318604 0.027018 0.046387
0 0.751302 0.317261 0.054688 0.022705
0 0.697428 0.290039 0.030273 0.041016
0 0.351888 0.108276 0.075521 0.016357
0 0.680013 0.484985 0.030599 0.040283
0 0.760742 0.689697 0.052734 0.022949
0 0.440430 0.347290 0.023438 0.051514
0 0.466471 0.085449 0.068359 0.017578
0 0.541178 0.263916 0.079102 0.015137
0 0.604980 0.568604 0.019206 0.062012
0 0.608398 0.721924 0.026042 0.045410
0 0.443848 0.908447 0.030273 0.038574
0 0.828939 0.266479 0.022461 0.051514
0 0.395182 0.543945 0.023438 0.048828
0 0.867513 0.424072 0.023438 0.048828
0 0.708659 0.370728 0.018229 0.061768
0 0.282389 0.766602 0.019857 0.056641
0 0.921387 0.563477 0.019857 0.056641
0 0.737305 0.816040 0.054688 0.020264
0 0.877930 0.693604 0.072266 0.015137
0 0.516927 0.573853 0.023438 0.046143
0 0.858887 0.494385 0.061523 0.017578
0 0.391927 0.477417 0.023438 0.046143
0 0.410970 0.254761 0.019857 0.053955
0 0.747721 0.596924 0.075521 0.014160
0 0.681641 0.682861 0.054688 0.019531
0 0.410970 0.093018 0.047852 0.021973
0 0.560221 0.112915 0.020182 0.051514
0 0.188639 0.517822 0.027018 0.038574
0 0.782389 0.494019 0.061523 0.016846
0 0.666178 0.844604 0.051107 0.020264
0 0.230306 0.084961 0.047852 0.021484
0 0.303223 0.524902 0.027018 0.037109
0 0.487305 0.452637 0.020182 0.048828
0 0.357096 0.726196 0.078776 0.012451
0 0.471680 0.095581 0.057943 0.016846
0 0.372721 0.058228 0.047526 0.020264
0 0.327474 0.260010 0.054688 0.017578
0 0.485677 0.407227 0.023438 0.041016
0 0.522949 0.486572 0.021810 0.043457
0 0.587077 0.853760 0.053060 0.017578
0 0.289388 0.219238 0.047526 0.019531
0 0.627441 0.284668 0.022461 0.041016
0 0.728678 0.119385 0.016602 0.054199
0 0.238932 0.222290 0.044271 0.020264
0 0.501139 0.179199 0.027018 0.033203
0 0.584473 0.093262 0.027018 0.033203
0 0.732422 0.439697 0.072917 0.012207
0 0.633138 0.403198 0.020182 0.043701
0 0.657389 0.486572 0.019857 0.043457
0 0.923014 0.388916 0.016602 0.051270
0 0.645182 0.149292 0.023438 0.035889
0 0.732096 0.021362 0.057943 0.014404
0 0.674805 0.287354 0.020182 0.041016
0 0.643555 0.693604 0.054688 0.015137
0 0.560221 0.188354 0.054688 0.014893
0 0.254720 0.165039 0.019857 0.041016
0 0.759928 0.220581 0.016602 0.048096
0 0.556803 0.758423 0.019857 0.040283
0 0.891764 0.584839 0.016602 0.047607
0 0.916016 0.835449 0.023438 0.033203
0 0.711263 0.108643 0.023438 0.032715
0 0.312012 0.487549 0.016602 0.045410
0 0.546387 0.113892 0.019857 0.037842
0 0.617025 0.208008 0.022461 0.033203
0 0.280762 0.595947 0.016602 0.043457
0 0.214681 0.502197 0.016602 0.043457
0 0.607096 0.282104 0.023438 0.030518
0 0.754720 0.812012 0.040690 0.017578
0 0.719889 0.137695 0.040690 0.017578
0 0.659180 0.319946 0.016276 0.043701
0 0.563151 0.832642 0.041667 0.016846
0 0.794596 0.270020 0.016276 0.042969
0 0.480306 0.521484 0.019857 0.035156
0 0.169596 0.241211 0.023438 0.029297
0 0.346680 0.205078 0.057943 0.011719
0 0.775065 0.614136 0.054036 0.012451
0 0.752116 0.334229 0.042643 0.015137
0 0.379557 0.575195 0.013021 0.048828
0 0.913900 0.250854 0.012044 0.051514
0 0.733887 0.289917 0.019857 0.030518
0 0.695150 0.334229 0.040039 0.015137
0 0.766764 0.095703 0.051107 0.011719
0 0.728678 0.401245 0.016602 0.035889
0 0.182129 0.114136 0.045247 0.012451
0 0.600098 0.642212 0.051107 0.010986
0 0.386719 0.498901 0.013021 0.042236
0 0.950846 0.691040 0.037109 0.014893
0 0.598470 0.166260 0.019857 0.027832
0 0.718262 0.458008 0.016602 0.033203
0 0.523763 0.830322 0.016276 0.033203
0 0.707845 0.087769 0.016602 0.032471
0 0.262858 0.202759 0.043294 0.012451
0 0.405273 0.744385 0.043620 0.012207
0 0.675130 0.176636 0.041667 0.012451
0 0.284180 0.420166 0.051432 0.009766
0 0.660807 0.605103 0.033854 0.014893
0 0.296224 0.759644 0.013021 0.037842
0 0.817057 0.433838 0.013021 0.037109
0 0.454264 0.223511 0.016602 0.028076
0 0.796224 0.055176 0.013021 0.035156
0 0.395345 0.319946 0.016602 0.022705
0 0.555013 0.246948 0.016276 0.022705
0 0.881022 0.808838 0.029622 0.011230
0 0.756022 0.307861 0.029622 0.009277
0 0.611979 0.522705 0.026042 0.006348
