0 0.789388 0.912354 0.145182 0.051270
0 0.367513 0.897949 0.065104 0.095703
0 0.242513 0.386230 0.106771 0.041016
0 0.600260 0.692993 0.106771 0.039795
0 0.853190 0.434814 0.057292 0.070312
0 0.662598 0.302979 0.051107 0.077637
0 0.789876 0.093994 0.097331 0.039551
0 0.569824 0.944946 0.094727 0.038330
0 0.792806 0.885010 0.047852 0.074707
0 0.908691 0.732666 0.043294 0.077637
0 0.796224 0.274292 0.096354 0.030518
0 0.723796 0.544434 0.048503 0.060547
0 0.271159 0.146729 0.046224 0.062012
0 0.907389 0.366821 0.047852 0.059326
0 0.518555 0.158081 0.041016 0.069092
0 0.523763 0.219604 0.078776 0.035889
0 0.579264 0.498291 0.079102 0.035645
0 0.398763 0.457886 0.030599 0.085205
0 0.433105 0.606323 0.092122 0.028076
0 0.443848 0.194580 0.079102 0.032715
0 0.880046 0.276855 0.034831 0.072266
0 0.338053 0.641479 0.082357 0.030518
0 0.408366 0.657227 0.042643 0.056641
0 0.874512 0.330322 0.030273 0.074707
0 0.563802 0.541870 0.033854 0.065674
0 0.402181 0.702759 0.079102 0.028076
0 0.676595 0.395386 0.037435 0.059326
0 0.545410 0.537354 0.025065 0.087891
0 0.193848 0.258789 0.030273 0.072266
0 0.477376 0.423096 0.034831 0.062500
0 0.679036 0.615479 0.070312 0.030762
0 0.577637 0.847290 0.068685 0.030518
0 0.784180 0.817261 0.072266 0.028076
0 0.735514 0.102539 0.079102 0.025391
0 0.766764 0.611572 0.071940 0.027832
0 0.301595 0.265137 0.030273 0.064453
0 0.763346 0.651611 0.065104 0.029785
0 0.864095 0.706299 0.037435 0.050781
0 0.457845 0.518799 0.030273 0.061035
0 0.799805 0.676392 0.082682 0.022217
0 0.459147 0.185425 0.074544 0.024658
0 0.787760 0.015259 0.065104 0.028076
0 0.603678 0.141602 0.071940 0.025391
0 0.370931 0.967041 0.071940 0.025391
0 0.737305 0.687012 0.103516 0.017578
0 0.662760 0.486572 0.065104 0.027832
0 0.518555 0.776978 0.026693 0.067139
0 0.721680 0.025269 0.037109 0.048096
0 0.318034 0.291260 0.035807 0.048828
0 0.881348 0.674683 0.071940 0.024170
0 0.429199 0.455322 0.035482 0.048828
0 0.914388 0.265137 0.026693 0.064453
0 0.353678 0.901001 0.092773 0.018311
0 0.423177 0.534668 0.023438 0.072266
0 0.540365 0.668213 0.028646 0.058105
0 0.737305 0.965088 0.061849 0.026855
0 0.586263 0.900635 0.072266 0.022949
0 0.360514 0.072754 0.030273 0.054688
0 0.589844 0.659668 0.065104 0.025391
0 0.569336 0.630859 0.024089 0.066406
0 0.247721 0.102539 0.061849 0.025391
0 0.902181 0.498291 0.030273 0.051270
0 0.399740 0.401855 0.059896 0.025391
0 0.763346 0.036377 0.030599 0.049316
0 0.812012 0.779541 0.058268 0.025391
0 0.697266 0.121948 0.065104 0.022705
0 0.887858 0.205688 0.029622 0.049561
0 0.582031 0.443359 0.028646 0.050781
0 0.752930 0.238525 0.030599 0.047363
0 0.811849 0.849121 0.023438 0.060547
0 0.374349 0.798340 0.065104 0.021484
0 0.237305 0.146729 0.033854 0.041016
0 0.518555 0.073730 0.054688 0.025391
0 0.805013 0.056885 0.078776 0.017578
0 0.586263 0.249634 0.030599 0.043701
0 0.506510 0.855103 0.065104 0.020264
0 0.344889 0.067383 0.027018 0.048828
0 0.782389 0.142822 0.027018 0.048828
0 0.448242 0.618042 0.025391 0.051514
0 0.653483 0.700806 0.032878 0.039795
0 0.402344 0.049683 0.023438 0.055420
0 0.521973 0.507324 0.019857 0.064453
0 0.547689 0.396729 0.022461 0.056641
0 0.301432 0.408447 0.023438 0.054199
0 0.607096 0.582886 0.023438 0.053955
0 0.287760 0.762573 0.023438 0.053955
0 0.182617 0.437134 0.028646 0.043701
0 0.886556 0.597290 0.061523 0.020264
0 0.621094 0.539917 0.023438 0.051514
0 0.815430 0.584229 0.078776 0.015137
0 0.550781 0.058472 0.028646 0.041748
0 0.674316 0.046143 0.053711 0.021973
0 0.713053 0.385010 0.027018 0.043457
0 0.864095 0.392822 0.051107 0.022949
0 0.721680 0.559448 0.030599 0.038330
0 0.919596 0.111938 0.023438 0.049561
0 0.551595 0.773071 0.051107 0.022705
0 0.180013 0.150635 0.023438 0.048828
0 0.315430 0.788086 0.030599 0.037109
0 0.659993 0.429932 0.025065 0.044922
0 0.369303 0.375977 0.027018 0.041016
0 0.646973 0.463135 0.089518 0.012207
0 0.414388 0.138916 0.054688 0.020020
0 0.881510 0.748291 0.023438 0.046387
0 0.472982 0.540039 0.026042 0.041016
0 0.706055 0.232422 0.054688 0.019531
0 0.834473 0.165527 0.019857 0.052734
0 0.186523 0.279541 0.029297 0.035645
0 0.583984 0.534058 0.026042 0.039795
0 0.626139 0.755737 0.068685 0.014404
0 0.445638 0.733032 0.047526 0.020752
0 0.711263 0.535034 0.023438 0.041748
0 0.791016 0.698853 0.065104 0.014893
0 0.327637 0.608887 0.019857 0.048828
0 0.369303 0.417603 0.047852 0.020264
0 0.381348 0.465088 0.016602 0.058105
0 0.362305 0.467651 0.020182 0.047607
0 0.223307 0.733887 0.054688 0.017578
0 0.558594 0.245605 0.023438 0.041016
0 0.664388 0.149292 0.020182 0.046143
0 0.638346 0.849854 0.016276 0.056641
0 0.351888 0.583618 0.026693 0.034424
0 0.479818 0.341797 0.026042 0.035156
0 0.283691 0.349243 0.022461 0.039795
0 0.747721 0.786987 0.061849 0.014404
0 0.146647 0.446167 0.019206 0.046143
0 0.239421 0.445557 0.017253 0.050293
0 0.650553 0.213135 0.019857 0.043457
0 0.301595 0.698853 0.016602 0.051514
0 0.504720 0.366821 0.068685 0.012451
0 0.766927 0.183472 0.023438 0.036377
0 0.395182 0.305542 0.023438 0.035889
0 0.527181 0.905151 0.051107 0.016357
0 0.574219 0.673462 0.075521 0.010986
0 0.604492 0.182617 0.059896 0.013672
0 0.647135 0.188354 0.054688 0.014893
0 0.490723 0.407227 0.019857 0.041016
0 0.376302 0.868042 0.054688 0.014893
0 0.907389 0.092041 0.019857 0.041016
0 0.891927 0.801636 0.065104 0.012451
0 0.919596 0.067383 0.016276 0.048828
0 0.693034 0.368652 0.014974 0.052734
0 0.764323 0.728516 0.018229 0.042969
0 0.454264 0.784668 0.079102 0.009766
0 0.433431 0.482666 0.016602 0.046387
0 0.696940 0.267822 0.015625 0.048828
0 0.541178 0.286987 0.016602 0.045654
0 0.450846 0.529541 0.016276 0.046387
0 0.348470 0.527588 0.019857 0.037109
0 0.653971 0.538330 0.061849 0.011719
0 0.681641 0.848511 0.054688 0.012451
0 0.247721 0.210449 0.020182 0.033203
0 0.569010 0.464478 0.044271 0.014893
0 0.458659 0.922729 0.018229 0.035889
0 0.211263 0.447510 0.051432 0.012207
0 0.690430 0.325073 0.016276 0.038330
0 0.539388 0.478149 0.013021 0.047607
0 0.891276 0.723267 0.036458 0.016846
0 0.494303 0.758667 0.019857 0.030518
0 0.858887 0.081665 0.040690 0.014893
0 0.897135 0.164917 0.013021 0.046143
0 0.631348 0.132080 0.051107 0.011719
0 0.490723 0.164673 0.019857 0.030029
0 0.544596 0.128540 0.016276 0.035889
0 0.818848 0.795166 0.037435 0.015137
0 0.284180 0.049072 0.044271 0.012207
0 0.765137 0.159058 0.019857 0.024170
0 0.548014 0.616821 0.016602 0.028076
0 0.391764 0.348145 0.016602 0.027344
0 0.440430 0.118164 0.044271 0.009766
0 0.607096 0.625244 0.051432 0.008301
0 0.332845 0.321289 0.016602 0.025391
0 0.610514 0.613525 0.037435 0.011230
0 0.638346 0.051636 0.016276 0.022705
0 0.532064 0.067993 0.040039 0.008545
0 0.707845 0.206665 0.016602 0.020264
0 0.388021 0.667236 0.015625 0.019531
0 0.511719 0.681885 0.013021 0.022949
0 0.721354 0.328369 0.015625 0.019043
0 0.006348 0.414307 0.009440 0.023926
0 0.490397 0.635620 0.012044 0.018799
0 0.447266 0.591431 0.023438 0.008545
0 0.666178 0.500854 0.009440 0.020264
0 0.985514 0.274292 0.009440 0.014893
