0 0.806803 0.904541 0.124023 0.046387
0 0.528971 0.541260 0.124349 0.038574
0 0.676921 0.110229 0.121419 0.035889
0 0.862305 0.490479 0.103516 0.041016
0 0.802734 0.199463 0.046875 0.083984
0 0.726888 0.495728 0.041016 0.093018
0 0.471680 0.845947 0.044271 0.080078
0 0.384928 0.648682 0.092773 0.034668
0 0.231120 0.866089 0.049479 0.063232
0 0.638346 0.391479 0.099609 0.030518
0 0.662760 0.927979 0.044271 0.066895
0 0.240723 0.328979 0.082357 0.035889
0 0.270345 0.099609 0.141602 0.019531
0 0.832682 0.941040 0.085938 0.030518
0 0.613932 0.922729 0.085938 0.030518
0 0.751302 0.822510 0.075521 0.033203
0 0.865723 0.343628 0.040690 0.059814
0 0.930013 0.890259 0.085938 0.028076
0 0.814128 0.511230 0.041667 0.056641
0 0.916178 0.842041 0.092773 0.025391
0 0.809408 0.581909 0.032227 0.072998
0 0.227702 0.164062 0.042643 0.054688
0 0.504557 0.683228 0.075521 0.030518
0 0.241699 0.793823 0.042643 0.053955
0 0.271647 0.606445 0.032878 0.064453
0 0.921387 0.873291 0.082357 0.025391
0 0.334473 0.526855 0.082357 0.025391
0 0.691732 0.818604 0.033203 0.062012
0 0.569824 0.486572 0.073893 0.027832
0 0.305990 0.256104 0.101562 0.020020
0 0.410970 0.580933 0.040690 0.050049
0 0.895345 0.334229 0.037435 0.054199
0 0.907389 0.796387 0.110352 0.017578
0 0.759766 0.302734 0.023438 0.082031
0 0.258138 0.418823 0.068359 0.028076
0 0.778971 0.642822 0.068359 0.027832
0 0.365723 0.148071 0.027018 0.069580
0 0.162598 0.144409 0.071940 0.026123
0 0.676595 0.479370 0.037435 0.050049
0 0.341471 0.184448 0.065104 0.028076
0 0.336263 0.215698 0.065104 0.028076
0 0.313802 0.653198 0.033854 0.053955
0 0.472493 0.638916 0.032227 0.056641
0 0.546387 0.575195 0.103190 0.017578
0 0.355306 0.875854 0.089518 0.020264
0 0.197754 0.642212 0.038086 0.047607
0 0.585775 0.515259 0.064128 0.028076
0 0.173014 0.067261 0.030273 0.059326
0 0.329427 0.066895 0.065104 0.027344
0 0.268066 0.835571 0.032878 0.053955
0 0.311523 0.832886 0.029297 0.059326
0 0.581055 0.806885 0.075521 0.022949
0 0.782389 0.952393 0.027018 0.063965
0 0.501139 0.350464 0.103190 0.016357
0 0.780762 0.895752 0.071940 0.023438
0 0.840169 0.969604 0.036458 0.046143
0 0.907389 0.680542 0.027018 0.061768
0 0.137370 0.834839 0.028646 0.057861
0 0.353516 0.373291 0.065104 0.025391
0 0.711263 0.871948 0.072266 0.022705
0 0.266764 0.757446 0.071940 0.022705
0 0.937012 0.723267 0.030273 0.053467
0 0.362305 0.439697 0.068359 0.022949
0 0.192220 0.907227 0.027018 0.056641
0 0.577637 0.325806 0.027018 0.055420
0 0.180013 0.481445 0.030599 0.048828
0 0.696452 0.101074 0.084310 0.017578
0 0.650391 0.460571 0.033854 0.043701
0 0.141764 0.299072 0.030273 0.048828
0 0.187826 0.340088 0.025391 0.058105
0 0.264974 0.127197 0.033854 0.043457
0 0.790690 0.151855 0.057292 0.025391
0 0.780599 0.214478 0.023438 0.061768
0 0.539388 0.306885 0.026693 0.054199
0 0.540202 0.137573 0.063477 0.022705
0 0.409180 0.451416 0.030599 0.046387
0 0.294596 0.586792 0.030599 0.046143
0 0.559896 0.668823 0.026042 0.053955
0 0.204264 0.495728 0.030273 0.046143
0 0.365723 0.312134 0.061523 0.022705
0 0.707845 0.291260 0.079102 0.017578
0 0.930013 0.655884 0.023438 0.059326
0 0.713053 0.680542 0.068685 0.020264
0 0.879232 0.213135 0.060547 0.022949
0 0.247721 0.815918 0.033854 0.041016
0 0.192057 0.448730 0.054688 0.025391
0 0.258138 0.269043 0.054688 0.025391
0 0.890137 0.546509 0.019857 0.069580
0 0.733887 0.474854 0.027018 0.051270
0 0.339355 0.560791 0.029622 0.046387
0 0.879720 0.059204 0.061523 0.022217
0 0.331055 0.485229 0.020182 0.067139
0 0.822428 0.377808 0.071940 0.018799
0 0.759928 0.030884 0.058268 0.022705
0 0.395345 0.181885 0.030273 0.043457
0 0.291178 0.733276 0.079102 0.016357
0 0.716471 0.741455 0.075521 0.017090
0 0.517741 0.498291 0.025065 0.051270
0 0.541016 0.558228 0.085938 0.014893
0 0.674479 0.915039 0.031250 0.041016
0 0.221680 0.517822 0.023438 0.054199
0 0.808431 0.668945 0.071940 0.017578
0 0.841471 0.916260 0.054688 0.022949
0 0.480306 0.862915 0.027018 0.046143
0 0.699870 0.059570 0.070312 0.017578
0 0.181315 0.249634 0.054036 0.022705
0 0.768555 0.916260 0.068359 0.017578
0 0.820638 0.309448 0.020182 0.059326
0 0.552734 0.786133 0.067708 0.017578
0 0.910970 0.554321 0.019857 0.059326
0 0.780762 0.878540 0.079102 0.014893
0 0.485514 0.487915 0.058268 0.020264
0 0.152344 0.669556 0.023438 0.050049
0 0.413900 0.688965 0.053711 0.021484
0 0.414388 0.202393 0.026693 0.042969
0 0.228516 0.713135 0.023438 0.048828
0 0.207845 0.762329 0.030273 0.037842
0 0.719889 0.519409 0.027018 0.041748
0 0.827474 0.821167 0.075521 0.014893
0 0.303385 0.102173 0.075521 0.014404
0 0.603516 0.506104 0.023438 0.046387
0 0.188639 0.119385 0.019857 0.054199
0 0.199056 0.817261 0.019857 0.053955
0 0.354818 0.115479 0.026042 0.041016
0 0.148763 0.085571 0.023438 0.043701
0 0.266276 0.681885 0.057292 0.017578
0 0.565430 0.880371 0.016276 0.060547
0 0.629720 0.463135 0.019857 0.048828
0 0.173014 0.205322 0.079102 0.012207
0 0.853516 0.037354 0.023438 0.041016
0 0.858887 0.677979 0.019857 0.046387
0 0.847982 0.579956 0.018880 0.048096
0 0.659180 0.659790 0.044271 0.020264
0 0.266927 0.157104 0.044271 0.020264
0 0.947266 0.895996 0.065104 0.013672
0 0.811523 0.794434 0.064453 0.013672
0 0.870931 0.201416 0.058268 0.015137
0 0.763346 0.968384 0.016276 0.053955
0 0.623535 0.169800 0.021810 0.040283
0 0.907389 0.746948 0.019857 0.043701
0 0.414062 0.163574 0.026042 0.033203
0 0.811849 0.847290 0.023438 0.035889
0 0.527181 0.417847 0.079102 0.010498
0 0.780762 0.338501 0.016602 0.048096
0 0.860677 0.103760 0.065104 0.012207
0 0.159180 0.108887 0.044271 0.017578
0 0.225098 0.586792 0.016602 0.046143
0 0.671387 0.192261 0.019857 0.038330
0 0.541178 0.720947 0.016602 0.043457
0 0.403971 0.397949 0.041016 0.017578
0 0.706868 0.924072 0.014648 0.048828
0 0.228678 0.376953 0.016602 0.042969
0 0.855306 0.612915 0.047852 0.014893
0 0.832357 0.025635 0.015625 0.043457
0 0.737793 0.246582 0.055664 0.011719
0 0.634440 0.367798 0.070964 0.009033
0 0.724772 0.039917 0.043294 0.014893
0 0.450846 0.408447 0.051432 0.012207
0 0.213053 0.270386 0.047852 0.012451
0 0.650065 0.141602 0.060547 0.009766
0 0.207357 0.717041 0.015625 0.035645
0 0.424805 0.894043 0.054688 0.009766
0 0.499023 0.304199 0.015625 0.033203
0 0.789388 0.383667 0.033854 0.014893
0 0.518066 0.890259 0.040039 0.012451
0 0.910807 0.524292 0.013021 0.035889
0 0.893555 0.125854 0.013021 0.035889
0 0.452474 0.642822 0.013021 0.033203
0 0.532552 0.517822 0.033854 0.012207
0 0.483398 0.468262 0.012370 0.033203
0 0.238607 0.556885 0.015625 0.022949
0 0.358724 0.170166 0.013021 0.025391
0 0.148763 0.198730 0.030599 0.009766
0 0.465983 0.017456 0.012044 0.022217
0 0.865885 0.273682 0.013021 0.019043
