0 0.190430 0.899292 0.085938 0.108643
0 0.391764 0.207886 0.134440 0.059326
0 0.902181 0.330078 0.071940 0.105469
0 0.322266 0.132324 0.065104 0.080078
0 0.173014 0.601196 0.037435 0.121826
0 0.365723 0.524292 0.103190 0.035889
0 0.647786 0.493042 0.049479 0.067139
0 0.638346 0.379883 0.051432 0.064453
0 0.516764 0.848633 0.051107 0.064453
0 0.697266 0.437134 0.085938 0.038330
0 0.673177 0.896729 0.127604 0.025391
0 0.551921 0.844727 0.043294 0.072266
0 0.275065 0.658447 0.046875 0.064453
0 0.765137 0.679199 0.089518 0.033203
0 0.435221 0.901978 0.082682 0.035889
0 0.230306 0.315674 0.082357 0.035156
0 0.773763 0.744385 0.085938 0.033203
0 0.320638 0.473511 0.047526 0.059326
0 0.422201 0.266479 0.077474 0.035889
0 0.178223 0.826416 0.089518 0.030762
0 0.375326 0.767822 0.046224 0.059082
0 0.480306 0.559570 0.040690 0.064453
0 0.822428 0.444946 0.030273 0.085205
0 0.700033 0.485352 0.035482 0.072266
0 0.535807 0.897339 0.075521 0.031982
0 0.423177 0.671509 0.044271 0.053955
0 0.258138 0.689697 0.033854 0.069824
0 0.876302 0.942261 0.033854 0.069580
0 0.348470 0.532227 0.040690 0.056641
0 0.570638 0.625610 0.041016 0.055908
0 0.674805 0.875977 0.089193 0.025391
0 0.648763 0.166992 0.037109 0.060547
0 0.702637 0.943604 0.110352 0.020020
0 0.927897 0.707886 0.040039 0.053955
0 0.243815 0.546509 0.039714 0.053955
0 0.843262 0.874634 0.092773 0.022705
0 0.331055 0.084229 0.082682 0.025391
0 0.390137 0.862793 0.082357 0.025391
0 0.442057 0.464478 0.033854 0.061768
0 0.280273 0.832886 0.029297 0.069580
0 0.840658 0.509399 0.032227 0.063232
0 0.900391 0.918823 0.033854 0.059326
0 0.638346 0.878418 0.078776 0.025391
0 0.335286 0.843384 0.070312 0.028076
0 0.143555 0.118408 0.075521 0.025879
0 0.653971 0.665039 0.075521 0.025391
0 0.230306 0.510010 0.068685 0.027832
0 0.558594 0.153809 0.065104 0.029297
0 0.733073 0.790649 0.039062 0.047607
0 0.711263 0.310791 0.072266 0.025391
0 0.436035 0.568604 0.035482 0.051270
0 0.850098 0.650635 0.079102 0.022949
0 0.486003 0.436401 0.031250 0.057861
0 0.787598 0.322144 0.037435 0.048096
0 0.426595 0.950073 0.030273 0.059326
0 0.303223 0.551025 0.082357 0.021484
0 0.723470 0.559570 0.027018 0.064453
0 0.718099 0.717041 0.085938 0.020020
0 0.379557 0.461426 0.033854 0.050781
0 0.209473 0.330322 0.061523 0.027832
0 0.539388 0.093994 0.033854 0.050293
0 0.495931 0.870361 0.030273 0.056152
0 0.789062 0.265137 0.026042 0.064453
0 0.832357 0.717041 0.029297 0.056641
0 0.280273 0.284668 0.022786 0.072266
0 0.872721 0.899414 0.061849 0.025391
0 0.160970 0.677979 0.027018 0.056641
0 0.588053 0.552979 0.027018 0.056641
0 0.775391 0.644165 0.075521 0.020264
0 0.324056 0.810791 0.027018 0.056641
0 0.636719 0.470947 0.033854 0.043457
0 0.447428 0.878540 0.071940 0.020264
0 0.499512 0.472290 0.071940 0.020264
0 0.924805 0.887573 0.026693 0.053955
0 0.527181 0.710449 0.079102 0.017578
0 0.303385 0.334229 0.033854 0.041016
0 0.424805 0.282227 0.054688 0.025391
0 0.250326 0.494385 0.025391 0.054199
0 0.799805 0.604736 0.054688 0.024902
0 0.587077 0.446167 0.066732 0.020264
0 0.892741 0.524292 0.066732 0.020264
0 0.752930 0.513916 0.023438 0.056641
0 0.641764 0.262573 0.030273 0.043701
0 0.480306 0.930298 0.089518 0.014404
0 0.752930 0.187134 0.023438 0.053955
0 0.589844 0.499634 0.023438 0.053955
0 0.209473 0.717041 0.027018 0.046387
0 0.618815 0.838135 0.018880 0.064453
0 0.641439 0.838135 0.022461 0.054199
0 0.509928 0.324829 0.071940 0.016846
0 0.184245 0.921387 0.018229 0.064453
0 0.447428 0.330322 0.051107 0.022949
0 0.923014 0.486572 0.030273 0.038574
0 0.490723 0.309204 0.068685 0.016846
0 0.334473 0.118164 0.019857 0.056641
0 0.834473 0.149414 0.027018 0.041016
0 0.431803 0.610352 0.027018 0.041016
0 0.660970 0.243164 0.027018 0.041016
0 0.560221 0.387573 0.020182 0.053955
0 0.813639 0.099487 0.027018 0.040283
0 0.383138 0.882324 0.061849 0.017578
0 0.778971 0.687012 0.061849 0.017578
0 0.195150 0.564697 0.019206 0.054199
0 0.771973 0.213135 0.027018 0.038574
0 0.582682 0.656128 0.023438 0.044189
0 0.329264 0.965820 0.058268 0.017578
0 0.729004 0.326782 0.024414 0.041748
0 0.851888 0.502197 0.082682 0.012207
0 0.851888 0.218262 0.020182 0.048828
0 0.844889 0.171387 0.019857 0.048828
0 0.747721 0.090088 0.020182 0.047363
0 0.427734 0.086792 0.046875 0.020264
0 0.141764 0.612793 0.016602 0.056641
0 0.707357 0.592041 0.022786 0.041016
0 0.252930 0.625977 0.016276 0.056641
0 0.751139 0.763916 0.019857 0.046387
0 0.481608 0.102539 0.022461 0.041016
0 0.345378 0.578979 0.060547 0.014893
0 0.558431 0.431885 0.071940 0.012207
0 0.607096 0.546509 0.016276 0.053955
0 0.148763 0.327148 0.023438 0.037109
0 0.876139 0.597168 0.019857 0.041016
0 0.787109 0.159424 0.057292 0.014160
0 0.844564 0.334839 0.019206 0.042236
0 0.719889 0.861328 0.068685 0.011719
0 0.294596 0.491699 0.016276 0.048828
0 0.162272 0.760010 0.064128 0.012207
0 0.572428 0.248535 0.016602 0.046875
0 0.896973 0.082886 0.061523 0.012451
0 0.803223 0.015259 0.061523 0.012451
0 0.225260 0.788330 0.023438 0.032715
0 0.340983 0.499634 0.060872 0.012451
0 0.641764 0.077759 0.058268 0.012451
0 0.541178 0.481323 0.058268 0.012451
0 0.431641 0.091431 0.013021 0.055420
0 0.923014 0.845947 0.016602 0.043457
0 0.101888 0.819824 0.041016 0.017578
0 0.846680 0.730103 0.023438 0.030518
0 0.402181 0.068604 0.016602 0.041016
0 0.839355 0.892822 0.050456 0.012207
0 0.883138 0.149292 0.041016 0.014893
0 0.719889 0.920166 0.019857 0.030762
0 0.905762 0.816040 0.016602 0.035889
0 0.908854 0.848267 0.015625 0.037842
0 0.601888 0.109009 0.013021 0.043701
0 0.748210 0.236328 0.048503 0.011719
0 0.424805 0.497681 0.061849 0.008545
0 0.584635 0.378174 0.013021 0.040527
0 0.759440 0.141235 0.057292 0.009033
0 0.364909 0.404907 0.011068 0.045654
0 0.728678 0.615479 0.051107 0.009766
0 0.153971 0.117798 0.054688 0.009033
0 0.463053 0.065918 0.047852 0.009766
0 0.502116 0.638550 0.014648 0.030029
0 0.921387 0.150635 0.027018 0.012207
