0 0.424316 0.235229 0.137044 0.051514
0 0.254720 0.628540 0.061523 0.108643
0 0.393555 0.556885 0.061849 0.087891
0 0.373535 0.138916 0.063477 0.082520
0 0.643555 0.922729 0.110026 0.046143
0 0.409180 0.332520 0.093099 0.042969
0 0.749023 0.831543 0.091797 0.041016
0 0.525879 0.620972 0.055664 0.067627
0 0.685221 0.489136 0.082682 0.038330
0 0.390137 0.676758 0.047852 0.064453
0 0.799805 0.132446 0.041016 0.074951
0 0.865723 0.550415 0.082357 0.035889
0 0.655273 0.162354 0.043620 0.066895
0 0.169596 0.584839 0.030599 0.094482
0 0.499349 0.853760 0.044271 0.064453
0 0.478516 0.589478 0.044271 0.061768
0 0.169596 0.815430 0.085938 0.029297
0 0.511556 0.292603 0.040690 0.061768
0 0.625326 0.545776 0.039062 0.063232
0 0.463053 0.708252 0.040690 0.060059
0 0.686849 0.640869 0.044271 0.055176
0 0.422201 0.951050 0.042318 0.055908
0 0.620931 0.852417 0.030273 0.077393
0 0.391927 0.866089 0.085938 0.026611
0 0.640137 0.886230 0.089518 0.025391
0 0.572428 0.104126 0.037435 0.059814
0 0.442057 0.551758 0.033854 0.064453
0 0.719889 0.816040 0.040690 0.051514
0 0.202637 0.610229 0.040690 0.051514
0 0.768555 0.206665 0.033854 0.061768
0 0.464355 0.044434 0.071289 0.029297
0 0.396647 0.920166 0.040039 0.051270
0 0.648763 0.310425 0.023438 0.087158
0 0.233887 0.510010 0.027018 0.074707
0 0.808431 0.547363 0.030273 0.066406
0 0.707357 0.344604 0.098958 0.020264
0 0.294108 0.062134 0.071289 0.028076
0 0.386719 0.252197 0.033854 0.059082
0 0.870931 0.956665 0.037435 0.051514
0 0.858887 0.575073 0.068685 0.028076
0 0.544596 0.365479 0.037109 0.051270
0 0.794596 0.295166 0.037109 0.051270
0 0.867513 0.670166 0.030599 0.062012
0 0.416992 0.270386 0.067057 0.028076
0 0.819010 0.473267 0.023438 0.079346
0 0.836263 0.732666 0.072266 0.025391
0 0.567057 0.947510 0.033854 0.054199
0 0.577637 0.490479 0.089518 0.020020
0 0.690430 0.707886 0.078776 0.022705
0 0.338867 0.853760 0.063151 0.027832
0 0.185221 0.843384 0.061849 0.028076
0 0.920898 0.339722 0.033203 0.052002
0 0.539388 0.309570 0.026693 0.064453
0 0.754720 0.809082 0.061523 0.027344
0 0.848470 0.664917 0.082357 0.020264
0 0.430013 0.521729 0.065104 0.025391
0 0.320638 0.816040 0.026693 0.061768
0 0.732096 0.950195 0.093099 0.017578
0 0.589844 0.431885 0.023438 0.069824
0 0.536784 0.844727 0.028646 0.056641
0 0.634440 0.314697 0.029297 0.054199
0 0.285970 0.760010 0.089518 0.017578
0 0.690430 0.597290 0.030599 0.051514
0 0.785970 0.070557 0.082357 0.019043
0 0.143555 0.071289 0.061849 0.025391
0 0.744141 0.453979 0.033854 0.046143
0 0.514974 0.375854 0.033854 0.046143
0 0.459473 0.797852 0.061523 0.025391
0 0.436523 0.869995 0.064453 0.024170
0 0.490723 0.677979 0.019857 0.077637
0 0.501302 0.797485 0.033854 0.045654
0 0.480469 0.493042 0.075521 0.020264
0 0.417969 0.442871 0.033854 0.044922
0 0.197266 0.929199 0.023438 0.064453
0 0.299805 0.266235 0.026693 0.055908
0 0.686523 0.538940 0.022786 0.065186
0 0.846680 0.508789 0.057943 0.025391
0 0.825846 0.657104 0.072266 0.020264
0 0.430013 0.892456 0.065104 0.022217
0 0.264160 0.157227 0.025065 0.056641
0 0.219889 0.746948 0.061523 0.022705
0 0.856608 0.959229 0.022461 0.062012
0 0.424805 0.071289 0.033854 0.041016
0 0.160807 0.157227 0.054688 0.025391
0 0.851888 0.302979 0.054688 0.025391
0 0.924805 0.732666 0.054688 0.025391
0 0.644857 0.236572 0.078125 0.017578
0 0.490723 0.899292 0.019857 0.067139
0 0.143229 0.693604 0.026042 0.051270
0 0.242025 0.697510 0.022461 0.059082
0 0.497721 0.885010 0.075521 0.017578
0 0.890137 0.095215 0.061523 0.021484
0 0.499349 0.451050 0.023438 0.055908
0 0.247721 0.431885 0.026693 0.048828
0 0.624512 0.520020 0.030273 0.042969
0 0.539388 0.901245 0.068359 0.018799
0 0.485677 0.325439 0.023438 0.054688
0 0.117025 0.589355 0.022461 0.056641
0 0.721680 0.194824 0.072266 0.017578
0 0.483724 0.947510 0.054688 0.022949
0 0.452474 0.468384 0.054688 0.022705
0 0.855306 0.154541 0.061523 0.020020
0 0.267741 0.437012 0.025065 0.048828
0 0.929525 0.894043 0.029622 0.041016
0 0.514323 0.511353 0.059896 0.020264
0 0.765137 0.679199 0.068685 0.017578
0 0.890137 0.788574 0.068685 0.017578
0 0.792806 0.781738 0.061523 0.019531
0 0.196940 0.562988 0.022786 0.050781
0 0.313802 0.560791 0.075521 0.015137
0 0.166178 0.316650 0.030273 0.037109
0 0.441732 0.336792 0.054036 0.020264
0 0.331055 0.524414 0.026693 0.041016
0 0.230469 0.302979 0.054688 0.020020
0 0.742513 0.779541 0.023438 0.046387
0 0.532064 0.099243 0.019206 0.055420
0 0.528971 0.691650 0.020182 0.052734
0 0.221354 0.701416 0.015625 0.066895
0 0.565430 0.844604 0.051432 0.020264
0 0.581055 0.021729 0.068359 0.015137
0 0.219564 0.293579 0.060872 0.016846
0 0.896973 0.300415 0.019857 0.051514
0 0.923177 0.676636 0.023438 0.043701
0 0.874512 0.129883 0.058268 0.017578
0 0.148438 0.616699 0.015625 0.064453
0 0.847493 0.529541 0.066732 0.015137
0 0.574056 0.189087 0.061523 0.016357
0 0.901855 0.883301 0.050456 0.019531
0 0.569010 0.300659 0.023438 0.041748
0 0.594889 0.918945 0.019857 0.048828
0 0.379720 0.886353 0.047852 0.020264
0 0.284180 0.533447 0.078776 0.012207
0 0.407552 0.835449 0.054688 0.017578
0 0.615397 0.319824 0.019206 0.048828
0 0.393555 0.607666 0.020182 0.046387
0 0.844564 0.202393 0.019206 0.048340
0 0.440430 0.926636 0.072266 0.012451
0 0.475098 0.228760 0.051107 0.017578
0 0.877930 0.043823 0.023438 0.038330
0 0.778971 0.934570 0.026693 0.033203
0 0.728678 0.631104 0.058268 0.015137
0 0.471680 0.653198 0.016276 0.053955
0 0.678223 0.635010 0.019857 0.043457
0 0.223470 0.077759 0.068685 0.012451
0 0.156576 0.183228 0.018229 0.046143
0 0.265137 0.482666 0.019857 0.041016
0 0.890137 0.209229 0.019857 0.041016
0 0.380534 0.398071 0.014974 0.053955
0 0.686523 0.762573 0.064453 0.012451
0 0.185221 0.278198 0.020182 0.038330
0 0.864095 0.183228 0.016602 0.046143
0 0.877930 0.119141 0.065104 0.011719
0 0.686849 0.660767 0.044271 0.016846
0 0.549805 0.571533 0.020182 0.036621
0 0.871094 0.852417 0.023438 0.030518
0 0.476888 0.073486 0.020182 0.035156
0 0.775065 0.039917 0.046875 0.014893
0 0.162598 0.477539 0.016602 0.041016
0 0.897135 0.510010 0.054688 0.012207
0 0.723307 0.926270 0.054688 0.011719
0 0.798014 0.246948 0.016602 0.038330
0 0.254720 0.693237 0.019857 0.030029
0 0.864095 0.045166 0.016602 0.035645
0 0.334473 0.478760 0.047852 0.012207
0 0.100260 0.825073 0.044271 0.012451
0 0.522135 0.068604 0.054688 0.009766
0 0.592285 0.867798 0.035482 0.014404
0 0.890137 0.159668 0.019857 0.025391
0 0.650391 0.132446 0.013021 0.038330
0 0.879557 0.614136 0.013021 0.038330
0 0.902181 0.106323 0.037435 0.012451
0 0.716471 0.127197 0.013021 0.033203
0 0.176107 0.644775 0.015625 0.026855
0 0.893555 0.329102 0.041016 0.009766
0 0.566243 0.511230 0.011393 0.025391
0 0.150879 0.298706 0.027669 0.006592
0 0.985514 0.340698 0.009440 0.012451
