0 0.131510 0.619385 0.065104 0.121582
0 0.564616 0.507446 0.146810 0.043701
0 0.539388 0.642822 0.130859 0.048828
0 0.479980 0.850464 0.116211 0.047607
0 0.428223 0.589478 0.110352 0.046143
0 0.831055 0.553223 0.061849 0.078125
0 0.775553 0.910645 0.103190 0.042969
0 0.824056 0.737793 0.089518 0.041016
0 0.463053 0.710449 0.103190 0.033203
0 0.798177 0.828979 0.044271 0.077393
0 0.905762 0.732056 0.051107 0.065674
0 0.695638 0.924683 0.047526 0.065674
0 0.589681 0.247070 0.092773 0.033203
0 0.308431 0.374634 0.037435 0.074951
0 0.905599 0.052979 0.044271 0.062012
0 0.308431 0.646729 0.037435 0.072266
0 0.293294 0.937134 0.034505 0.074951
0 0.338053 0.634399 0.040690 0.063232
0 0.723470 0.592041 0.082357 0.030762
0 0.831055 0.460815 0.026693 0.091064
0 0.374349 0.872314 0.044271 0.054688
0 0.146159 0.378540 0.039062 0.061768
0 0.780762 0.444824 0.071940 0.033203
0 0.860677 0.207886 0.044271 0.053955
0 0.367513 0.412354 0.030599 0.077637
0 0.436523 0.744385 0.043620 0.054199
0 0.667969 0.691040 0.075521 0.030518
0 0.497721 0.237915 0.075521 0.030518
0 0.338053 0.815918 0.089518 0.025391
0 0.665690 0.943604 0.036458 0.062012
0 0.532552 0.554688 0.096354 0.023438
0 0.600098 0.286011 0.079102 0.028076
0 0.417806 0.514648 0.103190 0.021484
0 0.384928 0.956665 0.071940 0.030518
0 0.115885 0.647949 0.033854 0.064453
0 0.424805 0.836426 0.110026 0.019531
0 0.812012 0.129761 0.030273 0.069580
0 0.926595 0.872559 0.071940 0.029297
0 0.495931 0.360840 0.030273 0.068359
0 0.207682 0.704102 0.023438 0.087891
0 0.332845 0.946167 0.030273 0.067139
0 0.498698 0.286011 0.070312 0.028076
0 0.888346 0.397461 0.037109 0.052734
0 0.190430 0.607300 0.065104 0.030029
0 0.894043 0.437744 0.034831 0.055176
0 0.858887 0.653198 0.027018 0.069580
0 0.608887 0.723511 0.082357 0.022705
0 0.335938 0.560791 0.036458 0.051270
0 0.479980 0.680664 0.032878 0.056641
0 0.615723 0.094604 0.089518 0.020264
0 0.251139 0.750854 0.089518 0.020264
0 0.572428 0.760010 0.079102 0.022949
0 0.840983 0.028198 0.032878 0.053955
0 0.561849 0.657104 0.085938 0.020264
0 0.275553 0.858887 0.027018 0.064453
0 0.450033 0.940918 0.066732 0.025391
0 0.785970 0.376221 0.027018 0.062500
0 0.136068 0.741699 0.026042 0.064453
0 0.629557 0.528320 0.033854 0.048828
0 0.574056 0.504150 0.061523 0.026855
0 0.596680 0.785767 0.030599 0.053467
0 0.843262 0.944946 0.071940 0.022705
0 0.702474 0.121704 0.033854 0.048096
0 0.336263 0.405273 0.030599 0.052734
0 0.660970 0.359009 0.027018 0.059326
0 0.240723 0.805664 0.061523 0.025391
0 0.301595 0.524292 0.030273 0.051514
0 0.323242 0.864258 0.031901 0.048828
0 0.572428 0.229370 0.030273 0.050049
0 0.798177 0.937012 0.085938 0.017578
0 0.867513 0.814697 0.065104 0.022949
0 0.872721 0.551636 0.033854 0.043701
0 0.692057 0.859009 0.033854 0.043701
0 0.275391 0.465698 0.033854 0.043701
0 0.485514 0.137695 0.030273 0.048828
0 0.627930 0.792480 0.057943 0.025391
0 0.565430 0.331665 0.072266 0.020264
0 0.619141 0.470337 0.033854 0.042236
0 0.681803 0.267822 0.061523 0.022949
0 0.683431 0.143799 0.071940 0.019531
0 0.862305 0.886230 0.054688 0.025391
0 0.357096 0.752197 0.023438 0.059082
0 0.833659 0.864136 0.025391 0.053955
0 0.861491 0.401245 0.032227 0.042236
0 0.426595 0.554321 0.058268 0.022705
0 0.516764 0.700073 0.058268 0.022705
0 0.443848 0.150635 0.030273 0.043457
0 0.494629 0.812012 0.074544 0.017578
0 0.664388 0.900635 0.026693 0.048828
0 0.608887 0.379517 0.027018 0.048096
0 0.277344 0.886353 0.085938 0.014893
0 0.633138 0.306274 0.026693 0.047607
0 0.452474 0.345947 0.054688 0.022949
0 0.273763 0.344727 0.030599 0.041016
0 0.754720 0.912354 0.027018 0.046387
0 0.209147 0.507324 0.019206 0.064453
0 0.632650 0.198853 0.060872 0.020264
0 0.273275 0.403198 0.022461 0.053955
0 0.315430 0.774292 0.057943 0.020264
0 0.450846 0.394165 0.057943 0.020264
0 0.766764 0.697510 0.051107 0.022949
0 0.438639 0.666016 0.027018 0.042969
0 0.122721 0.493164 0.020182 0.056641
0 0.494629 0.422852 0.027669 0.041016
0 0.887370 0.515869 0.028646 0.039551
0 0.242513 0.614868 0.023438 0.047607
0 0.665690 0.463135 0.015625 0.069824
0 0.301595 0.443604 0.071940 0.015137
0 0.280599 0.302979 0.023438 0.046387
0 0.482096 0.355103 0.023438 0.046143
0 0.240723 0.504761 0.019857 0.053955
0 0.383138 0.399902 0.020182 0.052734
0 0.511230 0.950073 0.019206 0.053955
0 0.523763 0.802979 0.051432 0.020020
0 0.714193 0.470947 0.015625 0.064453
0 0.802734 0.710571 0.026042 0.038330
0 0.687012 0.452759 0.016602 0.059326
0 0.367839 0.624268 0.057292 0.017090
0 0.355306 0.369385 0.019857 0.048828
0 0.452637 0.257324 0.019857 0.048828
0 0.732096 0.586792 0.065104 0.014893
0 0.805013 0.500977 0.023438 0.041016
0 0.740885 0.408447 0.054688 0.017578
0 0.608887 0.439331 0.019857 0.048096
0 0.357096 0.332275 0.057943 0.016113
0 0.317057 0.494385 0.075521 0.012207
0 0.317220 0.467041 0.019857 0.046387
0 0.200846 0.882324 0.051432 0.017578
0 0.673014 0.049072 0.016602 0.054199
0 0.443359 0.769043 0.015625 0.056641
0 0.829427 0.434204 0.023438 0.037842
0 0.739095 0.733276 0.079102 0.010986
0 0.655762 0.128540 0.016602 0.051514
0 0.571940 0.167603 0.057292 0.014893
0 0.268066 0.590332 0.019206 0.042969
0 0.261556 0.141602 0.019857 0.041016
0 0.886556 0.373291 0.019857 0.041016
0 0.450846 0.479126 0.023438 0.033936
0 0.475098 0.759399 0.016602 0.047607
0 0.187012 0.657837 0.016602 0.047607
0 0.766764 0.805542 0.051107 0.014893
0 0.488607 0.583008 0.022786 0.033203
0 0.332845 0.684814 0.016602 0.044434
0 0.360514 0.786011 0.058268 0.012451
0 0.578451 0.564697 0.056641 0.012207
0 0.491211 0.309448 0.055339 0.012451
0 0.626139 0.411743 0.019857 0.034424
0 0.412598 0.638916 0.016602 0.041016
0 0.723470 0.767822 0.019857 0.033203
0 0.490723 0.621338 0.019857 0.031738
0 0.365723 0.574463 0.019857 0.031738
0 0.615885 0.259644 0.013021 0.048096
0 0.320638 0.573853 0.020182 0.030518
0 0.836263 0.374023 0.016276 0.037109
0 0.876139 0.840698 0.047852 0.012451
0 0.256348 0.696167 0.016602 0.035889
0 0.490397 0.062012 0.012044 0.048828
0 0.453451 0.840332 0.049479 0.011719
0 0.192220 0.408203 0.019857 0.027344
0 0.889648 0.322510 0.012370 0.043457
0 0.657552 0.766602 0.013021 0.041016
0 0.283366 0.654541 0.014648 0.035645
0 0.574219 0.776978 0.033854 0.014893
0 0.634928 0.816895 0.016602 0.027344
0 0.663574 0.078125 0.011393 0.039062
0 0.155599 0.540039 0.044271 0.009766
0 0.499512 0.737793 0.016602 0.025391
0 0.173014 0.474854 0.016602 0.025391
0 0.573242 0.434448 0.031901 0.012451
0 0.915690 0.886230 0.015625 0.025391
0 0.919596 0.734009 0.030599 0.012451
0 0.624023 0.830322 0.015625 0.022949
0 0.622721 0.882446 0.013021 0.022705
