0 0.141764 0.562134 0.099935 0.121826
0 0.624349 0.730103 0.127604 0.046143
0 0.438639 0.758423 0.061523 0.076904
0 0.294596 0.478760 0.044271 0.101074
0 0.455078 0.515259 0.049479 0.085205
0 0.739095 0.481079 0.051107 0.079346
0 0.762858 0.779541 0.112956 0.035645
0 0.497233 0.394043 0.053711 0.072266
0 0.836263 0.851196 0.044271 0.085205
0 0.244303 0.421387 0.103190 0.033203
0 0.683594 0.763916 0.106771 0.030762
0 0.721680 0.929932 0.093099 0.034668
0 0.501139 0.659790 0.103190 0.030518
0 0.613607 0.776978 0.154297 0.020264
0 0.853678 0.247925 0.099935 0.030029
0 0.560221 0.551758 0.089193 0.033203
0 0.891764 0.483276 0.037435 0.078857
0 0.451823 0.563354 0.143229 0.020264
0 0.683594 0.731445 0.085938 0.033203
0 0.252930 0.830322 0.085938 0.033203
0 0.575846 0.639526 0.085938 0.031982
0 0.225260 0.467041 0.044271 0.062012
0 0.695638 0.661743 0.041016 0.065674
0 0.713053 0.296753 0.040690 0.065186
0 0.805013 0.110229 0.085938 0.030518
0 0.889323 0.634033 0.039062 0.066406
0 0.773763 0.713135 0.093099 0.027832
0 0.202148 0.577637 0.039714 0.064453
0 0.470052 0.804321 0.033854 0.074951
0 0.764974 0.260010 0.033854 0.074707
0 0.624349 0.597168 0.044271 0.056641
0 0.916016 0.616821 0.044271 0.053955
0 0.523763 0.149658 0.037109 0.062500
0 0.735514 0.335571 0.037435 0.059326
0 0.376953 0.437134 0.028646 0.074951
0 0.655762 0.262573 0.030273 0.069580
0 0.150391 0.404541 0.033854 0.062012
0 0.525553 0.849854 0.040690 0.051270
0 0.246094 0.088745 0.085938 0.024170
0 0.759928 0.741821 0.071940 0.028076
0 0.225098 0.207642 0.037435 0.053467
0 0.544596 0.536011 0.085938 0.022705
0 0.567220 0.830322 0.068685 0.027832
0 0.867188 0.311157 0.036458 0.052002
0 0.928385 0.896362 0.033854 0.055908
0 0.464681 0.349243 0.037435 0.050049
0 0.780273 0.925049 0.070964 0.024902
0 0.431641 0.144165 0.033854 0.051514
0 0.350260 0.937988 0.085938 0.019531
0 0.831055 0.340820 0.033854 0.048828
0 0.242513 0.736572 0.023438 0.069824
0 0.430013 0.575073 0.023438 0.069580
0 0.700846 0.524902 0.030599 0.052734
0 0.136556 0.614136 0.027018 0.059326
0 0.393555 0.769043 0.061849 0.025391
0 0.874512 0.860229 0.030273 0.051514
0 0.176595 0.498291 0.030273 0.051270
0 0.802734 0.504761 0.067708 0.022705
0 0.409993 0.532104 0.073893 0.020264
0 0.541504 0.222168 0.058919 0.025391
0 0.728516 0.913696 0.065104 0.022705
0 0.839681 0.635010 0.030273 0.048828
0 0.712891 0.150391 0.033854 0.042969
0 0.706055 0.267822 0.026693 0.054199
0 0.453939 0.397949 0.029622 0.048828
0 0.303223 0.454956 0.027018 0.053467
0 0.235514 0.771729 0.071940 0.020020
0 0.232910 0.326416 0.025065 0.056641
0 0.805013 0.737915 0.030599 0.046143
0 0.187012 0.677979 0.030273 0.046387
0 0.190430 0.319946 0.023438 0.059326
0 0.431803 0.321167 0.068685 0.020264
0 0.731608 0.599854 0.029622 0.046387
0 0.494141 0.879883 0.075521 0.017578
0 0.548014 0.864136 0.030273 0.043701
0 0.285970 0.504883 0.027018 0.048828
0 0.478516 0.654541 0.065104 0.020020
0 0.463867 0.628174 0.028646 0.045410
0 0.284180 0.133057 0.093099 0.013672
0 0.310221 0.219604 0.061849 0.020264
0 0.244303 0.167603 0.019857 0.061768
0 0.745605 0.658447 0.022461 0.054199
0 0.716146 0.188354 0.026042 0.046143
0 0.574056 0.286011 0.019857 0.059326
0 0.146973 0.778198 0.019857 0.059326
0 0.357096 0.103760 0.051432 0.022949
0 0.644857 0.831665 0.022786 0.051514
0 0.143555 0.197510 0.026693 0.043457
0 0.841471 0.714355 0.020182 0.056641
0 0.749349 0.856445 0.023438 0.048828
0 0.214355 0.062134 0.029622 0.038330
0 0.202637 0.813477 0.019857 0.056641
0 0.570638 0.664917 0.054688 0.020264
0 0.488607 0.578369 0.057292 0.019043
0 0.593099 0.258667 0.023438 0.046143
0 0.292806 0.887573 0.019857 0.053955
0 0.213053 0.668823 0.019857 0.053955
0 0.650553 0.356079 0.047852 0.022217
0 0.602214 0.151611 0.020833 0.050781
0 0.155273 0.177979 0.022786 0.046387
0 0.466471 0.383057 0.054688 0.019043
0 0.888346 0.132690 0.023438 0.044189
0 0.511556 0.465698 0.082357 0.012451
0 0.650553 0.078979 0.068685 0.014893
0 0.850260 0.145386 0.023438 0.043701
0 0.706055 0.109009 0.026693 0.038330
0 0.755859 0.129883 0.057292 0.017578
0 0.167318 0.450073 0.026042 0.038330
0 0.270345 0.494385 0.016602 0.059082
0 0.909180 0.855103 0.065104 0.014893
0 0.117513 0.469604 0.065104 0.014893
0 0.756022 0.032104 0.064128 0.014893
0 0.919596 0.824097 0.023438 0.040283
0 0.188639 0.092651 0.082357 0.010986
0 0.607096 0.046387 0.051432 0.017578
0 0.214681 0.288696 0.071940 0.012451
0 0.641764 0.210571 0.016602 0.053955
0 0.773763 0.196777 0.023438 0.037109
0 0.261556 0.934448 0.019857 0.043701
0 0.891439 0.694946 0.022461 0.038330
0 0.343262 0.255859 0.016602 0.050781
0 0.787760 0.430542 0.023438 0.035889
0 0.528971 0.666260 0.047526 0.017578
0 0.799805 0.845337 0.075521 0.010986
0 0.815430 0.945801 0.016276 0.050781
0 0.834473 0.040039 0.019857 0.041016
0 0.266927 0.043823 0.065104 0.012451
0 0.725098 0.054199 0.016602 0.048828
0 0.173991 0.903320 0.045898 0.017578
0 0.725098 0.379517 0.016602 0.048096
0 0.607096 0.226074 0.023438 0.033203
0 0.667806 0.322754 0.019857 0.039062
0 0.374512 0.576416 0.016602 0.046387
0 0.739095 0.175415 0.016602 0.046143
0 0.739095 0.276978 0.016602 0.046143
0 0.625814 0.562134 0.060872 0.012451
0 0.583659 0.401855 0.018229 0.041016
0 0.608398 0.114502 0.018880 0.039062
0 0.912598 0.179321 0.016602 0.043701
0 0.716471 0.571167 0.020182 0.035889
0 0.237305 0.792603 0.020182 0.035889
0 0.881348 0.830322 0.016602 0.043457
0 0.586263 0.077026 0.065104 0.010986
0 0.736979 0.045166 0.046875 0.015137
0 0.828451 0.139893 0.021484 0.032715
0 0.219889 0.938110 0.047852 0.014404
0 0.641764 0.542480 0.016602 0.041016
0 0.454264 0.472168 0.016602 0.041016
0 0.577637 0.116455 0.019857 0.032715
0 0.700521 0.891602 0.015625 0.041016
0 0.182943 0.170166 0.015625 0.041016
0 0.664388 0.871582 0.054688 0.011719
0 0.188802 0.780518 0.054688 0.011719
0 0.629557 0.316040 0.013021 0.046143
0 0.195638 0.140869 0.013021 0.044922
0 0.181803 0.909424 0.040690 0.014160
0 0.667969 0.504761 0.013021 0.043701
0 0.502604 0.753540 0.036458 0.014893
0 0.499512 0.414673 0.058268 0.009033
0 0.162598 0.787354 0.016602 0.030762
0 0.188802 0.447510 0.013021 0.038574
0 0.266764 0.533447 0.016602 0.027832
0 0.509928 0.017822 0.016602 0.022949
0 0.787598 0.249634 0.009440 0.038330
0 0.146973 0.121948 0.027018 0.012451
0 0.813151 0.330078 0.026042 0.011719
0 0.004232 0.415527 0.005208 0.021484
