0 0.428223 0.546509 0.152018 0.028076
0 0.581055 0.484009 0.054688 0.074951
0 0.577637 0.773071 0.144857 0.028076
0 0.752930 0.739136 0.099609 0.038330
0 0.131510 0.504150 0.044271 0.083984
0 0.197428 0.695190 0.051107 0.069092
0 0.509766 0.246948 0.085938 0.038330
0 0.783366 0.276367 0.035482 0.091797
0 0.273763 0.388184 0.106771 0.029297
0 0.273275 0.238159 0.084961 0.036377
0 0.702637 0.460449 0.047852 0.064453
0 0.526855 0.539917 0.084961 0.035889
0 0.730306 0.205078 0.040690 0.074219
0 0.725260 0.328979 0.044271 0.067139
0 0.756510 0.188354 0.044271 0.067139
0 0.240723 0.466309 0.047852 0.060547
0 0.398763 0.547729 0.044271 0.061768
0 0.843099 0.229980 0.106771 0.025391
0 0.677409 0.374268 0.080729 0.032715
0 0.501302 0.605957 0.096354 0.027344
0 0.166016 0.720947 0.044271 0.059082
0 0.666992 0.146484 0.039062 0.066406
0 0.848470 0.243042 0.082357 0.030518
0 0.737305 0.033447 0.075521 0.033203
0 0.431641 0.303589 0.033854 0.073486
0 0.240885 0.722168 0.033854 0.072266
0 0.457845 0.560791 0.092773 0.025391
0 0.143066 0.657227 0.040039 0.056641
0 0.187012 0.324707 0.037435 0.058594
0 0.723470 0.291626 0.027018 0.080811
0 0.752930 0.802979 0.085938 0.025391
0 0.298177 0.123291 0.085938 0.025391
0 0.492513 0.638550 0.072266 0.030029
0 0.123047 0.373657 0.041667 0.052002
0 0.221191 0.300293 0.029622 0.072266
0 0.639323 0.174072 0.039062 0.054199
0 0.535482 0.859009 0.074870 0.028076
0 0.673014 0.295898 0.030273 0.068359
0 0.673991 0.459229 0.066732 0.030762
0 0.884440 0.560425 0.036458 0.055908
0 0.895345 0.848511 0.037435 0.053955
0 0.759928 0.621948 0.037435 0.053955
0 0.473470 0.288696 0.068685 0.028076
0 0.827474 0.763916 0.033854 0.056641
0 0.674805 0.614868 0.033854 0.055420
0 0.490723 0.679321 0.082357 0.022705
0 0.695638 0.858276 0.068359 0.026611
0 0.218099 0.260010 0.065104 0.027832
0 0.752930 0.752197 0.078776 0.022949
0 0.523763 0.473511 0.078776 0.022705
0 0.310221 0.529541 0.026693 0.066895
0 0.599284 0.417603 0.021484 0.082764
0 0.127604 0.306885 0.036458 0.048828
0 0.518555 0.843384 0.061849 0.028076
0 0.232096 0.922852 0.030599 0.056641
0 0.365234 0.482666 0.067708 0.025391
0 0.705729 0.831543 0.067708 0.025391
0 0.485514 0.332642 0.030273 0.053467
0 0.528971 0.719727 0.061849 0.025391
0 0.155762 0.857666 0.030273 0.051270
0 0.361491 0.658447 0.066732 0.022949
0 0.680013 0.900635 0.085938 0.017578
0 0.841471 0.735352 0.026693 0.056641
0 0.600260 0.295776 0.023438 0.063232
0 0.407552 0.817261 0.033854 0.043701
0 0.712891 0.803223 0.075521 0.019531
0 0.882650 0.281494 0.032878 0.044922
0 0.188802 0.885010 0.033854 0.043457
0 0.464355 0.485229 0.022461 0.061768
0 0.487305 0.440918 0.033854 0.041016
0 0.625326 0.685791 0.018229 0.072266
0 0.558594 0.883667 0.065104 0.020264
0 0.835775 0.291626 0.029622 0.044189
0 0.347656 0.418213 0.080729 0.016113
0 0.459473 0.867676 0.027018 0.046875
0 0.539388 0.927979 0.082682 0.015137
0 0.424805 0.926636 0.096354 0.012451
0 0.851888 0.395386 0.020182 0.059326
0 0.784180 0.865479 0.078776 0.015137
0 0.603678 0.047729 0.058268 0.020264
0 0.544596 0.885010 0.030599 0.038574
0 0.414388 0.627197 0.026693 0.043457
0 0.311849 0.470947 0.023438 0.048828
0 0.367513 0.515137 0.023438 0.048828
0 0.877930 0.788574 0.065104 0.017578
0 0.162760 0.100830 0.023438 0.048340
0 0.660970 0.067261 0.089518 0.012451
0 0.804199 0.685547 0.021810 0.050781
0 0.782389 0.696289 0.027018 0.041016
0 0.141439 0.627197 0.022461 0.048828
0 0.758138 0.306885 0.020182 0.054199
0 0.851888 0.029541 0.026693 0.041016
0 0.173177 0.425415 0.023438 0.046143
0 0.535970 0.728760 0.061523 0.017578
0 0.582682 0.674805 0.023438 0.044922
0 0.532389 0.209229 0.068685 0.015137
0 0.752441 0.485229 0.022461 0.046143
0 0.629232 0.109619 0.026042 0.039551
0 0.124512 0.444824 0.058268 0.017578
0 0.506348 0.584229 0.051107 0.020020
0 0.284180 0.494141 0.023438 0.042969
0 0.446615 0.130859 0.028646 0.035156
0 0.226888 0.791260 0.020182 0.048828
0 0.195638 0.801758 0.020182 0.048828
0 0.832845 0.658447 0.016602 0.059082
0 0.728678 0.146729 0.016602 0.056641
0 0.251139 0.732666 0.061523 0.015137
0 0.766764 0.361572 0.016602 0.054199
0 0.162760 0.694946 0.023438 0.038330
0 0.858887 0.101074 0.027018 0.033203
0 0.729492 0.111572 0.018229 0.048828
0 0.159180 0.150635 0.016276 0.054199
0 0.475098 0.368042 0.058268 0.014893
0 0.520345 0.407104 0.058268 0.014893
0 0.233887 0.174072 0.019857 0.043457
0 0.303223 0.877197 0.047852 0.017578
0 0.317220 0.208008 0.047852 0.017578
0 0.794596 0.211792 0.023438 0.035889
0 0.140951 0.775635 0.014974 0.054199
0 0.530762 0.377197 0.016602 0.048828
0 0.523763 0.621948 0.065104 0.012451
0 0.249023 0.151978 0.015625 0.051514
0 0.145345 0.155518 0.016602 0.048340
0 0.393555 0.758057 0.020182 0.039551
0 0.884766 0.174072 0.044271 0.017578
0 0.818034 0.289917 0.014974 0.051514
0 0.591471 0.718384 0.061849 0.012451
0 0.670898 0.045776 0.046875 0.016357
0 0.869303 0.033447 0.019857 0.038574
0 0.347168 0.569946 0.017253 0.043701
0 0.314941 0.090820 0.022461 0.033203
0 0.275391 0.883789 0.013021 0.056641
0 0.756348 0.832886 0.058268 0.012451
0 0.164388 0.202637 0.041016 0.017578
0 0.160970 0.887695 0.040690 0.017578
0 0.657389 0.382324 0.040690 0.017578
0 0.414388 0.439331 0.013021 0.053467
0 0.744303 0.859863 0.019857 0.035156
0 0.915690 0.234009 0.015625 0.043701
0 0.198730 0.451416 0.019206 0.035645
0 0.438639 0.665039 0.068685 0.009766
0 0.202148 0.056885 0.054036 0.012207
0 0.188802 0.135620 0.013021 0.050049
0 0.655273 0.144043 0.015625 0.041016
0 0.653971 0.319824 0.013021 0.048828
0 0.379557 0.189087 0.013021 0.047607
0 0.460775 0.527832 0.022461 0.027344
0 0.426432 0.714111 0.065104 0.009277
0 0.734701 0.499634 0.021484 0.028076
0 0.733398 0.363525 0.018880 0.031738
0 0.676595 0.649292 0.016602 0.035889
0 0.603678 0.401978 0.016602 0.035889
0 0.791016 0.716675 0.065104 0.009033
0 0.596680 0.443604 0.016276 0.035645
0 0.332845 0.047852 0.058268 0.009766
0 0.474284 0.386963 0.014974 0.037109
0 0.475260 0.911011 0.044271 0.012451
0 0.522135 0.743164 0.054688 0.009766
0 0.133138 0.552612 0.013021 0.040283
0 0.643555 0.557495 0.013021 0.039795
0 0.754557 0.371948 0.013021 0.038330
0 0.296224 0.883057 0.033854 0.013672
0 0.917969 0.635010 0.013021 0.033203
0 0.927897 0.612549 0.012044 0.035156
0 0.587077 0.113525 0.011393 0.031738
0 0.876139 0.102539 0.027018 0.009766
0 0.495931 0.653931 0.030273 0.008545
0 0.006348 0.415894 0.009440 0.022217
0 0.982096 0.276611 0.009766 0.014160
0 0.306803 0.960205 0.019857 0.006348
