0 0.782389 0.891479 0.061523 0.077393
0 0.546387 0.396729 0.047852 0.093262
0 0.894043 0.879517 0.055664 0.079346
0 0.337077 0.526001 0.094727 0.044189
0 0.789714 0.326416 0.104167 0.035645
0 0.659180 0.586792 0.044271 0.077393
0 0.590658 0.471191 0.087565 0.039062
0 0.627116 0.921509 0.084310 0.038330
0 0.900553 0.381348 0.040690 0.078125
0 0.452474 0.495972 0.033854 0.092529
0 0.604818 0.864258 0.046875 0.064453
0 0.811849 0.404907 0.044271 0.067627
0 0.375814 0.698853 0.095378 0.030518
0 0.402181 0.592041 0.092773 0.030762
0 0.273763 0.625854 0.093099 0.030518
0 0.766927 0.753540 0.044271 0.061768
0 0.699056 0.761353 0.040690 0.067139
0 0.449219 0.444946 0.096354 0.028076
0 0.723470 0.501831 0.082357 0.032471
0 0.254557 0.262695 0.075521 0.033203
0 0.410482 0.191040 0.081380 0.030518
0 0.240397 0.370117 0.040039 0.060547
0 0.265137 0.765259 0.040690 0.059326
0 0.738118 0.260010 0.042643 0.054199
0 0.383138 0.441040 0.033854 0.067139
0 0.419596 0.653198 0.099609 0.022705
0 0.471354 0.161011 0.098958 0.022705
0 0.461263 0.030884 0.037109 0.059326
0 0.846680 0.758789 0.085938 0.025391
0 0.544271 0.190063 0.036458 0.059814
0 0.430827 0.735229 0.032227 0.067139
0 0.754720 0.569580 0.040690 0.053223
0 0.754720 0.118042 0.040690 0.051514
0 0.879720 0.500854 0.068685 0.030518
0 0.316243 0.292603 0.066732 0.030518
0 0.777181 0.603760 0.071940 0.027832
0 0.541178 0.587402 0.037435 0.052734
0 0.289388 0.657227 0.033854 0.056641
0 0.889974 0.711914 0.033854 0.056641
0 0.261556 0.338135 0.082357 0.022949
0 0.355306 0.194946 0.027018 0.069580
0 0.815430 0.935791 0.072266 0.025391
0 0.636719 0.054321 0.033854 0.053955
0 0.752930 0.741699 0.037109 0.048828
0 0.348470 0.897705 0.082357 0.021973
0 0.634440 0.132446 0.064453 0.028076
0 0.772949 0.528198 0.063477 0.028076
0 0.405762 0.514893 0.030273 0.058594
0 0.581055 0.599854 0.068359 0.025391
0 0.869141 0.459229 0.033854 0.051270
0 0.853190 0.540649 0.036458 0.047607
0 0.803223 0.081299 0.068685 0.024902
0 0.582031 0.900635 0.070312 0.022949
0 0.520182 0.052612 0.065104 0.024658
0 0.660970 0.462891 0.027018 0.058594
0 0.426595 0.052979 0.030273 0.051270
0 0.634928 0.441650 0.071940 0.021484
0 0.601562 0.546509 0.067708 0.022705
0 0.296224 0.818604 0.075521 0.020020
0 0.442220 0.336426 0.027018 0.054688
0 0.428385 0.624634 0.033854 0.043701
0 0.650553 0.709961 0.068685 0.021484
0 0.479980 0.677979 0.019206 0.072266
0 0.820638 0.743164 0.054688 0.025391
0 0.562012 0.300049 0.030273 0.045410
0 0.370931 0.442871 0.030273 0.044922
0 0.295410 0.715698 0.025065 0.053955
0 0.480469 0.117798 0.054688 0.024658
0 0.450846 0.210571 0.030599 0.043701
0 0.605469 0.254883 0.075521 0.017578
0 0.734701 0.794556 0.070312 0.018799
0 0.520345 0.882446 0.058268 0.022705
0 0.463053 0.746338 0.061523 0.021484
0 0.803223 0.449463 0.061523 0.021484
0 0.607096 0.769165 0.065104 0.020264
0 0.676595 0.213135 0.030273 0.043457
0 0.199056 0.054932 0.068685 0.019043
0 0.445638 0.796143 0.075521 0.017090
0 0.794108 0.285645 0.029622 0.042969
0 0.898763 0.529541 0.030599 0.041016
0 0.668783 0.407227 0.021810 0.056641
0 0.831543 0.783447 0.069336 0.017578
0 0.761556 0.220947 0.068685 0.017578
0 0.747721 0.476074 0.068359 0.017578
0 0.486979 0.184570 0.067708 0.017578
0 0.745443 0.701416 0.078125 0.015137
0 0.541178 0.899292 0.058268 0.020264
0 0.600260 0.387695 0.023438 0.048828
0 0.869141 0.612915 0.054688 0.020264
0 0.520182 0.074829 0.065104 0.016846
0 0.516764 0.092041 0.071940 0.015137
0 0.383138 0.233887 0.061849 0.017578
0 0.719889 0.843262 0.061523 0.017578
0 0.449056 0.434570 0.061523 0.017578
0 0.246094 0.149292 0.023438 0.046143
0 0.325846 0.024292 0.072266 0.014893
0 0.542806 0.538696 0.019857 0.053955
0 0.516927 0.526611 0.023438 0.045410
0 0.843262 0.810791 0.016602 0.062012
0 0.350098 0.628540 0.016602 0.061768
0 0.285482 0.543823 0.018880 0.053955
0 0.629232 0.674072 0.081380 0.012207
0 0.415202 0.671387 0.056315 0.017578
0 0.679199 0.856445 0.056315 0.017578
0 0.877930 0.795166 0.065104 0.015137
0 0.676432 0.180542 0.065104 0.014893
0 0.386556 0.689697 0.019857 0.048828
0 0.228190 0.125854 0.015625 0.061768
0 0.400553 0.722290 0.047852 0.020264
0 0.305013 0.417480 0.023438 0.041016
0 0.575358 0.414917 0.064128 0.014893
0 0.231283 0.905884 0.021810 0.043701
0 0.653646 0.237915 0.046875 0.020264
0 0.367513 0.365112 0.023438 0.040283
0 0.454264 0.714355 0.016602 0.056641
0 0.263346 0.689697 0.023438 0.038574
0 0.530762 0.347290 0.058268 0.014893
0 0.640137 0.348511 0.019857 0.043701
0 0.892741 0.385620 0.025065 0.034424
0 0.287598 0.592041 0.016602 0.051270
0 0.870931 0.068604 0.016602 0.051270
0 0.351888 0.937134 0.068359 0.012451
0 0.218099 0.245972 0.023438 0.036377
0 0.687012 0.050049 0.016602 0.050781
0 0.898763 0.313354 0.023438 0.035889
0 0.249349 0.242676 0.023438 0.035156
0 0.265951 0.150635 0.014974 0.054199
0 0.813802 0.766479 0.054688 0.014893
0 0.495931 0.379883 0.016602 0.048828
0 0.249512 0.413574 0.016602 0.048828
0 0.158854 0.141479 0.015625 0.051514
0 0.360514 0.858276 0.071940 0.010986
0 0.687012 0.100464 0.016602 0.047607
0 0.841471 0.127197 0.020182 0.038574
0 0.942057 0.856323 0.013021 0.059326
0 0.363932 0.080322 0.044271 0.017578
0 0.520182 0.140137 0.044271 0.017578
0 0.430013 0.506714 0.016276 0.047607
0 0.433431 0.708862 0.016602 0.045654
0 0.200358 0.706665 0.050456 0.014893
0 0.456055 0.769165 0.020182 0.035889
0 0.560221 0.039917 0.047526 0.014893
0 0.541178 0.328735 0.016602 0.040283
0 0.509928 0.404175 0.016602 0.040283
0 0.836263 0.050293 0.016276 0.041016
0 0.721680 0.167480 0.016276 0.041016
0 0.709473 0.778320 0.019857 0.033203
0 0.501139 0.642822 0.019857 0.033203
0 0.633138 0.845947 0.013021 0.048828
0 0.706868 0.862915 0.042643 0.014893
0 0.436523 0.903931 0.015625 0.039795
0 0.740723 0.302979 0.019857 0.030762
0 0.791178 0.068604 0.037435 0.015137
0 0.638021 0.102417 0.015625 0.035889
0 0.666016 0.317261 0.044271 0.012451
0 0.280599 0.090698 0.044271 0.012451
0 0.563314 0.116821 0.019206 0.028076
0 0.299805 0.746338 0.047526 0.011230
0 0.214193 0.335205 0.015625 0.032715
0 0.528971 0.524414 0.020182 0.025391
0 0.346680 0.394043 0.051432 0.009766
0 0.485026 0.615112 0.015625 0.030029
0 0.400553 0.117798 0.047852 0.009033
0 0.666178 0.818604 0.016602 0.025391
0 0.844564 0.324829 0.053711 0.006592
0 0.509440 0.623291 0.029297 0.009766
0 0.660970 0.046143 0.040690 0.006348
0 0.382812 0.550293 0.026042 0.009766
