0 0.836263 0.511353 0.127604 0.051514
0 0.617513 0.852539 0.120443 0.041016
0 0.872721 0.282104 0.061849 0.077393
0 0.808431 0.666260 0.051107 0.074707
0 0.297201 0.565308 0.028646 0.128174
0 0.276367 0.403320 0.042318 0.080078
0 0.723470 0.946167 0.110352 0.030518
0 0.914388 0.809448 0.047526 0.069580
0 0.558431 0.248047 0.092773 0.035156
0 0.360514 0.917480 0.120768 0.025391
0 0.858887 0.521118 0.124023 0.024170
0 0.768555 0.926636 0.130859 0.022705
0 0.590983 0.534668 0.040039 0.072266
0 0.170898 0.914307 0.039714 0.070801
0 0.190430 0.598511 0.037109 0.074951
0 0.789388 0.953979 0.041016 0.067139
0 0.728516 0.500610 0.044271 0.061279
0 0.912760 0.582886 0.044271 0.059326
0 0.507161 0.287964 0.080729 0.031982
0 0.905762 0.767456 0.079102 0.032471
0 0.453776 0.271729 0.098958 0.025391
0 0.843262 0.615479 0.079102 0.030762
0 0.502930 0.838135 0.037109 0.064453
0 0.867513 0.465698 0.044271 0.053955
0 0.409180 0.493042 0.030599 0.077393
0 0.709635 0.868042 0.075521 0.030518
0 0.630046 0.367432 0.034831 0.065918
0 0.227702 0.767456 0.035482 0.063721
0 0.423014 0.894165 0.071940 0.030518
0 0.372721 0.426025 0.068359 0.031738
0 0.791178 0.845581 0.030273 0.069092
0 0.893555 0.031738 0.041016 0.050781
0 0.209473 0.931885 0.027018 0.074707
0 0.534180 0.556885 0.072266 0.027832
0 0.808431 0.421387 0.030273 0.064453
0 0.756348 0.711548 0.079102 0.024658
0 0.579264 0.472290 0.037435 0.051514
0 0.723470 0.582886 0.068685 0.028076
0 0.877930 0.675415 0.037109 0.051514
0 0.568522 0.212769 0.084961 0.022217
0 0.833659 0.564697 0.067057 0.027832
0 0.391764 0.869385 0.037435 0.048828
0 0.344889 0.886353 0.089518 0.020264
0 0.645345 0.952759 0.079102 0.022705
0 0.898763 0.523071 0.078776 0.022705
0 0.402344 0.093018 0.065104 0.027344
0 0.652344 0.548828 0.023438 0.074219
0 0.890137 0.101196 0.061523 0.028076
0 0.294108 0.469727 0.029622 0.056641
0 0.200846 0.235352 0.065104 0.025391
0 0.812012 0.075073 0.071940 0.022705
0 0.437012 0.579956 0.030273 0.053467
0 0.801432 0.763550 0.065104 0.024658
0 0.825846 0.427979 0.030599 0.051270
0 0.285807 0.383667 0.033854 0.046143
0 0.954264 0.875854 0.030273 0.051514
0 0.830566 0.042480 0.060872 0.025391
0 0.750326 0.461792 0.073568 0.020264
0 0.701660 0.638550 0.032227 0.045654
0 0.603516 0.435791 0.023438 0.062012
0 0.351888 0.338135 0.026693 0.054199
0 0.199056 0.702393 0.027018 0.053223
0 0.721680 0.162109 0.072266 0.019531
0 0.492513 0.485229 0.030599 0.046143
0 0.464681 0.129883 0.079102 0.017578
0 0.657389 0.289917 0.068685 0.020264
0 0.806641 0.183105 0.033854 0.041016
0 0.300618 0.597900 0.021810 0.062988
0 0.900065 0.712402 0.026042 0.052734
0 0.853516 0.810791 0.023438 0.056641
0 0.561849 0.883789 0.023438 0.056641
0 0.447266 0.550293 0.023438 0.056641
0 0.513346 0.744385 0.057943 0.022949
0 0.346680 0.326416 0.085938 0.015137
0 0.487305 0.317383 0.026693 0.048828
0 0.518555 0.483887 0.026693 0.048828
0 0.568848 0.431274 0.030273 0.042236
0 0.216471 0.836182 0.020182 0.060547
0 0.920410 0.733887 0.025065 0.048828
0 0.847656 0.771729 0.018229 0.066895
0 0.641764 0.892456 0.071940 0.016846
0 0.770345 0.611572 0.030273 0.038574
0 0.306315 0.945557 0.060547 0.019043
0 0.905762 0.246704 0.016602 0.069092
0 0.705566 0.679321 0.019206 0.059326
0 0.865723 0.303589 0.027018 0.042236
0 0.655762 0.753174 0.079102 0.014160
0 0.291178 0.534790 0.016602 0.067139
0 0.588867 0.142822 0.063151 0.017578
0 0.244141 0.946167 0.054688 0.020264
0 0.563639 0.597168 0.027018 0.041016
0 0.780599 0.199219 0.023438 0.046875
0 0.604980 0.274292 0.053711 0.020264
0 0.450846 0.513916 0.023438 0.046387
0 0.251139 0.551636 0.019857 0.053955
0 0.145671 0.625854 0.017253 0.061768
0 0.848470 0.413696 0.027018 0.038330
0 0.652181 0.852417 0.051107 0.020264
0 0.473470 0.415527 0.047852 0.021484
0 0.463053 0.453979 0.019857 0.051514
0 0.383138 0.550415 0.068359 0.014893
0 0.524251 0.589722 0.024414 0.041748
0 0.829427 0.283447 0.023438 0.043457
0 0.690430 0.889893 0.057943 0.017090
0 0.537272 0.890259 0.022461 0.043701
0 0.784993 0.041504 0.025065 0.039062
0 0.452637 0.925415 0.027018 0.035889
0 0.330566 0.109619 0.019206 0.050293
0 0.180013 0.107666 0.023438 0.041016
0 0.475260 0.610352 0.023438 0.041016
0 0.777344 0.800293 0.023438 0.041016
0 0.841471 0.316650 0.020182 0.047363
0 0.504720 0.623291 0.047852 0.020020
0 0.711263 0.510986 0.023438 0.040527
0 0.154297 0.565430 0.020833 0.044922
0 0.592773 0.323730 0.022786 0.041016
0 0.664388 0.414917 0.020182 0.046143
0 0.508952 0.155151 0.021810 0.042236
0 0.173014 0.049072 0.016602 0.054199
0 0.440104 0.302979 0.057292 0.015137
0 0.591146 0.694946 0.067708 0.012451
0 0.766927 0.816040 0.023438 0.035889
0 0.267741 0.426758 0.025065 0.033203
0 0.305827 0.353760 0.066732 0.012207
0 0.785970 0.568604 0.019857 0.041016
0 0.895345 0.218262 0.016602 0.048828
0 0.832682 0.244995 0.023438 0.034424
0 0.799805 0.577759 0.020182 0.038330
0 0.431803 0.450073 0.061523 0.012451
0 0.799805 0.353760 0.061849 0.012207
0 0.519857 0.431274 0.015625 0.047607
0 0.565430 0.218994 0.023438 0.031738
0 0.438314 0.086182 0.053711 0.013672
0 0.610189 0.676392 0.043294 0.016846
0 0.610514 0.577759 0.016602 0.043701
0 0.318848 0.973511 0.058268 0.012451
0 0.882324 0.328369 0.053060 0.013672
0 0.855306 0.292847 0.019857 0.036377
0 0.416178 0.566895 0.016602 0.042969
0 0.499349 0.602417 0.023438 0.030518
0 0.888346 0.791260 0.057943 0.012207
0 0.336263 0.400635 0.016276 0.043457
0 0.575846 0.535645 0.016276 0.042969
0 0.412272 0.831665 0.022461 0.030518
0 0.789388 0.109009 0.054688 0.012451
0 0.540690 0.939697 0.015625 0.043457
0 0.249512 0.435181 0.016602 0.039795
0 0.884440 0.370605 0.015625 0.041016
0 0.545410 0.103516 0.053060 0.011719
0 0.271647 0.078979 0.040039 0.014893
0 0.817220 0.430298 0.019857 0.030029
0 0.664388 0.929321 0.013021 0.038330
0 0.890137 0.555298 0.019857 0.024658
0 0.831055 0.576416 0.047526 0.009766
0 0.310221 0.047852 0.047526 0.009766
0 0.271647 0.108643 0.012044 0.037598
0 0.782552 0.220947 0.013021 0.033203
0 0.192057 0.124512 0.013021 0.033203
0 0.905762 0.558472 0.016602 0.026123
0 0.840658 0.269165 0.011393 0.035889
0 0.712240 0.125977 0.039062 0.009766
0 0.542969 0.400024 0.033854 0.010986
0 0.916992 0.546387 0.011068 0.033203
0 0.845052 0.332886 0.013021 0.028076
0 0.502930 0.586792 0.009766 0.030518
0 0.490885 0.577759 0.013021 0.022705
0 0.469889 0.487549 0.027018 0.009277
0 0.978190 0.275635 0.008464 0.017578
0 0.763346 0.213135 0.009766 0.012207
