0 0.311849 0.645386 0.065104 0.085205
0 0.607096 0.927979 0.113932 0.046387
0 0.422526 0.956543 0.119792 0.041016
0 0.799805 0.197510 0.054688 0.085449
0 0.533203 0.537354 0.132812 0.030762
0 0.700846 0.519165 0.051432 0.077393
0 0.212565 0.269165 0.109375 0.035889
0 0.877930 0.282227 0.093099 0.041016
0 0.397135 0.662354 0.096354 0.035645
0 0.719889 0.927734 0.040690 0.082031
0 0.815430 0.951416 0.051432 0.062012
0 0.479980 0.845337 0.040039 0.077393
0 0.674805 0.926758 0.047526 0.064453
0 0.447428 0.618042 0.099935 0.030518
0 0.625326 0.388916 0.094401 0.030762
0 0.190430 0.421387 0.044271 0.064453
0 0.266927 0.619385 0.044271 0.064453
0 0.237305 0.343262 0.082682 0.033203
0 0.225260 0.170166 0.044271 0.062012
0 0.565918 0.627197 0.079753 0.033203
0 0.223470 0.593262 0.040690 0.064453
0 0.572266 0.885742 0.085938 0.029297
0 0.515137 0.688354 0.082357 0.030518
0 0.238932 0.860352 0.044271 0.056641
0 0.794596 0.583862 0.044271 0.055908
0 0.817220 0.496948 0.040690 0.059326
0 0.756348 0.817383 0.071940 0.033203
0 0.897949 0.326050 0.042643 0.055908
0 0.336263 0.546143 0.085938 0.027344
0 0.908691 0.834229 0.092122 0.025391
0 0.591471 0.884644 0.033854 0.069092
0 0.159180 0.659790 0.037109 0.061768
0 0.270182 0.103760 0.127604 0.017578
0 0.791178 0.904541 0.071940 0.030762
0 0.328939 0.191040 0.071289 0.030518
0 0.456055 0.394775 0.068359 0.031738
0 0.909180 0.789917 0.106771 0.020264
0 0.560221 0.482666 0.068359 0.030762
0 0.315430 0.664307 0.037109 0.055176
0 0.699219 0.812134 0.033854 0.059326
0 0.555013 0.577759 0.085938 0.022705
0 0.764974 0.954102 0.033854 0.056641
0 0.235514 0.495728 0.030273 0.061768
0 0.173014 0.071167 0.030273 0.061768
0 0.574544 0.673340 0.034505 0.052734
0 0.488607 0.646729 0.029297 0.062012
0 0.718262 0.866821 0.079102 0.022705
0 0.182129 0.353760 0.027669 0.064453
0 0.696452 0.234009 0.063477 0.028076
0 0.218262 0.553589 0.037435 0.047607
0 0.288411 0.738525 0.080729 0.021484
0 0.350098 0.576050 0.037435 0.045654
0 0.211263 0.524414 0.023438 0.072266
0 0.476400 0.363525 0.102539 0.016113
0 0.195638 0.908447 0.033854 0.048828
0 0.895182 0.172852 0.065104 0.025391
0 0.144531 0.826416 0.028646 0.056641
0 0.305990 0.263916 0.080729 0.020020
0 0.916178 0.218018 0.030273 0.053223
0 0.553223 0.788574 0.089518 0.017578
0 0.588053 0.806885 0.068685 0.022949
0 0.547201 0.558228 0.077474 0.020264
0 0.226888 0.715332 0.026693 0.058594
0 0.761556 0.084229 0.061523 0.025391
0 0.351562 0.866699 0.088542 0.017578
0 0.737305 0.735229 0.075521 0.020264
0 0.530599 0.142822 0.065104 0.022949
0 0.865885 0.038696 0.033854 0.043701
0 0.339844 0.387573 0.065104 0.022705
0 0.832845 0.025635 0.030273 0.048828
0 0.249512 0.819824 0.030273 0.048828
0 0.291992 0.604736 0.031901 0.045410
0 0.319661 0.224243 0.059896 0.024170
0 0.320638 0.950073 0.061849 0.022705
0 0.424805 0.701416 0.054688 0.025391
0 0.764974 0.037354 0.054688 0.025391
0 0.188639 0.474854 0.068685 0.020020
0 0.518555 0.310791 0.026693 0.051270
0 0.169108 0.495728 0.029622 0.046143
0 0.903971 0.537354 0.020182 0.066895
0 0.903971 0.440674 0.068359 0.019531
0 0.350098 0.325073 0.058268 0.022705
0 0.777344 0.208862 0.023438 0.055908
0 0.881510 0.206299 0.065104 0.019531
0 0.243327 0.211182 0.066732 0.019043
0 0.706055 0.287354 0.082682 0.015137
0 0.598470 0.498291 0.027018 0.046387
0 0.563802 0.642212 0.075521 0.016357
0 0.250651 0.136963 0.026042 0.047363
0 0.612305 0.172729 0.026693 0.046143
0 0.464681 0.596924 0.030273 0.040527
0 0.273763 0.886353 0.023438 0.051514
0 0.184733 0.262329 0.053711 0.022217
0 0.787598 0.875854 0.079102 0.014893
0 0.469889 0.913696 0.019857 0.059326
0 0.931803 0.645386 0.019857 0.059326
0 0.486979 0.862305 0.026042 0.044922
0 0.664388 0.937134 0.026693 0.043701
0 0.846680 0.912354 0.057943 0.020020
0 0.495931 0.598511 0.030273 0.038330
0 0.610514 0.952759 0.051107 0.022705
0 0.912109 0.802979 0.057292 0.020020
0 0.273763 0.749512 0.065104 0.017578
0 0.174805 0.211792 0.075521 0.014893
0 0.209473 0.769043 0.027018 0.041016
0 0.848470 0.266602 0.027018 0.041016
0 0.249349 0.560791 0.023438 0.046387
0 0.395182 0.469604 0.023438 0.046143
0 0.511556 0.499634 0.019857 0.053955
0 0.225586 0.321167 0.052083 0.020264
0 0.682617 0.664917 0.070312 0.014893
0 0.148763 0.090698 0.023438 0.043701
0 0.716471 0.055542 0.068359 0.014893
0 0.402344 0.205322 0.023438 0.043457
0 0.270182 0.135010 0.023438 0.043457
0 0.462565 0.090088 0.018880 0.052734
0 0.361816 0.144165 0.019206 0.051514
0 0.548177 0.568604 0.065104 0.015137
0 0.815430 0.789917 0.065104 0.014893
0 0.838053 0.814453 0.082357 0.011719
0 0.505534 0.421509 0.077474 0.012451
0 0.568359 0.878174 0.015625 0.061035
0 0.573568 0.461792 0.046875 0.020264
0 0.565430 0.323730 0.016276 0.056641
0 0.857096 0.181885 0.023438 0.038574
0 0.263346 0.770386 0.072266 0.012451
0 0.332682 0.520386 0.023438 0.038330
0 0.613118 0.454102 0.021810 0.041016
0 0.944010 0.885742 0.065104 0.013672
0 0.623698 0.364136 0.070312 0.012451
0 0.732096 0.248291 0.057943 0.015137
0 0.860514 0.097290 0.058268 0.014893
0 0.784993 0.650024 0.053060 0.016357
0 0.912109 0.684448 0.015625 0.053955
0 0.655599 0.196167 0.023438 0.035889
0 0.384440 0.186157 0.022786 0.036377
0 0.940430 0.903198 0.065104 0.012451
0 0.225098 0.392822 0.016602 0.048828
0 0.567220 0.721924 0.019857 0.040527
0 0.857096 0.663574 0.016276 0.048828
0 0.714681 0.919189 0.016602 0.046875
0 0.359701 0.245728 0.021484 0.035889
0 0.877930 0.578979 0.016276 0.046143
0 0.824219 0.885742 0.054688 0.013672
0 0.824219 0.302979 0.013021 0.056641
0 0.521159 0.887695 0.039062 0.017578
0 0.752930 0.329102 0.016276 0.041016
0 0.344889 0.124512 0.019857 0.033203
0 0.836263 0.866821 0.051432 0.012451
0 0.263021 0.165894 0.036458 0.016846
0 0.447266 0.549805 0.044271 0.013672
0 0.468262 0.649292 0.016602 0.035889
0 0.187012 0.521729 0.016602 0.035645
0 0.197428 0.677979 0.016602 0.035645
0 0.641764 0.144043 0.058268 0.009766
0 0.233887 0.575073 0.019857 0.028076
0 0.857096 0.033447 0.016276 0.033203
0 0.539388 0.670166 0.013021 0.041016
0 0.424805 0.419556 0.061849 0.008545
0 0.647949 0.658447 0.042643 0.012207
0 0.858724 0.222290 0.033854 0.014893
0 0.390137 0.525635 0.040690 0.012207
0 0.150065 0.202759 0.033203 0.012451
0 0.299805 0.408447 0.033854 0.012207
0 0.188802 0.112915 0.013021 0.030518
0 0.825358 0.255737 0.043294 0.009033
0 0.471680 0.471558 0.009766 0.039795
0 0.459635 0.017456 0.013021 0.022217
0 0.982096 0.279541 0.009766 0.015137
