0 0.254720 0.653198 0.144857 0.059326
0 0.637533 0.805542 0.125977 0.046143
0 0.301595 0.256104 0.099935 0.046387
0 0.570638 0.505493 0.096354 0.043701
0 0.495931 0.502197 0.099935 0.038574
0 0.155762 0.289551 0.037435 0.097656
0 0.721680 0.698853 0.037109 0.098389
0 0.648763 0.055542 0.051432 0.067139
0 0.416016 0.735229 0.106771 0.030518
0 0.680013 0.411011 0.037109 0.085205
0 0.562012 0.291260 0.092773 0.033203
0 0.695638 0.290283 0.041016 0.072754
0 0.226400 0.753418 0.040039 0.072266
0 0.235677 0.562134 0.044271 0.059326
0 0.535482 0.795166 0.102214 0.025391
0 0.283366 0.877197 0.077148 0.033203
0 0.221680 0.399292 0.037109 0.067139
0 0.510742 0.469604 0.080729 0.030518
0 0.266764 0.540894 0.071940 0.032471
0 0.704264 0.503540 0.037435 0.061768
0 0.402181 0.376953 0.030273 0.074219
0 0.368815 0.858643 0.081380 0.027344
0 0.881348 0.595581 0.099935 0.022217
0 0.718262 0.319946 0.037435 0.059326
0 0.791178 0.060791 0.071940 0.030762
0 0.258952 0.776978 0.042643 0.051514
0 0.450846 0.822510 0.078776 0.027832
0 0.646973 0.426392 0.040690 0.053467
0 0.923991 0.334229 0.032227 0.066895
0 0.681803 0.511353 0.040690 0.051514
0 0.869303 0.893799 0.040690 0.050781
0 0.853678 0.463379 0.037435 0.054688
0 0.291178 0.905884 0.037435 0.053955
0 0.652181 0.630493 0.030273 0.065674
0 0.806641 0.756104 0.075521 0.025391
0 0.199219 0.381104 0.033854 0.056641
0 0.687012 0.846558 0.079102 0.024170
0 0.609701 0.778198 0.083984 0.022705
0 0.441732 0.403198 0.067708 0.028076
0 0.348470 0.114136 0.082357 0.022705
0 0.766927 0.090698 0.065104 0.028076
0 0.259766 0.585571 0.065104 0.028076
0 0.157389 0.620728 0.027018 0.067139
0 0.605794 0.372070 0.027995 0.064453
0 0.598470 0.901611 0.068685 0.024902
0 0.897949 0.844727 0.066732 0.025391
0 0.903971 0.601074 0.033854 0.048828
0 0.265137 0.818604 0.082357 0.020020
0 0.186035 0.602417 0.035482 0.046143
0 0.775553 0.296753 0.027018 0.059814
0 0.740885 0.717651 0.033854 0.047607
0 0.831055 0.390259 0.068359 0.022705
0 0.895345 0.920166 0.030273 0.051270
0 0.556315 0.491821 0.067708 0.022705
0 0.440430 0.528320 0.023438 0.064453
0 0.662760 0.692383 0.085938 0.017578
0 0.251139 0.052368 0.061523 0.024170
0 0.584635 0.457886 0.033854 0.043701
0 0.187012 0.142822 0.030273 0.048828
0 0.341471 0.057861 0.075521 0.019531
0 0.782552 0.681885 0.033854 0.043457
0 0.409180 0.334229 0.057943 0.025391
0 0.231120 0.657104 0.070312 0.020264
0 0.886556 0.553711 0.027018 0.052734
0 0.152344 0.084839 0.085938 0.016357
0 0.318848 0.541870 0.058268 0.024170
0 0.457682 0.581055 0.065104 0.021484
0 0.501139 0.921509 0.061523 0.022705
0 0.516764 0.606445 0.079102 0.017578
0 0.430013 0.697510 0.078776 0.017578
0 0.471680 0.765137 0.078776 0.017578
0 0.360514 0.875854 0.092773 0.014893
0 0.409180 0.185791 0.023438 0.056641
0 0.273763 0.697510 0.057943 0.022949
0 0.414388 0.424683 0.054688 0.024170
0 0.827637 0.356445 0.027018 0.048828
0 0.233887 0.153320 0.027018 0.048828
0 0.723470 0.897949 0.027018 0.048828
0 0.597493 0.926758 0.073893 0.017578
0 0.712565 0.714478 0.018880 0.067139
0 0.912760 0.213135 0.023438 0.054199
0 0.388346 0.754883 0.072266 0.017578
0 0.469889 0.680542 0.061523 0.020264
0 0.630534 0.770508 0.070312 0.017578
0 0.893555 0.125854 0.026693 0.046143
0 0.638672 0.572144 0.072917 0.016846
0 0.761556 0.883667 0.019857 0.061768
0 0.213053 0.307129 0.019857 0.058594
0 0.191243 0.568604 0.025065 0.046387
0 0.917806 0.751831 0.068685 0.016846
0 0.778971 0.339355 0.020182 0.056641
0 0.862305 0.198730 0.020182 0.056641
0 0.787760 0.786133 0.065104 0.017578
0 0.749349 0.528320 0.023438 0.048828
0 0.782389 0.529907 0.027018 0.041748
0 0.542969 0.706665 0.075521 0.014893
0 0.726888 0.598511 0.020182 0.053955
0 0.686849 0.430542 0.023438 0.046143
0 0.653971 0.716431 0.026693 0.039795
0 0.670573 0.478149 0.018229 0.057861
0 0.178223 0.853760 0.027018 0.038574
0 0.358887 0.154541 0.068685 0.015137
0 0.754720 0.433228 0.068685 0.014893
0 0.428223 0.120361 0.019857 0.050781
0 0.742513 0.145020 0.023438 0.042969
0 0.329264 0.132080 0.058268 0.017090
0 0.284180 0.351196 0.016276 0.059326
0 0.903971 0.261353 0.047526 0.020264
0 0.441243 0.472290 0.045898 0.020264
0 0.351562 0.164307 0.067708 0.013672
0 0.502930 0.585205 0.078776 0.011719
0 0.433431 0.256104 0.058268 0.015137
0 0.794596 0.395386 0.016276 0.053955
0 0.699056 0.776001 0.019857 0.044189
0 0.423014 0.219604 0.058268 0.014893
0 0.563639 0.473145 0.019857 0.042969
0 0.919596 0.860229 0.016276 0.051514
0 0.557617 0.143066 0.021484 0.039062
0 0.206055 0.043945 0.047526 0.017578
0 0.601888 0.456543 0.020182 0.041016
0 0.278971 0.076416 0.054688 0.015137
0 0.817220 0.654541 0.019857 0.041016
0 0.796224 0.914917 0.054688 0.014893
0 0.831055 0.591675 0.020182 0.040283
0 0.277181 0.119385 0.016602 0.048828
0 0.780762 0.608643 0.016602 0.048340
0 0.833659 0.107666 0.052734 0.015137
0 0.656576 0.043823 0.018229 0.043701
0 0.773763 0.580322 0.016276 0.048828
0 0.305013 0.400635 0.065104 0.012207
0 0.874512 0.487915 0.016602 0.046143
0 0.453776 0.530762 0.015625 0.048828
0 0.629720 0.489136 0.019857 0.038330
0 0.707845 0.192627 0.016602 0.044434
0 0.890137 0.038086 0.019857 0.037109
0 0.282389 0.026978 0.047852 0.014893
0 0.863607 0.862549 0.050130 0.014160
0 0.903971 0.698853 0.047526 0.014893
0 0.855306 0.348267 0.040690 0.016846
0 0.890137 0.505493 0.019857 0.034424
0 0.749512 0.073730 0.016602 0.041016
0 0.761719 0.607666 0.013021 0.051270
0 0.258138 0.602539 0.061849 0.009766
0 0.851888 0.226196 0.047526 0.012451
0 0.831055 0.424072 0.047526 0.012207
0 0.150553 0.109009 0.019857 0.028076
0 0.827637 0.650635 0.019857 0.027832
0 0.801595 0.515137 0.016602 0.033203
0 0.291016 0.085571 0.044271 0.012451
0 0.805013 0.603760 0.016276 0.033203
0 0.836263 0.913574 0.016276 0.033203
0 0.709147 0.082886 0.019206 0.028076
0 0.647135 0.894043 0.054688 0.009766
0 0.857096 0.327393 0.044271 0.011719
0 0.749023 0.690674 0.043620 0.009277
0 0.034180 0.109009 0.016276 0.022705
0 0.652181 0.479980 0.037435 0.009766
0 0.794271 0.704102 0.036458 0.009766
0 0.789388 0.499634 0.013021 0.022705
0 0.844889 0.336548 0.027018 0.009033
0 0.916016 0.148071 0.023438 0.007080
