0 0.520139 0.767839 0.081944 0.079948
0 0.593750 0.883724 0.118056 0.040885
0 0.251620 0.843359 0.054167 0.085156
0 0.163657 0.289974 0.063426 0.066927
0 0.829861 0.339453 0.053241 0.072135
0 0.205324 0.491797 0.063426 0.059115
0 0.163657 0.888932 0.109722 0.030469
0 0.716898 0.573828 0.058796 0.056510
0 0.811806 0.095964 0.054167 0.059115
0 0.084491 0.715755 0.034722 0.090365
0 0.278935 0.204036 0.099537 0.030469
0 0.915972 0.720313 0.105093 0.026562
0 0.110417 0.504818 0.049537 0.053906
0 0.304861 0.115495 0.105093 0.025260
0 0.725694 0.111589 0.094907 0.027865
0 0.030093 0.213542 0.037037 0.070312
0 0.329167 0.523047 0.088889 0.027865
0 0.689120 0.693620 0.095833 0.025260
0 0.920602 0.763672 0.095833 0.024740
0 0.163657 0.128516 0.044907 0.051302
0 0.821065 0.151953 0.091204 0.025260
0 0.383565 0.441667 0.086574 0.026562
0 0.179861 0.654557 0.049537 0.046094
0 0.237731 0.605078 0.035648 0.061719
0 0.892824 0.831641 0.105093 0.020052
0 0.654398 0.245703 0.081944 0.025260
0 0.145139 0.858984 0.091204 0.022656
0 0.765046 0.842057 0.034722 0.056510
0 0.499306 0.718359 0.086574 0.022656
0 0.689120 0.749609 0.086574 0.022656
0 0.508102 0.244401 0.085648 0.022656
0 0.531713 0.571224 0.095833 0.020052
0 0.932176 0.424089 0.035648 0.053906
0 0.945602 0.674089 0.043981 0.043490
0 0.446065 0.817318 0.081944 0.022656
0 0.890509 0.247005 0.081944 0.022656
0 0.839583 0.810807 0.072685 0.025260
0 0.288657 0.711849 0.072685 0.025260
0 0.076389 0.614193 0.101852 0.017448
0 0.881250 0.789974 0.118981 0.014844
0 0.279398 0.602474 0.026389 0.066927
0 0.300231 0.754818 0.077315 0.022656
0 0.667824 0.642839 0.099537 0.017448
0 0.591898 0.149089 0.086574 0.019531
0 0.790972 0.532552 0.040278 0.041667
0 0.332639 0.605078 0.040278 0.040885
0 0.753935 0.886328 0.040278 0.040885
0 0.943750 0.211849 0.040278 0.040885
0 0.936806 0.641536 0.035648 0.046094
0 0.888194 0.404297 0.040278 0.040365
0 0.851157 0.214193 0.040278 0.040365
0 0.738194 0.524349 0.034722 0.046094
0 0.170602 0.556901 0.068056 0.022656
0 0.086806 0.879818 0.039352 0.038281
0 0.186343 0.324870 0.127315 0.011719
0 0.816435 0.763932 0.100463 0.014844
0 0.746991 0.253516 0.026389 0.056510
0 0.888194 0.287760 0.040278 0.036458
0 0.753935 0.404557 0.021759 0.066927
0 0.890509 0.544922 0.035648 0.040365
0 0.885880 0.101172 0.081944 0.017448
0 0.207639 0.373307 0.031019 0.046094
0 0.492361 0.108984 0.081944 0.017448
0 0.360417 0.685807 0.095833 0.014844
0 0.179861 0.607422 0.031019 0.045573
0 0.779398 0.754557 0.063426 0.022135
0 0.325694 0.501953 0.118981 0.011719
0 0.049074 0.402344 0.037963 0.036458
0 0.749306 0.094661 0.021759 0.061719
0 0.656250 0.196224 0.067130 0.020052
0 0.608102 0.840495 0.035648 0.037760
0 0.211806 0.668880 0.030093 0.043490
0 0.040972 0.726172 0.021759 0.059115
0 0.700694 0.174089 0.026389 0.048698
0 0.473843 0.536068 0.072685 0.017448
0 0.582639 0.757812 0.095833 0.013021
0 0.385880 0.357422 0.035648 0.035156
0 0.429861 0.693359 0.031019 0.040365
0 0.709491 0.262630 0.025463 0.048698
0 0.952546 0.870703 0.030093 0.040885
0 0.885880 0.993750 0.109722 0.010937
0 0.348843 0.708333 0.035648 0.033854
0 0.393519 0.524740 0.032407 0.036458
0 0.596528 0.607682 0.058796 0.020052
0 0.068287 0.806901 0.067130 0.017448
0 0.603472 0.588151 0.026389 0.043490
0 0.874306 0.159505 0.058796 0.019531
0 0.675231 0.629557 0.095833 0.011719
0 0.235417 0.722266 0.021759 0.051302
0 0.380093 0.711849 0.024074 0.046094
0 0.272454 0.237891 0.031019 0.035677
0 0.426389 0.262630 0.088889 0.012240
0 0.846528 0.513672 0.031019 0.035156
0 0.358102 0.172786 0.026389 0.040885
0 0.015509 0.300391 0.026389 0.040885
0 0.420602 0.504818 0.021759 0.048698
0 0.661343 0.799089 0.021759 0.048698
0 0.175231 0.361979 0.031019 0.033854
0 0.823380 0.450781 0.077315 0.013542
0 0.888194 0.142839 0.031019 0.033073
0 0.517824 0.494401 0.031019 0.033073
0 0.846528 0.132422 0.031019 0.033073
0 0.351157 0.382422 0.058796 0.017448
0 0.200694 0.569922 0.026389 0.038281
0 0.485417 0.092057 0.068056 0.014844
0 0.087269 0.783203 0.031019 0.032552
0 0.494213 0.580339 0.057870 0.017448
0 0.156713 0.615495 0.021759 0.046094
0 0.943750 0.493099 0.021759 0.046094
0 0.045602 0.302995 0.021759 0.046094
0 0.924074 0.310807 0.019444 0.051302
0 0.606481 0.627214 0.078704 0.012240
0 0.771991 0.516536 0.020833 0.046094
0 0.013194 0.551693 0.021759 0.043490
0 0.605787 0.220964 0.077315 0.012240
0 0.953009 0.590755 0.021759 0.043490
0 0.853472 0.086849 0.063426 0.014844
0 0.594213 0.425391 0.063426 0.014844
0 0.274769 0.347266 0.063426 0.014844
0 0.439120 0.650391 0.021759 0.042969
0 0.408565 0.249609 0.053241 0.017448
0 0.621991 0.188151 0.063426 0.014323
0 0.735417 0.714453 0.021759 0.040885
0 0.353472 0.903255 0.072685 0.012240
0 0.219213 0.127214 0.072685 0.012240
0 0.057176 0.601172 0.072685 0.012240
0 0.439120 0.141536 0.058796 0.014844
0 0.212269 0.425130 0.058796 0.014323
0 0.063657 0.434505 0.030093 0.027865
0 0.152083 0.523047 0.021759 0.038281
0 0.309491 0.247005 0.068056 0.012240
0 0.121991 0.814453 0.017130 0.048177
0 0.179398 0.395052 0.020833 0.039062
0 0.547454 0.638021 0.062500 0.013021
0 0.517824 0.229818 0.086574 0.009115
0 0.737731 0.339453 0.017130 0.046094
0 0.663657 0.252214 0.063426 0.012240
0 0.853009 0.469661 0.025463 0.030469
0 0.679861 0.537109 0.021759 0.035156
0 0.074537 0.577344 0.024074 0.031250
0 0.737731 0.917318 0.081944 0.009115
0 0.501157 0.623307 0.016204 0.046094
0 0.267824 0.401953 0.049537 0.014844
0 0.591898 0.202734 0.058796 0.012240
0 0.726157 0.129818 0.058796 0.012240
0 0.788657 0.177995 0.017130 0.040885
0 0.520139 0.896745 0.017130 0.040885
0 0.830324 0.295182 0.072685 0.009635
0 0.553704 0.214453 0.019444 0.035677
0 0.152083 0.391536 0.021759 0.030469
0 0.802546 0.843359 0.017130 0.038281
0 0.737731 0.207943 0.017130 0.038281
0 0.357639 0.406901 0.016204 0.040365
0 0.695602 0.223568 0.053241 0.012240
0 0.045602 0.587500 0.058796 0.010937
0 0.408565 0.198568 0.025463 0.024740
0 0.156713 0.909505 0.068056 0.009115
0 0.084491 0.411068 0.016204 0.038281
0 0.677546 0.860286 0.017130 0.035677
0 0.371991 0.154557 0.017130 0.035677
0 0.038657 0.347266 0.017130 0.035677
0 0.124306 0.702734 0.049537 0.012240
0 0.288657 0.377214 0.017130 0.033073
0 0.454861 0.408464 0.016204 0.033073
0 0.094213 0.211198 0.063426 0.008333
0 0.915509 0.407161 0.020833 0.025260
0 0.515046 0.013932 0.053241 0.009635
0 0.038657 0.522396 0.017130 0.026562
0 0.674769 0.510026 0.011574 0.038281
0 0.881250 0.318620 0.044907 0.009635
0 0.524769 0.161068 0.054167 0.007031
0 0.970370 0.004167 0.056481 0.005729
0 0.640509 0.470703 0.017130 0.016927
