0 0.885880 0.882422 0.156019 0.053906
0 0.825694 0.550391 0.072685 0.066927
0 0.029398 0.685807 0.044907 0.098177
0 0.094907 0.348568 0.064815 0.059115
0 0.767824 0.351172 0.058796 0.064323
0 0.652083 0.702734 0.058796 0.064323
0 0.263194 0.775000 0.058796 0.063021
0 0.560648 0.684245 0.107407 0.032552
0 0.337269 0.888932 0.114352 0.030469
0 0.801389 0.761328 0.061111 0.056510
0 0.490046 0.414974 0.049537 0.066927
0 0.573380 0.269792 0.049537 0.063021
0 0.890509 0.204036 0.044907 0.066927
0 0.522454 0.260417 0.049537 0.059896
0 0.519676 0.336849 0.043981 0.061719
0 0.670602 0.873307 0.095833 0.025260
0 0.869676 0.535807 0.049537 0.048177
0 0.865046 0.249609 0.105093 0.022656
0 0.179398 0.579427 0.048611 0.046875
0 0.146991 0.883724 0.048611 0.046094
0 0.543287 0.733984 0.044907 0.048698
0 0.040972 0.564714 0.031019 0.069531
0 0.657870 0.227474 0.107407 0.020052
0 0.793287 0.321224 0.044907 0.046094
0 0.370833 0.256120 0.033333 0.061719
0 0.117361 0.261589 0.044907 0.045573
0 0.255787 0.334245 0.043981 0.046094
0 0.185648 0.390885 0.033333 0.060417
0 0.628935 0.179297 0.086574 0.022656
0 0.665972 0.239193 0.086574 0.022656
0 0.016667 0.800130 0.033333 0.055990
0 0.779398 0.510026 0.081944 0.022656
0 0.246991 0.845964 0.081944 0.022656
0 0.522454 0.503516 0.040278 0.046094
0 0.307176 0.632422 0.081944 0.022656
0 0.075694 0.646745 0.044907 0.040885
0 0.631250 0.209245 0.091204 0.020052
0 0.103472 0.404557 0.035648 0.051302
0 0.245833 0.395443 0.033333 0.053906
0 0.760880 0.119401 0.100463 0.017448
0 0.522454 0.192318 0.077315 0.022656
0 0.360417 0.749609 0.077315 0.022656
0 0.191435 0.444922 0.035648 0.048698
0 0.365509 0.551693 0.076389 0.022656
0 0.242361 0.219401 0.118981 0.014323
0 0.128935 0.818620 0.114352 0.014844
0 0.943750 0.855729 0.040278 0.042188
0 0.652083 0.653255 0.095833 0.017448
0 0.864583 0.590755 0.094907 0.017448
0 0.376157 0.140234 0.071759 0.022656
0 0.327315 0.530859 0.069444 0.022656
0 0.904398 0.562109 0.026389 0.059115
0 0.124306 0.602474 0.077315 0.020052
0 0.795602 0.582943 0.031019 0.048698
0 0.656713 0.795833 0.040278 0.036979
0 0.371991 0.474609 0.026389 0.055990
0 0.848843 0.474870 0.072685 0.020052
0 0.464583 0.700130 0.026389 0.053906
0 0.596065 0.198828 0.039352 0.035677
0 0.748148 0.823828 0.093519 0.014844
0 0.260880 0.824870 0.081944 0.016927
0 0.867361 0.364193 0.035648 0.038281
0 0.198380 0.256120 0.068056 0.020052
0 0.802546 0.439714 0.035648 0.038281
0 0.080324 0.687109 0.035648 0.038281
0 0.513194 0.597266 0.068056 0.020052
0 0.272454 0.511328 0.068056 0.020052
0 0.274769 0.482682 0.091204 0.014844
0 0.839583 0.366146 0.063426 0.021354
0 0.138194 0.309505 0.031019 0.043490
0 0.082176 0.484635 0.030093 0.044792
0 0.326852 0.149349 0.028704 0.046094
0 0.250463 0.205990 0.070370 0.018750
0 0.295139 0.389974 0.076389 0.016927
0 0.149769 0.361589 0.026389 0.048698
0 0.277083 0.493099 0.086574 0.014844
0 0.427546 0.547786 0.063426 0.020052
0 0.756250 0.558203 0.035648 0.035677
0 0.101157 0.164974 0.031019 0.040885
0 0.471528 0.610286 0.021759 0.056510
0 0.441435 0.576432 0.081944 0.014844
0 0.841898 0.869401 0.068056 0.017448
0 0.133565 0.731380 0.021759 0.053906
0 0.367361 0.780208 0.072685 0.016146
0 0.388194 0.566016 0.077315 0.014844
0 0.904398 0.283464 0.026389 0.043490
0 0.556713 0.338151 0.034722 0.033073
0 0.070602 0.460547 0.034722 0.033073
0 0.292824 0.257422 0.034722 0.033073
0 0.413657 0.439453 0.026389 0.042969
0 0.534028 0.768750 0.026389 0.041667
0 0.946065 0.204036 0.026389 0.040885
0 0.311806 0.667578 0.026389 0.040885
0 0.947917 0.696224 0.030093 0.035677
0 0.066435 0.837109 0.026389 0.040365
0 0.443287 0.488281 0.067130 0.015625
0 0.264352 0.887630 0.024074 0.043490
0 0.598843 0.873047 0.072685 0.014323
0 0.177546 0.351562 0.026389 0.039062
0 0.226157 0.476172 0.058796 0.017448
0 0.665972 0.115495 0.068056 0.014844
0 0.515509 0.455339 0.081944 0.012240
0 0.226157 0.383724 0.021759 0.046094
0 0.109954 0.332943 0.030093 0.033073
0 0.934491 0.556901 0.021759 0.043490
0 0.355787 0.168880 0.021759 0.043490
0 0.508565 0.135026 0.077315 0.012240
0 0.216898 0.395443 0.021759 0.043490
0 0.524769 0.417578 0.026389 0.035677
0 0.297917 0.370703 0.063426 0.014844
0 0.411343 0.607682 0.095833 0.009635
0 0.059028 0.267839 0.020833 0.043490
0 0.385880 0.271745 0.017130 0.051302
0 0.779398 0.418880 0.026389 0.033073
0 0.381250 0.202734 0.026389 0.033073
0 0.855787 0.276953 0.058796 0.014844
0 0.170602 0.198828 0.058796 0.014844
0 0.561806 0.684245 0.026389 0.032552
0 0.693750 0.163672 0.068056 0.012240
0 0.742361 0.199870 0.017130 0.048177
0 0.559028 0.486589 0.020833 0.038281
0 0.450694 0.375911 0.081944 0.009635
0 0.709954 0.510026 0.063426 0.012240
0 0.295602 0.339453 0.021759 0.035677
0 0.314120 0.268880 0.021759 0.035156
0 0.612269 0.732422 0.025463 0.029948
0 0.329861 0.576432 0.016204 0.046094
0 0.439120 0.172786 0.077315 0.009635
0 0.753935 0.636328 0.077315 0.009635
0 0.119676 0.551693 0.021759 0.033073
0 0.427546 0.362891 0.072685 0.009635
0 0.177546 0.659766 0.072685 0.009635
0 0.131250 0.141536 0.072685 0.009635
0 0.246991 0.337500 0.026389 0.026562
0 0.418287 0.217057 0.026389 0.025260
0 0.337269 0.118099 0.068056 0.009635
0 0.344213 0.814714 0.017130 0.038281
0 0.316435 0.590755 0.017130 0.038281
0 0.205324 0.681901 0.017130 0.038281
0 0.265046 0.153255 0.053241 0.012240
0 0.251620 0.241536 0.054167 0.011719
0 0.161343 0.304948 0.021759 0.029167
0 0.538194 0.694661 0.053241 0.011719
0 0.043287 0.417318 0.017130 0.035156
0 0.760880 0.466797 0.017130 0.035156
0 0.373148 0.656901 0.065741 0.009115
0 0.564120 0.118099 0.058796 0.009635
0 0.927546 0.411068 0.044907 0.012240
0 0.545602 0.404557 0.012500 0.040885
0 0.848380 0.217057 0.016204 0.025260
0 0.108102 0.779557 0.017130 0.020052
0 0.351157 0.785417 0.049537 0.005729
