0 0.087269 0.184505 0.086574 0.100781
0 0.479630 0.427083 0.065741 0.067708
0 0.115741 0.851172 0.115741 0.033073
0 0.638194 0.607682 0.049537 0.072135
0 0.281713 0.510677 0.114352 0.029167
0 0.392824 0.404557 0.058796 0.056510
0 0.733102 0.853776 0.054167 0.059115
0 0.216898 0.689714 0.095833 0.033073
0 0.626620 0.780859 0.044907 0.069531
0 0.786343 0.373307 0.040278 0.077344
0 0.561806 0.157161 0.109722 0.025260
0 0.633565 0.347266 0.049537 0.051302
0 0.282870 0.219661 0.116667 0.020052
0 0.792824 0.857682 0.034722 0.066927
0 0.066435 0.649349 0.044907 0.051302
0 0.693750 0.378516 0.114352 0.020052
0 0.531713 0.763932 0.049537 0.046094
0 0.885417 0.607682 0.090278 0.025260
0 0.450694 0.226172 0.100463 0.022656
0 0.639352 0.579688 0.042593 0.052604
0 0.562963 0.368099 0.047222 0.046094
0 0.628935 0.276953 0.031019 0.066927
0 0.351157 0.456641 0.040278 0.051302
0 0.774769 0.603776 0.091204 0.022656
0 0.471528 0.611589 0.086574 0.022656
0 0.071065 0.504818 0.044907 0.043490
0 0.500000 0.370703 0.041667 0.046094
0 0.052083 0.786719 0.034722 0.055208
0 0.469213 0.649349 0.072685 0.025260
0 0.807176 0.558203 0.035648 0.051302
0 0.557176 0.210547 0.100463 0.017448
0 0.575694 0.314714 0.100463 0.017448
0 0.226157 0.345964 0.077315 0.022656
0 0.336111 0.771745 0.037963 0.046094
0 0.322222 0.714453 0.037963 0.046094
0 0.424074 0.823828 0.037963 0.046094
0 0.476157 0.108073 0.040278 0.041667
0 0.346528 0.276953 0.040278 0.040885
0 0.378935 0.352474 0.040278 0.040885
0 0.584954 0.128516 0.081944 0.020052
0 0.841898 0.875911 0.031019 0.051302
0 0.600000 0.404557 0.037963 0.040885
0 0.108102 0.567318 0.035648 0.043490
0 0.203009 0.520443 0.040278 0.038281
0 0.360417 0.176693 0.040278 0.038281
0 0.109954 0.693359 0.030093 0.050781
0 0.096528 0.874349 0.068056 0.022135
0 0.865046 0.568620 0.021759 0.066927
0 0.746991 0.357682 0.035648 0.040885
0 0.502778 0.585547 0.037963 0.038281
0 0.753472 0.487500 0.030093 0.046875
0 0.411343 0.263932 0.068056 0.020052
0 0.385880 0.740495 0.026389 0.051302
0 0.496991 0.193620 0.091204 0.014844
0 0.462269 0.664714 0.068056 0.019531
0 0.065972 0.574870 0.034722 0.037760
0 0.522454 0.231120 0.077315 0.016927
0 0.381250 0.481380 0.026389 0.048698
0 0.531250 0.123307 0.085648 0.014844
0 0.765509 0.586849 0.063426 0.020052
0 0.191435 0.754818 0.072685 0.017448
0 0.743519 0.573828 0.084259 0.014844
0 0.744676 0.519141 0.021759 0.056510
0 0.361574 0.138932 0.061111 0.020052
0 0.571065 0.482682 0.081944 0.014844
0 0.406713 0.107682 0.058796 0.020052
0 0.425231 0.504818 0.021759 0.053906
0 0.378935 0.681901 0.021759 0.053906
0 0.316435 0.879818 0.035648 0.033073
0 0.160185 0.585547 0.065741 0.017448
0 0.502315 0.628516 0.074074 0.014844
0 0.067593 0.720964 0.028704 0.038281
0 0.821065 0.659766 0.072685 0.014844
0 0.568750 0.614193 0.021759 0.048698
0 0.559491 0.463151 0.086574 0.012240
0 0.240741 0.549089 0.060185 0.017448
0 0.413657 0.445964 0.072685 0.014323
0 0.490046 0.494401 0.058796 0.017448
0 0.242361 0.864193 0.026389 0.038281
0 0.133565 0.332682 0.031019 0.032552
0 0.485417 0.685807 0.021759 0.046094
0 0.501620 0.429036 0.026389 0.037760
0 0.456944 0.404297 0.069444 0.014323
0 0.360417 0.155208 0.031019 0.031771
0 0.415972 0.312760 0.021759 0.044792
0 0.325231 0.541276 0.025463 0.038281
0 0.898611 0.505469 0.070370 0.013542
0 0.348843 0.687109 0.054167 0.017448
0 0.568287 0.491797 0.076389 0.012240
0 0.279398 0.392839 0.017130 0.053906
0 0.357639 0.636328 0.025463 0.035677
0 0.659028 0.267839 0.072685 0.012240
0 0.174769 0.386328 0.020833 0.040885
0 0.436806 0.135026 0.017130 0.048698
0 0.126620 0.301042 0.026389 0.031771
0 0.659028 0.634375 0.026389 0.031771
0 0.853009 0.756120 0.016204 0.051302
0 0.827546 0.554297 0.030093 0.027865
0 0.490046 0.325130 0.021759 0.038281
0 0.714583 0.675781 0.026389 0.031250
0 0.910880 0.770182 0.030093 0.027344
0 0.471528 0.992448 0.058796 0.013542
0 0.482639 0.284766 0.053241 0.014844
0 0.763194 0.321224 0.021759 0.035677
0 0.207639 0.602214 0.021759 0.035156
0 0.465278 0.343099 0.064815 0.011719
0 0.242361 0.715755 0.017130 0.043490
0 0.568750 0.503516 0.077315 0.009635
0 0.524769 0.390234 0.017130 0.043490
0 0.918287 0.491536 0.063426 0.011719
0 0.684491 0.614193 0.058796 0.012240
0 0.584491 0.474870 0.071759 0.009635
0 0.652083 0.121094 0.021759 0.031250
0 0.205324 0.886068 0.072685 0.009115
0 0.719213 0.599870 0.026389 0.025260
0 0.228472 0.120703 0.063426 0.009635
0 0.406713 0.140234 0.049537 0.012240
0 0.116898 0.686198 0.016204 0.036458
0 0.692593 0.675391 0.019444 0.030469
0 0.649306 0.464453 0.016204 0.035677
0 0.582639 0.286719 0.068056 0.008333
0 0.536343 0.589453 0.021759 0.025260
0 0.449537 0.253516 0.014815 0.030469
0 0.885880 0.396745 0.017130 0.025260
0 0.689120 0.900651 0.058796 0.007031
0 0.440278 0.476172 0.014815 0.027865
0 0.446065 0.841797 0.035648 0.009115
0 0.962269 0.820964 0.012500 0.024740
0 0.561806 0.041016 0.026389 0.006510
