0 0.781713 0.102474 0.169907 0.035677
0 0.135880 0.692318 0.128241 0.043490
0 0.203009 0.437109 0.123611 0.038281
0 0.552546 0.215755 0.054167 0.074740
0 0.138194 0.664714 0.123611 0.029948
0 0.110417 0.630469 0.058796 0.060417
0 0.131250 0.849609 0.100463 0.035156
0 0.603472 0.795182 0.044907 0.077344
0 0.221528 0.687109 0.123611 0.027865
0 0.771296 0.293880 0.102778 0.033073
0 0.344213 0.886328 0.054167 0.056510
0 0.064120 0.620443 0.049537 0.061198
0 0.608102 0.273698 0.100463 0.029167
0 0.084954 0.757422 0.054167 0.053906
0 0.378935 0.536068 0.123611 0.022656
0 0.100694 0.907161 0.048611 0.056510
0 0.052546 0.387630 0.035648 0.074740
0 0.892824 0.529557 0.132870 0.020052
0 0.815972 0.418880 0.043981 0.059115
0 0.251620 0.258724 0.100463 0.025260
0 0.092593 0.252214 0.087963 0.027865
0 0.756250 0.247005 0.081944 0.027865
0 0.824074 0.757422 0.032407 0.069531
0 0.691435 0.896094 0.044907 0.050000
0 0.821065 0.497005 0.044907 0.048698
0 0.619676 0.204036 0.086574 0.025260
0 0.792824 0.621354 0.081019 0.026562
0 0.248148 0.844401 0.037963 0.055990
0 0.424769 0.629818 0.030093 0.069531
0 0.571065 0.334245 0.081944 0.025260
0 0.390509 0.417578 0.081944 0.025260
0 0.477315 0.310807 0.042593 0.046094
0 0.029398 0.556901 0.044907 0.043490
0 0.703009 0.423828 0.086574 0.022135
0 0.524769 0.135026 0.081944 0.022656
0 0.288194 0.426693 0.081019 0.022656
0 0.154398 0.154557 0.072685 0.025260
0 0.797917 0.545182 0.044907 0.040885
0 0.793287 0.188411 0.035648 0.051302
0 0.902083 0.696615 0.031019 0.057292
0 0.424769 0.237891 0.085648 0.020052
0 0.119676 0.734375 0.031019 0.054688
0 0.499306 0.470964 0.031019 0.053906
0 0.404398 0.335547 0.072685 0.022656
0 0.659028 0.401953 0.035648 0.046094
0 0.163194 0.628516 0.034722 0.046094
0 0.524306 0.643880 0.081019 0.019531
0 0.591898 0.630208 0.040278 0.039062
0 0.133565 0.370052 0.031019 0.050000
0 0.918287 0.408464 0.035648 0.043490
0 0.837269 0.723568 0.040278 0.038281
0 0.457639 0.731380 0.068056 0.022656
0 0.313657 0.252214 0.067130 0.022656
0 0.697917 0.679297 0.039352 0.038281
0 0.575694 0.438411 0.026389 0.056510
0 0.478472 0.691016 0.026389 0.056510
0 0.821065 0.349609 0.026389 0.055990
0 0.385880 0.547786 0.072685 0.020052
0 0.650926 0.575130 0.037963 0.038281
0 0.126620 0.796484 0.081944 0.017448
0 0.159028 0.358984 0.026389 0.053906
0 0.186343 0.233984 0.081019 0.017448
0 0.780556 0.811458 0.065741 0.021354
0 0.184491 0.461589 0.095833 0.014323
0 0.545602 0.365495 0.068056 0.020052
0 0.466898 0.482682 0.068056 0.020052
0 0.168287 0.271745 0.091204 0.014844
0 0.446065 0.386328 0.091204 0.014844
0 0.186806 0.763932 0.091204 0.014844
0 0.904398 0.802995 0.026389 0.051302
0 0.939120 0.801693 0.031019 0.043490
0 0.955324 0.556641 0.035648 0.037760
0 0.119676 0.783854 0.021759 0.059896
0 0.332639 0.736328 0.077315 0.016927
0 0.910880 0.764974 0.076389 0.016927
0 0.902083 0.282161 0.086574 0.014844
0 0.411343 0.690365 0.068056 0.018750
0 0.472685 0.577734 0.033333 0.038281
0 0.518981 0.551693 0.033333 0.038281
0 0.746991 0.269141 0.063426 0.020052
0 0.293287 0.461849 0.063426 0.020052
0 0.193750 0.240495 0.031019 0.040885
0 0.068750 0.146745 0.031019 0.040885
0 0.763194 0.461589 0.086574 0.014323
0 0.214583 0.707943 0.100463 0.012240
0 0.866204 0.399349 0.061111 0.020052
0 0.047917 0.719661 0.026389 0.046094
0 0.882407 0.748047 0.084259 0.014323
0 0.485417 0.804297 0.021759 0.053906
0 0.828009 0.477474 0.077315 0.014844
0 0.213426 0.789714 0.079630 0.014323
0 0.212269 0.205078 0.095833 0.011719
0 0.047917 0.500651 0.026389 0.040365
0 0.939120 0.603776 0.021759 0.048698
0 0.337269 0.926693 0.086574 0.012240
0 0.957639 0.726172 0.021759 0.048698
0 0.394676 0.847266 0.025463 0.040885
0 0.767824 0.434505 0.058796 0.017448
0 0.188657 0.913672 0.020833 0.048698
0 0.554861 0.698828 0.068056 0.014844
0 0.235417 0.337891 0.031019 0.032552
0 0.080324 0.166276 0.081944 0.012240
0 0.971065 0.754818 0.030093 0.033073
0 0.540972 0.841406 0.021759 0.044792
0 0.753935 0.524740 0.031019 0.031250
0 0.329861 0.304557 0.025463 0.037760
0 0.216898 0.366797 0.077315 0.012240
0 0.809491 0.663672 0.077315 0.012240
0 0.152083 0.278255 0.077315 0.012240
0 0.545602 0.322526 0.077315 0.012240
0 0.691435 0.550391 0.063426 0.014844
0 0.397454 0.184245 0.021759 0.042969
0 0.229630 0.259375 0.056481 0.016146
0 0.612269 0.409766 0.025463 0.035677
0 0.852315 0.623307 0.061111 0.014844
0 0.727315 0.361589 0.051852 0.017448
0 0.558333 0.472266 0.019444 0.046094
0 0.207176 0.733724 0.076389 0.011719
0 0.869676 0.818620 0.021759 0.040885
0 0.948380 0.503255 0.021759 0.040365
0 0.843750 0.650651 0.071759 0.012240
0 0.360417 0.349609 0.095833 0.009115
0 0.642824 0.112891 0.058796 0.014844
0 0.314120 0.237891 0.058796 0.014844
0 0.466898 0.849870 0.058796 0.014844
0 0.142824 0.909766 0.058796 0.014844
0 0.950694 0.664323 0.063426 0.013542
0 0.089583 0.431641 0.026389 0.032552
0 0.668287 0.465755 0.017130 0.048698
0 0.774769 0.497005 0.017130 0.048698
0 0.110417 0.139974 0.049537 0.016927
0 0.027083 0.322526 0.021759 0.038281
0 0.735417 0.517839 0.021759 0.038281
0 0.128935 0.176693 0.021759 0.038281
0 0.728472 0.342057 0.026389 0.030469
0 0.631250 0.469661 0.026389 0.030469
0 0.021991 0.377214 0.020833 0.038281
0 0.543287 0.391536 0.081944 0.009635
0 0.378935 0.828776 0.021759 0.035156
0 0.089583 0.588151 0.017130 0.043490
0 0.848843 0.827734 0.017130 0.043490
0 0.510880 0.288672 0.017130 0.043490
0 0.255787 0.472005 0.081019 0.009115
0 0.899306 0.384766 0.062500 0.011719
0 0.826852 0.612891 0.075000 0.009635
0 0.311806 0.797786 0.072685 0.009635
0 0.108102 0.589453 0.017130 0.040885
0 0.126620 0.320964 0.017130 0.040365
0 0.748843 0.760026 0.020833 0.033073
0 0.703704 0.271745 0.069444 0.009635
0 0.890509 0.487630 0.072685 0.009115
0 0.876620 0.590755 0.017130 0.038281
0 0.876620 0.726172 0.017130 0.038281
0 0.735417 0.302995 0.068056 0.009635
0 0.102315 0.382161 0.014815 0.042969
0 0.815972 0.739193 0.016204 0.038281
0 0.284028 0.138932 0.063426 0.009635
0 0.140509 0.258724 0.063426 0.009635
0 0.867361 0.450781 0.044907 0.013542
0 0.013194 0.192318 0.021759 0.027865
0 0.075694 0.222005 0.017130 0.035156
0 0.446065 0.578385 0.017130 0.034375
0 0.807176 0.602214 0.063426 0.009115
0 0.519676 0.479818 0.016204 0.035156
0 0.892824 0.776302 0.068056 0.008333
0 0.603472 0.469401 0.017130 0.029948
0 0.487731 0.745052 0.017130 0.029167
0 0.524769 0.741797 0.017130 0.027865
0 0.753935 0.683203 0.049537 0.009635
0 0.696065 0.505859 0.017130 0.024740
0 0.059491 0.350260 0.012500 0.026042
0 0.584954 0.004818 0.035648 0.007031
