0 0.290509 0.418880 0.178241 0.053906
0 0.235417 0.731380 0.068056 0.069531
0 0.922917 0.549089 0.054167 0.069531
0 0.853472 0.847266 0.054167 0.061719
0 0.953009 0.478776 0.058796 0.053906
0 0.448380 0.203776 0.105093 0.029948
0 0.709954 0.717448 0.054167 0.052083
0 0.112731 0.770443 0.118981 0.022656
0 0.594213 0.237240 0.109722 0.023958
0 0.733102 0.446224 0.128241 0.020052
0 0.525926 0.601172 0.047222 0.053906
0 0.388194 0.826432 0.040278 0.061719
0 0.652083 0.319922 0.049537 0.048698
0 0.519676 0.455339 0.043981 0.053906
0 0.693750 0.306901 0.031019 0.074740
0 0.890509 0.905859 0.081944 0.027865
0 0.660185 0.684505 0.037963 0.059115
0 0.376620 0.489193 0.044907 0.048698
0 0.610417 0.095964 0.095833 0.022656
0 0.568750 0.374609 0.040278 0.053906
0 0.793287 0.758724 0.044907 0.046094
0 0.802546 0.356380 0.044907 0.043490
0 0.108102 0.559766 0.044907 0.042969
0 0.057176 0.532813 0.035648 0.052604
0 0.042824 0.429297 0.034722 0.053906
0 0.566435 0.186849 0.109722 0.016927
0 0.064120 0.477474 0.040278 0.046094
0 0.496991 0.797786 0.072685 0.025260
0 0.932176 0.433203 0.091204 0.020052
0 0.617361 0.454036 0.035648 0.051302
0 0.486574 0.549089 0.079630 0.022656
0 0.620833 0.382161 0.033333 0.053385
0 0.823380 0.512630 0.040278 0.043490
0 0.777083 0.668880 0.040278 0.043490
0 0.698380 0.072526 0.077315 0.022656
0 0.703009 0.095964 0.077315 0.022656
0 0.494676 0.378516 0.086574 0.020052
0 0.675231 0.146745 0.086574 0.020052
0 0.741898 0.809505 0.034722 0.048698
0 0.318750 0.576823 0.040278 0.041667
0 0.314120 0.637630 0.095833 0.017448
0 0.455324 0.226172 0.072685 0.022656
0 0.159028 0.490495 0.035648 0.046094
0 0.796759 0.615495 0.079630 0.020052
0 0.587269 0.365495 0.031019 0.051302
0 0.248148 0.613932 0.093519 0.016927
0 0.457639 0.737240 0.031019 0.050000
0 0.591435 0.167578 0.104167 0.014844
0 0.862731 0.369141 0.026389 0.058594
0 0.964583 0.150651 0.035648 0.043490
0 0.499306 0.326432 0.077315 0.020052
0 0.938657 0.105078 0.076389 0.020052
0 0.179861 0.543620 0.068056 0.022135
0 0.168287 0.717057 0.035648 0.040885
0 0.566435 0.435807 0.035648 0.040885
0 0.661343 0.494401 0.114352 0.012240
0 0.807176 0.306901 0.035648 0.038281
0 0.251620 0.235286 0.026389 0.051302
0 0.255093 0.545182 0.037963 0.035677
0 0.934028 0.347266 0.067130 0.020052
0 0.957176 0.413672 0.030093 0.043490
0 0.628472 0.885026 0.030093 0.043490
0 0.169444 0.119401 0.075000 0.017448
0 0.556019 0.116797 0.024074 0.053906
0 0.549537 0.797786 0.064815 0.020052
0 0.341898 0.164974 0.086574 0.014844
0 0.631250 0.110286 0.035648 0.035677
0 0.353472 0.532161 0.035648 0.035677
0 0.767824 0.323828 0.031019 0.040885
0 0.284028 0.460547 0.072685 0.017448
0 0.767824 0.131120 0.021759 0.056510
0 0.137731 0.711849 0.030093 0.040885
0 0.853472 0.770182 0.072685 0.016927
0 0.311806 0.148698 0.063426 0.018750
0 0.462269 0.812109 0.068056 0.017448
0 0.380787 0.735286 0.025463 0.046094
0 0.480787 0.103125 0.105093 0.010937
0 0.938657 0.486589 0.030093 0.038281
0 0.267824 0.103516 0.068056 0.016927
0 0.462269 0.888932 0.077315 0.014844
0 0.741204 0.383073 0.033333 0.034375
0 0.531250 0.373307 0.076389 0.014844
0 0.381250 0.447786 0.026389 0.042969
0 0.309491 0.818620 0.031019 0.035677
0 0.245833 0.174740 0.024074 0.044792
0 0.950694 0.628516 0.026389 0.040885
0 0.763194 0.163672 0.086574 0.012240
0 0.744676 0.460547 0.086574 0.012240
0 0.203009 0.340755 0.086574 0.012240
0 0.966898 0.317318 0.058796 0.017448
0 0.054861 0.260026 0.031019 0.033073
0 0.865046 0.588151 0.031019 0.033073
0 0.476157 0.624609 0.031019 0.033073
0 0.189120 0.888932 0.068056 0.014844
0 0.499306 0.508724 0.021759 0.046094
0 0.925231 0.206641 0.021759 0.046094
0 0.244213 0.500911 0.067130 0.014844
0 0.570602 0.739193 0.081019 0.012240
0 0.846065 0.092057 0.020833 0.046094
0 0.193750 0.140234 0.077315 0.012240
0 0.198380 0.364193 0.077315 0.012240
0 0.950694 0.749609 0.054167 0.017448
0 0.786343 0.724870 0.031019 0.030469
0 0.888194 0.792578 0.031019 0.030469
0 0.399769 0.308203 0.063426 0.014844
0 0.758565 0.186068 0.031019 0.029948
0 0.668287 0.712891 0.054167 0.016927
0 0.843750 0.426693 0.071759 0.012240
0 0.753935 0.342057 0.058796 0.014844
0 0.693287 0.232422 0.020833 0.040365
0 0.679861 0.893880 0.058796 0.014323
0 0.897454 0.137891 0.049537 0.016927
0 0.776620 0.293880 0.030093 0.027865
0 0.115046 0.184245 0.021759 0.037760
0 0.722685 0.489193 0.065741 0.012240
0 0.131250 0.211849 0.054167 0.014844
0 0.705324 0.810807 0.017130 0.046094
0 0.194907 0.634766 0.024074 0.032552
0 0.128935 0.688411 0.021759 0.035677
0 0.078009 0.318620 0.021759 0.035677
0 0.679861 0.740495 0.077315 0.009635
0 0.084954 0.720964 0.017130 0.043490
0 0.483102 0.577734 0.017130 0.043490
0 0.846528 0.761328 0.077315 0.009635
0 0.161343 0.753516 0.049537 0.014844
0 0.140509 0.283203 0.026389 0.027344
0 0.522454 0.390234 0.058796 0.012240
0 0.082639 0.275651 0.021759 0.033073
0 0.656713 0.190755 0.077315 0.009115
0 0.613889 0.633724 0.047222 0.014844
0 0.983102 0.614193 0.017130 0.038281
0 0.557176 0.070964 0.026389 0.024740
0 0.506250 0.601823 0.044907 0.013542
0 0.726157 0.192318 0.021759 0.027865
0 0.739583 0.501953 0.048611 0.011719
0 0.510880 0.588151 0.044907 0.012240
0 0.964583 0.284766 0.017130 0.030469
0 0.223843 0.672786 0.017130 0.030469
0 0.346528 0.477474 0.012500 0.040885
0 0.404861 0.662370 0.053241 0.009635
0 0.255787 0.092057 0.053241 0.009635
0 0.184491 0.481380 0.021759 0.022656
0 0.822917 0.629818 0.039352 0.012240
0 0.337269 0.193620 0.049537 0.009635
0 0.128935 0.349870 0.021759 0.020052
0 0.395139 0.112891 0.017130 0.025260
0 0.890509 0.388932 0.017130 0.025260
0 0.867361 0.091797 0.017130 0.024740
0 0.513194 0.296484 0.058796 0.007031
0 0.309028 0.902995 0.057870 0.006510
0 0.535880 0.696224 0.011574 0.030469
0 0.103472 0.986328 0.044907 0.006510
0 0.612269 0.996354 0.025463 0.005729
