0 0.534028 0.618099 0.230093 0.051302
0 0.240046 0.137370 0.095833 0.089844
0 0.154398 0.814714 0.156019 0.048698
0 0.962269 0.636328 0.068056 0.108594
0 0.828009 0.313802 0.132870 0.041667
0 0.807176 0.536068 0.072685 0.069531
0 0.917130 0.807943 0.162963 0.029948
0 0.071065 0.392839 0.035648 0.105990
0 0.131250 0.588151 0.054167 0.069531
0 0.684491 0.076432 0.179167 0.020052
0 0.885880 0.067318 0.128241 0.027865
0 0.110417 0.767839 0.058796 0.059115
0 0.767824 0.618490 0.049537 0.067708
0 0.869676 0.145443 0.058796 0.053906
0 0.749306 0.207943 0.049537 0.059115
0 0.029398 0.567318 0.044907 0.064323
0 0.084954 0.567318 0.044907 0.064323
0 0.745833 0.436849 0.098148 0.027344
0 0.574537 0.569922 0.116667 0.022656
0 0.908565 0.874609 0.108796 0.022656
0 0.540972 0.232682 0.095833 0.025260
0 0.721528 0.567318 0.132870 0.017448
0 0.159028 0.812109 0.100463 0.022656
0 0.096528 0.816016 0.040278 0.051302
0 0.323380 0.286068 0.040278 0.048698
0 0.448380 0.095312 0.114352 0.016146
0 0.697917 0.313411 0.039352 0.046094
0 0.790972 0.257422 0.077315 0.022656
0 0.885880 0.370443 0.118981 0.014323
0 0.679861 0.116797 0.095833 0.017448
0 0.203009 0.500911 0.031019 0.051302
0 0.968750 0.776953 0.025463 0.056510
0 0.802083 0.483984 0.025463 0.053906
0 0.841898 0.581641 0.068056 0.020052
0 0.814815 0.321224 0.087963 0.014844
0 0.887731 0.269141 0.020833 0.056510
0 0.793287 0.441016 0.072685 0.014844
0 0.969213 0.568359 0.026389 0.040365
0 0.807176 0.701172 0.026389 0.040365
0 0.913657 0.329036 0.017130 0.056510
0 0.181713 0.063151 0.081019 0.009115
0 0.098843 0.993099 0.044907 0.009635
0 0.057176 0.422786 0.017130 0.020052
