0 0.200694 0.381771 0.230093 0.057813
0 0.346528 0.811198 0.234722 0.046875
0 0.300231 0.482682 0.095833 0.103385
0 0.538657 0.622005 0.220833 0.043490
0 0.318750 0.564453 0.169907 0.048177
0 0.932176 0.479818 0.118981 0.035156
0 0.170602 0.650391 0.040278 0.089844
0 0.942593 0.448828 0.112037 0.030469
0 0.578009 0.892839 0.142130 0.022656
0 0.436343 0.346615 0.053241 0.060417
0 0.415972 0.803646 0.095833 0.031771
0 0.205324 0.887370 0.054167 0.053385
0 0.382407 0.468359 0.102778 0.027865
0 0.972685 0.387630 0.051852 0.053906
0 0.834954 0.648047 0.091204 0.027865
0 0.302546 0.667578 0.100463 0.025260
0 0.915972 0.791276 0.031019 0.074740
0 0.859259 0.792578 0.028704 0.077344
0 0.821065 0.335547 0.044907 0.048698
0 0.295602 0.815755 0.142130 0.014323
0 0.587269 0.801693 0.031019 0.064323
0 0.457639 0.065365 0.105093 0.018750
0 0.730787 0.901953 0.114352 0.014844
0 0.205324 0.344661 0.109722 0.014844
0 0.920602 0.038672 0.068056 0.022656
0 0.281713 0.547786 0.095833 0.014844
0 0.723380 0.443620 0.025463 0.051302
0 0.140046 0.370703 0.081019 0.014844
0 0.954861 0.321224 0.081019 0.014844
0 0.626620 0.181901 0.063426 0.017448
0 0.686806 0.058203 0.072685 0.014844
0 0.566435 0.844661 0.100463 0.009635
0 0.242361 0.702734 0.017130 0.053906
0 0.464583 0.070964 0.091204 0.009115
0 0.144676 0.158464 0.016204 0.048698
0 0.233102 0.042578 0.081944 0.009635
0 0.496991 0.098307 0.026389 0.027344
0 0.483102 0.924089 0.054167 0.012240
0 0.621991 0.926693 0.054167 0.012240
0 0.681713 0.037370 0.062500 0.009635
0 0.098843 0.993099 0.044907 0.009635
0 0.993519 0.381120 0.010185 0.025260
