0 0.538657 0.616797 0.230093 0.043490
0 0.972685 0.580990 0.051852 0.164583
0 0.238889 0.163672 0.158333 0.048698
0 0.223380 0.857682 0.192130 0.030469
0 0.080324 0.422786 0.072685 0.077344
0 0.274769 0.300130 0.128241 0.035156
0 0.531713 0.220703 0.058796 0.069010
0 0.653241 0.342057 0.107407 0.035677
0 0.219213 0.726172 0.044907 0.074740
0 0.698380 0.111979 0.105093 0.028646
0 0.400926 0.136328 0.037963 0.072135
0 0.972685 0.524349 0.051852 0.051302
0 0.240046 0.592708 0.095833 0.026562
0 0.826852 0.339193 0.102778 0.024740
0 0.148611 0.783464 0.051852 0.048698
0 0.674769 0.878516 0.048611 0.051302
0 0.538657 0.506120 0.091204 0.025260
0 0.735417 0.821224 0.086574 0.025260
0 0.142361 0.685156 0.039352 0.055208
0 0.790972 0.223568 0.040278 0.053906
0 0.531713 0.524349 0.105093 0.020052
0 0.839120 0.214453 0.043981 0.046094
0 0.260880 0.138932 0.100463 0.020052
0 0.966898 0.131120 0.040278 0.046094
0 0.631250 0.097266 0.091204 0.020052
0 0.231944 0.389583 0.079630 0.021354
0 0.881250 0.150651 0.026389 0.059115
0 0.933333 0.379818 0.065741 0.022656
0 0.321065 0.304688 0.035648 0.033854
0 0.069907 0.328125 0.024074 0.044271
0 0.157870 0.521745 0.070370 0.014844
0 0.373843 0.118490 0.020833 0.046875
0 0.904398 0.141927 0.026389 0.036458
0 0.228472 0.202734 0.017130 0.053906
0 0.767824 0.305599 0.021759 0.040885
0 0.756250 0.770443 0.072685 0.012240
0 0.755787 0.189062 0.016204 0.052604
0 0.821065 0.146484 0.017130 0.040365
0 0.163657 0.363542 0.017130 0.036979
0 0.351157 0.351823 0.021759 0.023958
0 0.968056 0.215755 0.061111 0.007031
0 0.717593 0.858984 0.050926 0.007031
