0 0.904398 0.874609 0.156019 0.033073
0 0.800231 0.603776 0.068056 0.064323
0 0.206481 0.668880 0.061111 0.069531
0 0.027083 0.680599 0.040278 0.103385
0 0.825694 0.106380 0.118981 0.033073
0 0.493519 0.415625 0.056481 0.063021
0 0.553704 0.791276 0.112037 0.027865
0 0.524306 0.277604 0.053241 0.057813
0 0.659028 0.701432 0.044907 0.066927
0 0.267824 0.763932 0.040278 0.066927
0 0.562963 0.274349 0.037963 0.066927
0 0.946065 0.805599 0.044907 0.056510
0 0.358102 0.830339 0.035648 0.069531
0 0.381250 0.476823 0.044907 0.055208
0 0.152083 0.788672 0.086574 0.027865
0 0.818750 0.470313 0.049537 0.047396
0 0.112731 0.253516 0.044907 0.051302
0 0.663657 0.237891 0.091204 0.025260
0 0.186806 0.443620 0.044907 0.051302
0 0.021296 0.765234 0.042593 0.053906
0 0.902083 0.381120 0.049537 0.046094
0 0.556019 0.851823 0.116667 0.018750
0 0.860417 0.248307 0.105093 0.020052
0 0.899769 0.631120 0.044907 0.046094
0 0.089583 0.146745 0.044907 0.046094
0 0.404398 0.780859 0.091204 0.022656
0 0.190278 0.394141 0.033333 0.061719
0 0.131250 0.594661 0.100463 0.020052
0 0.306713 0.384766 0.090278 0.022135
0 0.663657 0.801693 0.044907 0.043490
0 0.198380 0.646745 0.077315 0.025260
0 0.203009 0.256120 0.077315 0.025260
0 0.552546 0.622005 0.109722 0.017448
0 0.252778 0.210547 0.084259 0.022656
0 0.807176 0.895182 0.109722 0.016927
0 0.267824 0.610286 0.040278 0.046094
0 0.334954 0.709245 0.072685 0.025260
0 0.140509 0.537370 0.044907 0.040885
0 0.526620 0.503516 0.039352 0.046094
0 0.131250 0.660807 0.081944 0.022135
0 0.603472 0.362630 0.072685 0.024740
0 0.358102 0.544922 0.072685 0.024740
0 0.494676 0.322526 0.040278 0.043490
0 0.337269 0.463151 0.077315 0.022656
0 0.100694 0.530208 0.030093 0.057813
0 0.371991 0.247005 0.035648 0.048698
0 0.619213 0.177995 0.085648 0.020052
0 0.088426 0.417578 0.033333 0.051302
0 0.457639 0.710547 0.031019 0.053906
0 0.091898 0.469661 0.040278 0.040885
0 0.219213 0.680339 0.035648 0.045573
0 0.475694 0.608724 0.030093 0.053385
0 0.624306 0.305599 0.031019 0.051302
0 0.248843 0.383724 0.030093 0.051302
0 0.152083 0.517839 0.068056 0.022656
0 0.341898 0.155859 0.040278 0.038281
0 0.286343 0.827734 0.086574 0.017448
0 0.828009 0.319271 0.031019 0.047396
0 0.324537 0.525391 0.065741 0.022135
0 0.464583 0.674089 0.081944 0.017448
0 0.295602 0.352474 0.031019 0.046094
0 0.057176 0.257422 0.026389 0.053906
0 0.265509 0.509766 0.063426 0.022135
0 0.284028 0.148047 0.035648 0.038281
0 0.295602 0.132422 0.031019 0.043490
0 0.154398 0.193359 0.091204 0.014323
0 0.847685 0.658464 0.024074 0.053906
0 0.630787 0.211589 0.090278 0.014323
0 0.939120 0.310807 0.031019 0.040885
0 0.719213 0.249609 0.072685 0.017448
0 0.112731 0.818620 0.081944 0.014844
0 0.501157 0.136328 0.081019 0.014844
0 0.218056 0.724870 0.033333 0.035677
0 0.346528 0.749609 0.068056 0.017448
0 0.612269 0.381771 0.071759 0.016146
0 0.899769 0.283464 0.026389 0.043490
0 0.536343 0.672786 0.077315 0.014844
0 0.073380 0.651953 0.077315 0.014844
0 0.779398 0.340755 0.026389 0.043490
0 0.904398 0.562109 0.026389 0.043490
0 0.167824 0.447526 0.034722 0.033073
0 0.184491 0.355729 0.031019 0.036979
0 0.921759 0.458594 0.061111 0.018750
0 0.527083 0.336849 0.021759 0.051302
0 0.389352 0.566016 0.075000 0.014844
0 0.853472 0.278255 0.063426 0.017448
0 0.844213 0.593359 0.063426 0.017448
0 0.853009 0.098568 0.062500 0.017448
0 0.358102 0.782161 0.072685 0.014844
0 0.225694 0.381120 0.030093 0.035677
0 0.073380 0.575130 0.021759 0.048698
0 0.453009 0.372005 0.086574 0.012240
0 0.263194 0.892839 0.021759 0.048698
0 0.156713 0.819922 0.021759 0.048698
0 0.529398 0.769141 0.026389 0.039844
0 0.521991 0.457943 0.085648 0.012240
0 0.263194 0.452734 0.031019 0.033073
0 0.811806 0.395443 0.081944 0.012240
0 0.740046 0.196224 0.021759 0.046094
0 0.260880 0.494401 0.081944 0.012240
0 0.524306 0.424089 0.025463 0.038281
0 0.934491 0.702734 0.077315 0.012240
0 0.365046 0.163672 0.021759 0.043490
0 0.043287 0.568620 0.026389 0.035677
0 0.415509 0.575130 0.076389 0.012240
0 0.381250 0.275651 0.017130 0.053906
0 0.193750 0.464193 0.031019 0.029948
0 0.137731 0.309505 0.020833 0.043490
0 0.237269 0.117839 0.062500 0.014323
0 0.219213 0.239583 0.026389 0.033854
0 0.808333 0.216797 0.019444 0.045573
0 0.272454 0.479818 0.095833 0.009115
0 0.711806 0.511328 0.057870 0.014844
0 0.806713 0.176432 0.071759 0.011719
0 0.559491 0.486589 0.021759 0.038281
0 0.161343 0.351172 0.021759 0.038281
0 0.142824 0.137630 0.068056 0.012240
0 0.920139 0.851823 0.020833 0.039583
0 0.929861 0.535807 0.021759 0.037760
0 0.793287 0.407161 0.054167 0.014844
0 0.103472 0.159766 0.017130 0.046094
0 0.314120 0.266536 0.021759 0.035677
0 0.430556 0.360286 0.078704 0.009635
0 0.449537 0.174089 0.061111 0.012240
0 0.144676 0.360547 0.016204 0.045573
0 0.876620 0.455339 0.026389 0.027865
0 0.378935 0.205339 0.021759 0.033073
0 0.550231 0.088151 0.058796 0.012240
0 0.615046 0.723568 0.021759 0.033073
0 0.950694 0.521745 0.017130 0.040885
0 0.413657 0.594401 0.072685 0.009115
0 0.821065 0.163672 0.054167 0.012240
0 0.244676 0.334245 0.021759 0.030469
0 0.304861 0.375911 0.068056 0.009635
0 0.788657 0.429297 0.017130 0.038281
0 0.339120 0.451172 0.071759 0.009115
0 0.431713 0.549089 0.053241 0.012240
0 0.547917 0.410417 0.017130 0.036979
0 0.714583 0.162370 0.063426 0.009635
0 0.353472 0.115495 0.063426 0.009635
0 0.795139 0.694922 0.048611 0.012240
0 0.169444 0.304036 0.019444 0.027344
0 0.300231 0.638932 0.012500 0.040885
0 0.765046 0.654557 0.016204 0.030469
0 0.246991 0.245443 0.054167 0.009115
0 0.138194 0.124609 0.021759 0.022656
0 0.360417 0.401302 0.058796 0.008333
0 0.031713 0.836849 0.049537 0.009635
0 0.309491 0.558203 0.012500 0.035677
0 0.841435 0.215104 0.020833 0.021354
0 0.762731 0.465755 0.011574 0.033073
