0 0.533565 0.618099 0.210648 0.046094
0 0.830324 0.237240 0.165278 0.050000
0 0.788657 0.306901 0.128241 0.027865
0 0.223380 0.558203 0.053241 0.061719
0 0.050231 0.448828 0.049537 0.051302
0 0.362731 0.571224 0.100463 0.025260
0 0.888194 0.898698 0.105093 0.023958
0 0.207639 0.701432 0.040278 0.061719
0 0.355787 0.222917 0.086574 0.026562
0 0.603009 0.373307 0.043981 0.046094
0 0.200231 0.495443 0.081019 0.024740
0 0.790972 0.223568 0.086574 0.022656
0 0.895139 0.754818 0.035648 0.053906
0 0.816435 0.052995 0.072685 0.025260
0 0.096528 0.748047 0.031019 0.055990
0 0.871991 0.202734 0.026389 0.059115
0 0.981944 0.255859 0.033333 0.045573
0 0.825694 0.196224 0.072685 0.020052
0 0.533565 0.094661 0.071759 0.020052
0 0.170602 0.696224 0.021759 0.061719
0 0.529398 0.248047 0.035648 0.035156
0 0.968056 0.784505 0.061111 0.019531
0 0.415972 0.298438 0.105093 0.010937
0 0.696065 0.064714 0.063426 0.017448
0 0.534028 0.050391 0.072685 0.014844
0 0.196065 0.304297 0.017130 0.053906
0 0.869676 0.517839 0.021759 0.038281
0 0.795602 0.896745 0.021759 0.035677
0 0.991204 0.856380 0.014815 0.043490
0 0.991204 0.110026 0.014815 0.040365
0 0.406713 0.289974 0.058796 0.009635
0 0.159028 0.097266 0.054167 0.009635
0 0.944907 0.491536 0.014815 0.032552
0 0.991204 0.190755 0.014815 0.029948
