0 0.534028 0.616797 0.230093 0.048698
0 0.922917 0.637630 0.081944 0.105990
0 0.890509 0.604427 0.063426 0.076042
0 0.753935 0.499609 0.049537 0.074740
0 0.112269 0.765234 0.062500 0.059115
0 0.212269 0.479427 0.058796 0.060417
0 0.841898 0.118099 0.049537 0.066927
0 0.807176 0.585547 0.128241 0.022656
0 0.547917 0.127865 0.091204 0.029167
0 0.940278 0.145443 0.116667 0.022656
0 0.770139 0.238932 0.044907 0.058594
0 0.608102 0.515234 0.091204 0.027865
0 0.922917 0.111328 0.044907 0.053385
0 0.473843 0.513672 0.118981 0.019531
0 0.538657 0.439714 0.109722 0.017448
0 0.638194 0.448568 0.077315 0.024740
0 0.131250 0.422526 0.026389 0.071615
0 0.940972 0.335286 0.043981 0.042969
0 0.884722 0.358984 0.042593 0.043490
0 0.809491 0.487891 0.031019 0.056510
0 0.865046 0.329036 0.031019 0.056510
0 0.110417 0.806901 0.031019 0.053906
0 0.318750 0.848568 0.132870 0.012240
0 0.260880 0.498307 0.026389 0.061719
0 0.890509 0.010026 0.091204 0.017448
0 0.777083 0.184505 0.068056 0.022656
0 0.881250 0.210286 0.035648 0.042969
0 0.628472 0.244401 0.030093 0.048698
0 0.177546 0.554297 0.026389 0.053906
0 0.233102 0.539974 0.026389 0.051302
0 0.858102 0.811849 0.109722 0.011719
0 0.851157 0.218359 0.021759 0.059115
0 0.080324 0.497005 0.026389 0.048698
0 0.770139 0.339453 0.063426 0.020052
0 0.807176 0.173828 0.072685 0.016927
0 0.709954 0.266536 0.081944 0.014844
0 0.913194 0.593099 0.034722 0.032552
0 0.795139 0.146484 0.076389 0.014323
0 0.799074 0.752214 0.019444 0.053906
0 0.961111 0.124609 0.075000 0.012240
0 0.950694 0.786068 0.072685 0.012240
0 0.931713 0.755859 0.016204 0.045573
0 0.941435 0.559245 0.017130 0.042969
0 0.776620 0.443620 0.067130 0.009635
0 0.600694 0.191016 0.057870 0.009635
0 0.973843 0.110286 0.017130 0.030469
0 0.098843 0.993099 0.044907 0.009635
0 0.036343 0.593359 0.012500 0.033073
0 0.017824 0.596875 0.012500 0.020833
