0 0.083796 0.813411 0.167593 0.056510
0 0.034028 0.287370 0.063426 0.066927
0 0.441435 0.250911 0.063426 0.061719
0 0.832639 0.914974 0.105093 0.035677
0 0.672454 0.456641 0.043981 0.082552
0 0.888194 0.614193 0.105093 0.033073
0 0.733102 0.636979 0.054167 0.063021
0 0.065278 0.676693 0.042593 0.074740
0 0.079167 0.831641 0.158333 0.020052
0 0.374306 0.258464 0.142130 0.019531
0 0.302083 0.680599 0.090278 0.030469
0 0.689120 0.138932 0.049537 0.051302
0 0.084954 0.762630 0.091204 0.027865
0 0.948380 0.794922 0.049537 0.050781
0 0.318750 0.287370 0.095833 0.025260
0 0.888194 0.263932 0.049537 0.046094
0 0.760880 0.760026 0.081944 0.027865
0 0.334954 0.731380 0.081944 0.027865
0 0.971528 0.182943 0.049537 0.045573
0 0.635880 0.679036 0.081944 0.027344
0 0.135880 0.253516 0.035648 0.061719
0 0.860417 0.286068 0.040278 0.053906
0 0.395139 0.775000 0.035648 0.057813
0 0.738426 0.129557 0.092593 0.022135
0 0.071065 0.159766 0.100463 0.020052
0 0.411343 0.762630 0.114352 0.017448
0 0.619676 0.398047 0.114352 0.017448
0 0.206481 0.453125 0.084259 0.023438
0 0.883102 0.291927 0.104167 0.018750
0 0.656713 0.269141 0.077315 0.025260
0 0.545602 0.184245 0.086574 0.022135
0 0.090278 0.447526 0.083333 0.022656
0 0.182176 0.124609 0.081944 0.022656
0 0.959954 0.326432 0.072685 0.025260
0 0.865046 0.167578 0.031019 0.056510
0 0.855787 0.257422 0.040278 0.043490
0 0.554861 0.538672 0.077315 0.022656
0 0.690278 0.584245 0.116667 0.014844
0 0.635880 0.733984 0.026389 0.064323
0 0.954861 0.351172 0.034722 0.048698
0 0.360417 0.737630 0.086574 0.019531
0 0.387731 0.538411 0.076389 0.022135
0 0.976157 0.403255 0.031019 0.053906
0 0.582639 0.220964 0.031019 0.053906
0 0.119676 0.211849 0.040278 0.040885
0 0.878935 0.748307 0.040278 0.040885
0 0.179861 0.253516 0.040278 0.040885
0 0.633565 0.537109 0.040278 0.040365
0 0.749306 0.695573 0.040278 0.039583
0 0.853472 0.806901 0.035648 0.043490
0 0.744676 0.452734 0.040278 0.038281
0 0.295602 0.767839 0.031019 0.048698
0 0.839120 0.494401 0.034722 0.043490
0 0.726157 0.239583 0.114352 0.013021
0 0.299769 0.614193 0.030093 0.048698
0 0.559491 0.655599 0.086574 0.016927
0 0.186806 0.269141 0.035648 0.040885
0 0.777083 0.558203 0.031019 0.046094
0 0.052083 0.727474 0.034722 0.040885
0 0.091435 0.479427 0.104167 0.013542
0 0.348843 0.199870 0.026389 0.053385
0 0.170602 0.353776 0.114352 0.012240
0 0.929398 0.375911 0.020833 0.066927
0 0.605787 0.506120 0.068056 0.020052
0 0.084954 0.228776 0.035648 0.038281
0 0.825694 0.668880 0.035648 0.038281
0 0.418287 0.707292 0.063426 0.021354
0 0.737731 0.228776 0.026389 0.048698
0 0.679861 0.618099 0.031019 0.040885
0 0.284028 0.166927 0.091204 0.013542
0 0.582639 0.770182 0.105093 0.011719
0 0.209954 0.533464 0.100463 0.012240
0 0.307176 0.584896 0.035648 0.034375
0 0.887731 0.651693 0.030093 0.040365
0 0.366204 0.614193 0.098148 0.012240
0 0.282407 0.355078 0.060185 0.020052
0 0.311343 0.855078 0.081019 0.014844
0 0.834954 0.172526 0.026389 0.045573
0 0.825231 0.430599 0.034722 0.034635
0 0.902083 0.497005 0.068056 0.017448
0 0.527083 0.476172 0.031019 0.038281
0 0.932176 0.312109 0.035648 0.033073
0 0.596528 0.172786 0.058796 0.020052
0 0.508565 0.422786 0.058796 0.020052
0 0.793287 0.429297 0.035648 0.033073
0 0.846528 0.110286 0.058796 0.020052
0 0.589583 0.736589 0.035648 0.033073
0 0.402083 0.420182 0.058796 0.020052
0 0.397454 0.587500 0.105093 0.010937
0 0.786343 0.577083 0.031019 0.036979
0 0.229630 0.145443 0.065741 0.017448
0 0.684028 0.460938 0.020833 0.054688
0 0.698380 0.667578 0.021759 0.051302
0 0.915972 0.149349 0.031019 0.035677
0 0.936343 0.851172 0.062500 0.017448
0 0.205324 0.155599 0.063426 0.016927
0 0.767824 0.525651 0.021759 0.048698
0 0.369676 0.775651 0.031019 0.033073
0 0.513194 0.257422 0.031019 0.033073
0 0.557176 0.369401 0.081944 0.012240
0 0.809491 0.560807 0.021759 0.046094
0 0.087269 0.602214 0.068056 0.014323
0 0.883565 0.788672 0.021759 0.043490
0 0.420602 0.733333 0.058796 0.016146
0 0.800231 0.473568 0.021759 0.043490
0 0.170602 0.168880 0.077315 0.012240
0 0.800231 0.162370 0.031019 0.030469
0 0.950694 0.263932 0.026389 0.035677
0 0.165509 0.145443 0.076389 0.012240
0 0.663657 0.371745 0.054167 0.016927
0 0.858102 0.544531 0.026389 0.034375
0 0.425231 0.493099 0.021759 0.040885
0 0.732639 0.903255 0.016204 0.053906
0 0.545139 0.521094 0.030093 0.029167
0 0.501620 0.226172 0.026389 0.033073
0 0.531713 0.894141 0.058796 0.014844
0 0.233102 0.770182 0.072685 0.011719
0 0.922917 0.733333 0.026389 0.031771
0 0.823380 0.760026 0.021759 0.038281
0 0.328009 0.424089 0.068056 0.012240
0 0.712269 0.267839 0.021759 0.038281
0 0.017824 0.754818 0.021759 0.038281
0 0.892824 0.364193 0.021759 0.038281
0 0.145833 0.158464 0.064815 0.012240
0 0.825694 0.269141 0.017130 0.046094
0 0.295139 0.098307 0.067130 0.011719
0 0.536343 0.625911 0.021759 0.035677
0 0.601852 0.696224 0.078704 0.009635
0 0.976157 0.578385 0.021759 0.034375
0 0.272454 0.625911 0.049537 0.014844
0 0.620833 0.302995 0.024074 0.030469
0 0.513194 0.512630 0.021759 0.033073
0 0.554861 0.083984 0.077315 0.009115
0 0.457639 0.751953 0.058796 0.011719
0 0.755787 0.292578 0.016204 0.040885
0 0.700694 0.289714 0.072685 0.009115
0 0.858102 0.607682 0.044907 0.014844
0 0.418287 0.118099 0.044907 0.014844
0 0.862731 0.312109 0.054167 0.012240
0 0.367361 0.153255 0.054167 0.012240
0 0.719213 0.733984 0.054167 0.012240
0 0.385880 0.108984 0.017130 0.038281
0 0.904398 0.476172 0.017130 0.038281
0 0.221528 0.703385 0.077315 0.008333
0 0.532407 0.671484 0.050926 0.012240
0 0.678704 0.746354 0.056481 0.010937
0 0.866898 0.764974 0.016204 0.037760
0 0.425231 0.275391 0.021759 0.027344
0 0.885880 0.719010 0.017130 0.034375
0 0.749306 0.504167 0.021759 0.026562
0 0.605787 0.495703 0.058796 0.009635
0 0.112731 0.180599 0.054167 0.009635
0 0.850694 0.780859 0.020833 0.022656
0 0.649769 0.114193 0.035648 0.012240
0 0.917824 0.331641 0.043981 0.009635
0 0.966435 0.297786 0.011574 0.030469
