0 0.469213 0.792578 0.100463 0.113802
0 0.536343 0.619401 0.225463 0.043490
0 0.633565 0.868750 0.160648 0.042188
0 0.697917 0.797786 0.131944 0.035677
0 0.471528 0.687109 0.058796 0.064323
0 0.573380 0.400391 0.049537 0.074219
0 0.772454 0.638932 0.132870 0.025260
0 0.645139 0.838151 0.100463 0.033073
0 0.825694 0.224609 0.109722 0.029948
0 0.182176 0.816016 0.100463 0.030469
0 0.339583 0.396745 0.054167 0.056510
0 0.355787 0.900651 0.105093 0.027865
0 0.878935 0.797786 0.095833 0.030469
0 0.309491 0.882161 0.105093 0.027344
0 0.797917 0.177995 0.044907 0.061719
0 0.506250 0.138932 0.044907 0.051302
0 0.196065 0.116797 0.100463 0.022656
0 0.958796 0.295833 0.079630 0.026562
0 0.522454 0.878516 0.105093 0.020052
0 0.082176 0.831641 0.030093 0.066927
0 0.948380 0.079036 0.086574 0.020052
0 0.795139 0.875911 0.113426 0.014844
0 0.608102 0.658464 0.072685 0.022656
0 0.325694 0.807943 0.100463 0.014323
0 0.142824 0.193620 0.058796 0.020052
0 0.658565 0.122005 0.034722 0.033073
0 0.582639 0.107422 0.058796 0.019531
0 0.818287 0.063411 0.020833 0.051302
0 0.897454 0.172135 0.031019 0.034375
0 0.964583 0.228776 0.026389 0.038281
0 0.946065 0.845964 0.081944 0.012240
0 0.631250 0.075130 0.081944 0.012240
0 0.853472 0.899349 0.100463 0.009635
0 0.358102 0.838151 0.072685 0.012240
0 0.670139 0.930599 0.057870 0.014844
0 0.770139 0.055599 0.017130 0.040885
0 0.082639 0.232682 0.021759 0.030469
0 0.848843 0.317318 0.017130 0.033073
0 0.279398 0.552995 0.017130 0.030469
0 0.871991 0.305599 0.017130 0.030469
0 0.098843 0.993099 0.044907 0.009635
