0 0.536343 0.623307 0.225463 0.040885
0 0.346528 0.675391 0.072685 0.113802
0 0.383565 0.760417 0.142130 0.049479
0 0.643981 0.890234 0.200000 0.027865
0 0.302546 0.700130 0.054167 0.090365
0 0.858102 0.878255 0.137500 0.035156
0 0.736574 0.847917 0.116667 0.036979
0 0.617361 0.715755 0.128241 0.033073
0 0.193750 0.506120 0.058796 0.056510
0 0.528935 0.771745 0.108796 0.030469
0 0.647454 0.810156 0.105093 0.029167
0 0.593750 0.128516 0.099537 0.030469
0 0.696065 0.310807 0.044907 0.066927
0 0.072222 0.625911 0.047222 0.061719
0 0.385880 0.149349 0.109722 0.025260
0 0.244213 0.626563 0.122685 0.021354
0 0.858102 0.750911 0.091204 0.025260
0 0.825694 0.722266 0.091204 0.025260
0 0.181019 0.802995 0.042593 0.051302
0 0.804861 0.192318 0.040278 0.053906
0 0.853472 0.086849 0.035648 0.056510
0 0.752315 0.135026 0.083333 0.022656
0 0.638194 0.776302 0.095833 0.018750
0 0.633565 0.756120 0.105093 0.014844
0 0.079861 0.360286 0.025463 0.056510
0 0.975694 0.500911 0.020833 0.066927
0 0.704167 0.869401 0.079630 0.017448
0 0.725694 0.046484 0.076389 0.017448
0 0.807176 0.054297 0.072685 0.017448
0 0.040972 0.767188 0.021759 0.057813
0 0.929861 0.180599 0.021759 0.056510
0 0.963426 0.127214 0.070370 0.017448
0 0.902083 0.112891 0.021759 0.051302
0 0.640509 0.170182 0.026389 0.040885
0 0.100694 0.644141 0.020833 0.051302
0 0.802083 0.841406 0.071759 0.013542
0 0.892824 0.150651 0.021759 0.043490
0 0.091898 0.557552 0.068056 0.013542
0 0.080324 0.149089 0.017130 0.045573
0 0.547454 0.529297 0.016204 0.040365
0 0.848380 0.149089 0.016204 0.035156
0 0.098843 0.993099 0.044907 0.009635
