0 0.351157 0.570312 0.142130 0.049479
0 0.358102 0.692318 0.072685 0.090365
0 0.664815 0.761328 0.149074 0.035677
0 0.314120 0.217057 0.114352 0.035677
0 0.772454 0.900391 0.179167 0.022135
0 0.612269 0.099609 0.108796 0.035156
0 0.693750 0.576432 0.058796 0.061719
0 0.624306 0.649089 0.058796 0.061198
0 0.580324 0.535417 0.109722 0.031771
0 0.313657 0.460547 0.057870 0.059115
0 0.082176 0.197266 0.057870 0.058594
0 0.206019 0.145443 0.120370 0.027865
0 0.045602 0.875911 0.049537 0.066927
0 0.425231 0.681901 0.058796 0.053906
0 0.909028 0.185807 0.054167 0.056510
0 0.520139 0.692318 0.109722 0.027865
0 0.623148 0.534766 0.093519 0.030469
0 0.770139 0.536719 0.100463 0.023958
0 0.098843 0.713151 0.035648 0.064323
0 0.237269 0.193620 0.090278 0.025260
0 0.774769 0.853516 0.081944 0.027344
0 0.388194 0.585547 0.040278 0.053906
0 0.913657 0.795573 0.044907 0.046875
0 0.422917 0.438411 0.081944 0.025260
0 0.543287 0.558203 0.044907 0.046094
0 0.610417 0.190755 0.031019 0.066406
0 0.906713 0.616797 0.031019 0.064323
0 0.507407 0.804297 0.037963 0.048698
0 0.066435 0.388932 0.044907 0.040885
0 0.594213 0.441016 0.091204 0.020052
0 0.167824 0.498307 0.090278 0.020052
0 0.196065 0.215755 0.100463 0.017448
0 0.415972 0.351172 0.077315 0.022656
0 0.587269 0.633724 0.086574 0.020052
0 0.631250 0.582943 0.035648 0.048698
0 0.358102 0.374349 0.035648 0.048177
0 0.584259 0.468359 0.074074 0.022656
0 0.470370 0.489193 0.037963 0.043490
0 0.917824 0.135026 0.071759 0.022656
0 0.755093 0.629818 0.033333 0.048698
0 0.627315 0.515234 0.092593 0.017448
0 0.568750 0.427995 0.077315 0.020052
0 0.089583 0.793880 0.035648 0.043490
0 0.556019 0.482682 0.033333 0.046094
0 0.448380 0.806641 0.040278 0.037760
0 0.309028 0.849609 0.076389 0.019531
0 0.946065 0.558203 0.035648 0.040885
0 0.233102 0.485286 0.072685 0.020052
0 0.281250 0.388281 0.076389 0.018750
0 0.661343 0.365495 0.095833 0.014844
0 0.378935 0.552995 0.095833 0.014844
0 0.464583 0.910807 0.081944 0.016927
0 0.795602 0.881120 0.068056 0.020052
0 0.237731 0.533464 0.035648 0.038281
0 0.501620 0.842057 0.091204 0.014844
0 0.786343 0.654557 0.021759 0.061719
0 0.848843 0.567057 0.035648 0.037760
0 0.716435 0.451432 0.067130 0.020052
0 0.491898 0.764583 0.081019 0.016146
0 0.165972 0.261328 0.031019 0.040885
0 0.733102 0.557943 0.035648 0.035156
0 0.561806 0.751302 0.026389 0.046875
0 0.542824 0.133724 0.034722 0.035677
0 0.753935 0.195964 0.021759 0.055990
0 0.508565 0.120443 0.021759 0.055990
0 0.472685 0.878516 0.033333 0.035677
0 0.189120 0.273047 0.031019 0.038281
0 0.929861 0.554297 0.031019 0.038281
0 0.825694 0.676042 0.026389 0.044792
0 0.071065 0.512630 0.026389 0.043490
0 0.763194 0.917578 0.077315 0.014844
0 0.885880 0.892839 0.063426 0.017448
0 0.737731 0.106380 0.063426 0.017448
0 0.691435 0.635026 0.063426 0.017448
0 0.832639 0.620703 0.031019 0.035677
0 0.326852 0.622266 0.028704 0.037760
0 0.237731 0.633724 0.026389 0.040885
0 0.156250 0.654557 0.030093 0.035677
0 0.591898 0.160807 0.021759 0.048177
0 0.303704 0.181901 0.084259 0.012240
0 0.715741 0.498307 0.028704 0.035677
0 0.696065 0.791276 0.026389 0.038281
0 0.212269 0.586849 0.021759 0.046094
0 0.355787 0.732682 0.021759 0.046094
0 0.234954 0.138932 0.067130 0.014844
0 0.850694 0.213151 0.030093 0.033073
0 0.527083 0.715755 0.077315 0.012240
0 0.337269 0.090755 0.077315 0.012240
0 0.209954 0.728776 0.054167 0.017448
0 0.402083 0.228516 0.021759 0.042969
0 0.392361 0.100521 0.057870 0.016146
0 0.189120 0.094661 0.095833 0.009635
0 0.941435 0.637630 0.017130 0.053906
0 0.181019 0.480078 0.061111 0.014844
0 0.174074 0.008724 0.061111 0.014844
0 0.325231 0.820964 0.062500 0.014323
0 0.403241 0.339193 0.061111 0.014323
0 0.341898 0.206641 0.058796 0.014844
0 0.649306 0.475911 0.016204 0.053385
0 0.177546 0.161719 0.063426 0.013542
0 0.469213 0.992448 0.063426 0.013542
0 0.804861 0.525651 0.068056 0.012240
0 0.447917 0.179036 0.048611 0.016927
0 0.597685 0.726172 0.024074 0.033073
0 0.616898 0.740885 0.025463 0.031250
0 0.374306 0.855078 0.021759 0.035677
0 0.626157 0.711849 0.016204 0.046094
0 0.015509 0.588151 0.017130 0.043490
0 0.538657 0.379818 0.026389 0.027865
0 0.406250 0.774349 0.048611 0.014844
0 0.066435 0.302995 0.017130 0.040885
0 0.464583 0.302995 0.072685 0.009635
0 0.338426 0.586198 0.024074 0.029167
0 0.274306 0.107682 0.016204 0.040885
0 0.480787 0.795182 0.021759 0.030469
0 0.031713 0.508724 0.021759 0.030469
0 0.698380 0.659766 0.021759 0.030469
0 0.309491 0.131120 0.068056 0.009635
0 0.249306 0.909766 0.068056 0.009635
0 0.099537 0.475911 0.055556 0.011719
0 0.184028 0.461849 0.067130 0.009635
0 0.286343 0.104818 0.068056 0.009115
0 0.871991 0.644141 0.017130 0.035677
0 0.782870 0.722005 0.024074 0.024740
0 0.249306 0.602474 0.058796 0.009635
0 0.399769 0.411068 0.017130 0.033073
0 0.760880 0.687109 0.017130 0.033073
0 0.663657 0.249609 0.044907 0.012240
0 0.469213 0.097266 0.054167 0.009635
0 0.321065 0.550391 0.017130 0.030469
0 0.628935 0.421484 0.021759 0.022656
0 0.662037 0.782161 0.050926 0.009635
0 0.161343 0.613932 0.040278 0.011719
0 0.520139 0.319922 0.017130 0.022656
0 0.080324 0.561849 0.017130 0.022135
0 0.156713 0.335547 0.049537 0.007031
0 0.679398 0.719401 0.011574 0.029948
0 0.273611 0.004557 0.051852 0.006510
0 0.496528 0.675391 0.034722 0.009635
0 0.809491 0.243099 0.031019 0.009635
0 0.561806 0.041276 0.026389 0.007031
