0 0.397454 0.254818 0.169907 0.048698
0 0.177546 0.582943 0.156019 0.048698
0 0.068750 0.771745 0.058796 0.077344
0 0.635880 0.857682 0.054167 0.072135
0 0.508102 0.278255 0.057870 0.059115
0 0.205324 0.339453 0.109722 0.030469
0 0.767361 0.240495 0.048611 0.066927
0 0.550231 0.806901 0.114352 0.027865
0 0.485417 0.888932 0.123611 0.025260
0 0.821065 0.566016 0.100463 0.030469
0 0.895139 0.200130 0.054167 0.053906
0 0.206481 0.530599 0.037963 0.074219
0 0.631250 0.344661 0.054167 0.051302
0 0.649769 0.232682 0.091204 0.030469
0 0.740046 0.288672 0.049537 0.053906
0 0.876620 0.645182 0.044907 0.058594
0 0.624306 0.579036 0.040278 0.061719
0 0.640046 0.300130 0.099537 0.024740
0 0.855787 0.368099 0.095833 0.025260
0 0.601157 0.339453 0.049537 0.046094
0 0.131250 0.834245 0.081944 0.025260
0 0.772454 0.131120 0.077315 0.025260
0 0.143981 0.255859 0.042593 0.045573
0 0.265046 0.642578 0.043981 0.042969
0 0.332639 0.747656 0.031019 0.060417
0 0.096528 0.873307 0.040278 0.046094
0 0.330324 0.335547 0.026389 0.069531
0 0.385880 0.146745 0.072685 0.025260
0 0.237731 0.276953 0.072685 0.025260
0 0.822917 0.153255 0.104167 0.017448
0 0.816435 0.754557 0.081944 0.022135
0 0.524769 0.849609 0.091204 0.019531
0 0.765046 0.583984 0.043981 0.040365
0 0.508102 0.835547 0.076389 0.022656
0 0.179398 0.197266 0.076389 0.022135
0 0.175231 0.323828 0.040278 0.040885
0 0.953009 0.373047 0.040278 0.040365
0 0.903241 0.349870 0.107407 0.014844
0 0.943750 0.316016 0.031019 0.051302
0 0.959954 0.720573 0.035648 0.044271
0 0.846528 0.131120 0.077315 0.020052
0 0.483102 0.343359 0.035648 0.043490
0 0.355787 0.577734 0.068056 0.022656
0 0.934491 0.885026 0.068056 0.022656
0 0.207639 0.116797 0.086574 0.017448
0 0.466898 0.509766 0.068056 0.022135
0 0.778935 0.832682 0.034722 0.042969
0 0.776620 0.882682 0.039352 0.037760
0 0.730787 0.431641 0.086574 0.016927
0 0.552546 0.763932 0.035648 0.040885
0 0.344213 0.404557 0.072685 0.020052
0 0.742361 0.623307 0.072685 0.020052
0 0.865046 0.332292 0.068056 0.021354
0 0.672917 0.220964 0.081944 0.017448
0 0.054861 0.823828 0.031019 0.046094
0 0.855787 0.201432 0.031019 0.046094
0 0.582639 0.373307 0.095833 0.014844
0 0.862269 0.554297 0.081019 0.017448
0 0.362731 0.371745 0.026389 0.053385
0 0.830324 0.699870 0.026389 0.053385
0 0.064120 0.681250 0.021759 0.063021
0 0.358102 0.710547 0.035648 0.038281
0 0.675231 0.344661 0.068056 0.020052
0 0.071065 0.305599 0.026389 0.051302
0 0.348843 0.128516 0.091204 0.014844
0 0.728009 0.122005 0.034722 0.038281
0 0.478472 0.081380 0.091204 0.014323
0 0.924769 0.108724 0.030093 0.042969
0 0.740046 0.879818 0.021759 0.059115
0 0.677546 0.756120 0.035648 0.035677
0 0.422454 0.454036 0.034722 0.035677
0 0.814120 0.849870 0.021759 0.056510
0 0.505093 0.215755 0.070370 0.017448
0 0.584954 0.094661 0.026389 0.046094
0 0.427546 0.159766 0.081944 0.014844
0 0.242361 0.865495 0.026389 0.046094
0 0.459954 0.188411 0.081944 0.014844
0 0.068750 0.595964 0.031019 0.038281
0 0.603472 0.447526 0.035648 0.033073
0 0.459954 0.835547 0.035648 0.033073
0 0.888194 0.134766 0.021759 0.053385
0 0.851157 0.610286 0.077315 0.014844
0 0.302546 0.814714 0.026389 0.043490
0 0.893981 0.103776 0.033333 0.033073
0 0.655093 0.743099 0.074074 0.014844
0 0.579167 0.189062 0.098148 0.010937
0 0.971528 0.179297 0.021759 0.048698
0 0.411343 0.095964 0.086574 0.012240
0 0.812963 0.311458 0.028704 0.036979
0 0.241204 0.159766 0.070370 0.014844
0 0.910880 0.232031 0.030093 0.034375
0 0.365046 0.421484 0.058796 0.017448
0 0.777083 0.095964 0.058796 0.017448
0 0.934491 0.206641 0.021759 0.046094
0 0.837269 0.214453 0.021759 0.046094
0 0.925231 0.753255 0.068056 0.014323
0 0.112269 0.650651 0.025463 0.038281
0 0.757407 0.374349 0.056481 0.016927
0 0.758565 0.792578 0.031019 0.030469
0 0.899769 0.081641 0.063426 0.014844
0 0.487731 0.201432 0.063426 0.014844
0 0.962269 0.264974 0.021759 0.042969
0 0.755787 0.615495 0.062500 0.014844
0 0.562963 0.202734 0.075000 0.012240
0 0.285880 0.795182 0.030093 0.030469
0 0.196065 0.794531 0.026389 0.034375
0 0.059491 0.378516 0.021759 0.040885
0 0.814120 0.097266 0.021759 0.040885
0 0.913657 0.473568 0.026389 0.033073
0 0.649769 0.171484 0.026389 0.033073
0 0.934491 0.550391 0.058796 0.014844
0 0.582176 0.550781 0.020833 0.041667
0 0.802546 0.278255 0.017130 0.048698
0 0.693750 0.732682 0.086574 0.009635
0 0.420602 0.806901 0.068056 0.012240
0 0.226157 0.260026 0.068056 0.012240
0 0.133565 0.161068 0.021759 0.038281
0 0.925231 0.407813 0.021759 0.036979
0 0.656713 0.093099 0.068056 0.011719
0 0.723843 0.404557 0.081944 0.009635
0 0.177546 0.245443 0.026389 0.029948
0 0.656250 0.875911 0.020833 0.035677
0 0.793287 0.700781 0.054167 0.013542
0 0.888194 0.658464 0.021759 0.033073
0 0.765046 0.467057 0.071759 0.009635
0 0.939120 0.371354 0.021759 0.031771
0 0.950231 0.613542 0.016204 0.042188
0 0.105787 0.388932 0.021759 0.030469
0 0.848843 0.093359 0.054167 0.012240
0 0.765509 0.848307 0.017130 0.037760
0 0.725694 0.188151 0.020833 0.029948
0 0.936806 0.685807 0.063426 0.009635
0 0.649769 0.503516 0.063426 0.009635
0 0.089583 0.316016 0.017130 0.035677
0 0.434491 0.112891 0.021759 0.025260
0 0.700231 0.760026 0.016204 0.033073
0 0.867361 0.704036 0.017130 0.030469
0 0.228472 0.141536 0.017130 0.030469
0 0.091898 0.265885 0.058796 0.008333
0 0.503935 0.176693 0.058796 0.007031
0 0.133565 0.752214 0.012500 0.033073
0 0.614583 0.241797 0.011574 0.027865
