0 0.661343 0.914714 0.132870 0.040365
0 0.228472 0.262630 0.054167 0.079948
0 0.290972 0.465495 0.107870 0.037760
0 0.911343 0.672786 0.114352 0.030469
0 0.096528 0.374609 0.049537 0.069531
0 0.724537 0.552995 0.092593 0.030469
0 0.267361 0.508724 0.048611 0.056510
0 0.862731 0.567318 0.044907 0.059115
0 0.818750 0.893490 0.049537 0.052604
0 0.765509 0.589453 0.100463 0.025260
0 0.677546 0.620443 0.100463 0.024740
0 0.703009 0.107682 0.095833 0.025260
0 0.540972 0.223568 0.086574 0.027865
0 0.929861 0.788672 0.049537 0.048698
0 0.140509 0.461849 0.044907 0.051302
0 0.168287 0.390234 0.081944 0.027865
0 0.708796 0.638932 0.088889 0.025260
0 0.304861 0.227474 0.086574 0.025260
0 0.519676 0.745703 0.099537 0.020052
0 0.601157 0.679036 0.086574 0.022135
0 0.653935 0.202734 0.043981 0.043490
0 0.936343 0.856380 0.043981 0.043490
0 0.396296 0.429948 0.028704 0.065625
0 0.216435 0.143880 0.094907 0.019531
0 0.045602 0.260026 0.031019 0.059115
0 0.168287 0.719661 0.072685 0.025260
0 0.483102 0.136328 0.091204 0.020052
0 0.630787 0.177995 0.043981 0.040885
0 0.050231 0.632422 0.077315 0.022656
0 0.226157 0.353776 0.040278 0.043490
0 0.586806 0.848568 0.039352 0.043490
0 0.377315 0.632422 0.074074 0.022656
0 0.267824 0.858984 0.031019 0.053906
0 0.205324 0.217057 0.081944 0.020052
0 0.552546 0.183203 0.081944 0.020052
0 0.348843 0.347005 0.035648 0.045573
0 0.387731 0.506120 0.039352 0.040885
0 0.339583 0.264974 0.072685 0.022135
0 0.420602 0.467057 0.077315 0.020052
0 0.684028 0.131120 0.076389 0.020052
0 0.596528 0.772786 0.031019 0.048177
0 0.223843 0.753516 0.072685 0.020052
0 0.196065 0.873307 0.035648 0.040885
0 0.330324 0.826172 0.035648 0.040365
0 0.614583 0.154948 0.020833 0.067708
0 0.462269 0.357422 0.031019 0.045573
0 0.135880 0.299089 0.035648 0.038281
0 0.434491 0.914974 0.068056 0.020052
0 0.462269 0.813411 0.068056 0.020052
0 0.228472 0.332943 0.035648 0.038281
0 0.522454 0.813411 0.068056 0.020052
0 0.057176 0.618099 0.091204 0.014844
0 0.672917 0.722266 0.026389 0.051302
0 0.652083 0.093359 0.077315 0.017448
0 0.240046 0.460547 0.077315 0.017448
0 0.672917 0.563411 0.035648 0.035677
0 0.733102 0.151953 0.035648 0.035677
0 0.652083 0.555599 0.031019 0.040885
0 0.249306 0.789974 0.031019 0.040885
0 0.182176 0.625651 0.035648 0.035156
0 0.491898 0.618099 0.034722 0.035677
0 0.871991 0.805599 0.026389 0.046094
0 0.746991 0.500911 0.026389 0.046094
0 0.365046 0.851172 0.031019 0.038281
0 0.284028 0.418880 0.026389 0.043490
0 0.409028 0.369401 0.026389 0.043490
0 0.885417 0.564714 0.034722 0.033073
0 0.110417 0.540625 0.031019 0.036979
0 0.276620 0.295182 0.030093 0.035677
0 0.351157 0.390234 0.021759 0.048698
0 0.226157 0.701432 0.068056 0.014844
0 0.119676 0.107682 0.068056 0.014844
0 0.360417 0.207682 0.031019 0.032552
0 0.218750 0.870052 0.025463 0.039583
0 0.331481 0.516536 0.065741 0.014844
0 0.744676 0.853776 0.021759 0.043490
0 0.865046 0.762630 0.021759 0.043490
0 0.522454 0.342057 0.031019 0.030469
0 0.450694 0.468359 0.054167 0.017448
0 0.168287 0.446224 0.026389 0.035677
0 0.561806 0.604818 0.026389 0.035156
0 0.544444 0.418880 0.075000 0.012240
0 0.535880 0.892839 0.020833 0.043490
0 0.580324 0.205339 0.072685 0.012240
0 0.172917 0.687109 0.026389 0.033073
0 0.897454 0.733333 0.021759 0.039583
0 0.469213 0.992448 0.063426 0.013542
0 0.241898 0.881120 0.016204 0.051302
0 0.328009 0.411068 0.021759 0.038281
0 0.407407 0.771094 0.060185 0.013542
0 0.390509 0.797786 0.054167 0.014844
0 0.742361 0.579688 0.072685 0.010937
0 0.064120 0.810807 0.021759 0.035677
0 0.793287 0.832943 0.063426 0.012240
0 0.476157 0.545182 0.021759 0.035677
0 0.309491 0.776953 0.021759 0.035677
0 0.064815 0.170182 0.050926 0.014844
0 0.767824 0.812760 0.021759 0.034375
0 0.493519 0.100911 0.019444 0.037760
0 0.584954 0.627214 0.026389 0.027865
0 0.436806 0.726172 0.026389 0.027865
0 0.221528 0.812109 0.021759 0.033073
0 0.233102 0.516536 0.017130 0.040885
0 0.464583 0.748307 0.017130 0.040885
0 0.448380 0.579688 0.021759 0.031771
0 0.145139 0.348958 0.017130 0.039062
0 0.538657 0.822526 0.054167 0.012240
0 0.290972 0.641536 0.068056 0.009635
0 0.688657 0.099870 0.067130 0.009635
0 0.603472 0.720703 0.054167 0.011719
0 0.705324 0.516536 0.063426 0.009635
0 0.760880 0.724870 0.017130 0.035677
0 0.800231 0.106380 0.049537 0.012240
0 0.293750 0.564063 0.053241 0.010937
0 0.531713 0.433203 0.058796 0.009635
0 0.432176 0.379818 0.017130 0.033073
0 0.760880 0.523047 0.017130 0.033073
0 0.765509 0.469661 0.017130 0.030469
0 0.473843 0.183203 0.054167 0.009635
0 0.426389 0.148047 0.042593 0.012240
0 0.806713 0.558203 0.053241 0.009635
0 0.948380 0.736589 0.012500 0.038281
0 0.929861 0.629557 0.021759 0.022135
0 0.008565 0.542318 0.012500 0.035156
0 0.110417 0.821224 0.021759 0.020052
0 0.059491 0.706641 0.012500 0.030469
0 0.066435 0.226172 0.017130 0.017448
0 0.962269 0.558854 0.012500 0.021354
