0 0.538657 0.619401 0.230093 0.048698
0 0.346528 0.213151 0.068056 0.095573
0 0.140509 0.870703 0.072685 0.072135
0 0.228472 0.162370 0.118981 0.040885
0 0.851157 0.431250 0.123611 0.031771
0 0.902083 0.256120 0.169907 0.020052
0 0.237731 0.524089 0.100463 0.029948
0 0.922917 0.077734 0.044907 0.064323
0 0.089583 0.105078 0.091204 0.030469
0 0.677546 0.421484 0.118981 0.022656
0 0.857639 0.146094 0.043981 0.060417
0 0.334954 0.233984 0.044907 0.059115
0 0.197222 0.623307 0.130556 0.020052
0 0.981944 0.714453 0.033333 0.077344
0 0.869676 0.481771 0.049537 0.049479
0 0.839583 0.125911 0.044907 0.051302
0 0.538657 0.417578 0.044907 0.051302
0 0.935648 0.562109 0.125926 0.017448
0 0.453009 0.129818 0.095833 0.022656
0 0.951852 0.460547 0.093519 0.022656
0 0.131250 0.783464 0.035648 0.059115
0 0.714120 0.844661 0.099537 0.020052
0 0.318287 0.571224 0.030093 0.061719
0 0.119676 0.388281 0.031019 0.055208
0 0.559491 0.878516 0.114352 0.014844
0 0.624306 0.888932 0.114352 0.014844
0 0.855787 0.525651 0.095833 0.017448
0 0.848843 0.220964 0.072685 0.022656
0 0.152083 0.663672 0.031019 0.048698
0 0.508565 0.335286 0.123611 0.011719
0 0.475694 0.202083 0.020833 0.068229
0 0.986574 0.122005 0.024074 0.059115
0 0.265509 0.283464 0.035648 0.038281
0 0.318750 0.889974 0.114352 0.011719
0 0.941435 0.215755 0.100463 0.012240
0 0.781713 0.142839 0.095833 0.012240
0 0.778935 0.098307 0.099537 0.011719
0 0.162500 0.586849 0.033333 0.030469
0 0.226157 0.191016 0.021759 0.040885
0 0.061806 0.834245 0.054167 0.014844
0 0.369676 0.181641 0.021759 0.032552
0 0.972685 0.479818 0.051852 0.009115
0 0.078009 0.615495 0.012500 0.035677
0 0.098843 0.993099 0.044907 0.009635
0 0.920602 0.874609 0.058796 0.007031
