0 0.608102 0.761979 0.109722 0.099479
0 0.538657 0.619401 0.230093 0.043490
0 0.846528 0.771745 0.086574 0.092969
0 0.371528 0.261328 0.164352 0.046094
0 0.096065 0.982031 0.187500 0.034375
0 0.958796 0.367448 0.051852 0.117708
0 0.459954 0.782161 0.128241 0.040885
0 0.786343 0.610286 0.058796 0.077344
0 0.936343 0.640234 0.062500 0.069531
0 0.765509 0.248307 0.063426 0.066927
0 0.274306 0.864193 0.062500 0.064323
0 0.839120 0.534766 0.043981 0.087760
0 0.802546 0.050391 0.109722 0.030469
0 0.732407 0.668880 0.050926 0.059115
0 0.700694 0.825130 0.128241 0.022656
0 0.797917 0.728776 0.044907 0.064323
0 0.642824 0.776302 0.040278 0.070833
0 0.388194 0.513932 0.049537 0.056510
0 0.458796 0.538672 0.051852 0.053906
0 0.418287 0.204687 0.044907 0.057813
0 0.487731 0.597266 0.044907 0.056510
0 0.735417 0.722266 0.031019 0.077344
0 0.869676 0.754818 0.040278 0.059115
0 0.566435 0.565365 0.035648 0.065625
0 0.138194 0.162109 0.049537 0.045573
0 0.828009 0.664714 0.114352 0.019531
0 0.244213 0.461198 0.030093 0.070833
0 0.297454 0.326432 0.043981 0.046094
0 0.351157 0.209245 0.077315 0.025260
0 0.691435 0.648047 0.035648 0.053906
0 0.540972 0.095703 0.123611 0.011719
0 0.601157 0.521745 0.031019 0.046094
0 0.942593 0.151953 0.028704 0.046094
0 0.527083 0.560156 0.021759 0.060417
0 0.689120 0.410417 0.031019 0.042188
0 0.392824 0.175391 0.086574 0.014844
0 0.436806 0.114844 0.026389 0.044792
0 0.156713 0.361328 0.031019 0.037760
0 0.446065 0.158464 0.091204 0.012240
0 0.975694 0.401693 0.020833 0.050781
0 0.647454 0.160417 0.021759 0.042188
0 0.991204 0.224219 0.014815 0.050000
0 0.935648 0.095964 0.051852 0.012240
0 0.991204 0.592448 0.014815 0.041667
0 0.161343 0.291276 0.021759 0.027865
0 0.334491 0.391536 0.016204 0.035677
0 0.975000 0.068620 0.047222 0.009635
