0 0.147454 0.417578 0.058796 0.066927
0 0.861574 0.395443 0.061111 0.064323
0 0.564120 0.425000 0.123611 0.031250
0 0.561806 0.601172 0.044907 0.079948
0 0.765509 0.799089 0.054167 0.064323
0 0.615046 0.372005 0.105093 0.033073
0 0.638194 0.848568 0.049537 0.069531
0 0.496991 0.810547 0.109722 0.029948
0 0.904398 0.619141 0.100463 0.032552
0 0.540972 0.206641 0.049537 0.061719
0 0.352315 0.313021 0.144444 0.020833
0 0.663657 0.628255 0.100463 0.029948
0 0.207639 0.900651 0.160648 0.017448
0 0.074537 0.770443 0.051852 0.048698
0 0.359954 0.396745 0.048611 0.051302
0 0.138194 0.732682 0.040278 0.061719
0 0.765509 0.631771 0.091204 0.026562
0 0.814120 0.581641 0.095833 0.025260
0 0.540972 0.637370 0.049537 0.048177
0 0.382407 0.762630 0.047222 0.048698
0 0.389352 0.720964 0.042593 0.053906
0 0.894676 0.638932 0.090278 0.025260
0 0.891667 0.704036 0.112037 0.020052
0 0.808333 0.547526 0.112037 0.019531
0 0.080324 0.640234 0.044907 0.048698
0 0.429861 0.874609 0.095833 0.022656
0 0.378935 0.550130 0.086574 0.024740
0 0.693750 0.705078 0.095833 0.022135
0 0.862731 0.495703 0.035648 0.056510
0 0.172454 0.193620 0.099537 0.020052
0 0.689120 0.830339 0.086574 0.022656
0 0.892361 0.170182 0.076389 0.025260
0 0.364583 0.491797 0.039352 0.048698
0 0.515046 0.244401 0.043981 0.043490
0 0.307176 0.139323 0.044907 0.041667
0 0.703009 0.276953 0.040278 0.046094
0 0.094213 0.886328 0.072685 0.025260
0 0.191435 0.670182 0.035648 0.051302
0 0.272454 0.653255 0.040278 0.043490
0 0.663657 0.099219 0.072685 0.023958
0 0.069907 0.849609 0.042593 0.040365
0 0.865046 0.116797 0.095833 0.017448
0 0.922454 0.674479 0.090278 0.018229
0 0.455324 0.202734 0.072685 0.022656
0 0.853472 0.141536 0.081944 0.020052
0 0.825694 0.490495 0.081944 0.020052
0 0.931713 0.827734 0.071759 0.022656
0 0.207639 0.641276 0.040278 0.040365
0 0.749306 0.356120 0.095833 0.016927
0 0.131250 0.853776 0.091204 0.017448
0 0.786343 0.858984 0.068056 0.022656
0 0.119676 0.645443 0.031019 0.048698
0 0.848843 0.342057 0.072685 0.020052
0 0.214583 0.310807 0.072685 0.020052
0 0.716435 0.389974 0.085648 0.016927
0 0.279398 0.586589 0.035648 0.040365
0 0.446065 0.241797 0.081944 0.017448
0 0.096528 0.789974 0.031019 0.046094
0 0.915972 0.103125 0.086574 0.016146
0 0.171759 0.677995 0.024074 0.056510
0 0.485417 0.776693 0.068056 0.019531
0 0.184028 0.812109 0.030093 0.043490
0 0.109954 0.567318 0.030093 0.043490
0 0.905556 0.905859 0.075000 0.017448
0 0.494676 0.183203 0.086574 0.014844
0 0.499306 0.769141 0.086574 0.014844
0 0.594213 0.704036 0.063426 0.020052
0 0.728472 0.140234 0.072685 0.017448
0 0.228472 0.869401 0.072685 0.017448
0 0.226157 0.654557 0.031019 0.040885
0 0.957639 0.776953 0.021759 0.056510
0 0.844213 0.791016 0.072685 0.016927
0 0.922917 0.517578 0.072685 0.016927
0 0.267824 0.804297 0.031019 0.038281
0 0.698380 0.442318 0.031019 0.038281
0 0.737731 0.280859 0.035648 0.033073
0 0.057176 0.747005 0.035648 0.033073
0 0.281713 0.150391 0.021759 0.053385
0 0.867361 0.853776 0.026389 0.043490
0 0.096065 0.257422 0.020833 0.053906
0 0.690972 0.825130 0.025463 0.043490
0 0.334954 0.606380 0.063426 0.017448
0 0.200694 0.210547 0.063426 0.017448
0 0.353472 0.730078 0.026389 0.040885
0 0.922917 0.891536 0.072685 0.014844
0 0.517824 0.879818 0.086574 0.012240
0 0.170602 0.903255 0.086574 0.012240
0 0.850000 0.175391 0.070370 0.014844
0 0.929861 0.353776 0.031019 0.033073
0 0.596065 0.741797 0.020833 0.048698
0 0.242361 0.783464 0.026389 0.038281
0 0.189120 0.731120 0.031019 0.032552
0 0.230787 0.818620 0.021759 0.046094
0 0.246991 0.898047 0.081944 0.012240
0 0.547917 0.356380 0.081944 0.012240
0 0.601157 0.785807 0.058796 0.016927
0 0.438657 0.765234 0.030093 0.033073
0 0.507407 0.459245 0.065741 0.014844
0 0.607639 0.181901 0.025463 0.038281
0 0.767824 0.604818 0.068056 0.014323
0 0.295602 0.731380 0.021759 0.043490
0 0.371991 0.580339 0.054167 0.017448
0 0.246991 0.461849 0.063426 0.014844
0 0.487731 0.193620 0.063426 0.014844
0 0.626620 0.427995 0.063426 0.014844
0 0.318750 0.720703 0.021759 0.042969
0 0.619676 0.722005 0.031019 0.029948
0 0.519676 0.116797 0.053241 0.017448
0 0.862731 0.770443 0.072685 0.012240
0 0.858102 0.090755 0.072685 0.012240
0 0.331481 0.442318 0.019444 0.043490
0 0.670602 0.770443 0.021759 0.038281
0 0.078009 0.679297 0.068056 0.012240
0 0.716898 0.575130 0.021759 0.038281
0 0.541435 0.893880 0.057870 0.014323
0 0.907407 0.764583 0.050926 0.016146
0 0.341898 0.733333 0.021759 0.036979
0 0.323380 0.522396 0.049537 0.016146
0 0.469213 0.894141 0.081944 0.009635
0 0.084954 0.511328 0.017130 0.046094
0 0.414120 0.857682 0.053241 0.014844
0 0.258565 0.412370 0.021759 0.035677
0 0.564120 0.623307 0.021759 0.035677
0 0.142824 0.576693 0.021759 0.035156
0 0.915972 0.404557 0.077315 0.009635
0 0.437500 0.509375 0.046296 0.016146
0 0.311806 0.317057 0.063426 0.011719
0 0.814120 0.102474 0.049537 0.014844
0 0.578009 0.774089 0.077315 0.009115
0 0.973843 0.183203 0.017130 0.040885
0 0.964583 0.414974 0.017130 0.040885
0 0.057176 0.329036 0.017130 0.040885
0 0.714583 0.529557 0.072685 0.009635
0 0.140509 0.688151 0.017130 0.040365
0 0.811806 0.607682 0.026389 0.025260
0 0.733102 0.852474 0.026389 0.025260
0 0.580324 0.541276 0.054167 0.012240
0 0.290972 0.206641 0.021759 0.030469
0 0.221528 0.105078 0.068056 0.009635
0 0.091898 0.659505 0.021759 0.029948
0 0.413657 0.841797 0.044907 0.014323
0 0.152083 0.341406 0.021759 0.029167
0 0.723843 0.164974 0.063426 0.009635
0 0.395139 0.888932 0.063426 0.009635
0 0.946065 0.743099 0.017130 0.035677
0 0.737731 0.224870 0.063426 0.009635
0 0.422917 0.214453 0.063426 0.009635
0 0.520139 0.129167 0.054167 0.010937
0 0.532870 0.474870 0.061111 0.009635
0 0.207639 0.493099 0.058796 0.009635
0 0.471528 0.172526 0.058796 0.009115
0 0.353009 0.209245 0.053241 0.009635
0 0.244676 0.437109 0.021759 0.022656
0 0.962269 0.163672 0.021759 0.022656
0 0.394676 0.226172 0.016204 0.027865
0 0.420139 0.719271 0.011574 0.031250
