0 0.749306 0.430599 0.077315 0.087760
0 0.849537 0.146745 0.046296 0.103385
0 0.377315 0.334245 0.138889 0.030469
0 0.216898 0.845964 0.058796 0.064323
0 0.462963 0.566667 0.060185 0.057813
0 0.199537 0.603776 0.051852 0.064323
0 0.318750 0.717057 0.058796 0.056510
0 0.336806 0.142839 0.057870 0.053906
0 0.549769 0.356380 0.048611 0.059115
0 0.654398 0.390234 0.100463 0.027865
0 0.326852 0.683203 0.102778 0.025260
0 0.571065 0.742188 0.109722 0.023438
0 0.251620 0.528255 0.109722 0.022656
0 0.219213 0.129818 0.035648 0.069531
0 0.341898 0.757422 0.049537 0.048698
0 0.427546 0.589453 0.044907 0.051302
0 0.123148 0.351172 0.047222 0.048698
0 0.157870 0.789974 0.042593 0.046094
0 0.249306 0.452734 0.086574 0.022656
0 0.152083 0.602474 0.077315 0.025260
0 0.436806 0.220964 0.044907 0.043490
0 0.589583 0.450130 0.044907 0.043490
0 0.594213 0.575130 0.035648 0.053906
0 0.795602 0.227214 0.095833 0.019531
0 0.564815 0.580339 0.106481 0.017448
0 0.510880 0.241797 0.081944 0.022656
0 0.561806 0.155859 0.081944 0.022656
0 0.494676 0.394141 0.040278 0.046094
0 0.185648 0.715755 0.042593 0.043490
0 0.246991 0.644141 0.035648 0.051302
0 0.773148 0.172786 0.087963 0.020052
0 0.022454 0.756120 0.031019 0.056510
0 0.448380 0.382422 0.077315 0.022656
0 0.580324 0.656510 0.072685 0.023958
0 0.624306 0.414714 0.114352 0.014323
0 0.038657 0.743099 0.035648 0.046094
0 0.581481 0.427995 0.075000 0.020052
0 0.656713 0.319661 0.031019 0.048177
0 0.800231 0.202474 0.086574 0.016927
0 0.223843 0.503516 0.072685 0.020052
0 0.534028 0.709245 0.035648 0.040885
0 0.059491 0.488281 0.031019 0.046875
0 0.422917 0.773047 0.081944 0.017448
0 0.040972 0.344661 0.031019 0.046094
0 0.645139 0.878255 0.072685 0.019531
0 0.536343 0.526693 0.031019 0.045573
0 0.487731 0.523438 0.035648 0.039062
0 0.397454 0.503516 0.068056 0.020052
0 0.047917 0.658464 0.035648 0.038281
0 0.277083 0.287370 0.068056 0.020052
0 0.492361 0.696224 0.026389 0.051302
0 0.450694 0.618750 0.063426 0.021354
0 0.064120 0.752214 0.031019 0.043490
0 0.068750 0.616797 0.031019 0.043490
0 0.059491 0.181901 0.031019 0.043490
0 0.295139 0.873307 0.067130 0.020052
0 0.093750 0.825130 0.034722 0.038281
0 0.564120 0.107422 0.068056 0.019531
0 0.650926 0.717057 0.065741 0.020052
0 0.411806 0.807943 0.067130 0.019531
0 0.355787 0.561849 0.077315 0.016927
0 0.559491 0.504167 0.031019 0.042188
0 0.112731 0.133464 0.035648 0.035156
0 0.927546 0.245443 0.063426 0.019531
0 0.404398 0.162370 0.081944 0.014844
0 0.146991 0.694271 0.020833 0.057813
0 0.742361 0.286719 0.026389 0.044792
0 0.899769 0.090755 0.035648 0.033073
0 0.871991 0.262630 0.035648 0.033073
0 0.909028 0.140234 0.035648 0.033073
0 0.353472 0.541276 0.035648 0.033073
0 0.484954 0.193620 0.057870 0.020052
0 0.376620 0.871745 0.026389 0.042969
0 0.105787 0.675391 0.021759 0.051302
0 0.522454 0.383724 0.021759 0.051302
0 0.697222 0.459245 0.075000 0.014844
0 0.925231 0.383724 0.031019 0.035677
0 0.496991 0.273047 0.063426 0.017448
0 0.640509 0.079036 0.072685 0.014844
0 0.737731 0.328776 0.026389 0.040365
0 0.323380 0.377214 0.021759 0.048698
0 0.169444 0.198828 0.065741 0.014844
0 0.420602 0.451172 0.068056 0.014323
0 0.506250 0.555990 0.026389 0.036458
0 0.324537 0.661719 0.070370 0.013542
0 0.439120 0.306250 0.086574 0.010937
0 0.406713 0.689714 0.077315 0.012240
0 0.453009 0.329036 0.031019 0.030469
0 0.645139 0.138932 0.063426 0.014844
0 0.310648 0.414714 0.061111 0.014323
0 0.616204 0.200130 0.070370 0.012240
0 0.447222 0.185807 0.056481 0.014844
0 0.156713 0.142839 0.021759 0.038281
0 0.478472 0.482682 0.026389 0.030469
0 0.279398 0.524349 0.054167 0.014844
0 0.390509 0.422786 0.026389 0.030469
0 0.496991 0.141536 0.017130 0.046094
0 0.135880 0.813411 0.017130 0.046094
0 0.496991 0.753516 0.017130 0.046094
0 0.094213 0.722005 0.026389 0.029948
0 0.633565 0.688411 0.021759 0.035677
0 0.848843 0.244401 0.063426 0.012240
0 0.432176 0.260677 0.026389 0.029167
0 0.344213 0.614193 0.017130 0.043490
0 0.188657 0.633724 0.020833 0.035677
0 0.823380 0.323828 0.049537 0.014844
0 0.302546 0.709245 0.017130 0.040885
0 0.235417 0.404557 0.068056 0.009635
0 0.343750 0.103776 0.053241 0.012240
0 0.029398 0.496354 0.017130 0.036979
0 0.316435 0.076432 0.063426 0.009635
0 0.101157 0.759115 0.021759 0.026042
0 0.689815 0.284115 0.041667 0.013542
0 0.818287 0.177995 0.057870 0.009635
0 0.318287 0.097266 0.057870 0.009635
0 0.146296 0.664974 0.056481 0.009635
0 0.152083 0.826172 0.021759 0.024740
0 0.621528 0.452734 0.016204 0.033073
0 0.292824 0.758073 0.062500 0.008333
0 0.413657 0.662370 0.054167 0.009635
0 0.680556 0.254818 0.041667 0.012240
0 0.707639 0.181901 0.021759 0.022656
0 0.707639 0.116536 0.021759 0.022135
0 0.514352 0.148047 0.014815 0.032031
0 0.082639 0.137370 0.040278 0.011719
0 0.091435 0.778255 0.020833 0.022656
0 0.448380 0.111328 0.040278 0.011719
0 0.042130 0.779557 0.014815 0.030469
0 0.299769 0.792318 0.048611 0.009115
0 0.631250 0.769141 0.017130 0.025260
0 0.395139 0.184505 0.017130 0.022656
0 0.064120 0.982682 0.040278 0.009635
0 0.314120 0.429036 0.058796 0.006510
0 0.476157 0.117839 0.012500 0.029948
0 0.459954 0.129557 0.017130 0.016927
