0 0.369676 0.670833 0.086574 0.083854
0 0.925231 0.100521 0.068056 0.068229
0 0.362731 0.179948 0.063426 0.070833
0 0.698380 0.540625 0.068056 0.063021
0 0.094213 0.856380 0.109722 0.033073
0 0.686806 0.878516 0.128241 0.025260
0 0.663657 0.499609 0.044907 0.069531
0 0.823380 0.052995 0.151389 0.020052
0 0.302546 0.483984 0.044907 0.064323
0 0.121991 0.601172 0.044907 0.064323
0 0.317593 0.132422 0.047222 0.059115
0 0.487731 0.507422 0.044907 0.059115
0 0.679398 0.325130 0.094907 0.027865
0 0.508565 0.410417 0.095833 0.026562
0 0.096528 0.508724 0.040278 0.061719
0 0.688657 0.631120 0.094907 0.025260
0 0.896296 0.064714 0.084259 0.027865
0 0.082639 0.402604 0.049537 0.047396
0 0.185648 0.090495 0.079630 0.027344
0 0.487731 0.385026 0.118981 0.017448
0 0.140509 0.761328 0.081944 0.025260
0 0.098843 0.539714 0.044907 0.045573
0 0.605787 0.287370 0.095833 0.020052
0 0.348843 0.549089 0.035648 0.053906
0 0.177546 0.204036 0.035648 0.051302
0 0.216435 0.206641 0.030093 0.056510
0 0.269676 0.828385 0.090278 0.018750
0 0.255787 0.634115 0.034722 0.046875
0 0.207639 0.060807 0.077315 0.020052
0 0.573380 0.455339 0.077315 0.017448
0 0.431713 0.467448 0.025463 0.052083
0 0.462269 0.330339 0.105093 0.012240
0 0.302546 0.068359 0.026389 0.045573
0 0.300231 0.308854 0.021759 0.052604
0 0.209954 0.155859 0.026389 0.043490
0 0.119676 0.325130 0.021759 0.048698
0 0.628935 0.049089 0.086574 0.012240
0 0.628935 0.067318 0.086574 0.012240
0 0.184491 0.289974 0.021759 0.046094
0 0.182176 0.513932 0.017130 0.051302
0 0.555556 0.432943 0.023148 0.035156
0 0.348843 0.067969 0.026389 0.029167
0 0.068750 0.754167 0.058796 0.010937
0 0.116898 0.280599 0.016204 0.037760
