0 0.640509 0.852474 0.202315 0.051302
0 0.091898 0.386068 0.077315 0.076823
0 0.351157 0.886328 0.142130 0.035677
0 0.088426 0.984635 0.172222 0.029167
0 0.323380 0.556901 0.068056 0.069531
0 0.211111 0.777995 0.065741 0.063802
0 0.670602 0.320573 0.132870 0.029167
0 0.288657 0.283464 0.063426 0.059115
0 0.843056 0.521094 0.051852 0.060417
0 0.883565 0.983333 0.095833 0.031771
0 0.226157 0.469661 0.040278 0.072135
0 0.943287 0.776953 0.094907 0.030469
0 0.662500 0.605729 0.051852 0.052604
0 0.865046 0.245703 0.105093 0.025260
0 0.087269 0.526953 0.049537 0.051302
0 0.862731 0.829036 0.100463 0.025260
0 0.686806 0.546224 0.109722 0.022135
0 0.633565 0.520443 0.086574 0.027865
0 0.193750 0.470964 0.040278 0.059115
0 0.193750 0.569661 0.086574 0.027344
0 0.234259 0.434505 0.084259 0.027865
0 0.432176 0.342057 0.044907 0.051302
0 0.533565 0.011328 0.108796 0.020052
0 0.890509 0.876953 0.044907 0.048177
0 0.503935 0.195964 0.086574 0.024740
0 0.936806 0.554297 0.035648 0.059115
0 0.654398 0.355078 0.044907 0.046094
0 0.927546 0.107682 0.081944 0.025260
0 0.784722 0.230729 0.092593 0.021354
0 0.543287 0.684505 0.044907 0.043490
0 0.399769 0.343099 0.035648 0.053385
0 0.343750 0.640234 0.108796 0.017448
0 0.179398 0.289974 0.030093 0.061719
0 0.182176 0.861589 0.081944 0.022656
0 0.415972 0.276953 0.040278 0.046094
0 0.605787 0.381120 0.040278 0.046094
0 0.402083 0.866797 0.105093 0.017448
0 0.469213 0.425391 0.044907 0.040885
0 0.612731 0.576432 0.044907 0.040885
0 0.297917 0.852214 0.072685 0.024740
0 0.950231 0.329036 0.043981 0.040885
0 0.788657 0.737891 0.118981 0.014844
0 0.925231 0.650651 0.077315 0.022656
0 0.513194 0.567318 0.040278 0.043490
0 0.286343 0.513932 0.086574 0.020052
0 0.306713 0.432552 0.071759 0.023958
0 0.505093 0.115495 0.033333 0.051302
0 0.983102 0.312109 0.026389 0.064323
0 0.816435 0.661068 0.072685 0.022656
0 0.198380 0.659766 0.040278 0.040885
0 0.679861 0.680599 0.040278 0.040885
0 0.237731 0.373307 0.081944 0.020052
0 0.071065 0.375911 0.035648 0.046094
0 0.751620 0.474870 0.035648 0.046094
0 0.659028 0.641536 0.081944 0.020052
0 0.626620 0.467057 0.026389 0.061719
0 0.071065 0.625911 0.026389 0.061719
0 0.671759 0.585547 0.033333 0.048698
0 0.740046 0.251302 0.077315 0.020833
0 0.094213 0.851172 0.091204 0.017448
0 0.464583 0.551693 0.035648 0.043490
0 0.878935 0.356380 0.068056 0.022656
0 0.506250 0.503516 0.026389 0.056510
0 0.508102 0.637370 0.039352 0.037760
0 0.297917 0.667578 0.035648 0.040885
0 0.415972 0.446224 0.031019 0.046094
0 0.855787 0.287370 0.031019 0.046094
0 0.172917 0.702734 0.081944 0.017448
0 0.959954 0.551693 0.026389 0.053906
0 0.380787 0.321224 0.034722 0.040885
0 0.821065 0.113932 0.063426 0.022135
0 0.679398 0.516536 0.039352 0.035677
0 0.769676 0.163672 0.025463 0.053906
0 0.154398 0.813411 0.091204 0.014844
0 0.119676 0.314714 0.077315 0.017448
0 0.943750 0.486589 0.077315 0.017448
0 0.952546 0.385026 0.020833 0.064323
0 0.718750 0.625911 0.025463 0.051302
0 0.506944 0.903255 0.074074 0.017448
0 0.753935 0.534766 0.031019 0.040885
0 0.304861 0.162370 0.031019 0.040885
0 0.705324 0.252214 0.072685 0.017448
0 0.191435 0.769792 0.026389 0.047396
0 0.649769 0.628516 0.081944 0.014844
0 0.084491 0.281510 0.034722 0.034375
0 0.094213 0.697526 0.035648 0.033073
0 0.670602 0.107682 0.058796 0.020052
0 0.522454 0.728516 0.031019 0.037760
0 0.429398 0.491797 0.067130 0.017448
0 0.976157 0.647786 0.031019 0.037760
0 0.503472 0.693620 0.057870 0.020052
0 0.374306 0.209245 0.077315 0.014844
0 0.270139 0.148047 0.026389 0.043490
0 0.832176 0.683203 0.076389 0.014844
0 0.707176 0.357682 0.076389 0.014844
0 0.892361 0.520443 0.020833 0.053906
0 0.032407 0.010677 0.060185 0.018750
0 0.696065 0.313411 0.072685 0.014844
0 0.094213 0.836849 0.072685 0.014844
0 0.969213 0.625911 0.026389 0.040885
0 0.946065 0.586589 0.026389 0.040365
0 0.986574 0.601172 0.024074 0.043490
0 0.654398 0.539714 0.072685 0.014323
0 0.527083 0.088151 0.058796 0.017448
0 0.337269 0.741797 0.058796 0.017448
0 0.161343 0.603776 0.031019 0.033073
0 0.304861 0.465495 0.086574 0.011719
0 0.681713 0.163021 0.025463 0.039583
0 0.480324 0.744401 0.030093 0.033073
0 0.355324 0.308854 0.020833 0.047396
0 0.690278 0.236589 0.079630 0.012240
0 0.677546 0.702474 0.081944 0.011719
0 0.763194 0.375911 0.031019 0.030469
0 0.844213 0.098568 0.054167 0.017448
0 0.797917 0.262630 0.054167 0.017448
0 0.559491 0.513932 0.031019 0.030469
0 0.390509 0.271745 0.063426 0.014844
0 0.334954 0.730078 0.063426 0.014844
0 0.435648 0.718099 0.079630 0.011719
0 0.494676 0.840104 0.021759 0.042188
0 0.897454 0.083594 0.031019 0.029167
0 0.631250 0.122005 0.072685 0.012240
0 0.621991 0.158464 0.072685 0.012240
0 0.240046 0.563411 0.021759 0.040885
0 0.103472 0.493099 0.017130 0.051302
0 0.520139 0.842057 0.017130 0.051302
0 0.152083 0.399349 0.058796 0.014844
0 0.920602 0.317969 0.021759 0.039583
0 0.853472 0.767188 0.063426 0.013542
0 0.288657 0.616536 0.026389 0.032552
0 0.207639 0.844401 0.058796 0.014323
0 0.572222 0.792318 0.056481 0.014323
0 0.853009 0.795182 0.081019 0.009635
0 0.920602 0.388932 0.021759 0.035677
0 0.499306 0.284766 0.021759 0.035677
0 0.564120 0.696224 0.021759 0.035677
0 0.781713 0.534766 0.021759 0.035677
0 0.293287 0.351172 0.017130 0.043490
0 0.704861 0.088802 0.053241 0.013542
0 0.142824 0.747005 0.021759 0.033073
0 0.911343 0.551693 0.021759 0.033073
0 0.541435 0.317318 0.057870 0.012240
0 0.667824 0.427734 0.016204 0.040365
0 0.809491 0.477214 0.021759 0.029948
0 0.119676 0.274089 0.021759 0.029948
0 0.223380 0.822526 0.053241 0.012240
0 0.432176 0.301432 0.017130 0.037760
0 0.339583 0.666016 0.054167 0.011719
0 0.988889 0.434245 0.019444 0.032552
0 0.973843 0.446224 0.017130 0.035677
0 0.705324 0.472266 0.017130 0.035677
0 0.149769 0.191016 0.063426 0.009635
0 0.603472 0.175391 0.063426 0.009635
0 0.235417 0.413672 0.021759 0.027865
0 0.440278 0.174089 0.014815 0.038281
0 0.360417 0.784766 0.058796 0.009635
0 0.793287 0.491797 0.017130 0.033073
0 0.159028 0.494141 0.017130 0.032552
0 0.991204 0.144141 0.014815 0.035677
0 0.635880 0.232682 0.054167 0.009635
0 0.926389 0.423828 0.042593 0.011719
0 0.543287 0.622005 0.017130 0.027865
0 0.487731 0.613932 0.063426 0.006510
0 0.103472 0.724219 0.017130 0.023958
0 0.429861 0.563151 0.040278 0.009115
0 0.256250 0.563411 0.017130 0.020052
0 0.573380 0.032161 0.031019 0.009635
0 0.568750 0.077734 0.012500 0.022656
0 0.720370 0.997656 0.019444 0.003125
