0 0.889352 0.025651 0.218519 0.043490
0 0.411343 0.494401 0.197685 0.043490
0 0.890509 0.638932 0.118981 0.035677
0 0.656713 0.862891 0.049537 0.082552
0 0.221528 0.912370 0.049537 0.072135
0 0.143981 0.451432 0.116667 0.030469
0 0.909028 0.787370 0.054167 0.061719
0 0.524769 0.163672 0.044907 0.069531
0 0.328009 0.826432 0.123611 0.025260
0 0.515509 0.757422 0.100463 0.027865
0 0.108102 0.628516 0.054167 0.051302
0 0.267824 0.752214 0.095833 0.027865
0 0.108102 0.918880 0.044907 0.059115
0 0.045602 0.322526 0.040278 0.064323
0 0.313657 0.268880 0.048611 0.050781
0 0.042130 0.276302 0.084259 0.029167
0 0.101157 0.765234 0.132870 0.017448
0 0.367361 0.681901 0.081944 0.027865
0 0.184028 0.802995 0.048611 0.046094
0 0.462269 0.163672 0.095833 0.022656
0 0.624306 0.148047 0.095833 0.022656
0 0.355787 0.261328 0.040278 0.051302
0 0.068750 0.631120 0.040278 0.051302
0 0.049769 0.855078 0.039352 0.051302
0 0.207639 0.599870 0.132870 0.014844
0 0.172917 0.580990 0.081944 0.023958
0 0.402083 0.930599 0.077315 0.025260
0 0.224306 0.864844 0.081019 0.023958
0 0.230787 0.240495 0.095833 0.020052
0 0.726157 0.701432 0.040278 0.046094
0 0.270139 0.309505 0.081944 0.022656
0 0.293287 0.849870 0.072685 0.025260
0 0.130787 0.907552 0.043981 0.041667
0 0.346528 0.916276 0.031019 0.053906
0 0.300231 0.787370 0.040278 0.040885
0 0.253935 0.144141 0.040278 0.040885
0 0.339583 0.844661 0.035648 0.046094
0 0.065972 0.132422 0.071759 0.022656
0 0.839583 0.758464 0.109722 0.014323
0 0.457639 0.508724 0.105093 0.014844
0 0.339120 0.278255 0.034722 0.043490
0 0.142361 0.606380 0.039352 0.038281
0 0.621991 0.243750 0.035648 0.042188
0 0.177546 0.774349 0.100463 0.014844
0 0.425231 0.871094 0.031019 0.046875
0 0.274306 0.800130 0.034722 0.040365
0 0.427546 0.818229 0.026389 0.052083
0 0.767824 0.131120 0.068056 0.020052
0 0.309491 0.631120 0.068056 0.020052
0 0.082639 0.720964 0.077315 0.017448
0 0.126620 0.564453 0.035648 0.037760
0 0.473843 0.702474 0.035648 0.037760
0 0.150926 0.170182 0.028704 0.046094
0 0.255787 0.215104 0.081019 0.016146
0 0.804861 0.831641 0.086574 0.014844
0 0.748843 0.206641 0.020833 0.056510
0 0.221528 0.301693 0.021759 0.053906
0 0.797917 0.718359 0.035648 0.033073
0 0.462269 0.879818 0.021759 0.053906
0 0.874306 0.737891 0.077315 0.014844
0 0.601157 0.206641 0.021759 0.051302
0 0.561806 0.754818 0.091204 0.012240
0 0.714120 0.161068 0.090278 0.012240
0 0.228472 0.260026 0.063426 0.017448
0 0.110417 0.605078 0.031019 0.035677
0 0.478472 0.132422 0.063426 0.017448
0 0.271296 0.244141 0.028704 0.037760
0 0.066435 0.886068 0.026389 0.040365
0 0.318287 0.908203 0.020833 0.048177
0 0.591898 0.132161 0.058796 0.016927
0 0.450694 0.866146 0.026389 0.036979
0 0.054398 0.583984 0.020833 0.045573
0 0.156713 0.752214 0.077315 0.012240
0 0.770139 0.145443 0.054167 0.017448
0 0.172917 0.306901 0.017130 0.053906
0 0.741898 0.120703 0.062500 0.014844
0 0.584954 0.901693 0.063426 0.014323
0 0.227315 0.201432 0.061111 0.014844
0 0.161343 0.265885 0.031019 0.029167
0 0.458796 0.809505 0.051852 0.017448
0 0.855787 0.592057 0.021759 0.040885
0 0.242361 0.775651 0.026389 0.033073
0 0.830324 0.593359 0.026389 0.033073
0 0.094213 0.681641 0.026389 0.032552
0 0.355787 0.572526 0.068056 0.012240
0 0.101157 0.114193 0.021759 0.038281
0 0.330324 0.753516 0.017130 0.046094
0 0.922917 0.907161 0.017130 0.046094
0 0.927546 0.704036 0.017130 0.046094
0 0.909028 0.625651 0.081944 0.009115
0 0.179398 0.228125 0.067130 0.010937
0 0.347685 0.761328 0.024074 0.030469
0 0.468750 0.924089 0.016204 0.043490
0 0.091898 0.274089 0.077315 0.009115
0 0.342593 0.722266 0.023148 0.030469
0 0.108102 0.664974 0.017130 0.040885
0 0.640509 0.743099 0.017130 0.040885
0 0.209954 0.169922 0.017130 0.040365
0 0.123843 0.108333 0.020833 0.031771
0 0.693750 0.909766 0.068056 0.009635
0 0.411343 0.719661 0.068056 0.009635
0 0.126620 0.533464 0.017130 0.038281
0 0.040972 0.250260 0.077315 0.008333
0 0.045139 0.772396 0.057870 0.010937
0 0.693750 0.412370 0.058796 0.009635
0 0.640509 0.125911 0.054167 0.009635
0 0.068750 0.161068 0.021759 0.022656
0 0.036343 0.549089 0.012500 0.038281
0 0.066435 0.502214 0.017130 0.027865
0 0.126620 0.215755 0.017130 0.022656
0 0.096528 0.339453 0.012500 0.030469
0 0.339120 0.196224 0.034722 0.009635
0 0.091898 0.378516 0.012500 0.025260
