0 0.536343 0.616797 0.234722 0.048698
0 0.848843 0.291927 0.165278 0.055208
0 0.814120 0.439453 0.068056 0.074219
0 0.084954 0.985938 0.165278 0.026562
0 0.172917 0.230078 0.063426 0.066927
0 0.260880 0.860286 0.165278 0.020052
0 0.427546 0.439714 0.118981 0.027865
0 0.804861 0.256120 0.160648 0.020052
0 0.911343 0.611589 0.049537 0.064323
0 0.270139 0.174089 0.054167 0.053906
0 0.969213 0.218099 0.054167 0.053385
0 0.559028 0.168880 0.048611 0.059115
0 0.735417 0.089453 0.049537 0.056510
0 0.112731 0.319922 0.100463 0.027865
0 0.825694 0.128516 0.054167 0.051302
0 0.140509 0.883724 0.054167 0.051302
0 0.798380 0.483984 0.094907 0.027865
0 0.402083 0.284505 0.086574 0.029948
0 0.647454 0.370443 0.040278 0.061198
0 0.881250 0.175391 0.035648 0.066927
0 0.251157 0.336849 0.043981 0.051302
0 0.101157 0.775651 0.031019 0.069531
0 0.946065 0.141276 0.044907 0.045573
0 0.862731 0.141536 0.100463 0.020052
0 0.758565 0.130469 0.105093 0.018750
0 0.830324 0.223568 0.035648 0.053906
0 0.977315 0.181901 0.042593 0.043490
0 0.371991 0.210547 0.026389 0.069531
0 0.228472 0.606380 0.026389 0.069531
0 0.575694 0.131120 0.091204 0.020052
0 0.953009 0.460547 0.021759 0.074740
0 0.684491 0.277604 0.031019 0.052604
0 0.223380 0.269141 0.025463 0.061719
0 0.883565 0.226172 0.040278 0.038281
0 0.267824 0.760026 0.068056 0.022656
0 0.240046 0.128516 0.095833 0.014844
0 0.929398 0.503516 0.094907 0.014844
0 0.388194 0.488542 0.031019 0.042188
0 0.284028 0.856120 0.109722 0.011719
0 0.934491 0.092057 0.031019 0.040885
0 0.153241 0.076432 0.061111 0.020052
0 0.949537 0.114193 0.098148 0.012240
0 0.253472 0.691016 0.020833 0.056510
0 0.915972 0.218359 0.086574 0.012240
0 0.855787 0.135026 0.058796 0.017448
0 0.101157 0.500651 0.021759 0.045573
0 0.093056 0.278255 0.051852 0.017448
0 0.101157 0.991797 0.040278 0.012240
