0 0.536343 0.616797 0.234722 0.048698
0 0.850000 0.292578 0.167593 0.056510
0 0.941435 0.203776 0.063426 0.097656
0 0.469213 0.831641 0.128241 0.035677
0 0.186806 0.234635 0.063426 0.065625
0 0.940278 0.112891 0.116667 0.035677
0 0.943750 0.774349 0.105093 0.035677
0 0.763194 0.457943 0.058796 0.059115
0 0.450694 0.858984 0.118981 0.027865
0 0.411343 0.426042 0.123611 0.026562
0 0.821065 0.445182 0.054167 0.058594
0 0.700694 0.071224 0.100463 0.030469
0 0.591898 0.175391 0.049537 0.061719
0 0.862731 0.821224 0.044907 0.066927
0 0.774769 0.366797 0.128241 0.022656
0 0.924769 0.119141 0.030093 0.095052
0 0.645139 0.362891 0.044907 0.061719
0 0.249306 0.375911 0.049537 0.051302
0 0.874306 0.185807 0.031019 0.066927
0 0.890509 0.197526 0.091204 0.022656
0 0.520139 0.070964 0.081944 0.024740
0 0.860417 0.129818 0.040278 0.048698
0 0.841898 0.648047 0.040278 0.048698
0 0.517824 0.043880 0.086574 0.022656
0 0.797917 0.266536 0.128241 0.014844
0 0.860417 0.560807 0.123611 0.014844
0 0.788657 0.136328 0.091204 0.020052
0 0.094213 0.764974 0.026389 0.069010
0 0.802546 0.233984 0.035648 0.048698
0 0.038657 0.594661 0.026389 0.061719
0 0.890509 0.010026 0.091204 0.017448
0 0.344213 0.849609 0.109722 0.014323
0 0.800231 0.187109 0.068056 0.022656
0 0.330324 0.279557 0.100463 0.014844
0 0.272454 0.194661 0.021759 0.053385
0 0.258565 0.707943 0.021759 0.048698
0 0.589120 0.068359 0.025463 0.040365
0 0.892824 0.366536 0.058796 0.016927
0 0.203009 0.312500 0.021759 0.044271
0 0.285880 0.116797 0.076389 0.012240
0 0.096528 0.157812 0.021759 0.036979
0 0.986574 0.210547 0.024074 0.033073
0 0.515509 0.306901 0.017130 0.043490
0 0.135880 0.302995 0.026389 0.025260
0 0.920602 0.931901 0.040278 0.012240
0 0.098843 0.990234 0.044907 0.009115
