0 0.663657 0.770443 0.183796 0.038281
0 0.695370 0.503516 0.083333 0.077344
0 0.778935 0.865495 0.071759 0.066927
0 0.453704 0.900651 0.143519 0.033073
0 0.950694 0.451432 0.054167 0.082552
0 0.207639 0.470964 0.068056 0.064323
0 0.543287 0.610938 0.156019 0.023958
0 0.684491 0.207943 0.049537 0.074740
0 0.124306 0.773047 0.058796 0.059115
0 0.303241 0.586849 0.055556 0.061719
0 0.246991 0.758724 0.100463 0.030469
0 0.591898 0.554688 0.095833 0.028646
0 0.024769 0.620052 0.044907 0.055208
0 0.385880 0.799089 0.044907 0.053906
0 0.934491 0.132422 0.105093 0.022656
0 0.297917 0.422786 0.091204 0.025260
0 0.279398 0.175391 0.044907 0.051302
0 0.758565 0.618099 0.049537 0.046094
0 0.821065 0.206380 0.044907 0.050781
0 0.081019 0.452474 0.083333 0.027344
0 0.763194 0.745703 0.040278 0.056510
0 0.184491 0.250911 0.086574 0.025260
0 0.318750 0.443359 0.086574 0.024740
0 0.067593 0.628516 0.084259 0.025260
0 0.705324 0.358333 0.128241 0.016146
0 0.478472 0.118099 0.081944 0.025260
0 0.890509 0.230078 0.044907 0.046094
0 0.390509 0.569922 0.091204 0.022656
0 0.552546 0.166276 0.091204 0.022656
0 0.406713 0.618750 0.077315 0.026562
0 0.175231 0.711198 0.040278 0.050000
0 0.472685 0.550391 0.079630 0.025260
0 0.513889 0.442318 0.087963 0.022656
0 0.756250 0.890885 0.081944 0.023958
0 0.253935 0.374609 0.040278 0.048698
0 0.059491 0.857682 0.077315 0.025260
0 0.168287 0.223568 0.044907 0.043490
0 0.390509 0.168880 0.044907 0.043490
0 0.427546 0.351172 0.109722 0.017448
0 0.596065 0.317057 0.039352 0.048177
0 0.449537 0.795182 0.033333 0.056510
0 0.372685 0.552995 0.074074 0.025260
0 0.466898 0.483984 0.105093 0.017448
0 0.659028 0.870703 0.072685 0.025260
0 0.098843 0.834245 0.044907 0.040885
0 0.233102 0.826432 0.044907 0.040885
0 0.675231 0.515625 0.040278 0.044271
0 0.834954 0.543880 0.035648 0.048698
0 0.441435 0.449870 0.100463 0.016927
0 0.763194 0.261328 0.040278 0.040885
0 0.536343 0.586849 0.040278 0.040885
0 0.547917 0.881120 0.035648 0.046094
0 0.878472 0.880469 0.085648 0.018750
0 0.539815 0.562760 0.084259 0.018750
0 0.735417 0.680599 0.105093 0.014844
0 0.635880 0.512630 0.026389 0.059115
0 0.330324 0.838151 0.035648 0.043490
0 0.175231 0.260026 0.068056 0.022656
0 0.621991 0.758724 0.100463 0.014844
0 0.513194 0.308203 0.021759 0.066927
0 0.733102 0.607682 0.035648 0.040885
0 0.482639 0.425391 0.071759 0.020052
0 0.135417 0.599870 0.034722 0.040885
0 0.059028 0.655208 0.085648 0.016146
0 0.159028 0.144141 0.091204 0.014844
0 0.573380 0.098568 0.077315 0.017448
0 0.656713 0.845964 0.031019 0.043490
0 0.290972 0.744401 0.031019 0.043490
0 0.538657 0.830078 0.035648 0.037760
0 0.216435 0.543620 0.113426 0.011719
0 0.336111 0.547786 0.065741 0.020052
0 0.661343 0.460547 0.105093 0.012240
0 0.307176 0.711849 0.035648 0.035677
0 0.682176 0.564714 0.072685 0.017448
0 0.534028 0.853776 0.072685 0.017448
0 0.427083 0.521745 0.062500 0.020052
0 0.487731 0.143490 0.091204 0.013542
0 0.545602 0.253516 0.021759 0.056510
0 0.648611 0.233333 0.033333 0.036979
0 0.463426 0.372005 0.098148 0.012240
0 0.690278 0.602214 0.061111 0.019531
0 0.656713 0.122005 0.068056 0.017448
0 0.480787 0.233984 0.031019 0.038281
0 0.932176 0.179297 0.035648 0.033073
0 0.123148 0.625911 0.028704 0.040885
0 0.288657 0.392839 0.026389 0.043490
0 0.797917 0.525000 0.026389 0.042188
0 0.216898 0.664714 0.021759 0.050781
0 0.501620 0.836849 0.026389 0.040885
0 0.591435 0.248307 0.030093 0.035677
0 0.617361 0.211589 0.026389 0.040365
0 0.809491 0.521094 0.031019 0.034375
0 0.744213 0.806901 0.085648 0.012240
0 0.471528 0.658464 0.031019 0.033073
0 0.707639 0.918620 0.086574 0.011719
0 0.420602 0.105078 0.068056 0.014844
0 0.374306 0.831641 0.021759 0.046094
0 0.239583 0.438411 0.067130 0.014844
0 0.184028 0.301693 0.030093 0.033073
0 0.742361 0.521745 0.017130 0.056510
0 0.493056 0.881120 0.064815 0.014844
0 0.545139 0.664714 0.020833 0.045573
0 0.675231 0.648047 0.077315 0.012240
0 0.550231 0.132422 0.077315 0.012240
0 0.566435 0.288672 0.054167 0.017448
0 0.059491 0.329036 0.031019 0.030469
0 0.307176 0.263932 0.026389 0.035677
0 0.483102 0.842057 0.026389 0.035677
0 0.519676 0.812109 0.053241 0.017448
0 0.458796 0.473568 0.075000 0.012240
0 0.165509 0.784766 0.030093 0.030469
0 0.564583 0.356120 0.076389 0.011719
0 0.446065 0.536068 0.072685 0.012240
0 0.587269 0.704036 0.021759 0.040885
0 0.376620 0.148047 0.072685 0.012240
0 0.638194 0.539974 0.021759 0.040885
0 0.411343 0.404297 0.095833 0.009115
0 0.316435 0.624609 0.026389 0.033073
0 0.742361 0.866536 0.026389 0.032552
0 0.186806 0.744141 0.026389 0.032552
0 0.471528 0.992448 0.058796 0.013542
0 0.515046 0.778255 0.016204 0.048698
0 0.256250 0.117448 0.026389 0.029167
0 0.353009 0.135026 0.062500 0.012240
0 0.374306 0.683203 0.077315 0.009635
0 0.564120 0.787370 0.077315 0.009635
0 0.260880 0.317057 0.017130 0.042969
0 0.839583 0.452734 0.026389 0.027865
0 0.874306 0.826432 0.049537 0.014844
0 0.040972 0.187109 0.058796 0.012240
0 0.388194 0.137630 0.058796 0.012240
0 0.696759 0.092057 0.074074 0.009635
0 0.603472 0.451432 0.072685 0.009635
0 0.199537 0.661719 0.024074 0.029167
0 0.779398 0.204687 0.026389 0.026562
0 0.571065 0.177734 0.072685 0.009115
0 0.112731 0.477474 0.026389 0.025260
0 0.753935 0.300391 0.021759 0.030469
0 0.351157 0.170182 0.068056 0.009635
0 0.362731 0.816016 0.017130 0.035677
0 0.274769 0.566016 0.063426 0.009635
0 0.677083 0.586849 0.062500 0.009635
0 0.347685 0.099870 0.061111 0.009635
0 0.223380 0.214453 0.016204 0.035677
0 0.615046 0.776953 0.058796 0.009635
0 0.749306 0.157161 0.058796 0.009635
0 0.103472 0.347266 0.017130 0.030469
0 0.089583 0.336198 0.017130 0.029167
0 0.214583 0.333984 0.054167 0.009115
0 0.421759 0.681901 0.014815 0.033073
0 0.321065 0.113932 0.063426 0.006510
