0 0.072222 0.873307 0.093519 0.087760
0 0.191435 0.745703 0.054167 0.082552
0 0.214583 0.789974 0.054167 0.072135
0 0.612269 0.923828 0.118056 0.032552
0 0.887037 0.375911 0.056481 0.066927
0 0.216898 0.698828 0.105093 0.035677
0 0.214120 0.674089 0.043981 0.069531
0 0.931713 0.810807 0.043981 0.056510
0 0.853472 0.526953 0.118981 0.020052
0 0.846528 0.134375 0.049537 0.047396
0 0.204861 0.150651 0.081019 0.027865
0 0.911343 0.681250 0.040278 0.055208
0 0.466435 0.794531 0.048611 0.044792
0 0.218750 0.733984 0.043981 0.048698
0 0.638194 0.839453 0.105093 0.020052
0 0.052546 0.829036 0.081944 0.025260
0 0.603472 0.493099 0.044907 0.046094
0 0.358102 0.843359 0.091204 0.022656
0 0.448380 0.454688 0.077315 0.026562
0 0.429861 0.737630 0.040278 0.050781
0 0.193750 0.262630 0.040278 0.048698
0 0.677546 0.400391 0.044907 0.042969
0 0.429861 0.566016 0.095833 0.020052
0 0.260880 0.822266 0.035648 0.053385
0 0.890509 0.924089 0.081944 0.022656
0 0.376620 0.598568 0.081944 0.022656
0 0.098843 0.521745 0.035648 0.051302
0 0.413657 0.280859 0.100463 0.017448
0 0.470370 0.516536 0.037963 0.046094
0 0.084954 0.729427 0.091204 0.018750
0 0.746991 0.169271 0.072685 0.023438
0 0.778935 0.804297 0.034722 0.048698
0 0.719213 0.665365 0.026389 0.062500
0 0.853472 0.752214 0.072685 0.022656
0 0.777083 0.558203 0.040278 0.040885
0 0.584954 0.229818 0.035648 0.045573
0 0.830324 0.107422 0.081944 0.019531
0 0.730787 0.396094 0.040278 0.039583
0 0.693287 0.267839 0.067130 0.022656
0 0.031713 0.744401 0.031019 0.048698
0 0.746991 0.368750 0.035648 0.042188
0 0.159028 0.870703 0.026389 0.056510
0 0.149769 0.779557 0.100463 0.014844
0 0.142824 0.522396 0.040278 0.036979
0 0.429861 0.230469 0.040278 0.036458
0 0.594213 0.868099 0.072685 0.020052
0 0.827546 0.691406 0.039352 0.036458
0 0.962269 0.261328 0.031019 0.046094
0 0.207639 0.917578 0.031019 0.046094
0 0.767824 0.659766 0.031019 0.046094
0 0.596528 0.730078 0.031019 0.046094
0 0.110417 0.709245 0.031019 0.046094
0 0.610417 0.461849 0.095833 0.014844
0 0.790509 0.313411 0.039352 0.035677
0 0.659028 0.735286 0.026389 0.051302
0 0.535185 0.542578 0.037963 0.035677
0 0.378935 0.116797 0.077315 0.017448
0 0.809491 0.862891 0.021759 0.061719
0 0.059491 0.179297 0.077315 0.017448
0 0.263194 0.655859 0.031019 0.043490
0 0.519676 0.602474 0.025463 0.051302
0 0.073380 0.536719 0.095833 0.013542
0 0.094213 0.470964 0.026389 0.048698
0 0.149769 0.248307 0.035648 0.035677
0 0.834954 0.477474 0.035648 0.035677
0 0.066435 0.136328 0.063426 0.020052
0 0.755787 0.843359 0.071759 0.017448
0 0.846528 0.917839 0.031019 0.040365
0 0.133565 0.644792 0.077315 0.016146
0 0.179398 0.801693 0.020833 0.059115
0 0.846528 0.558203 0.021759 0.056510
0 0.672917 0.340755 0.100463 0.012240
0 0.260880 0.155599 0.072685 0.016927
0 0.357639 0.494401 0.099537 0.012240
0 0.668287 0.292578 0.026389 0.046094
0 0.422917 0.800391 0.026389 0.046094
0 0.546296 0.787370 0.060185 0.020052
0 0.015509 0.847005 0.026389 0.045573
0 0.046759 0.754557 0.070370 0.016927
0 0.832639 0.812109 0.068056 0.017448
0 0.642824 0.148047 0.068056 0.017448
0 0.328009 0.511328 0.058796 0.020052
0 0.406713 0.653255 0.021759 0.053906
0 0.700694 0.116797 0.035648 0.033073
0 0.870833 0.775651 0.024074 0.048698
0 0.292130 0.445964 0.033333 0.035156
0 0.619213 0.625911 0.057870 0.020052
0 0.344907 0.106380 0.064815 0.017448
0 0.383565 0.677995 0.031019 0.035677
0 0.022454 0.409766 0.031019 0.035677
0 0.452546 0.772135 0.030093 0.036458
0 0.353472 0.761328 0.026389 0.040885
0 0.896296 0.275651 0.061111 0.017448
0 0.207639 0.345964 0.021759 0.048698
0 0.934491 0.694922 0.021759 0.048698
0 0.429861 0.825130 0.086574 0.012240
0 0.012731 0.465755 0.020833 0.048698
0 0.619676 0.441016 0.068056 0.014844
0 0.920602 0.201432 0.068056 0.014844
0 0.443750 0.441016 0.068056 0.014844
0 0.941435 0.306901 0.026389 0.038281
0 0.756250 0.942318 0.081944 0.012240
0 0.138194 0.267578 0.058796 0.016927
0 0.365046 0.740234 0.021759 0.045573
0 0.746991 0.129557 0.081944 0.011719
0 0.536343 0.663672 0.077315 0.012240
0 0.415972 0.424089 0.077315 0.012240
0 0.466898 0.546484 0.077315 0.012240
0 0.355787 0.124609 0.077315 0.012240
0 0.207639 0.519141 0.031019 0.030469
0 0.575694 0.797786 0.063426 0.014844
0 0.233102 0.675391 0.026389 0.035677
0 0.948380 0.743099 0.021759 0.040885
0 0.828009 0.438411 0.021759 0.040885
0 0.235417 0.563411 0.021759 0.040885
0 0.728472 0.142839 0.072685 0.012240
0 0.578009 0.691016 0.021759 0.040885
0 0.194444 0.851172 0.050926 0.017448
0 0.374306 0.563151 0.021759 0.040365
0 0.383565 0.250911 0.058796 0.014844
0 0.325694 0.736589 0.026389 0.033073
0 0.804398 0.628516 0.020833 0.040885
0 0.957176 0.422526 0.020833 0.040365
0 0.212269 0.589453 0.086574 0.009635
0 0.466898 0.188411 0.086574 0.009635
0 0.170602 0.119401 0.021759 0.038281
0 0.721528 0.900651 0.068056 0.012240
0 0.868519 0.733984 0.065741 0.012240
0 0.765509 0.344661 0.054167 0.014844
0 0.515046 0.425391 0.053241 0.014844
0 0.228472 0.313151 0.026389 0.029948
0 0.971528 0.615495 0.021759 0.035677
0 0.057176 0.307552 0.026389 0.029167
0 0.815972 0.357682 0.016204 0.046094
0 0.043287 0.418880 0.017130 0.043490
0 0.494676 0.834245 0.049537 0.014844
0 0.876620 0.304297 0.026389 0.027865
0 0.179861 0.228776 0.058796 0.012240
0 0.630787 0.723568 0.016204 0.043490
0 0.600694 0.518229 0.020833 0.033854
0 0.279398 0.631120 0.072685 0.009635
0 0.311806 0.826432 0.017130 0.040885
0 0.025926 0.485286 0.019444 0.035677
0 0.561806 0.761068 0.017130 0.040365
0 0.053704 0.150651 0.056481 0.012240
0 0.653241 0.791276 0.024074 0.027865
0 0.727315 0.882422 0.024074 0.027865
0 0.878935 0.204036 0.021759 0.030469
0 0.027083 0.222266 0.021759 0.030469
0 0.851157 0.188411 0.021759 0.030469
0 0.084954 0.822526 0.017130 0.038281
0 0.436343 0.430339 0.071759 0.009115
0 0.344213 0.420182 0.063426 0.009635
0 0.844213 0.839453 0.017130 0.035677
0 0.121991 0.151953 0.017130 0.035677
0 0.682176 0.677734 0.017130 0.035156
0 0.049769 0.168880 0.048611 0.012240
0 0.839120 0.305339 0.062500 0.009115
0 0.839583 0.676693 0.017130 0.033073
0 0.821065 0.197526 0.017130 0.032031
0 0.149769 0.799089 0.044907 0.012240
0 0.902083 0.300130 0.058796 0.009115
0 0.165972 0.602214 0.058796 0.009115
0 0.825694 0.498307 0.017130 0.030469
0 0.177546 0.454036 0.017130 0.030469
0 0.311806 0.254818 0.072685 0.007031
0 0.843750 0.102474 0.053241 0.009635
0 0.260880 0.722005 0.017130 0.029948
0 0.392824 0.351172 0.012500 0.038281
0 0.640509 0.872005 0.017130 0.027865
0 0.175231 0.480078 0.012500 0.035677
0 0.068287 0.469661 0.011574 0.035677
0 0.042824 0.386328 0.016204 0.025260
0 0.568750 0.356380 0.012500 0.027865
0 0.197917 0.299089 0.011574 0.027865
