0 0.100000 0.982031 0.195370 0.034375
0 0.378935 0.188411 0.132870 0.040885
0 0.076389 0.461849 0.074074 0.072135
0 0.559491 0.743099 0.068056 0.066927
0 0.091898 0.843359 0.049537 0.079948
0 0.478472 0.421484 0.063426 0.059115
0 0.383565 0.351172 0.040278 0.069531
0 0.841898 0.327734 0.049537 0.048698
0 0.777083 0.334896 0.040278 0.057813
0 0.596528 0.805599 0.049537 0.046094
0 0.286343 0.235286 0.086574 0.025260
0 0.288657 0.582943 0.044907 0.048698
0 0.459491 0.273047 0.043981 0.048698
0 0.115046 0.274349 0.040278 0.051302
0 0.643519 0.326432 0.078704 0.025260
0 0.407870 0.779297 0.042593 0.045573
0 0.112731 0.619141 0.044907 0.042969
0 0.200694 0.502214 0.035648 0.053906
0 0.476157 0.214193 0.077315 0.024740
0 0.142824 0.110286 0.040278 0.046094
0 0.584954 0.148047 0.081944 0.022656
0 0.200694 0.267839 0.100463 0.017448
0 0.128935 0.371745 0.040278 0.042969
0 0.545602 0.397786 0.040278 0.042969
0 0.350000 0.747005 0.075000 0.022656
0 0.756250 0.106380 0.072685 0.022656
0 0.242361 0.345703 0.072685 0.022135
0 0.050231 0.201432 0.077315 0.020052
0 0.740046 0.201432 0.077315 0.020052
0 0.304861 0.829036 0.077315 0.020052
0 0.865046 0.127214 0.068056 0.022656
0 0.429861 0.166276 0.086574 0.017448
0 0.575694 0.413021 0.035648 0.042188
0 0.466435 0.804297 0.085648 0.017448
0 0.108102 0.144141 0.100463 0.014844
0 0.873148 0.077734 0.084259 0.017448
0 0.341898 0.126302 0.040278 0.036458
0 0.281250 0.426693 0.030093 0.048698
0 0.029398 0.159766 0.035648 0.040885
0 0.823380 0.388932 0.031019 0.046094
0 0.374306 0.396484 0.031019 0.045573
0 0.938657 0.342448 0.020833 0.065104
0 0.209954 0.187109 0.035648 0.038281
0 0.846528 0.494401 0.031019 0.043490
0 0.679861 0.392839 0.031019 0.043490
0 0.885417 0.361589 0.034722 0.038281
0 0.656713 0.787370 0.031019 0.040885
0 0.619213 0.399349 0.030093 0.040885
0 0.279398 0.173828 0.072685 0.016927
0 0.858102 0.211849 0.081944 0.014844
0 0.355787 0.872005 0.031019 0.038281
0 0.179861 0.080339 0.068056 0.017448
0 0.473843 0.598307 0.035648 0.032552
0 0.899769 0.455339 0.026389 0.043490
0 0.441435 0.322526 0.026389 0.043490
0 0.184028 0.873047 0.057870 0.019531
0 0.656713 0.172786 0.021759 0.051302
0 0.138194 0.513932 0.021759 0.051302
0 0.274769 0.520443 0.091204 0.012240
0 0.370833 0.414974 0.024074 0.046094
0 0.406713 0.131120 0.031019 0.035677
0 0.186806 0.386328 0.026389 0.040885
0 0.478472 0.469661 0.026389 0.040885
0 0.853472 0.276953 0.072685 0.014844
0 0.142361 0.742448 0.020833 0.050000
0 0.191435 0.901693 0.072685 0.014323
0 0.650463 0.294531 0.055556 0.018750
0 0.295602 0.141927 0.021759 0.046875
0 0.411343 0.501953 0.058796 0.016927
0 0.531713 0.195964 0.068056 0.014323
0 0.290972 0.089193 0.068056 0.014323
0 0.381250 0.249609 0.054167 0.017448
0 0.781713 0.276953 0.031019 0.030469
0 0.105787 0.336849 0.031019 0.030469
0 0.464583 0.740495 0.026389 0.035677
0 0.686806 0.524349 0.026389 0.035677
0 0.506944 0.149089 0.064815 0.014323
0 0.528935 0.786068 0.053241 0.017448
0 0.302083 0.477474 0.062500 0.014844
0 0.741898 0.865495 0.025463 0.035677
0 0.348843 0.161068 0.072685 0.012240
0 0.656713 0.365234 0.021759 0.040365
0 0.797917 0.369401 0.026389 0.033073
0 0.237731 0.496745 0.026389 0.032552
0 0.793287 0.111589 0.017130 0.048698
0 0.344213 0.332943 0.017130 0.048698
0 0.562963 0.550391 0.056481 0.014844
0 0.807176 0.297786 0.026389 0.030469
0 0.191435 0.355078 0.026389 0.030469
0 0.341898 0.793620 0.068056 0.011719
0 0.511574 0.343359 0.064815 0.012240
0 0.936806 0.422786 0.017130 0.046094
0 0.246528 0.321224 0.053241 0.014844
0 0.725694 0.817057 0.067130 0.011719
0 0.795602 0.836849 0.021759 0.035677
0 0.878935 0.385677 0.021759 0.034375
0 0.147454 0.128516 0.077315 0.009635
0 0.124306 0.580339 0.058796 0.012240
0 0.184491 0.406901 0.049537 0.014323
0 0.219213 0.399349 0.017130 0.040885
0 0.642361 0.253255 0.076389 0.009115
0 0.422917 0.118750 0.026389 0.026562
0 0.404398 0.785417 0.026389 0.026562
0 0.459954 0.477214 0.017130 0.040365
0 0.802546 0.154557 0.026389 0.025260
0 0.080324 0.599870 0.026389 0.025260
0 0.844213 0.251953 0.017130 0.037760
0 0.121991 0.728125 0.017130 0.036979
0 0.748843 0.477474 0.020833 0.030469
0 0.774769 0.894141 0.063426 0.009635
0 0.216898 0.843359 0.049537 0.012240
0 0.406713 0.818620 0.058796 0.009635
0 0.443750 0.191016 0.058796 0.009635
0 0.108102 0.696224 0.017130 0.030469
0 0.330324 0.235286 0.017130 0.030469
0 0.214583 0.287109 0.017130 0.029948
0 0.258565 0.461849 0.049537 0.009635
0 0.226157 0.599870 0.012500 0.035677
0 0.446065 0.602474 0.017130 0.025260
0 0.902083 0.142839 0.012500 0.033073
0 0.187500 0.004167 0.027778 0.005729
