0 0.365046 0.860286 0.086574 0.108594
0 0.540972 0.618099 0.225463 0.040885
0 0.215741 0.170182 0.158333 0.051302
0 0.865741 0.241536 0.060185 0.105469
0 0.095370 0.983333 0.186111 0.031771
0 0.319444 0.512630 0.134259 0.033073
0 0.920602 0.455078 0.142130 0.027344
0 0.594213 0.101823 0.109722 0.034375
0 0.765509 0.877214 0.109722 0.033073
0 0.892824 0.161068 0.058796 0.059115
0 0.969213 0.181250 0.054167 0.063021
0 0.105787 0.683203 0.058796 0.056510
0 0.337269 0.218359 0.095833 0.033073
0 0.828009 0.543880 0.040278 0.069531
0 0.487731 0.407161 0.054167 0.051302
0 0.505787 0.343359 0.118056 0.022656
0 0.237269 0.705339 0.090278 0.027865
0 0.315278 0.542578 0.098148 0.025260
0 0.276620 0.843359 0.085648 0.027865
0 0.853472 0.124609 0.100463 0.022656
0 0.191435 0.286068 0.128241 0.017448
0 0.434491 0.171224 0.031019 0.069010
0 0.975000 0.130208 0.047222 0.044271
0 0.210648 0.636068 0.092593 0.019531
0 0.854630 0.401693 0.121296 0.014323
0 0.983102 0.312109 0.026389 0.053906
0 0.492361 0.379557 0.026389 0.053385
0 0.034028 0.560807 0.026389 0.051302
0 0.402083 0.555599 0.021759 0.061719
0 0.878935 0.158464 0.031019 0.043490
0 0.875463 0.194922 0.070370 0.017448
0 0.959954 0.168620 0.026389 0.042969
0 0.793287 0.186458 0.026389 0.042188
0 0.781713 0.425391 0.068056 0.014844
0 0.913657 0.227474 0.100463 0.009635
0 0.216898 0.209245 0.021759 0.040885
0 0.381250 0.146745 0.017130 0.051302
0 0.832639 0.388672 0.095833 0.009115
0 0.080324 0.324870 0.017130 0.048177
0 0.392824 0.885026 0.058796 0.012240
0 0.760880 0.145182 0.017130 0.037760
0 0.230787 0.509766 0.021759 0.027344
0 0.284028 0.516276 0.063426 0.009115
0 0.839120 0.853776 0.053241 0.007031
