0 0.719213 0.396745 0.081944 0.087760
0 0.096065 0.982031 0.187500 0.034375
0 0.358102 0.809505 0.072685 0.074740
0 0.395139 0.218359 0.165278 0.027865
0 0.778935 0.823828 0.062500 0.066927
0 0.921759 0.185807 0.153704 0.025260
0 0.858102 0.585547 0.054167 0.069531
0 0.225000 0.542578 0.102778 0.035677
0 0.392824 0.757422 0.105093 0.033073
0 0.128472 0.164062 0.057870 0.059896
0 0.568287 0.224609 0.113426 0.029948
0 0.520139 0.775651 0.044907 0.074740
0 0.635417 0.832943 0.118056 0.027865
0 0.786343 0.701172 0.040278 0.076823
0 0.863889 0.715755 0.047222 0.059115
0 0.339583 0.537370 0.091204 0.030469
0 0.730324 0.605078 0.048611 0.056510
0 0.402083 0.565365 0.049537 0.055208
0 0.825694 0.801693 0.035648 0.059115
0 0.427546 0.598568 0.035648 0.059115
0 0.672917 0.758073 0.026389 0.076042
0 0.494676 0.120703 0.095833 0.020052
0 0.705324 0.737891 0.026389 0.072135
0 0.485417 0.604427 0.031019 0.060417
0 0.235417 0.726823 0.077315 0.023958
0 0.353472 0.124609 0.035648 0.043490
0 0.175231 0.526693 0.031019 0.045573
0 0.675231 0.708984 0.021759 0.055990
0 0.767824 0.240495 0.031019 0.035677
0 0.559028 0.082292 0.094907 0.010937
0 0.988889 0.375911 0.019444 0.051302
0 0.760880 0.773047 0.017130 0.053906
0 0.816435 0.586849 0.017130 0.046094
0 0.972685 0.089453 0.051852 0.014844
0 0.512500 0.245443 0.041667 0.014323
0 0.260880 0.375911 0.017130 0.030469
0 0.380093 0.371354 0.014815 0.031771
