0 0.309491 0.546484 0.105093 0.100781
0 0.540509 0.619401 0.215278 0.048698
0 0.165972 0.476172 0.160648 0.053906
0 0.853472 0.594401 0.081944 0.087240
0 0.223380 0.892839 0.136574 0.043490
0 0.932176 0.840755 0.109722 0.038281
0 0.140509 0.683203 0.044907 0.092969
0 0.294444 0.422526 0.112037 0.035156
0 0.385880 0.813411 0.109722 0.035677
0 0.510880 0.775651 0.044907 0.074740
0 0.029398 0.806901 0.054167 0.059115
0 0.308333 0.524349 0.102778 0.030469
0 0.940278 0.448828 0.116667 0.025260
0 0.138194 0.464453 0.105093 0.025260
0 0.177083 0.395443 0.043981 0.059115
0 0.957176 0.313151 0.048611 0.050781
0 0.315972 0.724870 0.108796 0.020052
0 0.837269 0.424089 0.095833 0.022656
0 0.204167 0.433203 0.107407 0.020052
0 0.665972 0.904557 0.105093 0.020052
0 0.598843 0.097266 0.044907 0.046094
0 0.858102 0.907161 0.128241 0.014844
0 0.933333 0.387630 0.084259 0.022656
0 0.457639 0.093359 0.077315 0.022656
0 0.977315 0.328776 0.042593 0.040365
0 0.360417 0.846615 0.123611 0.013542
0 0.221528 0.074479 0.095833 0.016146
0 0.544444 0.857682 0.102778 0.014844
0 0.066435 0.550391 0.026389 0.056510
0 0.138194 0.162109 0.021759 0.055990
0 0.251620 0.888672 0.081944 0.014323
0 0.934491 0.056250 0.031019 0.036979
0 0.288657 0.491797 0.091204 0.012240
0 0.272454 0.444922 0.086574 0.012240
0 0.448380 0.049089 0.058796 0.017448
0 0.419444 0.140234 0.075000 0.012240
0 0.755787 0.434505 0.016204 0.053906
0 0.066435 0.093099 0.026389 0.032552
0 0.346065 0.163672 0.030093 0.027865
0 0.103009 0.097266 0.053241 0.014844
0 0.480324 0.927995 0.048611 0.009635
0 0.098843 0.993099 0.044907 0.009635
0 0.993519 0.352474 0.010185 0.035677
