0 0.656250 0.636719 0.067130 0.072917
0 0.723843 0.469661 0.054167 0.072135
0 0.381250 0.421484 0.054167 0.069531
0 0.550231 0.503516 0.040278 0.082552
0 0.788657 0.382422 0.100463 0.033073
0 0.552546 0.418880 0.118981 0.027865
0 0.920602 0.874609 0.142130 0.022656
0 0.589583 0.834896 0.054167 0.057813
0 0.612731 0.495703 0.054167 0.056510
0 0.638194 0.595313 0.095833 0.031771
0 0.583796 0.784766 0.098148 0.030469
0 0.459954 0.470703 0.054167 0.053385
0 0.753935 0.403906 0.040278 0.070833
0 0.584954 0.299479 0.081944 0.028646
0 0.928704 0.280208 0.139815 0.016146
0 0.300231 0.114193 0.040278 0.048698
0 0.226157 0.433203 0.077315 0.025260
0 0.258102 0.459245 0.094907 0.020052
0 0.726157 0.552995 0.040278 0.046094
0 0.190278 0.426693 0.033333 0.053906
0 0.672454 0.625911 0.034722 0.051302
0 0.304861 0.485286 0.086574 0.020052
0 0.126620 0.465755 0.035648 0.048698
0 0.809491 0.653255 0.031019 0.053906
0 0.691435 0.386068 0.035648 0.045573
0 0.644676 0.861589 0.071759 0.022656
0 0.890509 0.010026 0.091204 0.017448
0 0.959954 0.556901 0.026389 0.053906
0 0.638194 0.213151 0.077315 0.017448
0 0.774769 0.361328 0.100463 0.011719
0 0.494676 0.151953 0.077315 0.014844
0 0.080324 0.322526 0.026389 0.043490
0 0.374306 0.658203 0.095833 0.011719
0 0.520139 0.174089 0.091204 0.012240
0 0.463426 0.662370 0.070370 0.014844
0 0.168287 0.255859 0.026389 0.029948
0 0.321065 0.057943 0.081944 0.009115
0 0.251620 0.299089 0.054167 0.012240
0 0.991204 0.544531 0.014815 0.036979
0 0.409028 0.641536 0.054167 0.009635
0 0.098843 0.993099 0.044907 0.009635
