0 0.536343 0.616797 0.234722 0.048698
0 0.851157 0.304948 0.179167 0.044792
0 0.487731 0.830990 0.128241 0.039583
0 0.816435 0.430599 0.063426 0.077344
0 0.216898 0.250911 0.068056 0.066927
0 0.816435 0.506120 0.109722 0.035677
0 0.779398 0.378516 0.128241 0.025260
0 0.721528 0.103776 0.114352 0.027865
0 0.955324 0.608984 0.044907 0.069531
0 0.390509 0.201432 0.044907 0.066927
0 0.768981 0.291276 0.162963 0.017448
0 0.297917 0.202083 0.054167 0.052604
0 0.851157 0.132422 0.049537 0.053906
0 0.216898 0.830339 0.086574 0.027865
0 0.956481 0.523047 0.084259 0.027865
0 0.876620 0.822917 0.035648 0.065104
0 0.270139 0.292318 0.091204 0.024740
0 0.883565 0.233984 0.095833 0.022656
0 0.895139 0.456641 0.026389 0.077344
0 0.853472 0.342057 0.035648 0.056510
0 0.108102 0.753516 0.026389 0.072135
0 0.117361 0.136328 0.026389 0.072135
0 0.922917 0.206641 0.072685 0.025260
0 0.927546 0.145182 0.035648 0.048177
0 0.552546 0.079687 0.035648 0.047396
0 0.263194 0.455339 0.031019 0.053906
0 0.936806 0.112891 0.081944 0.020052
0 0.719213 0.433203 0.026389 0.061719
0 0.890509 0.010026 0.091204 0.017448
0 0.605787 0.336198 0.114352 0.013542
0 0.772454 0.223568 0.021759 0.069531
0 0.802546 0.263932 0.035648 0.040885
0 0.915972 0.095964 0.031019 0.043490
0 0.156713 0.142187 0.031019 0.042188
0 0.258565 0.700130 0.021759 0.059115
0 0.337269 0.730078 0.086574 0.014844
0 0.802546 0.188151 0.026389 0.045573
0 0.750463 0.583594 0.024074 0.044792
0 0.193750 0.403255 0.021759 0.048698
0 0.839583 0.231380 0.081944 0.012240
0 0.966204 0.131120 0.064815 0.014844
0 0.941435 0.503516 0.026389 0.035677
0 0.991204 0.271745 0.014815 0.051302
0 0.456481 0.459245 0.075000 0.009635
0 0.975000 0.107682 0.047222 0.014844
0 0.440741 0.720964 0.055556 0.012240
0 0.098843 0.991797 0.044907 0.012240
0 0.922917 0.931901 0.044907 0.012240
0 0.970370 0.094661 0.056481 0.009635
