0 0.064120 0.735286 0.068056 0.103385
0 0.267824 0.743099 0.132870 0.035677
0 0.929861 0.236589 0.068056 0.064323
0 0.800231 0.608984 0.114352 0.033073
0 0.045139 0.466146 0.057870 0.065104
0 0.723843 0.413672 0.109722 0.033073
0 0.552546 0.422786 0.118981 0.030469
0 0.054861 0.398047 0.105093 0.033073
0 0.918287 0.397786 0.044907 0.074219
0 0.263194 0.649349 0.049537 0.061719
0 0.381250 0.551693 0.109722 0.027865
0 0.656713 0.336849 0.049537 0.061719
0 0.133565 0.127214 0.105093 0.027865
0 0.189120 0.460547 0.105093 0.027865
0 0.746991 0.571224 0.109722 0.025260
0 0.388194 0.805599 0.105093 0.025260
0 0.825694 0.485286 0.044907 0.056510
0 0.600000 0.626563 0.093519 0.026562
0 0.516667 0.640885 0.102778 0.023958
0 0.832176 0.237891 0.039352 0.061719
0 0.809491 0.154557 0.095833 0.025260
0 0.295139 0.413672 0.085648 0.027865
0 0.572222 0.296484 0.047222 0.048698
0 0.848843 0.543880 0.081944 0.027865
0 0.742361 0.658203 0.081944 0.027344
0 0.567130 0.776953 0.111111 0.020052
0 0.191435 0.805599 0.109722 0.020052
0 0.182176 0.761328 0.044907 0.046094
0 0.626620 0.223568 0.091204 0.022656
0 0.709954 0.205339 0.091204 0.022656
0 0.804861 0.834245 0.040278 0.051302
0 0.793287 0.397786 0.044907 0.042969
0 0.697917 0.912370 0.094907 0.020052
0 0.619676 0.258464 0.095833 0.019531
0 0.230787 0.230078 0.123611 0.014844
0 0.670602 0.291276 0.031019 0.059115
0 0.712269 0.158464 0.105093 0.017448
0 0.459954 0.472266 0.072685 0.025260
0 0.510880 0.802995 0.044907 0.040885
0 0.172917 0.607682 0.035648 0.051302
0 0.034028 0.508724 0.035648 0.051302
0 0.905556 0.451172 0.093519 0.019531
0 0.083796 0.322526 0.033333 0.053906
0 0.214583 0.684505 0.100463 0.017448
0 0.862731 0.869401 0.100463 0.017448
0 0.867361 0.788672 0.026389 0.064323
0 0.253935 0.142187 0.040278 0.042188
0 0.071065 0.166276 0.072685 0.022656
0 0.450694 0.715755 0.072685 0.022656
0 0.459954 0.860286 0.035648 0.046094
0 0.203009 0.302995 0.077315 0.020052
0 0.193287 0.489193 0.067130 0.022656
0 0.897454 0.702734 0.031019 0.048698
0 0.466898 0.806250 0.031019 0.047396
0 0.626620 0.547786 0.072685 0.020052
0 0.061806 0.266536 0.072685 0.020052
0 0.260880 0.261328 0.072685 0.020052
0 0.283565 0.818620 0.025463 0.056510
0 0.934491 0.573828 0.031019 0.046094
0 0.367361 0.111589 0.081944 0.017448
0 0.897454 0.657161 0.031019 0.046094
0 0.807176 0.911068 0.026389 0.053906
0 0.496991 0.577474 0.063426 0.022135
0 0.117361 0.457943 0.035648 0.038281
0 0.496991 0.455339 0.035648 0.038281
0 0.355787 0.922786 0.068056 0.020052
0 0.116204 0.883724 0.033333 0.040885
0 0.552546 0.467708 0.063426 0.021354
0 0.221528 0.379818 0.031019 0.043490
0 0.274769 0.253255 0.091204 0.014323
0 0.193750 0.377214 0.021759 0.059115
0 0.841898 0.580339 0.021759 0.059115
0 0.786343 0.345964 0.021759 0.059115
0 0.802546 0.319922 0.026389 0.048698
0 0.311806 0.869401 0.026389 0.048698
0 0.908565 0.819271 0.034722 0.036979
0 0.788657 0.472266 0.035648 0.035677
0 0.913657 0.761328 0.035648 0.035677
0 0.131250 0.360286 0.035648 0.035677
0 0.040972 0.576432 0.031019 0.040885
0 0.571065 0.168880 0.072685 0.017448
0 0.751157 0.245703 0.062500 0.020052
0 0.503935 0.162109 0.031019 0.040365
0 0.832639 0.401693 0.086574 0.014323
0 0.736574 0.513932 0.061111 0.020052
0 0.238194 0.181901 0.099537 0.012240
0 0.043287 0.787370 0.026389 0.046094
0 0.061806 0.375911 0.026389 0.046094
0 0.149769 0.146745 0.081944 0.014844
0 0.540509 0.514583 0.020833 0.057813
0 0.529398 0.245443 0.026389 0.045573
0 0.531713 0.288672 0.068056 0.017448
0 0.615046 0.241797 0.095833 0.012240
0 0.483102 0.564714 0.035648 0.033073
0 0.557176 0.726172 0.035648 0.033073
0 0.390509 0.142839 0.035648 0.033073
0 0.256250 0.838151 0.026389 0.043490
0 0.807176 0.518490 0.081944 0.013542
0 0.596528 0.800391 0.031019 0.035677
0 0.436806 0.741797 0.063426 0.017448
0 0.913657 0.711849 0.026389 0.040885
0 0.662500 0.696224 0.070370 0.014844
0 0.031713 0.733333 0.021759 0.047396
0 0.758565 0.481380 0.031019 0.033073
0 0.763194 0.314714 0.031019 0.033073
0 0.309491 0.404557 0.068056 0.014844
0 0.721528 0.639974 0.031019 0.032552
0 0.367361 0.530859 0.081944 0.012240
0 0.929861 0.654557 0.021759 0.046094
0 0.468750 0.892839 0.081019 0.012240
0 0.465741 0.231380 0.079630 0.012240
0 0.105787 0.326823 0.031019 0.031250
0 0.119213 0.313411 0.020833 0.046094
0 0.360417 0.163672 0.021759 0.043490
0 0.358102 0.589453 0.026389 0.035677
0 0.163657 0.534766 0.026389 0.035677
0 0.069444 0.814453 0.078704 0.011719
0 0.077546 0.601172 0.020833 0.043490
0 0.098843 0.375260 0.026389 0.034375
0 0.899769 0.457943 0.072685 0.012240
0 0.878935 0.344661 0.021759 0.040885
0 0.800231 0.766276 0.021759 0.040365
0 0.442593 0.558203 0.028704 0.030469
0 0.068750 0.536068 0.068056 0.012240
0 0.865046 0.720964 0.021759 0.038281
0 0.850694 0.135026 0.067130 0.012240
0 0.309028 0.111589 0.067130 0.012240
0 0.462269 0.525391 0.021759 0.037760
0 0.186806 0.789974 0.081944 0.009635
0 0.529861 0.219661 0.053241 0.014844
0 0.753935 0.222266 0.021759 0.035677
0 0.473843 0.207943 0.063426 0.012240
0 0.219213 0.476172 0.063426 0.012240
0 0.918287 0.331380 0.054167 0.014323
0 0.543287 0.367839 0.081944 0.009115
0 0.709954 0.335547 0.017130 0.043490
0 0.074537 0.252214 0.061111 0.012240
0 0.395139 0.330339 0.026389 0.027865
0 0.471065 0.493099 0.048611 0.014844
0 0.698380 0.226172 0.058796 0.012240
0 0.633565 0.384766 0.021759 0.032552
0 0.078009 0.207682 0.021759 0.032552
0 0.950694 0.414974 0.017130 0.040885
0 0.021991 0.361328 0.020833 0.032552
0 0.684491 0.586849 0.021759 0.030469
0 0.598843 0.486589 0.017130 0.038281
0 0.325694 0.270443 0.017130 0.038281
0 0.528935 0.179297 0.016204 0.038281
0 0.536343 0.909505 0.068056 0.009115
0 0.848843 0.347266 0.017130 0.035677
0 0.770833 0.381771 0.055556 0.010937
0 0.087269 0.788672 0.049537 0.012240
0 0.741898 0.581641 0.062500 0.009635
0 0.112731 0.396484 0.017130 0.035156
0 0.517824 0.327474 0.021759 0.027344
0 0.909028 0.617839 0.063426 0.009115
0 0.680556 0.707943 0.041667 0.012240
0 0.583333 0.763932 0.050926 0.009635
0 0.948380 0.770443 0.012500 0.038281
0 0.542824 0.744141 0.016204 0.027344
0 0.189120 0.615495 0.040278 0.009635
