0 0.811806 0.593099 0.081944 0.074219
0 0.913194 0.254818 0.071759 0.069531
0 0.309028 0.696224 0.067130 0.072135
0 0.091898 0.200130 0.123611 0.038281
0 0.941435 0.187109 0.063426 0.069531
0 0.238889 0.890234 0.056481 0.074740
0 0.862269 0.417318 0.118056 0.035156
0 0.547454 0.308203 0.127315 0.030469
0 0.869676 0.348307 0.058796 0.063802
0 0.332639 0.856380 0.049537 0.069531
0 0.264352 0.526953 0.051852 0.061719
0 0.128935 0.676693 0.114352 0.027865
0 0.033565 0.446224 0.043981 0.072135
0 0.432176 0.623307 0.054167 0.056510
0 0.080324 0.713151 0.100463 0.027865
0 0.605324 0.530859 0.048611 0.053906
0 0.626620 0.853776 0.091204 0.027865
0 0.610417 0.334245 0.123611 0.020052
0 0.742361 0.866797 0.044907 0.053906
0 0.649769 0.779557 0.109722 0.020052
0 0.631250 0.118099 0.109722 0.020052
0 0.096528 0.550391 0.086574 0.025260
0 0.367361 0.751563 0.081944 0.026562
0 0.087269 0.775651 0.095833 0.022656
0 0.236574 0.448568 0.042593 0.050781
0 0.448380 0.933203 0.105093 0.020052
0 0.078009 0.652344 0.095833 0.020833
0 0.545139 0.184505 0.085648 0.022656
0 0.340741 0.482682 0.075000 0.025260
0 0.285880 0.927734 0.076389 0.024740
0 0.339583 0.811458 0.035648 0.052604
0 0.904398 0.532161 0.044907 0.040885
0 0.034028 0.227474 0.044907 0.040885
0 0.367361 0.651042 0.035648 0.049479
0 0.054861 0.275651 0.077315 0.022656
0 0.149769 0.747005 0.035648 0.048698
0 0.763194 0.788411 0.040278 0.042969
0 0.714583 0.625260 0.091204 0.018750
0 0.696065 0.921484 0.072685 0.022656
0 0.621991 0.586849 0.035648 0.046094
0 0.591898 0.800130 0.040278 0.040365
0 0.292130 0.762370 0.033333 0.048177
0 0.686806 0.237630 0.109722 0.014323
0 0.874306 0.237240 0.031019 0.050000
0 0.462269 0.642839 0.040278 0.038281
0 0.920602 0.653255 0.021759 0.069531
0 0.163657 0.443620 0.026389 0.056510
0 0.626620 0.474870 0.072685 0.020052
0 0.902083 0.896745 0.095833 0.014844
0 0.334954 0.920182 0.091204 0.014844
0 0.478472 0.795833 0.063426 0.021354
0 0.478472 0.527995 0.035648 0.037760
0 0.862731 0.905599 0.035648 0.037760
0 0.325231 0.702083 0.062500 0.021354
0 0.371528 0.301693 0.034722 0.038281
0 0.931713 0.335547 0.034722 0.038281
0 0.811343 0.823828 0.025463 0.051302
0 0.936806 0.238281 0.035648 0.036458
0 0.159028 0.343359 0.026389 0.048698
0 0.209954 0.532161 0.035648 0.035677
0 0.631250 0.900000 0.026389 0.047396
0 0.811806 0.646094 0.091204 0.013542
0 0.795139 0.300391 0.030093 0.040885
0 0.268519 0.901953 0.060185 0.020052
0 0.494676 0.684505 0.068056 0.017448
0 0.647454 0.749609 0.031019 0.038281
0 0.124306 0.342057 0.058796 0.020052
0 0.207639 0.631120 0.077315 0.014844
0 0.866898 0.184505 0.025463 0.043490
0 0.712269 0.274089 0.077315 0.014323
0 0.890509 0.430990 0.026389 0.041667
0 0.281713 0.185547 0.031019 0.035156
0 0.802546 0.349870 0.072685 0.014844
0 0.214583 0.821224 0.026389 0.040885
0 0.535880 0.573828 0.030093 0.035677
0 0.721065 0.443620 0.020833 0.051302
0 0.193750 0.142839 0.086574 0.012240
0 0.818750 0.413672 0.058796 0.017448
0 0.133565 0.228516 0.031019 0.032552
0 0.441435 0.840755 0.081944 0.012240
0 0.087269 0.446224 0.021759 0.046094
0 0.521296 0.132422 0.056481 0.017448
0 0.158565 0.382422 0.025463 0.038281
0 0.472222 0.419922 0.032407 0.029948
0 0.388194 0.720964 0.077315 0.012240
0 0.818750 0.614193 0.021759 0.043490
0 0.226157 0.569922 0.021759 0.043490
0 0.883565 0.482682 0.031019 0.030469
0 0.350694 0.911068 0.076389 0.012240
0 0.172917 0.248047 0.026389 0.035156
0 0.448380 0.344401 0.031019 0.029948
0 0.117361 0.893880 0.063426 0.014323
0 0.795602 0.123307 0.021759 0.040885
0 0.545602 0.537109 0.021759 0.040365
0 0.258565 0.615495 0.058796 0.014844
0 0.235417 0.730078 0.058796 0.014844
0 0.361574 0.559505 0.070370 0.012240
0 0.361574 0.584245 0.088889 0.009635
0 0.145139 0.450391 0.026389 0.032552
0 0.077546 0.524349 0.057870 0.014844
0 0.114583 0.844661 0.057870 0.014844
0 0.207176 0.655859 0.067130 0.012240
0 0.193287 0.163411 0.030093 0.027344
0 0.950694 0.360286 0.026389 0.030469
0 0.663657 0.711849 0.026389 0.030469
0 0.626620 0.266536 0.026389 0.030469
0 0.786343 0.871745 0.068056 0.011719
0 0.793287 0.818620 0.017130 0.046094
0 0.108102 0.292578 0.017130 0.046094
0 0.233102 0.508724 0.017130 0.046094
0 0.756713 0.180599 0.053241 0.014844
0 0.492361 0.504818 0.063426 0.012240
0 0.022454 0.571224 0.021759 0.035677
0 0.186806 0.498047 0.081944 0.009115
0 0.265509 0.739193 0.017130 0.043490
0 0.890509 0.517839 0.026389 0.027865
0 0.524306 0.271094 0.016204 0.044792
0 0.853472 0.696224 0.072685 0.009635
0 0.682176 0.579036 0.072685 0.009635
0 0.758565 0.745052 0.021759 0.030729
0 0.533565 0.534766 0.016204 0.040885
0 0.446065 0.773047 0.054167 0.012240
0 0.656713 0.357682 0.068056 0.009635
0 0.871528 0.142839 0.053241 0.012240
0 0.784028 0.523698 0.017130 0.036979
0 0.959491 0.856380 0.016204 0.038281
0 0.565972 0.523047 0.016204 0.038281
0 0.418287 0.685807 0.063426 0.009635
0 0.112731 0.112630 0.017130 0.035156
0 0.429861 0.556901 0.012500 0.043490
0 0.635417 0.195573 0.062500 0.008333
0 0.557176 0.120703 0.054167 0.009635
0 0.614583 0.222005 0.011574 0.040365
0 0.797917 0.854818 0.017130 0.024740
0 0.324537 0.475911 0.054630 0.006510
0 0.446065 0.417318 0.035648 0.009115
