0 0.237731 0.463151 0.063426 0.064323
0 0.473843 0.464453 0.118981 0.030469
0 0.661343 0.836849 0.058796 0.056510
0 0.603472 0.752214 0.118981 0.027865
0 0.693750 0.709245 0.105093 0.030469
0 0.160185 0.281250 0.102778 0.028646
0 0.684491 0.207682 0.049537 0.053385
0 0.223843 0.106380 0.091204 0.027865
0 0.572685 0.617188 0.106481 0.023438
0 0.716898 0.588151 0.049537 0.048698
0 0.772454 0.645443 0.049537 0.048698
0 0.441435 0.422786 0.118981 0.020052
0 0.355324 0.111589 0.085648 0.027865
0 0.589583 0.662370 0.091204 0.025260
0 0.594213 0.388932 0.044907 0.051302
0 0.731944 0.567318 0.042593 0.053906
0 0.267824 0.172786 0.040278 0.056510
0 0.357639 0.442318 0.081019 0.027865
0 0.157870 0.549089 0.098148 0.022656
0 0.175231 0.232031 0.049537 0.044792
0 0.699074 0.473568 0.097222 0.022656
0 0.546296 0.457943 0.097222 0.022656
0 0.462269 0.534766 0.086574 0.025260
0 0.564120 0.534766 0.086574 0.025260
0 0.647454 0.304297 0.040278 0.053906
0 0.328009 0.767839 0.040278 0.053906
0 0.503935 0.495703 0.105093 0.020052
0 0.797917 0.571224 0.044907 0.046094
0 0.671759 0.559245 0.042593 0.048177
0 0.214120 0.411068 0.090278 0.022656
0 0.472222 0.754818 0.041667 0.048698
0 0.080324 0.628516 0.100463 0.020052
0 0.297917 0.268229 0.044907 0.044271
0 0.422454 0.356380 0.108796 0.017448
0 0.052546 0.174089 0.081944 0.022656
0 0.223843 0.741797 0.081944 0.022656
0 0.159028 0.769141 0.044907 0.040885
0 0.635880 0.521745 0.072685 0.025260
0 0.126620 0.224870 0.072685 0.025260
0 0.237731 0.719661 0.035648 0.051302
0 0.909028 0.560807 0.035648 0.051302
0 0.466898 0.862891 0.031019 0.056510
0 0.163657 0.140234 0.100463 0.017448
0 0.515509 0.671484 0.035648 0.048698
0 0.402083 0.610286 0.086574 0.020052
0 0.438657 0.112891 0.085648 0.020052
0 0.557176 0.591406 0.091204 0.018750
0 0.318750 0.664974 0.040278 0.040885
0 0.240046 0.813411 0.040278 0.040885
0 0.823380 0.587500 0.031019 0.052604
0 0.453009 0.142578 0.095833 0.016927
0 0.324537 0.892839 0.070370 0.022656
0 0.159028 0.827734 0.091204 0.017448
0 0.369676 0.171875 0.040278 0.039062
0 0.270139 0.762630 0.026389 0.059115
0 0.524769 0.715755 0.035648 0.043490
0 0.075694 0.786068 0.035648 0.043490
0 0.476157 0.645443 0.040278 0.038281
0 0.716898 0.364193 0.123611 0.012240
0 0.101157 0.822786 0.040278 0.037760
0 0.128935 0.176693 0.031019 0.048698
0 0.647454 0.497005 0.031019 0.048698
0 0.795139 0.478776 0.039352 0.038281
0 0.535185 0.159766 0.075000 0.020052
0 0.332639 0.811849 0.031019 0.048177
0 0.103472 0.498307 0.026389 0.056510
0 0.432176 0.810807 0.026389 0.056510
0 0.941435 0.267839 0.026389 0.053906
0 0.501157 0.444922 0.081019 0.017448
0 0.617361 0.244401 0.035648 0.038281
0 0.233102 0.326432 0.026389 0.051302
0 0.290972 0.395443 0.031019 0.043490
0 0.591898 0.309505 0.031019 0.043490
0 0.223843 0.871354 0.118981 0.010937
0 0.579861 0.240234 0.025463 0.050781
0 0.744676 0.636328 0.031019 0.040885
0 0.244676 0.373047 0.031019 0.040365
0 0.112731 0.756120 0.026389 0.046094
0 0.052083 0.192057 0.071759 0.016927
0 0.593056 0.562109 0.098148 0.012240
0 0.152083 0.593359 0.031019 0.038281
0 0.466898 0.374609 0.095833 0.012240
0 0.328009 0.110286 0.077315 0.014844
0 0.703009 0.537760 0.021759 0.052083
0 0.635880 0.265234 0.063426 0.017448
0 0.072917 0.154297 0.076389 0.014323
0 0.846528 0.459245 0.031019 0.034635
0 0.525463 0.596615 0.055556 0.018750
0 0.076852 0.617448 0.075000 0.013542
0 0.029398 0.429297 0.026389 0.038281
0 0.612731 0.194922 0.026389 0.038281
0 0.659028 0.681901 0.081944 0.012240
0 0.418287 0.559505 0.081944 0.012240
0 0.353472 0.650651 0.081944 0.012240
0 0.401620 0.873307 0.067130 0.014844
0 0.271991 0.692057 0.030093 0.032552
0 0.399769 0.123307 0.063426 0.014844
0 0.672917 0.526953 0.026389 0.035677
0 0.163657 0.555599 0.063426 0.014844
0 0.520139 0.306901 0.017130 0.053906
0 0.472685 0.483984 0.075000 0.012240
0 0.491204 0.793880 0.051852 0.017448
0 0.656713 0.222266 0.021759 0.040885
0 0.771296 0.092057 0.056481 0.014844
0 0.203009 0.798828 0.049537 0.016927
0 0.365046 0.150651 0.068056 0.012240
0 0.679861 0.827474 0.021759 0.037760
0 0.258102 0.603516 0.030093 0.027344
0 0.659028 0.667578 0.026389 0.030469
0 0.267824 0.436849 0.068056 0.011719
0 0.082639 0.306641 0.068056 0.011719
0 0.605787 0.096615 0.058796 0.013542
0 0.756250 0.558203 0.017130 0.046094
0 0.233102 0.576172 0.026389 0.029948
0 0.501620 0.093359 0.063426 0.012240
0 0.742361 0.223568 0.063426 0.012240
0 0.212269 0.823828 0.021759 0.035677
0 0.038657 0.340755 0.017130 0.043490
0 0.278241 0.848568 0.061111 0.012240
0 0.184491 0.314063 0.068056 0.010937
0 0.288657 0.761328 0.017130 0.040885
0 0.830324 0.506120 0.017130 0.040885
0 0.330324 0.175391 0.072685 0.009635
0 0.121991 0.779557 0.017130 0.040885
0 0.089120 0.204036 0.071759 0.009635
0 0.225694 0.228776 0.020833 0.033073
0 0.531250 0.108724 0.057870 0.011719
0 0.362269 0.763932 0.016204 0.040885
0 0.205324 0.335547 0.054167 0.012240
0 0.656713 0.461849 0.068056 0.009635
0 0.547917 0.317318 0.017130 0.038281
0 0.075231 0.447526 0.053241 0.012240
0 0.411343 0.567969 0.077315 0.008333
0 0.068750 0.346615 0.021759 0.029167
0 0.765509 0.284766 0.017130 0.035677
0 0.362731 0.344661 0.063426 0.009635
0 0.858102 0.235286 0.017130 0.035677
0 0.652083 0.640234 0.021759 0.027865
0 0.047454 0.834245 0.062500 0.009635
0 0.646991 0.179297 0.020833 0.027865
0 0.316435 0.531901 0.063426 0.009115
0 0.645139 0.543880 0.017130 0.033073
0 0.545602 0.771745 0.058796 0.009635
0 0.293287 0.796224 0.017130 0.032552
0 0.128472 0.412370 0.057870 0.009635
0 0.603935 0.145443 0.043981 0.012240
0 0.186343 0.586849 0.016204 0.030469
0 0.027083 0.666276 0.040278 0.012240
0 0.568750 0.574870 0.021759 0.022135
0 0.521991 0.750911 0.048611 0.009635
0 0.401620 0.669531 0.011574 0.039583
0 0.221528 0.667578 0.021759 0.020052
0 0.613889 0.666016 0.019444 0.022135
0 0.508102 0.534115 0.048611 0.008333
0 0.131250 0.469661 0.017130 0.020052
