0 0.100000 0.982031 0.195370 0.034375
0 0.226157 0.254818 0.197685 0.022656
0 0.501157 0.506120 0.062500 0.061719
0 0.874306 0.843359 0.160648 0.022656
0 0.387037 0.840755 0.107407 0.033073
0 0.867361 0.179297 0.044907 0.074740
0 0.814120 0.573828 0.049537 0.061719
0 0.737731 0.446224 0.109722 0.025260
0 0.065278 0.444922 0.042593 0.064323
0 0.784028 0.239193 0.156019 0.017448
0 0.098380 0.399349 0.053241 0.051302
0 0.110417 0.450130 0.049537 0.053906
0 0.758102 0.387630 0.048611 0.053906
0 0.550231 0.882422 0.114352 0.022656
0 0.906713 0.870443 0.086574 0.029948
0 0.413657 0.405859 0.091204 0.027865
0 0.447917 0.783203 0.085648 0.027344
0 0.251620 0.714453 0.044907 0.051302
0 0.274769 0.413672 0.081944 0.027865
0 0.844213 0.818359 0.091204 0.024740
0 0.242361 0.129818 0.044907 0.048698
0 0.642824 0.253516 0.086574 0.025260
0 0.697222 0.503516 0.047222 0.046094
0 0.480324 0.823828 0.085648 0.025260
0 0.730787 0.345052 0.040278 0.052083
0 0.182176 0.481380 0.091204 0.022656
0 0.514352 0.737891 0.033333 0.061719
0 0.714583 0.873047 0.044907 0.045573
0 0.478009 0.677995 0.034722 0.056510
0 0.722685 0.404557 0.042593 0.046094
0 0.740046 0.215755 0.086574 0.022656
0 0.726157 0.123307 0.077315 0.025260
0 0.862269 0.773698 0.081019 0.023958
0 0.402083 0.711849 0.040278 0.046094
0 0.700694 0.806901 0.081944 0.022656
0 0.260880 0.767839 0.081944 0.022656
0 0.520139 0.435807 0.035648 0.051302
0 0.307176 0.711849 0.091204 0.020052
0 0.913657 0.568620 0.035648 0.051302
0 0.177546 0.257422 0.100463 0.017448
0 0.503935 0.219401 0.086574 0.019531
0 0.262731 0.160807 0.076389 0.022135
0 0.922917 0.823828 0.081944 0.020052
0 0.459954 0.349870 0.081944 0.020052
0 0.193287 0.455990 0.076389 0.021354
0 0.542824 0.191016 0.081019 0.020052
0 0.570602 0.848568 0.071759 0.022656
0 0.533565 0.818620 0.081019 0.020052
0 0.522454 0.659766 0.031019 0.051302
0 0.420602 0.575781 0.031019 0.050000
0 0.108102 0.796745 0.026389 0.058594
0 0.531713 0.860286 0.077315 0.020052
0 0.388194 0.481380 0.040278 0.038281
0 0.587269 0.827474 0.040278 0.037760
0 0.866204 0.661719 0.033333 0.044792
0 0.892824 0.126302 0.040278 0.036458
0 0.228472 0.756120 0.035648 0.040885
0 0.459954 0.206380 0.035648 0.040365
0 0.346528 0.393880 0.031019 0.045573
0 0.668287 0.796224 0.063426 0.022135
0 0.700694 0.404948 0.026389 0.052083
0 0.770139 0.080339 0.035648 0.038281
0 0.457639 0.750911 0.068056 0.020052
0 0.034028 0.163672 0.035648 0.038281
0 0.125463 0.516536 0.033333 0.040885
0 0.964583 0.500911 0.026389 0.051302
0 0.499306 0.590755 0.077315 0.017448
0 0.763194 0.728776 0.077315 0.017448
0 0.730787 0.684505 0.031019 0.043490
0 0.943750 0.352474 0.021759 0.061719
0 0.378935 0.635026 0.077315 0.017448
0 0.784028 0.603516 0.035648 0.037760
0 0.047917 0.837891 0.035648 0.037760
0 0.461806 0.629818 0.076389 0.017448
0 0.281713 0.827474 0.031019 0.042969
0 0.170139 0.887630 0.076389 0.017448
0 0.925231 0.643880 0.068056 0.019531
0 0.552546 0.699479 0.081944 0.016146
0 0.464120 0.435807 0.025463 0.051302
0 0.869676 0.275651 0.021759 0.059115
0 0.635880 0.517578 0.026389 0.048177
0 0.571065 0.683203 0.063426 0.020052
0 0.466898 0.847266 0.031019 0.040885
0 0.487731 0.793880 0.072685 0.017448
0 0.343750 0.696224 0.062500 0.020052
0 0.655556 0.340755 0.028704 0.043490
0 0.399769 0.735026 0.063426 0.019531
0 0.536343 0.672135 0.031019 0.039583
0 0.179861 0.690755 0.021759 0.055990
0 0.223843 0.396745 0.081944 0.014844
0 0.546296 0.207943 0.069444 0.017448
0 0.306019 0.393880 0.061111 0.019531
0 0.860417 0.434505 0.031019 0.038281
0 0.309491 0.556901 0.031019 0.038281
0 0.661343 0.825130 0.068056 0.017448
0 0.904398 0.718359 0.035648 0.033073
0 0.619676 0.192318 0.095833 0.012240
0 0.200694 0.568359 0.081944 0.014323
0 0.424769 0.319922 0.030093 0.038281
0 0.029398 0.551693 0.026389 0.043490
0 0.934491 0.813411 0.077315 0.014844
0 0.728472 0.288672 0.026389 0.043490
0 0.277083 0.545182 0.021759 0.051302
0 0.302083 0.256120 0.071759 0.014844
0 0.452546 0.184505 0.085648 0.012240
0 0.818287 0.760026 0.085648 0.012240
0 0.801389 0.457943 0.024074 0.043490
0 0.365046 0.439714 0.031019 0.033073
0 0.184028 0.520443 0.057870 0.017448
0 0.828009 0.417578 0.021759 0.046094
0 0.397454 0.610286 0.021759 0.046094
0 0.693750 0.594661 0.021759 0.046094
0 0.205324 0.750911 0.026389 0.035677
0 0.814120 0.126953 0.021759 0.042969
0 0.559491 0.552734 0.031019 0.029948
0 0.615046 0.344401 0.031019 0.029948
0 0.927546 0.396484 0.026389 0.035156
0 0.516667 0.161068 0.075000 0.012240
0 0.744676 0.079036 0.021759 0.040885
0 0.763194 0.342057 0.021759 0.040885
0 0.050231 0.649349 0.021759 0.040885
0 0.767824 0.610286 0.021759 0.040885
0 0.939120 0.258724 0.021759 0.040885
0 0.496528 0.174089 0.071759 0.012240
0 0.932176 0.624609 0.026389 0.033073
0 0.251620 0.325391 0.026389 0.032552
0 0.913657 0.879557 0.072685 0.011719
0 0.654398 0.648047 0.017130 0.048698
0 0.661343 0.866797 0.068056 0.012240
0 0.043287 0.272396 0.017130 0.047396
0 0.302546 0.620703 0.054167 0.014844
0 0.918287 0.334245 0.017130 0.046094
0 0.617361 0.623047 0.026389 0.029948
0 0.394676 0.133724 0.053241 0.014844
0 0.360417 0.474870 0.049537 0.014844
0 0.741204 0.625911 0.024074 0.030469
0 0.746991 0.285807 0.026389 0.027344
0 0.110417 0.288672 0.021759 0.033073
0 0.068750 0.491797 0.021759 0.033073
0 0.594213 0.337240 0.017130 0.041667
0 0.653935 0.507422 0.016204 0.043490
0 0.168287 0.183203 0.017130 0.040885
0 0.927546 0.506120 0.017130 0.040885
0 0.925231 0.706641 0.021759 0.030469
0 0.568750 0.472266 0.068056 0.009635
0 0.071065 0.804297 0.017130 0.038281
0 0.830324 0.569922 0.017130 0.038281
0 0.466435 0.709245 0.067130 0.009635
0 0.075694 0.129557 0.017130 0.037760
0 0.534028 0.613932 0.054167 0.011719
0 0.450694 0.427995 0.017130 0.035677
0 0.620833 0.685807 0.024074 0.025260
0 0.816435 0.531901 0.017130 0.035156
0 0.112269 0.193620 0.016204 0.035677
0 0.366898 0.657161 0.016204 0.035677
0 0.347685 0.567318 0.014815 0.038281
0 0.395139 0.194922 0.044907 0.012240
0 0.880787 0.387630 0.016204 0.033073
0 0.936806 0.435807 0.017130 0.030469
0 0.413657 0.396745 0.054167 0.009635
0 0.658565 0.108984 0.071759 0.007031
0 0.890509 0.103776 0.017130 0.027865
0 0.797917 0.293880 0.017130 0.027865
0 0.140509 0.213151 0.017130 0.027865
0 0.110417 0.094661 0.012500 0.035677
0 0.646991 0.583984 0.048611 0.009115
0 0.218750 0.340755 0.062500 0.007031
0 0.068750 0.537370 0.040278 0.009635
0 0.427083 0.821224 0.016204 0.020052
0 0.186343 0.004818 0.025463 0.007031
