0 0.578009 0.826432 0.188426 0.171094
0 0.059491 0.604427 0.068056 0.091667
0 0.072917 0.360286 0.048611 0.092969
0 0.609259 0.684245 0.112037 0.037760
0 0.190972 0.279557 0.118056 0.035677
0 0.876620 0.278255 0.109722 0.038281
0 0.367361 0.457943 0.146759 0.027865
0 0.751620 0.469661 0.128241 0.030469
0 0.406713 0.158464 0.132870 0.027865
0 0.524769 0.250260 0.118981 0.029167
0 0.540972 0.464453 0.105093 0.030469
0 0.103472 0.343359 0.054167 0.059115
0 0.142824 0.780599 0.105093 0.027344
0 0.365046 0.358984 0.095833 0.027865
0 0.743519 0.413672 0.047222 0.053906
0 0.827546 0.122005 0.039352 0.064323
0 0.647454 0.203385 0.086574 0.029167
0 0.758565 0.628516 0.095833 0.025260
0 0.559491 0.223568 0.086574 0.027865
0 0.401620 0.659505 0.048611 0.045573
0 0.657870 0.258464 0.088889 0.024740
0 0.251620 0.587891 0.044907 0.048177
0 0.057176 0.126953 0.044907 0.048177
0 0.929861 0.545182 0.105093 0.020052
0 0.155556 0.172526 0.084259 0.024740
0 0.788657 0.450130 0.091204 0.022656
0 0.869676 0.213151 0.031019 0.064323
0 0.128935 0.520443 0.086574 0.022656
0 0.885417 0.338151 0.025463 0.069531
0 0.172917 0.236589 0.035648 0.048698
0 0.925231 0.528255 0.095833 0.017448
0 0.621991 0.159766 0.035648 0.046094
0 0.728472 0.419922 0.035648 0.045573
0 0.564120 0.373047 0.040278 0.040365
0 0.702546 0.417578 0.039352 0.040885
0 0.670602 0.115234 0.021759 0.071615
0 0.133565 0.847266 0.077315 0.020052
0 0.405556 0.209245 0.075000 0.020052
0 0.035185 0.247656 0.037963 0.039583
0 0.309028 0.137630 0.030093 0.048698
0 0.955324 0.610286 0.035648 0.040885
0 0.691435 0.533464 0.026389 0.053906
0 0.184491 0.477474 0.068056 0.020052
0 0.087269 0.179297 0.031019 0.043490
0 0.302546 0.168620 0.035648 0.037760
0 0.329861 0.611589 0.034722 0.038281
0 0.659028 0.378516 0.035648 0.035677
0 0.705324 0.240495 0.035648 0.035677
0 0.490046 0.331641 0.031019 0.040885
0 0.181019 0.566016 0.061111 0.020052
0 0.380093 0.195573 0.088889 0.013542
0 0.929861 0.200781 0.021759 0.055208
0 0.714583 0.335547 0.035648 0.033073
0 0.874306 0.115495 0.021759 0.051302
0 0.200694 0.718359 0.063426 0.017448
0 0.705324 0.529557 0.026389 0.040885
0 0.584954 0.602474 0.026389 0.040885
0 0.207176 0.881120 0.030093 0.035677
0 0.790972 0.327734 0.021759 0.048698
0 0.267824 0.377865 0.077315 0.013542
0 0.277083 0.075130 0.058796 0.017448
0 0.735417 0.361589 0.058796 0.017448
0 0.323380 0.463151 0.058796 0.017448
0 0.295139 0.519141 0.067130 0.014844
0 0.612731 0.319922 0.054167 0.017448
0 0.075694 0.425391 0.063426 0.014844
0 0.612731 0.657161 0.026389 0.035677
0 0.244213 0.361589 0.076389 0.012240
0 0.594213 0.449870 0.054167 0.016927
0 0.102315 0.150391 0.024074 0.037760
0 0.656713 0.539974 0.021759 0.040885
0 0.471528 0.349870 0.021759 0.040885
0 0.883565 0.217057 0.021759 0.040885
0 0.550231 0.308203 0.021759 0.040885
0 0.538194 0.332943 0.071759 0.012240
0 0.538194 0.552344 0.025463 0.034375
0 0.360417 0.077734 0.068056 0.012240
0 0.640509 0.118099 0.017130 0.046094
0 0.148611 0.088151 0.061111 0.012240
0 0.285880 0.570964 0.020833 0.035156
0 0.112269 0.624609 0.016204 0.043490
0 0.094213 0.795182 0.072685 0.009635
0 0.765046 0.543620 0.025463 0.027344
0 0.496991 0.438151 0.017130 0.040365
0 0.728472 0.571224 0.044907 0.014844
0 0.251620 0.543880 0.054167 0.012240
0 0.720370 0.210547 0.019444 0.033073
0 0.140046 0.226172 0.016204 0.038281
0 0.478472 0.219661 0.063426 0.009635
0 0.640509 0.180599 0.063426 0.009635
0 0.168287 0.912370 0.063426 0.009635
0 0.897454 0.108984 0.021759 0.027865
0 0.871528 0.368490 0.016204 0.036458
0 0.047917 0.767188 0.054167 0.010937
0 0.924769 0.330078 0.020833 0.027344
0 0.922917 0.275651 0.017130 0.033073
0 0.212269 0.071224 0.058796 0.009635
0 0.586806 0.638932 0.020833 0.025260
0 0.756250 0.391536 0.017130 0.030469
0 0.196528 0.854818 0.043981 0.009115
0 0.984722 0.004818 0.027778 0.007031
