0 0.672917 0.272786 0.137500 0.048177
0 0.214120 0.329036 0.043981 0.077344
0 0.156713 0.347266 0.058796 0.056510
0 0.355787 0.585547 0.049537 0.059115
0 0.478472 0.848568 0.128241 0.022656
0 0.265509 0.519792 0.054167 0.052604
0 0.374306 0.108984 0.095833 0.027865
0 0.772454 0.662109 0.086574 0.029948
0 0.750000 0.633724 0.041667 0.061719
0 0.698380 0.392839 0.086574 0.027865
0 0.251620 0.177995 0.118981 0.020052
0 0.420602 0.405859 0.105093 0.022656
0 0.288657 0.784766 0.091204 0.025260
0 0.564120 0.676042 0.086574 0.026562
0 0.399769 0.872005 0.100463 0.022656
0 0.790509 0.795182 0.048611 0.046094
0 0.799769 0.418880 0.122685 0.017448
0 0.483102 0.521745 0.081944 0.025260
0 0.200694 0.095703 0.091204 0.022135
0 0.068750 0.356120 0.031019 0.063802
0 0.642824 0.564714 0.086574 0.022656
0 0.703009 0.131120 0.095833 0.020052
0 0.571065 0.361589 0.081944 0.022656
0 0.473843 0.704036 0.044907 0.040885
0 0.464583 0.586849 0.044907 0.040885
0 0.246991 0.860286 0.072685 0.025260
0 0.663657 0.110286 0.091204 0.020052
0 0.297917 0.444661 0.081944 0.022135
0 0.103009 0.874349 0.081019 0.022135
0 0.425231 0.307292 0.040278 0.044271
0 0.696065 0.205990 0.072685 0.023958
0 0.374306 0.439453 0.040278 0.042969
0 0.240046 0.758724 0.040278 0.040885
0 0.652083 0.685807 0.040278 0.040885
0 0.890509 0.465755 0.091204 0.017448
0 0.309491 0.860286 0.077315 0.020052
0 0.640509 0.338151 0.035648 0.043490
0 0.679861 0.411068 0.040278 0.038281
0 0.504630 0.555339 0.106481 0.014323
0 0.147454 0.817318 0.086574 0.017448
0 0.721065 0.817057 0.067130 0.022135
0 0.128935 0.296224 0.086574 0.016927
0 0.348843 0.795182 0.035648 0.040885
0 0.812963 0.504818 0.037963 0.038281
0 0.189120 0.008724 0.095833 0.014844
0 0.140509 0.124609 0.026389 0.053906
0 0.126157 0.435547 0.071759 0.019531
0 0.034028 0.580339 0.035648 0.038281
0 0.705324 0.378516 0.091204 0.014844
0 0.300231 0.142839 0.077315 0.017448
0 0.843750 0.171484 0.034722 0.038281
0 0.149306 0.572266 0.034722 0.037760
0 0.325231 0.229818 0.025463 0.050781
0 0.295602 0.291276 0.021759 0.059115
0 0.733102 0.826432 0.063426 0.020052
0 0.274769 0.207943 0.072685 0.017448
0 0.709954 0.145182 0.072685 0.016927
0 0.902083 0.177344 0.031019 0.039583
0 0.620833 0.724870 0.061111 0.020052
0 0.550231 0.319922 0.068056 0.017448
0 0.078009 0.194922 0.031019 0.038281
0 0.306713 0.813411 0.025463 0.046094
0 0.281713 0.818620 0.077315 0.014844
0 0.295602 0.579036 0.021759 0.051302
0 0.314120 0.282161 0.021759 0.051302
0 0.568750 0.620703 0.021759 0.051302
0 0.800231 0.365495 0.031019 0.035677
0 0.753935 0.571224 0.031019 0.035677
0 0.429861 0.183854 0.068056 0.016146
0 0.524769 0.103516 0.063426 0.016927
0 0.617361 0.256380 0.026389 0.040365
0 0.638194 0.804297 0.021759 0.048698
0 0.194907 0.785807 0.088889 0.011719
0 0.837269 0.566667 0.021759 0.047396
0 0.749306 0.081641 0.068056 0.014844
0 0.064120 0.539974 0.068056 0.014844
0 0.536343 0.623307 0.021759 0.046094
0 0.244676 0.435807 0.021759 0.046094
0 0.867361 0.088151 0.081944 0.012240
0 0.144676 0.554688 0.025463 0.039062
0 0.167824 0.403646 0.025463 0.039062
0 0.246991 0.882161 0.081944 0.011719
0 0.562500 0.282161 0.064815 0.014844
0 0.765509 0.232682 0.063426 0.014844
0 0.871991 0.150651 0.017130 0.053906
0 0.232639 0.187109 0.053241 0.017448
0 0.376157 0.138932 0.062500 0.014844
0 0.086806 0.131120 0.030093 0.030469
0 0.286343 0.696615 0.021759 0.041667
0 0.366898 0.266536 0.025463 0.035677
0 0.054861 0.271094 0.031019 0.029167
0 0.161343 0.500911 0.021759 0.040885
0 0.735417 0.883724 0.021759 0.040885
0 0.281713 0.594661 0.021759 0.040885
0 0.429861 0.532161 0.021759 0.040885
0 0.825694 0.258724 0.017130 0.051302
0 0.772454 0.102214 0.021759 0.040365
0 0.263194 0.552995 0.058796 0.014844
0 0.186806 0.254818 0.026389 0.033073
0 0.436806 0.207943 0.026389 0.033073
0 0.455324 0.113281 0.054167 0.015625
0 0.575694 0.423438 0.026389 0.031771
0 0.175231 0.239193 0.021759 0.038281
0 0.168287 0.207682 0.017130 0.048177
0 0.525926 0.273047 0.065741 0.012240
0 0.094213 0.227474 0.054167 0.014844
0 0.106944 0.517839 0.024074 0.033073
0 0.670602 0.860286 0.021759 0.035677
0 0.920602 0.813411 0.021759 0.035677
0 0.413194 0.269141 0.025463 0.030469
0 0.029398 0.742448 0.017130 0.044792
0 0.630787 0.128255 0.053241 0.014323
0 0.367361 0.291667 0.026389 0.028646
0 0.027083 0.821224 0.049537 0.014844
0 0.422917 0.220964 0.026389 0.027865
0 0.277083 0.162370 0.049537 0.014844
0 0.395139 0.275391 0.026389 0.027344
0 0.892824 0.413672 0.021759 0.033073
0 0.615046 0.304297 0.058796 0.012240
0 0.528935 0.247005 0.016204 0.043490
0 0.140509 0.680599 0.017130 0.040885
0 0.719213 0.878516 0.017130 0.040885
0 0.487731 0.466146 0.017130 0.039062
0 0.163657 0.086849 0.044907 0.014844
0 0.170602 0.664974 0.021759 0.030469
0 0.453009 0.349870 0.068056 0.009635
0 0.723843 0.502214 0.017130 0.038281
0 0.522454 0.302995 0.068056 0.009635
0 0.704861 0.185547 0.071759 0.009115
0 0.093750 0.764974 0.016204 0.037760
0 0.270139 0.123307 0.063426 0.009635
0 0.784028 0.875911 0.017130 0.035677
0 0.390509 0.480078 0.017130 0.035677
0 0.383565 0.223568 0.049537 0.012240
0 0.902083 0.114193 0.021759 0.027865
0 0.848843 0.784505 0.017130 0.035156
0 0.938657 0.137370 0.048611 0.011719
0 0.714583 0.528255 0.017130 0.033073
0 0.793287 0.916276 0.017130 0.033073
0 0.684491 0.167578 0.021759 0.025260
0 0.274769 0.731380 0.044907 0.012240
0 0.200694 0.860286 0.054167 0.009635
0 0.719213 0.802995 0.054167 0.009635
0 0.834491 0.318359 0.016204 0.029948
0 0.593056 0.589453 0.014815 0.030469
0 0.121528 0.101172 0.016204 0.027865
0 0.487269 0.202734 0.062500 0.007031
0 0.089120 0.417578 0.043981 0.009635
0 0.730324 0.214453 0.020833 0.020052
0 0.591898 0.421484 0.012500 0.033073
0 0.686343 0.886328 0.016204 0.020052
0 0.288194 0.456641 0.016204 0.020052
0 0.575694 0.994401 0.026389 0.007031
