0 0.091898 0.982031 0.179167 0.034375
0 0.890046 0.192969 0.053241 0.086458
0 0.809491 0.550391 0.068056 0.061719
0 0.832639 0.872005 0.049537 0.074740
0 0.751620 0.507422 0.044907 0.074740
0 0.411343 0.226172 0.049537 0.064323
0 0.458796 0.648047 0.051852 0.059115
0 0.172917 0.396745 0.054167 0.056510
0 0.589583 0.621745 0.054167 0.053385
0 0.112731 0.317057 0.044907 0.063802
0 0.573380 0.542318 0.049537 0.055990
0 0.832639 0.606120 0.040278 0.063802
0 0.869676 0.118099 0.049537 0.051302
0 0.811806 0.615495 0.044907 0.056510
0 0.959954 0.627214 0.044907 0.053906
0 0.396991 0.180599 0.094907 0.025260
0 0.857639 0.818359 0.118056 0.019531
0 0.977315 0.585286 0.042593 0.053385
0 0.700694 0.601823 0.044907 0.050000
0 0.949537 0.114193 0.098148 0.022656
0 0.430556 0.782161 0.106481 0.020052
0 0.848843 0.646745 0.081944 0.025260
0 0.498148 0.718750 0.112037 0.018229
0 0.503935 0.673177 0.031019 0.062500
0 0.179398 0.068620 0.094907 0.020052
0 0.781713 0.102474 0.040278 0.046094
0 0.244676 0.223307 0.040278 0.042969
0 0.890509 0.010026 0.091204 0.017448
0 0.986574 0.145443 0.024074 0.064323
0 0.513194 0.510026 0.021759 0.064323
0 0.241898 0.795182 0.062500 0.020052
0 0.598380 0.703385 0.025463 0.044792
0 0.453009 0.179297 0.086574 0.012240
0 0.200694 0.291276 0.026389 0.038281
0 0.091898 0.171224 0.031019 0.032552
0 0.188657 0.104427 0.020833 0.044792
0 0.986574 0.643490 0.024074 0.034375
0 0.761574 0.634766 0.064815 0.011719
0 0.362269 0.349870 0.016204 0.046094
0 0.689120 0.409766 0.077315 0.009635
0 0.855324 0.666276 0.057870 0.012240
0 0.112269 0.398047 0.016204 0.043490
0 0.362731 0.055599 0.063426 0.009635
0 0.991204 0.568620 0.014815 0.035677
0 0.818287 0.925391 0.020833 0.025260
0 0.687963 0.301693 0.056481 0.007031
0 0.392824 0.954036 0.040278 0.009635
