0 0.358796 0.302995 0.074074 0.066927
0 0.529398 0.372396 0.128241 0.033854
0 0.529398 0.516536 0.109722 0.035677
0 0.442593 0.780859 0.130556 0.027865
0 0.064120 0.689714 0.040278 0.085156
0 0.823380 0.326172 0.058796 0.055990
0 0.216898 0.813411 0.105093 0.030469
0 0.709954 0.312760 0.044907 0.070833
0 0.909028 0.392839 0.109722 0.027865
0 0.682176 0.240495 0.118981 0.025260
0 0.415972 0.697526 0.105093 0.027865
0 0.205324 0.145443 0.109722 0.022656
0 0.749306 0.890234 0.105093 0.022656
0 0.262731 0.635026 0.048611 0.048698
0 0.814120 0.744141 0.086574 0.027344
0 0.390509 0.508724 0.044907 0.051302
0 0.248148 0.163411 0.047222 0.048177
0 0.080324 0.127214 0.035648 0.059115
0 0.339583 0.185807 0.081944 0.025260
0 0.355787 0.347005 0.105093 0.019531
0 0.409028 0.287370 0.026389 0.077344
0 0.145139 0.345703 0.091204 0.022135
0 0.464583 0.740495 0.100463 0.020052
0 0.182176 0.615495 0.035648 0.056510
0 0.832639 0.541276 0.040278 0.048698
0 0.742361 0.301693 0.044907 0.043490
0 0.540972 0.198828 0.077315 0.025260
0 0.858102 0.493750 0.091204 0.021354
0 0.163657 0.569922 0.035648 0.053906
0 0.494676 0.905859 0.105093 0.017448
0 0.890509 0.430599 0.072685 0.025260
0 0.063657 0.245703 0.039352 0.046094
0 0.228009 0.183203 0.043981 0.040885
0 0.383565 0.217057 0.086574 0.020052
0 0.315278 0.759375 0.079630 0.021354
0 0.397454 0.551693 0.031019 0.053906
0 0.652083 0.433203 0.040278 0.040885
0 0.557176 0.662370 0.109722 0.014844
0 0.179861 0.696484 0.040278 0.040365
0 0.148611 0.622005 0.033333 0.048698
0 0.200694 0.778255 0.091204 0.017448
0 0.888194 0.849870 0.105093 0.014844
0 0.652083 0.360286 0.077315 0.020052
0 0.462269 0.717057 0.077315 0.020052
0 0.108102 0.559505 0.035648 0.043490
0 0.295602 0.481380 0.040278 0.038281
0 0.198380 0.679036 0.040278 0.037760
0 0.665972 0.624349 0.040278 0.037760
0 0.147454 0.491797 0.031019 0.048698
0 0.825231 0.590755 0.034722 0.043490
0 0.184491 0.473307 0.031019 0.048177
0 0.774769 0.592448 0.035648 0.041667
0 0.594213 0.519141 0.035648 0.040885
0 0.964583 0.357682 0.035648 0.040885
0 0.946065 0.635026 0.026389 0.053906
0 0.263194 0.745443 0.031019 0.045573
0 0.649306 0.549089 0.081019 0.017448
0 0.347685 0.386328 0.070370 0.020052
0 0.180556 0.515234 0.032407 0.043490
0 0.464583 0.728516 0.081944 0.016927
0 0.969213 0.448828 0.026389 0.051302
0 0.113889 0.873047 0.037963 0.035156
0 0.279398 0.897396 0.081944 0.016146
0 0.233796 0.404557 0.064815 0.020052
0 0.415509 0.576432 0.020833 0.061719
0 0.554861 0.181901 0.105093 0.012240
0 0.756250 0.530859 0.026389 0.048698
0 0.138194 0.381120 0.086574 0.014844
0 0.802546 0.128516 0.063426 0.020052
0 0.843750 0.607682 0.062500 0.020052
0 0.339583 0.149089 0.063426 0.019531
0 0.149769 0.198828 0.026389 0.046094
0 0.506250 0.834245 0.081944 0.014844
0 0.531713 0.444922 0.031019 0.038281
0 0.392824 0.640234 0.068056 0.017448
0 0.171759 0.401953 0.079630 0.014844
0 0.730324 0.719661 0.020833 0.056510
0 0.957639 0.270443 0.021759 0.053906
0 0.772454 0.786068 0.095833 0.012240
0 0.601852 0.311849 0.069444 0.016927
0 0.662500 0.268880 0.033333 0.035156
0 0.822917 0.720964 0.030093 0.038281
0 0.885880 0.116797 0.026389 0.043490
0 0.087269 0.399349 0.077315 0.014844
0 0.841898 0.417578 0.021759 0.051302
0 0.032870 0.539974 0.024074 0.046094
0 0.693750 0.302995 0.031019 0.035677
0 0.496991 0.321224 0.026389 0.040885
0 0.446065 0.568880 0.026389 0.040365
0 0.356944 0.247005 0.061111 0.017448
0 0.338426 0.661068 0.024074 0.043490
0 0.490046 0.101172 0.058796 0.017448
0 0.550231 0.286068 0.031019 0.033073
0 0.911343 0.101172 0.031019 0.033073
0 0.179861 0.849870 0.068056 0.014844
0 0.804398 0.330078 0.020833 0.048177
0 0.837269 0.352474 0.021759 0.046094
0 0.934491 0.482682 0.021759 0.046094
0 0.962269 0.604818 0.021759 0.045573
0 0.818287 0.533464 0.030093 0.033073
0 0.693750 0.518880 0.021759 0.045573
0 0.851157 0.119792 0.021759 0.044271
0 0.027083 0.418880 0.021759 0.043490
0 0.230787 0.530859 0.077315 0.012240
0 0.800231 0.567318 0.021759 0.043490
0 0.899769 0.373307 0.026389 0.035677
0 0.709954 0.164974 0.026389 0.035677
0 0.737731 0.579036 0.063426 0.014844
0 0.172917 0.201432 0.026389 0.035677
0 0.071065 0.362891 0.026389 0.035677
0 0.126157 0.675391 0.025463 0.035677
0 0.857639 0.370703 0.025463 0.035677
0 0.223843 0.365234 0.063426 0.014323
0 0.150926 0.133724 0.093519 0.009635
0 0.624306 0.701432 0.021759 0.040885
0 0.381250 0.409766 0.091204 0.009635
0 0.272454 0.438151 0.021759 0.040365
0 0.740046 0.740495 0.058796 0.014844
0 0.899769 0.200130 0.026389 0.033073
0 0.134722 0.456641 0.024074 0.035677
0 0.466435 0.612891 0.020833 0.040885
0 0.140046 0.902995 0.071759 0.011719
0 0.488889 0.750911 0.056481 0.014844
0 0.237731 0.237891 0.026389 0.030469
0 0.311806 0.377214 0.063426 0.012240
0 0.091898 0.904557 0.021759 0.035677
0 0.078009 0.855078 0.021759 0.035677
0 0.078009 0.289974 0.021759 0.035677
0 0.415972 0.711849 0.021759 0.035677
0 0.242361 0.412109 0.054167 0.014323
0 0.071065 0.556901 0.017130 0.043490
0 0.102315 0.179297 0.061111 0.012240
0 0.146296 0.434245 0.019444 0.037760
0 0.110417 0.681901 0.021759 0.033073
0 0.036343 0.843359 0.021759 0.033073
0 0.429861 0.442318 0.058796 0.012240
0 0.446528 0.226172 0.025463 0.027865
0 0.918287 0.349870 0.072685 0.009635
0 0.950694 0.414974 0.017130 0.040885
0 0.038657 0.566016 0.017130 0.040885
0 0.034028 0.667578 0.017130 0.040885
0 0.638194 0.761979 0.021759 0.031771
0 0.358102 0.398047 0.054167 0.012240
0 0.325694 0.689714 0.054167 0.012240
0 0.147454 0.878516 0.068056 0.009635
0 0.883565 0.282161 0.068056 0.009635
0 0.431713 0.427995 0.043981 0.014844
0 0.020139 0.749349 0.017130 0.037760
0 0.608102 0.646745 0.063426 0.009635
0 0.142824 0.233984 0.049537 0.012240
0 0.362269 0.521745 0.016204 0.035677
0 0.936343 0.542578 0.016204 0.035677
0 0.745139 0.842057 0.057870 0.009635
0 0.457639 0.292578 0.021759 0.025260
0 0.448380 0.105078 0.021759 0.025260
0 0.696065 0.271484 0.017130 0.029948
0 0.767824 0.745703 0.049537 0.009635
0 0.524769 0.163672 0.017130 0.027865
0 0.795602 0.261979 0.012500 0.036979
0 0.064120 0.714453 0.012500 0.035677
0 0.675231 0.655599 0.068056 0.006510
0 0.272454 0.675391 0.021759 0.020052
0 0.230787 0.434505 0.058796 0.007031
0 0.512731 0.481641 0.011574 0.032552
0 0.686806 0.568620 0.017130 0.020052
0 0.612731 0.406901 0.035648 0.009115
