0 0.096528 0.773047 0.169907 0.053906
0 0.914815 0.743099 0.084259 0.077344
0 0.837269 0.633724 0.068056 0.092969
0 0.203009 0.595964 0.058796 0.100781
0 0.938657 0.132422 0.076389 0.074740
0 0.785185 0.723307 0.075000 0.069010
0 0.742361 0.635026 0.063426 0.064323
0 0.084491 0.842057 0.053241 0.072135
0 0.378935 0.754818 0.058796 0.059115
0 0.633565 0.559505 0.123611 0.027865
0 0.349537 0.526302 0.138889 0.023958
0 0.441435 0.808203 0.100463 0.030469
0 0.948380 0.196224 0.095833 0.025260
0 0.659028 0.513932 0.118981 0.020052
0 0.932176 0.858984 0.081944 0.027865
0 0.981944 0.261328 0.033333 0.066927
0 0.300231 0.906901 0.086574 0.024740
0 0.700694 0.477474 0.035648 0.056510
0 0.505093 0.658464 0.088889 0.022656
0 0.624306 0.590104 0.040278 0.047396
0 0.355787 0.566406 0.040278 0.041667
0 0.214583 0.568620 0.035648 0.046094
0 0.101157 0.687109 0.031019 0.048698
0 0.598380 0.917578 0.071759 0.020052
0 0.816435 0.773047 0.026389 0.053906
0 0.936806 0.577734 0.026389 0.053906
0 0.434491 0.593359 0.114352 0.012240
0 0.420602 0.071875 0.114352 0.010937
0 0.550231 0.560807 0.021759 0.056510
0 0.943287 0.454036 0.020833 0.051302
0 0.986574 0.775651 0.024074 0.043490
0 0.184028 0.622656 0.020833 0.044792
0 0.556019 0.520182 0.079630 0.011719
0 0.607639 0.893880 0.099537 0.009115
0 0.457176 0.129557 0.020833 0.037760
0 0.987731 0.674089 0.017130 0.038281
0 0.559491 0.476823 0.021759 0.029167
0 0.120833 0.810807 0.061111 0.009635
0 0.993519 0.753255 0.010185 0.035156
