0 0.179398 0.749609 0.067130 0.079948
0 0.929861 0.822526 0.058796 0.069531
0 0.325694 0.696224 0.063426 0.061719
0 0.500463 0.434505 0.098148 0.033073
0 0.704861 0.517578 0.099537 0.032552
0 0.578009 0.679297 0.049537 0.064323
0 0.786343 0.559505 0.058796 0.053906
0 0.177546 0.706380 0.100463 0.029948
0 0.929861 0.687109 0.049537 0.059115
0 0.043287 0.249349 0.035648 0.079427
0 0.862731 0.555599 0.091204 0.030469
0 0.357639 0.269141 0.127315 0.020052
0 0.182176 0.465755 0.091204 0.027865
0 0.283565 0.818620 0.043981 0.056510
0 0.152083 0.306901 0.049537 0.048698
0 0.542130 0.732682 0.033333 0.072135
0 0.693287 0.700130 0.085648 0.027865
0 0.117361 0.529557 0.044907 0.051302
0 0.064120 0.368099 0.049537 0.046094
0 0.378935 0.912370 0.049537 0.046094
0 0.883565 0.842057 0.040278 0.056510
0 0.619676 0.594661 0.040278 0.056510
0 0.207639 0.617839 0.114352 0.019531
0 0.381250 0.814714 0.044907 0.048698
0 0.698380 0.403255 0.095833 0.022656
0 0.459954 0.639974 0.044907 0.048177
0 0.223843 0.783464 0.035648 0.059115
0 0.036343 0.654557 0.040278 0.051302
0 0.193750 0.799089 0.040278 0.048698
0 0.378935 0.858984 0.086574 0.022656
0 0.031713 0.760026 0.040278 0.048698
0 0.351157 0.601172 0.086574 0.022656
0 0.867361 0.780859 0.044907 0.043490
0 0.934491 0.503516 0.031019 0.061719
0 0.079167 0.742448 0.079630 0.023958
0 0.208796 0.691016 0.033333 0.056510
0 0.434491 0.321224 0.040278 0.046094
0 0.871991 0.743099 0.072685 0.025260
0 0.807176 0.378516 0.072685 0.025260
0 0.029398 0.813411 0.035648 0.051302
0 0.222685 0.594661 0.121296 0.014844
0 0.275926 0.875911 0.028704 0.061719
0 0.503935 0.330339 0.077315 0.022656
0 0.948380 0.166276 0.040278 0.043490
0 0.040972 0.189453 0.040278 0.042969
0 0.114583 0.213151 0.039352 0.043490
0 0.021991 0.705339 0.039352 0.043490
0 0.439120 0.913672 0.095833 0.017448
0 0.749306 0.757422 0.031019 0.053906
0 0.149769 0.757422 0.072685 0.022656
0 0.072917 0.706641 0.039352 0.040885
0 0.770139 0.802344 0.035648 0.044792
0 0.147454 0.554688 0.068056 0.023438
0 0.128935 0.784766 0.105093 0.014844
0 0.531713 0.525651 0.068056 0.022656
0 0.915972 0.385026 0.040278 0.038281
0 0.633565 0.335547 0.123611 0.012240
0 0.059028 0.158464 0.067130 0.022656
0 0.124306 0.395443 0.031019 0.048698
0 0.628935 0.831380 0.077315 0.019531
0 0.588426 0.857031 0.079630 0.018750
0 0.644676 0.715495 0.034722 0.042969
0 0.043287 0.681901 0.081944 0.017448
0 0.358102 0.517839 0.026389 0.053906
0 0.371991 0.787109 0.072685 0.019531
0 0.115046 0.171484 0.021759 0.064323
0 0.328009 0.906510 0.031019 0.044792
0 0.858102 0.166016 0.035648 0.037760
0 0.612731 0.330339 0.026389 0.048698
0 0.446065 0.164974 0.063426 0.020052
0 0.448380 0.560807 0.031019 0.040885
0 0.084491 0.408203 0.025463 0.048177
0 0.052546 0.269141 0.026389 0.046094
0 0.256250 0.662370 0.026389 0.046094
0 0.760880 0.286719 0.063426 0.018750
0 0.633565 0.413672 0.031019 0.038281
0 0.888194 0.898047 0.031019 0.038281
0 0.821065 0.354427 0.026389 0.044792
0 0.529398 0.408464 0.035648 0.033073
0 0.415972 0.683854 0.031019 0.036979
0 0.140046 0.280599 0.034722 0.032552
0 0.174074 0.504557 0.065741 0.016927
0 0.540972 0.589453 0.031019 0.035677
0 0.811806 0.801693 0.063426 0.017448
0 0.902083 0.698568 0.031019 0.035156
0 0.772454 0.307943 0.031019 0.035156
0 0.756250 0.404557 0.072685 0.014844
0 0.839583 0.675391 0.026389 0.040885
0 0.038657 0.230078 0.026389 0.040885
0 0.793287 0.323828 0.072685 0.014844
0 0.135880 0.722266 0.026389 0.040885
0 0.624306 0.367188 0.058796 0.018229
0 0.681713 0.282161 0.071759 0.014844
0 0.920602 0.431901 0.058796 0.017448
0 0.564120 0.814714 0.058796 0.017448
0 0.290972 0.141536 0.068056 0.014844
0 0.242361 0.564714 0.026389 0.038281
0 0.575694 0.541276 0.026389 0.038281
0 0.496991 0.700130 0.081944 0.012240
0 0.073380 0.274349 0.021759 0.046094
0 0.499306 0.673047 0.021759 0.045573
0 0.513194 0.582943 0.021759 0.043490
0 0.175231 0.485286 0.031019 0.030469
0 0.439120 0.136328 0.031019 0.030469
0 0.564120 0.939453 0.077315 0.011719
0 0.473843 0.270443 0.072685 0.012240
0 0.790972 0.901953 0.021759 0.040885
0 0.819907 0.306250 0.079630 0.010937
0 0.953009 0.594661 0.058796 0.014844
0 0.057176 0.421484 0.026389 0.033073
0 0.223843 0.567057 0.026389 0.032552
0 0.221065 0.917578 0.020833 0.040885
0 0.716898 0.101172 0.068056 0.012240
0 0.578009 0.627214 0.021759 0.038281
0 0.027083 0.325130 0.021759 0.038281
0 0.226157 0.676042 0.021759 0.036979
0 0.573380 0.781510 0.058796 0.013542
0 0.054398 0.134766 0.020833 0.037760
0 0.536343 0.542578 0.021759 0.035677
0 0.436806 0.741797 0.063426 0.012240
0 0.013194 0.649089 0.021759 0.035156
0 0.522454 0.904557 0.077315 0.009635
0 0.797917 0.137370 0.063426 0.011719
0 0.763657 0.245703 0.076389 0.009635
0 0.950694 0.675781 0.017130 0.041667
0 0.867361 0.727474 0.072685 0.009635
0 0.719213 0.529557 0.072685 0.009635
0 0.418287 0.180339 0.072685 0.009115
0 0.804861 0.274349 0.021759 0.030469
0 0.727315 0.327474 0.056481 0.011719
0 0.260880 0.726172 0.017130 0.038281
0 0.177546 0.432943 0.026389 0.024740
0 0.744213 0.339453 0.067130 0.009635
0 0.721528 0.268490 0.077315 0.008333
0 0.177546 0.340495 0.054167 0.011719
0 0.857639 0.233984 0.016204 0.038281
0 0.677546 0.300391 0.063426 0.009635
0 0.205324 0.279557 0.017130 0.035677
0 0.193287 0.651042 0.020833 0.028646
0 0.319213 0.619401 0.048611 0.012240
0 0.801389 0.752214 0.014815 0.038281
0 0.821065 0.481380 0.017130 0.033073
0 0.337269 0.167578 0.058796 0.009635
0 0.876620 0.858724 0.017130 0.032552
0 0.084954 0.297786 0.017130 0.030469
0 0.145139 0.654557 0.054167 0.009635
0 0.483102 0.388672 0.054167 0.009115
0 0.279398 0.644792 0.044907 0.010937
0 0.557176 0.549089 0.017130 0.027865
0 0.189120 0.232682 0.049537 0.009635
0 0.684491 0.777604 0.021759 0.021354
0 0.027083 0.487891 0.021759 0.020052
0 0.288657 0.519141 0.044907 0.009635
0 0.146991 0.594661 0.039352 0.009635
0 0.263194 0.817318 0.040278 0.007031
0 0.004630 0.787370 0.009259 0.029427
0 0.013194 0.845964 0.021759 0.007031
