0 0.453009 0.832943 0.142130 0.048698
0 0.703472 0.266536 0.131944 0.035677
0 0.284028 0.051693 0.137500 0.033073
0 0.793287 0.598568 0.109722 0.038281
0 0.689120 0.355078 0.105093 0.035677
0 0.649769 0.689714 0.054167 0.064323
0 0.420139 0.489193 0.104167 0.033073
0 0.050231 0.597266 0.049537 0.066927
0 0.153935 0.346615 0.053241 0.060417
0 0.665509 0.566016 0.104167 0.030469
0 0.369676 0.405859 0.058796 0.053906
0 0.360417 0.467057 0.049537 0.061719
0 0.517824 0.710547 0.105093 0.027865
0 0.121991 0.707682 0.054167 0.053385
0 0.589583 0.141536 0.091204 0.030469
0 0.207639 0.286068 0.095833 0.027865
0 0.626620 0.112240 0.091204 0.029167
0 0.128935 0.181641 0.049537 0.053385
0 0.931713 0.589193 0.099537 0.024740
0 0.468750 0.225521 0.108796 0.021354
0 0.825694 0.138932 0.091204 0.025260
0 0.843750 0.168880 0.081019 0.027865
0 0.897454 0.295182 0.031019 0.072135
0 0.527778 0.398047 0.097222 0.022656
0 0.469213 0.802995 0.109722 0.020052
0 0.432176 0.425391 0.109722 0.020052
0 0.547917 0.603776 0.044907 0.048698
0 0.387037 0.831641 0.047222 0.046094
0 0.105787 0.146745 0.031019 0.066927
0 0.681713 0.458984 0.043981 0.045573
0 0.814120 0.885026 0.040278 0.048698
0 0.545602 0.888932 0.095833 0.020052
0 0.538657 0.525651 0.109722 0.017448
0 0.202546 0.252214 0.039352 0.048698
0 0.833333 0.516536 0.125000 0.014844
0 0.075694 0.629818 0.081944 0.022656
0 0.941435 0.866797 0.081944 0.022656
0 0.578009 0.205339 0.105093 0.017448
0 0.413657 0.753516 0.035648 0.051302
0 0.547917 0.638932 0.091204 0.020052
0 0.436806 0.602474 0.035648 0.051302
0 0.662037 0.395443 0.041667 0.043490
0 0.065972 0.789974 0.043981 0.040885
0 0.154398 0.235026 0.072685 0.024740
0 0.302546 0.589453 0.118981 0.014844
0 0.260880 0.158464 0.100463 0.017448
0 0.137037 0.826432 0.037963 0.046094
0 0.199537 0.714453 0.042593 0.040885
0 0.179398 0.888932 0.085648 0.020052
0 0.156713 0.738542 0.040278 0.042188
0 0.534028 0.270443 0.072685 0.022656
0 0.904398 0.840755 0.072685 0.022656
0 0.334954 0.218359 0.091204 0.017448
0 0.581481 0.769141 0.037963 0.040885
0 0.540972 0.506120 0.077315 0.020052
0 0.874306 0.411068 0.040278 0.038281
0 0.869676 0.770443 0.031019 0.048698
0 0.598843 0.495703 0.026389 0.056510
0 0.955324 0.795182 0.035648 0.040885
0 0.299769 0.644792 0.030093 0.047396
0 0.321065 0.541276 0.035648 0.038281
0 0.823380 0.821224 0.068056 0.020052
0 0.246991 0.784766 0.026389 0.051302
0 0.628935 0.489193 0.031019 0.043490
0 0.915972 0.888672 0.068056 0.019531
0 0.353009 0.523047 0.034722 0.038281
0 0.383565 0.897786 0.077315 0.016927
0 0.197917 0.809505 0.030093 0.043490
0 0.119676 0.321224 0.086574 0.014844
0 0.480787 0.774349 0.086574 0.014844
0 0.119676 0.219661 0.086574 0.014844
0 0.520139 0.196224 0.035648 0.035677
0 0.126157 0.404557 0.034722 0.035677
0 0.728472 0.836589 0.063426 0.019531
0 0.395139 0.514974 0.072685 0.016927
0 0.269676 0.651693 0.034722 0.035156
0 0.450694 0.659766 0.081944 0.014844
0 0.466898 0.457943 0.031019 0.038281
0 0.360417 0.731380 0.068056 0.017448
0 0.638194 0.786068 0.068056 0.017448
0 0.453009 0.750911 0.058796 0.020052
0 0.531713 0.744401 0.021759 0.053906
0 0.325694 0.648047 0.026389 0.043490
0 0.878935 0.683203 0.031019 0.035677
0 0.929861 0.394141 0.031019 0.035677
0 0.161343 0.380859 0.031019 0.035156
0 0.297917 0.133724 0.072685 0.014844
0 0.071065 0.855078 0.026389 0.040885
0 0.830324 0.844661 0.026389 0.040885
0 0.922917 0.677995 0.026389 0.040885
0 0.179398 0.836849 0.030093 0.035677
0 0.818750 0.783464 0.086574 0.012240
0 0.415972 0.551432 0.021759 0.048177
0 0.624306 0.655859 0.058796 0.017448
0 0.753935 0.770443 0.058796 0.017448
0 0.147454 0.184505 0.031019 0.033073
0 0.367361 0.679297 0.026389 0.038281
0 0.608102 0.176693 0.026389 0.038281
0 0.739583 0.145182 0.085648 0.011719
0 0.325694 0.335547 0.081944 0.012240
0 0.096528 0.763932 0.021759 0.046094
0 0.212269 0.704036 0.021759 0.046094
0 0.612731 0.124609 0.081944 0.012240
0 0.790972 0.104818 0.021759 0.045573
0 0.895139 0.252865 0.072685 0.013542
0 0.478472 0.557552 0.072685 0.013542
0 0.271991 0.670182 0.020833 0.046094
0 0.286343 0.812109 0.077315 0.012240
0 0.101157 0.455339 0.021759 0.043490
0 0.682176 0.715755 0.054167 0.017448
0 0.913657 0.750911 0.063426 0.014844
0 0.501620 0.154557 0.063426 0.014844
0 0.152083 0.284505 0.031019 0.029948
0 0.733102 0.155859 0.072685 0.012240
0 0.021991 0.870052 0.020833 0.042188
0 0.300231 0.789974 0.058796 0.014844
0 0.547917 0.861589 0.026389 0.033073
0 0.089583 0.382422 0.026389 0.033073
0 0.348843 0.880469 0.063426 0.013542
0 0.740046 0.823568 0.058796 0.014323
0 0.205324 0.184896 0.063426 0.013021
0 0.663194 0.189062 0.025463 0.031771
0 0.362731 0.224870 0.054167 0.014844
0 0.823380 0.199870 0.068056 0.011719
0 0.425231 0.203776 0.086574 0.009115
0 0.839120 0.249609 0.016204 0.048698
0 0.043287 0.474870 0.017130 0.046094
0 0.059491 0.172786 0.021759 0.035677
0 0.561806 0.819922 0.063426 0.012240
0 0.186343 0.144141 0.025463 0.030469
0 0.408565 0.882422 0.062500 0.012240
0 0.551389 0.663672 0.061111 0.012240
0 0.955324 0.343359 0.017130 0.043490
0 0.415972 0.467708 0.068056 0.010937
0 0.902083 0.150651 0.058796 0.012240
0 0.846065 0.739193 0.057870 0.012240
0 0.385880 0.115495 0.072685 0.009635
0 0.802546 0.795182 0.072685 0.009635
0 0.955324 0.654557 0.017130 0.040885
0 0.190972 0.349870 0.016204 0.040885
0 0.753935 0.235286 0.068056 0.009635
0 0.478472 0.579036 0.063426 0.009635
0 0.101157 0.231380 0.049537 0.012240
0 0.075694 0.597005 0.017130 0.035156
0 0.885417 0.920182 0.062500 0.009635
0 0.913194 0.831380 0.062500 0.009115
0 0.263194 0.099870 0.058796 0.009635
0 0.390046 0.619401 0.016204 0.033073
0 0.719213 0.779557 0.054167 0.009635
0 0.865046 0.118099 0.021759 0.020052
0 0.343750 0.304297 0.016204 0.022656
0 0.054398 0.349870 0.011574 0.030469
0 0.600000 0.606380 0.047222 0.007031
0 0.778241 0.732682 0.033333 0.009635
0 0.559491 0.102474 0.012500 0.025260
