0 0.462269 0.674089 0.068056 0.074740
0 0.075231 0.740495 0.118056 0.040885
0 0.715278 0.638932 0.125000 0.030469
0 0.867361 0.369401 0.063426 0.059115
0 0.878935 0.711849 0.058796 0.061719
0 0.653935 0.236589 0.099537 0.033073
0 0.899769 0.174089 0.054167 0.059115
0 0.814120 0.572526 0.132870 0.022656
0 0.765509 0.752865 0.044907 0.065625
0 0.508565 0.292578 0.114352 0.025260
0 0.311806 0.459245 0.054167 0.051302
0 0.156713 0.414974 0.105093 0.025260
0 0.771296 0.304297 0.047222 0.053906
0 0.242361 0.647786 0.091204 0.027344
0 0.128935 0.248958 0.151389 0.016146
0 0.156713 0.809505 0.049537 0.048698
0 0.142824 0.470964 0.049537 0.048698
0 0.286343 0.223568 0.040278 0.059115
0 0.791667 0.265885 0.097222 0.023958
0 0.124306 0.524349 0.049537 0.046094
0 0.934491 0.618099 0.049537 0.046094
0 0.888194 0.868099 0.040278 0.056510
0 0.388194 0.207943 0.095833 0.022656
0 0.154398 0.912370 0.044907 0.046094
0 0.066435 0.870703 0.081944 0.025260
0 0.116898 0.404557 0.081019 0.025260
0 0.767824 0.659766 0.077315 0.025260
0 0.832639 0.420182 0.077315 0.025260
0 0.362731 0.230729 0.091204 0.021354
0 0.601157 0.862891 0.031019 0.061719
0 0.189120 0.852474 0.040278 0.046094
0 0.709954 0.909766 0.072685 0.025260
0 0.418287 0.138932 0.044907 0.040885
0 0.784028 0.172786 0.035648 0.051302
0 0.709954 0.332292 0.026389 0.068229
0 0.605324 0.559505 0.030093 0.059115
0 0.068287 0.770443 0.076389 0.022656
0 0.235417 0.345703 0.077315 0.022135
0 0.579861 0.752214 0.034722 0.048698
0 0.362269 0.132422 0.071759 0.022656
0 0.214583 0.767839 0.026389 0.059115
0 0.665972 0.372656 0.031019 0.050000
0 0.465741 0.176693 0.028704 0.053906
0 0.575694 0.358333 0.026389 0.057813
0 0.351157 0.249609 0.031019 0.048698
0 0.116204 0.474870 0.024074 0.061719
0 0.775463 0.862891 0.074074 0.020052
0 0.170139 0.715495 0.067130 0.022135
0 0.050926 0.824479 0.069444 0.021354
0 0.372685 0.408464 0.064815 0.022656
0 0.399769 0.896745 0.072685 0.020052
0 0.065278 0.489193 0.033333 0.043490
0 0.321065 0.742839 0.100463 0.014323
0 0.957639 0.198828 0.031019 0.046094
0 0.436806 0.905859 0.081944 0.017448
0 0.909028 0.304297 0.081944 0.017448
0 0.196065 0.676432 0.026389 0.053385
0 0.267824 0.715495 0.021759 0.063802
0 0.248148 0.808203 0.093519 0.014844
0 0.082639 0.748307 0.068056 0.020052
0 0.066435 0.507422 0.035648 0.038281
0 0.672917 0.455339 0.035648 0.038281
0 0.417130 0.258724 0.091667 0.014844
0 0.172917 0.566016 0.091204 0.014844
0 0.825694 0.201432 0.026389 0.051302
0 0.325694 0.275000 0.063426 0.021354
0 0.286343 0.543880 0.031019 0.043490
0 0.902083 0.536068 0.031019 0.043490
0 0.258565 0.233984 0.031019 0.043490
0 0.042824 0.533464 0.034722 0.038281
0 0.820602 0.671484 0.034722 0.038281
0 0.177546 0.445573 0.035648 0.036979
0 0.043287 0.620703 0.035648 0.035677
0 0.878935 0.894141 0.031019 0.040885
0 0.626620 0.112630 0.063426 0.019531
0 0.628935 0.174089 0.068056 0.017448
0 0.436806 0.494401 0.035648 0.033073
0 0.480787 0.257422 0.021759 0.053906
0 0.216435 0.270443 0.030093 0.038281
0 0.311806 0.249609 0.026389 0.043490
0 0.797917 0.616797 0.026389 0.043490
0 0.094213 0.379818 0.026389 0.043490
0 0.457639 0.269141 0.077315 0.014844
0 0.327546 0.778255 0.020833 0.053906
0 0.828009 0.868099 0.021759 0.051302
0 0.156713 0.347266 0.031019 0.035677
0 0.929861 0.815365 0.058796 0.018750
0 0.031713 0.216406 0.021759 0.050000
0 0.510880 0.110286 0.072685 0.014844
0 0.057176 0.607682 0.026389 0.040885
0 0.580324 0.224870 0.026389 0.040885
0 0.512731 0.183203 0.030093 0.035677
0 0.302546 0.409505 0.072685 0.014323
0 0.568750 0.171484 0.031019 0.033073
0 0.939120 0.663672 0.058796 0.017448
0 0.029398 0.520443 0.026389 0.038281
0 0.439120 0.123307 0.021759 0.046094
0 0.953009 0.370703 0.021759 0.046094
0 0.115046 0.886068 0.021759 0.045573
0 0.272454 0.793620 0.058796 0.016927
0 0.578704 0.150000 0.060185 0.016146
0 0.740046 0.648047 0.077315 0.012240
0 0.235417 0.907161 0.031019 0.030469
0 0.334491 0.524349 0.062500 0.014844
0 0.295602 0.230729 0.021759 0.042188
0 0.518981 0.133724 0.061111 0.014844
0 0.853472 0.197526 0.026389 0.033073
0 0.128935 0.560547 0.058796 0.014323
0 0.050231 0.845964 0.068056 0.012240
0 0.374306 0.837891 0.021759 0.037760
0 0.844213 0.102474 0.026389 0.030469
0 0.071759 0.361589 0.064815 0.012240
0 0.733102 0.333984 0.026389 0.029948
0 0.383565 0.714453 0.021759 0.035677
0 0.165972 0.690755 0.021759 0.035156
0 0.369676 0.920182 0.077315 0.009635
0 0.198380 0.485286 0.077315 0.009635
0 0.300231 0.907161 0.077315 0.009635
0 0.211806 0.430599 0.076389 0.009635
0 0.179861 0.735286 0.049537 0.014844
0 0.694907 0.110286 0.024074 0.030469
0 0.823380 0.901302 0.086574 0.008333
0 0.234259 0.539974 0.075000 0.009635
0 0.387731 0.172786 0.048611 0.014844
0 0.365046 0.817318 0.021759 0.033073
0 0.573380 0.124609 0.021759 0.033073
0 0.490046 0.145443 0.058796 0.012240
0 0.712269 0.132422 0.021759 0.033073
0 0.469907 0.422786 0.074074 0.009635
0 0.080324 0.388932 0.017130 0.040885
0 0.159028 0.756120 0.072685 0.009635
0 0.964583 0.500260 0.017130 0.039583
0 0.858102 0.813151 0.072685 0.009115
0 0.751620 0.603776 0.054167 0.012240
0 0.299769 0.393490 0.048611 0.013542
0 0.538194 0.098568 0.053241 0.012240
0 0.478472 0.216797 0.026389 0.024740
0 0.739583 0.750911 0.067130 0.009635
0 0.073380 0.440365 0.077315 0.008333
0 0.157407 0.381510 0.060185 0.010417
0 0.321065 0.696224 0.017130 0.035677
0 0.506250 0.164974 0.063426 0.009635
0 0.946065 0.563411 0.017130 0.035677
0 0.934491 0.369401 0.021759 0.027865
0 0.432176 0.172135 0.017130 0.034375
0 0.781713 0.735286 0.058796 0.009635
0 0.927083 0.429297 0.016204 0.033073
0 0.050231 0.237630 0.021759 0.024740
0 0.529398 0.235286 0.054167 0.009635
0 0.163657 0.365495 0.017130 0.030469
0 0.839120 0.457292 0.016204 0.031771
0 0.334491 0.255859 0.016204 0.029948
0 0.170602 0.522786 0.012500 0.037760
0 0.116204 0.181250 0.042593 0.010937
0 0.242361 0.120443 0.044907 0.009115
