0 0.161343 0.844661 0.049537 0.113802
0 0.797917 0.866797 0.128241 0.043490
0 0.766667 0.260026 0.075000 0.069531
0 0.793981 0.605078 0.064815 0.072135
0 0.153241 0.317318 0.061111 0.059115
0 0.934028 0.898047 0.057870 0.059115
0 0.362269 0.302995 0.108796 0.030469
0 0.677546 0.511328 0.054167 0.051302
0 0.207639 0.881120 0.049537 0.051302
0 0.307176 0.758464 0.044907 0.055990
0 0.078009 0.597005 0.049537 0.050781
0 0.874306 0.792578 0.040278 0.061719
0 0.507407 0.503516 0.047222 0.051302
0 0.684491 0.921484 0.086574 0.027865
0 0.698380 0.205339 0.105093 0.022656
0 0.385880 0.158464 0.081944 0.027865
0 0.760880 0.314714 0.128241 0.017448
0 0.606944 0.343359 0.079630 0.027865
0 0.430556 0.245443 0.087963 0.024740
0 0.804861 0.449479 0.040278 0.052604
0 0.446528 0.569922 0.090278 0.022656
0 0.903935 0.438411 0.043981 0.046094
0 0.895139 0.612240 0.044907 0.044792
0 0.911343 0.944922 0.086574 0.022656
0 0.420602 0.697526 0.040278 0.048698
0 0.709954 0.736589 0.044907 0.043490
0 0.258565 0.504167 0.040278 0.047396
0 0.105787 0.643880 0.095833 0.019531
0 0.816435 0.707943 0.081944 0.022656
0 0.182176 0.554297 0.026389 0.069531
0 0.383565 0.684505 0.031019 0.059115
0 0.779398 0.347266 0.072685 0.025260
0 0.490046 0.927344 0.095833 0.018750
0 0.112731 0.617839 0.091204 0.019531
0 0.306713 0.537109 0.043981 0.040365
0 0.325694 0.443620 0.026389 0.066927
0 0.047917 0.767839 0.035648 0.048698
0 0.528935 0.534115 0.071759 0.023958
0 0.246991 0.634766 0.035648 0.048177
0 0.841898 0.759375 0.031019 0.055208
0 0.899306 0.882422 0.034722 0.048698
0 0.263194 0.741797 0.031019 0.053906
0 0.720370 0.228776 0.093519 0.017448
0 0.515972 0.873307 0.108796 0.014844
0 0.156713 0.677995 0.031019 0.051302
0 0.774769 0.439714 0.026389 0.059115
0 0.671759 0.253255 0.079630 0.019531
0 0.564120 0.584245 0.077315 0.020052
0 0.753935 0.329036 0.077315 0.020052
0 0.121991 0.520443 0.035648 0.043490
0 0.438657 0.345703 0.067130 0.022135
0 0.482639 0.318620 0.099537 0.014844
0 0.350000 0.341797 0.102778 0.014323
0 0.145833 0.369401 0.083333 0.017448
0 0.450694 0.498958 0.035648 0.039583
0 0.114583 0.196224 0.030093 0.046094
0 0.020139 0.517839 0.035648 0.038281
0 0.579167 0.464453 0.033333 0.040885
0 0.552546 0.464453 0.026389 0.051302
0 0.297917 0.912370 0.091204 0.014844
0 0.098380 0.551042 0.062500 0.021354
0 0.490046 0.691016 0.086574 0.014844
0 0.654398 0.327734 0.026389 0.048698
0 0.186806 0.648047 0.026389 0.048698
0 0.941435 0.748307 0.035648 0.035677
0 0.244213 0.211198 0.067130 0.018750
0 0.153935 0.541276 0.025463 0.048698
0 0.538657 0.435547 0.063426 0.019531
0 0.480324 0.339453 0.030093 0.040885
0 0.677546 0.266536 0.081944 0.014844
0 0.330324 0.399349 0.081944 0.014844
0 0.029398 0.784766 0.026389 0.046094
0 0.862731 0.255859 0.026389 0.045573
0 0.934491 0.856380 0.068056 0.017448
0 0.059491 0.757422 0.031019 0.038281
0 0.814120 0.882422 0.095833 0.012240
0 0.665972 0.693620 0.058796 0.020052
0 0.786343 0.808203 0.077315 0.014844
0 0.260880 0.835547 0.026389 0.043490
0 0.525231 0.668880 0.034722 0.033073
0 0.663657 0.866797 0.063426 0.017448
0 0.358796 0.584245 0.074074 0.014844
0 0.663657 0.946224 0.072685 0.014844
0 0.346528 0.631120 0.031019 0.034635
0 0.802083 0.696224 0.071759 0.014844
0 0.943750 0.603776 0.021759 0.048698
0 0.823380 0.288672 0.021759 0.048698
0 0.610417 0.163672 0.086574 0.012240
0 0.468056 0.279557 0.070370 0.014844
0 0.584491 0.696224 0.025463 0.040885
0 0.480787 0.848568 0.031019 0.033073
0 0.466898 0.236589 0.058796 0.017448
0 0.399769 0.739193 0.026389 0.038281
0 0.434491 0.672786 0.021759 0.046094
0 0.383102 0.579036 0.067130 0.014844
0 0.785185 0.523698 0.028704 0.034375
0 0.120833 0.228776 0.079630 0.012240
0 0.322917 0.214453 0.020833 0.046094
0 0.614583 0.211849 0.020833 0.046094
0 0.427546 0.835286 0.081944 0.011719
0 0.749306 0.429297 0.021759 0.043490
0 0.059491 0.497005 0.021759 0.043490
0 0.503935 0.219661 0.031019 0.030469
0 0.825694 0.247005 0.054167 0.017448
0 0.501620 0.392839 0.054167 0.017448
0 0.626620 0.683203 0.063426 0.014844
0 0.196065 0.612891 0.063426 0.014844
0 0.575694 0.144141 0.063426 0.014844
0 0.521296 0.290625 0.019444 0.047396
0 0.766667 0.371354 0.019444 0.047396
0 0.896991 0.502214 0.020833 0.043490
0 0.243056 0.387630 0.074074 0.012240
0 0.533565 0.559245 0.053241 0.016927
0 0.108102 0.744401 0.072685 0.012240
0 0.895139 0.564714 0.072685 0.012240
0 0.290972 0.901953 0.058796 0.014844
0 0.749306 0.474870 0.058796 0.014844
0 0.775926 0.776693 0.028704 0.029948
0 0.663657 0.361328 0.026389 0.032552
0 0.318750 0.508724 0.086574 0.009635
0 0.716898 0.192318 0.068056 0.012240
0 0.203009 0.947526 0.068056 0.012240
0 0.337269 0.931901 0.021759 0.038281
0 0.672917 0.191016 0.026389 0.030469
0 0.748843 0.684505 0.020833 0.038281
0 0.322222 0.365495 0.019444 0.040885
0 0.376620 0.821224 0.017130 0.046094
0 0.612269 0.897786 0.016204 0.048177
0 0.216898 0.157161 0.021759 0.035677
0 0.718750 0.433854 0.016204 0.047396
0 0.228009 0.651693 0.025463 0.029948
0 0.626157 0.396745 0.016204 0.046094
0 0.733102 0.551693 0.017130 0.043490
0 0.147454 0.276302 0.021759 0.034375
0 0.922917 0.757422 0.017130 0.043490
0 0.795602 0.556250 0.068056 0.010937
0 0.871991 0.212891 0.063426 0.011719
0 0.319444 0.314063 0.023148 0.031771
0 0.332639 0.831641 0.049537 0.014844
0 0.621991 0.516536 0.072685 0.009635
0 0.786343 0.121354 0.021759 0.031771
0 0.528241 0.196875 0.061111 0.010937
0 0.070602 0.795182 0.016204 0.040885
0 0.290972 0.776953 0.021759 0.030469
0 0.950694 0.525651 0.017130 0.038281
0 0.825694 0.536068 0.017130 0.038281
0 0.540972 0.250651 0.021759 0.029948
0 0.768981 0.718359 0.014815 0.043490
0 0.396296 0.602474 0.065741 0.009635
0 0.293287 0.418620 0.054167 0.011719
0 0.013194 0.226823 0.021759 0.029167
0 0.709954 0.364193 0.017130 0.035677
0 0.719213 0.589453 0.017130 0.035677
0 0.098843 0.393880 0.063426 0.009115
0 0.520139 0.405859 0.017130 0.033073
0 0.568750 0.662370 0.058796 0.009635
0 0.163657 0.176693 0.044907 0.012240
0 0.784028 0.373307 0.017130 0.030469
0 0.177546 0.573828 0.017130 0.030469
0 0.679861 0.533464 0.012500 0.038281
0 0.635417 0.204036 0.016204 0.029427
0 0.269676 0.362240 0.016204 0.029167
0 0.647454 0.191016 0.012500 0.035677
0 0.648611 0.762630 0.019444 0.022656
0 0.222685 0.407161 0.042593 0.009635
0 0.086111 0.797786 0.010185 0.035677
0 0.696065 0.157161 0.035648 0.009635
