0 0.708333 0.766536 0.125000 0.040885
0 0.392824 0.389974 0.058796 0.084635
0 0.253935 0.883724 0.132870 0.035677
0 0.795602 0.142839 0.114352 0.033073
0 0.193287 0.175391 0.057870 0.061719
0 0.682176 0.871354 0.100463 0.031771
0 0.823380 0.211849 0.049537 0.061719
0 0.337963 0.707943 0.106481 0.027865
0 0.366667 0.511979 0.111111 0.026562
0 0.615509 0.813411 0.094907 0.030469
0 0.332639 0.211589 0.040278 0.071615
0 0.777083 0.860286 0.049537 0.056510
0 0.216435 0.373047 0.048611 0.055990
0 0.582639 0.866797 0.095833 0.027865
0 0.883565 0.513932 0.049537 0.051302
0 0.337269 0.099870 0.095833 0.025260
0 0.841898 0.877214 0.049537 0.048698
0 0.705324 0.838542 0.100463 0.023438
0 0.353472 0.245703 0.091204 0.025260
0 0.428704 0.506120 0.037963 0.056510
0 0.323380 0.649349 0.105093 0.020052
0 0.570602 0.222005 0.081019 0.024740
0 0.879630 0.361328 0.037037 0.053385
0 0.614583 0.585547 0.085648 0.022656
0 0.557176 0.613542 0.044907 0.042188
0 0.121528 0.847005 0.034722 0.050781
0 0.314120 0.567318 0.077315 0.022656
0 0.832639 0.280599 0.031019 0.053385
0 0.677546 0.800391 0.081944 0.020052
0 0.466898 0.250260 0.086574 0.018750
0 0.499306 0.766536 0.031019 0.051302
0 0.580324 0.374609 0.091204 0.017448
0 0.186806 0.687109 0.026389 0.059115
0 0.659028 0.106380 0.035648 0.043490
0 0.716898 0.677995 0.077315 0.020052
0 0.462269 0.210547 0.068056 0.022656
0 0.446065 0.594661 0.026389 0.056510
0 0.215741 0.206380 0.075000 0.019531
0 0.348843 0.870703 0.035648 0.040885
0 0.406713 0.842057 0.031019 0.046094
0 0.863889 0.897786 0.028704 0.048177
0 0.705324 0.067969 0.100463 0.013542
0 0.110417 0.533464 0.031019 0.043490
0 0.693750 0.172786 0.086574 0.014844
0 0.496991 0.800391 0.063426 0.020052
0 0.608102 0.334245 0.035648 0.035677
0 0.337269 0.816016 0.031019 0.040885
0 0.802546 0.754557 0.072685 0.016927
0 0.913657 0.922786 0.081944 0.014844
0 0.894676 0.302995 0.081019 0.014844
0 0.348843 0.716406 0.063426 0.018750
0 0.235417 0.676693 0.031019 0.038281
0 0.911343 0.542578 0.058796 0.020052
0 0.293287 0.161068 0.035648 0.033073
0 0.594213 0.517839 0.026389 0.043490
0 0.359259 0.702734 0.065741 0.017448
0 0.096528 0.795182 0.021759 0.051302
0 0.559491 0.420182 0.031019 0.035677
0 0.770139 0.095964 0.063426 0.017448
0 0.392824 0.365234 0.031019 0.035156
0 0.760417 0.590755 0.062500 0.017448
0 0.603472 0.766536 0.072685 0.014844
0 0.707639 0.648047 0.058796 0.017448
0 0.138194 0.107682 0.068056 0.014844
0 0.242361 0.181901 0.026389 0.038281
0 0.399769 0.260026 0.026389 0.038281
0 0.369676 0.210286 0.031019 0.032552
0 0.608102 0.080078 0.026389 0.037760
0 0.624306 0.151693 0.068056 0.014323
0 0.735417 0.185807 0.031019 0.030469
0 0.936806 0.482682 0.026389 0.035677
0 0.188657 0.431250 0.057870 0.016146
0 0.679861 0.305339 0.031019 0.029948
0 0.843056 0.560807 0.061111 0.014844
0 0.315972 0.085286 0.053241 0.016927
0 0.257407 0.248307 0.028704 0.030469
0 0.318750 0.743099 0.058796 0.014844
0 0.841898 0.784766 0.058796 0.014844
0 0.744676 0.890234 0.068056 0.012240
0 0.781713 0.710547 0.068056 0.012240
0 0.112731 0.564063 0.017130 0.047396
0 0.098380 0.610677 0.025463 0.031250
0 0.241898 0.517839 0.016204 0.048698
0 0.109954 0.387370 0.020833 0.037760
0 0.271296 0.169922 0.019444 0.040365
0 0.108102 0.332943 0.017130 0.043490
0 0.713426 0.879818 0.061111 0.012240
0 0.427546 0.197526 0.026389 0.027865
0 0.471528 0.114193 0.058796 0.012240
0 0.293287 0.912370 0.072685 0.009635
0 0.807176 0.917578 0.072685 0.009635
0 0.170602 0.564063 0.021759 0.031771
0 0.656250 0.293880 0.020833 0.033073
0 0.216435 0.845703 0.057870 0.011719
0 0.171296 0.284766 0.069444 0.009635
0 0.330324 0.853776 0.017130 0.038281
0 0.659028 0.468359 0.017130 0.038281
0 0.971528 0.511068 0.021759 0.029948
0 0.988889 0.489193 0.019444 0.033073
0 0.908565 0.568620 0.062500 0.009635
0 0.986574 0.641276 0.024074 0.024740
0 0.159028 0.725521 0.054167 0.010937
0 0.265509 0.328385 0.017130 0.034375
0 0.369676 0.076432 0.058796 0.009635
0 0.890046 0.681901 0.016204 0.033073
0 0.552083 0.306901 0.043981 0.012240
0 0.987731 0.584245 0.017130 0.030469
0 0.511574 0.210547 0.018519 0.027865
0 0.772454 0.377865 0.012500 0.029167
0 0.541435 0.082943 0.048611 0.007031
0 0.993519 0.282813 0.010185 0.031771
0 0.765509 0.996354 0.026389 0.005729
0 0.610417 0.030599 0.021759 0.006510
0 0.662500 0.997656 0.024074 0.003125
