0 0.542130 0.583333 0.070370 0.070312
0 0.271296 0.791016 0.121296 0.037760
0 0.464583 0.638932 0.137500 0.030469
0 0.766204 0.795182 0.064815 0.061719
0 0.929861 0.536328 0.049537 0.079427
0 0.321065 0.442969 0.044907 0.086458
0 0.837269 0.838151 0.058796 0.053906
0 0.481944 0.513281 0.051852 0.060417
0 0.492361 0.769141 0.100463 0.030469
0 0.339120 0.285807 0.043981 0.069010
0 0.950231 0.256380 0.034722 0.087240
0 0.909028 0.555599 0.044907 0.066927
0 0.392824 0.770443 0.049537 0.059115
0 0.767824 0.521745 0.095833 0.030469
0 0.302546 0.773047 0.100463 0.027865
0 0.829861 0.684505 0.099537 0.027865
0 0.517824 0.493750 0.031019 0.083854
0 0.409028 0.852474 0.128241 0.020052
0 0.867361 0.835547 0.044907 0.053906
0 0.952546 0.168620 0.048611 0.048177
0 0.061806 0.214453 0.044907 0.051302
0 0.765509 0.465495 0.035648 0.063802
0 0.142824 0.887630 0.095833 0.022656
0 0.115046 0.757161 0.095833 0.022135
0 0.652083 0.430599 0.105093 0.020052
0 0.256250 0.136328 0.044907 0.046094
0 0.568750 0.137630 0.031019 0.064323
0 0.756250 0.721354 0.035648 0.054688
0 0.244676 0.870703 0.095833 0.020052
0 0.684491 0.477214 0.077315 0.024740
0 0.733102 0.292578 0.044907 0.040885
0 0.228472 0.344661 0.044907 0.040885
0 0.029398 0.735286 0.035648 0.051302
0 0.874306 0.468359 0.031019 0.053906
0 0.281713 0.680599 0.040278 0.040885
0 0.742361 0.404557 0.081944 0.020052
0 0.881250 0.136328 0.081944 0.020052
0 0.821065 0.855078 0.035648 0.046094
0 0.721528 0.779297 0.040278 0.040365
0 0.649769 0.692969 0.026389 0.060417
0 0.559491 0.735286 0.031019 0.051302
0 0.652083 0.104427 0.031019 0.050000
0 0.300231 0.847266 0.077315 0.020052
0 0.763194 0.381120 0.077315 0.020052
0 0.265509 0.556641 0.091204 0.016927
0 0.703009 0.741797 0.040278 0.038281
0 0.609954 0.608984 0.085648 0.017448
0 0.441435 0.375911 0.072685 0.020052
0 0.844213 0.394141 0.072685 0.020052
0 0.869213 0.202083 0.067130 0.021354
0 0.781713 0.740495 0.031019 0.046094
0 0.941435 0.549089 0.026389 0.053906
0 0.656713 0.388932 0.095833 0.014844
0 0.578009 0.847005 0.031019 0.045573
0 0.693750 0.708594 0.031019 0.044792
0 0.385880 0.832943 0.035648 0.038281
0 0.876620 0.797526 0.026389 0.050781
0 0.322917 0.089193 0.067130 0.019531
0 0.881944 0.429297 0.106481 0.012240
0 0.179398 0.705078 0.076389 0.016927
0 0.823380 0.266536 0.086574 0.014844
0 0.862731 0.370703 0.035648 0.035677
0 0.659028 0.502214 0.072685 0.017448
0 0.397454 0.802995 0.031019 0.040885
0 0.906250 0.670573 0.030093 0.041667
0 0.622454 0.180599 0.062500 0.020052
0 0.159028 0.651693 0.063426 0.019531
0 0.452546 0.805599 0.030093 0.040885
0 0.862731 0.439453 0.072685 0.016927
0 0.793287 0.162370 0.026389 0.046094
0 0.413657 0.493099 0.026389 0.046094
0 0.719213 0.555599 0.081944 0.014844
0 0.918287 0.516536 0.026389 0.046094
0 0.947917 0.474609 0.030093 0.040365
0 0.730787 0.641536 0.058796 0.020052
0 0.573380 0.197526 0.021759 0.053906
0 0.948380 0.231641 0.031019 0.037760
0 0.670602 0.702474 0.031019 0.037760
0 0.072917 0.753516 0.057870 0.020052
0 0.147454 0.376563 0.021759 0.052604
0 0.080324 0.869401 0.026389 0.043490
0 0.675231 0.110026 0.021759 0.050781
0 0.716898 0.094661 0.031019 0.035677
0 0.450231 0.326432 0.071759 0.014844
0 0.610417 0.455990 0.031019 0.034375
0 0.332639 0.431901 0.021759 0.048698
0 0.156713 0.853516 0.021759 0.048177
0 0.811806 0.521094 0.026389 0.039583
0 0.295602 0.704036 0.068056 0.014844
0 0.663657 0.606380 0.026389 0.038281
0 0.284028 0.184505 0.081944 0.012240
0 0.214583 0.121745 0.026389 0.037760
0 0.790972 0.376953 0.058796 0.016927
0 0.159028 0.765885 0.072685 0.013542
0 0.800231 0.819922 0.021759 0.043490
0 0.936806 0.791276 0.017130 0.053906
0 0.385417 0.688151 0.062500 0.014323
0 0.096528 0.802995 0.021759 0.040885
0 0.689120 0.377604 0.068056 0.013021
0 0.589120 0.655859 0.071759 0.012240
0 0.146991 0.690365 0.030093 0.029167
0 0.419444 0.766536 0.028704 0.030469
0 0.196065 0.218359 0.026389 0.033073
0 0.821065 0.588151 0.017130 0.048698
0 0.772454 0.116797 0.021759 0.038281
0 0.869676 0.715755 0.021759 0.038281
0 0.212269 0.694922 0.068056 0.012240
0 0.932176 0.425391 0.054167 0.014844
0 0.696065 0.162370 0.026389 0.030469
0 0.422917 0.177995 0.054167 0.014844
0 0.471528 0.992448 0.058796 0.013542
0 0.237731 0.618099 0.081944 0.009635
0 0.788657 0.366797 0.063426 0.012240
0 0.754630 0.342057 0.050926 0.014844
0 0.348843 0.383464 0.081944 0.009115
0 0.612731 0.383464 0.081944 0.009115
0 0.959491 0.276953 0.016204 0.046094
0 0.517824 0.802995 0.077315 0.009635
0 0.052546 0.843359 0.017130 0.043490
0 0.050231 0.505469 0.021759 0.034375
0 0.175231 0.625911 0.049537 0.014844
0 0.763194 0.192318 0.021759 0.033073
0 0.490046 0.760026 0.058796 0.012240
0 0.091898 0.723568 0.021759 0.033073
0 0.906713 0.358984 0.058796 0.012240
0 0.402083 0.411068 0.021759 0.033073
0 0.638194 0.299089 0.021759 0.033073
0 0.696065 0.362891 0.072685 0.009635
0 0.436806 0.235286 0.072685 0.009635
0 0.543287 0.331641 0.017130 0.040885
0 0.545602 0.509375 0.021759 0.031771
0 0.385880 0.602214 0.072685 0.009115
0 0.413657 0.156901 0.072685 0.009115
0 0.595370 0.345964 0.019444 0.033073
0 0.830324 0.404557 0.017130 0.035677
0 0.834954 0.088802 0.017130 0.034375
0 0.895139 0.182943 0.063426 0.009115
0 0.242361 0.504818 0.017130 0.033073
0 0.487731 0.165625 0.017130 0.031771
0 0.228472 0.704036 0.054167 0.009635
0 0.892824 0.542578 0.012500 0.040885
0 0.501620 0.878255 0.017130 0.029948
0 0.080324 0.372005 0.017130 0.027865
0 0.566435 0.426693 0.017130 0.027865
0 0.869676 0.310547 0.049537 0.009115
0 0.716435 0.466797 0.048611 0.009115
0 0.905556 0.483984 0.019444 0.022656
0 0.380093 0.568620 0.042593 0.009635
0 0.751620 0.094661 0.017130 0.020052
0 0.561806 0.041016 0.026389 0.006510
