0 0.433333 0.446224 0.139815 0.035677
0 0.858102 0.275391 0.044907 0.100260
0 0.067593 0.620703 0.056481 0.077344
0 0.904398 0.702734 0.044907 0.085156
0 0.584954 0.758724 0.100463 0.030469
0 0.248148 0.452734 0.047222 0.064323
0 0.052546 0.836849 0.044907 0.066927
0 0.323380 0.625260 0.095833 0.029167
0 0.637731 0.760026 0.094907 0.027865
0 0.378935 0.736328 0.049537 0.053385
0 0.855787 0.631120 0.049537 0.051302
0 0.617361 0.309505 0.091204 0.027865
0 0.524769 0.876953 0.091204 0.027344
0 0.726157 0.489844 0.049537 0.050000
0 0.671296 0.426693 0.087963 0.027865
0 0.177546 0.559505 0.044907 0.053906
0 0.756250 0.236589 0.044907 0.053906
0 0.235417 0.705339 0.049537 0.048698
0 0.582639 0.431901 0.105093 0.022656
0 0.234722 0.619401 0.083333 0.027865
0 0.330324 0.172786 0.091204 0.025260
0 0.515509 0.373307 0.091204 0.025260
0 0.191435 0.155859 0.081944 0.027865
0 0.936806 0.146484 0.091204 0.024740
0 0.080324 0.244401 0.044907 0.048698
0 0.778241 0.337891 0.098148 0.022135
0 0.899769 0.860938 0.100463 0.021354
0 0.362731 0.309505 0.026389 0.079948
0 0.867361 0.187109 0.118981 0.017448
0 0.686806 0.399349 0.081944 0.025260
0 0.682176 0.183203 0.100463 0.020052
0 0.272454 0.547786 0.077315 0.025260
0 0.584954 0.525651 0.081944 0.022656
0 0.568750 0.570573 0.077315 0.023958
0 0.434491 0.658464 0.105093 0.017448
0 0.420139 0.633724 0.039352 0.046094
0 0.514352 0.787109 0.088889 0.019531
0 0.802546 0.700130 0.035648 0.048698
0 0.353472 0.767578 0.035648 0.048177
0 0.374306 0.191016 0.114352 0.014844
0 0.431713 0.387370 0.099537 0.016927
0 0.094213 0.890234 0.072685 0.022656
0 0.109954 0.677995 0.039352 0.040885
0 0.885417 0.099870 0.034722 0.046094
0 0.753935 0.612891 0.031019 0.051302
0 0.365046 0.576432 0.031019 0.051302
0 0.292824 0.146484 0.081019 0.019531
0 0.374306 0.881120 0.077315 0.020052
0 0.339583 0.556901 0.035648 0.043490
0 0.457639 0.718359 0.040278 0.038281
0 0.314120 0.408464 0.068056 0.022656
0 0.429861 0.343359 0.068056 0.022656
0 0.242361 0.115495 0.100463 0.014844
0 0.427546 0.727474 0.026389 0.056510
0 0.568750 0.290625 0.040278 0.036979
0 0.505093 0.482682 0.098148 0.014844
0 0.168287 0.414714 0.100463 0.014323
0 0.752083 0.701432 0.071759 0.020052
0 0.265509 0.135026 0.081944 0.017448
0 0.404398 0.466797 0.072685 0.019531
0 0.679398 0.602474 0.039352 0.035677
0 0.573380 0.149089 0.095833 0.014323
0 0.731481 0.681641 0.115741 0.011719
0 0.395139 0.614193 0.035648 0.038281
0 0.047917 0.445573 0.026389 0.050000
0 0.383565 0.157161 0.086574 0.014844
0 0.612731 0.672786 0.063426 0.020052
0 0.700694 0.873307 0.063426 0.020052
0 0.811806 0.593359 0.100463 0.012240
0 0.952546 0.297786 0.030093 0.040885
0 0.932176 0.300391 0.026389 0.046094
0 0.793287 0.237891 0.026389 0.046094
0 0.924769 0.805339 0.030093 0.040365
0 0.584954 0.633464 0.026389 0.045573
0 0.737731 0.310156 0.063426 0.018750
0 0.105787 0.473568 0.021759 0.053906
0 0.260880 0.317318 0.035648 0.033073
0 0.563657 0.340755 0.067130 0.017448
0 0.459954 0.577474 0.035648 0.032552
0 0.888194 0.834896 0.105093 0.010937
0 0.776620 0.395443 0.030093 0.038281
0 0.448380 0.545573 0.021759 0.052083
0 0.230324 0.194922 0.020833 0.053906
0 0.624306 0.607422 0.077315 0.014323
0 0.325694 0.153255 0.063426 0.017448
0 0.047454 0.517839 0.062500 0.017448
0 0.858102 0.387370 0.063426 0.016927
0 0.953009 0.775651 0.021759 0.048698
0 0.793287 0.755859 0.072685 0.014323
0 0.165972 0.398047 0.058796 0.017448
0 0.089583 0.411068 0.026389 0.038281
0 0.112269 0.865885 0.025463 0.039062
0 0.462269 0.423828 0.058796 0.016927
0 0.128935 0.713802 0.031019 0.031771
0 0.073380 0.672786 0.031019 0.030469
0 0.584954 0.706641 0.026389 0.035677
0 0.552546 0.394141 0.026389 0.035677
0 0.260880 0.282161 0.026389 0.035677
0 0.532407 0.495052 0.069444 0.013542
0 0.459954 0.275651 0.072685 0.012240
0 0.277083 0.698828 0.021759 0.040885
0 0.716898 0.101823 0.021759 0.039583
0 0.583796 0.374609 0.070370 0.012240
0 0.774769 0.866536 0.026389 0.032552
0 0.439120 0.153255 0.021759 0.038281
0 0.718750 0.845703 0.025463 0.032552
0 0.915972 0.686849 0.021759 0.037760
0 0.557176 0.433203 0.054167 0.014844
0 0.471528 0.992448 0.058796 0.013542
0 0.552546 0.589453 0.081944 0.009635
0 0.147454 0.641536 0.021759 0.035677
0 0.333796 0.461849 0.051852 0.014844
0 0.487731 0.145443 0.026389 0.027865
0 0.494676 0.900651 0.058796 0.012240
0 0.408565 0.528255 0.025463 0.027865
0 0.529398 0.829036 0.017130 0.040885
0 0.552546 0.612891 0.017130 0.040885
0 0.795602 0.840495 0.058796 0.011719
0 0.642361 0.332682 0.020833 0.032552
0 0.246528 0.680599 0.016204 0.040885
0 0.343750 0.802995 0.016204 0.040885
0 0.116898 0.633724 0.016204 0.040885
0 0.325694 0.489193 0.054167 0.012240
0 0.068287 0.506120 0.067130 0.009635
0 0.390509 0.263932 0.017130 0.035677
0 0.878935 0.304297 0.049537 0.012240
0 0.742361 0.276302 0.017130 0.034375
0 0.357639 0.490495 0.016204 0.035677
0 0.723380 0.776693 0.062500 0.009115
0 0.281713 0.745703 0.058796 0.009635
0 0.734954 0.927995 0.057870 0.009635
0 0.339583 0.209896 0.017130 0.031771
0 0.191435 0.592057 0.017130 0.030469
0 0.707639 0.226172 0.012500 0.038281
0 0.598843 0.093359 0.017130 0.027865
0 0.679398 0.286068 0.011574 0.038281
0 0.966898 0.350130 0.012500 0.035156
0 0.328009 0.230078 0.021759 0.020052
0 0.485417 0.612891 0.021759 0.020052
0 0.821065 0.258724 0.017130 0.025260
0 0.785880 0.307552 0.011574 0.036979
0 0.656713 0.106380 0.058796 0.007031
0 0.672454 0.836849 0.016204 0.025260
0 0.408565 0.800391 0.016204 0.025260
0 0.026620 0.213151 0.011574 0.033073
0 0.723843 0.751953 0.044907 0.006510
