0 0.596528 0.300130 0.179167 0.061198
0 0.100000 0.982031 0.195370 0.034375
0 0.809491 0.247005 0.068056 0.074740
0 0.865046 0.296484 0.114352 0.038281
0 0.121991 0.184505 0.063426 0.064323
0 0.101157 0.691667 0.058796 0.063021
0 0.478472 0.702734 0.100463 0.033073
0 0.080324 0.563411 0.044907 0.072135
0 0.484954 0.110286 0.104167 0.030469
0 0.883565 0.504818 0.058796 0.053906
0 0.594213 0.461849 0.118981 0.025260
0 0.448380 0.623307 0.095833 0.030469
0 0.369676 0.740495 0.095833 0.030469
0 0.284028 0.704036 0.109722 0.025260
0 0.206481 0.737891 0.047222 0.056510
0 0.911343 0.177734 0.086574 0.029948
0 0.712269 0.511068 0.086574 0.029948
0 0.054861 0.390234 0.031019 0.079948
0 0.402083 0.247005 0.049537 0.048698
0 0.421759 0.886328 0.088889 0.025260
0 0.667130 0.590755 0.079630 0.027865
0 0.212269 0.560156 0.049537 0.044792
0 0.777083 0.795182 0.086574 0.025260
0 0.439120 0.205339 0.095833 0.022656
0 0.716898 0.877214 0.095833 0.022656
0 0.244676 0.278255 0.095833 0.022656
0 0.135880 0.426693 0.091204 0.022656
0 0.952546 0.771745 0.039352 0.051302
0 0.543287 0.608984 0.044907 0.043490
0 0.869676 0.209245 0.077315 0.025260
0 0.559491 0.743099 0.095833 0.020052
0 0.240046 0.378516 0.040278 0.046094
0 0.665972 0.261328 0.040278 0.046094
0 0.105787 0.810807 0.040278 0.046094
0 0.784028 0.562109 0.081944 0.022656
0 0.792824 0.151953 0.043981 0.040885
0 0.510880 0.136068 0.072685 0.024740
0 0.867361 0.229818 0.091204 0.019531
0 0.862731 0.401953 0.026389 0.066927
0 0.328009 0.278255 0.077315 0.022656
0 0.045602 0.851172 0.077315 0.022656
0 0.471528 0.835547 0.095833 0.017448
0 0.325694 0.257422 0.072685 0.022656
0 0.253472 0.197526 0.030093 0.053906
0 0.134722 0.564714 0.033333 0.048698
0 0.434028 0.493099 0.039352 0.040885
0 0.295602 0.760026 0.040278 0.038281
0 0.941435 0.728516 0.035648 0.042969
0 0.573380 0.793880 0.086574 0.017448
0 0.198380 0.103776 0.086574 0.017448
0 0.549769 0.082943 0.039352 0.038281
0 0.820602 0.595703 0.025463 0.058594
0 0.876620 0.850521 0.091204 0.016146
0 0.609259 0.648047 0.037963 0.038281
0 0.052083 0.297786 0.071759 0.020052
0 0.649769 0.392839 0.026389 0.053906
0 0.476157 0.089453 0.068056 0.020052
0 0.397454 0.802995 0.068056 0.020052
0 0.510880 0.579036 0.091204 0.014844
0 0.420602 0.691016 0.021759 0.061719
0 0.152083 0.741797 0.031019 0.043490
0 0.364583 0.865495 0.067130 0.020052
0 0.596528 0.779297 0.068056 0.019531
0 0.168287 0.513672 0.091204 0.014323
0 0.265509 0.238932 0.109722 0.011719
0 0.540972 0.206641 0.086574 0.014844
0 0.612731 0.631120 0.063426 0.020052
0 0.543287 0.560807 0.063426 0.020052
0 0.716435 0.451432 0.030093 0.040885
0 0.903241 0.789974 0.061111 0.020052
0 0.325231 0.687109 0.099537 0.012240
0 0.075694 0.175391 0.026389 0.046094
0 0.128935 0.088151 0.068056 0.017448
0 0.040972 0.171484 0.031019 0.038281
0 0.772454 0.845964 0.068056 0.017448
0 0.417130 0.167578 0.079630 0.014844
0 0.770139 0.314714 0.035648 0.033073
0 0.781713 0.413411 0.031019 0.037760
0 0.811806 0.424089 0.026389 0.043490
0 0.218750 0.616797 0.034722 0.032031
0 0.485417 0.320964 0.077315 0.014323
0 0.466898 0.394141 0.031019 0.035677
0 0.908565 0.072526 0.062500 0.017448
0 0.420139 0.094661 0.030093 0.035677
0 0.566435 0.111328 0.063426 0.016927
0 0.587269 0.473307 0.086574 0.011719
0 0.196065 0.330339 0.026389 0.038281
0 0.031713 0.118099 0.021759 0.046094
0 0.913657 0.652995 0.026389 0.037760
0 0.165509 0.206380 0.020833 0.045573
0 0.723843 0.636328 0.063426 0.014844
0 0.440972 0.360286 0.062500 0.014844
0 0.240046 0.493099 0.021759 0.040885
0 0.170602 0.727474 0.021759 0.040885
0 0.469213 0.864193 0.072685 0.012240
0 0.244676 0.227474 0.058796 0.014844
0 0.552083 0.142839 0.025463 0.033073
0 0.790972 0.809505 0.068056 0.012240
0 0.631250 0.360286 0.026389 0.030469
0 0.795139 0.080339 0.020833 0.038281
0 0.696065 0.732682 0.081944 0.009635
0 0.320602 0.302995 0.081019 0.009635
0 0.696065 0.765234 0.063426 0.012240
0 0.841898 0.417578 0.021759 0.035677
0 0.272454 0.654557 0.077315 0.009635
0 0.061806 0.164714 0.017130 0.040365
0 0.357639 0.173177 0.016204 0.041667
0 0.251620 0.711849 0.026389 0.025260
0 0.353472 0.377214 0.054167 0.012240
0 0.307176 0.671484 0.054167 0.012240
0 0.469907 0.183203 0.064815 0.009635
0 0.839583 0.474870 0.017130 0.035677
0 0.395139 0.276953 0.063426 0.009635
0 0.770139 0.344661 0.017130 0.035677
0 0.700694 0.213802 0.017130 0.034375
0 0.612731 0.254818 0.017130 0.033073
0 0.770139 0.502214 0.017130 0.033073
0 0.086806 0.092057 0.057870 0.009635
0 0.579167 0.896745 0.056481 0.009635
0 0.526620 0.188411 0.020833 0.025260
0 0.779398 0.706641 0.054167 0.009635
0 0.941435 0.651953 0.017130 0.030469
0 0.575694 0.230078 0.017130 0.030469
0 0.777083 0.586849 0.049537 0.009635
0 0.260880 0.499609 0.035648 0.012240
0 0.638194 0.728776 0.012500 0.033073
0 0.758102 0.985026 0.020833 0.019531
0 0.605324 0.719661 0.039352 0.009635
0 0.320602 0.887630 0.016204 0.022656
0 0.626620 0.388932 0.035648 0.009635
0 0.478472 0.159766 0.035648 0.009635
