0 0.358102 0.549089 0.081944 0.074740
0 0.554861 0.642839 0.197685 0.027865
0 0.128935 0.523047 0.068056 0.064323
0 0.955324 0.718359 0.054167 0.069531
0 0.927546 0.608984 0.044907 0.074740
0 0.409028 0.049089 0.183796 0.017448
0 0.145139 0.871745 0.109722 0.027344
0 0.439120 0.081641 0.132870 0.020052
0 0.616898 0.210547 0.081019 0.027865
0 0.758565 0.613932 0.040278 0.048177
0 0.906713 0.318359 0.077315 0.024740
0 0.457639 0.188151 0.095833 0.019531
0 0.075694 0.597266 0.072685 0.025260
0 0.297454 0.862891 0.090278 0.020052
0 0.758102 0.437109 0.030093 0.059115
0 0.492361 0.640885 0.072685 0.023958
0 0.142824 0.308203 0.040278 0.040885
0 0.587269 0.648047 0.132870 0.012240
0 0.385880 0.560807 0.026389 0.056510
0 0.971065 0.457943 0.020833 0.069531
0 0.949537 0.102214 0.098148 0.014323
0 0.941435 0.084245 0.091204 0.014844
0 0.721528 0.705339 0.031019 0.043490
0 0.240046 0.400651 0.021759 0.059115
0 0.550231 0.105078 0.086574 0.014844
0 0.962269 0.732682 0.031019 0.040885
0 0.610417 0.176693 0.068056 0.017448
0 0.078009 0.434505 0.021759 0.053906
0 0.508102 0.426693 0.085648 0.012240
0 0.513194 0.137370 0.086574 0.011719
0 0.413657 0.085547 0.081944 0.012240
0 0.807176 0.516536 0.026389 0.035677
0 0.765046 0.088151 0.071759 0.012240
0 0.464583 0.076172 0.081944 0.009115
0 0.337269 0.117839 0.077315 0.009115
0 0.626620 0.125911 0.072685 0.009635
0 0.638194 0.070964 0.068056 0.009115
0 0.209954 0.670182 0.054167 0.009635
0 0.015509 0.607031 0.026389 0.008333
