0 0.536343 0.620703 0.225463 0.046094
0 0.698380 0.774349 0.197685 0.040885
0 0.388194 0.711849 0.068056 0.103385
0 0.310185 0.735938 0.069444 0.083854
0 0.784028 0.898047 0.146759 0.033073
0 0.212269 0.749609 0.132870 0.033073
0 0.702546 0.733984 0.131944 0.027865
0 0.742361 0.249609 0.109722 0.033073
0 0.721528 0.821224 0.114352 0.030469
0 0.876620 0.103776 0.054167 0.059115
0 0.787500 0.843099 0.116667 0.027344
0 0.811806 0.089453 0.054167 0.056510
0 0.793287 0.877865 0.091204 0.030729
0 0.418287 0.791276 0.100463 0.027865
0 0.770139 0.110286 0.091204 0.030469
0 0.744676 0.766536 0.105093 0.025260
0 0.064120 0.684245 0.040278 0.063802
0 0.422917 0.887630 0.091204 0.027865
0 0.524769 0.766536 0.044907 0.056510
0 0.928704 0.188411 0.047222 0.051302
0 0.246991 0.685156 0.128241 0.018750
0 0.723380 0.794922 0.090278 0.024740
0 0.464583 0.149089 0.109722 0.019531
0 0.876157 0.297786 0.034722 0.056510
0 0.429861 0.687109 0.086574 0.022656
0 0.686806 0.838151 0.109722 0.017448
0 0.795602 0.139583 0.040278 0.047396
0 0.103472 0.570964 0.035648 0.050781
0 0.793287 0.166016 0.035648 0.037760
0 0.334954 0.754818 0.026389 0.048698
0 0.679398 0.146745 0.085648 0.014844
0 0.876620 0.837891 0.072685 0.016927
0 0.087269 0.631120 0.068056 0.014844
0 0.617361 0.148047 0.017130 0.043490
0 0.769676 0.132422 0.053241 0.012240
0 0.313657 0.063411 0.067130 0.009635
0 0.640509 0.929297 0.044907 0.012240
0 0.988889 0.776953 0.019444 0.020052
0 0.096528 0.993099 0.040278 0.009635
