0 0.066435 0.727865 0.072685 0.098958
0 0.847685 0.162370 0.144444 0.035677
0 0.192593 0.495052 0.139815 0.034375
0 0.438657 0.865495 0.141204 0.030469
0 0.802546 0.616797 0.118981 0.033073
0 0.517824 0.793229 0.049537 0.073438
0 0.258565 0.651953 0.058796 0.061719
0 0.596528 0.440365 0.114352 0.029167
0 0.045139 0.476823 0.048611 0.065625
0 0.142824 0.127214 0.095833 0.033073
0 0.522454 0.643490 0.105093 0.029167
0 0.436806 0.719661 0.100463 0.030469
0 0.878935 0.193620 0.095833 0.030469
0 0.921296 0.390885 0.050926 0.050000
0 0.656713 0.288672 0.031019 0.079948
0 0.216898 0.191016 0.123611 0.020052
0 0.855787 0.873307 0.095833 0.025260
0 0.807176 0.835286 0.044907 0.053385
0 0.659028 0.337500 0.044907 0.052604
0 0.164352 0.801693 0.083333 0.027865
0 0.226157 0.836849 0.049537 0.046094
0 0.177546 0.470964 0.100463 0.022656
0 0.573380 0.302734 0.049537 0.045573
0 0.279398 0.823177 0.044907 0.050000
0 0.418287 0.753516 0.109722 0.020052
0 0.043287 0.526953 0.035648 0.061719
0 0.865046 0.140234 0.095833 0.022656
0 0.052546 0.631120 0.044907 0.046094
0 0.121991 0.839193 0.081944 0.024740
0 0.869676 0.793880 0.031019 0.064323
0 0.198380 0.334245 0.077315 0.025260
0 0.221065 0.614193 0.039352 0.048698
0 0.825694 0.491146 0.035648 0.052604
0 0.807176 0.402344 0.044907 0.041667
0 0.499306 0.461849 0.040278 0.046094
0 0.115046 0.172526 0.040278 0.045573
0 0.654398 0.188411 0.072685 0.025260
0 0.116898 0.456380 0.043981 0.040365
0 0.233102 0.232682 0.118981 0.014844
0 0.911343 0.822526 0.040278 0.043490
0 0.149769 0.759766 0.035648 0.048177
0 0.161343 0.155859 0.040278 0.042448
0 0.367361 0.559505 0.072685 0.022656
0 0.603472 0.633724 0.081944 0.020052
0 0.274769 0.255859 0.081944 0.019531
0 0.240046 0.375911 0.031019 0.051302
0 0.538194 0.521745 0.025463 0.061719
0 0.793287 0.351172 0.026389 0.059115
0 0.295602 0.115495 0.077315 0.020052
0 0.084954 0.325130 0.035648 0.043490
0 0.457176 0.476172 0.067130 0.022656
0 0.721528 0.210547 0.086574 0.017448
0 0.145139 0.151953 0.100463 0.014844
0 0.020139 0.550391 0.035648 0.040885
0 0.436806 0.123047 0.100463 0.014323
0 0.163657 0.373047 0.035648 0.040365
0 0.196065 0.379557 0.026389 0.053385
0 0.063657 0.774349 0.039352 0.035677
0 0.322917 0.269141 0.030093 0.046094
0 0.822917 0.230078 0.030093 0.046094
0 0.258565 0.263932 0.068056 0.020052
0 0.198380 0.258724 0.068056 0.020052
0 0.892824 0.736328 0.031019 0.042969
0 0.757407 0.550130 0.037963 0.035156
0 0.709491 0.543229 0.062500 0.021354
0 0.605324 0.658464 0.076389 0.017448
0 0.339120 0.194922 0.034722 0.038281
0 0.724306 0.642839 0.034722 0.038281
0 0.520139 0.298438 0.081944 0.016146
0 0.748148 0.474870 0.065741 0.020052
0 0.661343 0.696224 0.086574 0.014844
0 0.478472 0.812109 0.026389 0.048698
0 0.663657 0.524349 0.035648 0.035677
0 0.948380 0.326432 0.031019 0.040885
0 0.036343 0.743099 0.021759 0.056510
0 0.841898 0.547786 0.021759 0.056510
0 0.067593 0.274349 0.061111 0.020052
0 0.608102 0.232682 0.081944 0.014844
0 0.763194 0.671484 0.068056 0.017448
0 0.786343 0.141536 0.058796 0.020052
0 0.212269 0.687760 0.086574 0.013542
0 0.824074 0.641276 0.060185 0.019531
0 0.214583 0.408203 0.035648 0.032552
0 0.763194 0.319271 0.031019 0.036979
0 0.532870 0.346615 0.061111 0.018750
0 0.843056 0.406901 0.079630 0.014323
0 0.869213 0.185807 0.076389 0.014844
0 0.338426 0.266927 0.024074 0.046875
0 0.615046 0.244141 0.095833 0.011719
0 0.605787 0.261068 0.077315 0.014323
0 0.675231 0.266536 0.031019 0.035677
0 0.550231 0.727474 0.031019 0.035677
0 0.747685 0.246745 0.064815 0.016927
0 0.890046 0.464453 0.071759 0.014844
0 0.828009 0.332943 0.021759 0.048698
0 0.462269 0.233984 0.086574 0.012240
0 0.767824 0.348568 0.031019 0.033073
0 0.448380 0.567318 0.031019 0.033073
0 0.936806 0.442318 0.026389 0.038281
0 0.346528 0.776953 0.068056 0.014844
0 0.367361 0.536068 0.081944 0.012240
0 0.786343 0.907161 0.021759 0.046094
0 0.888194 0.664974 0.021759 0.046094
0 0.692593 0.233984 0.056481 0.017448
0 0.809491 0.775651 0.021759 0.043490
0 0.621991 0.909766 0.063426 0.014844
0 0.550231 0.371745 0.077315 0.011719
0 0.925231 0.584245 0.021759 0.040885
0 0.953009 0.547786 0.021759 0.040885
0 0.205324 0.356380 0.026389 0.033073
0 0.348380 0.598958 0.025463 0.033854
0 0.524769 0.257422 0.017130 0.048698
0 0.142824 0.515234 0.021759 0.038281
0 0.730787 0.882422 0.068056 0.012240
0 0.589583 0.493099 0.017130 0.046094
0 0.258102 0.458984 0.085648 0.009115
0 0.483102 0.205339 0.063426 0.012240
0 0.074537 0.261328 0.051852 0.014844
0 0.069444 0.537370 0.078704 0.009635
0 0.213426 0.132422 0.061111 0.012240
0 0.209954 0.536068 0.026389 0.027865
0 0.115046 0.808203 0.049537 0.014844
0 0.837269 0.866797 0.058796 0.012240
0 0.846065 0.395443 0.057870 0.012240
0 0.428241 0.498307 0.027778 0.025260
0 0.696065 0.165234 0.017130 0.040365
0 0.678704 0.711589 0.047222 0.014323
0 0.205324 0.797786 0.044907 0.014844
0 0.589583 0.440755 0.026389 0.024740
0 0.313657 0.410417 0.057870 0.010937
0 0.709491 0.322526 0.016204 0.038281
0 0.431713 0.799089 0.016204 0.038281
0 0.061806 0.219661 0.017130 0.035677
0 0.422917 0.175391 0.063426 0.009635
0 0.325694 0.279557 0.017130 0.035677
0 0.348843 0.118099 0.063426 0.009635
0 0.464583 0.537370 0.017130 0.035677
0 0.858102 0.355339 0.017130 0.035156
0 0.510880 0.469401 0.017130 0.035156
0 0.946065 0.791927 0.017130 0.034375
0 0.390046 0.151953 0.016204 0.035677
0 0.772454 0.584245 0.058796 0.009635
0 0.910185 0.499609 0.019444 0.027865
0 0.392824 0.748047 0.058796 0.009115
0 0.932176 0.281510 0.063426 0.008333
0 0.510880 0.219661 0.054167 0.009635
0 0.876620 0.727474 0.017130 0.030469
0 0.689120 0.507812 0.021759 0.023438
0 0.566435 0.202474 0.017130 0.027344
0 0.844213 0.699479 0.017130 0.026562
0 0.392361 0.305339 0.048611 0.009115
0 0.013194 0.330339 0.012500 0.033073
0 0.605787 0.760026 0.058796 0.007031
0 0.782870 0.384766 0.051852 0.006510
0 0.512037 0.997656 0.028704 0.003125
