0 0.429861 0.656901 0.049537 0.066406
0 0.923380 0.879557 0.099537 0.032552
0 0.840741 0.255469 0.056481 0.055208
0 0.949537 0.175391 0.098148 0.030469
0 0.721528 0.739193 0.105093 0.027865
0 0.209954 0.720964 0.044907 0.064323
0 0.904398 0.182552 0.091204 0.029167
0 0.927546 0.274349 0.100463 0.025260
0 0.531713 0.897396 0.049537 0.047396
0 0.646296 0.472266 0.037963 0.061719
0 0.253935 0.490495 0.049537 0.046094
0 0.121528 0.713151 0.099537 0.022656
0 0.670602 0.877214 0.095833 0.022656
0 0.362731 0.228776 0.091204 0.022656
0 0.834954 0.362891 0.100463 0.020052
0 0.103472 0.136328 0.035648 0.056510
0 0.469213 0.483984 0.044907 0.043490
0 0.418287 0.551693 0.035648 0.053906
0 0.409028 0.285417 0.035648 0.052604
0 0.177083 0.274349 0.034722 0.051302
0 0.439120 0.584245 0.086574 0.020052
0 0.179861 0.382161 0.040278 0.042969
0 0.112269 0.395443 0.034722 0.048698
0 0.503935 0.252214 0.095833 0.017448
0 0.700694 0.709245 0.035648 0.046094
0 0.936806 0.248307 0.109722 0.014844
0 0.756250 0.231380 0.091204 0.017448
0 0.675231 0.220312 0.095833 0.016146
0 0.480324 0.414974 0.076389 0.020052
0 0.660880 0.398047 0.030093 0.048698
0 0.263194 0.762630 0.021759 0.064323
0 0.517824 0.188411 0.068056 0.020052
0 0.084954 0.552995 0.026389 0.051302
0 0.623148 0.631120 0.037963 0.035677
0 0.652083 0.762630 0.077315 0.017448
0 0.589583 0.892839 0.072685 0.017448
0 0.866898 0.856380 0.071759 0.017448
0 0.521991 0.352474 0.030093 0.040885
0 0.309028 0.085286 0.104167 0.011719
0 0.390509 0.791927 0.035648 0.034375
0 0.564120 0.594010 0.021759 0.055208
0 0.177546 0.750651 0.026389 0.045573
0 0.594213 0.700521 0.091204 0.013021
0 0.068750 0.801693 0.031019 0.038281
0 0.804861 0.787370 0.058796 0.020052
0 0.890509 0.431901 0.035648 0.033073
0 0.332639 0.099870 0.058796 0.020052
0 0.818287 0.905859 0.067130 0.017448
0 0.556713 0.345964 0.025463 0.043490
0 0.693750 0.313411 0.031019 0.035677
0 0.672917 0.081641 0.072685 0.014844
0 0.834954 0.821224 0.026389 0.040885
0 0.635880 0.860286 0.072685 0.014844
0 0.901620 0.224870 0.030093 0.035677
0 0.946065 0.315755 0.026389 0.040365
0 0.644676 0.115234 0.025463 0.040365
0 0.731944 0.747005 0.079630 0.012240
0 0.483796 0.141536 0.064815 0.014844
0 0.128935 0.322526 0.077315 0.012240
0 0.744676 0.874609 0.021759 0.043490
0 0.714583 0.408464 0.054167 0.017448
0 0.626620 0.159766 0.026389 0.035677
0 0.844213 0.794922 0.063426 0.014323
0 0.913194 0.498307 0.025463 0.035677
0 0.672917 0.912109 0.063426 0.014323
0 0.663657 0.213151 0.072685 0.012240
0 0.290972 0.610286 0.021759 0.040885
0 0.709954 0.153255 0.072685 0.012240
0 0.197917 0.151302 0.030093 0.029167
0 0.240046 0.180599 0.058796 0.014844
0 0.237731 0.150651 0.026389 0.033073
0 0.767824 0.698828 0.058796 0.014844
0 0.734259 0.200130 0.070370 0.012240
0 0.734954 0.141536 0.057870 0.014844
0 0.105787 0.299089 0.021759 0.038281
0 0.559028 0.116797 0.067130 0.012240
0 0.089583 0.289974 0.017130 0.046094
0 0.406713 0.188411 0.021759 0.035677
0 0.394676 0.244401 0.062500 0.012240
0 0.496528 0.829036 0.016204 0.046094
0 0.751620 0.788672 0.017130 0.043490
0 0.631250 0.562109 0.017130 0.043490
0 0.691435 0.554297 0.026389 0.027865
0 0.230787 0.900651 0.058796 0.012240
0 0.624306 0.400391 0.021759 0.032552
0 0.163194 0.098568 0.025463 0.027865
0 0.716898 0.547786 0.021759 0.030469
0 0.383565 0.111589 0.049537 0.012240
0 0.887731 0.231380 0.020833 0.027865
0 0.732639 0.718359 0.043981 0.012240
0 0.265509 0.266536 0.017130 0.030469
0 0.101157 0.171484 0.021759 0.022656
0 0.649769 0.663672 0.017130 0.027865
0 0.936806 0.822526 0.017130 0.027865
0 0.809028 0.167578 0.020833 0.020052
0 0.991204 0.262630 0.014815 0.027865
0 0.126157 0.240234 0.043981 0.009115
0 0.976157 0.446224 0.040278 0.009635
0 0.290509 0.130859 0.011574 0.029948
0 0.540972 0.622005 0.012500 0.017448
0 0.664815 0.997656 0.019444 0.003125
