0 0.068750 0.778646 0.068056 0.091146
0 0.126620 0.286068 0.137500 0.038281
0 0.749306 0.743099 0.068056 0.061719
0 0.334491 0.552734 0.136574 0.029948
0 0.487731 0.360286 0.128241 0.030469
0 0.339583 0.159115 0.063426 0.060417
0 0.473843 0.887630 0.054167 0.069531
0 0.281713 0.769141 0.058796 0.061719
0 0.893981 0.804297 0.098148 0.033073
0 0.589583 0.679948 0.109722 0.029167
0 0.656713 0.269141 0.151389 0.020052
0 0.825231 0.575130 0.043981 0.064323
0 0.906713 0.217057 0.049537 0.051302
0 0.404398 0.758724 0.044907 0.056510
0 0.788657 0.338802 0.035648 0.070833
0 0.749306 0.143490 0.086574 0.029167
0 0.374306 0.625000 0.086574 0.028646
0 0.920602 0.200130 0.086574 0.027865
0 0.212269 0.569922 0.049537 0.048698
0 0.457639 0.715495 0.105093 0.022135
0 0.072917 0.519792 0.048611 0.047396
0 0.624306 0.537370 0.114352 0.020052
0 0.818750 0.891536 0.049537 0.046094
0 0.575694 0.282161 0.035648 0.061719
0 0.433333 0.694010 0.139815 0.015625
0 0.198380 0.886328 0.086574 0.025260
0 0.600694 0.105078 0.039352 0.051302
0 0.720833 0.291276 0.087963 0.022656
0 0.235417 0.718359 0.040278 0.048698
0 0.485417 0.331641 0.095833 0.020052
0 0.605787 0.389583 0.040278 0.047396
0 0.568750 0.396484 0.040278 0.045573
0 0.802083 0.181901 0.081019 0.022656
0 0.822917 0.383724 0.122685 0.014844
0 0.888194 0.166276 0.077315 0.022656
0 0.726157 0.172786 0.086574 0.020052
0 0.586806 0.606380 0.039352 0.043490
0 0.779398 0.663672 0.026389 0.064323
0 0.687963 0.196224 0.084259 0.020052
0 0.582639 0.566016 0.040278 0.040885
0 0.668287 0.549089 0.072685 0.022656
0 0.756250 0.865495 0.026389 0.061719
0 0.023611 0.681901 0.033333 0.048698
0 0.478472 0.125260 0.035648 0.044792
0 0.547917 0.502214 0.091204 0.017448
0 0.615046 0.589453 0.021759 0.072135
0 0.239583 0.316016 0.030093 0.051302
0 0.649769 0.401302 0.081944 0.018750
0 0.540972 0.416276 0.031019 0.048698
0 0.621991 0.732682 0.035648 0.040885
0 0.931019 0.277995 0.033333 0.042969
0 0.432176 0.439714 0.081944 0.017448
0 0.755787 0.390234 0.081019 0.017448
0 0.662037 0.381120 0.069444 0.020052
0 0.304861 0.533854 0.031019 0.044271
0 0.513194 0.271745 0.068056 0.020052
0 0.133565 0.774349 0.068056 0.020052
0 0.172917 0.247005 0.035648 0.038281
0 0.297917 0.896745 0.091204 0.014844
0 0.381250 0.672786 0.091204 0.014844
0 0.230787 0.616797 0.077315 0.017448
0 0.885880 0.321615 0.035648 0.036458
0 0.686806 0.720703 0.026389 0.048177
0 0.640509 0.651953 0.035648 0.035677
0 0.304861 0.289974 0.031019 0.040885
0 0.425231 0.323828 0.031019 0.040885
0 0.589120 0.321224 0.062500 0.020052
0 0.670602 0.224609 0.086574 0.014323
0 0.732639 0.627214 0.025463 0.048698
0 0.716898 0.521745 0.021759 0.056510
0 0.906250 0.521745 0.030093 0.040885
0 0.406713 0.213151 0.095833 0.012240
0 0.270139 0.783464 0.035648 0.033073
0 0.177083 0.456641 0.025463 0.046094
0 0.071065 0.686849 0.035648 0.032552
0 0.459954 0.653255 0.091204 0.012240
0 0.266667 0.465495 0.065741 0.016927
0 0.535880 0.587500 0.030093 0.036979
0 0.795602 0.404557 0.031019 0.035677
0 0.665972 0.172526 0.031019 0.035156
0 0.096528 0.396484 0.031019 0.035156
0 0.284028 0.498307 0.026389 0.040885
0 0.830324 0.144141 0.072685 0.014844
0 0.841435 0.316016 0.020833 0.051302
0 0.563657 0.097266 0.030093 0.035677
0 0.828009 0.523047 0.086574 0.012240
0 0.739583 0.406510 0.030093 0.034375
0 0.953009 0.697526 0.031019 0.033073
0 0.523611 0.282161 0.033333 0.030469
0 0.950694 0.288672 0.026389 0.038281
0 0.594213 0.726172 0.026389 0.038281
0 0.839583 0.424089 0.026389 0.038281
0 0.133565 0.584245 0.021759 0.046094
0 0.932176 0.304036 0.026389 0.037760
0 0.539815 0.899349 0.065741 0.014844
0 0.128472 0.537109 0.067130 0.014323
0 0.696065 0.263281 0.070833 0.013542
0 0.674074 0.455339 0.019444 0.048698
0 0.156713 0.418880 0.021759 0.043490
0 0.404398 0.582943 0.054167 0.017448
0 0.571065 0.115495 0.026389 0.035677
0 0.472222 0.992448 0.069444 0.013542
0 0.638194 0.772786 0.077315 0.011719
0 0.642361 0.499349 0.076389 0.011719
0 0.591898 0.909505 0.095833 0.009115
0 0.466898 0.396094 0.021759 0.039583
0 0.149769 0.233984 0.017130 0.048698
0 0.084954 0.324479 0.026389 0.031771
0 0.855787 0.273047 0.068056 0.012240
0 0.728009 0.328385 0.025463 0.031771
0 0.517361 0.405859 0.020833 0.038281
0 0.682176 0.110286 0.017130 0.046094
0 0.200694 0.729818 0.026389 0.029948
0 0.506250 0.319922 0.063426 0.012240
0 0.561806 0.463151 0.063426 0.012240
0 0.265046 0.542578 0.025463 0.030469
0 0.866898 0.360286 0.025463 0.030469
0 0.107639 0.383724 0.025463 0.030469
0 0.376620 0.135026 0.017130 0.043490
0 0.517824 0.480078 0.077315 0.009635
0 0.117361 0.495703 0.024537 0.030469
0 0.780556 0.475911 0.019444 0.037760
0 0.228472 0.273047 0.026389 0.027865
0 0.315278 0.508724 0.024074 0.030469
0 0.096528 0.595964 0.058796 0.012240
0 0.084954 0.461849 0.017130 0.040885
0 0.771991 0.081380 0.048611 0.014323
0 0.633565 0.093099 0.058796 0.011719
0 0.033565 0.678385 0.016204 0.041667
0 0.978009 0.175391 0.016204 0.040885
0 0.733102 0.465755 0.017130 0.038281
0 0.686806 0.245703 0.063426 0.009635
0 0.770139 0.201172 0.017130 0.035156
0 0.383102 0.653255 0.048611 0.012240
0 0.100000 0.887630 0.047222 0.012240
0 0.262731 0.284766 0.057870 0.009635
0 0.408565 0.638932 0.053241 0.009635
0 0.561806 0.211589 0.054167 0.009115
0 0.028935 0.870703 0.016204 0.030469
0 0.249306 0.502214 0.021759 0.022656
0 0.566435 0.382812 0.017130 0.028646
0 0.626620 0.154557 0.017130 0.025260
0 0.315278 0.813411 0.042593 0.009635
0 0.061343 0.579036 0.016204 0.025260
0 0.793981 0.128255 0.041667 0.009115
0 0.212269 0.289714 0.012500 0.029948
0 0.855324 0.193620 0.011574 0.030469
0 0.561806 0.041016 0.026389 0.006510
