0 0.049769 0.644141 0.076389 0.072135
0 0.395139 0.651953 0.063426 0.072135
0 0.286343 0.304297 0.068056 0.064323
0 0.855787 0.485286 0.114352 0.035677
0 0.515509 0.715495 0.063426 0.058594
0 0.705324 0.775651 0.054167 0.064323
0 0.316435 0.504818 0.044907 0.074740
0 0.246991 0.747656 0.109722 0.029167
0 0.550231 0.556641 0.058796 0.053385
0 0.510880 0.612891 0.054167 0.056510
0 0.281713 0.698177 0.123611 0.023958
0 0.851157 0.845964 0.049537 0.059115
0 0.825694 0.545182 0.091204 0.030469
0 0.351157 0.877214 0.049537 0.053906
0 0.589583 0.111328 0.044907 0.058594
0 0.841435 0.689453 0.048611 0.053385
0 0.737731 0.454036 0.100463 0.025260
0 0.633565 0.757422 0.086574 0.027865
0 0.392824 0.383073 0.095833 0.023958
0 0.534028 0.218099 0.035648 0.063802
0 0.457639 0.422786 0.040278 0.056510
0 0.408565 0.254818 0.081019 0.027865
0 0.297917 0.746745 0.081944 0.027344
0 0.934491 0.480078 0.086574 0.025260
0 0.300231 0.891536 0.086574 0.025260
0 0.814815 0.360026 0.087963 0.024740
0 0.550231 0.687109 0.040278 0.053906
0 0.902083 0.864193 0.040278 0.053906
0 0.866898 0.472656 0.081019 0.026042
0 0.232639 0.810807 0.081019 0.025260
0 0.410880 0.513932 0.039352 0.051302
0 0.253935 0.782161 0.077315 0.025260
0 0.355787 0.693620 0.095833 0.020052
0 0.365046 0.794922 0.077315 0.024740
0 0.238889 0.825130 0.084259 0.022656
0 0.395139 0.129818 0.081944 0.022656
0 0.684491 0.617839 0.040278 0.045573
0 0.640509 0.172786 0.091204 0.020052
0 0.483102 0.804036 0.081944 0.022135
0 0.929398 0.276953 0.039352 0.046094
0 0.597685 0.645443 0.079630 0.022656
0 0.503935 0.510417 0.040278 0.044271
0 0.564120 0.879818 0.077315 0.022656
0 0.461806 0.502214 0.039352 0.043490
0 0.760880 0.748958 0.035648 0.047396
0 0.098380 0.413411 0.034722 0.048177
0 0.145139 0.659766 0.035648 0.046094
0 0.765509 0.412370 0.081944 0.020052
0 0.318287 0.151953 0.039352 0.040885
0 0.165972 0.671484 0.040278 0.038281
0 0.415972 0.184505 0.068056 0.022656
0 0.087269 0.812109 0.031019 0.048698
0 0.172917 0.789974 0.035648 0.040885
0 0.821065 0.607682 0.035648 0.040885
0 0.571065 0.715755 0.026389 0.053906
0 0.304861 0.875911 0.095833 0.014844
0 0.071065 0.533203 0.063426 0.022135
0 0.601157 0.834245 0.068056 0.020052
0 0.758565 0.688411 0.068056 0.020052
0 0.784028 0.585547 0.035648 0.038281
0 0.779398 0.826432 0.026389 0.051302
0 0.138194 0.762630 0.077315 0.017448
0 0.804861 0.563411 0.086574 0.014844
0 0.429861 0.258073 0.068056 0.018750
0 0.649769 0.446224 0.035648 0.035677
0 0.330324 0.792578 0.035648 0.035677
0 0.163657 0.196224 0.035648 0.035677
0 0.494213 0.498958 0.030093 0.042188
0 0.036343 0.755469 0.031019 0.039583
0 0.631250 0.116797 0.035648 0.033073
0 0.321065 0.132422 0.035648 0.033073
0 0.719213 0.481380 0.035648 0.033073
0 0.246991 0.106380 0.035648 0.033073
0 0.726157 0.188411 0.058796 0.020052
0 0.084954 0.353776 0.026389 0.043490
0 0.726157 0.120703 0.077315 0.014844
0 0.675231 0.099870 0.021759 0.051302
0 0.147454 0.855078 0.021759 0.051302
0 0.024769 0.659766 0.026389 0.040885
0 0.223843 0.801432 0.063426 0.016927
0 0.059491 0.387630 0.021759 0.048698
0 0.878935 0.262630 0.021759 0.048698
0 0.686343 0.643880 0.071759 0.014323
0 0.133565 0.168880 0.058796 0.017448
0 0.078009 0.664974 0.068056 0.014844
0 0.439120 0.715495 0.031019 0.032552
0 0.156713 0.890234 0.077315 0.012240
0 0.459954 0.747005 0.054167 0.017448
0 0.145139 0.391536 0.026389 0.035677
0 0.242361 0.368099 0.026389 0.035677
0 0.863194 0.390234 0.053241 0.017448
0 0.527083 0.896094 0.031019 0.029167
0 0.413657 0.450521 0.026389 0.033854
0 0.263194 0.602214 0.021759 0.040365
0 0.452546 0.177995 0.020833 0.040885
0 0.839583 0.904297 0.091204 0.009115
0 0.115046 0.622005 0.068056 0.012240
0 0.165509 0.692318 0.067130 0.012240
0 0.439120 0.814453 0.068056 0.011719
0 0.471528 0.992448 0.058796 0.013542
0 0.344907 0.577734 0.064815 0.012240
0 0.867361 0.722266 0.017130 0.046094
0 0.233102 0.847005 0.026389 0.029948
0 0.855787 0.404557 0.021759 0.035677
0 0.795602 0.709245 0.021759 0.035677
0 0.167130 0.605078 0.051852 0.014844
0 0.668750 0.528255 0.062500 0.012240
0 0.446065 0.444922 0.017130 0.043490
0 0.411343 0.144141 0.077315 0.009635
0 0.816435 0.827734 0.017130 0.043490
0 0.950694 0.528255 0.017130 0.043490
0 0.330324 0.489193 0.017130 0.043490
0 0.746991 0.809245 0.017130 0.042969
0 0.175231 0.869401 0.021759 0.033073
0 0.865046 0.577734 0.021759 0.033073
0 0.881250 0.612891 0.017130 0.040885
0 0.167824 0.456641 0.071759 0.009635
0 0.376157 0.441016 0.071759 0.009635
0 0.776620 0.705339 0.020833 0.033073
0 0.978472 0.147135 0.026389 0.026042
0 0.885880 0.720703 0.017130 0.037760
0 0.855787 0.783464 0.021759 0.027865
0 0.904398 0.643880 0.017130 0.035156
0 0.410880 0.741797 0.048611 0.012240
0 0.922917 0.494401 0.017130 0.033073
0 0.860417 0.177995 0.021759 0.025260
0 0.679861 0.154818 0.021759 0.024740
0 0.413657 0.787370 0.054167 0.009635
0 0.936343 0.164974 0.016204 0.030469
0 0.367361 0.769141 0.044907 0.009635
0 0.843519 0.229818 0.046296 0.009115
0 0.946065 0.325130 0.017130 0.022656
0 0.082176 0.566016 0.011574 0.030469
0 0.566435 0.597005 0.017130 0.019531
