0 0.100000 0.982031 0.195370 0.034375
0 0.802546 0.851823 0.137500 0.039583
0 0.554861 0.180599 0.068056 0.066927
0 0.841898 0.418229 0.114352 0.036979
0 0.388194 0.747656 0.142130 0.029167
0 0.744676 0.844661 0.114352 0.035677
0 0.363889 0.123307 0.056481 0.061719
0 0.402083 0.655859 0.105093 0.033073
0 0.307176 0.287370 0.100463 0.030469
0 0.373843 0.849870 0.094907 0.030469
0 0.564120 0.433203 0.049537 0.056510
0 0.619213 0.864844 0.113426 0.023958
0 0.814120 0.153646 0.049537 0.054688
0 0.089583 0.843359 0.044907 0.059115
0 0.756250 0.698828 0.100463 0.025260
0 0.071065 0.689453 0.091204 0.027344
0 0.359954 0.511328 0.048611 0.051302
0 0.920602 0.377214 0.049537 0.048698
0 0.103472 0.445573 0.100463 0.023958
0 0.288657 0.247005 0.035648 0.064323
0 0.531713 0.541927 0.095833 0.023958
0 0.156713 0.618099 0.040278 0.056510
0 0.712269 0.750911 0.086574 0.025260
0 0.646991 0.179297 0.094907 0.022656
0 0.672917 0.319661 0.091204 0.022135
0 0.242361 0.756120 0.100463 0.020052
0 0.522454 0.252214 0.086574 0.022656
0 0.828009 0.607682 0.077315 0.025260
0 0.677546 0.597917 0.044907 0.042188
0 0.844213 0.335547 0.026389 0.069531
0 0.207639 0.473568 0.031019 0.059115
0 0.686806 0.146745 0.072685 0.025260
0 0.367361 0.183203 0.091204 0.020052
0 0.024769 0.783203 0.026389 0.069010
0 0.601157 0.461849 0.031019 0.056510
0 0.726157 0.185807 0.031019 0.056510
0 0.846528 0.703776 0.031019 0.055990
0 0.353472 0.616797 0.035648 0.048698
0 0.429861 0.904557 0.086574 0.020052
0 0.737731 0.309505 0.035648 0.048698
0 0.827546 0.640234 0.039352 0.043490
0 0.436806 0.775651 0.072685 0.022656
0 0.351157 0.172786 0.040278 0.040885
0 0.753935 0.623307 0.040278 0.040885
0 0.598843 0.159766 0.081944 0.020052
0 0.510880 0.717057 0.035648 0.046094
0 0.191435 0.783464 0.091204 0.017448
0 0.450231 0.379818 0.127315 0.012240
0 0.767824 0.593359 0.068056 0.022656
0 0.061806 0.376953 0.035648 0.042969
0 0.656713 0.719401 0.077315 0.019531
0 0.081019 0.674089 0.064815 0.022656
0 0.696065 0.430599 0.072685 0.020052
0 0.770139 0.297526 0.035648 0.040365
0 0.742361 0.081380 0.072685 0.019531
0 0.510880 0.356120 0.063426 0.022135
0 0.611574 0.142839 0.079630 0.017448
0 0.952546 0.719661 0.030093 0.046094
0 0.108102 0.632422 0.035648 0.038281
0 0.038657 0.270443 0.035648 0.038281
0 0.648611 0.243099 0.033333 0.040885
0 0.217593 0.248047 0.069444 0.019531
0 0.716898 0.681901 0.031019 0.043490
0 0.800231 0.447526 0.031019 0.043490
0 0.596528 0.689714 0.031019 0.043490
0 0.897454 0.900651 0.031019 0.043490
0 0.299074 0.521745 0.019444 0.066927
0 0.594213 0.764323 0.035648 0.036458
0 0.626620 0.606380 0.026389 0.048698
0 0.686343 0.785417 0.034722 0.036979
0 0.946065 0.784766 0.063426 0.020052
0 0.089583 0.201432 0.035648 0.035677
0 0.665972 0.235286 0.031019 0.040885
0 0.737731 0.396484 0.035648 0.035156
0 0.427083 0.786068 0.071759 0.017448
0 0.973843 0.555339 0.035648 0.035156
0 0.290509 0.591797 0.030093 0.040365
0 0.640509 0.562500 0.035648 0.033854
0 0.508565 0.760026 0.031019 0.038281
0 0.675231 0.437109 0.068056 0.017448
0 0.242361 0.465755 0.035648 0.033073
0 0.957639 0.802995 0.077315 0.014844
0 0.221528 0.386328 0.077315 0.014844
0 0.957639 0.836589 0.058796 0.019531
0 0.878935 0.691406 0.031019 0.036458
0 0.175231 0.282161 0.031019 0.035677
0 0.679861 0.079036 0.031019 0.035677
0 0.265046 0.129818 0.062500 0.017448
0 0.071065 0.800391 0.072685 0.014844
0 0.581481 0.511068 0.075000 0.014323
0 0.515046 0.568620 0.071759 0.014844
0 0.619676 0.439714 0.021759 0.048698
0 0.522454 0.450130 0.021759 0.048698
0 0.568750 0.674089 0.021759 0.048698
0 0.087269 0.718359 0.021759 0.048698
0 0.623843 0.742839 0.020833 0.050781
0 0.032407 0.192318 0.060185 0.017448
0 0.538194 0.779297 0.025463 0.040365
0 0.624306 0.515234 0.031019 0.033073
0 0.087269 0.119401 0.031019 0.033073
0 0.209954 0.663672 0.026389 0.038281
0 0.061806 0.142839 0.026389 0.038281
0 0.133565 0.157161 0.021759 0.046094
0 0.223843 0.158464 0.081944 0.012240
0 0.105787 0.397786 0.058796 0.016927
0 0.115046 0.610938 0.031019 0.031771
0 0.807176 0.261719 0.026389 0.036458
0 0.281713 0.486589 0.077315 0.012240
0 0.777083 0.577734 0.077315 0.012240
0 0.957639 0.666276 0.021759 0.043490
0 0.751620 0.668880 0.054167 0.017448
0 0.318287 0.715755 0.076389 0.012240
0 0.140509 0.395443 0.017130 0.053906
0 0.172917 0.321484 0.026389 0.035156
0 0.767824 0.203776 0.031019 0.029948
0 0.471528 0.532161 0.021759 0.040885
0 0.765509 0.262630 0.026389 0.033073
0 0.075694 0.020182 0.072685 0.011719
0 0.638194 0.432292 0.021759 0.039062
0 0.277083 0.564453 0.049537 0.016927
0 0.115046 0.205339 0.021759 0.038281
0 0.341898 0.299089 0.068056 0.012240
0 0.712269 0.273047 0.021759 0.038281
0 0.749306 0.200130 0.021759 0.038281
0 0.675231 0.387630 0.068056 0.012240
0 0.946065 0.826432 0.026389 0.030469
0 0.608102 0.568620 0.026389 0.030469
0 0.811806 0.243099 0.054167 0.014844
0 0.307176 0.167578 0.026389 0.030469
0 0.538657 0.654557 0.026389 0.030469
0 0.988889 0.628516 0.019444 0.040885
0 0.694907 0.564714 0.024074 0.033073
0 0.686806 0.274349 0.017130 0.046094
0 0.721528 0.469661 0.021759 0.035677
0 0.471528 0.219401 0.021759 0.035156
0 0.955324 0.379818 0.017130 0.043490
0 0.348843 0.757161 0.063426 0.011719
0 0.737731 0.366797 0.026389 0.027865
0 0.453009 0.664974 0.049537 0.014844
0 0.934491 0.327734 0.021759 0.033073
0 0.728472 0.264323 0.017130 0.041667
0 0.832639 0.663411 0.021759 0.032552
0 0.672917 0.623307 0.072685 0.009635
0 0.941435 0.537370 0.017130 0.040885
0 0.103472 0.332943 0.017130 0.038281
0 0.471528 0.761068 0.068056 0.009115
0 0.950694 0.318620 0.017130 0.035677
0 0.779398 0.219661 0.017130 0.035677
0 0.639352 0.468750 0.014815 0.039062
0 0.689120 0.227474 0.058796 0.009635
0 0.837269 0.506120 0.058796 0.009635
0 0.988889 0.710286 0.019444 0.027344
0 0.219213 0.770182 0.044907 0.011719
0 0.674769 0.407161 0.020833 0.025260
0 0.767361 0.352474 0.048611 0.009635
0 0.758102 0.552734 0.048611 0.009115
0 0.344213 0.227474 0.017130 0.025260
0 0.200694 0.243099 0.044907 0.009635
0 0.925231 0.538672 0.012500 0.033073
0 0.663657 0.272786 0.017130 0.022135
0 0.874306 0.451432 0.031019 0.009635
0 0.707639 0.995052 0.031019 0.008333
0 0.186806 0.004818 0.026389 0.007031
