0 0.915509 0.780599 0.085648 0.105469
0 0.207639 0.741797 0.169907 0.038281
0 0.547917 0.178646 0.054167 0.099479
0 0.353472 0.847005 0.063426 0.066406
0 0.712269 0.481380 0.123611 0.033073
0 0.905556 0.882422 0.112037 0.033073
0 0.943750 0.572526 0.049537 0.074740
0 0.314120 0.372656 0.058796 0.060417
0 0.962269 0.693359 0.049537 0.066406
0 0.396991 0.393880 0.057870 0.055990
0 0.656713 0.220703 0.142130 0.022135
0 0.512037 0.503516 0.047222 0.061719
0 0.288657 0.564714 0.044907 0.064323
0 0.841898 0.692318 0.031019 0.090365
0 0.575694 0.568620 0.091204 0.030469
0 0.848843 0.105078 0.091204 0.030469
0 0.293287 0.829036 0.044907 0.061719
0 0.696065 0.388672 0.091204 0.029948
0 0.740046 0.157161 0.105093 0.025260
0 0.156713 0.827734 0.040278 0.059115
0 0.855787 0.051693 0.132870 0.017448
0 0.977315 0.072526 0.042593 0.053906
0 0.105787 0.194922 0.031019 0.069531
0 0.402083 0.512630 0.114352 0.017448
0 0.364583 0.567318 0.076389 0.022656
0 0.573380 0.541276 0.095833 0.017448
0 0.112731 0.435807 0.026389 0.061719
0 0.104630 0.787370 0.075000 0.020052
0 0.575694 0.112630 0.026389 0.050781
0 0.432176 0.601172 0.072685 0.017448
0 0.591898 0.131120 0.031019 0.040885
0 0.115046 0.292578 0.021759 0.056510
0 0.547917 0.099870 0.026389 0.046094
0 0.844213 0.167578 0.026389 0.046094
0 0.964583 0.918880 0.035648 0.033073
0 0.369676 0.047786 0.077315 0.014844
0 0.112731 0.818620 0.026389 0.040885
0 0.369676 0.067318 0.086574 0.012240
0 0.393981 0.116536 0.088889 0.011719
0 0.756250 0.332292 0.017130 0.050000
0 0.684491 0.508724 0.077315 0.009635
0 0.885880 0.681901 0.017130 0.043490
0 0.547917 0.043880 0.026389 0.027865
0 0.957176 0.225911 0.020833 0.032552
0 0.909028 0.513672 0.026389 0.009115
