0 0.091898 0.818620 0.086574 0.103385
0 0.610417 0.780859 0.179167 0.048698
0 0.295602 0.416276 0.132870 0.043490
0 0.768981 0.680599 0.051852 0.082552
0 0.438657 0.592057 0.057870 0.072135
0 0.839583 0.227474 0.044907 0.082552
0 0.164815 0.844661 0.047222 0.077344
0 0.145139 0.390625 0.054167 0.065104
0 0.110417 0.546484 0.049537 0.069531
0 0.290972 0.642839 0.105093 0.027865
0 0.147454 0.789974 0.040278 0.072135
0 0.608102 0.501302 0.054167 0.052083
0 0.871528 0.115495 0.053241 0.051302
0 0.830324 0.838151 0.044907 0.059115
0 0.395139 0.360026 0.044907 0.055990
0 0.193750 0.758724 0.095833 0.025260
0 0.642824 0.591797 0.095833 0.024740
0 0.189120 0.537370 0.040278 0.056510
0 0.385880 0.603125 0.035648 0.063021
0 0.722222 0.243099 0.087963 0.025260
0 0.582639 0.801432 0.095833 0.022135
0 0.432176 0.882422 0.035648 0.059115
0 0.871991 0.696484 0.035648 0.055990
0 0.550231 0.319922 0.040278 0.048698
0 0.209954 0.830339 0.044907 0.043490
0 0.124306 0.709245 0.077315 0.025260
0 0.288657 0.754818 0.035648 0.053906
0 0.084954 0.345964 0.035648 0.053906
0 0.432176 0.676693 0.035648 0.053906
0 0.209491 0.377214 0.043981 0.043490
0 0.200694 0.861589 0.081944 0.022656
0 0.064120 0.799089 0.031019 0.059115
0 0.295602 0.836589 0.040278 0.045573
0 0.112269 0.909766 0.043981 0.040885
0 0.033565 0.683203 0.034722 0.051302
0 0.547917 0.891276 0.091204 0.019531
0 0.214583 0.909766 0.118981 0.014844
0 0.189120 0.618099 0.031019 0.056510
0 0.773148 0.205078 0.032407 0.053385
0 0.142824 0.629818 0.031019 0.053906
0 0.223843 0.114193 0.072685 0.022656
0 0.230787 0.638932 0.040278 0.040885
0 0.251620 0.782161 0.035648 0.046094
0 0.790972 0.926693 0.132870 0.012240
0 0.260880 0.594661 0.109722 0.014844
0 0.080324 0.681901 0.035648 0.043490
0 0.397454 0.142839 0.068056 0.022656
0 0.800231 0.534505 0.077315 0.019531
0 0.069907 0.620703 0.024074 0.061719
0 0.534722 0.385026 0.064815 0.022656
0 0.844213 0.675391 0.035648 0.040885
0 0.381250 0.776693 0.035648 0.040365
0 0.207639 0.555599 0.031019 0.046094
0 0.656713 0.144141 0.095833 0.014844
0 0.462269 0.725521 0.086574 0.016146
0 0.459954 0.723568 0.035648 0.038281
0 0.661343 0.519141 0.068056 0.020052
0 0.112731 0.741797 0.035648 0.038281
0 0.788657 0.581641 0.091204 0.014844
0 0.410880 0.851172 0.076389 0.017448
0 0.698380 0.406901 0.068056 0.019531
0 0.913657 0.450781 0.026389 0.050000
0 0.883565 0.539974 0.086574 0.014844
0 0.774769 0.125911 0.035648 0.035677
0 0.237731 0.454036 0.035648 0.035677
0 0.635880 0.849870 0.063426 0.020052
0 0.061806 0.211849 0.035648 0.035677
0 0.839583 0.911068 0.100463 0.012240
0 0.621991 0.908203 0.072685 0.016927
0 0.490046 0.502865 0.031019 0.039583
0 0.932176 0.427995 0.026389 0.046094
0 0.228472 0.394141 0.081944 0.014844
0 0.765509 0.855078 0.081944 0.014844
0 0.524769 0.597266 0.026389 0.046094
0 0.375000 0.868099 0.060185 0.020052
0 0.561343 0.878516 0.081019 0.014844
0 0.909028 0.880469 0.026389 0.044792
0 0.737731 0.509766 0.100463 0.011719
0 0.286343 0.892839 0.095833 0.012240
0 0.191435 0.348568 0.035648 0.033073
0 0.411343 0.750911 0.077315 0.014844
0 0.656713 0.276693 0.058796 0.019531
0 0.239583 0.680599 0.076389 0.014844
0 0.121991 0.720964 0.063426 0.017448
0 0.441435 0.405859 0.063426 0.017448
0 0.090741 0.905599 0.028704 0.037760
0 0.029398 0.724870 0.026389 0.040885
0 0.730324 0.289974 0.030093 0.035677
0 0.839583 0.276693 0.026389 0.040365
0 0.964583 0.211589 0.026389 0.040365
0 0.531713 0.817318 0.021759 0.048698
0 0.841898 0.804297 0.086574 0.012240
0 0.954167 0.265234 0.024074 0.043490
0 0.369676 0.167578 0.068056 0.014844
0 0.733102 0.806901 0.026389 0.038281
0 0.337269 0.774349 0.021759 0.046094
0 0.897454 0.308203 0.021759 0.046094
0 0.932176 0.330339 0.081944 0.012240
0 0.155556 0.331641 0.019444 0.051302
0 0.087269 0.198568 0.021759 0.045573
0 0.935185 0.853125 0.023148 0.042188
0 0.964583 0.790625 0.026389 0.036979
0 0.177083 0.825130 0.025463 0.038281
0 0.828009 0.207943 0.021759 0.043490
0 0.753935 0.330339 0.077315 0.012240
0 0.197222 0.437109 0.028704 0.033073
0 0.258565 0.853776 0.021759 0.043490
0 0.895139 0.931901 0.054167 0.017448
0 0.686806 0.233984 0.054167 0.017448
0 0.344213 0.189714 0.054167 0.017448
0 0.279398 0.430599 0.063426 0.014844
0 0.297917 0.542578 0.063426 0.014844
0 0.417130 0.503516 0.061111 0.014844
0 0.787500 0.780859 0.051852 0.017448
0 0.741898 0.380859 0.025463 0.035156
0 0.059491 0.704036 0.021759 0.040885
0 0.943750 0.154557 0.058796 0.014844
0 0.066435 0.749609 0.026389 0.033073
0 0.249306 0.810807 0.058796 0.014844
0 0.270833 0.564063 0.078704 0.010937
0 0.752778 0.450130 0.019444 0.043490
0 0.383565 0.900651 0.021759 0.038281
0 0.168287 0.411719 0.026389 0.030729
0 0.954861 0.857031 0.025463 0.031771
0 0.163657 0.571224 0.054167 0.014844
0 0.503935 0.837891 0.068056 0.011719
0 0.668287 0.657161 0.081944 0.009635
0 0.413657 0.106380 0.063426 0.012240
0 0.235417 0.490495 0.021759 0.035677
0 0.029398 0.239193 0.017130 0.043490
0 0.922454 0.199870 0.062500 0.011719
0 0.465741 0.641536 0.075000 0.009635
0 0.476157 0.873047 0.049537 0.014323
0 0.290972 0.610026 0.077315 0.009115
0 0.084954 0.761328 0.017130 0.040885
0 0.265509 0.245703 0.017130 0.040885
0 0.913657 0.818620 0.017130 0.040885
0 0.020139 0.360286 0.017130 0.040885
0 0.507407 0.662370 0.047222 0.014844
0 0.911343 0.509375 0.021759 0.031771
0 0.450694 0.801693 0.054167 0.012240
0 0.617361 0.369401 0.054167 0.012240
0 0.309491 0.112891 0.068056 0.009635
0 0.707639 0.333984 0.021759 0.029948
0 0.950231 0.161068 0.053241 0.012240
0 0.114583 0.683203 0.020833 0.030469
0 0.959954 0.648698 0.017130 0.034375
0 0.107639 0.209245 0.016204 0.035677
0 0.256250 0.378255 0.063426 0.009115
0 0.598843 0.533464 0.017130 0.033073
0 0.736111 0.779297 0.060185 0.009115
0 0.913194 0.752214 0.062500 0.007031
0 0.899769 0.274349 0.044907 0.009635
0 0.663657 0.212891 0.063426 0.006510
0 0.873843 0.839453 0.011574 0.035677
0 0.814120 0.784766 0.040278 0.009635
0 0.838426 0.789714 0.033333 0.009115
0 0.246991 0.824870 0.044907 0.006510
