0 0.866898 0.638932 0.081019 0.077344
0 0.809491 0.516536 0.132870 0.030469
0 0.538657 0.899349 0.118981 0.030469
0 0.272454 0.391536 0.040278 0.082552
0 0.163657 0.228125 0.100463 0.031771
0 0.101157 0.809505 0.049537 0.059115
0 0.871991 0.710547 0.054167 0.053906
0 0.207639 0.881120 0.114352 0.025260
0 0.360417 0.376563 0.105093 0.026562
0 0.341898 0.709245 0.105093 0.025260
0 0.505093 0.736589 0.107407 0.022656
0 0.536343 0.228776 0.049537 0.048698
0 0.415972 0.791276 0.105093 0.022656
0 0.193750 0.709896 0.049537 0.047396
0 0.793287 0.263932 0.044907 0.051302
0 0.670602 0.603516 0.095833 0.022135
0 0.955324 0.669922 0.044907 0.045573
0 0.830324 0.731380 0.044907 0.043490
0 0.405556 0.355078 0.037963 0.051302
0 0.795602 0.883724 0.040278 0.046094
0 0.686806 0.895443 0.081944 0.022656
0 0.674074 0.408464 0.037963 0.048698
0 0.374306 0.537370 0.123611 0.014844
0 0.167824 0.362891 0.034722 0.051302
0 0.091898 0.469661 0.031019 0.056510
0 0.244676 0.694922 0.077315 0.022656
0 0.979630 0.641536 0.037963 0.046094
0 0.670602 0.782161 0.086574 0.020052
0 0.633102 0.719661 0.085648 0.020052
0 0.963426 0.424740 0.070370 0.023958
0 0.126620 0.849870 0.081944 0.020052
0 0.452546 0.712500 0.076389 0.021354
0 0.495833 0.444922 0.033333 0.048698
0 0.934491 0.597266 0.031019 0.051302
0 0.179861 0.589453 0.031019 0.051302
0 0.483102 0.213151 0.091204 0.017448
0 0.161343 0.245703 0.031019 0.051302
0 0.881250 0.283464 0.035648 0.043490
0 0.209954 0.132161 0.035648 0.042969
0 0.628935 0.506380 0.040278 0.037760
0 0.260417 0.322526 0.025463 0.059115
0 0.087269 0.660807 0.021759 0.069010
0 0.913657 0.399349 0.100463 0.014844
0 0.439120 0.673438 0.040278 0.036979
0 0.600000 0.736589 0.065741 0.022656
0 0.270139 0.512630 0.118981 0.012240
0 0.108102 0.120703 0.072685 0.020052
0 0.196065 0.248307 0.035648 0.040885
0 0.525926 0.879818 0.037963 0.038281
0 0.128935 0.153906 0.077315 0.018750
0 0.903935 0.645443 0.081019 0.017448
0 0.816435 0.650911 0.026389 0.053385
0 0.707639 0.357422 0.095833 0.014323
0 0.450694 0.296484 0.035648 0.038281
0 0.351157 0.571224 0.068056 0.020052
0 0.756250 0.799089 0.109722 0.012240
0 0.323380 0.392839 0.077315 0.017448
0 0.311806 0.613932 0.035648 0.037760
0 0.348843 0.437760 0.026389 0.050000
0 0.112731 0.642839 0.026389 0.048698
0 0.689120 0.701432 0.031019 0.040885
0 0.714583 0.343359 0.072685 0.017448
0 0.978472 0.495052 0.035648 0.034375
0 0.487731 0.414974 0.026389 0.046094
0 0.744676 0.674089 0.021759 0.053906
0 0.385417 0.473568 0.034722 0.033073
0 0.184491 0.186458 0.031019 0.036979
0 0.263194 0.407161 0.021759 0.051302
0 0.821759 0.430599 0.074074 0.014844
0 0.619676 0.521094 0.021759 0.050000
0 0.371991 0.909766 0.072685 0.014844
0 0.793287 0.563411 0.026389 0.040885
0 0.290509 0.607682 0.030093 0.035677
0 0.621991 0.900391 0.063426 0.016927
0 0.980787 0.877865 0.031019 0.034375
0 0.888194 0.754818 0.021759 0.048698
0 0.735417 0.585547 0.021759 0.048698
0 0.740046 0.908464 0.086574 0.012240
0 0.341898 0.868099 0.068056 0.014844
0 0.684491 0.105078 0.068056 0.014844
0 0.413657 0.257422 0.026389 0.038281
0 0.281713 0.373307 0.021759 0.046094
0 0.934491 0.301693 0.021759 0.043490
0 0.420602 0.483984 0.077315 0.012240
0 0.538657 0.347266 0.026389 0.035677
0 0.877778 0.577734 0.075000 0.012240
0 0.968056 0.857682 0.061111 0.014844
0 0.300231 0.868099 0.021759 0.040885
0 0.865046 0.740495 0.021759 0.040885
0 0.573380 0.550391 0.021759 0.040885
0 0.452546 0.834245 0.057870 0.014844
0 0.240046 0.120443 0.058796 0.014323
0 0.661343 0.885026 0.068056 0.012240
0 0.922917 0.750911 0.054167 0.014844
0 0.802083 0.094661 0.053241 0.014844
0 0.547917 0.304297 0.017130 0.043490
0 0.478472 0.373958 0.017130 0.042188
0 0.578009 0.700130 0.058796 0.012240
0 0.378935 0.645182 0.021759 0.032552
0 0.214583 0.302995 0.072685 0.009635
0 0.384722 0.680599 0.070370 0.009635
0 0.834954 0.070964 0.072685 0.009115
0 0.702546 0.763932 0.067130 0.009635
0 0.559491 0.879818 0.049537 0.012240
0 0.218750 0.211589 0.016204 0.035156
0 0.300231 0.105078 0.058796 0.009635
0 0.986574 0.726172 0.024074 0.022656
0 0.625926 0.456641 0.055556 0.009635
0 0.988889 0.450781 0.019444 0.018750
0 0.612731 0.030599 0.026389 0.006510
0 0.765509 0.996354 0.026389 0.005729
0 0.662500 0.997656 0.024074 0.003125
