0 0.203009 0.379818 0.058796 0.074740
0 0.318750 0.108984 0.095833 0.033073
0 0.140046 0.723568 0.053241 0.059115
0 0.515046 0.769141 0.155093 0.020052
0 0.415972 0.680339 0.095833 0.029948
0 0.455324 0.352474 0.044907 0.061719
0 0.075694 0.857422 0.091204 0.029948
0 0.547917 0.659115 0.091204 0.029167
0 0.674074 0.080339 0.093519 0.027865
0 0.179861 0.247005 0.114352 0.022656
0 0.083333 0.672786 0.041667 0.061719
0 0.712269 0.422786 0.049537 0.051302
0 0.807176 0.582943 0.035648 0.069531
0 0.154398 0.124349 0.044907 0.053385
0 0.899769 0.836849 0.091204 0.025260
0 0.543287 0.442318 0.044907 0.048698
0 0.297454 0.556901 0.043981 0.048698
0 0.275926 0.800391 0.084259 0.025260
0 0.250463 0.338151 0.042593 0.048698
0 0.417130 0.760026 0.042593 0.048698
0 0.524769 0.683203 0.081944 0.025260
0 0.091898 0.546484 0.086574 0.022656
0 0.522454 0.122005 0.086574 0.022656
0 0.203009 0.612891 0.095833 0.020052
0 0.500463 0.705990 0.079630 0.023958
0 0.516667 0.745703 0.093519 0.020052
0 0.422917 0.620703 0.044907 0.040885
0 0.603472 0.289974 0.091204 0.020052
0 0.371528 0.865495 0.043981 0.040885
0 0.149769 0.302083 0.035648 0.049479
0 0.128935 0.351172 0.040278 0.043490
0 0.334954 0.330339 0.035648 0.048698
0 0.503935 0.008724 0.114352 0.014844
0 0.480787 0.158464 0.095833 0.017448
0 0.240046 0.775651 0.095833 0.017448
0 0.696065 0.210547 0.072685 0.022656
0 0.899769 0.644141 0.081944 0.020052
0 0.351157 0.472266 0.031019 0.051302
0 0.439120 0.479427 0.040278 0.039583
0 0.170602 0.431901 0.068056 0.022656
0 0.689120 0.356380 0.040278 0.038281
0 0.920139 0.280859 0.067130 0.022656
0 0.656713 0.121745 0.068056 0.022135
0 0.205324 0.582031 0.035648 0.041667
0 0.110417 0.336849 0.031019 0.046094
0 0.043287 0.814714 0.081944 0.017448
0 0.244676 0.750260 0.105093 0.013542
0 0.608102 0.661068 0.035648 0.038281
0 0.920602 0.237891 0.068056 0.020052
0 0.686806 0.269141 0.091204 0.014844
0 0.186806 0.008724 0.091204 0.014844
0 0.251620 0.847266 0.091204 0.014844
0 0.220370 0.269141 0.037963 0.035677
0 0.869676 0.189714 0.031019 0.043490
0 0.635880 0.574870 0.035648 0.037760
0 0.113889 0.159766 0.019444 0.066927
0 0.508565 0.142578 0.077315 0.016927
0 0.302546 0.347266 0.035648 0.035677
0 0.598843 0.399349 0.035648 0.035677
0 0.353472 0.266536 0.063426 0.020052
0 0.404398 0.146484 0.063426 0.019531
0 0.603472 0.827474 0.072685 0.016927
0 0.369676 0.129818 0.068056 0.017448
0 0.388194 0.786068 0.021759 0.053906
0 0.652083 0.614193 0.095833 0.012240
0 0.645139 0.211589 0.081944 0.014323
0 0.922917 0.676432 0.035648 0.032552
0 0.364583 0.326432 0.057870 0.020052
0 0.255787 0.226172 0.025463 0.043490
0 0.626620 0.008724 0.072685 0.014844
0 0.807176 0.745703 0.026389 0.040885
0 0.158565 0.735938 0.025463 0.042188
0 0.177083 0.157161 0.071759 0.014844
0 0.551389 0.108984 0.061111 0.017448
0 0.382407 0.547786 0.028704 0.035677
0 0.163657 0.181901 0.026389 0.038281
0 0.450694 0.499609 0.026389 0.038281
0 0.932176 0.577734 0.026389 0.038281
0 0.374306 0.118099 0.068056 0.014844
0 0.591435 0.473307 0.020833 0.048177
0 0.837269 0.232682 0.021759 0.046094
0 0.197917 0.086849 0.067130 0.014844
0 0.503935 0.241536 0.058796 0.016927
0 0.138194 0.330339 0.021759 0.043490
0 0.624306 0.351172 0.021759 0.043490
0 0.786343 0.498307 0.031019 0.030469
0 0.307176 0.835547 0.054167 0.017448
0 0.145139 0.198828 0.026389 0.035677
0 0.052546 0.831641 0.063426 0.014844
0 0.034028 0.797786 0.063426 0.014844
0 0.225694 0.819922 0.076389 0.012240
0 0.170602 0.276953 0.021759 0.040885
0 0.034028 0.441016 0.017130 0.051302
0 0.770139 0.634375 0.054167 0.016146
0 0.462269 0.136328 0.058796 0.014844
0 0.304861 0.245052 0.021759 0.039583
0 0.034028 0.851823 0.063426 0.013542
0 0.253935 0.150391 0.049537 0.016927
0 0.601157 0.124609 0.068056 0.012240
0 0.328009 0.655859 0.021759 0.038281
0 0.079167 0.455990 0.024074 0.034375
0 0.192593 0.137630 0.065741 0.012240
0 0.485417 0.488542 0.049537 0.016146
0 0.895139 0.685807 0.017130 0.046094
0 0.429861 0.829036 0.021759 0.035677
0 0.492361 0.567318 0.063426 0.012240
0 0.052546 0.444922 0.017130 0.043490
0 0.330324 0.218359 0.026389 0.027865
0 0.112731 0.291276 0.026389 0.027865
0 0.340741 0.513932 0.075000 0.009635
0 0.189120 0.491797 0.021759 0.033073
0 0.813657 0.783464 0.057870 0.012240
0 0.142824 0.578776 0.077315 0.009115
0 0.188657 0.838151 0.057870 0.012240
0 0.520139 0.463802 0.081944 0.008333
0 0.242361 0.430599 0.044907 0.014844
0 0.696065 0.323828 0.026389 0.025260
0 0.837269 0.334245 0.021759 0.030469
0 0.758565 0.381120 0.021759 0.030469
0 0.788657 0.713151 0.017130 0.038281
0 0.233102 0.232422 0.026389 0.024740
0 0.065972 0.343359 0.053241 0.012240
0 0.682176 0.519141 0.017130 0.035677
0 0.834954 0.125911 0.017130 0.035677
0 0.043287 0.724870 0.017130 0.035677
0 0.117361 0.631120 0.063426 0.009635
0 0.384722 0.085547 0.047222 0.012240
0 0.716435 0.378516 0.020833 0.025260
0 0.589120 0.248307 0.053241 0.009635
0 0.621528 0.694922 0.016204 0.027865
0 0.742361 0.174089 0.063426 0.007031
0 0.770139 0.240495 0.017130 0.025260
0 0.316435 0.287370 0.044907 0.009635
0 0.737269 0.824870 0.016204 0.022135
0 0.936343 0.103516 0.016204 0.016927
0 0.672917 0.995052 0.026389 0.008333
