0 0.302546 0.300391 0.156019 0.046094
0 0.100000 0.982031 0.195370 0.034375
0 0.054861 0.508724 0.068056 0.066927
0 0.668287 0.817057 0.118981 0.037760
0 0.906713 0.760026 0.123611 0.033073
0 0.615741 0.268229 0.115741 0.033854
0 0.174074 0.646745 0.144444 0.025260
0 0.394676 0.201432 0.118056 0.030469
0 0.168750 0.546484 0.099537 0.033073
0 0.601157 0.450130 0.049537 0.064323
0 0.821065 0.508073 0.054167 0.055208
0 0.492361 0.299479 0.054167 0.054688
0 0.601157 0.530859 0.049537 0.059115
0 0.888194 0.843359 0.160648 0.017448
0 0.735417 0.885026 0.040278 0.069531
0 0.834491 0.823568 0.090278 0.029948
0 0.816435 0.163411 0.044907 0.058594
0 0.719213 0.391536 0.100463 0.025260
0 0.920139 0.773698 0.104167 0.023958
0 0.529398 0.654557 0.035648 0.066927
0 0.493056 0.194922 0.101852 0.022656
0 0.770139 0.631120 0.044907 0.051302
0 0.633565 0.154557 0.086574 0.025260
0 0.103472 0.827995 0.035648 0.058594
0 0.932176 0.521745 0.035648 0.056510
0 0.765509 0.482031 0.044907 0.044792
0 0.068750 0.559505 0.040278 0.048698
0 0.314815 0.412370 0.092593 0.020052
0 0.871991 0.167578 0.035648 0.051302
0 0.189120 0.679948 0.095833 0.018750
0 0.690972 0.313411 0.043981 0.040885
0 0.434491 0.579036 0.031019 0.056510
0 0.152083 0.385026 0.077315 0.022656
0 0.793287 0.150651 0.035648 0.048698
0 0.029398 0.262630 0.035648 0.048698
0 0.915972 0.673438 0.040278 0.042188
0 0.598843 0.600260 0.035648 0.046875
0 0.473843 0.711849 0.035648 0.046094
0 0.589583 0.657161 0.035648 0.046094
0 0.459491 0.163672 0.071759 0.022656
0 0.723843 0.273698 0.035648 0.044792
0 0.547917 0.351172 0.035648 0.043490
0 0.388194 0.215755 0.040278 0.038281
0 0.392824 0.444922 0.031019 0.048698
0 0.501620 0.647396 0.035648 0.042188
0 0.478472 0.732682 0.072685 0.020052
0 0.728472 0.646745 0.072685 0.020052
0 0.931713 0.454427 0.034722 0.041667
0 0.601157 0.323828 0.031019 0.046094
0 0.381250 0.372005 0.081944 0.017448
0 0.735417 0.724870 0.095833 0.014844
0 0.605787 0.883724 0.095833 0.014844
0 0.439120 0.618099 0.068056 0.020052
0 0.071065 0.437109 0.035648 0.038281
0 0.825694 0.235286 0.026389 0.051302
0 0.402083 0.666276 0.031019 0.043490
0 0.763194 0.773047 0.077315 0.017448
0 0.770139 0.348307 0.035648 0.037760
0 0.904398 0.731120 0.035648 0.037760
0 0.578009 0.736589 0.021759 0.059115
0 0.568750 0.782161 0.086574 0.014844
0 0.226157 0.891536 0.086574 0.014844
0 0.434491 0.641536 0.086574 0.014844
0 0.524769 0.248307 0.035648 0.035677
0 0.797917 0.537370 0.035648 0.035677
0 0.506250 0.829036 0.063426 0.020052
0 0.802546 0.661068 0.072685 0.017448
0 0.779398 0.210547 0.072685 0.017448
0 0.186806 0.539714 0.063426 0.019531
0 0.462269 0.438411 0.021759 0.056510
0 0.205324 0.646745 0.081944 0.014844
0 0.677546 0.597266 0.026389 0.046094
0 0.214583 0.131120 0.026389 0.046094
0 0.855787 0.528255 0.031019 0.038281
0 0.453009 0.838151 0.068056 0.017448
0 0.698380 0.520443 0.031019 0.038281
0 0.337269 0.740495 0.058796 0.020052
0 0.559491 0.640234 0.021759 0.053906
0 0.512731 0.741797 0.067130 0.017448
0 0.907870 0.500651 0.033333 0.035156
0 0.878472 0.391536 0.057870 0.020052
0 0.846065 0.390885 0.020833 0.055208
0 0.939120 0.813411 0.077315 0.014844
0 0.353472 0.345964 0.026389 0.043490
0 0.756250 0.153255 0.026389 0.043490
0 0.152546 0.554036 0.067130 0.016927
0 0.725694 0.664974 0.076389 0.014844
0 0.381250 0.111589 0.091204 0.012240
0 0.381250 0.718359 0.091204 0.012240
0 0.253935 0.735286 0.031019 0.035677
0 0.653935 0.702474 0.025463 0.042969
0 0.288657 0.177995 0.072685 0.014844
0 0.598843 0.806641 0.091204 0.011719
0 0.415972 0.192318 0.086574 0.012240
0 0.633565 0.486589 0.021759 0.048698
0 0.232639 0.181641 0.062500 0.016927
0 0.904398 0.779297 0.072685 0.014323
0 0.126157 0.222266 0.025463 0.040885
0 0.675231 0.877214 0.058796 0.017448
0 0.802546 0.353776 0.026389 0.038281
0 0.256250 0.463151 0.026389 0.038281
0 0.175231 0.362891 0.068056 0.014844
0 0.147454 0.155599 0.031019 0.032552
0 0.429861 0.675391 0.021759 0.046094
0 0.705324 0.189714 0.081944 0.012240
0 0.962269 0.549089 0.021759 0.043490
0 0.652083 0.473568 0.021759 0.043490
0 0.147454 0.614193 0.077315 0.012240
0 0.621991 0.321224 0.026389 0.035677
0 0.922917 0.245703 0.026389 0.035677
0 0.888194 0.296224 0.021759 0.042969
0 0.512731 0.866797 0.076389 0.012240
0 0.939120 0.823177 0.068056 0.013542
0 0.744213 0.752214 0.020833 0.043490
0 0.518981 0.704036 0.061111 0.014844
0 0.501157 0.168620 0.053241 0.016927
0 0.260880 0.621354 0.081944 0.010937
0 0.658565 0.369401 0.016204 0.053906
0 0.644676 0.179036 0.071759 0.011719
0 0.645139 0.572526 0.017130 0.048698
0 0.684491 0.358984 0.021759 0.038281
0 0.147454 0.179297 0.021759 0.038281
0 0.050231 0.819922 0.021759 0.038281
0 0.603472 0.855078 0.081944 0.009635
0 0.739583 0.080078 0.020833 0.037760
0 0.138889 0.466146 0.023148 0.033854
0 0.126620 0.538672 0.063426 0.012240
0 0.301389 0.278255 0.061111 0.012240
0 0.538194 0.563151 0.081019 0.009115
0 0.621528 0.666016 0.062500 0.011719
0 0.029398 0.650000 0.017130 0.042188
0 0.895139 0.222917 0.017130 0.042188
0 0.374306 0.145443 0.058796 0.012240
0 0.360417 0.129818 0.058796 0.012240
0 0.822917 0.835547 0.057870 0.012240
0 0.572222 0.584245 0.047222 0.014844
0 0.383565 0.293620 0.058796 0.011719
0 0.045139 0.220703 0.020833 0.032552
0 0.760417 0.561458 0.025463 0.026562
0 0.186343 0.334245 0.016204 0.040885
0 0.760880 0.618099 0.026389 0.025260
0 0.575694 0.102474 0.026389 0.025260
0 0.601157 0.685807 0.068056 0.009635
0 0.362731 0.227214 0.026389 0.024740
0 0.941435 0.638672 0.026389 0.024740
0 0.371991 0.590495 0.017130 0.037760
0 0.881250 0.701172 0.044907 0.014323
0 0.321065 0.427995 0.063426 0.009635
0 0.098843 0.308203 0.017130 0.035677
0 0.376620 0.435807 0.017130 0.035677
0 0.774769 0.081641 0.017130 0.035677
0 0.862731 0.172135 0.017130 0.034375
0 0.640509 0.089193 0.063426 0.009115
0 0.853472 0.322526 0.017130 0.033073
0 0.770139 0.260026 0.017130 0.033073
0 0.428704 0.782161 0.019444 0.025260
0 0.749306 0.301432 0.021759 0.022135
0 0.172917 0.205078 0.017130 0.027344
0 0.167824 0.439714 0.062500 0.007031
0 0.471528 0.275391 0.012500 0.032552
0 0.371991 0.691667 0.035648 0.010937
0 0.818750 0.094661 0.040278 0.009635
0 0.758565 0.279557 0.040278 0.009635
0 0.271991 0.476172 0.011574 0.033073
0 0.274769 0.871354 0.017130 0.021354
0 0.572222 0.620443 0.010185 0.035156
0 0.677083 0.493099 0.016204 0.020052
0 0.707639 0.995052 0.031019 0.008333
0 0.186343 0.003516 0.025463 0.004427
