0 0.082639 0.792578 0.086574 0.098177
0 0.091435 0.984635 0.178241 0.029167
0 0.746991 0.866797 0.063426 0.064323
0 0.908565 0.194922 0.127315 0.027865
0 0.635880 0.255469 0.118981 0.029167
0 0.167824 0.554297 0.099537 0.033073
0 0.907870 0.539974 0.107407 0.030469
0 0.543287 0.433203 0.128241 0.025260
0 0.272454 0.418880 0.105093 0.027865
0 0.714583 0.108984 0.054167 0.053906
0 0.793287 0.678646 0.044907 0.063021
0 0.439120 0.625911 0.049537 0.051302
0 0.575694 0.094661 0.100463 0.025260
0 0.233102 0.177995 0.044907 0.056510
0 0.425231 0.748047 0.049537 0.050781
0 0.128935 0.525651 0.086574 0.027865
0 0.059491 0.414974 0.031019 0.077344
0 0.377778 0.302995 0.037963 0.060677
0 0.610417 0.130469 0.095833 0.023958
0 0.299769 0.378516 0.048611 0.046094
0 0.652083 0.226172 0.123611 0.017448
0 0.665972 0.524349 0.105093 0.020052
0 0.538657 0.762630 0.118981 0.017448
0 0.297917 0.330990 0.081944 0.023958
0 0.825694 0.358984 0.044907 0.043490
0 0.929861 0.555599 0.077315 0.025260
0 0.922917 0.429297 0.044907 0.043490
0 0.198380 0.886328 0.095833 0.020052
0 0.270139 0.603776 0.026389 0.069531
0 0.730787 0.114193 0.077315 0.022656
0 0.582639 0.205078 0.077315 0.022135
0 0.902546 0.172526 0.085648 0.019531
0 0.314120 0.633724 0.040278 0.040885
0 0.860417 0.115234 0.040278 0.040365
0 0.524769 0.680339 0.081944 0.019531
0 0.401620 0.255469 0.039352 0.039583
0 0.749306 0.593359 0.040278 0.038281
0 0.277083 0.710547 0.068056 0.022656
0 0.763194 0.174089 0.068056 0.022656
0 0.397454 0.598568 0.040278 0.038281
0 0.915972 0.390234 0.086574 0.017448
0 0.827546 0.228776 0.039352 0.038281
0 0.302546 0.657813 0.035648 0.042188
0 0.955324 0.437760 0.026389 0.055208
0 0.707176 0.154948 0.039352 0.036458
0 0.881250 0.575130 0.026389 0.053906
0 0.164120 0.495703 0.034722 0.040885
0 0.786343 0.802995 0.068056 0.020052
0 0.057176 0.511328 0.026389 0.051302
0 0.631250 0.167578 0.091204 0.014844
0 0.286343 0.301693 0.077315 0.017448
0 0.510417 0.240495 0.090278 0.014844
0 0.878935 0.815755 0.068056 0.019531
0 0.531713 0.512370 0.077315 0.016927
0 0.476157 0.797135 0.031019 0.042188
0 0.795602 0.253906 0.031019 0.041667
0 0.367361 0.722266 0.035648 0.035677
0 0.726157 0.360286 0.031019 0.040885
0 0.839583 0.468359 0.072685 0.017448
0 0.691435 0.694922 0.072685 0.017448
0 0.325231 0.783464 0.071759 0.017448
0 0.542130 0.856380 0.070370 0.017448
0 0.272454 0.258073 0.021759 0.055208
0 0.154398 0.112630 0.081944 0.014323
0 0.765509 0.676693 0.026389 0.043490
0 0.360417 0.542578 0.021759 0.051302
0 0.483102 0.595313 0.026389 0.042188
0 0.376620 0.433854 0.026389 0.042188
0 0.809028 0.389583 0.030093 0.036979
0 0.793287 0.839453 0.072685 0.014844
0 0.760880 0.250911 0.026389 0.040885
0 0.639352 0.676693 0.061111 0.017448
0 0.216898 0.351172 0.058796 0.017448
0 0.212269 0.252214 0.031019 0.033073
0 0.698380 0.824870 0.086574 0.011719
0 0.922917 0.353776 0.026389 0.038281
0 0.939120 0.837891 0.031019 0.032552
0 0.758565 0.349870 0.021759 0.046094
0 0.314815 0.183203 0.032407 0.030469
0 0.163657 0.124349 0.081944 0.011719
0 0.513194 0.843359 0.077315 0.012240
0 0.524769 0.662370 0.026389 0.035677
0 0.339583 0.204036 0.063426 0.014844
0 0.885417 0.545182 0.062500 0.014844
0 0.582639 0.885677 0.021759 0.042188
0 0.367361 0.192318 0.072685 0.012240
0 0.690278 0.746354 0.024074 0.036979
0 0.145139 0.692318 0.026389 0.033073
0 0.023611 0.703776 0.024074 0.035156
0 0.075231 0.584245 0.016204 0.051302
0 0.226157 0.754818 0.021759 0.038281
0 0.119676 0.580078 0.021759 0.037760
0 0.739583 0.311849 0.030093 0.027344
0 0.678704 0.882422 0.065741 0.012240
0 0.619213 0.619401 0.020833 0.038281
0 0.823380 0.188411 0.021759 0.035677
0 0.036343 0.664323 0.021759 0.034375
0 0.719213 0.197526 0.017130 0.043490
0 0.957176 0.347266 0.020833 0.035677
0 0.142361 0.733984 0.057870 0.012240
0 0.075694 0.183203 0.017130 0.040885
0 0.121991 0.612891 0.072685 0.009635
0 0.159028 0.579688 0.063426 0.010937
0 0.442130 0.526953 0.046296 0.014844
0 0.362731 0.401953 0.044907 0.014844
0 0.263194 0.092057 0.068056 0.009635
0 0.193287 0.220052 0.020833 0.031250
0 0.168287 0.173828 0.054167 0.011719
0 0.339583 0.597266 0.063426 0.009635
0 0.610417 0.835547 0.021759 0.027865
0 0.549769 0.288672 0.048611 0.012240
0 0.656713 0.893490 0.068056 0.008333
0 0.591898 0.602474 0.058796 0.009635
0 0.929861 0.758724 0.058796 0.009635
0 0.774306 0.395443 0.043981 0.012240
0 0.007407 0.698828 0.014815 0.035677
0 0.480324 0.892839 0.039352 0.012240
0 0.751620 0.495703 0.017130 0.025260
0 0.467361 0.515885 0.048611 0.008333
0 0.328009 0.765234 0.040278 0.007031
0 0.591898 0.994401 0.031019 0.007031
