0 0.679861 0.603516 0.077315 0.105469
0 0.159028 0.127214 0.146759 0.048698
0 0.836111 0.061458 0.176852 0.026562
0 0.288657 0.487891 0.137500 0.030469
0 0.594213 0.883724 0.109722 0.035677
0 0.722685 0.469661 0.051852 0.072135
0 0.479630 0.132161 0.112037 0.032552
0 0.365046 0.418620 0.049537 0.069010
0 0.450694 0.470964 0.054167 0.059115
0 0.617361 0.485286 0.054167 0.056510
0 0.145139 0.382422 0.054167 0.053906
0 0.189120 0.452734 0.040278 0.069531
0 0.543287 0.411068 0.118981 0.022656
0 0.742361 0.392839 0.035648 0.074740
0 0.876620 0.876953 0.146759 0.016927
0 0.554861 0.493490 0.031019 0.078125
0 0.221528 0.258724 0.049537 0.046094
0 0.665972 0.375911 0.049537 0.046094
0 0.219213 0.460286 0.081944 0.027344
0 0.656713 0.630208 0.040278 0.054688
0 0.241898 0.222266 0.081019 0.025260
0 0.958796 0.094661 0.079630 0.025260
0 0.926389 0.263281 0.144444 0.013542
0 0.790972 0.041276 0.086574 0.022656
0 0.246991 0.400651 0.035648 0.053906
0 0.883102 0.064453 0.085648 0.022135
0 0.904398 0.726172 0.035648 0.048698
0 0.596528 0.771745 0.114352 0.014844
0 0.402083 0.658464 0.095833 0.017448
0 0.478009 0.177995 0.108796 0.014844
0 0.890509 0.010026 0.091204 0.017448
0 0.633565 0.211849 0.077315 0.020052
0 0.355787 0.044922 0.077315 0.019531
0 0.575694 0.292578 0.072685 0.020052
0 0.105787 0.231380 0.031019 0.043490
0 0.344213 0.064714 0.100463 0.012240
0 0.154398 0.265234 0.063426 0.017448
0 0.584954 0.879557 0.091204 0.011719
0 0.481944 0.155859 0.079630 0.012240
0 0.753935 0.352214 0.095833 0.009115
0 0.152083 0.883724 0.086574 0.009635
0 0.297454 0.621745 0.053241 0.011719
0 0.233102 0.313151 0.054167 0.009115
0 0.098843 0.993099 0.044907 0.009635
