0 0.341898 0.813411 0.058796 0.077344
0 0.281713 0.047786 0.142130 0.030469
0 0.425231 0.193359 0.105093 0.035156
0 0.927546 0.719661 0.054167 0.066927
0 0.473843 0.476172 0.044907 0.074740
0 0.707639 0.897786 0.114352 0.027344
0 0.309491 0.647396 0.049537 0.063021
0 0.280556 0.321224 0.121296 0.025260
0 0.371991 0.157161 0.118981 0.025260
0 0.792130 0.677995 0.051852 0.056510
0 0.443750 0.183203 0.095833 0.030469
0 0.399769 0.265885 0.054167 0.050000
0 0.434491 0.777995 0.095833 0.027344
0 0.832639 0.386328 0.031019 0.082552
0 0.904398 0.191667 0.091204 0.026562
0 0.922917 0.335547 0.044907 0.053906
0 0.189120 0.166276 0.040278 0.059115
0 0.309028 0.405599 0.085648 0.027344
0 0.383565 0.433203 0.086574 0.025260
0 0.268981 0.847266 0.042593 0.051302
0 0.112731 0.186458 0.081944 0.026562
0 0.559491 0.352474 0.040278 0.051302
0 0.723843 0.526953 0.100463 0.020052
0 0.214583 0.209245 0.100463 0.020052
0 0.828009 0.546484 0.086574 0.022656
0 0.957639 0.845964 0.040278 0.048698
0 0.286343 0.795182 0.031019 0.061719
0 0.815972 0.270443 0.043981 0.043490
0 0.323380 0.479818 0.095833 0.019531
0 0.723843 0.124609 0.081944 0.022656
0 0.709954 0.667318 0.128241 0.014323
0 0.751620 0.571224 0.091204 0.020052
0 0.233102 0.449870 0.081944 0.022135
0 0.334954 0.189453 0.081944 0.022135
0 0.530556 0.797135 0.093519 0.018750
0 0.221528 0.122005 0.077315 0.022656
0 0.591898 0.674089 0.077315 0.022656
0 0.341898 0.645443 0.040278 0.043490
0 0.341898 0.500911 0.086574 0.020052
0 0.115046 0.711849 0.086574 0.020052
0 0.586806 0.741536 0.076389 0.022135
0 0.834954 0.179297 0.072685 0.022656
0 0.568750 0.706380 0.114352 0.014323
0 0.293287 0.125911 0.081944 0.020052
0 0.270139 0.532161 0.035648 0.046094
0 0.682176 0.735286 0.081944 0.020052
0 0.330324 0.250260 0.035648 0.044792
0 0.247685 0.579036 0.027778 0.056510
0 0.684491 0.230078 0.105093 0.014844
0 0.518981 0.611589 0.088889 0.017448
0 0.383565 0.167578 0.077315 0.020052
0 0.272454 0.737891 0.077315 0.020052
0 0.367361 0.760026 0.035648 0.043490
0 0.494676 0.239193 0.040278 0.038281
0 0.564120 0.851172 0.068056 0.022656
0 0.207639 0.715755 0.040278 0.038281
0 0.501157 0.681641 0.090278 0.016927
0 0.443750 0.272786 0.040278 0.037760
0 0.756250 0.722266 0.035648 0.040885
0 0.328009 0.109635 0.077315 0.018750
0 0.244676 0.545182 0.031019 0.046094
0 0.763194 0.256120 0.031019 0.046094
0 0.429861 0.480078 0.031019 0.046094
0 0.184491 0.766536 0.095833 0.014844
0 0.522454 0.364844 0.031019 0.044792
0 0.871991 0.299089 0.035648 0.038281
0 0.240046 0.180599 0.068056 0.020052
0 0.802083 0.311849 0.025463 0.053385
0 0.788657 0.899349 0.026389 0.051302
0 0.226157 0.247005 0.031019 0.043490
0 0.330324 0.729427 0.026389 0.050000
0 0.492361 0.161068 0.026389 0.048698
0 0.612731 0.148047 0.026389 0.048698
0 0.971528 0.169922 0.031019 0.040365
0 0.091898 0.391276 0.086574 0.014323
0 0.797917 0.149740 0.026389 0.046875
0 0.235417 0.717057 0.021759 0.056510
0 0.279398 0.243099 0.081944 0.014844
0 0.134722 0.446224 0.033333 0.035677
0 0.712269 0.473568 0.031019 0.038281
0 0.360417 0.142839 0.068056 0.017448
0 0.459954 0.497005 0.035648 0.033073
0 0.547917 0.693359 0.081944 0.014323
0 0.299769 0.891536 0.057870 0.020052
0 0.855324 0.766536 0.057870 0.020052
0 0.508565 0.780208 0.105093 0.010937
0 0.658565 0.423698 0.025463 0.044271
0 0.487731 0.877214 0.091204 0.012240
0 0.862731 0.637630 0.063426 0.017448
0 0.455324 0.431901 0.063426 0.017448
0 0.417130 0.611328 0.033333 0.032552
0 0.584954 0.657161 0.072685 0.014844
0 0.816435 0.248307 0.072685 0.014844
0 0.453009 0.317057 0.021759 0.048177
0 0.435648 0.559505 0.024074 0.043490
0 0.547917 0.813151 0.072685 0.014323
0 0.201389 0.471615 0.055556 0.018750
0 0.670139 0.137370 0.085648 0.011719
0 0.758565 0.190104 0.021759 0.044271
0 0.174769 0.680599 0.020833 0.046094
0 0.387731 0.568359 0.020833 0.045573
0 0.545602 0.892839 0.077315 0.012240
0 0.133565 0.150651 0.021759 0.043490
0 0.114583 0.215755 0.076389 0.012240
0 0.909491 0.184505 0.053241 0.017448
0 0.360417 0.583984 0.031019 0.029948
0 0.910185 0.174089 0.075000 0.012240
0 0.164815 0.254818 0.075000 0.012240
0 0.781713 0.121354 0.021759 0.042188
0 0.735417 0.266927 0.021759 0.041667
0 0.165972 0.743099 0.021759 0.040885
0 0.765509 0.473568 0.026389 0.033073
0 0.119676 0.227474 0.058796 0.014844
0 0.406713 0.396094 0.021759 0.039583
0 0.834954 0.444661 0.026389 0.032552
0 0.380787 0.504818 0.025463 0.033073
0 0.073380 0.653255 0.021759 0.038281
0 0.223380 0.632161 0.025463 0.032552
0 0.837269 0.668620 0.021759 0.037760
0 0.740046 0.138281 0.058796 0.013542
0 0.770139 0.618099 0.081944 0.009635
0 0.584954 0.482682 0.017130 0.046094
0 0.183333 0.567057 0.028704 0.027344
0 0.295602 0.149349 0.021759 0.035677
0 0.777083 0.209245 0.021759 0.035677
0 0.235417 0.651953 0.021759 0.035677
0 0.828009 0.920182 0.021759 0.035677
0 0.823380 0.321224 0.021759 0.035677
0 0.281713 0.571224 0.021759 0.035677
0 0.321065 0.358984 0.063426 0.012240
0 0.464583 0.736328 0.063426 0.011719
0 0.915972 0.162370 0.049537 0.014844
0 0.329861 0.905599 0.062500 0.011719
0 0.581481 0.625911 0.075000 0.009635
0 0.508565 0.658464 0.021759 0.033073
0 0.071065 0.717057 0.017130 0.040885
0 0.936806 0.469661 0.017130 0.040885
0 0.154398 0.136719 0.026389 0.026042
0 0.631713 0.801042 0.062500 0.010937
0 0.184028 0.254557 0.020833 0.032552
0 0.612731 0.716797 0.072685 0.009115
0 0.499306 0.852474 0.021759 0.030469
0 0.567593 0.788411 0.056481 0.011719
0 0.038194 0.684505 0.016204 0.038281
0 0.499306 0.755859 0.068056 0.009115
0 0.598843 0.407161 0.063426 0.009635
0 0.172917 0.107682 0.063426 0.009635
0 0.052546 0.338802 0.017130 0.034375
0 0.848843 0.267839 0.017130 0.033073
0 0.219213 0.786068 0.017130 0.033073
0 0.935648 0.133073 0.014815 0.036979
0 0.036343 0.569922 0.012500 0.043490
0 0.413657 0.442969 0.063426 0.008333
0 0.162037 0.338151 0.023148 0.022656
0 0.760880 0.276953 0.017130 0.030469
0 0.209954 0.680599 0.017130 0.030469
0 0.492361 0.711589 0.017130 0.029948
0 0.922917 0.323568 0.017130 0.029948
0 0.679861 0.452734 0.012500 0.038281
0 0.587269 0.136328 0.049537 0.009635
0 0.327546 0.493099 0.048611 0.009635
0 0.781250 0.297786 0.011574 0.035677
0 0.475694 0.836849 0.020833 0.020052
0 0.411343 0.232422 0.012500 0.029948
0 0.929861 0.500651 0.040278 0.009115
0 0.953009 0.427083 0.012500 0.028646
0 0.561806 0.041016 0.026389 0.006510
