0 0.538657 0.618099 0.230093 0.046094
0 0.652083 0.121745 0.169907 0.058594
0 0.237731 0.184505 0.156019 0.053906
0 0.402778 0.530599 0.143519 0.042969
0 0.825694 0.398698 0.193056 0.029167
0 0.248148 0.862630 0.186111 0.029948
0 0.494676 0.347917 0.114352 0.031771
0 0.939120 0.216146 0.058796 0.059896
0 0.626157 0.106380 0.118056 0.027865
0 0.147454 0.228776 0.049537 0.064323
0 0.873843 0.440365 0.048611 0.050000
0 0.365046 0.524349 0.077315 0.025260
0 0.745833 0.221615 0.042593 0.044792
0 0.979630 0.135026 0.037963 0.048698
0 0.233102 0.315755 0.128241 0.014323
0 0.207639 0.632422 0.105093 0.017448
0 0.123843 0.478776 0.030093 0.059115
0 0.411343 0.392839 0.040278 0.043490
0 0.078009 0.852474 0.114352 0.014844
0 0.378935 0.558203 0.105093 0.014844
0 0.429861 0.427995 0.095833 0.014844
0 0.413657 0.150391 0.026389 0.053385
0 0.476157 0.562760 0.021759 0.060417
0 0.779398 0.390234 0.100463 0.012240
0 0.068750 0.512630 0.021759 0.053906
0 0.906713 0.166016 0.021759 0.053385
0 0.941435 0.799089 0.091204 0.012240
0 0.105787 0.554036 0.058796 0.016927
0 0.986574 0.813411 0.024074 0.035677
0 0.790972 0.226172 0.021759 0.037240
0 0.871991 0.396484 0.017130 0.045573
0 0.385417 0.139323 0.016204 0.046875
0 0.223843 0.223568 0.017130 0.043490
0 0.656250 0.782161 0.067130 0.009635
0 0.267824 0.364844 0.021759 0.029167
0 0.778935 0.864193 0.053241 0.007031
