0 0.889352 0.025651 0.218519 0.043490
0 0.094213 0.658464 0.156019 0.043490
0 0.787037 0.275000 0.134259 0.042188
0 0.424769 0.678646 0.141204 0.036979
0 0.266667 0.288672 0.065741 0.074740
0 0.189120 0.585547 0.068056 0.069531
0 0.145139 0.672135 0.128241 0.034375
0 0.653241 0.358984 0.112037 0.038281
0 0.719907 0.415365 0.129630 0.031250
0 0.193750 0.858724 0.049537 0.079427
0 0.177546 0.439714 0.100463 0.033073
0 0.832639 0.196224 0.049537 0.066927
0 0.461806 0.394792 0.048611 0.063021
0 0.310648 0.827083 0.051852 0.052604
0 0.615046 0.451432 0.040278 0.066927
0 0.843750 0.236589 0.053241 0.048698
0 0.135880 0.297786 0.044907 0.056510
0 0.071065 0.563411 0.044907 0.056510
0 0.230787 0.499609 0.049537 0.048698
0 0.128935 0.541276 0.040278 0.059115
0 0.668287 0.136328 0.044907 0.051302
0 0.244213 0.802995 0.048611 0.046094
0 0.117361 0.744401 0.044907 0.048698
0 0.219213 0.773047 0.044907 0.048698
0 0.735417 0.317318 0.123611 0.017448
0 0.594213 0.224870 0.044907 0.046094
0 0.061806 0.865495 0.044907 0.046094
0 0.520139 0.217057 0.044907 0.046094
0 0.766204 0.285807 0.092593 0.022135
0 0.788657 0.490234 0.081944 0.024740
0 0.790509 0.651953 0.039352 0.051302
0 0.121528 0.855078 0.034722 0.056510
0 0.925231 0.625911 0.077315 0.025260
0 0.075694 0.241797 0.035648 0.053906
0 0.462269 0.586849 0.031019 0.061719
0 0.323380 0.766276 0.077315 0.024740
0 0.121528 0.697526 0.081019 0.022656
0 0.047917 0.144141 0.072685 0.025260
0 0.424769 0.737891 0.039352 0.046094
0 0.233102 0.422786 0.026389 0.066927
0 0.705324 0.292578 0.081944 0.020052
0 0.558333 0.512630 0.093519 0.017448
0 0.522454 0.320964 0.040278 0.040365
0 0.742361 0.219010 0.118981 0.013542
0 0.862731 0.119401 0.091204 0.017448
0 0.237731 0.135026 0.091204 0.017448
0 0.067593 0.520443 0.028704 0.053906
0 0.086806 0.838151 0.039352 0.038281
0 0.297917 0.790625 0.035648 0.041146
0 0.400926 0.802995 0.098148 0.014844
0 0.617361 0.118099 0.035648 0.040885
0 0.325694 0.753516 0.072685 0.020052
0 0.887731 0.152604 0.039352 0.036979
0 0.309028 0.291016 0.030093 0.048177
0 0.233102 0.929297 0.081944 0.017448
0 0.292130 0.717057 0.070370 0.020052
0 0.140509 0.647786 0.063426 0.022135
0 0.495370 0.153255 0.078704 0.017448
0 0.480787 0.235286 0.021759 0.061719
0 0.538657 0.627214 0.109722 0.012240
0 0.271991 0.120703 0.067130 0.020052
0 0.079861 0.788672 0.034722 0.038281
0 0.469213 0.123047 0.091204 0.014323
0 0.121991 0.149089 0.091204 0.014323
0 0.091435 0.373307 0.020833 0.061719
0 0.573380 0.273047 0.021759 0.059115
0 0.295602 0.740495 0.086574 0.014844
0 0.233102 0.861589 0.026389 0.048698
0 0.371991 0.865495 0.035648 0.035677
0 0.594213 0.300391 0.063426 0.020052
0 0.538657 0.128516 0.035648 0.035677
0 0.897454 0.482682 0.031019 0.040885
0 0.142824 0.881120 0.031019 0.040885
0 0.390046 0.641536 0.062500 0.020052
0 0.714583 0.104818 0.035648 0.035156
0 0.095370 0.536068 0.028704 0.043490
0 0.116898 0.818620 0.034722 0.035677
0 0.649769 0.180339 0.063426 0.019531
0 0.440278 0.651953 0.061111 0.020052
0 0.547917 0.209245 0.026389 0.046094
0 0.936806 0.459245 0.026389 0.046094
0 0.149769 0.719661 0.026389 0.046094
0 0.279398 0.878516 0.026389 0.046094
0 0.216435 0.860286 0.020833 0.056510
0 0.860417 0.275391 0.021759 0.053385
0 0.346065 0.830339 0.020833 0.053906
0 0.091435 0.293880 0.020833 0.053906
0 0.205324 0.681901 0.091204 0.012240
0 0.228935 0.694922 0.090278 0.012240
0 0.142824 0.860286 0.031019 0.035677
0 0.182176 0.619401 0.063426 0.017448
0 0.321065 0.873307 0.026389 0.040885
0 0.834954 0.407161 0.026389 0.040885
0 0.114583 0.602474 0.020833 0.051302
0 0.110417 0.515234 0.021759 0.048698
0 0.341898 0.320312 0.031019 0.033854
0 0.504630 0.646745 0.069444 0.014844
0 0.290509 0.239583 0.030093 0.033854
0 0.704167 0.151953 0.033333 0.030469
0 0.089583 0.468359 0.026389 0.038281
0 0.328009 0.602474 0.068056 0.014844
0 0.799769 0.124609 0.057870 0.017448
0 0.216435 0.119401 0.057870 0.017448
0 0.216898 0.740234 0.021759 0.045573
0 0.851157 0.306901 0.021759 0.043490
0 0.064120 0.825130 0.021759 0.043490
0 0.524769 0.733984 0.054167 0.017448
0 0.209491 0.220312 0.025463 0.036979
0 0.858102 0.105078 0.063426 0.014844
0 0.594213 0.105078 0.026389 0.035677
0 0.045602 0.228516 0.021759 0.042969
0 0.209491 0.201432 0.062500 0.014844
0 0.932176 0.648438 0.026389 0.033854
0 0.196065 0.114193 0.072685 0.012240
0 0.723380 0.374609 0.071759 0.012240
0 0.140509 0.207943 0.026389 0.033073
0 0.156713 0.347266 0.058796 0.014844
0 0.098843 0.777995 0.026389 0.032552
0 0.165972 0.520443 0.021759 0.038281
0 0.068750 0.921484 0.021759 0.038281
0 0.130787 0.387630 0.062500 0.012240
0 0.163657 0.898047 0.017130 0.043490
0 0.362731 0.882161 0.063426 0.011719
0 0.909028 0.148047 0.026389 0.027865
0 0.251157 0.232031 0.053241 0.013542
0 0.068750 0.707943 0.058796 0.012240
0 0.105787 0.223307 0.021759 0.032552
0 0.265509 0.493099 0.017130 0.040885
0 0.821065 0.154557 0.072685 0.009635
0 0.852315 0.573177 0.079630 0.008333
0 0.466898 0.771745 0.021759 0.030469
0 0.409028 0.168880 0.054167 0.012240
0 0.209491 0.914974 0.043981 0.014844
0 0.603472 0.199219 0.017130 0.036458
0 0.517824 0.895443 0.021759 0.027865
0 0.199537 0.843359 0.014815 0.038281
0 0.534028 0.378516 0.017130 0.030469
0 0.316435 0.409766 0.017130 0.030469
0 0.756250 0.340755 0.017130 0.027865
0 0.645139 0.296484 0.017130 0.027865
0 0.304861 0.113542 0.012500 0.036979
0 0.735417 0.136328 0.021759 0.020052
0 0.631250 0.261328 0.044907 0.009635
0 0.767361 0.353776 0.011574 0.033073
