0 0.538657 0.618099 0.230093 0.046094
0 0.064120 0.606380 0.058796 0.116406
0 0.862731 0.349219 0.118981 0.039583
0 0.249306 0.463151 0.142130 0.033073
0 0.920602 0.072917 0.114352 0.039062
0 0.593750 0.043880 0.155093 0.027865
0 0.931019 0.392578 0.135185 0.027344
0 0.874306 0.223568 0.160648 0.022656
0 0.944907 0.468359 0.107407 0.033073
0 0.832176 0.090495 0.113426 0.027344
0 0.096528 0.732422 0.040278 0.076823
0 0.714120 0.899349 0.053241 0.051302
0 0.263889 0.495703 0.097222 0.025260
0 0.980787 0.651953 0.031019 0.077344
0 0.941435 0.125651 0.035648 0.066406
0 0.251620 0.805599 0.044907 0.051302
0 0.096528 0.149349 0.049537 0.046094
0 0.552546 0.090495 0.081944 0.027344
0 0.984259 0.122005 0.028704 0.074740
0 0.221528 0.243099 0.105093 0.020052
0 0.223843 0.814063 0.035648 0.057813
0 0.880787 0.132422 0.034722 0.059115
0 0.078009 0.632422 0.031019 0.064323
0 0.496991 0.308203 0.128241 0.014844
0 0.080324 0.249349 0.081944 0.022135
0 0.219907 0.184245 0.037037 0.048177
0 0.825694 0.143880 0.091204 0.019531
0 0.358102 0.785417 0.109722 0.016146
0 0.211806 0.468359 0.076389 0.022656
0 0.339583 0.547786 0.026389 0.061719
0 0.517361 0.378516 0.039352 0.040885
0 0.697917 0.164974 0.030093 0.051302
0 0.045602 0.825130 0.031019 0.048698
0 0.932176 0.196224 0.100463 0.014844
0 0.452546 0.168620 0.020833 0.069010
0 0.932176 0.168880 0.081944 0.017448
0 0.436343 0.112630 0.071759 0.019531
0 0.119676 0.760677 0.031019 0.044792
0 0.830324 0.899349 0.091204 0.014844
0 0.862731 0.127214 0.026389 0.048698
0 0.828009 0.439453 0.095833 0.011719
0 0.369676 0.147396 0.021759 0.047396
0 0.970370 0.397786 0.056481 0.016927
0 0.855787 0.184245 0.021759 0.037760
0 0.899769 0.862891 0.063426 0.009635
0 0.981944 0.770443 0.033333 0.007031
