0 0.096528 0.982031 0.188426 0.034375
0 0.898611 0.983333 0.200000 0.031771
0 0.126620 0.853776 0.063426 0.059115
0 0.221528 0.559505 0.058796 0.059115
0 0.103472 0.775391 0.100463 0.032552
0 0.728472 0.237891 0.126389 0.025260
0 0.855787 0.814714 0.058796 0.053906
0 0.140509 0.573828 0.054167 0.056510
0 0.496991 0.137630 0.100463 0.027865
0 0.538657 0.620703 0.091204 0.030469
0 0.432176 0.800781 0.044907 0.057292
0 0.700231 0.746745 0.053241 0.048177
0 0.633565 0.642188 0.040278 0.063021
0 0.223843 0.879818 0.109722 0.022656
0 0.672917 0.291276 0.044907 0.053906
0 0.476157 0.814714 0.086574 0.027865
0 0.806713 0.276042 0.043981 0.054688
0 0.344213 0.284766 0.035648 0.066927
0 0.654398 0.177995 0.091204 0.025260
0 0.656713 0.571224 0.049537 0.046094
0 0.888194 0.714453 0.049537 0.046094
0 0.574537 0.314714 0.079630 0.027865
0 0.043287 0.605078 0.035648 0.061719
0 0.578009 0.694922 0.040278 0.053906
0 0.484954 0.329036 0.104167 0.020052
0 0.186806 0.498307 0.035648 0.056510
0 0.297454 0.443620 0.034722 0.056510
0 0.670602 0.481380 0.040278 0.048698
0 0.295602 0.853516 0.040278 0.048177
0 0.869676 0.214453 0.095833 0.020052
0 0.265509 0.384375 0.044907 0.042188
0 0.851157 0.677995 0.040278 0.046094
0 0.735417 0.189714 0.031019 0.059115
0 0.274769 0.185807 0.072685 0.025260
0 0.427546 0.701432 0.072685 0.025260
0 0.955324 0.779557 0.035648 0.051302
0 0.740046 0.075130 0.077315 0.022656
0 0.209954 0.189714 0.035648 0.048698
0 0.501620 0.374349 0.035648 0.048177
0 0.230787 0.795182 0.114352 0.014844
0 0.607639 0.838151 0.034722 0.048698
0 0.307176 0.629818 0.072685 0.022656
0 0.774769 0.550391 0.035648 0.046094
0 0.654398 0.667578 0.035648 0.046094
0 0.918287 0.534766 0.035648 0.046094
0 0.647454 0.737630 0.040278 0.040365
0 0.922917 0.831380 0.081944 0.019531
0 0.091898 0.459245 0.031019 0.051302
0 0.311806 0.148047 0.026389 0.059115
0 0.578009 0.374609 0.040278 0.038281
0 0.828009 0.866797 0.068056 0.022656
0 0.315278 0.232682 0.033333 0.046094
0 0.582176 0.533464 0.039352 0.038281
0 0.863889 0.329036 0.075000 0.020052
0 0.196065 0.400000 0.035648 0.042188
0 0.628472 0.603776 0.085648 0.017448
0 0.539815 0.413672 0.065741 0.022656
0 0.267824 0.801042 0.040278 0.036979
0 0.369676 0.873958 0.031019 0.047396
0 0.559491 0.157161 0.021759 0.066927
0 0.483102 0.675391 0.072685 0.020052
0 0.845370 0.582943 0.037963 0.038281
0 0.536343 0.855078 0.031019 0.046094
0 0.172917 0.689714 0.081944 0.017448
0 0.557176 0.194922 0.081944 0.017448
0 0.593056 0.446224 0.070370 0.020052
0 0.068750 0.845964 0.021759 0.064323
0 0.300231 0.719661 0.068056 0.020052
0 0.316435 0.674089 0.035648 0.038281
0 0.867361 0.740495 0.026389 0.051302
0 0.832639 0.390234 0.031019 0.043490
0 0.304861 0.611589 0.031019 0.043490
0 0.363889 0.607422 0.037963 0.035156
0 0.907870 0.180599 0.088889 0.014844
0 0.575694 0.103125 0.118981 0.010937
0 0.121528 0.180599 0.025463 0.051302
0 0.478472 0.802995 0.063426 0.020052
0 0.126620 0.323828 0.035648 0.035677
0 0.950694 0.154557 0.035648 0.035677
0 0.353472 0.082943 0.072685 0.017448
0 0.402083 0.352474 0.031019 0.040885
0 0.468750 0.339453 0.062500 0.020052
0 0.252778 0.099219 0.065741 0.018750
0 0.728472 0.536719 0.035648 0.034375
0 0.617361 0.215495 0.100463 0.011719
0 0.082639 0.539974 0.058796 0.020052
0 0.365046 0.285807 0.031019 0.037760
0 0.598380 0.427734 0.081019 0.014323
0 0.080324 0.338151 0.026389 0.043490
0 0.635880 0.460547 0.026389 0.043490
0 0.587269 0.404557 0.077315 0.014844
0 0.219213 0.330078 0.026389 0.042969
0 0.464583 0.840755 0.063426 0.017448
0 0.297454 0.497005 0.062500 0.017448
0 0.888194 0.399089 0.031019 0.035156
0 0.094213 0.414974 0.026389 0.040885
0 0.909028 0.224870 0.072685 0.014844
0 0.603472 0.561849 0.063426 0.016927
0 0.457639 0.523047 0.021759 0.048698
0 0.939120 0.291276 0.031019 0.033073
0 0.383565 0.335547 0.031019 0.033073
0 0.420602 0.831641 0.068056 0.014844
0 0.344213 0.832943 0.081944 0.012240
0 0.415972 0.311849 0.058796 0.016927
0 0.140509 0.400000 0.026389 0.036979
0 0.149769 0.306250 0.026389 0.036979
0 0.392361 0.462500 0.030093 0.031771
0 0.767824 0.114193 0.021759 0.043490
0 0.809491 0.728776 0.021759 0.043490
0 0.652083 0.207943 0.077315 0.012240
0 0.520139 0.314714 0.054167 0.017448
0 0.635417 0.301042 0.025463 0.036979
0 0.640509 0.529557 0.063426 0.014844
0 0.696065 0.370703 0.063426 0.014844
0 0.098380 0.758724 0.062500 0.014844
0 0.759722 0.356380 0.051852 0.017448
0 0.126620 0.267839 0.072685 0.012240
0 0.246991 0.844401 0.017130 0.050781
0 0.334954 0.861589 0.026389 0.033073
0 0.309028 0.805599 0.020833 0.040885
0 0.473843 0.373307 0.054167 0.014844
0 0.955324 0.391536 0.017130 0.046094
0 0.464583 0.891536 0.081944 0.009635
0 0.830324 0.659505 0.017130 0.045573
0 0.237731 0.581380 0.017130 0.045573
0 0.156713 0.802995 0.021759 0.035677
0 0.200694 0.223568 0.063426 0.012240
0 0.570602 0.838151 0.062500 0.012240
0 0.272454 0.672526 0.021759 0.035156
0 0.270139 0.556901 0.017130 0.043490
0 0.172917 0.392839 0.017130 0.043490
0 0.161343 0.547135 0.021759 0.034375
0 0.074074 0.995052 0.087963 0.008333
0 0.290972 0.239193 0.021759 0.033073
0 0.198380 0.866797 0.058796 0.012240
0 0.040972 0.770443 0.021759 0.033073
0 0.019676 0.405859 0.016204 0.043490
0 0.816435 0.219661 0.017130 0.040885
0 0.598843 0.295182 0.017130 0.040885
0 0.938657 0.095964 0.020833 0.033073
0 0.612269 0.306250 0.025463 0.026562
0 0.177546 0.816016 0.026389 0.025260
0 0.777083 0.683203 0.068056 0.009635
0 0.362731 0.681901 0.017130 0.038281
0 0.758565 0.771484 0.021759 0.029948
0 0.271991 0.735026 0.020833 0.029948
0 0.427083 0.340755 0.016204 0.038281
0 0.200694 0.245703 0.017130 0.035677
0 0.672917 0.263932 0.017130 0.035677
0 0.589583 0.620703 0.017130 0.035677
0 0.557176 0.274349 0.017130 0.035677
0 0.830324 0.849609 0.063426 0.009115
0 0.177083 0.136068 0.016204 0.035156
0 0.193750 0.378516 0.021759 0.025260
0 0.066435 0.739193 0.044907 0.012240
0 0.223843 0.297526 0.017130 0.029948
0 0.366204 0.550391 0.051852 0.009635
0 0.142824 0.528255 0.040278 0.012240
0 0.108102 0.510417 0.017130 0.028646
0 0.450231 0.094922 0.016204 0.029948
0 0.730787 0.886328 0.049537 0.009635
0 0.446065 0.676042 0.017130 0.026562
0 0.121991 0.460286 0.035648 0.011719
0 0.021296 0.993750 0.037963 0.010937
0 0.814120 0.309245 0.058796 0.006510
0 0.920602 0.369401 0.049537 0.007031
0 0.365046 0.653255 0.012500 0.027865
0 0.177546 0.097266 0.035648 0.009635
0 0.154398 0.615234 0.035648 0.009115
0 0.584954 0.497005 0.017130 0.017448
0 0.554861 0.023047 0.031019 0.007031
0 0.597685 0.991797 0.024074 0.007031
