0 0.661343 0.261979 0.058796 0.073438
0 0.509722 0.678385 0.107407 0.036458
0 0.756250 0.177995 0.128241 0.030469
0 0.790972 0.123307 0.058796 0.056510
0 0.837269 0.506120 0.105093 0.030469
0 0.593750 0.199479 0.099537 0.031771
0 0.598843 0.146745 0.035648 0.082552
0 0.142824 0.685807 0.114352 0.025260
0 0.190972 0.218359 0.099537 0.027865
0 0.375000 0.409766 0.106481 0.025260
0 0.271991 0.469010 0.048611 0.055208
0 0.678241 0.153255 0.092593 0.027865
0 0.876620 0.403255 0.091204 0.027865
0 0.815278 0.412370 0.098148 0.025260
0 0.216898 0.141536 0.095833 0.025260
0 0.519676 0.481380 0.043981 0.048698
0 0.184491 0.524349 0.095833 0.020052
0 0.513194 0.144141 0.031019 0.061719
0 0.480787 0.421484 0.105093 0.017448
0 0.469213 0.441016 0.072685 0.025260
0 0.223843 0.207943 0.100463 0.017448
0 0.476157 0.194922 0.040278 0.043490
0 0.286343 0.661068 0.040278 0.043490
0 0.617361 0.653255 0.035648 0.048698
0 0.237269 0.567318 0.034722 0.048698
0 0.135880 0.377214 0.072685 0.022656
0 0.679861 0.204036 0.040278 0.040885
0 0.233102 0.472266 0.081944 0.020052
0 0.821065 0.784766 0.026389 0.061719
0 0.543287 0.377214 0.091204 0.017448
0 0.480787 0.620703 0.031019 0.051302
0 0.875463 0.189714 0.070370 0.022656
0 0.121991 0.767839 0.035648 0.043490
0 0.133565 0.507422 0.068056 0.022656
0 0.358102 0.491536 0.035648 0.042969
0 0.813657 0.654297 0.030093 0.050781
0 0.098843 0.154557 0.035648 0.040885
0 0.578009 0.459245 0.095833 0.014844
0 0.663194 0.421484 0.081019 0.017448
0 0.624306 0.158464 0.021759 0.064323
0 0.133565 0.437109 0.077315 0.017448
0 0.184491 0.637630 0.031019 0.043490
0 0.939120 0.176693 0.077315 0.017448
0 0.332639 0.141276 0.068056 0.019531
0 0.422917 0.349219 0.026389 0.050000
0 0.807176 0.577083 0.035648 0.036979
0 0.790509 0.788672 0.030093 0.043490
0 0.277083 0.629557 0.077315 0.016927
0 0.212269 0.558594 0.031019 0.041667
0 0.707639 0.454036 0.086574 0.014844
0 0.793287 0.736589 0.026389 0.048698
0 0.753935 0.722266 0.086574 0.014844
0 0.694907 0.122005 0.033333 0.038281
0 0.885880 0.107682 0.035648 0.035677
0 0.786343 0.329036 0.031019 0.040885
0 0.050231 0.401953 0.031019 0.040885
0 0.446065 0.301693 0.072685 0.017448
0 0.487269 0.327734 0.071759 0.017448
0 0.656713 0.727214 0.086574 0.014323
0 0.082639 0.198828 0.021759 0.056510
0 0.443287 0.471354 0.067130 0.018229
0 0.524769 0.732682 0.081944 0.014844
0 0.392824 0.153255 0.031019 0.038281
0 0.253935 0.252214 0.095833 0.012240
0 0.753935 0.566016 0.058796 0.020052
0 0.874306 0.219661 0.058796 0.020052
0 0.418981 0.659375 0.027778 0.041667
0 0.326852 0.374609 0.065741 0.017448
0 0.267824 0.162370 0.021759 0.051302
0 0.409028 0.108984 0.063426 0.017448
0 0.573380 0.717057 0.031019 0.035677
0 0.165509 0.816016 0.030093 0.035677
0 0.806019 0.095964 0.061111 0.017448
0 0.425231 0.614193 0.021759 0.048698
0 0.147454 0.577734 0.021759 0.048698
0 0.591898 0.226823 0.077315 0.013542
0 0.625463 0.391536 0.070370 0.014844
0 0.059491 0.809505 0.031019 0.033073
0 0.128935 0.891536 0.068056 0.014844
0 0.922917 0.777995 0.026389 0.037760
0 0.406713 0.556250 0.031019 0.031771
0 0.184028 0.566016 0.020833 0.046094
0 0.136574 0.714453 0.064815 0.014844
0 0.045139 0.860026 0.020833 0.045573
0 0.328009 0.455339 0.021759 0.043490
0 0.265509 0.278255 0.054167 0.017448
0 0.862731 0.368099 0.063426 0.014844
0 0.098843 0.529557 0.026389 0.035677
0 0.191435 0.506120 0.063426 0.014844
0 0.714120 0.385026 0.053241 0.017448
0 0.670602 0.594661 0.021759 0.040885
0 0.818750 0.375911 0.058796 0.014844
0 0.737269 0.531510 0.062500 0.013542
0 0.194907 0.170182 0.056481 0.014844
0 0.098843 0.112630 0.091204 0.009115
0 0.522454 0.236328 0.049537 0.016927
0 0.939120 0.207943 0.068056 0.012240
0 0.721528 0.793880 0.021759 0.038281
0 0.161343 0.569922 0.021759 0.038281
0 0.518981 0.637370 0.070370 0.011719
0 0.156250 0.866797 0.067130 0.012240
0 0.873843 0.205339 0.067130 0.012240
0 0.512037 0.556901 0.065741 0.012240
0 0.762731 0.262630 0.020833 0.038281
0 0.763194 0.455078 0.068056 0.011719
0 0.501620 0.526953 0.017130 0.046094
0 0.186806 0.157161 0.081944 0.009635
0 0.140509 0.539714 0.054167 0.014323
0 0.204861 0.122005 0.062500 0.012240
0 0.337963 0.643880 0.078704 0.009115
0 0.284028 0.123307 0.072685 0.009635
0 0.073380 0.321224 0.021759 0.030469
0 0.882407 0.813411 0.065741 0.009635
0 0.543287 0.350911 0.054167 0.011719
0 0.140509 0.233724 0.054167 0.011719
0 0.207639 0.450781 0.021759 0.029167
0 0.084954 0.469661 0.017130 0.035677
0 0.237731 0.646745 0.063426 0.009635
0 0.962269 0.559505 0.021759 0.027865
0 0.226157 0.086849 0.058796 0.009635
0 0.094213 0.806901 0.017130 0.033073
0 0.735417 0.125911 0.058796 0.009635
0 0.941435 0.267839 0.017130 0.033073
0 0.309491 0.201432 0.021759 0.025260
0 0.871991 0.698828 0.017130 0.030469
0 0.034028 0.769141 0.017130 0.030469
0 0.031713 0.521745 0.012500 0.040885
0 0.024769 0.396484 0.017130 0.029948
0 0.536343 0.672135 0.058796 0.008333
0 0.434491 0.530599 0.021759 0.022135
0 0.115046 0.198828 0.021759 0.020052
0 0.344213 0.357682 0.017130 0.025260
0 0.645139 0.562109 0.017130 0.022656
0 0.222685 0.366536 0.056481 0.006510
0 0.045602 0.358984 0.012500 0.027865
0 0.561806 0.041016 0.026389 0.006510
