0 0.953009 0.829427 0.049537 0.109375
0 0.679861 0.872005 0.123611 0.038281
0 0.109259 0.630859 0.065741 0.061198
0 0.605787 0.131120 0.058796 0.066927
0 0.733102 0.741146 0.044907 0.083854
0 0.911343 0.373307 0.049537 0.072135
0 0.518981 0.618099 0.107407 0.030469
0 0.066435 0.791276 0.054167 0.053906
0 0.571065 0.319922 0.044907 0.064323
0 0.512731 0.554036 0.048611 0.058594
0 0.174769 0.715104 0.131944 0.021354
0 0.769676 0.128516 0.127315 0.020052
0 0.691435 0.459896 0.035648 0.068229
0 0.934491 0.711849 0.031019 0.077344
0 0.406713 0.192318 0.040278 0.059115
0 0.571065 0.771094 0.118981 0.018750
0 0.897454 0.060156 0.040278 0.055208
0 0.059491 0.663672 0.031019 0.069531
0 0.070602 0.827734 0.043981 0.048698
0 0.094213 0.660807 0.035648 0.058594
0 0.571065 0.541276 0.091204 0.022656
0 0.059491 0.226172 0.040278 0.048698
0 0.779398 0.819010 0.026389 0.067708
0 0.290972 0.773047 0.077315 0.022656
0 0.892824 0.215755 0.095833 0.017448
0 0.237731 0.633724 0.035648 0.046094
0 0.584954 0.888672 0.081944 0.019531
0 0.126620 0.408464 0.026389 0.059115
0 0.355324 0.677995 0.030093 0.051302
0 0.584954 0.912370 0.072685 0.020052
0 0.226157 0.740495 0.086574 0.014844
0 0.351157 0.709245 0.077315 0.014844
0 0.078009 0.539974 0.021759 0.051302
0 0.618519 0.389974 0.061111 0.016927
0 0.596528 0.427995 0.068056 0.014844
0 0.043287 0.525651 0.054167 0.017448
0 0.457176 0.655859 0.076389 0.012240
0 0.172917 0.881120 0.017130 0.051302
0 0.991204 0.523698 0.014815 0.047396
0 0.022454 0.806250 0.040278 0.010937
0 0.101157 0.993099 0.040278 0.009635
