0 0.893981 0.965104 0.209259 0.068229
0 0.905556 0.021745 0.186111 0.035677
0 0.254630 0.831641 0.069444 0.092969
0 0.689120 0.149089 0.049537 0.087240
0 0.221528 0.657161 0.132870 0.025260
0 0.471528 0.818620 0.049537 0.066927
0 0.149306 0.201432 0.108796 0.030469
0 0.876620 0.196224 0.044907 0.072135
0 0.811806 0.914974 0.054167 0.056510
0 0.064120 0.308203 0.049537 0.061719
0 0.830324 0.404557 0.054167 0.051302
0 0.781713 0.192318 0.151389 0.017448
0 0.823380 0.686458 0.095833 0.026562
0 0.219213 0.674089 0.109722 0.022656
0 0.610417 0.885677 0.049537 0.050000
0 0.559491 0.644792 0.151389 0.016146
0 0.517824 0.503516 0.095833 0.025260
0 0.478472 0.640885 0.044907 0.050000
0 0.316435 0.210286 0.081944 0.027344
0 0.528935 0.831380 0.090278 0.024740
0 0.679861 0.859635 0.049537 0.044792
0 0.624306 0.193359 0.086574 0.024740
0 0.103472 0.510026 0.035648 0.059115
0 0.091898 0.735286 0.031019 0.066927
0 0.540509 0.686458 0.039352 0.052604
0 0.140509 0.508724 0.044907 0.046094
0 0.297917 0.614193 0.091204 0.022656
0 0.608102 0.334896 0.035648 0.057813
0 0.571065 0.772396 0.035648 0.052604
0 0.642824 0.159115 0.077315 0.023958
0 0.844213 0.329036 0.044907 0.040885
0 0.084954 0.394141 0.035648 0.051302
0 0.487731 0.318359 0.026389 0.066406
0 0.554861 0.137630 0.040278 0.043490
0 0.147454 0.684505 0.077315 0.022656
0 0.207176 0.700130 0.039352 0.043490
0 0.767361 0.141276 0.085648 0.019531
0 0.333796 0.731771 0.033333 0.049479
0 0.802546 0.726172 0.072685 0.022656
0 0.251620 0.743099 0.035648 0.046094
0 0.797917 0.540625 0.100463 0.016146
0 0.501620 0.412109 0.035648 0.045573
0 0.510417 0.773047 0.071759 0.022656
0 0.932176 0.202474 0.072685 0.022135
0 0.045602 0.656510 0.040278 0.039583
0 0.348843 0.309505 0.091204 0.017448
0 0.434491 0.552995 0.077315 0.020052
0 0.205324 0.139974 0.091204 0.016927
0 0.177546 0.278906 0.081944 0.018750
0 0.749306 0.338151 0.021759 0.069531
0 0.119676 0.150651 0.086574 0.017448
0 0.831481 0.891536 0.075000 0.020052
0 0.825694 0.776953 0.100463 0.014844
0 0.874306 0.856120 0.086574 0.016927
0 0.517824 0.313411 0.021759 0.066927
0 0.862731 0.722266 0.035648 0.040885
0 0.870833 0.257422 0.033333 0.043490
0 0.890509 0.815755 0.035648 0.040365
0 0.248843 0.626563 0.067130 0.021354
0 0.098843 0.241797 0.081944 0.017448
0 0.934491 0.802995 0.068056 0.020052
0 0.716898 0.847266 0.068056 0.020052
0 0.540972 0.196224 0.021759 0.061719
0 0.226157 0.223568 0.077315 0.017448
0 0.228009 0.276302 0.071759 0.018750
0 0.028935 0.655859 0.034722 0.038281
0 0.190278 0.644141 0.088889 0.014844
0 0.299769 0.899089 0.067130 0.019531
0 0.468750 0.157161 0.025463 0.051302
0 0.881250 0.296484 0.026389 0.048698
0 0.121991 0.747005 0.026389 0.048698
0 0.583796 0.166276 0.033333 0.038281
0 0.816435 0.259766 0.026389 0.048177
0 0.557176 0.399349 0.063426 0.020052
0 0.779398 0.349870 0.035648 0.035677
0 0.763194 0.422786 0.031019 0.040885
0 0.934491 0.727474 0.031019 0.040885
0 0.071065 0.149089 0.035648 0.035156
0 0.040972 0.855078 0.021759 0.056510
0 0.179398 0.361328 0.104167 0.011719
0 0.899306 0.781901 0.034722 0.035156
0 0.473380 0.727214 0.062500 0.019531
0 0.358102 0.745703 0.026389 0.046094
0 0.501620 0.917578 0.081944 0.014844
0 0.478472 0.862891 0.026389 0.046094
0 0.467593 0.196224 0.060185 0.020052
0 0.398611 0.735026 0.061111 0.019531
0 0.795602 0.288672 0.031019 0.038281
0 0.147454 0.217057 0.058796 0.020052
0 0.744676 0.418620 0.031019 0.037760
0 0.495833 0.529297 0.033333 0.035156
0 0.071065 0.869141 0.035648 0.032552
0 0.059491 0.891536 0.077315 0.014844
0 0.369676 0.631120 0.077315 0.014844
0 0.781713 0.901953 0.077315 0.014844
0 0.394676 0.205339 0.034722 0.033073
0 0.332639 0.427995 0.021759 0.051302
0 0.184491 0.329036 0.021759 0.051302
0 0.527083 0.232682 0.021759 0.051302
0 0.102315 0.899349 0.024074 0.046094
0 0.399769 0.611589 0.063426 0.017448
0 0.538657 0.455339 0.063426 0.017448
0 0.510880 0.193620 0.026389 0.040885
0 0.802546 0.360286 0.026389 0.040885
0 0.908565 0.136328 0.025463 0.040885
0 0.897454 0.913672 0.031019 0.033073
0 0.531713 0.374609 0.031019 0.033073
0 0.765509 0.835547 0.026389 0.038281
0 0.415972 0.813411 0.068056 0.014844
0 0.867361 0.358984 0.026389 0.038281
0 0.584954 0.702734 0.026389 0.038281
0 0.878935 0.624349 0.031019 0.032552
0 0.461806 0.481120 0.085648 0.011719
0 0.061806 0.837891 0.026389 0.037760
0 0.346528 0.525000 0.021759 0.044792
0 0.105787 0.666276 0.021759 0.043490
0 0.133565 0.137630 0.077315 0.012240
0 0.517824 0.747005 0.077315 0.012240
0 0.420602 0.771745 0.031019 0.030469
0 0.753935 0.214453 0.095833 0.009635
0 0.623843 0.228516 0.076389 0.011719
0 0.413657 0.418880 0.072685 0.012240
0 0.934491 0.534766 0.021759 0.040885
0 0.198380 0.331641 0.021759 0.040885
0 0.841898 0.448568 0.021759 0.040365
0 0.866898 0.814714 0.016204 0.053906
0 0.348843 0.788672 0.026389 0.033073
0 0.855787 0.788672 0.068056 0.012240
0 0.124306 0.424089 0.068056 0.012240
0 0.735417 0.812109 0.021759 0.038281
0 0.312963 0.889974 0.070370 0.011719
0 0.830324 0.675781 0.017130 0.046875
0 0.777083 0.454688 0.021759 0.036979
0 0.200694 0.112891 0.054167 0.014844
0 0.059028 0.606380 0.020833 0.038281
0 0.807176 0.430599 0.017130 0.046094
0 0.057176 0.445964 0.017130 0.045573
0 0.659028 0.145443 0.063426 0.012240
0 0.797454 0.508724 0.025463 0.030469
0 0.061806 0.489844 0.017130 0.044792
0 0.853009 0.517839 0.062500 0.012240
0 0.061806 0.111589 0.026389 0.027865
0 0.341898 0.260026 0.058796 0.012240
0 0.767361 0.385026 0.057870 0.012240
0 0.052546 0.232682 0.017130 0.040885
0 0.407407 0.321224 0.069444 0.009635
0 0.061806 0.767578 0.017130 0.037760
0 0.147454 0.538021 0.058796 0.010937
0 0.373843 0.906510 0.076389 0.008333
0 0.432176 0.141536 0.017130 0.035677
0 0.823380 0.848568 0.049537 0.012240
0 0.846528 0.804036 0.021759 0.027344
0 0.424769 0.343359 0.048611 0.012240
0 0.211806 0.129818 0.048611 0.012240
0 0.788657 0.301302 0.017130 0.033854
0 0.360417 0.641536 0.058796 0.009635
0 0.419444 0.297786 0.056481 0.009635
0 0.741898 0.576432 0.053241 0.009635
0 0.837269 0.913672 0.040278 0.012240
0 0.753935 0.465755 0.021759 0.022656
0 0.848843 0.416276 0.017130 0.027865
0 0.575694 0.447526 0.063426 0.007031
0 0.295602 0.126953 0.068056 0.006510
0 0.735417 0.689714 0.058796 0.007031
0 0.346065 0.421484 0.011574 0.033073
0 0.619213 0.431641 0.057870 0.006510
