0 0.968056 0.729167 0.061111 0.122396
0 0.624306 0.513932 0.234722 0.030469
0 0.904398 0.864193 0.146759 0.038281
0 0.899769 0.878516 0.118981 0.035677
0 0.965741 0.106380 0.056481 0.074740
0 0.108102 0.845964 0.063426 0.064323
0 0.421296 0.597266 0.106481 0.030469
0 0.915972 0.554036 0.058796 0.053385
0 0.888194 0.235286 0.040278 0.077344
0 0.650463 0.552734 0.120370 0.024740
0 0.425231 0.835547 0.049537 0.059115
0 0.297454 0.830339 0.099537 0.027865
0 0.216898 0.580339 0.049537 0.053906
0 0.665972 0.507422 0.151389 0.017448
0 0.547917 0.045182 0.100463 0.025260
0 0.353009 0.574219 0.043981 0.046875
0 0.714583 0.461849 0.035648 0.056510
0 0.984259 0.757812 0.028704 0.065104
0 0.098843 0.534766 0.044907 0.040885
0 0.621991 0.128516 0.044907 0.040885
0 0.645139 0.599870 0.035648 0.051302
0 0.089583 0.701172 0.035648 0.050781
0 0.142824 0.521094 0.031019 0.055208
0 0.817593 0.817318 0.028704 0.059115
0 0.184491 0.806901 0.031019 0.048698
0 0.257407 0.907161 0.075000 0.020052
0 0.231944 0.506120 0.024074 0.051302
0 0.119676 0.812109 0.068056 0.017448
0 0.501620 0.883724 0.100463 0.009635
0 0.758565 0.920182 0.031019 0.030469
0 0.878935 0.112891 0.086574 0.009635
0 0.471528 0.664974 0.077315 0.009635
0 0.722685 0.039714 0.079630 0.009115
0 0.862731 0.774349 0.017130 0.040885
0 0.038657 0.670833 0.017130 0.036979
0 0.936343 0.059505 0.016204 0.038281
0 0.970370 0.191016 0.056481 0.009635
0 0.098843 0.993099 0.044907 0.009635
0 0.993519 0.868099 0.010185 0.025260
