0 0.165972 0.749609 0.327315 0.095573
0 0.100694 0.982031 0.196759 0.034375
0 0.465741 0.633724 0.130556 0.035677
0 0.642824 0.188411 0.142130 0.030469
0 0.192130 0.201432 0.120370 0.035677
0 0.706481 0.566016 0.065741 0.061719
0 0.628935 0.210547 0.160648 0.022656
0 0.290972 0.370703 0.058796 0.056510
0 0.656713 0.646745 0.123611 0.025260
0 0.737731 0.649349 0.054167 0.056510
0 0.159028 0.181901 0.100463 0.027865
0 0.478472 0.261328 0.054167 0.051302
0 0.779398 0.382422 0.044907 0.059115
0 0.318287 0.226172 0.094907 0.027865
0 0.399769 0.163672 0.146759 0.017448
0 0.517824 0.189714 0.105093 0.022656
0 0.941435 0.620703 0.091204 0.025260
0 0.695602 0.426693 0.081019 0.027865
0 0.897454 0.338802 0.049537 0.044792
0 0.527083 0.396745 0.086574 0.025260
0 0.899769 0.825130 0.044907 0.048698
0 0.895139 0.707943 0.044907 0.048698
0 0.871991 0.648698 0.081944 0.025521
0 0.404398 0.779557 0.044907 0.046094
0 0.790972 0.102474 0.040278 0.051302
0 0.885417 0.319010 0.043981 0.046875
0 0.896296 0.652995 0.047222 0.042969
0 0.131250 0.200781 0.044907 0.044792
0 0.779398 0.440365 0.081944 0.023958
0 0.200694 0.473568 0.044907 0.043490
0 0.832639 0.401953 0.095833 0.020052
0 0.730787 0.274349 0.040278 0.046094
0 0.496991 0.302734 0.128241 0.014323
0 0.700694 0.378516 0.072685 0.025260
0 0.794444 0.751563 0.112037 0.016146
0 0.591435 0.261589 0.039352 0.045573
0 0.624306 0.155599 0.105093 0.016927
0 0.120370 0.825130 0.078704 0.022656
0 0.615046 0.228776 0.040278 0.043490
0 0.550231 0.841797 0.086574 0.019531
0 0.936806 0.233073 0.035648 0.046875
0 0.454861 0.831641 0.034722 0.046094
0 0.209491 0.408203 0.071759 0.022135
0 0.691435 0.288672 0.035648 0.043490
0 0.883565 0.684505 0.068056 0.022656
0 0.647454 0.228776 0.040278 0.038281
0 0.684491 0.304036 0.040278 0.037760
0 0.072917 0.192318 0.067130 0.022656
0 0.712269 0.174089 0.031019 0.048698
0 0.313657 0.869401 0.122685 0.012240
0 0.105324 0.510026 0.039352 0.038281
0 0.531250 0.869401 0.039352 0.038281
0 0.510880 0.266536 0.026389 0.056510
0 0.612269 0.727474 0.099537 0.014844
0 0.705324 0.692969 0.026389 0.055208
0 0.098843 0.185807 0.035648 0.040885
0 0.922917 0.341797 0.035648 0.040365
0 0.744676 0.870703 0.095833 0.014844
0 0.866898 0.158464 0.081019 0.017448
0 0.591898 0.492839 0.031019 0.045573
0 0.834954 0.507422 0.035648 0.038281
0 0.728472 0.793880 0.035648 0.038281
0 0.471528 0.743099 0.068056 0.020052
0 0.203009 0.874609 0.031019 0.043490
0 0.763194 0.197526 0.077315 0.017448
0 0.559491 0.176693 0.077315 0.017448
0 0.568750 0.379818 0.031019 0.043490
0 0.196065 0.285807 0.035648 0.037760
0 0.719213 0.343099 0.035648 0.037760
0 0.941435 0.319922 0.026389 0.048698
0 0.302546 0.391536 0.035648 0.035677
0 0.594213 0.292578 0.063426 0.020052
0 0.939120 0.628516 0.031019 0.040885
0 0.232639 0.792578 0.081019 0.014844
0 0.709954 0.523047 0.035648 0.033073
0 0.476157 0.385026 0.021759 0.053906
0 0.959954 0.775391 0.035648 0.032552
0 0.473843 0.767839 0.026389 0.043490
0 0.867361 0.197526 0.026389 0.043490
0 0.922917 0.210547 0.026389 0.043490
0 0.514352 0.204687 0.070370 0.016146
0 0.869676 0.297786 0.021759 0.051302
0 0.117361 0.832943 0.091204 0.012240
0 0.552546 0.611589 0.091204 0.012240
0 0.829861 0.733984 0.090278 0.012240
0 0.203009 0.107031 0.058796 0.018750
0 0.112731 0.154557 0.072685 0.014844
0 0.904398 0.149349 0.026389 0.040885
0 0.079861 0.214453 0.071759 0.014844
0 0.200231 0.310807 0.071759 0.014844
0 0.147454 0.247005 0.021759 0.048698
0 0.775926 0.280208 0.028704 0.036979
0 0.648148 0.284505 0.023148 0.045573
0 0.596528 0.538672 0.058796 0.017448
0 0.578009 0.444922 0.058796 0.017448
0 0.763194 0.330339 0.031019 0.033073
0 0.844213 0.213151 0.026389 0.038281
0 0.378935 0.839453 0.068056 0.014844
0 0.209954 0.174089 0.081944 0.012240
0 0.888194 0.187109 0.021759 0.043490
0 0.355787 0.478776 0.021759 0.043490
0 0.693750 0.343359 0.021759 0.043490
0 0.777083 0.674089 0.021759 0.043490
0 0.450694 0.674089 0.017130 0.053906
0 0.973380 0.852865 0.025463 0.036458
0 0.659028 0.391276 0.026389 0.035156
0 0.093750 0.399349 0.025463 0.035677
0 0.915509 0.129818 0.020833 0.043490
0 0.302546 0.132422 0.072685 0.012240
0 0.473843 0.702734 0.072685 0.012240
0 0.686806 0.450130 0.072685 0.012240
0 0.296296 0.211589 0.060185 0.014323
0 0.112731 0.125260 0.063426 0.013542
0 0.679861 0.817318 0.021759 0.038281
0 0.772454 0.718359 0.021759 0.038281
0 0.124306 0.225911 0.021759 0.037760
0 0.656250 0.681901 0.020833 0.038281
0 0.934491 0.100521 0.049537 0.016146
0 0.946065 0.133464 0.026389 0.029948
0 0.432176 0.774089 0.026389 0.029948
0 0.834954 0.069922 0.063426 0.012240
0 0.904398 0.754818 0.063426 0.012240
0 0.833796 0.183854 0.024074 0.031771
0 0.184491 0.826432 0.049537 0.014844
0 0.681713 0.119401 0.016204 0.043490
0 0.802083 0.791276 0.016204 0.043490
0 0.902083 0.197266 0.021759 0.032552
0 0.140509 0.316016 0.017130 0.040885
0 0.144676 0.912370 0.071759 0.009635
0 0.150926 0.484635 0.019444 0.034375
0 0.828009 0.248307 0.021759 0.030469
0 0.716898 0.266536 0.021759 0.030469
0 0.895139 0.744401 0.054167 0.012240
0 0.964583 0.741797 0.054167 0.012240
0 0.314120 0.573828 0.068056 0.009635
0 0.369213 0.646745 0.067130 0.009635
0 0.233102 0.886068 0.044907 0.014323
0 0.521991 0.230729 0.057870 0.010937
0 0.193750 0.159505 0.068056 0.009115
0 0.649306 0.843359 0.016204 0.038281
0 0.509722 0.446224 0.063889 0.009635
0 0.700694 0.886328 0.017130 0.035677
0 0.746991 0.339453 0.017130 0.035677
0 0.137037 0.488281 0.019444 0.031250
0 0.554861 0.278255 0.049537 0.012240
0 0.583796 0.206641 0.061111 0.009635
0 0.672917 0.773047 0.017130 0.033073
0 0.853472 0.127214 0.017130 0.033073
0 0.929861 0.739193 0.021759 0.022656
0 0.462269 0.120703 0.049537 0.009635
0 0.484954 0.832943 0.020833 0.022656
0 0.756250 0.788411 0.017130 0.027344
0 0.186806 0.874609 0.035648 0.012240
0 0.640509 0.868099 0.044907 0.009635
0 0.191435 0.389974 0.054167 0.006510
0 0.348380 0.857682 0.034722 0.009635
