0 0.128935 0.969010 0.253241 0.060417
0 0.393981 0.317318 0.144444 0.048698
0 0.230787 0.735938 0.077315 0.078646
0 0.883565 0.125911 0.160648 0.030469
0 0.635880 0.796484 0.054167 0.069531
0 0.256250 0.385026 0.063426 0.059115
0 0.723380 0.403255 0.062500 0.059115
0 0.051389 0.782161 0.102778 0.035677
0 0.108102 0.843359 0.109722 0.033073
0 0.716898 0.627214 0.049537 0.069531
0 0.365046 0.226172 0.123611 0.027865
0 0.855787 0.535807 0.058796 0.058594
0 0.296759 0.783464 0.051852 0.064323
0 0.429861 0.864193 0.049537 0.059115
0 0.562500 0.193620 0.092593 0.030469
0 0.773611 0.622005 0.042593 0.059115
0 0.631250 0.874349 0.091204 0.027344
0 0.564120 0.383724 0.095833 0.025260
0 0.753935 0.202474 0.049537 0.048177
0 0.385880 0.754818 0.035648 0.064323
0 0.235417 0.638932 0.049537 0.046094
0 0.464583 0.608984 0.044907 0.048698
0 0.170602 0.202734 0.040278 0.053906
0 0.228472 0.576432 0.035648 0.056510
0 0.374306 0.098568 0.114352 0.017448
0 0.742361 0.794922 0.035648 0.055990
0 0.611111 0.702734 0.087963 0.022656
0 0.953009 0.713151 0.040278 0.048698
0 0.263194 0.572526 0.040278 0.048698
0 0.302546 0.442057 0.044907 0.042969
0 0.332639 0.676042 0.040278 0.047396
0 0.334954 0.862240 0.044907 0.042188
0 0.288657 0.887630 0.081944 0.022656
0 0.774769 0.795182 0.044907 0.040885
0 0.362731 0.388932 0.072685 0.025260
0 0.746991 0.748307 0.044907 0.040885
0 0.633565 0.513281 0.040278 0.044792
0 0.381250 0.513672 0.072685 0.024740
0 0.657870 0.753516 0.042593 0.040885
0 0.387731 0.468359 0.076389 0.022656
0 0.447917 0.175391 0.085648 0.020052
0 0.665972 0.861328 0.077315 0.022135
0 0.478009 0.387370 0.099537 0.016927
0 0.064120 0.992448 0.123611 0.013542
0 0.610417 0.457943 0.031019 0.053906
0 0.786343 0.520182 0.031019 0.053385
0 0.219213 0.469661 0.035648 0.046094
0 0.748843 0.649349 0.039352 0.040885
0 0.486574 0.491797 0.070370 0.022656
0 0.563657 0.810807 0.104167 0.014844
0 0.624306 0.631771 0.095833 0.016146
0 0.865046 0.839453 0.077315 0.020052
0 0.749306 0.718359 0.068056 0.022656
0 0.716898 0.536068 0.031019 0.048698
0 0.922917 0.092057 0.035648 0.040885
0 0.811806 0.404557 0.035648 0.040885
0 0.543287 0.433203 0.035648 0.040885
0 0.925231 0.219661 0.031019 0.046094
0 0.295139 0.394792 0.030093 0.047396
0 0.697917 0.451432 0.030093 0.046094
0 0.184491 0.679297 0.077315 0.017448
0 0.679861 0.374609 0.031019 0.043490
0 0.390046 0.545182 0.090278 0.014844
0 0.519676 0.362891 0.090278 0.014844
0 0.334954 0.363281 0.063426 0.020833
0 0.172917 0.889974 0.109722 0.011719
0 0.550231 0.007422 0.105093 0.012240
0 0.686806 0.547786 0.035648 0.035677
0 0.249306 0.696224 0.031019 0.040885
0 0.809491 0.266536 0.031019 0.040885
0 0.575694 0.864193 0.072685 0.017448
0 0.339120 0.717057 0.062500 0.020052
0 0.446065 0.273047 0.100463 0.012240
0 0.536343 0.734635 0.031019 0.039583
0 0.796759 0.176693 0.070370 0.017448
0 0.742361 0.610286 0.026389 0.046094
0 0.271296 0.621354 0.028704 0.042188
0 0.330324 0.507812 0.035648 0.033854
0 0.654398 0.792318 0.026389 0.045573
0 0.573380 0.786068 0.068056 0.017448
0 0.267824 0.645443 0.031019 0.038281
0 0.485417 0.840755 0.095833 0.012240
0 0.376620 0.559505 0.035648 0.033073
0 0.557176 0.812109 0.026389 0.043490
0 0.890509 0.090755 0.026389 0.043490
0 0.828009 0.870703 0.077315 0.014844
0 0.420602 0.115495 0.077315 0.014844
0 0.380787 0.777995 0.034722 0.032552
0 0.434491 0.456641 0.021759 0.051302
0 0.844213 0.088151 0.063426 0.017448
0 0.131250 0.372005 0.063426 0.017448
0 0.735417 0.118099 0.031019 0.035677
0 0.852315 0.328385 0.024074 0.044792
0 0.432176 0.375911 0.072685 0.014844
0 0.677546 0.581641 0.026389 0.040885
0 0.330324 0.761328 0.026389 0.040885
0 0.316435 0.826432 0.072685 0.014844
0 0.668287 0.079036 0.072685 0.014844
0 0.725000 0.487240 0.019444 0.055208
0 0.297917 0.464193 0.026389 0.040365
0 0.790972 0.749609 0.021759 0.048698
0 0.138194 0.179297 0.021759 0.048698
0 0.503935 0.866797 0.086574 0.012240
0 0.429398 0.671484 0.085648 0.012240
0 0.772454 0.837500 0.021759 0.047396
0 0.124306 0.510026 0.031019 0.033073
0 0.293287 0.319922 0.026389 0.038281
0 0.554398 0.849870 0.067130 0.014844
0 0.121991 0.608073 0.026389 0.036458
0 0.528935 0.429036 0.081019 0.011719
0 0.510417 0.142578 0.081019 0.011719
0 0.175231 0.103776 0.077315 0.012240
0 0.527083 0.332943 0.077315 0.012240
0 0.355787 0.840755 0.077315 0.012240
0 0.295602 0.571875 0.021759 0.042188
0 0.587269 0.566667 0.021759 0.042188
0 0.918287 0.172526 0.063426 0.014323
0 0.328009 0.646745 0.021759 0.040885
0 0.395139 0.405859 0.072685 0.012240
0 0.050231 0.217057 0.021759 0.040885
0 0.214583 0.608984 0.072685 0.012240
0 0.932176 0.194922 0.072685 0.012240
0 0.601157 0.589453 0.021759 0.040885
0 0.348843 0.619401 0.026389 0.033073
0 0.341435 0.446224 0.020833 0.040885
0 0.848380 0.680208 0.016204 0.052083
0 0.573380 0.478776 0.021759 0.038281
0 0.790972 0.648047 0.021759 0.038281
0 0.381250 0.865495 0.054167 0.014844
0 0.649769 0.878516 0.054167 0.014844
0 0.233102 0.331641 0.017130 0.046094
0 0.265509 0.499609 0.063426 0.012240
0 0.260880 0.301693 0.063426 0.012240
0 0.355787 0.795182 0.021759 0.035677
0 0.832639 0.779557 0.021759 0.035677
0 0.464583 0.800130 0.054167 0.014323
0 0.686806 0.719401 0.054167 0.014323
0 0.110417 0.450781 0.021759 0.034375
0 0.748843 0.511328 0.020833 0.035677
0 0.316435 0.585286 0.017130 0.042969
0 0.348843 0.155599 0.017130 0.042969
0 0.249306 0.536068 0.021759 0.033073
0 0.554861 0.560547 0.049537 0.014323
0 0.515509 0.648047 0.017130 0.038281
0 0.663657 0.270443 0.017130 0.038281
0 0.837269 0.888932 0.068056 0.009635
0 0.524306 0.614844 0.016204 0.039583
0 0.307176 0.308203 0.017130 0.035677
0 0.441435 0.336849 0.017130 0.035677
0 0.057176 0.448568 0.017130 0.035156
0 0.287500 0.182943 0.014815 0.040365
0 0.598843 0.220964 0.017130 0.033073
0 0.089583 0.760026 0.017130 0.033073
0 0.284028 0.135026 0.017130 0.033073
0 0.209954 0.546224 0.017130 0.032552
0 0.656713 0.571224 0.021759 0.025260
0 0.566435 0.704036 0.017130 0.030469
0 0.276620 0.702474 0.020833 0.022135
0 0.503935 0.472917 0.040278 0.010937
0 0.484954 0.719401 0.020833 0.019531
0 0.953009 0.249870 0.012500 0.027344
0 0.728009 0.372005 0.043981 0.007031
