0 0.160185 0.597266 0.158333 0.046094
0 0.534028 0.133724 0.137500 0.035677
0 0.229630 0.655859 0.112037 0.038281
0 0.865046 0.860026 0.049537 0.076823
0 0.740046 0.176693 0.058796 0.064323
0 0.068287 0.814714 0.104167 0.033073
0 0.175231 0.507161 0.105093 0.032552
0 0.451852 0.260026 0.102778 0.033073
0 0.251157 0.529297 0.043981 0.076823
0 0.209954 0.576432 0.118981 0.025260
0 0.913657 0.529557 0.091204 0.030469
0 0.101157 0.872005 0.049537 0.053906
0 0.733102 0.327734 0.044907 0.059115
0 0.385417 0.132422 0.090278 0.027865
0 0.714583 0.149089 0.128241 0.019531
0 0.681713 0.336198 0.043981 0.055208
0 0.809491 0.586849 0.095833 0.025260
0 0.263194 0.817318 0.049537 0.048698
0 0.860417 0.043880 0.086574 0.027865
0 0.281713 0.135026 0.086574 0.027865
0 0.392824 0.339453 0.114352 0.020052
0 0.589583 0.450130 0.081944 0.027865
0 0.604630 0.611589 0.037963 0.059115
0 0.733102 0.084245 0.109722 0.020052
0 0.601157 0.344661 0.105093 0.020052
0 0.878935 0.349219 0.086574 0.023958
0 0.635880 0.834245 0.081944 0.025260
0 0.635880 0.292578 0.081944 0.025260
0 0.159028 0.774349 0.081944 0.025260
0 0.884722 0.210547 0.033333 0.059115
0 0.528935 0.414974 0.034722 0.056510
0 0.929861 0.297786 0.077315 0.025260
0 0.223843 0.321875 0.091204 0.021354
0 0.751620 0.778646 0.081944 0.023438
0 0.869213 0.269141 0.094907 0.020052
0 0.734259 0.761328 0.075000 0.025260
0 0.059491 0.873307 0.040278 0.046094
0 0.348843 0.601172 0.081944 0.022656
0 0.360417 0.403255 0.105093 0.017448
0 0.818750 0.728776 0.031019 0.059115
0 0.219213 0.263932 0.044907 0.040885
0 0.404398 0.188411 0.072685 0.025260
0 0.588426 0.786068 0.079630 0.022656
0 0.876620 0.362630 0.072685 0.024740
0 0.667130 0.420182 0.088889 0.020052
0 0.802546 0.532813 0.109722 0.016146
0 0.538657 0.375911 0.026389 0.066927
0 0.765509 0.619401 0.035648 0.048698
0 0.239583 0.705339 0.039352 0.043490
0 0.297917 0.746745 0.026389 0.063802
0 0.633565 0.657552 0.040278 0.041667
0 0.790972 0.473568 0.095833 0.017448
0 0.434491 0.422135 0.040278 0.039583
0 0.851157 0.648698 0.040278 0.039583
0 0.767824 0.844401 0.031019 0.050781
0 0.899769 0.679297 0.035648 0.043490
0 0.783565 0.129167 0.071759 0.021354
0 0.927083 0.179297 0.034722 0.043490
0 0.140509 0.316016 0.026389 0.056510
0 0.793287 0.857422 0.026389 0.055990
0 0.660880 0.696875 0.030093 0.047396
0 0.955324 0.812109 0.035648 0.038281
0 0.848843 0.439714 0.035648 0.038281
0 0.920602 0.480078 0.068056 0.020052
0 0.346528 0.438411 0.068056 0.020052
0 0.779398 0.882422 0.035648 0.038281
0 0.939120 0.403255 0.031019 0.043490
0 0.501620 0.327474 0.035648 0.037760
0 0.540509 0.187109 0.030093 0.043490
0 0.172917 0.378125 0.035648 0.036458
0 0.603472 0.805599 0.063426 0.020052
0 0.612731 0.534766 0.035648 0.035677
0 0.462269 0.763932 0.031019 0.040885
0 0.344213 0.183203 0.081944 0.014844
0 0.039815 0.334896 0.028704 0.042188
0 0.657407 0.780859 0.069444 0.017448
0 0.649769 0.867839 0.026389 0.045573
0 0.890046 0.120052 0.034722 0.034375
0 0.753472 0.187760 0.030093 0.039583
0 0.760880 0.492448 0.063426 0.018750
0 0.628935 0.176693 0.068056 0.017448
0 0.767824 0.105078 0.058796 0.020052
0 0.353472 0.827734 0.035648 0.033073
0 0.360417 0.095964 0.095833 0.012240
0 0.115046 0.176432 0.031019 0.037760
0 0.785880 0.724870 0.057870 0.020052
0 0.978472 0.741797 0.026389 0.043490
0 0.941435 0.252214 0.026389 0.043490
0 0.811806 0.369401 0.026389 0.043490
0 0.828009 0.125911 0.077315 0.014844
0 0.288657 0.116797 0.091204 0.012240
0 0.390509 0.689714 0.091204 0.012240
0 0.190972 0.882422 0.025463 0.043490
0 0.527083 0.235286 0.031019 0.035677
0 0.598380 0.246354 0.034722 0.031771
0 0.223843 0.891536 0.026389 0.040885
0 0.725694 0.365495 0.030093 0.035677
0 0.665972 0.887630 0.021759 0.048698
0 0.827546 0.291276 0.085648 0.012240
0 0.677546 0.799740 0.026389 0.039583
0 0.818750 0.106380 0.058796 0.017448
0 0.878472 0.674089 0.020833 0.048698
0 0.730324 0.882422 0.020833 0.048698
0 0.066435 0.523047 0.026389 0.038281
0 0.279398 0.283464 0.026389 0.038281
0 0.910880 0.512630 0.057870 0.017448
0 0.189120 0.279557 0.021759 0.046094
0 0.337269 0.719661 0.021759 0.046094
0 0.212269 0.819922 0.021759 0.043490
0 0.318750 0.200130 0.077315 0.012240
0 0.698380 0.559505 0.077315 0.012240
0 0.235417 0.232682 0.031019 0.030469
0 0.765509 0.812109 0.054167 0.017448
0 0.501620 0.855078 0.063426 0.014844
0 0.075694 0.125651 0.026389 0.035156
0 0.953009 0.568880 0.031019 0.029948
0 0.734954 0.594010 0.067130 0.013542
0 0.860417 0.516536 0.021759 0.040885
0 0.286343 0.257812 0.031019 0.028646
0 0.777083 0.743099 0.058796 0.014844
0 0.168287 0.283464 0.026389 0.033073
0 0.871991 0.119401 0.017130 0.048698
0 0.959491 0.344661 0.016204 0.051302
0 0.101157 0.322266 0.049537 0.016927
0 0.652083 0.382422 0.068056 0.012240
0 0.455324 0.292578 0.054167 0.014844
0 0.659028 0.404557 0.054167 0.014844
0 0.194907 0.207943 0.024074 0.033073
0 0.242361 0.188411 0.081944 0.009635
0 0.464583 0.108984 0.017130 0.043490
0 0.302546 0.819922 0.017130 0.043490
0 0.605787 0.197526 0.021759 0.033073
0 0.962269 0.507161 0.021759 0.032552
0 0.197917 0.158854 0.020833 0.033854
0 0.552546 0.472266 0.072685 0.009635
0 0.396991 0.211589 0.076389 0.009115
0 0.630093 0.463151 0.024074 0.027865
0 0.862731 0.800130 0.072685 0.009115
0 0.691435 0.254818 0.054167 0.012240
0 0.927546 0.325130 0.017130 0.038281
0 0.818750 0.073828 0.068056 0.009635
0 0.964120 0.169531 0.016204 0.039583
0 0.459954 0.878516 0.063426 0.009635
0 0.496991 0.541927 0.044907 0.013542
0 0.716898 0.181901 0.049537 0.012240
0 0.315278 0.157161 0.061111 0.009635
0 0.742361 0.740234 0.063426 0.009115
0 0.684491 0.271094 0.068056 0.008333
0 0.392361 0.101823 0.067130 0.008333
0 0.124306 0.717057 0.021759 0.025260
0 0.863889 0.477474 0.056481 0.009635
0 0.561806 0.414974 0.054167 0.009635
0 0.207639 0.328385 0.058796 0.008333
0 0.679861 0.429297 0.040278 0.012240
0 0.899769 0.718359 0.017130 0.027865
0 0.480787 0.829036 0.049537 0.009635
0 0.880787 0.732031 0.016204 0.029167
0 0.101157 0.990495 0.040278 0.009635
0 0.263194 0.345313 0.012500 0.026562
0 0.833102 0.394792 0.048611 0.005729
0 0.985417 0.004818 0.026389 0.007031
