0 0.061806 0.816016 0.091204 0.082552
0 0.696065 0.192318 0.128241 0.043490
0 0.369676 0.848568 0.142130 0.038281
0 0.596528 0.888932 0.151389 0.035677
0 0.853472 0.698828 0.072685 0.072135
0 0.082176 0.598568 0.141204 0.033073
0 0.427546 0.670573 0.063426 0.057292
0 0.341898 0.424089 0.058796 0.059115
0 0.266667 0.636328 0.047222 0.072135
0 0.892824 0.580339 0.095833 0.033073
0 0.198380 0.908464 0.132870 0.022656
0 0.854630 0.501563 0.056481 0.052604
0 0.450694 0.557552 0.044907 0.065625
0 0.832639 0.836849 0.049537 0.056510
0 0.211806 0.575130 0.094907 0.027865
0 0.410185 0.356380 0.047222 0.053906
0 0.816435 0.243750 0.118981 0.021354
0 0.527083 0.612891 0.049537 0.051302
0 0.189120 0.544922 0.049537 0.050781
0 0.581481 0.174740 0.130556 0.018750
0 0.179861 0.723568 0.086574 0.027865
0 0.203009 0.663672 0.040278 0.059115
0 0.341898 0.732682 0.049537 0.046094
0 0.341898 0.829036 0.049537 0.046094
0 0.793287 0.771484 0.044907 0.050781
0 0.162500 0.895443 0.079630 0.027865
0 0.839583 0.547786 0.109722 0.020052
0 0.582639 0.473568 0.095833 0.022656
0 0.161343 0.824870 0.040278 0.053385
0 0.344213 0.659766 0.044907 0.046094
0 0.297454 0.839453 0.081019 0.025260
0 0.490046 0.510026 0.040278 0.048698
0 0.790972 0.502214 0.040278 0.048698
0 0.115046 0.444922 0.040278 0.048698
0 0.052546 0.830339 0.044907 0.043490
0 0.559491 0.894141 0.077315 0.025260
0 0.115046 0.645182 0.040278 0.048177
0 0.409028 0.642839 0.035648 0.053906
0 0.746991 0.671484 0.035648 0.053906
0 0.650926 0.755469 0.139815 0.013542
0 0.274769 0.419531 0.100463 0.018750
0 0.746991 0.769141 0.044907 0.040885
0 0.751620 0.802995 0.035648 0.051302
0 0.612731 0.878516 0.118981 0.014844
0 0.471528 0.868099 0.031019 0.056510
0 0.258565 0.872005 0.077315 0.022656
0 0.668287 0.918880 0.035648 0.048698
0 0.790972 0.645443 0.095833 0.017448
0 0.390509 0.812109 0.091204 0.017448
0 0.195602 0.296224 0.071759 0.022135
0 0.959954 0.658464 0.026389 0.059115
0 0.087269 0.780859 0.068056 0.022656
0 0.175231 0.408464 0.068056 0.022656
0 0.503935 0.559505 0.086574 0.017448
0 0.647454 0.817057 0.068056 0.022135
0 0.184028 0.796484 0.039352 0.038281
0 0.817593 0.888932 0.075000 0.020052
0 0.816435 0.358333 0.035648 0.042188
0 0.418287 0.592057 0.035648 0.040885
0 0.821065 0.300391 0.035648 0.040885
0 0.355787 0.770443 0.021759 0.064323
0 0.061343 0.175130 0.071759 0.019531
0 0.890509 0.926432 0.081944 0.016927
0 0.020139 0.263932 0.026389 0.051302
0 0.297917 0.605729 0.063426 0.021354
0 0.772454 0.840755 0.077315 0.017448
0 0.050231 0.601172 0.077315 0.017448
0 0.855787 0.911719 0.095833 0.013542
0 0.911343 0.460547 0.021759 0.059115
0 0.265509 0.358984 0.026389 0.048698
0 0.853472 0.305599 0.035648 0.035677
0 0.635880 0.421484 0.072685 0.017448
0 0.492361 0.202734 0.072685 0.017448
0 0.955324 0.400000 0.026389 0.047396
0 0.292824 0.689714 0.071759 0.017448
0 0.221528 0.587891 0.105093 0.011719
0 0.499306 0.271745 0.021759 0.056510
0 0.204167 0.446224 0.061111 0.020052
0 0.116898 0.810807 0.081019 0.014844
0 0.920602 0.806901 0.021759 0.053906
0 0.656713 0.162370 0.058796 0.020052
0 0.735417 0.335547 0.095833 0.012240
0 0.121991 0.124349 0.035648 0.032552
0 0.642824 0.847266 0.077315 0.014844
0 0.385880 0.741797 0.026389 0.043490
0 0.950694 0.546484 0.026389 0.043490
0 0.480787 0.813151 0.058796 0.019531
0 0.045139 0.241797 0.020833 0.053906
0 0.874306 0.107682 0.031019 0.035677
0 0.765509 0.124609 0.063426 0.017448
0 0.624306 0.117448 0.058796 0.018750
0 0.415972 0.505469 0.058796 0.018750
0 0.038657 0.878516 0.072685 0.014844
0 0.816435 0.331641 0.072685 0.014844
0 0.029398 0.654557 0.026389 0.040885
0 0.739583 0.373307 0.071759 0.014844
0 0.051389 0.865495 0.070370 0.014844
0 0.661343 0.132422 0.058796 0.017448
0 0.037500 0.371354 0.024074 0.042188
0 0.846528 0.805599 0.068056 0.014844
0 0.321065 0.348568 0.081944 0.012240
0 0.094213 0.136719 0.026389 0.036458
0 0.179861 0.700130 0.021759 0.043490
0 0.814120 0.463151 0.077315 0.012240
0 0.135880 0.239193 0.054167 0.017448
0 0.753935 0.935807 0.031019 0.030469
0 0.121991 0.218359 0.054167 0.017448
0 0.045602 0.732682 0.031019 0.030469
0 0.749306 0.573828 0.095833 0.009635
0 0.889352 0.770443 0.024074 0.038281
0 0.133565 0.823828 0.058796 0.014844
0 0.121991 0.405859 0.026389 0.033073
0 0.311806 0.546224 0.072685 0.011719
0 0.075231 0.726172 0.025463 0.033073
0 0.450231 0.773047 0.025463 0.033073
0 0.640509 0.533464 0.017130 0.048698
0 0.503935 0.635026 0.068056 0.012240
0 0.612269 0.554036 0.025463 0.032552
0 0.837269 0.444661 0.021759 0.037760
0 0.168287 0.117839 0.054167 0.014323
0 0.042824 0.150651 0.062500 0.012240
0 0.244676 0.667318 0.021759 0.035156
0 0.302546 0.633464 0.081944 0.009115
0 0.929861 0.266536 0.077315 0.009635
0 0.112269 0.549089 0.016204 0.043490
0 0.436806 0.389583 0.063426 0.010937
0 0.821065 0.931510 0.017130 0.039062
0 0.663657 0.640234 0.017130 0.038281
0 0.707639 0.792578 0.068056 0.009635
0 0.580324 0.306901 0.017130 0.038281
0 0.828009 0.117839 0.021759 0.029948
0 0.869676 0.214193 0.021759 0.029948
0 0.277546 0.461849 0.067130 0.009635
0 0.837269 0.471615 0.077315 0.008333
0 0.640509 0.792318 0.044907 0.014323
0 0.396296 0.763932 0.065741 0.009635
0 0.934028 0.404557 0.020833 0.030469
0 0.140509 0.688411 0.017130 0.035677
0 0.279398 0.404557 0.063426 0.009635
0 0.707639 0.806901 0.021759 0.027865
0 0.603472 0.529297 0.017130 0.035156
0 0.871991 0.844401 0.017130 0.035156
0 0.786343 0.735286 0.058796 0.009635
0 0.769676 0.452083 0.016204 0.031771
0 0.135417 0.308203 0.053241 0.009635
0 0.487269 0.909505 0.053241 0.009115
0 0.969213 0.820573 0.017130 0.026562
0 0.881250 0.313151 0.044907 0.009115
0 0.897454 0.414583 0.012500 0.031250
0 0.128472 0.849870 0.039352 0.009635
0 0.008565 0.437500 0.012500 0.026042
