0 0.641667 0.496354 0.112037 0.036979
0 0.834954 0.904557 0.128241 0.030469
0 0.415972 0.722266 0.105093 0.035677
0 0.522454 0.097266 0.114352 0.030469
0 0.767824 0.417578 0.049537 0.066927
0 0.608102 0.810547 0.109722 0.029948
0 0.719213 0.615495 0.054167 0.056510
0 0.050231 0.685807 0.095833 0.030469
0 0.649769 0.482682 0.091204 0.030469
0 0.492361 0.209245 0.054167 0.051302
0 0.290509 0.443620 0.048611 0.056510
0 0.758565 0.202734 0.049537 0.053906
0 0.862269 0.416276 0.053241 0.048698
0 0.358102 0.260026 0.091204 0.027865
0 0.679861 0.358984 0.086574 0.027865
0 0.250463 0.348568 0.098148 0.022656
0 0.948380 0.862891 0.086574 0.025260
0 0.446065 0.213151 0.044907 0.048698
0 0.981944 0.770443 0.033333 0.064323
0 0.714583 0.702734 0.091204 0.022656
0 0.153935 0.546484 0.090278 0.022656
0 0.714120 0.249349 0.090278 0.022135
0 0.409028 0.319922 0.044907 0.043490
0 0.043287 0.904557 0.072685 0.025260
0 0.911343 0.746094 0.086574 0.020833
0 0.531713 0.638281 0.040278 0.044792
0 0.507407 0.507682 0.028704 0.061198
0 0.406713 0.122005 0.077315 0.022656
0 0.339583 0.317318 0.035648 0.048698
0 0.420602 0.158464 0.031019 0.053906
0 0.169444 0.334245 0.028704 0.056510
0 0.653935 0.650651 0.071759 0.022656
0 0.288657 0.619401 0.091204 0.017448
0 0.564120 0.597266 0.031019 0.051302
0 0.728472 0.408464 0.035648 0.043490
0 0.624306 0.569661 0.031019 0.048177
0 0.828009 0.418229 0.040278 0.036979
0 0.124306 0.438802 0.031019 0.046875
0 0.941435 0.688151 0.035648 0.040365
0 0.196065 0.119401 0.026389 0.053906
0 0.203009 0.487630 0.095833 0.014323
0 0.534028 0.099219 0.072685 0.018750
0 0.040972 0.778255 0.031019 0.043490
0 0.519676 0.127214 0.034722 0.038281
0 0.899769 0.224870 0.063426 0.020052
0 0.885880 0.167578 0.063426 0.020052
0 0.230787 0.110286 0.031019 0.040885
0 0.348380 0.773047 0.071759 0.017448
0 0.348843 0.287370 0.081944 0.014844
0 0.668287 0.896745 0.081944 0.014844
0 0.214583 0.370703 0.081944 0.014844
0 0.140046 0.765885 0.062500 0.018750
0 0.234954 0.499609 0.067130 0.017448
0 0.422454 0.515234 0.034722 0.033073
0 0.962269 0.709896 0.031019 0.036979
0 0.462269 0.149349 0.031019 0.035677
0 0.626620 0.516536 0.026389 0.040885
0 0.540509 0.172786 0.030093 0.035677
0 0.141667 0.408464 0.019444 0.053906
0 0.817593 0.241536 0.019444 0.053385
0 0.494676 0.640234 0.058796 0.017448
0 0.559491 0.422786 0.021759 0.046094
0 0.871991 0.681901 0.081944 0.012240
0 0.834954 0.739193 0.081944 0.012240
0 0.515509 0.912370 0.063426 0.014844
0 0.098843 0.111328 0.054167 0.016927
0 0.207639 0.566016 0.021759 0.040885
0 0.152083 0.912370 0.058796 0.014844
0 0.133565 0.579036 0.058796 0.014844
0 0.596065 0.269141 0.020833 0.040885
0 0.888194 0.196224 0.086574 0.009635
0 0.285185 0.594661 0.056481 0.014844
0 0.327546 0.550391 0.085648 0.009635
0 0.858102 0.700130 0.063426 0.012240
0 0.756250 0.140234 0.063426 0.012240
0 0.270139 0.382422 0.063426 0.012240
0 0.084954 0.176693 0.063426 0.012240
0 0.116204 0.122005 0.061111 0.012240
0 0.492361 0.277995 0.017130 0.042969
0 0.415972 0.102474 0.049537 0.014844
0 0.837269 0.157161 0.049537 0.014844
0 0.823380 0.111589 0.021759 0.033073
0 0.165972 0.852214 0.049537 0.014323
0 0.503935 0.669922 0.077315 0.009115
0 0.617361 0.125911 0.017130 0.040885
0 0.248843 0.103776 0.020833 0.033073
0 0.746991 0.110026 0.072685 0.009115
0 0.358102 0.474870 0.026389 0.025260
0 0.385880 0.552995 0.026389 0.025260
0 0.663657 0.473568 0.054167 0.012240
0 0.596528 0.347266 0.021759 0.030469
0 0.052546 0.457943 0.017130 0.038281
0 0.059491 0.154557 0.068056 0.009635
0 0.785880 0.847266 0.067130 0.009635
0 0.825231 0.555599 0.025463 0.025260
0 0.429398 0.256120 0.020833 0.030469
0 0.543287 0.373307 0.017130 0.035677
0 0.705324 0.805599 0.063426 0.009635
0 0.112731 0.099870 0.063426 0.009635
0 0.483102 0.485286 0.017130 0.035677
0 0.874306 0.546484 0.021759 0.027865
0 0.652083 0.611589 0.021759 0.027865
0 0.112731 0.482943 0.017130 0.035156
0 0.194907 0.222266 0.061111 0.009635
0 0.080324 0.538672 0.017130 0.033073
0 0.786343 0.149349 0.058796 0.009635
0 0.221065 0.292578 0.057870 0.009635
0 0.566435 0.144531 0.017130 0.031250
0 0.159028 0.506120 0.017130 0.030469
0 0.140509 0.334245 0.054167 0.009635
0 0.915972 0.892839 0.021759 0.022656
0 0.472685 0.395182 0.061111 0.006510
0 0.513194 0.269141 0.012500 0.030469
0 0.225694 0.317318 0.048611 0.007031
