0 0.451852 0.149349 0.167593 0.040885
0 0.651620 0.196875 0.131944 0.031771
0 0.119213 0.987240 0.159722 0.023958
0 0.487731 0.327734 0.063426 0.059115
0 0.307176 0.345964 0.054167 0.059115
0 0.161343 0.180599 0.095833 0.030469
0 0.790972 0.482682 0.095833 0.030469
0 0.757407 0.515885 0.088889 0.029167
0 0.760880 0.404297 0.044907 0.055990
0 0.535880 0.613542 0.113426 0.021354
0 0.675231 0.442318 0.086574 0.027865
0 0.146991 0.471354 0.048611 0.049479
0 0.117361 0.502214 0.044907 0.048698
0 0.464583 0.372656 0.035648 0.055208
0 0.098380 0.310807 0.034722 0.056510
0 0.670602 0.089453 0.077315 0.025260
0 0.890509 0.106380 0.044907 0.043490
0 0.795602 0.094661 0.077315 0.025260
0 0.777083 0.276302 0.040278 0.047396
0 0.726157 0.366146 0.040278 0.047396
0 0.446065 0.499609 0.081944 0.022656
0 0.149769 0.696224 0.091204 0.020052
0 0.728472 0.175391 0.035648 0.051302
0 0.534028 0.188411 0.091204 0.020052
0 0.881250 0.172526 0.091204 0.019531
0 0.640509 0.163672 0.100463 0.017448
0 0.606944 0.305599 0.042593 0.040885
0 0.640046 0.241797 0.034722 0.048698
0 0.594213 0.348568 0.072685 0.022656
0 0.696065 0.230078 0.081944 0.020052
0 0.089583 0.201432 0.081944 0.020052
0 0.325694 0.138672 0.081944 0.019531
0 0.781713 0.137370 0.040278 0.037760
0 0.703009 0.194661 0.040278 0.037760
0 0.948380 0.301432 0.031019 0.048177
0 0.518981 0.408464 0.065741 0.022656
0 0.865046 0.329036 0.021759 0.066927
0 0.534028 0.267839 0.026389 0.053906
0 0.098380 0.183203 0.034722 0.040885
0 0.204167 0.399349 0.070370 0.020052
0 0.848843 0.572266 0.063426 0.022135
0 0.019676 0.979427 0.034722 0.039583
0 0.848843 0.132422 0.035648 0.038281
0 0.226157 0.439714 0.077315 0.017448
0 0.624306 0.460547 0.077315 0.017448
0 0.440972 0.155859 0.108796 0.012240
0 0.936806 0.235937 0.035648 0.036979
0 0.778241 0.472917 0.061111 0.021354
0 0.777083 0.214453 0.086574 0.014844
0 0.236574 0.338151 0.033333 0.038281
0 0.057176 0.291016 0.026389 0.048177
0 0.584954 0.305599 0.063426 0.020052
0 0.233102 0.211849 0.081944 0.014844
0 0.881250 0.547786 0.081944 0.014844
0 0.545602 0.210547 0.068056 0.017448
0 0.661343 0.403255 0.031019 0.038281
0 0.661343 0.343359 0.031019 0.038281
0 0.557176 0.398698 0.026389 0.044792
0 0.538657 0.512630 0.035648 0.033073
0 0.610417 0.265234 0.021759 0.053906
0 0.476157 0.452474 0.068056 0.016927
0 0.124306 0.128516 0.077315 0.014844
0 0.420139 0.223307 0.030093 0.037760
0 0.837269 0.334245 0.021759 0.051302
0 0.936806 0.295573 0.026389 0.041667
0 0.579167 0.499349 0.033333 0.032552
0 0.089583 0.219661 0.072685 0.014844
0 0.691435 0.316016 0.026389 0.040885
0 0.600694 0.378516 0.030093 0.035677
0 0.804861 0.374609 0.021759 0.048698
0 0.832639 0.418880 0.058796 0.017448
0 0.670602 0.176432 0.086574 0.011719
0 0.157870 0.414974 0.033333 0.030469
0 0.902083 0.248307 0.021759 0.046094
0 0.318750 0.584896 0.031019 0.031771
0 0.397454 0.542318 0.068056 0.014323
0 0.150926 0.249609 0.019444 0.048698
0 0.383565 0.101172 0.077315 0.012240
0 0.196065 0.262630 0.054167 0.017448
0 0.633565 0.362891 0.031019 0.030469
0 0.809491 0.592057 0.031019 0.030469
0 0.571065 0.532161 0.026389 0.035677
0 0.216435 0.174089 0.076389 0.012240
0 0.902083 0.198568 0.031019 0.029948
0 0.209491 0.110286 0.062500 0.014844
0 0.380787 0.413672 0.053241 0.017448
0 0.878472 0.599609 0.030093 0.029948
0 0.406250 0.142578 0.076389 0.011719
0 0.677546 0.565104 0.026389 0.033854
0 0.698380 0.245703 0.021759 0.040885
0 0.316435 0.127214 0.072685 0.012240
0 0.338426 0.201172 0.061111 0.014323
0 0.531713 0.480078 0.058796 0.014844
0 0.744676 0.076432 0.058796 0.014844
0 0.946065 0.259375 0.026389 0.031771
0 0.781713 0.322526 0.021759 0.038281
0 0.133565 0.228776 0.021759 0.038281
0 0.711806 0.444922 0.067130 0.012240
0 0.749306 0.358333 0.021759 0.036979
0 0.753935 0.500260 0.058796 0.013542
0 0.876620 0.204036 0.017130 0.046094
0 0.693287 0.491536 0.020833 0.037760
0 0.955324 0.431901 0.063426 0.012240
0 0.659028 0.297135 0.017130 0.044792
0 0.837269 0.193359 0.021759 0.035156
0 0.862269 0.219661 0.016204 0.046094
0 0.617361 0.211589 0.081944 0.009115
0 0.564120 0.235286 0.077315 0.009635
0 0.554861 0.291276 0.058796 0.012240
0 0.128935 0.286068 0.058796 0.012240
0 0.265509 0.154557 0.017130 0.040885
0 0.279398 0.748307 0.017130 0.040885
0 0.126620 0.401042 0.017130 0.039062
0 0.207639 0.162370 0.068056 0.009635
0 0.036343 0.417318 0.021759 0.029948
0 0.234954 0.123307 0.067130 0.009635
0 0.367361 0.162370 0.063426 0.009635
0 0.027083 0.735026 0.021759 0.024740
0 0.954861 0.119401 0.043981 0.012240
0 0.158565 0.148047 0.043981 0.012240
0 0.645139 0.422135 0.063426 0.008333
0 0.832639 0.606380 0.021759 0.022656
0 0.503935 0.260026 0.040278 0.012240
0 0.969213 0.197526 0.017130 0.027865
0 0.875926 0.083984 0.046296 0.009115
0 0.190972 0.385026 0.053241 0.007031
0 0.591435 0.554297 0.030093 0.007031
