0 0.529398 0.616797 0.220833 0.048698
0 0.918287 0.662370 0.035648 0.113802
0 0.915972 0.125911 0.132870 0.030469
0 0.818750 0.809245 0.132870 0.027344
0 0.839583 0.150651 0.044907 0.059115
0 0.212269 0.520833 0.040278 0.065104
0 0.827546 0.571875 0.122685 0.021354
0 0.438657 0.499609 0.113426 0.022656
0 0.957176 0.769141 0.048611 0.051302
0 0.157407 0.421484 0.032407 0.074740
0 0.346065 0.845964 0.131944 0.017448
0 0.179861 0.599870 0.031019 0.072135
0 0.848843 0.275651 0.035648 0.059115
0 0.668287 0.467057 0.026389 0.077344
0 0.765046 0.248307 0.043981 0.046094
0 0.351157 0.171484 0.086574 0.022656
0 0.554861 0.450130 0.105093 0.017448
0 0.890509 0.011328 0.091204 0.020052
0 0.256250 0.500911 0.026389 0.061719
0 0.795139 0.760026 0.030093 0.053906
0 0.865046 0.439714 0.040278 0.038281
0 0.694213 0.325130 0.067130 0.022656
0 0.824537 0.891536 0.098148 0.014844
0 0.119676 0.542578 0.021759 0.061719
0 0.238889 0.602474 0.028704 0.046094
0 0.809491 0.474870 0.031019 0.040885
0 0.734954 0.127214 0.020833 0.059115
0 0.480787 0.428646 0.105093 0.010937
0 0.119213 0.804297 0.020833 0.053906
0 0.790972 0.379167 0.021759 0.047396
0 0.732639 0.446224 0.062500 0.014844
0 0.707639 0.399740 0.021759 0.026042
0 0.860417 0.075130 0.021759 0.022656
0 0.045602 0.691016 0.012500 0.035677
0 0.098843 0.993099 0.044907 0.009635
