0 0.668287 0.554297 0.137500 0.033073
0 0.892824 0.477474 0.123611 0.030469
0 0.888194 0.163672 0.095833 0.033073
0 0.703009 0.865495 0.049537 0.061719
0 0.339583 0.503516 0.044907 0.066927
0 0.659028 0.387630 0.054167 0.053906
0 0.839120 0.607682 0.043981 0.061719
0 0.429861 0.253776 0.049537 0.050781
0 0.339583 0.126953 0.091204 0.027344
0 0.772454 0.149349 0.095833 0.025260
0 0.192593 0.555599 0.037963 0.061719
0 0.459954 0.704036 0.091204 0.025260
0 0.318750 0.185807 0.049537 0.046094
0 0.402083 0.562760 0.040278 0.055208
0 0.108102 0.844661 0.035648 0.061719
0 0.962269 0.278255 0.040278 0.053906
0 0.174074 0.836849 0.084259 0.025260
0 0.524769 0.275651 0.044907 0.043490
0 0.596528 0.125911 0.077315 0.025260
0 0.719213 0.671484 0.035648 0.053906
0 0.325694 0.377214 0.035648 0.053906
0 0.869676 0.222266 0.031019 0.061719
0 0.452546 0.802995 0.094907 0.020052
0 0.112731 0.593359 0.081944 0.022656
0 0.925231 0.881120 0.040278 0.046094
0 0.605787 0.194271 0.086574 0.021354
0 0.274769 0.228776 0.026389 0.069531
0 0.126620 0.623307 0.035648 0.051302
0 0.909028 0.797526 0.035648 0.050781
0 0.205324 0.263021 0.035648 0.049479
0 0.670602 0.236589 0.040278 0.043490
0 0.756250 0.756510 0.081944 0.020833
0 0.179861 0.368750 0.040278 0.042188
0 0.716898 0.276953 0.040278 0.040885
0 0.108102 0.219401 0.035648 0.045573
0 0.444907 0.111589 0.070370 0.022656
0 0.867361 0.516276 0.026389 0.055990
0 0.112731 0.417578 0.035648 0.040885
0 0.459491 0.776953 0.071759 0.020052
0 0.603472 0.424089 0.035648 0.038281
0 0.703009 0.560807 0.068056 0.020052
0 0.388194 0.912370 0.068056 0.020052
0 0.149769 0.565365 0.063426 0.021354
0 0.948380 0.546484 0.031019 0.043490
0 0.439120 0.330339 0.031019 0.043490
0 0.598380 0.176432 0.034722 0.037760
0 0.642824 0.545182 0.086574 0.014844
0 0.777083 0.175391 0.086574 0.014844
0 0.723843 0.792578 0.063426 0.020052
0 0.804861 0.776953 0.031019 0.040885
0 0.360417 0.610286 0.031019 0.040885
0 0.362269 0.136328 0.062500 0.020052
0 0.311806 0.594401 0.035648 0.035156
0 0.608102 0.145443 0.100463 0.012240
0 0.645139 0.899349 0.081944 0.014844
0 0.341898 0.233984 0.068056 0.017448
0 0.406713 0.762630 0.095833 0.012240
0 0.869676 0.796484 0.021759 0.053906
0 0.353472 0.825130 0.035648 0.033073
0 0.161343 0.132422 0.021759 0.053906
0 0.071065 0.694922 0.035648 0.033073
0 0.887037 0.610286 0.028704 0.040885
0 0.596528 0.849870 0.077315 0.014844
0 0.395833 0.619401 0.092593 0.012240
0 0.543287 0.843359 0.091204 0.012240
0 0.920602 0.391536 0.031019 0.035677
0 0.496991 0.184505 0.063426 0.017448
0 0.950694 0.344661 0.072685 0.014844
0 0.913657 0.680599 0.072685 0.014844
0 0.515509 0.516536 0.026389 0.040885
0 0.892824 0.250260 0.031019 0.034375
0 0.184491 0.793880 0.021759 0.048698
0 0.688657 0.151302 0.030093 0.034375
0 0.795602 0.804297 0.058796 0.017448
0 0.311806 0.159115 0.054167 0.018750
0 0.841898 0.159766 0.068056 0.014844
0 0.439120 0.099870 0.068056 0.014844
0 0.359259 0.732682 0.065741 0.014844
0 0.962269 0.097005 0.068056 0.014323
0 0.238426 0.418880 0.055556 0.017448
0 0.096528 0.481380 0.021759 0.043490
0 0.885880 0.176693 0.054167 0.017448
0 0.871991 0.900651 0.054167 0.017448
0 0.238426 0.434505 0.074074 0.012240
0 0.742361 0.080339 0.072685 0.012240
0 0.841898 0.649349 0.021759 0.040885
0 0.909028 0.431901 0.072685 0.012240
0 0.890046 0.749609 0.016204 0.053906
0 0.871528 0.135026 0.025463 0.033073
0 0.538657 0.329688 0.026389 0.031771
0 0.610417 0.080339 0.068056 0.012240
0 0.855787 0.845964 0.021759 0.038281
0 0.192593 0.223568 0.065741 0.012240
0 0.522454 0.772786 0.068056 0.011719
0 0.084954 0.513932 0.017130 0.046094
0 0.450694 0.406901 0.026389 0.029948
0 0.147454 0.224870 0.021759 0.035677
0 0.263194 0.391536 0.021759 0.035677
0 0.582639 0.302995 0.021759 0.035677
0 0.547917 0.166276 0.063426 0.012240
0 0.985417 0.461589 0.021759 0.035156
0 0.754630 0.193620 0.078704 0.009635
0 0.137731 0.667578 0.048611 0.014844
0 0.281713 0.595964 0.021759 0.033073
0 0.578009 0.593359 0.058796 0.012240
0 0.376620 0.144141 0.072685 0.009635
0 0.288657 0.196224 0.017130 0.040885
0 0.250000 0.714453 0.069444 0.009635
0 0.778935 0.401953 0.016204 0.040885
0 0.294444 0.775651 0.019444 0.033073
0 0.868519 0.888932 0.065741 0.009635
0 0.920139 0.079036 0.020833 0.030469
0 0.319907 0.858984 0.051852 0.012240
0 0.383565 0.171484 0.049537 0.012240
0 0.526620 0.624609 0.048611 0.012240
0 0.767824 0.527995 0.049537 0.011719
0 0.112269 0.146745 0.016204 0.035677
0 0.098843 0.569661 0.017130 0.027344
0 0.836111 0.747005 0.019444 0.022656
0 0.979630 0.240495 0.037963 0.009635
0 0.663657 0.447266 0.054167 0.006510
0 0.740046 0.880859 0.031019 0.009115
0 0.612731 0.030859 0.026389 0.007031
0 0.662500 0.997656 0.024074 0.003125
