0 0.958796 0.868099 0.079630 0.176302
0 0.237731 0.761328 0.156019 0.046094
0 0.661343 0.454036 0.077315 0.072135
0 0.633102 0.669531 0.141204 0.034375
0 0.698380 0.161719 0.068056 0.070833
0 0.503935 0.885026 0.123611 0.038281
0 0.385880 0.111589 0.137500 0.033073
0 0.762731 0.681901 0.113426 0.038281
0 0.716898 0.473568 0.058796 0.064323
0 0.436806 0.546484 0.128241 0.027865
0 0.777083 0.585547 0.049537 0.069531
0 0.647454 0.868359 0.049537 0.061198
0 0.365046 0.895443 0.105093 0.027865
0 0.979630 0.817318 0.037963 0.074740
0 0.802546 0.131120 0.091204 0.030469
0 0.274769 0.826432 0.091204 0.030469
0 0.862731 0.744141 0.100463 0.027344
0 0.589120 0.227474 0.053241 0.051302
0 0.646296 0.360286 0.047222 0.056510
0 0.860417 0.585547 0.040278 0.064323
0 0.904398 0.200130 0.044907 0.053906
0 0.888194 0.834245 0.095833 0.025260
0 0.374306 0.455339 0.086574 0.027865
0 0.793287 0.214453 0.091204 0.025260
0 0.371991 0.372005 0.081944 0.027865
0 0.235417 0.380469 0.049537 0.044792
0 0.325694 0.387370 0.044907 0.048177
0 0.139352 0.469661 0.107407 0.020052
0 0.613889 0.159115 0.047222 0.044792
0 0.436806 0.149349 0.081944 0.025260
0 0.413194 0.912370 0.081019 0.025260
0 0.431713 0.613542 0.034722 0.057813
0 0.679861 0.845964 0.040278 0.048698
0 0.605787 0.787370 0.077315 0.025260
0 0.434491 0.269141 0.095833 0.020052
0 0.446065 0.366146 0.044907 0.042188
0 0.096528 0.352474 0.040278 0.046094
0 0.569907 0.640234 0.042593 0.043490
0 0.156713 0.179297 0.105093 0.017448
0 0.246991 0.295182 0.035648 0.051302
0 0.552546 0.323828 0.091204 0.020052
0 0.940972 0.384375 0.034722 0.052604
0 0.408565 0.299089 0.099537 0.017448
0 0.741204 0.717057 0.033333 0.051302
0 0.683333 0.638932 0.084259 0.020052
0 0.591435 0.190755 0.085648 0.019531
0 0.584954 0.451432 0.035648 0.046094
0 0.485417 0.333984 0.040278 0.040365
0 0.901620 0.258724 0.039352 0.040885
0 0.304861 0.297786 0.031019 0.051302
0 0.277083 0.224870 0.077315 0.020052
0 0.876620 0.179297 0.035648 0.043490
0 0.175231 0.661068 0.068056 0.022656
0 0.628935 0.900651 0.068056 0.022656
0 0.429861 0.801693 0.068056 0.022656
0 0.420139 0.331641 0.076389 0.020052
0 0.318750 0.463151 0.031019 0.048698
0 0.517824 0.822526 0.086574 0.017448
0 0.684028 0.124609 0.085648 0.017448
0 0.596065 0.765234 0.085648 0.017448
0 0.668287 0.579036 0.100463 0.014844
0 0.663657 0.323568 0.026389 0.055990
0 0.855787 0.636979 0.031019 0.047396
0 0.672917 0.194922 0.081944 0.017448
0 0.520139 0.426693 0.081944 0.017448
0 0.605787 0.099870 0.095833 0.014844
0 0.559491 0.167578 0.095833 0.014844
0 0.200694 0.275391 0.081944 0.016927
0 0.504630 0.770443 0.078704 0.017448
0 0.777083 0.099870 0.068056 0.020052
0 0.602315 0.519141 0.033333 0.040885
0 0.084954 0.375911 0.091204 0.014844
0 0.858102 0.691016 0.091204 0.014844
0 0.543287 0.862891 0.026389 0.051302
0 0.890509 0.909766 0.091204 0.014844
0 0.295602 0.319922 0.077315 0.017448
0 0.540972 0.461849 0.021759 0.061719
0 0.762731 0.473568 0.020833 0.064323
0 0.366898 0.425391 0.090278 0.014844
0 0.902083 0.625651 0.068056 0.019531
0 0.868519 0.258724 0.028704 0.046094
0 0.776620 0.439714 0.030093 0.043490
0 0.706481 0.399089 0.028704 0.045573
0 0.249306 0.171224 0.077315 0.016927
0 0.856944 0.447917 0.033333 0.039062
0 0.205324 0.364193 0.026389 0.048698
0 0.964583 0.175391 0.063426 0.020052
0 0.365046 0.727214 0.086574 0.014323
0 0.256250 0.250260 0.035648 0.034375
0 0.054861 0.606380 0.031019 0.038281
0 0.615046 0.806901 0.031019 0.038281
0 0.334954 0.293880 0.035648 0.033073
0 0.903935 0.865104 0.034722 0.033854
0 0.494676 0.671224 0.021759 0.053385
0 0.859954 0.338151 0.030093 0.038281
0 0.802546 0.483984 0.026389 0.043490
0 0.184491 0.592057 0.021759 0.051302
0 0.358102 0.687109 0.091204 0.012240
0 0.540972 0.641536 0.021759 0.051302
0 0.536343 0.532161 0.021759 0.051302
0 0.839583 0.883724 0.072685 0.014844
0 0.193750 0.153255 0.086574 0.012240
0 0.334954 0.825781 0.026389 0.039583
0 0.306713 0.789714 0.071759 0.014323
0 0.644676 0.091797 0.071759 0.014323
0 0.758565 0.606380 0.031019 0.033073
0 0.304861 0.262370 0.086574 0.011719
0 0.686806 0.330339 0.026389 0.038281
0 0.600694 0.114193 0.057870 0.017448
0 0.749306 0.589453 0.021759 0.046094
0 0.137731 0.779557 0.020833 0.046094
0 0.371991 0.913411 0.081944 0.011719
0 0.267824 0.801693 0.077315 0.012240
0 0.084954 0.834245 0.063426 0.014844
0 0.432176 0.235286 0.026389 0.035677
0 0.677546 0.370703 0.026389 0.035677
0 0.377315 0.280859 0.074074 0.012240
0 0.844213 0.813151 0.063426 0.014323
0 0.080324 0.302995 0.091204 0.009635
0 0.709491 0.775651 0.071759 0.012240
0 0.391667 0.743099 0.028704 0.030469
0 0.582639 0.706641 0.058796 0.014844
0 0.586806 0.891536 0.020833 0.040885
0 0.128472 0.348568 0.030093 0.027865
0 0.929861 0.106380 0.021759 0.038281
0 0.591898 0.572266 0.021759 0.037760
0 0.675231 0.595052 0.021759 0.036458
0 0.098843 0.547786 0.017130 0.046094
0 0.705324 0.357682 0.017130 0.046094
0 0.624306 0.204036 0.021759 0.035677
0 0.101157 0.761328 0.021759 0.035677
0 0.505787 0.295182 0.025463 0.030469
0 0.543287 0.190755 0.081944 0.009115
0 0.811806 0.332943 0.017130 0.043490
0 0.177546 0.254818 0.017130 0.043490
0 0.559491 0.395833 0.021759 0.033854
0 0.561806 0.577474 0.026389 0.027344
0 0.767824 0.194922 0.021759 0.033073
0 0.878935 0.874609 0.021759 0.033073
0 0.911343 0.590755 0.021759 0.033073
0 0.138194 0.267839 0.058796 0.012240
0 0.767824 0.166276 0.021759 0.033073
0 0.359259 0.651563 0.019444 0.036458
0 0.182176 0.164974 0.072685 0.009635
0 0.108102 0.188411 0.072685 0.009635
0 0.770139 0.240234 0.017130 0.040365
0 0.883565 0.099870 0.021759 0.030469
0 0.853472 0.900651 0.054167 0.012240
0 0.547917 0.512630 0.017130 0.038281
0 0.237731 0.233984 0.017130 0.038281
0 0.723843 0.144792 0.017130 0.036979
0 0.915972 0.793880 0.021759 0.027865
0 0.936806 0.580990 0.017130 0.034375
0 0.991204 0.208594 0.014815 0.039583
0 0.148611 0.254818 0.047222 0.012240
0 0.422917 0.702734 0.017130 0.033073
0 0.517824 0.800781 0.021759 0.026042
0 0.721528 0.539714 0.021759 0.024740
0 0.670602 0.680339 0.021759 0.024740
0 0.459491 0.230078 0.016204 0.030469
0 0.378472 0.641276 0.048611 0.009115
0 0.952546 0.830078 0.011574 0.037760
0 0.677083 0.800391 0.016204 0.020052
0 0.484954 0.385026 0.011574 0.027865
0 0.934028 0.311849 0.011574 0.027344
0 0.837269 0.612240 0.012500 0.023958
