0 0.547917 0.655859 0.415278 0.059115
0 0.536343 0.598568 0.392130 0.059115
0 0.100694 0.982031 0.196759 0.034375
0 0.432176 0.096615 0.165278 0.039583
0 0.376620 0.158464 0.137500 0.043490
0 0.100000 0.426693 0.065741 0.079948
0 0.763194 0.395443 0.049537 0.090365
0 0.649769 0.632422 0.146759 0.027865
0 0.895139 0.670182 0.054167 0.072135
0 0.936806 0.604036 0.054167 0.069010
0 0.355324 0.282161 0.057870 0.061719
0 0.591435 0.410807 0.159722 0.022135
0 0.767824 0.470964 0.105093 0.033073
0 0.628935 0.383464 0.114352 0.029948
0 0.611574 0.342057 0.107407 0.030469
0 0.450694 0.628516 0.128241 0.025260
0 0.890046 0.814714 0.053241 0.053906
0 0.815278 0.161068 0.051852 0.053906
0 0.473843 0.771745 0.109722 0.025260
0 0.443750 0.670182 0.040278 0.066927
0 0.207639 0.254818 0.049537 0.053906
0 0.774769 0.159766 0.044907 0.056510
0 0.436343 0.582943 0.090278 0.027865
0 0.675231 0.816667 0.031019 0.078646
0 0.253935 0.374609 0.086574 0.027865
0 0.297917 0.403906 0.100463 0.023958
0 0.294444 0.193620 0.093519 0.025260
0 0.700694 0.843359 0.035648 0.064323
0 0.469213 0.260026 0.044907 0.048698
0 0.328009 0.133724 0.086574 0.025260
0 0.219213 0.309245 0.044907 0.048177
0 0.770139 0.526953 0.081944 0.025260
0 0.277083 0.826172 0.040278 0.050781
0 0.941435 0.253255 0.044907 0.045573
0 0.510185 0.391536 0.101852 0.020052
0 0.559028 0.779557 0.039352 0.051302
0 0.934491 0.424479 0.040278 0.049479
0 0.625463 0.801693 0.033333 0.059115
0 0.740046 0.517839 0.086574 0.022656
0 0.804861 0.408464 0.040278 0.048698
0 0.723843 0.801693 0.035648 0.053906
0 0.657870 0.444271 0.088889 0.021354
0 0.770139 0.591406 0.044907 0.041146
0 0.784028 0.433203 0.044907 0.040885
0 0.135880 0.105078 0.044907 0.040885
0 0.547917 0.094401 0.091204 0.019531
0 0.760880 0.771745 0.118981 0.014844
0 0.363889 0.792969 0.084259 0.020833
0 0.536343 0.333984 0.031019 0.055990
0 0.594213 0.241536 0.035648 0.048177
0 0.684491 0.332292 0.040278 0.042188
0 0.307176 0.826432 0.035648 0.046094
0 0.686806 0.493099 0.026389 0.061719
0 0.341898 0.153255 0.068056 0.022656
0 0.858102 0.225521 0.035648 0.042188
0 0.564583 0.287109 0.076389 0.019531
0 0.677546 0.076432 0.072685 0.020052
0 0.770139 0.830339 0.035648 0.038281
0 0.420602 0.395443 0.031019 0.043490
0 0.795602 0.705339 0.077315 0.017448
0 0.190972 0.460547 0.034722 0.038281
0 0.168287 0.107682 0.063426 0.020052
0 0.293287 0.119401 0.072685 0.017448
0 0.937963 0.796484 0.028704 0.043490
0 0.591898 0.198568 0.086574 0.014323
0 0.621991 0.405859 0.100463 0.012240
0 0.506250 0.224870 0.026389 0.046094
0 0.339583 0.839453 0.026389 0.046094
0 0.258565 0.292578 0.058796 0.020052
0 0.848843 0.140234 0.035648 0.033073
0 0.811806 0.838151 0.035648 0.033073
0 0.786343 0.789974 0.077315 0.014844
0 0.811806 0.653255 0.026389 0.043490
0 0.885880 0.608724 0.026389 0.042969
0 0.557176 0.114193 0.091204 0.012240
0 0.786343 0.844661 0.021759 0.051302
0 0.777083 0.198828 0.031019 0.035677
0 0.444907 0.460286 0.093519 0.011719
0 0.939120 0.212109 0.031019 0.035156
0 0.547454 0.825130 0.062500 0.017448
0 0.946065 0.196224 0.072685 0.014844
0 0.399769 0.211849 0.026389 0.040885
0 0.218750 0.852474 0.071759 0.014844
0 0.490046 0.322526 0.021759 0.048698
0 0.910880 0.133464 0.030093 0.035156
0 0.775926 0.757422 0.084259 0.012240
0 0.240046 0.884766 0.086574 0.011719
0 0.439120 0.115495 0.068056 0.014844
0 0.246991 0.898047 0.081944 0.012240
0 0.931713 0.843359 0.081019 0.012240
0 0.515509 0.512370 0.081944 0.011719
0 0.729630 0.202734 0.028704 0.033073
0 0.786343 0.166276 0.021759 0.043490
0 0.415972 0.129818 0.077315 0.012240
0 0.601157 0.802995 0.031019 0.030469
0 0.770139 0.095964 0.054167 0.017448
0 0.709954 0.895443 0.054167 0.017448
0 0.802546 0.068620 0.063426 0.014844
0 0.668981 0.288411 0.055556 0.016927
0 0.246528 0.862891 0.062500 0.014844
0 0.631250 0.772005 0.026389 0.035156
0 0.767824 0.870443 0.031019 0.029948
0 0.904398 0.527995 0.054167 0.016927
0 0.826852 0.394792 0.028704 0.031771
0 0.677546 0.730729 0.081944 0.010937
0 0.862731 0.168620 0.026389 0.032552
0 0.615046 0.158464 0.021759 0.038281
0 0.652083 0.379818 0.068056 0.012240
0 0.531713 0.421484 0.068056 0.012240
0 0.784028 0.587891 0.017130 0.048177
0 0.557176 0.756120 0.026389 0.030469
0 0.313657 0.353776 0.020833 0.038281
0 0.608102 0.181901 0.063426 0.012240
0 0.594213 0.887630 0.063426 0.012240
0 0.425231 0.235286 0.021759 0.034635
0 0.464583 0.203776 0.081944 0.009115
0 0.978472 0.843359 0.017130 0.043490
0 0.869676 0.378516 0.077315 0.009635
0 0.117361 0.160807 0.026389 0.027344
0 0.534028 0.258724 0.072685 0.009635
0 0.792824 0.618099 0.071759 0.009635
0 0.226157 0.840495 0.058796 0.011719
0 0.587269 0.902995 0.058796 0.011719
0 0.772454 0.626953 0.058796 0.011719
0 0.936806 0.860286 0.026389 0.025260
0 0.890509 0.426693 0.017130 0.038281
0 0.043287 0.262630 0.017130 0.038281
0 0.733102 0.103776 0.017130 0.038281
0 0.638194 0.274089 0.021759 0.029948
0 0.334491 0.142839 0.053241 0.012240
0 0.075694 0.405599 0.017130 0.037760
0 0.726157 0.234635 0.077315 0.008333
0 0.228472 0.875911 0.063426 0.009635
0 0.913657 0.651953 0.017130 0.035677
0 0.552546 0.486589 0.017130 0.035677
0 0.375000 0.111328 0.050926 0.011719
0 0.653935 0.883724 0.016204 0.035677
0 0.698380 0.222266 0.058796 0.009635
0 0.492361 0.891536 0.054167 0.009635
0 0.811806 0.362891 0.054167 0.009635
0 0.766667 0.264583 0.047222 0.010937
0 0.244676 0.764974 0.040278 0.011719
0 0.432176 0.763932 0.017130 0.025260
0 0.473843 0.684245 0.035648 0.011719
0 0.672454 0.523438 0.016204 0.018229
