0 0.228472 0.644141 0.081944 0.092969
0 0.115046 0.983333 0.225463 0.031771
0 0.628935 0.201432 0.169907 0.030469
0 0.197222 0.735938 0.121296 0.042188
0 0.540972 0.757422 0.114352 0.038281
0 0.626620 0.881120 0.137500 0.030469
0 0.444907 0.476172 0.061111 0.064323
0 0.196065 0.244401 0.054167 0.069531
0 0.275926 0.528255 0.056481 0.064323
0 0.413194 0.089453 0.136574 0.025260
0 0.519676 0.443620 0.108796 0.030469
0 0.493519 0.349870 0.121296 0.025260
0 0.244213 0.491797 0.104167 0.027865
0 0.478472 0.129167 0.091204 0.031771
0 0.492361 0.157161 0.100463 0.025260
0 0.821065 0.679297 0.109722 0.022656
0 0.111574 0.258724 0.098148 0.025260
0 0.323380 0.504818 0.049537 0.048698
0 0.369676 0.646745 0.160648 0.014844
0 0.705324 0.451432 0.044907 0.051302
0 0.933333 0.392839 0.130556 0.017448
0 0.353472 0.163672 0.100463 0.022656
0 0.552083 0.864193 0.081019 0.027865
0 0.952546 0.349219 0.048611 0.044792
0 0.871991 0.862891 0.044907 0.046094
0 0.876620 0.487891 0.081944 0.025260
0 0.589120 0.146745 0.043981 0.046094
0 0.661343 0.317318 0.040278 0.048698
0 0.249306 0.417578 0.077315 0.025260
0 0.237731 0.299089 0.044907 0.043490
0 0.881250 0.707943 0.044907 0.043490
0 0.712269 0.709245 0.095833 0.020052
0 0.205324 0.663672 0.035648 0.053906
0 0.652083 0.159766 0.031019 0.061719
0 0.737731 0.739193 0.109722 0.017448
0 0.874306 0.248307 0.123611 0.014844
0 0.596528 0.207943 0.105093 0.017448
0 0.677546 0.612891 0.072685 0.025260
0 0.149769 0.534766 0.044907 0.040885
0 0.163657 0.162370 0.035648 0.051302
0 0.513194 0.692318 0.077315 0.022656
0 0.601157 0.680599 0.086574 0.020052
0 0.251620 0.114193 0.035648 0.048698
0 0.939120 0.597656 0.040278 0.041667
0 0.295602 0.116797 0.031019 0.053906
0 0.485417 0.184505 0.095833 0.017448
0 0.480787 0.577474 0.031019 0.053385
0 0.605787 0.751953 0.031019 0.053385
0 0.462269 0.607682 0.040278 0.040885
0 0.369676 0.498307 0.040278 0.040885
0 0.955324 0.892839 0.072685 0.022656
0 0.946065 0.209245 0.035648 0.046094
0 0.515509 0.616797 0.091204 0.017448
0 0.679861 0.754818 0.123611 0.012240
0 0.374306 0.720703 0.040278 0.037760
0 0.818750 0.752214 0.086574 0.017448
0 0.934491 0.870443 0.077315 0.019531
0 0.755787 0.462891 0.034722 0.042969
0 0.973843 0.868099 0.035648 0.040885
0 0.100000 0.239193 0.037963 0.038281
0 0.793287 0.861589 0.081944 0.017448
0 0.753935 0.375911 0.031019 0.046094
0 0.621991 0.786068 0.081944 0.017448
0 0.869676 0.204036 0.095833 0.014844
0 0.908565 0.550391 0.034722 0.040885
0 0.126620 0.156250 0.035648 0.039062
0 0.160880 0.308203 0.030093 0.046094
0 0.755787 0.780599 0.081019 0.016927
0 0.420602 0.732682 0.068056 0.020052
0 0.679861 0.196224 0.068056 0.020052
0 0.290972 0.616797 0.031019 0.043490
0 0.707176 0.662370 0.067130 0.020052
0 0.986574 0.437109 0.024074 0.053906
0 0.865046 0.232682 0.086574 0.014844
0 0.190278 0.306901 0.033333 0.038281
0 0.623843 0.826432 0.085648 0.014844
0 0.538657 0.542578 0.035648 0.035677
0 0.984259 0.877214 0.028704 0.043490
0 0.506250 0.552995 0.026389 0.046094
0 0.543287 0.573568 0.026389 0.045573
0 0.810185 0.598568 0.097222 0.012240
0 0.272454 0.434505 0.031019 0.038281
0 0.558333 0.730078 0.079630 0.014844
0 0.172917 0.856380 0.035648 0.033073
0 0.818750 0.784766 0.058796 0.020052
0 0.862731 0.799089 0.035648 0.033073
0 0.133565 0.230078 0.058796 0.020052
0 0.564120 0.306901 0.021759 0.053906
0 0.344213 0.108984 0.035648 0.033073
0 0.311806 0.429297 0.035648 0.033073
0 0.903935 0.334245 0.025463 0.046094
0 0.499306 0.475911 0.031019 0.037760
0 0.100694 0.200130 0.030093 0.038281
0 0.448380 0.584245 0.077315 0.014844
0 0.246991 0.155859 0.026389 0.043490
0 0.890509 0.142839 0.026389 0.043490
0 0.881250 0.765234 0.063426 0.017448
0 0.862731 0.888932 0.026389 0.040885
0 0.168287 0.623307 0.026389 0.040885
0 0.955324 0.279557 0.072685 0.014844
0 0.876620 0.818620 0.026389 0.040885
0 0.228009 0.343099 0.062500 0.016927
0 0.760880 0.536719 0.026389 0.039583
0 0.565278 0.620703 0.070370 0.014844
0 0.802546 0.154297 0.072685 0.014323
0 0.668287 0.857422 0.072685 0.014323
0 0.330324 0.835547 0.026389 0.038281
0 0.175231 0.375911 0.068056 0.014844
0 0.672917 0.483984 0.026389 0.038281
0 0.147454 0.283464 0.021759 0.043490
0 0.654398 0.632422 0.054167 0.017448
0 0.117361 0.373307 0.026389 0.035677
0 0.235417 0.203776 0.031019 0.029948
0 0.487269 0.413672 0.053241 0.017448
0 0.751620 0.248047 0.063426 0.014323
0 0.236574 0.390234 0.051852 0.017448
0 0.297917 0.296484 0.072685 0.012240
0 0.691435 0.106380 0.072685 0.012240
0 0.325694 0.142839 0.072685 0.012240
0 0.608565 0.707943 0.071759 0.012240
0 0.192593 0.526693 0.028704 0.029948
0 0.121991 0.205078 0.026389 0.032552
0 0.598380 0.432552 0.062500 0.013542
0 0.142824 0.213151 0.021759 0.038281
0 0.101157 0.515234 0.021759 0.038281
0 0.799769 0.793880 0.067130 0.012240
0 0.973843 0.451432 0.026389 0.030469
0 0.830324 0.777604 0.072685 0.010937
0 0.964120 0.473568 0.016204 0.048698
0 0.921065 0.725911 0.067130 0.011719
0 0.441435 0.539714 0.054167 0.014323
0 0.862731 0.309505 0.026389 0.027865
0 0.684491 0.657161 0.049537 0.014844
0 0.945602 0.773047 0.016204 0.043490
0 0.922917 0.347005 0.017130 0.040365
0 0.725000 0.142839 0.056481 0.012240
0 0.843056 0.556901 0.024074 0.027865
0 0.603472 0.115234 0.072685 0.009115
0 0.927546 0.779557 0.026389 0.025260
0 0.816435 0.146745 0.026389 0.025260
0 0.811806 0.770443 0.054167 0.012240
0 0.216898 0.144141 0.021759 0.030469
0 0.686806 0.153255 0.017130 0.038281
0 0.332639 0.128516 0.068056 0.009635
0 0.806713 0.453776 0.016204 0.040365
0 0.310648 0.452734 0.014815 0.043490
0 0.429861 0.823568 0.068056 0.009115
0 0.790972 0.125651 0.068056 0.009115
0 0.101157 0.168880 0.021759 0.027865
0 0.628935 0.650651 0.049537 0.012240
0 0.721065 0.797786 0.057870 0.009635
0 0.531250 0.711849 0.057870 0.009635
0 0.326852 0.388021 0.019444 0.028646
0 0.970370 0.693620 0.056481 0.009635
0 0.991204 0.485026 0.014815 0.035156
0 0.131250 0.334245 0.054167 0.009635
0 0.927546 0.708984 0.054167 0.009115
0 0.218750 0.409505 0.053241 0.009115
0 0.659028 0.702734 0.017130 0.027865
0 0.509722 0.769141 0.047222 0.009635
0 0.404398 0.313411 0.044907 0.009635
0 0.612731 0.030599 0.026389 0.006510
0 0.767824 0.997656 0.021759 0.003125
0 0.665509 0.997656 0.020833 0.003125
