0 0.911343 0.302344 0.169907 0.055208
0 0.307176 0.293880 0.118981 0.038281
0 0.816435 0.464453 0.054167 0.066927
0 0.755093 0.409505 0.116667 0.029948
0 0.441435 0.567318 0.100463 0.033073
0 0.617361 0.327734 0.137500 0.022656
0 0.922454 0.614193 0.053241 0.048698
0 0.318287 0.505859 0.085648 0.029948
0 0.279398 0.536068 0.044907 0.053906
0 0.821065 0.170182 0.118981 0.020052
0 0.341898 0.529557 0.114352 0.020052
0 0.979630 0.629818 0.037963 0.059115
0 0.691435 0.645443 0.044907 0.048698
0 0.286343 0.112891 0.086574 0.025260
0 0.309028 0.136328 0.085648 0.025260
0 0.728472 0.154557 0.044907 0.046094
0 0.182176 0.349870 0.044907 0.046094
0 0.975000 0.741797 0.047222 0.043490
0 0.587269 0.702083 0.095833 0.021354
0 0.121991 0.205339 0.026389 0.074740
0 0.578009 0.862891 0.077315 0.025260
0 0.369676 0.224870 0.077315 0.025260
0 0.865741 0.181641 0.087963 0.022135
0 0.471991 0.467057 0.076389 0.025260
0 0.242361 0.864193 0.109722 0.017448
0 0.531713 0.378516 0.040278 0.046094
0 0.223843 0.135026 0.081944 0.022656
0 0.721528 0.573177 0.077315 0.023958
0 0.612731 0.191016 0.072685 0.025260
0 0.811806 0.230078 0.072685 0.025260
0 0.420602 0.632422 0.077315 0.022656
0 0.598843 0.841406 0.072685 0.023958
0 0.097685 0.300391 0.042593 0.040885
0 0.660185 0.103516 0.075000 0.022135
0 0.853472 0.608984 0.072685 0.022656
0 0.915972 0.201432 0.040278 0.040885
0 0.760417 0.144141 0.081019 0.020052
0 0.591898 0.164323 0.086574 0.018750
0 0.804398 0.608333 0.039352 0.039583
0 0.332639 0.424089 0.040278 0.038281
0 0.341898 0.384766 0.040278 0.037760
0 0.290509 0.473568 0.067130 0.022656
0 0.409028 0.857682 0.026389 0.056510
0 0.256250 0.904557 0.100463 0.014844
0 0.496991 0.782161 0.072685 0.020052
0 0.955324 0.792578 0.072685 0.020052
0 0.863889 0.426693 0.037963 0.038281
0 0.760880 0.193359 0.100463 0.014323
0 0.649769 0.882422 0.081944 0.017448
0 0.265509 0.287109 0.072685 0.019531
0 0.778935 0.218359 0.081019 0.017448
0 0.611111 0.619401 0.032407 0.043490
0 0.922917 0.703646 0.035648 0.039062
0 0.258565 0.161719 0.031019 0.044792
0 0.480787 0.586589 0.095833 0.014323
0 0.691435 0.202734 0.035648 0.038281
0 0.355787 0.442318 0.077315 0.017448
0 0.778935 0.403906 0.071759 0.018750
0 0.228009 0.202474 0.034722 0.037760
0 0.487731 0.152344 0.035648 0.036458
0 0.756250 0.345964 0.072685 0.017448
0 0.821065 0.567318 0.100463 0.012240
0 0.209954 0.887370 0.072685 0.016927
0 0.788657 0.855078 0.081944 0.014844
0 0.763194 0.257422 0.068056 0.017448
0 0.392824 0.110286 0.058796 0.020052
0 0.816435 0.741797 0.035648 0.033073
0 0.642824 0.822526 0.095833 0.012240
0 0.311806 0.278255 0.026389 0.043490
0 0.371991 0.189714 0.026389 0.043490
0 0.772454 0.185807 0.077315 0.014844
0 0.066435 0.713151 0.026389 0.043490
0 0.193750 0.743750 0.031019 0.036979
0 0.396991 0.420182 0.076389 0.014844
0 0.140509 0.872005 0.091204 0.012240
0 0.126157 0.845964 0.025463 0.043490
0 0.778935 0.314714 0.025463 0.043490
0 0.203009 0.360026 0.031019 0.035156
0 0.719213 0.896745 0.026389 0.040885
0 0.881250 0.305599 0.072685 0.014844
0 0.677546 0.776042 0.081944 0.013021
0 0.196065 0.279818 0.026389 0.040365
0 0.615046 0.677344 0.031019 0.034375
0 0.096528 0.517839 0.021759 0.048698
0 0.212269 0.220964 0.021759 0.048698
0 0.630093 0.579036 0.070370 0.014844
0 0.448380 0.817318 0.031019 0.033073
0 0.138194 0.502214 0.031019 0.033073
0 0.906713 0.153255 0.058796 0.017448
0 0.721528 0.101172 0.058796 0.017448
0 0.483102 0.435156 0.054167 0.018750
0 0.334954 0.832943 0.026389 0.038281
0 0.663657 0.338151 0.081944 0.012240
0 0.260880 0.210286 0.026389 0.037760
0 0.707639 0.430339 0.068056 0.014323
0 0.358102 0.767839 0.054167 0.017448
0 0.112731 0.357682 0.026389 0.035677
0 0.404398 0.407161 0.026389 0.035677
0 0.103472 0.258464 0.026389 0.035156
0 0.593750 0.495703 0.025463 0.035677
0 0.547454 0.541016 0.053241 0.016927
0 0.830324 0.103776 0.072685 0.012240
0 0.986574 0.269792 0.024074 0.036979
0 0.351157 0.477474 0.058796 0.014844
0 0.424769 0.544922 0.020833 0.040365
0 0.984259 0.569922 0.028704 0.027865
0 0.265509 0.581380 0.026389 0.029948
0 0.399769 0.143880 0.026389 0.029948
0 0.337269 0.566016 0.021759 0.035677
0 0.784028 0.898047 0.063426 0.012240
0 0.895139 0.103516 0.026389 0.027344
0 0.550231 0.129818 0.021759 0.033073
0 0.596528 0.112630 0.049537 0.014323
0 0.839120 0.877214 0.025463 0.027865
0 0.376157 0.813411 0.071759 0.009635
0 0.917593 0.500911 0.046296 0.014844
0 0.160880 0.488932 0.020833 0.032552
0 0.635880 0.352214 0.072685 0.009115
0 0.161343 0.224870 0.021759 0.030469
0 0.205324 0.176693 0.017130 0.038281
0 0.107639 0.406901 0.016204 0.040365
0 0.161343 0.403906 0.021759 0.029167
0 0.274769 0.612891 0.063426 0.009635
0 0.881250 0.685807 0.017130 0.035677
0 0.986574 0.868099 0.024074 0.025260
0 0.406713 0.168880 0.049537 0.012240
0 0.663657 0.893880 0.063426 0.009115
0 0.330324 0.714193 0.063426 0.009115
0 0.440972 0.743099 0.053241 0.009635
0 0.550231 0.187109 0.040278 0.012240
0 0.795602 0.286068 0.040278 0.012240
0 0.977315 0.150000 0.042593 0.010937
0 0.891204 0.144141 0.046296 0.009635
0 0.663657 0.569661 0.035648 0.011719
0 0.276620 0.405599 0.011574 0.032552
0 0.624306 0.167318 0.031019 0.009115
0 0.986574 0.336198 0.024074 0.008333
0 0.765509 0.996354 0.026389 0.005729
0 0.663194 0.997656 0.025463 0.003125
