0 0.538657 0.616797 0.230093 0.043490
0 0.209954 0.767578 0.072685 0.079427
0 0.094213 0.445573 0.063426 0.086458
0 0.133565 0.368750 0.049537 0.109896
0 0.865046 0.297526 0.123611 0.040365
0 0.598843 0.819922 0.109722 0.038281
0 0.811806 0.107682 0.063426 0.061719
0 0.101157 0.166276 0.058796 0.064323
0 0.198380 0.855078 0.049537 0.072135
0 0.165972 0.688411 0.058796 0.056510
0 0.920602 0.054297 0.049537 0.064323
0 0.339583 0.673438 0.054167 0.052604
0 0.515046 0.733984 0.099537 0.027865
0 0.897454 0.705339 0.049537 0.053906
0 0.575231 0.254818 0.034722 0.074740
0 0.274769 0.551693 0.100463 0.022656
0 0.446065 0.143880 0.091204 0.024740
0 0.834491 0.572526 0.043981 0.048698
0 0.561806 0.896484 0.137500 0.014323
0 0.691435 0.301693 0.118981 0.012240
0 0.830324 0.066016 0.035648 0.040885
0 0.358102 0.879818 0.081944 0.017448
0 0.963426 0.766536 0.070370 0.020052
0 0.145139 0.397396 0.026389 0.052604
0 0.951852 0.521745 0.093519 0.014844
0 0.196065 0.332943 0.109722 0.012240
0 0.265509 0.286068 0.026389 0.048698
0 0.986574 0.245052 0.024074 0.050000
0 0.713426 0.167578 0.079630 0.014844
0 0.726157 0.607682 0.031019 0.035677
0 0.804861 0.517839 0.021759 0.048698
0 0.988889 0.111589 0.019444 0.048698
0 0.119676 0.340755 0.021759 0.043490
0 0.487731 0.073828 0.063426 0.014844
0 0.415509 0.103776 0.076389 0.012240
0 0.744213 0.193620 0.094907 0.009635
0 0.226157 0.107682 0.058796 0.014844
0 0.878935 0.485286 0.021759 0.035677
0 0.339120 0.321224 0.025463 0.030469
0 0.547917 0.261068 0.017130 0.040365
0 0.442593 0.222266 0.065741 0.009635
