0 0.246991 0.538672 0.174537 0.048698
0 0.108102 0.982031 0.211574 0.034375
0 0.660185 0.447526 0.075000 0.085156
0 0.660185 0.629557 0.186111 0.032552
0 0.100694 0.473568 0.076389 0.069531
0 0.860417 0.499349 0.114352 0.037760
0 0.696065 0.302995 0.035648 0.092969
0 0.205324 0.714453 0.054167 0.056510
0 0.304861 0.163672 0.095833 0.027865
0 0.266667 0.510026 0.047222 0.053906
0 0.705324 0.511328 0.100463 0.025260
0 0.540972 0.151953 0.095833 0.025260
0 0.934491 0.896745 0.095833 0.025260
0 0.698380 0.385026 0.105093 0.022656
0 0.929861 0.498958 0.049537 0.047396
0 0.562963 0.348307 0.084259 0.027344
0 0.108102 0.382422 0.035648 0.064323
0 0.895139 0.601172 0.044907 0.048698
0 0.466435 0.400651 0.094907 0.022656
0 0.593750 0.427995 0.034722 0.061719
0 0.280556 0.343359 0.093519 0.022656
0 0.617361 0.597266 0.044907 0.046094
0 0.476157 0.465104 0.095833 0.021354
0 0.703009 0.602474 0.031019 0.061719
0 0.684491 0.188151 0.077315 0.024740
0 0.399769 0.392839 0.081944 0.022656
0 0.751620 0.274349 0.072685 0.025260
0 0.672917 0.451432 0.035648 0.051302
0 0.520139 0.628516 0.091204 0.020052
0 0.427083 0.552995 0.043981 0.040885
0 0.984259 0.146745 0.028704 0.061719
0 0.415972 0.528255 0.040278 0.043490
0 0.311806 0.585547 0.035648 0.048698
0 0.918287 0.174089 0.035648 0.048698
0 0.477315 0.427734 0.042593 0.040365
0 0.947917 0.158464 0.039352 0.043490
0 0.749306 0.780208 0.040278 0.042188
0 0.871528 0.187109 0.034722 0.048698
0 0.434491 0.273047 0.031019 0.053906
0 0.609954 0.764583 0.039352 0.042188
0 0.735417 0.227474 0.040278 0.040885
0 0.920602 0.868099 0.040278 0.040885
0 0.383102 0.177734 0.039352 0.040365
0 0.124306 0.279557 0.077315 0.020052
0 0.929861 0.788672 0.068056 0.022656
0 0.790972 0.809505 0.040278 0.038281
0 0.438657 0.722266 0.076389 0.020052
0 0.328009 0.100911 0.040278 0.037760
0 0.565972 0.387630 0.034722 0.043490
0 0.241898 0.309505 0.034722 0.043490
0 0.094213 0.662370 0.026389 0.056510
0 0.284028 0.124609 0.081944 0.017448
0 0.228472 0.197526 0.026389 0.053906
0 0.464120 0.146484 0.071759 0.019531
0 0.212269 0.342708 0.086574 0.016146
0 0.397454 0.472266 0.068056 0.020052
0 0.765046 0.505208 0.034722 0.039062
0 0.374306 0.791276 0.031019 0.043490
0 0.712269 0.115234 0.068056 0.019531
0 0.950694 0.412109 0.091204 0.014323
0 0.318750 0.692969 0.095833 0.013542
0 0.494213 0.584245 0.085648 0.014844
0 0.765509 0.792578 0.035648 0.035677
0 0.851157 0.573828 0.031019 0.040885
0 0.703009 0.318620 0.021759 0.056510
0 0.369676 0.437109 0.031019 0.038281
0 0.212269 0.097266 0.058796 0.020052
0 0.300231 0.145443 0.095833 0.012240
0 0.855787 0.286068 0.021759 0.053906
0 0.235417 0.670182 0.058796 0.020052
0 0.867361 0.825130 0.026389 0.043490
0 0.229167 0.382422 0.064815 0.017448
0 0.390509 0.668880 0.091204 0.012240
0 0.304398 0.663411 0.094907 0.011719
0 0.937963 0.432943 0.056481 0.019531
0 0.981944 0.478776 0.033333 0.033073
0 0.843750 0.856380 0.062500 0.017448
0 0.978472 0.579036 0.026389 0.040885
0 0.184491 0.327734 0.021759 0.048698
0 0.485417 0.332943 0.086574 0.012240
0 0.383565 0.554297 0.086574 0.012240
0 0.598843 0.534115 0.026389 0.039583
0 0.383102 0.707292 0.094907 0.010937
0 0.819907 0.717708 0.024074 0.042188
0 0.237731 0.760677 0.054167 0.018750
0 0.976157 0.672786 0.021759 0.046094
0 0.966898 0.110937 0.031019 0.031771
0 0.258565 0.741146 0.031019 0.031771
0 0.550231 0.537109 0.068056 0.014323
0 0.899306 0.707943 0.025463 0.038281
0 0.953009 0.132422 0.021759 0.043490
0 0.232639 0.480078 0.025463 0.035677
0 0.498148 0.128516 0.061111 0.014844
0 0.505787 0.287109 0.062500 0.014323
0 0.260880 0.700521 0.026389 0.033854
0 0.156713 0.430599 0.021759 0.040885
0 0.318750 0.526693 0.021759 0.040365
0 0.980324 0.765885 0.030093 0.029167
0 0.881250 0.775651 0.026389 0.033073
0 0.521991 0.769141 0.057870 0.014844
0 0.309028 0.724870 0.020833 0.040885
0 0.388194 0.605729 0.077315 0.010937
0 0.582639 0.889974 0.049537 0.016927
0 0.337269 0.747005 0.021759 0.038281
0 0.411343 0.504818 0.021759 0.038281
0 0.869676 0.637630 0.068056 0.012240
0 0.328009 0.135026 0.068056 0.012240
0 0.691435 0.271745 0.026389 0.030469
0 0.932176 0.105078 0.026389 0.030469
0 0.809491 0.264974 0.068056 0.011719
0 0.395139 0.427995 0.017130 0.046094
0 0.487269 0.758724 0.081019 0.009635
0 0.320602 0.461849 0.025463 0.030469
0 0.871528 0.472266 0.016204 0.046094
0 0.138194 0.157161 0.077315 0.009635
0 0.788657 0.140234 0.017130 0.043490
0 0.182176 0.788672 0.017130 0.043490
0 0.233102 0.358724 0.063426 0.011719
0 0.277083 0.637630 0.021759 0.033073
0 0.480787 0.302734 0.077315 0.009115
0 0.466435 0.606380 0.057870 0.012240
0 0.145139 0.370703 0.072685 0.009635
0 0.196065 0.566016 0.017130 0.040885
0 0.240509 0.399089 0.048611 0.014323
0 0.119676 0.249349 0.058796 0.011719
0 0.483102 0.110026 0.072685 0.009115
0 0.319907 0.184245 0.024074 0.027344
0 0.547454 0.745703 0.043981 0.014844
0 0.434028 0.594661 0.067130 0.009635
0 0.922917 0.673438 0.017130 0.036979
0 0.958796 0.464453 0.042593 0.014844
0 0.459491 0.742448 0.071759 0.008333
0 0.072917 0.293620 0.048611 0.011719
0 0.334954 0.210547 0.044907 0.012240
0 0.496991 0.480078 0.054167 0.009635
0 0.177546 0.874609 0.017130 0.027865
0 0.649769 0.335547 0.017130 0.027865
0 0.953009 0.401953 0.049537 0.009635
0 0.773611 0.844661 0.042593 0.009635
0 0.133565 0.987891 0.040278 0.009635
0 0.815972 0.335547 0.053241 0.007031
0 0.580324 0.559245 0.054167 0.006510
0 0.550231 0.433594 0.012500 0.026042
0 0.740046 0.996354 0.021759 0.005729
0 0.642824 0.997656 0.031019 0.003125
