0 0.790972 0.827734 0.114352 0.038281
0 0.050926 0.826432 0.041667 0.103385
0 0.925231 0.381120 0.049537 0.066927
0 0.174769 0.434505 0.141204 0.022656
0 0.839583 0.571224 0.054167 0.056510
0 0.346528 0.200130 0.095833 0.027865
0 0.064120 0.455339 0.049537 0.053906
0 0.337269 0.695964 0.086574 0.029948
0 0.100694 0.849870 0.048611 0.051302
0 0.293287 0.687109 0.109722 0.022656
0 0.517824 0.596354 0.086574 0.028646
0 0.579861 0.432552 0.099537 0.023958
0 0.799769 0.762630 0.085648 0.027865
0 0.091898 0.595964 0.040278 0.059115
0 0.441435 0.592057 0.044907 0.051302
0 0.846528 0.595964 0.040278 0.053906
0 0.670602 0.132422 0.040278 0.053906
0 0.640509 0.495703 0.081944 0.025260
0 0.186806 0.369401 0.091204 0.022656
0 0.892824 0.133724 0.040278 0.051302
0 0.329861 0.386328 0.081019 0.025260
0 0.121528 0.887630 0.090278 0.022656
0 0.619213 0.816016 0.076389 0.025260
0 0.212269 0.227474 0.095833 0.020052
0 0.293287 0.627214 0.109722 0.017448
0 0.212269 0.524740 0.040278 0.046875
0 0.825694 0.714453 0.072685 0.025260
0 0.325694 0.193620 0.072685 0.025260
0 0.376620 0.180599 0.072685 0.025260
0 0.432176 0.401953 0.072685 0.025260
0 0.625463 0.408464 0.079630 0.022656
0 0.318750 0.843359 0.077315 0.022656
0 0.073380 0.392839 0.040278 0.043490
0 0.871991 0.408464 0.035648 0.048698
0 0.186806 0.119401 0.035648 0.048698
0 0.584491 0.532813 0.081019 0.021354
0 0.290509 0.400651 0.076389 0.022656
0 0.646991 0.153255 0.076389 0.022656
0 0.896991 0.651953 0.030093 0.056510
0 0.550231 0.416276 0.031019 0.053906
0 0.746991 0.696224 0.035648 0.046094
0 0.621991 0.685807 0.081944 0.020052
0 0.038657 0.737891 0.035648 0.046094
0 0.530556 0.898047 0.093519 0.017448
0 0.828009 0.350911 0.095833 0.016927
0 0.167130 0.776953 0.079630 0.020052
0 0.538657 0.140234 0.091204 0.017448
0 0.589120 0.146745 0.025463 0.061719
0 0.846528 0.641536 0.077315 0.020052
0 0.388194 0.502214 0.068056 0.022656
0 0.874306 0.489193 0.040278 0.038281
0 0.661343 0.463151 0.040278 0.038281
0 0.461806 0.694922 0.067130 0.022656
0 0.642824 0.898047 0.086574 0.017448
0 0.223843 0.789974 0.100463 0.014844
0 0.161343 0.743750 0.040278 0.036979
0 0.450694 0.110286 0.072685 0.020052
0 0.121528 0.292578 0.071759 0.020052
0 0.228472 0.812109 0.081944 0.017448
0 0.790972 0.163672 0.021759 0.064323
0 0.302546 0.897786 0.063426 0.022135
0 0.364352 0.745703 0.069444 0.020052
0 0.422222 0.467057 0.069444 0.020052
0 0.470370 0.623307 0.037963 0.035677
0 0.711806 0.400000 0.030093 0.044792
0 0.580324 0.764974 0.035648 0.037760
0 0.531250 0.351172 0.076389 0.017448
0 0.169444 0.392839 0.107407 0.012240
0 0.633565 0.182552 0.095833 0.013542
0 0.160880 0.499349 0.030093 0.042969
0 0.911343 0.162370 0.086574 0.014844
0 0.821065 0.451432 0.035648 0.035677
0 0.159028 0.451432 0.063426 0.020052
0 0.330324 0.705339 0.072685 0.017448
0 0.740046 0.138932 0.031019 0.040885
0 0.478009 0.671484 0.071759 0.017448
0 0.534028 0.729818 0.035648 0.035156
0 0.515509 0.511328 0.026389 0.046094
0 0.612731 0.608724 0.100463 0.011719
0 0.545602 0.569922 0.095833 0.012240
0 0.057176 0.517839 0.035648 0.033073
0 0.265509 0.479818 0.081944 0.014323
0 0.453009 0.645182 0.068056 0.016927
0 0.538657 0.648047 0.026389 0.043490
0 0.212269 0.743099 0.077315 0.014844
0 0.374306 0.217057 0.077315 0.014844
0 0.266204 0.653255 0.092593 0.012240
0 0.441435 0.791276 0.063426 0.017448
0 0.409722 0.164974 0.074074 0.014844
0 0.575694 0.808203 0.072685 0.014844
0 0.529398 0.396745 0.026389 0.040885
0 0.294444 0.714453 0.070370 0.014844
0 0.925231 0.562109 0.031019 0.033073
0 0.582639 0.358984 0.031019 0.033073
0 0.776620 0.668880 0.020833 0.048698
0 0.251620 0.507422 0.026389 0.038281
0 0.490046 0.334245 0.068056 0.014844
0 0.496991 0.416276 0.026389 0.038281
0 0.647454 0.100911 0.031019 0.032552
0 0.353472 0.153255 0.081944 0.012240
0 0.170602 0.903255 0.077315 0.012240
0 0.302546 0.758724 0.026389 0.035677
0 0.918287 0.698828 0.026389 0.035677
0 0.323380 0.172526 0.031019 0.029948
0 0.524306 0.498307 0.025463 0.035677
0 0.091898 0.524349 0.021759 0.040885
0 0.797917 0.473568 0.026389 0.033073
0 0.126620 0.499609 0.026389 0.033073
0 0.469213 0.992448 0.063426 0.013542
0 0.822917 0.579036 0.020833 0.040885
0 0.425231 0.431901 0.021759 0.038281
0 0.527083 0.822526 0.021759 0.038281
0 0.962269 0.353516 0.021759 0.037760
0 0.273148 0.603516 0.069444 0.011719
0 0.427546 0.300391 0.026389 0.030469
0 0.848843 0.313411 0.026389 0.030469
0 0.707176 0.200130 0.020833 0.038281
0 0.207639 0.385677 0.058796 0.013542
0 0.263194 0.766536 0.021759 0.035677
0 0.922917 0.127214 0.063426 0.012240
0 0.763194 0.797526 0.021759 0.035156
0 0.737269 0.599609 0.053241 0.014323
0 0.786343 0.336849 0.077315 0.009635
0 0.689120 0.205990 0.021759 0.034375
0 0.711806 0.367839 0.020833 0.035156
0 0.754630 0.526693 0.050926 0.014323
0 0.522454 0.747005 0.058796 0.012240
0 0.388194 0.825130 0.021759 0.033073
0 0.503935 0.168229 0.021759 0.031771
0 0.832176 0.835547 0.020833 0.033073
0 0.170139 0.840495 0.020833 0.032552
0 0.557176 0.671484 0.054167 0.012240
0 0.108102 0.137630 0.054167 0.012240
0 0.818750 0.737891 0.021759 0.030469
0 0.885880 0.575130 0.017130 0.038281
0 0.464120 0.133724 0.043981 0.014844
0 0.686343 0.437760 0.016204 0.039583
0 0.932176 0.472917 0.017130 0.036979
0 0.973843 0.410807 0.017130 0.032552
0 0.538657 0.460547 0.044907 0.012240
0 0.895139 0.740495 0.017130 0.030469
0 0.751620 0.584245 0.017130 0.030469
0 0.384722 0.672526 0.056481 0.009115
0 0.471528 0.818620 0.012500 0.040885
0 0.568750 0.334245 0.049537 0.009635
0 0.642361 0.128516 0.048611 0.009635
0 0.510880 0.788672 0.017130 0.022656
0 0.591435 0.090755 0.048611 0.007031
0 0.774769 0.753516 0.017130 0.020052
0 0.179861 0.515885 0.012500 0.023958
0 0.561806 0.041016 0.026389 0.006510
