0 0.221528 0.794271 0.160648 0.054688
0 0.256250 0.707943 0.072685 0.100781
0 0.334954 0.390234 0.118981 0.038281
0 0.420602 0.844401 0.049537 0.087240
0 0.922222 0.019792 0.152778 0.026562
0 0.512731 0.580078 0.104167 0.032552
0 0.221528 0.589193 0.049537 0.066406
0 0.631250 0.382161 0.100463 0.032552
0 0.631250 0.592057 0.044907 0.066927
0 0.290972 0.853776 0.049537 0.059115
0 0.798611 0.302995 0.092593 0.030469
0 0.598843 0.284766 0.044907 0.061719
0 0.190972 0.902604 0.127315 0.021354
0 0.371528 0.444271 0.099537 0.026562
0 0.538657 0.520443 0.044907 0.053906
0 0.128935 0.878516 0.095833 0.025260
0 0.300231 0.773047 0.105093 0.022656
0 0.561806 0.368099 0.091204 0.025260
0 0.334954 0.901953 0.091204 0.025260
0 0.934491 0.321224 0.049537 0.046094
0 0.709954 0.385677 0.044907 0.050000
0 0.922917 0.811849 0.081944 0.027344
0 0.406713 0.741797 0.040278 0.053906
0 0.091898 0.129818 0.040278 0.053906
0 0.650926 0.767839 0.093519 0.022656
0 0.517824 0.842057 0.105093 0.020052
0 0.531713 0.654557 0.040278 0.051302
0 0.856944 0.829036 0.042593 0.046094
0 0.925231 0.369401 0.086574 0.022656
0 0.723843 0.306641 0.044907 0.042969
0 0.020139 0.853776 0.035648 0.053906
0 0.672454 0.356120 0.034722 0.053385
0 0.459954 0.454036 0.035648 0.051302
0 0.862731 0.705339 0.035648 0.048698
0 0.513194 0.551432 0.077315 0.022135
0 0.797917 0.812109 0.026389 0.064323
0 0.344213 0.223568 0.035648 0.043490
0 0.823380 0.624609 0.040278 0.038281
0 0.698380 0.577734 0.068056 0.022656
0 0.776620 0.666276 0.067130 0.022656
0 0.855787 0.634766 0.040278 0.037760
0 0.865046 0.236589 0.031019 0.048698
0 0.859954 0.887630 0.039352 0.038281
0 0.586806 0.778255 0.085648 0.017448
0 0.517824 0.733724 0.031019 0.048177
0 0.145139 0.584245 0.026389 0.056510
0 0.064120 0.891536 0.021759 0.066927
0 0.547917 0.704036 0.072685 0.020052
0 0.709954 0.675391 0.072685 0.020052
0 0.095370 0.861589 0.037963 0.038281
0 0.394676 0.795182 0.025463 0.056510
0 0.223843 0.851172 0.081944 0.017448
0 0.751620 0.533464 0.026389 0.053906
0 0.388194 0.427995 0.095833 0.014844
0 0.921759 0.417969 0.033333 0.041667
0 0.819444 0.379818 0.078704 0.017448
0 0.270139 0.637630 0.035648 0.038281
0 0.052546 0.132422 0.035648 0.038281
0 0.913657 0.736589 0.035648 0.038281
0 0.031713 0.608984 0.031019 0.043490
0 0.559028 0.800391 0.085648 0.014844
0 0.538657 0.477474 0.063426 0.020052
0 0.834954 0.916276 0.072685 0.017448
0 0.860417 0.656901 0.031019 0.040365
0 0.770139 0.591406 0.091204 0.013542
0 0.885880 0.538672 0.035648 0.033073
0 0.911343 0.120703 0.077315 0.014844
0 0.598843 0.681901 0.026389 0.043490
0 0.050231 0.621354 0.021759 0.052604
0 0.366898 0.661068 0.034722 0.033073
0 0.371528 0.611589 0.025463 0.043490
0 0.749306 0.708984 0.077315 0.014323
0 0.216898 0.531901 0.021759 0.050781
0 0.675231 0.680599 0.031019 0.035677
0 0.911343 0.646745 0.031019 0.035677
0 0.562500 0.639974 0.064815 0.016927
0 0.325694 0.717057 0.026389 0.040885
0 0.080324 0.623307 0.026389 0.040885
0 0.853472 0.263932 0.072685 0.014844
0 0.783565 0.566016 0.071759 0.014844
0 0.428241 0.340755 0.027778 0.038281
0 0.642824 0.796484 0.086574 0.012240
0 0.574537 0.141536 0.070370 0.014844
0 0.846528 0.741146 0.021759 0.047396
0 0.152083 0.215755 0.031019 0.033073
0 0.205324 0.116797 0.026389 0.038281
0 0.487731 0.814714 0.026389 0.038281
0 0.652083 0.837891 0.031019 0.032552
0 0.457639 0.381120 0.021759 0.046094
0 0.209954 0.470703 0.026389 0.037760
0 0.325694 0.783203 0.026389 0.037760
0 0.561806 0.605729 0.026389 0.036979
0 0.200231 0.564714 0.025463 0.038281
0 0.214120 0.161068 0.025463 0.038281
0 0.214583 0.758724 0.017130 0.056510
0 0.869213 0.464193 0.020833 0.045573
0 0.087269 0.559505 0.021759 0.043490
0 0.943750 0.726172 0.021759 0.043490
0 0.230787 0.473568 0.021759 0.043490
0 0.383565 0.619401 0.077315 0.012240
0 0.684491 0.614193 0.021759 0.043490
0 0.619676 0.335807 0.021759 0.042969
0 0.573380 0.728516 0.021759 0.042969
0 0.904398 0.869141 0.054167 0.016927
0 0.642361 0.515234 0.020833 0.043490
0 0.731481 0.097266 0.060185 0.014844
0 0.172917 0.543880 0.072685 0.012240
0 0.233102 0.416276 0.072685 0.012240
0 0.453009 0.493099 0.021759 0.040885
0 0.267824 0.521484 0.021759 0.040365
0 0.286343 0.235286 0.058796 0.014844
0 0.647454 0.107682 0.058796 0.014844
0 0.820602 0.551693 0.025463 0.033073
0 0.749306 0.752214 0.021759 0.038281
0 0.230787 0.515234 0.021759 0.038281
0 0.179398 0.140234 0.067130 0.012240
0 0.228009 0.147396 0.025463 0.031771
0 0.515509 0.912370 0.054167 0.014844
0 0.531713 0.176432 0.068056 0.011719
0 0.640046 0.483984 0.062500 0.012240
0 0.149769 0.707943 0.017130 0.043490
0 0.623148 0.301693 0.019444 0.038281
0 0.534028 0.817318 0.026389 0.027865
0 0.712269 0.825130 0.058796 0.012240
0 0.078009 0.825130 0.021759 0.033073
0 0.096528 0.507422 0.021759 0.033073
0 0.485417 0.700130 0.021759 0.033073
0 0.152083 0.154297 0.077315 0.009115
0 0.506250 0.605078 0.072685 0.009635
0 0.779398 0.425391 0.072685 0.009635
0 0.432176 0.516536 0.017130 0.040885
0 0.233102 0.368099 0.072685 0.009635
0 0.580324 0.433203 0.072685 0.009635
0 0.733102 0.725521 0.026389 0.026562
0 0.825694 0.790625 0.026389 0.026562
0 0.742361 0.654948 0.026389 0.026042
0 0.546296 0.430599 0.069444 0.009635
0 0.436806 0.599870 0.026389 0.025260
0 0.621991 0.701432 0.026389 0.025260
0 0.781713 0.537370 0.021759 0.030469
0 0.383565 0.724870 0.021759 0.030469
0 0.038657 0.358984 0.017130 0.038281
0 0.246991 0.374609 0.017130 0.038281
0 0.633565 0.923438 0.058796 0.010937
0 0.137731 0.829036 0.020833 0.030469
0 0.983102 0.170182 0.017130 0.035677
0 0.508565 0.775651 0.021759 0.027865
0 0.774306 0.217057 0.062500 0.009635
0 0.834954 0.711198 0.017130 0.034375
0 0.124306 0.108724 0.049537 0.011719
0 0.765509 0.637630 0.044907 0.012240
0 0.045602 0.208984 0.021759 0.024740
0 0.735417 0.563151 0.021759 0.024740
0 0.478472 0.735286 0.017130 0.030469
0 0.079861 0.467057 0.016204 0.030469
0 0.892824 0.325130 0.040278 0.012240
0 0.476157 0.892839 0.040278 0.012240
0 0.413194 0.559896 0.016204 0.028646
0 0.584491 0.302995 0.016204 0.025260
0 0.406713 0.446224 0.040278 0.009635
0 0.320602 0.638932 0.016204 0.020052
0 0.191435 0.163672 0.044907 0.007031
0 0.473380 0.996354 0.034722 0.005729
