0 0.531713 0.615495 0.225463 0.046094
0 0.909028 0.650000 0.063426 0.104688
0 0.709954 0.451432 0.054167 0.113802
0 0.832639 0.812109 0.132870 0.027865
0 0.582639 0.455339 0.105093 0.033073
0 0.774306 0.247005 0.053241 0.059115
0 0.862731 0.249609 0.054167 0.053906
0 0.760880 0.178646 0.091204 0.031771
0 0.209491 0.514974 0.043981 0.063802
0 0.177546 0.589453 0.035648 0.072135
0 0.821065 0.576172 0.128241 0.019531
0 0.152083 0.414974 0.031019 0.077344
0 0.341898 0.848568 0.132870 0.017448
0 0.520139 0.435807 0.109722 0.020052
0 0.696065 0.468359 0.026389 0.079948
0 0.450694 0.504818 0.118981 0.017448
0 0.839583 0.334245 0.044907 0.046094
0 0.909028 0.569922 0.035648 0.053906
0 0.691435 0.250911 0.072685 0.025260
0 0.890509 0.009115 0.091204 0.018229
0 0.633565 0.142578 0.095833 0.016927
0 0.108102 0.536068 0.026389 0.059115
0 0.117361 0.804297 0.026389 0.053906
0 0.719213 0.327474 0.081944 0.016927
0 0.258102 0.500911 0.020833 0.061719
0 0.920602 0.752214 0.021759 0.059115
0 0.797917 0.755469 0.026389 0.044792
0 0.235417 0.586849 0.021759 0.051302
0 0.809028 0.475260 0.030093 0.036458
0 0.800231 0.377214 0.021759 0.048698
0 0.860417 0.408464 0.077315 0.012240
0 0.756250 0.446224 0.063426 0.014844
0 0.851157 0.896484 0.095833 0.009115
0 0.965741 0.200130 0.065741 0.012240
0 0.968056 0.153255 0.061111 0.012240
0 0.830324 0.086849 0.017130 0.035677
0 0.098843 0.993099 0.044907 0.009635
0 0.045602 0.678906 0.012500 0.023438
