0 0.036343 0.317318 0.068056 0.210156
0 0.100694 0.982031 0.196759 0.034375
0 0.193750 0.786068 0.169907 0.038281
0 0.939120 0.620703 0.068056 0.077344
0 0.619676 0.793880 0.068056 0.074740
0 0.487731 0.355078 0.165278 0.030469
0 0.691435 0.444271 0.118981 0.036979
0 0.488426 0.237240 0.148148 0.029167
0 0.829861 0.263932 0.062500 0.066927
0 0.890509 0.488932 0.109722 0.032552
0 0.665972 0.588151 0.105093 0.033073
0 0.531250 0.179948 0.141204 0.023958
0 0.909028 0.409766 0.091204 0.030469
0 0.635880 0.823828 0.054167 0.051302
0 0.844213 0.573828 0.054167 0.051302
0 0.553704 0.198177 0.093519 0.029167
0 0.205324 0.879818 0.118981 0.022656
0 0.559491 0.713151 0.114352 0.022656
0 0.943750 0.753776 0.049537 0.050781
0 0.520139 0.159505 0.100463 0.024740
0 0.719213 0.780599 0.044907 0.053385
0 0.770139 0.840104 0.044907 0.052604
0 0.480787 0.850911 0.040278 0.058594
0 0.255787 0.171224 0.081019 0.027344
0 0.476157 0.215755 0.095833 0.022656
0 0.534028 0.805599 0.081944 0.025260
0 0.892824 0.153255 0.031019 0.064323
0 0.140972 0.209245 0.099537 0.020052
0 0.483102 0.627865 0.081944 0.023958
0 0.790972 0.192318 0.040278 0.048698
0 0.314120 0.862891 0.077315 0.025260
0 0.341898 0.146745 0.077315 0.025260
0 0.499306 0.806641 0.040278 0.048177
0 0.660880 0.136328 0.076389 0.025260
0 0.246991 0.304297 0.109722 0.017448
0 0.434028 0.575130 0.039352 0.048698
0 0.679861 0.814714 0.031019 0.059115
0 0.696065 0.404557 0.072685 0.025260
0 0.413657 0.261328 0.044907 0.040885
0 0.145139 0.858724 0.081944 0.022135
0 0.913657 0.378255 0.072685 0.024740
0 0.621991 0.507422 0.100463 0.017448
0 0.235417 0.586849 0.086574 0.020052
0 0.591898 0.145182 0.040278 0.042969
0 0.848843 0.741536 0.035648 0.048177
0 0.253935 0.205078 0.077315 0.022135
0 0.744676 0.374609 0.031019 0.053906
0 0.929861 0.132422 0.031019 0.053906
0 0.633565 0.422786 0.040278 0.040885
0 0.105787 0.610286 0.040278 0.040885
0 0.219213 0.800391 0.081944 0.020052
0 0.723843 0.284766 0.026389 0.061719
0 0.562269 0.302995 0.081019 0.020052
0 0.112731 0.843359 0.091204 0.017448
0 0.693750 0.724870 0.105093 0.014844
0 0.341898 0.183203 0.105093 0.014844
0 0.191435 0.829688 0.072685 0.021354
0 0.816435 0.564714 0.035648 0.043490
0 0.624306 0.335547 0.040278 0.038281
0 0.939120 0.244401 0.068056 0.022656
0 0.749306 0.260026 0.040278 0.038281
0 0.878935 0.645443 0.040278 0.038281
0 0.522454 0.903255 0.068056 0.022656
0 0.128935 0.236589 0.031019 0.048698
0 0.633565 0.546484 0.031019 0.048698
0 0.091898 0.400651 0.031019 0.048698
0 0.525926 0.242839 0.075000 0.019531
0 0.381250 0.123307 0.072685 0.020052
0 0.302546 0.675391 0.072685 0.020052
0 0.691435 0.513932 0.072685 0.020052
0 0.049769 0.818620 0.030093 0.046094
0 0.523148 0.791276 0.078704 0.017448
0 0.177546 0.418880 0.035648 0.038281
0 0.631250 0.230078 0.026389 0.051302
0 0.126620 0.274349 0.026389 0.051302
0 0.395139 0.201432 0.091204 0.014844
0 0.397454 0.900651 0.077315 0.017448
0 0.543287 0.069922 0.109722 0.012240
0 0.117361 0.361328 0.026389 0.048177
0 0.830324 0.120703 0.063426 0.020052
0 0.807176 0.443620 0.035648 0.035677
0 0.233102 0.818620 0.063426 0.020052
0 0.538657 0.761328 0.063426 0.020052
0 0.366898 0.252214 0.071759 0.017448
0 0.689120 0.362630 0.031019 0.040365
0 0.353472 0.163411 0.072685 0.016927
0 0.921759 0.338151 0.070370 0.017448
0 0.218056 0.244401 0.070370 0.017448
0 0.904398 0.857682 0.081944 0.014844
0 0.538657 0.620703 0.081944 0.014844
0 0.748148 0.319271 0.028704 0.042188
0 0.947917 0.463802 0.030093 0.039583
0 0.832639 0.226172 0.021759 0.053906
0 0.476157 0.260026 0.095833 0.012240
0 0.453009 0.230078 0.077315 0.014844
0 0.647454 0.316016 0.077315 0.014844
0 0.947917 0.186849 0.030093 0.037760
0 0.686806 0.218359 0.091204 0.012240
0 0.765509 0.124609 0.091204 0.012240
0 0.689120 0.123047 0.077315 0.014323
0 0.957639 0.388932 0.031019 0.035677
0 0.593750 0.345703 0.025463 0.042969
0 0.158565 0.892839 0.062500 0.017448
0 0.140509 0.105078 0.072685 0.014844
0 0.182176 0.120703 0.072685 0.014844
0 0.453009 0.817318 0.021759 0.048698
0 0.436343 0.857682 0.025463 0.040885
0 0.454861 0.732682 0.025463 0.040885
0 0.624306 0.884375 0.021759 0.047396
0 0.179861 0.865495 0.068056 0.014844
0 0.351157 0.097266 0.068056 0.014844
0 0.171759 0.193359 0.070370 0.014323
0 0.804861 0.223307 0.031019 0.032552
0 0.073380 0.227474 0.021759 0.046094
0 0.860417 0.154557 0.021759 0.046094
0 0.506250 0.150651 0.081944 0.012240
0 0.252315 0.862891 0.064815 0.014844
0 0.716435 0.340104 0.030093 0.031771
0 0.624306 0.739193 0.021759 0.043490
0 0.809491 0.640234 0.077315 0.012240
0 0.591898 0.417578 0.077315 0.012240
0 0.948380 0.559505 0.021759 0.043490
0 0.763194 0.677995 0.031019 0.030469
0 0.825694 0.185807 0.026389 0.035677
0 0.413657 0.818620 0.026389 0.035677
0 0.248843 0.150651 0.076389 0.012240
0 0.811806 0.690755 0.026389 0.035156
0 0.718056 0.489193 0.051852 0.017448
0 0.175231 0.149349 0.021759 0.040885
0 0.476157 0.474870 0.021759 0.040885
0 0.549074 0.204036 0.028704 0.030469
0 0.927083 0.432292 0.025463 0.033854
0 0.455324 0.387370 0.072685 0.011719
0 0.568287 0.220964 0.030093 0.027865
0 0.855787 0.072526 0.021759 0.038281
0 0.346528 0.749609 0.021759 0.038281
0 0.517824 0.783464 0.068056 0.012240
0 0.572917 0.262630 0.067130 0.012240
0 0.739583 0.192057 0.030093 0.027344
0 0.841898 0.608333 0.021759 0.036979
0 0.143981 0.312109 0.024074 0.033073
0 0.454861 0.181901 0.016204 0.048698
0 0.588426 0.530599 0.024074 0.032552
0 0.777083 0.571224 0.021759 0.035677
0 0.288194 0.869401 0.062500 0.012240
0 0.922917 0.504557 0.063426 0.011719
0 0.910880 0.214453 0.020833 0.035677
0 0.920139 0.683203 0.020833 0.035677
0 0.080324 0.327734 0.026389 0.027865
0 0.473843 0.273047 0.026389 0.027865
0 0.299537 0.412109 0.078704 0.009115
0 0.661343 0.887630 0.058796 0.012240
0 0.638194 0.305339 0.077315 0.009115
0 0.825694 0.851172 0.054167 0.012240
0 0.568750 0.446224 0.021759 0.030469
0 0.774769 0.257422 0.017130 0.038281
0 0.084954 0.215755 0.017130 0.038281
0 0.934491 0.347266 0.068056 0.009635
0 0.890509 0.455078 0.054167 0.011719
0 0.047454 0.741536 0.016204 0.037760
0 0.811806 0.753516 0.017130 0.035677
0 0.862731 0.414974 0.017130 0.035677
0 0.773611 0.349870 0.014815 0.040885
0 0.334491 0.271745 0.062500 0.009635
0 0.265509 0.638932 0.054167 0.009635
0 0.609954 0.404297 0.011574 0.040365
0 0.607639 0.291927 0.053241 0.008333
0 0.869676 0.441016 0.021759 0.020052
0 0.907870 0.318620 0.014815 0.020052
0 0.781250 0.654297 0.011574 0.024740
