0 0.738889 0.729818 0.121296 0.035156
0 0.765509 0.336849 0.054167 0.072135
0 0.358102 0.515234 0.109722 0.033073
0 0.661343 0.202734 0.058796 0.059115
0 0.165509 0.473568 0.122685 0.027865
0 0.126157 0.361589 0.043981 0.069531
0 0.637731 0.273047 0.039352 0.074740
0 0.603472 0.594661 0.091204 0.030469
0 0.149769 0.523047 0.118981 0.022656
0 0.124306 0.701432 0.105093 0.025260
0 0.825694 0.447786 0.044907 0.053385
0 0.121528 0.125260 0.099537 0.023958
0 0.198380 0.294922 0.095833 0.024740
0 0.193750 0.186849 0.086574 0.027344
0 0.432176 0.635026 0.044907 0.048698
0 0.359954 0.095964 0.122685 0.017448
0 0.929861 0.198568 0.105093 0.019531
0 0.568750 0.471354 0.112500 0.018229
0 0.763194 0.671484 0.040278 0.048698
0 0.325694 0.465755 0.044907 0.043490
0 0.589583 0.136328 0.026389 0.072135
0 0.830324 0.395443 0.081944 0.022656
0 0.272454 0.404557 0.040278 0.046094
0 0.515509 0.333984 0.128241 0.014323
0 0.709954 0.493099 0.044907 0.040885
0 0.832176 0.703776 0.039352 0.045573
0 0.508565 0.395443 0.077315 0.022656
0 0.323380 0.590755 0.077315 0.022656
0 0.529398 0.388281 0.091204 0.018750
0 0.397454 0.642188 0.040278 0.042188
0 0.928704 0.655859 0.037963 0.043490
0 0.337269 0.560807 0.040278 0.040885
0 0.170602 0.215755 0.093981 0.017448
0 0.204861 0.252214 0.071759 0.022656
0 0.402083 0.820964 0.040278 0.040365
0 0.103472 0.586589 0.026389 0.061198
0 0.380093 0.607682 0.079630 0.020052
0 0.120370 0.883724 0.078704 0.020052
0 0.666667 0.161068 0.069444 0.022656
0 0.140509 0.585547 0.026389 0.059115
0 0.670602 0.461849 0.077315 0.020052
0 0.223843 0.569922 0.035648 0.043490
0 0.258565 0.510026 0.040278 0.038281
0 0.121991 0.831641 0.035648 0.040885
0 0.681019 0.124609 0.033333 0.043490
0 0.571528 0.378516 0.071759 0.020052
0 0.205324 0.460547 0.081944 0.017448
0 0.436806 0.348568 0.026389 0.053906
0 0.811806 0.557943 0.072685 0.019531
0 0.556019 0.355078 0.070370 0.020052
0 0.961111 0.015885 0.075000 0.018750
0 0.138194 0.727474 0.068056 0.020052
0 0.746991 0.599870 0.091204 0.014844
0 0.179861 0.538672 0.077315 0.017448
0 0.540509 0.526953 0.067130 0.020052
0 0.624306 0.193620 0.086574 0.014844
0 0.584954 0.642839 0.026389 0.048698
0 0.624769 0.409766 0.085648 0.014844
0 0.376620 0.691016 0.035648 0.035677
0 0.562963 0.417578 0.084259 0.014844
0 0.265046 0.649349 0.062500 0.020052
0 0.450694 0.544922 0.035648 0.035156
0 0.250463 0.787370 0.079630 0.014844
0 0.344213 0.364193 0.035648 0.033073
0 0.776620 0.468359 0.067130 0.017448
0 0.346065 0.385026 0.067130 0.017448
0 0.072917 0.382422 0.030093 0.038281
0 0.686806 0.536068 0.026389 0.043490
0 0.256250 0.687109 0.026389 0.043490
0 0.779398 0.265234 0.026389 0.043490
0 0.503935 0.141536 0.077315 0.014844
0 0.293287 0.611589 0.063426 0.017448
0 0.598380 0.562109 0.062500 0.017448
0 0.321065 0.123307 0.072685 0.014844
0 0.390509 0.539974 0.072685 0.014844
0 0.760417 0.524349 0.071759 0.014844
0 0.278935 0.560807 0.025463 0.040885
0 0.226157 0.629167 0.021759 0.047396
0 0.945602 0.539714 0.025463 0.040365
0 0.615046 0.489193 0.058796 0.017448
0 0.814120 0.202734 0.058796 0.017448
0 0.179861 0.872005 0.058796 0.017448
0 0.774769 0.502865 0.054167 0.018750
0 0.138657 0.512630 0.057870 0.017448
0 0.851620 0.325130 0.057870 0.017448
0 0.083796 0.117839 0.070370 0.014323
0 0.572917 0.715755 0.057870 0.017448
0 0.163194 0.653255 0.025463 0.038281
0 0.499306 0.225521 0.058796 0.016146
0 0.795602 0.586849 0.031019 0.030469
0 0.547917 0.120703 0.063426 0.014844
0 0.471065 0.676693 0.076389 0.012240
0 0.720370 0.416016 0.028704 0.032552
0 0.204861 0.561198 0.025463 0.036458
0 0.471528 0.992448 0.068056 0.013542
0 0.184028 0.166016 0.076389 0.011719
0 0.591898 0.521745 0.021759 0.040885
0 0.795602 0.451432 0.021759 0.040885
0 0.626157 0.153255 0.016204 0.053906
0 0.037500 0.632161 0.051852 0.016927
0 0.245833 0.895443 0.070370 0.012240
0 0.043287 0.585547 0.017130 0.048698
0 0.034028 0.662370 0.017130 0.046094
0 0.403935 0.115495 0.053241 0.014844
0 0.175231 0.571224 0.021759 0.035677
0 0.378935 0.576432 0.021759 0.035677
0 0.881250 0.211589 0.081944 0.009115
0 0.652083 0.641536 0.077315 0.009635
0 0.307870 0.400000 0.046296 0.016146
0 0.734954 0.693620 0.020833 0.035677
0 0.061806 0.418620 0.026389 0.027344
0 0.355787 0.136068 0.077315 0.009115
0 0.510880 0.620703 0.017130 0.040885
0 0.941435 0.219661 0.072685 0.009635
0 0.719213 0.532161 0.017130 0.040885
0 0.897454 0.231120 0.058796 0.011719
0 0.126620 0.550781 0.026389 0.026042
0 0.301389 0.149349 0.070370 0.009635
0 0.208796 0.662370 0.070370 0.009635
0 0.551389 0.335547 0.051852 0.012240
0 0.308333 0.168880 0.051852 0.012240
0 0.784028 0.430599 0.017130 0.035677
0 0.779398 0.403906 0.072685 0.008333
0 0.716898 0.132422 0.049537 0.012240
0 0.837269 0.460547 0.021759 0.027865
0 0.483102 0.558203 0.017130 0.030469
0 0.821065 0.099870 0.054167 0.009635
0 0.626620 0.672786 0.054167 0.009635
0 0.786343 0.685547 0.012500 0.040365
0 0.286343 0.082943 0.040278 0.012240
0 0.061806 0.476172 0.017130 0.027865
0 0.573380 0.195573 0.021759 0.021354
0 0.409028 0.580339 0.035648 0.012240
0 0.142824 0.171224 0.058796 0.006510
0 0.031250 0.418880 0.011574 0.027865
0 0.561806 0.041016 0.026389 0.006510
