0 0.596528 0.439714 0.077315 0.079948
0 0.860417 0.381120 0.058796 0.098177
0 0.341898 0.158464 0.049537 0.116406
0 0.844213 0.170182 0.146759 0.030469
0 0.897454 0.380078 0.058796 0.074219
0 0.708796 0.220312 0.107407 0.036979
0 0.447917 0.116797 0.141204 0.027865
0 0.753935 0.900651 0.169907 0.022656
0 0.186806 0.885026 0.109722 0.033073
0 0.110417 0.874609 0.123611 0.027865
0 0.341435 0.496354 0.057870 0.057813
0 0.485417 0.158464 0.058796 0.053906
0 0.388194 0.749609 0.105093 0.027865
0 0.228472 0.585547 0.054167 0.053906
0 0.793287 0.348568 0.044907 0.064323
0 0.193750 0.378516 0.049537 0.056510
0 0.270139 0.618099 0.109722 0.025260
0 0.617361 0.695573 0.054167 0.050000
0 0.461111 0.906510 0.112037 0.023958
0 0.848843 0.349870 0.044907 0.056510
0 0.375463 0.348568 0.088889 0.027865
0 0.441435 0.676693 0.044907 0.053906
0 0.559491 0.876953 0.049537 0.048177
0 0.325231 0.520443 0.043981 0.053906
0 0.899306 0.786068 0.043981 0.053906
0 0.459954 0.120703 0.044907 0.051302
0 0.341898 0.123307 0.049537 0.046094
0 0.443750 0.180599 0.040278 0.056510
0 0.272454 0.674740 0.114352 0.018750
0 0.429398 0.226172 0.113426 0.017448
0 0.890509 0.286068 0.026389 0.074740
0 0.450694 0.747656 0.081944 0.023958
0 0.814120 0.142839 0.040278 0.048698
0 0.077546 0.736589 0.085648 0.022656
0 0.650926 0.495703 0.075000 0.025260
0 0.453009 0.816016 0.040278 0.046094
0 0.868519 0.663672 0.037963 0.048698
0 0.399769 0.435807 0.044907 0.040885
0 0.515046 0.553385 0.043981 0.041667
0 0.899769 0.857943 0.035648 0.050781
0 0.256250 0.650651 0.100463 0.017448
0 0.506250 0.372005 0.100463 0.017448
0 0.411343 0.718359 0.077315 0.022656
0 0.415972 0.612891 0.086574 0.020052
0 0.314120 0.329688 0.040278 0.042188
0 0.391667 0.314714 0.075000 0.022656
0 0.351157 0.714844 0.040278 0.041667
0 0.407870 0.883073 0.088889 0.018750
0 0.589583 0.637630 0.072685 0.022656
0 0.441435 0.549089 0.072685 0.022656
0 0.138194 0.550391 0.040278 0.040885
0 0.145139 0.676693 0.091204 0.017448
0 0.790972 0.198828 0.105093 0.014844
0 0.581481 0.569922 0.028704 0.053906
0 0.675231 0.093359 0.068056 0.022656
0 0.572917 0.595964 0.039352 0.038281
0 0.214583 0.898438 0.081944 0.018229
0 0.418981 0.498307 0.074074 0.020052
0 0.509722 0.645443 0.084259 0.017448
0 0.080324 0.641536 0.072685 0.020052
0 0.784028 0.213151 0.081944 0.017448
0 0.344213 0.189714 0.026389 0.053906
0 0.110417 0.428646 0.031019 0.044792
0 0.424074 0.334245 0.037963 0.035677
0 0.755093 0.769141 0.088889 0.014844
0 0.371991 0.717057 0.035648 0.035677
0 0.284028 0.827734 0.072685 0.017448
0 0.263194 0.779297 0.031019 0.040365
0 0.242361 0.216797 0.063426 0.019531
0 0.207639 0.477474 0.021759 0.056510
0 0.772454 0.170182 0.021759 0.056510
0 0.737731 0.704036 0.035648 0.034635
0 0.510880 0.829036 0.026389 0.046094
0 0.797917 0.522005 0.026389 0.045573
0 0.792130 0.570964 0.061111 0.019531
0 0.718056 0.495703 0.033333 0.035677
0 0.360417 0.299089 0.068056 0.017448
0 0.828009 0.671484 0.031019 0.038281
0 0.358102 0.859635 0.026389 0.044792
0 0.870833 0.149349 0.079630 0.014844
0 0.573380 0.844661 0.058796 0.020052
0 0.540972 0.450130 0.021759 0.053906
0 0.929861 0.756120 0.058796 0.020052
0 0.878935 0.403255 0.021759 0.053906
0 0.551389 0.538672 0.024074 0.048698
0 0.376620 0.765234 0.026389 0.043490
0 0.351157 0.394141 0.077315 0.014844
0 0.695602 0.770443 0.034722 0.033073
0 0.160880 0.283203 0.030093 0.037760
0 0.128472 0.845964 0.020833 0.053906
0 0.182176 0.626563 0.026389 0.042188
0 0.462269 0.844401 0.077315 0.014323
0 0.561806 0.614193 0.063426 0.017448
0 0.478472 0.525651 0.063426 0.017448
0 0.172917 0.180599 0.026389 0.040885
0 0.922917 0.711589 0.026389 0.040365
0 0.825694 0.693880 0.026389 0.040365
0 0.638194 0.676693 0.021759 0.048698
0 0.702546 0.492448 0.020833 0.050000
0 0.911343 0.905859 0.031019 0.033073
0 0.290972 0.838151 0.058796 0.017448
0 0.719213 0.607682 0.026389 0.038281
0 0.851157 0.857682 0.021759 0.046094
0 0.516667 0.661068 0.079630 0.012240
0 0.638194 0.820964 0.068056 0.014323
0 0.573380 0.715755 0.021759 0.043490
0 0.758565 0.789974 0.031019 0.030469
0 0.084954 0.102474 0.063426 0.014844
0 0.064120 0.620703 0.021759 0.040885
0 0.168287 0.684505 0.072685 0.012240
0 0.749306 0.664714 0.021759 0.040365
0 0.885880 0.871354 0.017130 0.050000
0 0.839120 0.122005 0.025463 0.033073
0 0.774306 0.831641 0.016204 0.051302
0 0.515046 0.206641 0.016204 0.051302
0 0.153935 0.610286 0.016204 0.051302
0 0.582639 0.861328 0.049537 0.016927
0 0.276620 0.460547 0.067130 0.012240
0 0.552546 0.120703 0.054167 0.014844
0 0.471528 0.992448 0.058796 0.013542
0 0.320602 0.571224 0.053241 0.014844
0 0.809491 0.472005 0.021759 0.035156
0 0.638194 0.917578 0.077315 0.009635
0 0.256250 0.338151 0.017130 0.043490
0 0.811806 0.254818 0.017130 0.043490
0 0.480787 0.626563 0.068056 0.010937
0 0.341435 0.680599 0.020833 0.035677
0 0.454861 0.466406 0.025463 0.029167
0 0.986574 0.839453 0.024074 0.030469
0 0.615046 0.671484 0.021759 0.033073
0 0.800231 0.728776 0.058796 0.012240
0 0.448380 0.587891 0.021759 0.032552
0 0.945602 0.720964 0.016204 0.043490
0 0.297917 0.558203 0.072685 0.009635
0 0.172917 0.092057 0.072685 0.009635
0 0.244213 0.860026 0.076389 0.009115
0 0.405556 0.258464 0.075000 0.009115
0 0.811806 0.647656 0.017130 0.039062
0 0.534028 0.695964 0.072685 0.009115
0 0.422454 0.789974 0.016204 0.040885
0 0.834954 0.839453 0.044907 0.014844
0 0.341898 0.321224 0.021759 0.030469
0 0.811806 0.093359 0.017130 0.038281
0 0.328009 0.360286 0.068056 0.009635
0 0.756250 0.376563 0.017130 0.036979
0 0.869676 0.083333 0.021759 0.028646
0 0.855787 0.138281 0.040278 0.013542
0 0.501620 0.342057 0.017130 0.030469
0 0.638194 0.159766 0.049537 0.009635
0 0.369676 0.896745 0.049537 0.009635
0 0.376620 0.371745 0.017130 0.027344
0 0.177546 0.111589 0.063426 0.007031
0 0.742361 0.136328 0.044907 0.009635
0 0.397454 0.175391 0.012500 0.030469
0 0.976157 0.191016 0.012500 0.030469
0 0.344213 0.727474 0.035648 0.009635
0 0.561806 0.041016 0.026389 0.006510
