0 0.284028 0.697526 0.081944 0.074740
0 0.578009 0.770443 0.132870 0.043490
0 0.260880 0.154297 0.072685 0.076823
0 0.847685 0.739193 0.070370 0.064323
0 0.096065 0.131120 0.141204 0.030469
0 0.135880 0.279557 0.109722 0.035677
0 0.811806 0.435156 0.044907 0.081250
0 0.503935 0.558854 0.040278 0.083854
0 0.302546 0.422786 0.128241 0.025260
0 0.221528 0.502214 0.049537 0.064323
0 0.221528 0.215755 0.058796 0.053906
0 0.325694 0.329036 0.118981 0.025260
0 0.573380 0.816016 0.114352 0.025260
0 0.920602 0.885026 0.123611 0.022656
0 0.714583 0.829036 0.091204 0.030469
0 0.561806 0.237891 0.100463 0.025260
0 0.617361 0.196224 0.026389 0.087760
0 0.074537 0.254167 0.107407 0.021354
0 0.552546 0.858984 0.081944 0.027865
0 0.767824 0.706641 0.049537 0.046094
0 0.608102 0.294922 0.091204 0.024740
0 0.881250 0.197266 0.081944 0.027344
0 0.154398 0.488932 0.035648 0.058594
0 0.302546 0.711849 0.044907 0.046094
0 0.550231 0.198828 0.040278 0.051302
0 0.696065 0.172786 0.100463 0.020052
0 0.267824 0.486589 0.040278 0.048698
0 0.869676 0.257422 0.040278 0.048698
0 0.867361 0.700130 0.109722 0.017448
0 0.330324 0.521484 0.026389 0.071615
0 0.105787 0.839453 0.040278 0.046094
0 0.788194 0.376953 0.034722 0.053385
0 0.877778 0.739193 0.037963 0.048698
0 0.499306 0.174089 0.031019 0.059115
0 0.807176 0.097266 0.072685 0.025260
0 0.677546 0.784766 0.044907 0.040885
0 0.802546 0.519141 0.035648 0.051302
0 0.866204 0.671484 0.079630 0.022656
0 0.328009 0.742188 0.095833 0.018229
0 0.182176 0.752214 0.035648 0.048698
0 0.351157 0.118099 0.040278 0.040885
0 0.501620 0.253516 0.081944 0.020052
0 0.574537 0.340755 0.033333 0.048698
0 0.233102 0.257422 0.091204 0.017448
0 0.742361 0.306901 0.091204 0.017448
0 0.770139 0.582943 0.091204 0.017448
0 0.323380 0.256120 0.105093 0.014844
0 0.267824 0.891536 0.077315 0.020052
0 0.453009 0.472266 0.077315 0.020052
0 0.378935 0.661068 0.068056 0.022656
0 0.424769 0.881120 0.076389 0.020052
0 0.855787 0.148047 0.031019 0.048698
0 0.189120 0.187109 0.031019 0.048698
0 0.829861 0.615495 0.099537 0.014844
0 0.901620 0.830339 0.030093 0.048698
0 0.094213 0.344401 0.100463 0.014323
0 0.709491 0.204036 0.071759 0.020052
0 0.325694 0.845964 0.081944 0.017448
0 0.564120 0.443620 0.031019 0.046094
0 0.550231 0.144141 0.095833 0.014844
0 0.311806 0.862630 0.072685 0.019531
0 0.737731 0.779557 0.091204 0.014844
0 0.152083 0.659766 0.021759 0.061719
0 0.512037 0.547786 0.028704 0.046094
0 0.807176 0.720052 0.035648 0.036458
0 0.922917 0.345964 0.026389 0.048698
0 0.719213 0.374609 0.026389 0.048698
0 0.284028 0.914974 0.063426 0.020052
0 0.904398 0.864193 0.072685 0.017448
0 0.550231 0.352474 0.031019 0.040885
0 0.395139 0.916276 0.072685 0.017448
0 0.767824 0.378516 0.021759 0.056510
0 0.582176 0.558203 0.030093 0.040885
0 0.480324 0.888672 0.085648 0.014323
0 0.543287 0.111979 0.035648 0.033854
0 0.811806 0.349219 0.063426 0.018750
0 0.693750 0.840755 0.068056 0.017448
0 0.230787 0.515234 0.031019 0.038281
0 0.568750 0.826432 0.058796 0.020052
0 0.797917 0.194922 0.035648 0.033073
0 0.186806 0.619401 0.026389 0.043490
0 0.406713 0.131120 0.077315 0.014844
0 0.620833 0.914714 0.079630 0.014323
0 0.362731 0.692057 0.026389 0.042969
0 0.323380 0.685547 0.021759 0.050781
0 0.297917 0.325130 0.063426 0.017448
0 0.314120 0.480339 0.031019 0.035156
0 0.682176 0.852474 0.072685 0.014844
0 0.339583 0.602214 0.026389 0.040365
0 0.883565 0.429297 0.086574 0.012240
0 0.184491 0.726172 0.086574 0.012240
0 0.082639 0.785807 0.021759 0.048177
0 0.347222 0.332943 0.060185 0.017448
0 0.683333 0.650391 0.019444 0.053385
0 0.524306 0.493099 0.025463 0.040885
0 0.832639 0.470964 0.058796 0.017448
0 0.496991 0.536068 0.026389 0.038281
0 0.448380 0.503516 0.021759 0.046094
0 0.119676 0.396745 0.021759 0.046094
0 0.059491 0.706641 0.021759 0.046094
0 0.809491 0.327083 0.031019 0.031771
0 0.274769 0.579036 0.100463 0.009635
0 0.883565 0.226172 0.021759 0.043490
0 0.256250 0.767839 0.054167 0.017448
0 0.395139 0.787370 0.063426 0.014844
0 0.952546 0.592057 0.030093 0.030469
0 0.455324 0.848568 0.072685 0.012240
0 0.078009 0.430599 0.058796 0.014844
0 0.191435 0.278255 0.026389 0.033073
0 0.841898 0.328385 0.021759 0.039583
0 0.165972 0.231380 0.021759 0.038281
0 0.545602 0.783464 0.068056 0.012240
0 0.208102 0.601172 0.067130 0.012240
0 0.672917 0.138932 0.017130 0.046094
0 0.159028 0.101172 0.063426 0.012240
0 0.763194 0.204036 0.021759 0.035677
0 0.409028 0.119401 0.063426 0.012240
0 0.323380 0.638932 0.021759 0.035677
0 0.089583 0.146094 0.091204 0.008333
0 0.450231 0.417578 0.016204 0.046094
0 0.719213 0.111589 0.017130 0.043490
0 0.031250 0.779557 0.020833 0.035677
0 0.936806 0.457943 0.026389 0.027865
0 0.369676 0.888932 0.049537 0.014844
0 0.639352 0.175391 0.024074 0.030469
0 0.140046 0.580339 0.016204 0.043490
0 0.941435 0.342057 0.017130 0.040885
0 0.751620 0.644141 0.017130 0.040885
0 0.848843 0.279297 0.017130 0.040365
0 0.228009 0.586849 0.071759 0.009635
0 0.096528 0.598307 0.058796 0.011719
0 0.654398 0.737240 0.017130 0.039583
0 0.297917 0.636328 0.026389 0.025260
0 0.874306 0.485286 0.021759 0.030469
0 0.829167 0.285807 0.014815 0.042969
0 0.302546 0.092057 0.063426 0.009635
0 0.964583 0.334245 0.017130 0.035677
0 0.909028 0.552995 0.063426 0.009635
0 0.226157 0.072526 0.021759 0.027865
0 0.365046 0.158464 0.049537 0.012240
0 0.823380 0.231380 0.021759 0.027865
0 0.465741 0.188151 0.065741 0.009115
0 0.853472 0.367448 0.017130 0.034375
0 0.367361 0.458594 0.017130 0.034375
0 0.557176 0.839193 0.063426 0.009115
0 0.936806 0.658464 0.017130 0.033073
0 0.659028 0.357682 0.017130 0.030469
0 0.913194 0.240495 0.053241 0.009635
0 0.844213 0.229427 0.017130 0.029167
0 0.621991 0.525651 0.017130 0.027865
0 0.318287 0.405859 0.020833 0.022656
0 0.744213 0.123047 0.048611 0.009115
0 0.246528 0.542578 0.043981 0.009635
0 0.527083 0.106380 0.012500 0.027865
0 0.654398 0.823828 0.035648 0.009635
0 0.150926 0.996354 0.047222 0.005729
0 0.198380 0.003516 0.031019 0.004427
