0 0.889352 0.025651 0.218519 0.043490
0 0.106944 0.019792 0.209259 0.036979
0 0.365046 0.358984 0.058796 0.074740
0 0.462269 0.517839 0.058796 0.074740
0 0.460648 0.682552 0.064815 0.060417
0 0.487731 0.131120 0.109722 0.035677
0 0.626620 0.266536 0.109722 0.035677
0 0.244676 0.250911 0.123611 0.030469
0 0.101157 0.367839 0.058796 0.061198
0 0.834491 0.636328 0.062500 0.056510
0 0.135880 0.810807 0.044907 0.077344
0 0.476157 0.569922 0.058796 0.053906
0 0.723843 0.411458 0.109722 0.028646
0 0.384722 0.516276 0.051852 0.055990
0 0.832639 0.847266 0.049537 0.056510
0 0.186806 0.757422 0.100463 0.027865
0 0.052546 0.593099 0.044907 0.058594
0 0.665509 0.192969 0.104167 0.023958
0 0.373843 0.430599 0.048611 0.051302
0 0.152083 0.515234 0.049537 0.048698
0 0.453009 0.700130 0.040278 0.059115
0 0.807176 0.541276 0.081944 0.027865
0 0.317593 0.180990 0.047222 0.046875
0 0.822222 0.683203 0.084259 0.025260
0 0.362731 0.599870 0.081944 0.025260
0 0.874306 0.866797 0.031019 0.064323
0 0.270139 0.827734 0.044907 0.043490
0 0.087269 0.494141 0.040278 0.048177
0 0.172917 0.523047 0.035648 0.053906
0 0.924769 0.296484 0.039352 0.048698
0 0.360417 0.539714 0.077315 0.024740
0 0.325231 0.478776 0.043981 0.043490
0 0.075694 0.679948 0.100463 0.018750
0 0.283565 0.791276 0.034722 0.053906
0 0.663194 0.760026 0.081019 0.022656
0 0.802546 0.305599 0.072685 0.025260
0 0.848843 0.500911 0.044907 0.040885
0 0.821065 0.886328 0.091204 0.020052
0 0.617361 0.647786 0.081944 0.022135
0 0.746991 0.776693 0.072685 0.024740
0 0.284028 0.345313 0.109722 0.016146
0 0.196065 0.670182 0.026389 0.066927
0 0.892824 0.545182 0.086574 0.020052
0 0.578009 0.901953 0.086574 0.020052
0 0.142361 0.306641 0.039352 0.042969
0 0.883565 0.780599 0.031019 0.053385
0 0.219213 0.584245 0.109722 0.014844
0 0.125463 0.564714 0.093519 0.017448
0 0.371528 0.580339 0.071759 0.022656
0 0.744213 0.655859 0.030093 0.053906
0 0.767824 0.862891 0.077315 0.020052
0 0.496528 0.598568 0.025463 0.059115
0 0.920602 0.835286 0.068056 0.022135
0 0.399769 0.659766 0.072685 0.020052
0 0.450694 0.534766 0.035648 0.040885
0 0.559491 0.664974 0.031019 0.046094
0 0.084954 0.611589 0.026389 0.053906
0 0.057176 0.226172 0.026389 0.053906
0 0.756250 0.813411 0.035648 0.039844
0 0.887731 0.326432 0.039352 0.035677
0 0.109954 0.386068 0.030093 0.045573
0 0.131250 0.491797 0.035648 0.038281
0 0.742361 0.754818 0.035648 0.038281
0 0.121991 0.663672 0.035648 0.038281
0 0.540972 0.536068 0.031019 0.043490
0 0.221528 0.257422 0.077315 0.017448
0 0.478472 0.504818 0.026389 0.048698
0 0.876620 0.301693 0.026389 0.048698
0 0.131250 0.461849 0.035648 0.035677
0 0.395139 0.882422 0.072685 0.017448
0 0.216898 0.798047 0.031019 0.040365
0 0.667824 0.866797 0.025463 0.048698
0 0.246528 0.707943 0.025463 0.048698
0 0.748843 0.555599 0.030093 0.040885
0 0.476157 0.768490 0.031019 0.039583
0 0.103472 0.188411 0.026389 0.046094
0 0.837963 0.818620 0.060185 0.020052
0 0.293287 0.394401 0.026389 0.045573
0 0.172917 0.232031 0.063426 0.018750
0 0.503935 0.898047 0.031019 0.038281
0 0.503935 0.922786 0.058796 0.020052
0 0.334954 0.914714 0.081944 0.014323
0 0.398611 0.520833 0.088889 0.013021
0 0.941435 0.345964 0.026389 0.043490
0 0.453009 0.849870 0.077315 0.014844
0 0.517824 0.284505 0.058796 0.019531
0 0.365046 0.677995 0.021759 0.051302
0 0.284028 0.142839 0.063426 0.017448
0 0.096528 0.896745 0.031019 0.035677
0 0.691435 0.361328 0.063426 0.016927
0 0.946065 0.389193 0.026389 0.040365
0 0.267824 0.877214 0.021759 0.048698
0 0.054861 0.726172 0.021759 0.048698
0 0.411343 0.188411 0.068056 0.014844
0 0.795139 0.911068 0.030093 0.033073
0 0.123148 0.262630 0.056481 0.017448
0 0.741204 0.877214 0.079630 0.012240
0 0.390509 0.126953 0.081944 0.011719
0 0.966435 0.339453 0.030093 0.030469
0 0.221065 0.524349 0.030093 0.030469
0 0.165972 0.316016 0.021759 0.040885
0 0.290972 0.756120 0.021759 0.040885
0 0.503935 0.795182 0.058796 0.014844
0 0.205324 0.452474 0.026389 0.032552
0 0.272454 0.675391 0.086574 0.009635
0 0.010880 0.835547 0.017130 0.048698
0 0.332639 0.762630 0.021759 0.038281
0 0.619676 0.312109 0.068056 0.012240
0 0.235417 0.137630 0.021759 0.038281
0 0.424769 0.562109 0.067130 0.012240
0 0.090741 0.702734 0.028704 0.027865
0 0.258565 0.834245 0.021759 0.035677
0 0.700694 0.575130 0.017130 0.043490
0 0.521991 0.651953 0.020833 0.035677
0 0.577546 0.550130 0.020833 0.035156
0 0.403935 0.820312 0.025463 0.028646
0 0.915972 0.309505 0.021759 0.033073
0 0.716898 0.925130 0.077315 0.009115
0 0.913657 0.696224 0.017130 0.040885
0 0.814120 0.897786 0.058796 0.011719
0 0.374306 0.157552 0.021759 0.031250
0 0.762731 0.897786 0.020833 0.032552
0 0.420139 0.829688 0.020833 0.031771
0 0.429861 0.493099 0.068056 0.009635
0 0.066435 0.301693 0.017130 0.038281
0 0.802546 0.825130 0.017130 0.038281
0 0.885417 0.437109 0.016204 0.038281
0 0.552546 0.118099 0.063426 0.009635
0 0.571065 0.469661 0.063426 0.009635
0 0.846528 0.624609 0.021759 0.027865
0 0.929861 0.780859 0.049537 0.012240
0 0.453009 0.731380 0.049537 0.012240
0 0.117361 0.887630 0.017130 0.033073
0 0.181713 0.911068 0.043981 0.012240
0 0.279398 0.521745 0.054167 0.009635
0 0.321065 0.502214 0.063426 0.007031
0 0.487731 0.662370 0.044907 0.009635
0 0.814120 0.799740 0.049537 0.008333
0 0.244213 0.220703 0.057870 0.006510
