0 0.057176 0.719010 0.054167 0.096875
0 0.659028 0.757422 0.109722 0.038281
0 0.267824 0.697526 0.123611 0.033073
0 0.885880 0.827734 0.063426 0.064323
0 0.824537 0.620443 0.107407 0.035156
0 0.529398 0.635026 0.100463 0.033073
0 0.152778 0.638932 0.106481 0.030469
0 0.415972 0.678646 0.114352 0.026562
0 0.522454 0.502214 0.049537 0.059115
0 0.272454 0.253516 0.095833 0.030469
0 0.026620 0.754818 0.048611 0.059115
0 0.573380 0.306901 0.040278 0.069531
0 0.720370 0.412109 0.037963 0.071615
0 0.566435 0.124609 0.118981 0.022656
0 0.425231 0.312109 0.095833 0.027865
0 0.818287 0.140234 0.048611 0.053906
0 0.281713 0.138932 0.049537 0.051302
0 0.506250 0.433203 0.044907 0.056510
0 0.227315 0.474870 0.125926 0.020052
0 0.163657 0.340104 0.091204 0.026562
0 0.362731 0.835547 0.026389 0.090365
0 0.494676 0.348307 0.049537 0.048177
0 0.226157 0.737891 0.049537 0.046094
0 0.064120 0.463802 0.049537 0.044792
0 0.977315 0.768229 0.042593 0.049479
0 0.506250 0.263932 0.081944 0.025260
0 0.716898 0.217057 0.040278 0.051302
0 0.316435 0.390234 0.091204 0.022656
0 0.049769 0.883724 0.039352 0.051302
0 0.485417 0.468359 0.086574 0.022656
0 0.415972 0.614193 0.086574 0.022656
0 0.142361 0.158464 0.085648 0.022656
0 0.825694 0.470703 0.044907 0.042969
0 0.784028 0.116797 0.081944 0.022656
0 0.772454 0.769141 0.040278 0.046094
0 0.252778 0.377214 0.037963 0.048698
0 0.765509 0.373307 0.072685 0.025260
0 0.311806 0.503516 0.072685 0.025260
0 0.145139 0.172526 0.091204 0.019531
0 0.631250 0.218359 0.100463 0.017448
0 0.545602 0.107682 0.086574 0.020052
0 0.471065 0.579036 0.085648 0.020052
0 0.265509 0.785417 0.035648 0.047396
0 0.466898 0.749609 0.031019 0.053906
0 0.457639 0.204687 0.077315 0.021354
0 0.200231 0.821875 0.034722 0.047396
0 0.353472 0.523047 0.072685 0.022656
0 0.853472 0.243099 0.081944 0.020052
0 0.459954 0.222266 0.081944 0.020052
0 0.163657 0.579036 0.035648 0.046094
0 0.778241 0.521745 0.079630 0.020052
0 0.834954 0.770182 0.026389 0.058594
0 0.221528 0.273047 0.068056 0.022656
0 0.365046 0.608984 0.068056 0.022656
0 0.536343 0.366797 0.068056 0.022656
0 0.744213 0.497005 0.067130 0.022656
0 0.457639 0.889974 0.068056 0.022135
0 0.274769 0.337500 0.035648 0.042188
0 0.258102 0.330339 0.030093 0.048698
0 0.196065 0.881120 0.035648 0.040885
0 0.897454 0.284766 0.031019 0.046094
0 0.788657 0.832943 0.026389 0.053906
0 0.874306 0.878516 0.095833 0.014844
0 0.510880 0.322526 0.026389 0.053906
0 0.075231 0.297786 0.034722 0.040885
0 0.552083 0.167578 0.034722 0.040885
0 0.768981 0.342057 0.024074 0.056510
0 0.334954 0.741797 0.035648 0.038281
0 0.751620 0.158464 0.035648 0.038281
0 0.825694 0.900391 0.035648 0.037760
0 0.216435 0.711849 0.067130 0.020052
0 0.248843 0.868099 0.067130 0.020052
0 0.369676 0.238932 0.031019 0.042969
0 0.461806 0.813411 0.020833 0.061719
0 0.860417 0.254818 0.105093 0.012240
0 0.144676 0.235937 0.034722 0.036979
0 0.900926 0.460286 0.075000 0.016927
0 0.221528 0.240495 0.031019 0.040885
0 0.154398 0.624609 0.072685 0.017448
0 0.834491 0.214453 0.034722 0.035677
0 0.049769 0.323828 0.030093 0.040885
0 0.330324 0.330078 0.072685 0.016927
0 0.524769 0.537370 0.081944 0.014844
0 0.336806 0.253255 0.030093 0.040365
0 0.080324 0.557552 0.026389 0.044792
0 0.569907 0.782161 0.079630 0.014844
0 0.355787 0.541276 0.095833 0.012240
0 0.804398 0.632422 0.067130 0.017448
0 0.633102 0.233984 0.094907 0.012240
0 0.047917 0.825130 0.026389 0.043490
0 0.302546 0.137630 0.026389 0.043490
0 0.925231 0.417318 0.058796 0.019531
0 0.101157 0.349870 0.021759 0.051302
0 0.682176 0.153255 0.091204 0.012240
0 0.507407 0.610286 0.075000 0.014844
0 0.149769 0.123958 0.100463 0.010937
0 0.533565 0.179036 0.025463 0.042969
0 0.527083 0.787109 0.031019 0.035156
0 0.371991 0.761328 0.072685 0.014844
0 0.818750 0.398047 0.086574 0.012240
0 0.841898 0.692318 0.021759 0.048698
0 0.610417 0.179297 0.086574 0.012240
0 0.823380 0.327734 0.021759 0.048698
0 0.517824 0.335286 0.021759 0.048177
0 0.112731 0.261979 0.026389 0.039583
0 0.698380 0.312109 0.058796 0.017448
0 0.374306 0.312109 0.058796 0.017448
0 0.601157 0.720964 0.058796 0.017448
0 0.466898 0.474870 0.068056 0.014844
0 0.040972 0.503516 0.021759 0.046094
0 0.233102 0.611589 0.081944 0.012240
0 0.771991 0.312109 0.030093 0.033073
0 0.119676 0.309505 0.021759 0.043490
0 0.707639 0.113542 0.058796 0.016146
0 0.897454 0.218359 0.021759 0.043490
0 0.906713 0.640234 0.021759 0.043490
0 0.522454 0.755859 0.031019 0.029948
0 0.365046 0.190365 0.068056 0.013542
0 0.534028 0.560807 0.061574 0.014844
0 0.929861 0.756120 0.021759 0.040885
0 0.640509 0.379818 0.072685 0.012240
0 0.862731 0.650651 0.072685 0.012240
0 0.536343 0.441016 0.021759 0.040885
0 0.807176 0.710547 0.026389 0.033073
0 0.774769 0.468359 0.026389 0.033073
0 0.871991 0.385026 0.026389 0.033073
0 0.885880 0.453385 0.063426 0.013542
0 0.943287 0.628516 0.020833 0.040885
0 0.292824 0.512630 0.025463 0.033073
0 0.082639 0.814714 0.021759 0.038281
0 0.605787 0.754818 0.068056 0.012240
0 0.591898 0.122005 0.068056 0.012240
0 0.915972 0.556250 0.021759 0.036979
0 0.045139 0.231380 0.020833 0.038281
0 0.448380 0.333594 0.058796 0.013542
0 0.580324 0.728776 0.063426 0.012240
0 0.089120 0.502214 0.062500 0.012240
0 0.170139 0.605078 0.076389 0.009635
0 0.605787 0.704036 0.049537 0.014844
0 0.193287 0.230078 0.048611 0.014844
0 0.896991 0.411719 0.020833 0.034375
0 0.846065 0.551953 0.020833 0.032552
0 0.691435 0.510026 0.054167 0.012240
0 0.415972 0.230078 0.021759 0.030469
0 0.045602 0.381120 0.068056 0.009635
0 0.765509 0.547786 0.063426 0.009635
0 0.369676 0.135026 0.021759 0.027865
0 0.892824 0.598568 0.049537 0.012240
0 0.325694 0.265234 0.017130 0.033073
0 0.527083 0.594661 0.058796 0.009635
0 0.189120 0.110026 0.058796 0.009115
0 0.207639 0.323568 0.058796 0.009115
0 0.101157 0.208984 0.058796 0.009115
0 0.159028 0.298177 0.017130 0.031250
0 0.381250 0.204036 0.017130 0.030469
0 0.888194 0.264974 0.021759 0.022135
0 0.307176 0.093099 0.017130 0.016927
0 0.526620 0.729818 0.011574 0.024740
0 0.822917 0.544531 0.011574 0.023958
0 0.527083 0.043880 0.021759 0.007031
