0 0.540972 0.620703 0.225463 0.051302
0 0.431019 0.825130 0.088889 0.090365
0 0.963426 0.336849 0.070370 0.077344
0 0.832639 0.874609 0.068056 0.074740
0 0.962269 0.569661 0.049537 0.084635
0 0.293287 0.111589 0.063426 0.064323
0 0.785185 0.137630 0.121296 0.033073
0 0.080324 0.469661 0.054167 0.066927
0 0.881713 0.575130 0.108796 0.033073
0 0.256250 0.868099 0.109722 0.030469
0 0.411343 0.797526 0.058796 0.055990
0 0.300231 0.486328 0.058796 0.053385
0 0.508565 0.865495 0.095833 0.030469
0 0.626157 0.878516 0.108796 0.025260
0 0.813657 0.878516 0.048611 0.056510
0 0.617361 0.531510 0.044907 0.060417
0 0.795602 0.699870 0.031019 0.084635
0 0.631250 0.914974 0.100463 0.025260
0 0.802546 0.612891 0.035648 0.066927
0 0.494213 0.832943 0.048611 0.048698
0 0.751620 0.885026 0.044907 0.048698
0 0.679861 0.719661 0.086574 0.025260
0 0.557870 0.598568 0.092593 0.022656
0 0.307176 0.361589 0.091204 0.022656
0 0.631250 0.478776 0.035648 0.053906
0 0.170139 0.249609 0.104167 0.017448
0 0.307176 0.177995 0.118981 0.014844
0 0.167130 0.305339 0.088889 0.019531
0 0.453009 0.888932 0.114352 0.014844
0 0.721528 0.899349 0.040278 0.040885
0 0.534028 0.080339 0.072685 0.022656
0 0.214583 0.101172 0.118981 0.012240
0 0.563657 0.253516 0.094907 0.014844
0 0.942593 0.172786 0.093519 0.014844
0 0.707176 0.753516 0.067130 0.020052
0 0.897454 0.382422 0.105093 0.012240
0 0.267824 0.507422 0.021759 0.053906
0 0.582639 0.400651 0.021759 0.053906
0 0.600694 0.779557 0.057870 0.020052
0 0.096528 0.100260 0.031019 0.036458
0 0.489583 0.378255 0.030093 0.035156
0 0.422917 0.444922 0.017130 0.048698
0 0.311806 0.045182 0.026389 0.030469
0 0.714120 0.511328 0.025463 0.030469
0 0.101157 0.993099 0.040278 0.009635
