0 0.854630 0.054297 0.287963 0.074740
0 0.737731 0.387630 0.183796 0.048698
0 0.557176 0.618099 0.063426 0.092969
0 0.131250 0.842057 0.072685 0.072135
0 0.830324 0.226172 0.156019 0.033073
0 0.946065 0.726172 0.063426 0.069531
0 0.309491 0.838151 0.132870 0.033073
0 0.481944 0.791276 0.061111 0.064323
0 0.258565 0.687109 0.058796 0.064323
0 0.580324 0.151302 0.054167 0.060417
0 0.801389 0.486328 0.107407 0.027344
0 0.471528 0.276953 0.095833 0.030469
0 0.378935 0.252214 0.040278 0.069531
0 0.160880 0.203385 0.039352 0.070833
0 0.858102 0.125911 0.091204 0.030469
0 0.800231 0.849870 0.040278 0.066927
0 0.934491 0.208984 0.105093 0.024740
0 0.517824 0.506120 0.049537 0.051302
0 0.809491 0.128255 0.049537 0.050781
0 0.940278 0.104818 0.116667 0.019531
0 0.689120 0.544922 0.049537 0.045573
0 0.267824 0.296484 0.040278 0.053906
0 0.804398 0.909766 0.104167 0.020052
0 0.487731 0.183203 0.100463 0.020052
0 0.561806 0.427734 0.026389 0.071615
0 0.260880 0.855729 0.109722 0.016146
0 0.133565 0.098307 0.040278 0.042969
0 0.899769 0.148047 0.026389 0.064323
0 0.950694 0.144141 0.081944 0.020052
0 0.890509 0.010026 0.091204 0.017448
0 0.753935 0.683203 0.077315 0.020052
0 0.596528 0.239193 0.021759 0.069531
0 0.765509 0.281510 0.035648 0.039583
0 0.022454 0.761979 0.021759 0.063021
0 0.227315 0.200781 0.024074 0.055208
0 0.854167 0.118099 0.064815 0.020052
0 0.918287 0.215755 0.072685 0.017448
0 0.161343 0.865495 0.031019 0.040885
0 0.077546 0.793880 0.020833 0.059115
0 0.240046 0.691016 0.021759 0.056510
0 0.392824 0.795182 0.058796 0.020052
0 0.466898 0.124609 0.095833 0.012240
0 0.941435 0.183203 0.072685 0.014844
0 0.811806 0.929297 0.081944 0.012240
0 0.988889 0.154297 0.019444 0.050781
0 0.552546 0.041016 0.072685 0.011719
0 0.552546 0.063411 0.081944 0.009635
0 0.839583 0.321224 0.017130 0.040885
0 0.098843 0.993099 0.044907 0.009635
