0 0.281713 0.823828 0.068056 0.082552
0 0.699074 0.882422 0.115741 0.038281
0 0.534028 0.224870 0.109722 0.035677
0 0.184028 0.284766 0.057870 0.066927
0 0.631250 0.011328 0.156019 0.020052
0 0.459954 0.776953 0.100463 0.030469
0 0.652083 0.241797 0.105093 0.027865
0 0.247685 0.500911 0.055556 0.051302
0 0.749306 0.511328 0.049537 0.056510
0 0.200694 0.851172 0.091204 0.027865
0 0.822222 0.086849 0.047222 0.051302
0 0.594907 0.733984 0.083333 0.027865
0 0.159028 0.689714 0.081944 0.027865
0 0.198380 0.644141 0.040278 0.056510
0 0.234259 0.775391 0.037963 0.058594
0 0.079167 0.593359 0.079630 0.027865
0 0.108102 0.468359 0.044907 0.048698
0 0.337269 0.312109 0.040278 0.053906
0 0.927546 0.152995 0.044907 0.048177
0 0.917824 0.408464 0.043981 0.048698
0 0.638194 0.269141 0.105093 0.020052
0 0.911343 0.824870 0.123611 0.016927
0 0.270139 0.606120 0.035648 0.058594
0 0.293287 0.792578 0.044907 0.046094
0 0.714583 0.616797 0.091204 0.022656
0 0.417824 0.705339 0.090278 0.022656
0 0.353009 0.821224 0.043981 0.046094
0 0.203009 0.603776 0.031019 0.064323
0 0.106944 0.716797 0.024074 0.082031
0 0.811806 0.408464 0.044907 0.043490
0 0.450694 0.366797 0.044907 0.043490
0 0.638194 0.761328 0.095833 0.020052
0 0.901620 0.091797 0.076389 0.024740
0 0.737269 0.549089 0.034722 0.053906
0 0.105324 0.017578 0.104167 0.016927
0 0.807176 0.241797 0.100463 0.017448
0 0.175231 0.594661 0.031019 0.056510
0 0.821065 0.436458 0.081944 0.021354
0 0.068750 0.396484 0.031019 0.055990
0 0.362731 0.205339 0.035648 0.048698
0 0.665972 0.645703 0.040278 0.042969
0 0.297917 0.605729 0.026389 0.063021
0 0.503935 0.810807 0.040278 0.040885
0 0.966898 0.792578 0.040278 0.040885
0 0.082639 0.568620 0.040278 0.040885
0 0.950694 0.355078 0.035648 0.046094
0 0.638194 0.313151 0.040278 0.040365
0 0.885880 0.992448 0.118981 0.013542
0 0.568750 0.558203 0.105093 0.014844
0 0.149769 0.533464 0.035648 0.043490
0 0.888194 0.585547 0.086574 0.017448
0 0.186806 0.516276 0.035648 0.040365
0 0.862731 0.679297 0.081944 0.017448
0 0.115046 0.175391 0.095833 0.014844
0 0.425231 0.480078 0.095833 0.014844
0 0.740046 0.132422 0.077315 0.017448
0 0.738889 0.386068 0.028704 0.045573
0 0.705324 0.350911 0.109722 0.011719
0 0.344213 0.496745 0.109722 0.011719
0 0.473843 0.645443 0.026389 0.048698
0 0.682176 0.481120 0.026389 0.048177
0 0.853472 0.038672 0.072685 0.017448
0 0.846528 0.141536 0.031019 0.040885
0 0.226157 0.373307 0.031019 0.040885
0 0.871991 0.778255 0.072685 0.017448
0 0.571065 0.616146 0.026389 0.047396
0 0.723380 0.730078 0.062500 0.020052
0 0.448380 0.503255 0.031019 0.040365
0 0.843750 0.263932 0.062500 0.020052
0 0.850000 0.541276 0.028704 0.043490
0 0.332176 0.162370 0.030093 0.040885
0 0.792824 0.318359 0.062500 0.019531
0 0.788657 0.503516 0.026389 0.046094
0 0.821065 0.750911 0.081944 0.014844
0 0.518519 0.576432 0.060185 0.020052
0 0.712269 0.640234 0.068056 0.017448
0 0.054861 0.809505 0.031019 0.038281
0 0.411343 0.205339 0.031019 0.038281
0 0.325694 0.184505 0.035648 0.033073
0 0.899769 0.288672 0.035648 0.033073
0 0.087269 0.462500 0.031019 0.036979
0 0.165972 0.302995 0.031019 0.035677
0 0.377778 0.577734 0.028704 0.038281
0 0.788194 0.095703 0.025463 0.042969
0 0.925231 0.383464 0.031019 0.035156
0 0.672917 0.008724 0.072685 0.014844
0 0.084491 0.321224 0.071759 0.014844
0 0.767824 0.353776 0.021759 0.048698
0 0.439120 0.247005 0.086574 0.012240
0 0.436806 0.235026 0.072685 0.014323
0 0.189815 0.472917 0.032407 0.031771
0 0.971528 0.489193 0.031019 0.033073
0 0.248148 0.636328 0.028704 0.035677
0 0.390509 0.330339 0.026389 0.038281
0 0.314120 0.237891 0.068056 0.014844
0 0.638194 0.618099 0.068056 0.014844
0 0.490046 0.112891 0.068056 0.014844
0 0.439120 0.688411 0.021759 0.046094
0 0.272454 0.237891 0.021759 0.046094
0 0.514352 0.905859 0.079630 0.012240
0 0.964583 0.217708 0.026389 0.036979
0 0.232639 0.663672 0.025463 0.038281
0 0.563657 0.748307 0.020833 0.046094
0 0.929398 0.302995 0.020833 0.046094
0 0.547917 0.663411 0.081944 0.011719
0 0.607639 0.314453 0.025463 0.037760
0 0.490046 0.069922 0.077315 0.012240
0 0.661343 0.817318 0.077315 0.012240
0 0.137037 0.476172 0.028704 0.033073
0 0.110417 0.577734 0.021759 0.043490
0 0.270139 0.340755 0.054167 0.017448
0 0.311806 0.112891 0.063426 0.014844
0 0.959954 0.409766 0.026389 0.035677
0 0.450694 0.142578 0.054167 0.016927
0 0.114583 0.834245 0.030093 0.030469
0 0.156250 0.804297 0.020833 0.043490
0 0.559028 0.509766 0.076389 0.011719
0 0.772454 0.883724 0.021759 0.040885
0 0.645139 0.491797 0.072685 0.012240
0 0.149769 0.900651 0.072685 0.012240
0 0.547917 0.711849 0.091204 0.009635
0 0.071065 0.514974 0.026389 0.032552
0 0.610417 0.868750 0.077315 0.010937
0 0.269676 0.137370 0.071759 0.011719
0 0.258565 0.520443 0.068056 0.012240
0 0.427546 0.506510 0.026389 0.031250
0 0.240046 0.744401 0.021759 0.037240
0 0.612731 0.776953 0.026389 0.030469
0 0.503472 0.524740 0.076389 0.010417
0 0.641667 0.784766 0.019444 0.040885
0 0.972685 0.140234 0.024074 0.033073
0 0.576389 0.395443 0.064815 0.012240
0 0.464120 0.679297 0.016204 0.048698
0 0.858102 0.375911 0.017130 0.046094
0 0.047917 0.832943 0.063426 0.012240
0 0.788194 0.741797 0.062500 0.012240
0 0.913657 0.773047 0.017130 0.043490
0 0.719213 0.674089 0.026389 0.027865
0 0.596528 0.095703 0.021759 0.032552
0 0.080324 0.355078 0.017130 0.040885
0 0.557176 0.899349 0.072685 0.009635
0 0.848843 0.763672 0.072685 0.009115
0 0.260880 0.092057 0.044907 0.014844
0 0.170602 0.474870 0.021759 0.030469
0 0.189120 0.329036 0.068056 0.009635
0 0.061343 0.466146 0.016204 0.039062
0 0.047917 0.465104 0.017130 0.036979
0 0.370833 0.504818 0.051852 0.012240
0 0.065278 0.579036 0.042593 0.014844
0 0.723380 0.710547 0.016204 0.038281
0 0.839583 0.821224 0.017130 0.035677
0 0.765509 0.706641 0.017130 0.035677
0 0.034028 0.433203 0.017130 0.035677
0 0.944907 0.698828 0.024074 0.025260
0 0.874306 0.192318 0.021759 0.027865
0 0.672917 0.431901 0.017130 0.033073
0 0.121991 0.786068 0.044907 0.012240
0 0.906713 0.552734 0.021759 0.024740
0 0.660880 0.670182 0.020833 0.025260
0 0.450694 0.636328 0.017130 0.030469
0 0.580324 0.656901 0.054167 0.009115
0 0.623843 0.659766 0.048611 0.009635
0 0.693287 0.842057 0.011574 0.030469
0 0.377778 0.306901 0.010185 0.033073
0 0.572917 0.028255 0.020833 0.007031
