0 0.096065 0.982031 0.187500 0.034375
0 0.825694 0.473568 0.118981 0.038281
0 0.934491 0.628255 0.068056 0.066406
0 0.388194 0.429297 0.058796 0.069531
0 0.577546 0.455339 0.113426 0.033073
0 0.937963 0.774349 0.121296 0.030469
0 0.543287 0.659766 0.054167 0.061719
0 0.119676 0.420182 0.049537 0.066927
0 0.522454 0.792578 0.105093 0.030469
0 0.506250 0.538411 0.035648 0.079427
0 0.603009 0.523047 0.043981 0.059115
0 0.552546 0.079036 0.100463 0.025260
0 0.649769 0.599609 0.100463 0.024740
0 0.696065 0.480078 0.044907 0.051302
0 0.809491 0.493099 0.040278 0.056510
0 0.948380 0.071224 0.031019 0.072135
0 0.906713 0.483984 0.040278 0.053906
0 0.688657 0.414062 0.048611 0.044271
0 0.270139 0.558203 0.128241 0.014844
0 0.686806 0.095964 0.091204 0.017448
0 0.679861 0.063411 0.077315 0.020052
0 0.545602 0.607682 0.077315 0.020052
0 0.712269 0.530599 0.040278 0.037760
0 0.339583 0.795182 0.035648 0.040885
0 0.831481 0.071224 0.093519 0.014844
0 0.591898 0.655208 0.021759 0.063021
0 0.154398 0.188411 0.091204 0.014844
0 0.616898 0.095964 0.034722 0.038281
0 0.531713 0.648047 0.031019 0.038281
0 0.855324 0.332943 0.094907 0.012240
0 0.260880 0.077734 0.026389 0.043490
0 0.686806 0.433203 0.026389 0.040885
0 0.763194 0.502865 0.031019 0.034375
0 0.290972 0.728776 0.058796 0.017448
0 0.719213 0.049089 0.081944 0.012240
0 0.675231 0.871745 0.077315 0.011719
0 0.547917 0.180339 0.091204 0.009115
0 0.617361 0.248307 0.054167 0.014844
0 0.272454 0.399349 0.021759 0.035677
0 0.163657 0.599219 0.017130 0.039583
0 0.991204 0.624609 0.014815 0.043490
0 0.159028 0.107682 0.017130 0.035677
0 0.392824 0.252214 0.040278 0.012240
