0 0.538657 0.618099 0.230093 0.046094
0 0.832639 0.785807 0.086574 0.084635
0 0.961111 0.276953 0.075000 0.092969
0 0.096065 0.982031 0.187500 0.034375
0 0.360417 0.248307 0.179167 0.035677
0 0.565972 0.572266 0.071759 0.084635
0 0.913657 0.624609 0.063426 0.069531
0 0.784028 0.638672 0.054167 0.076823
0 0.612731 0.775391 0.044907 0.074219
0 0.686806 0.824870 0.118981 0.027344
0 0.721991 0.693359 0.048611 0.061198
0 0.466435 0.594661 0.048611 0.056510
0 0.441435 0.544271 0.054167 0.049479
0 0.714583 0.733984 0.035648 0.074740
0 0.439120 0.196224 0.040278 0.061719
0 0.859954 0.064714 0.030093 0.079948
0 0.138194 0.161068 0.049537 0.048698
0 0.784028 0.740234 0.035648 0.066406
0 0.285880 0.158464 0.048611 0.048698
0 0.454861 0.148698 0.090278 0.023958
0 0.371991 0.504557 0.044907 0.048177
0 0.858102 0.770443 0.035648 0.059115
0 0.211806 0.415365 0.039352 0.052083
0 0.737731 0.214453 0.035648 0.056510
0 0.237731 0.521094 0.026389 0.070833
0 0.681713 0.663672 0.034722 0.053906
0 0.513194 0.571224 0.021759 0.061719
0 0.540972 0.093099 0.114352 0.011719
0 0.822917 0.694661 0.113426 0.011719
0 0.499306 0.112630 0.031019 0.040365
0 0.587269 0.548828 0.031019 0.037760
0 0.984259 0.171484 0.028704 0.038281
0 0.693750 0.179297 0.021759 0.048698
0 0.684491 0.439974 0.021759 0.042969
0 0.961111 0.611589 0.075000 0.012240
0 0.380093 0.191016 0.061111 0.014844
0 0.965741 0.052995 0.065741 0.009635
0 0.343750 0.383073 0.016204 0.034375
