0 0.133565 0.808203 0.151389 0.035677
0 0.880787 0.804297 0.127315 0.038281
0 0.721528 0.624609 0.068056 0.069531
0 0.608102 0.595313 0.109722 0.036979
0 0.066435 0.460547 0.035648 0.095573
0 0.730787 0.200130 0.058796 0.053906
0 0.929861 0.306641 0.049537 0.063802
0 0.977315 0.188411 0.042593 0.066927
0 0.802546 0.382812 0.054167 0.049479
0 0.897454 0.356380 0.114352 0.022656
0 0.317130 0.213542 0.046296 0.054688
0 0.979630 0.572526 0.037963 0.064323
0 0.082639 0.813411 0.049537 0.046094
0 0.793287 0.429297 0.100463 0.022656
0 0.105324 0.761328 0.048611 0.046094
0 0.809491 0.483984 0.040278 0.053906
0 0.535880 0.080990 0.113426 0.018750
0 0.193287 0.506120 0.039352 0.051302
0 0.834491 0.302995 0.099537 0.020052
0 0.119676 0.194271 0.040278 0.047396
0 0.730787 0.336589 0.040278 0.045573
0 0.066435 0.703776 0.035648 0.050781
0 0.480787 0.099219 0.040278 0.039583
0 0.439120 0.407161 0.105093 0.014844
0 0.890509 0.009766 0.091204 0.016927
0 0.797917 0.448828 0.072685 0.020052
0 0.895139 0.252214 0.026389 0.053906
0 0.098843 0.414974 0.026389 0.051302
0 0.811806 0.316667 0.118981 0.010937
0 0.091435 0.670182 0.020833 0.061719
0 0.068750 0.463151 0.021759 0.059115
0 0.961574 0.860026 0.074074 0.014323
0 0.547454 0.066016 0.062500 0.014844
0 0.814120 0.599870 0.021759 0.040885
0 0.151620 0.194922 0.020833 0.038281
0 0.862731 0.179297 0.017130 0.043490
0 0.969213 0.621745 0.017130 0.037760
0 0.089120 0.141276 0.016204 0.035156
0 0.098843 0.993099 0.044907 0.009635
