0 0.856944 0.038672 0.283333 0.074740
0 0.774769 0.336589 0.146759 0.040365
0 0.290972 0.661719 0.077315 0.076042
0 0.616898 0.194922 0.127315 0.038281
0 0.369676 0.143229 0.123611 0.039062
0 0.112731 0.844661 0.054167 0.087760
0 0.587269 0.319922 0.058796 0.064323
0 0.084954 0.470964 0.128241 0.027865
0 0.411343 0.659766 0.160648 0.020052
0 0.911343 0.741797 0.058796 0.053906
0 0.482639 0.123307 0.118056 0.025260
0 0.146296 0.414974 0.056481 0.051302
0 0.466898 0.338151 0.095833 0.027865
0 0.591898 0.460547 0.095833 0.027865
0 0.969213 0.788672 0.044907 0.059115
0 0.945602 0.835547 0.043981 0.059115
0 0.284028 0.528255 0.091204 0.027865
0 0.897454 0.268880 0.040278 0.061198
0 0.858102 0.916016 0.109722 0.022135
0 0.966435 0.650651 0.048611 0.048698
0 0.139352 0.185547 0.116667 0.019531
0 0.186806 0.288021 0.035648 0.063021
0 0.661343 0.500260 0.040278 0.055208
0 0.804861 0.313151 0.086574 0.024740
0 0.260880 0.153255 0.118981 0.017448
0 0.779398 0.175391 0.081944 0.025260
0 0.584954 0.282161 0.081944 0.025260
0 0.765509 0.866797 0.091204 0.022656
0 0.242361 0.950130 0.109722 0.017448
0 0.667130 0.304297 0.042593 0.043490
0 0.848843 0.641536 0.072685 0.025260
0 0.332639 0.596615 0.040278 0.044792
0 0.676389 0.895443 0.079630 0.022656
0 0.022454 0.317708 0.040278 0.044271
0 0.425231 0.916276 0.077315 0.022656
0 0.061806 0.684505 0.035648 0.048698
0 0.064120 0.769531 0.040278 0.041667
0 0.638194 0.150651 0.031019 0.053906
0 0.684491 0.222266 0.040278 0.040885
0 0.052546 0.448828 0.035648 0.046094
0 0.765046 0.924089 0.071759 0.022656
0 0.112269 0.516536 0.034722 0.046094
0 0.501620 0.877214 0.035648 0.043490
0 0.807176 0.450130 0.035648 0.043490
0 0.248843 0.342057 0.030093 0.051302
0 0.841898 0.520443 0.068056 0.022656
0 0.152083 0.510026 0.040278 0.038281
0 0.286343 0.825130 0.068056 0.022656
0 0.110417 0.864193 0.031019 0.048698
0 0.814120 0.564714 0.031019 0.048698
0 0.839583 0.555599 0.026389 0.056510
0 0.159028 0.714453 0.100463 0.014844
0 0.929861 0.701823 0.040278 0.036458
0 0.830324 0.615495 0.072685 0.020052
0 0.367361 0.336849 0.035648 0.040885
0 0.050231 0.881120 0.031019 0.046094
0 0.483102 0.749609 0.026389 0.053906
0 0.466898 0.555599 0.068056 0.020052
0 0.950694 0.681901 0.035648 0.038281
0 0.881250 0.433203 0.026389 0.051302
0 0.476157 0.909766 0.021759 0.061719
0 0.642824 0.905859 0.077315 0.017448
0 0.696065 0.396484 0.091204 0.014323
0 0.147454 0.294531 0.068056 0.018750
0 0.184491 0.745703 0.031019 0.040885
0 0.830324 0.879818 0.072685 0.017448
0 0.862731 0.206380 0.063426 0.019531
0 0.186806 0.656901 0.063426 0.019531
0 0.501620 0.813411 0.026389 0.046094
0 0.501620 0.547786 0.081944 0.014844
0 0.545602 0.916276 0.068056 0.017448
0 0.605787 0.541276 0.031019 0.038281
0 0.821065 0.225911 0.100463 0.011719
0 0.119676 0.664974 0.058796 0.020052
0 0.146296 0.538672 0.093519 0.012240
0 0.258565 0.144141 0.077315 0.014844
0 0.470370 0.129818 0.093519 0.012240
0 0.675231 0.714453 0.077315 0.014844
0 0.036343 0.422526 0.058796 0.019531
0 0.059491 0.590104 0.031019 0.036979
0 0.874306 0.769141 0.021759 0.051302
0 0.454167 0.607682 0.024074 0.046094
0 0.089583 0.153255 0.063426 0.017448
0 0.513194 0.263281 0.058796 0.018750
0 0.712269 0.475521 0.068056 0.016146
0 0.296759 0.337891 0.033333 0.032552
0 0.126620 0.339453 0.026389 0.040885
0 0.596528 0.442318 0.058796 0.017448
0 0.727315 0.222266 0.033333 0.030469
0 0.601157 0.756120 0.068056 0.014844
0 0.902083 0.787370 0.021759 0.046094
0 0.369676 0.201432 0.021759 0.046094
0 0.948380 0.886328 0.021759 0.046094
0 0.216898 0.727474 0.021759 0.046094
0 0.452546 0.306641 0.030093 0.032552
0 0.741898 0.684505 0.025463 0.038281
0 0.404398 0.935807 0.063426 0.014844
0 0.746991 0.305599 0.026389 0.035677
0 0.121991 0.222266 0.026389 0.035677
0 0.986574 0.710286 0.024074 0.037760
0 0.793287 0.296484 0.072685 0.012240
0 0.358102 0.171484 0.072685 0.012240
0 0.686806 0.694661 0.026389 0.032552
0 0.112731 0.410807 0.072685 0.011719
0 0.576852 0.209245 0.056481 0.014844
0 0.189120 0.400651 0.021759 0.038281
0 0.397454 0.882422 0.068056 0.012240
0 0.638194 0.280859 0.068056 0.012240
0 0.554861 0.752214 0.021759 0.038281
0 0.844213 0.758724 0.026389 0.030469
0 0.988889 0.849870 0.019444 0.040885
0 0.395139 0.279557 0.081944 0.009635
0 0.848843 0.464453 0.081944 0.009635
0 0.302546 0.375651 0.017130 0.045573
0 0.226157 0.360286 0.021759 0.035677
0 0.147454 0.727474 0.077315 0.009635
0 0.568750 0.579036 0.077315 0.009635
0 0.383565 0.810807 0.077315 0.009635
0 0.026620 0.144141 0.048611 0.014844
0 0.911343 0.895443 0.058796 0.012240
0 0.797454 0.390234 0.016204 0.043490
0 0.561806 0.610286 0.072685 0.009635
0 0.089583 0.654297 0.017130 0.040365
0 0.315278 0.403255 0.024074 0.027865
0 0.728472 0.895443 0.054167 0.012240
0 0.908565 0.445964 0.016204 0.040365
0 0.932176 0.388932 0.017130 0.035677
0 0.089583 0.289974 0.017130 0.035677
0 0.496991 0.159766 0.063426 0.009635
0 0.675231 0.455339 0.021759 0.027865
0 0.346528 0.312109 0.049537 0.012240
0 0.876157 0.886328 0.016204 0.035677
0 0.894676 0.396745 0.016204 0.035677
0 0.411343 0.521745 0.058796 0.009635
0 0.730787 0.753516 0.021759 0.025260
0 0.341898 0.349609 0.058796 0.009115
0 0.765046 0.375260 0.053241 0.008333
0 0.476157 0.144141 0.021759 0.020052
0 0.793287 0.564714 0.035648 0.012240
0 0.072917 0.529557 0.011574 0.035677
0 0.820602 0.816016 0.016204 0.025260
0 0.035185 0.267578 0.056481 0.006510
0 0.111111 0.453385 0.041667 0.008333
0 0.010417 0.229818 0.016204 0.019531
