0 0.438657 0.864193 0.289352 0.048698
0 0.538657 0.616797 0.230093 0.048698
0 0.848843 0.294922 0.174537 0.045573
0 0.477315 0.834245 0.125926 0.040885
0 0.909028 0.357682 0.118981 0.040885
0 0.936806 0.228776 0.063426 0.069531
0 0.521991 0.872005 0.122685 0.033073
0 0.186806 0.238542 0.063426 0.063021
0 0.411343 0.427995 0.123611 0.030469
0 0.758565 0.455339 0.058796 0.059115
0 0.774769 0.368099 0.128241 0.025260
0 0.522454 0.064714 0.114352 0.027865
0 0.642824 0.365495 0.049537 0.061719
0 0.587269 0.175391 0.049537 0.061719
0 0.920602 0.123307 0.031019 0.098177
0 0.779398 0.273047 0.165278 0.017448
0 0.818750 0.445573 0.049537 0.055208
0 0.248843 0.382422 0.048611 0.048698
0 0.862731 0.815104 0.035648 0.065104
0 0.944907 0.766536 0.107407 0.020052
0 0.869676 0.191016 0.031019 0.066927
0 0.268981 0.204036 0.033333 0.061719
0 0.733102 0.124349 0.091204 0.022135
0 0.328009 0.698568 0.077315 0.024740
0 0.094213 0.762630 0.026389 0.069531
0 0.159028 0.084245 0.044907 0.040885
0 0.797917 0.240495 0.035648 0.051302
0 0.040972 0.540625 0.031019 0.057813
0 0.804861 0.061849 0.105093 0.016927
0 0.921759 0.308203 0.042593 0.040885
0 0.786343 0.138932 0.086574 0.020052
0 0.200694 0.334245 0.026389 0.061719
0 0.503935 0.295182 0.031019 0.051302
0 0.307176 0.122005 0.091204 0.017448
0 0.890509 0.010026 0.091204 0.017448
0 0.536343 0.036068 0.086574 0.017448
0 0.895139 0.206641 0.072685 0.020052
0 0.318287 0.284766 0.094907 0.014844
0 0.830324 0.244401 0.035648 0.038281
0 0.800231 0.191016 0.068056 0.020052
0 0.405093 0.467057 0.064815 0.020052
0 0.258565 0.704036 0.021759 0.056510
0 0.925231 0.145443 0.021759 0.053906
0 0.915972 0.094661 0.021759 0.040885
0 0.892824 0.230078 0.086574 0.009635
0 0.988889 0.213151 0.019444 0.033073
0 0.098380 0.140234 0.016204 0.038281
0 0.922917 0.931901 0.044907 0.012240
0 0.098843 0.990495 0.044907 0.009635
0 0.135880 0.309505 0.017130 0.017448
