0 0.096065 0.982031 0.187500 0.034375
0 0.381250 0.849219 0.072685 0.065625
0 0.468750 0.223568 0.043981 0.105990
0 0.737731 0.446224 0.128241 0.025260
0 0.943750 0.525651 0.040278 0.074740
0 0.027083 0.030859 0.049537 0.059115
0 0.397454 0.376953 0.049537 0.053385
0 0.420139 0.532161 0.104167 0.025260
0 0.482639 0.137630 0.034722 0.074740
0 0.677083 0.108984 0.053241 0.048698
0 0.317593 0.581641 0.037963 0.066927
0 0.834491 0.093359 0.090278 0.027865
0 0.918287 0.129818 0.089352 0.027865
0 0.500463 0.491797 0.033333 0.064323
0 0.832639 0.305599 0.105093 0.020052
0 0.433333 0.581641 0.102778 0.020052
0 0.841435 0.211458 0.039352 0.052083
0 0.691435 0.209245 0.137500 0.014844
0 0.635880 0.903255 0.081944 0.022656
0 0.103472 0.779297 0.072685 0.024740
0 0.107639 0.142578 0.025463 0.069010
0 0.119676 0.810807 0.031019 0.056510
0 0.742361 0.569922 0.091204 0.017448
0 0.184491 0.232031 0.031019 0.050000
0 0.758565 0.136068 0.077315 0.019531
0 0.547917 0.086849 0.072685 0.020052
0 0.667130 0.352474 0.070370 0.020052
0 0.179861 0.827083 0.021759 0.063021
0 0.663657 0.236589 0.100463 0.012240
0 0.981944 0.592057 0.033333 0.035677
0 0.466898 0.601172 0.095833 0.012240
0 0.517130 0.302995 0.032407 0.035677
0 0.929861 0.055599 0.021759 0.051302
0 0.748148 0.286068 0.028704 0.038281
0 0.121991 0.279557 0.017130 0.056510
0 0.619676 0.534766 0.095833 0.009635
0 0.133565 0.452083 0.021759 0.042188
0 0.953009 0.224870 0.021759 0.040885
0 0.693750 0.467057 0.058796 0.009635
0 0.976157 0.102214 0.031019 0.009115
