0 0.233102 0.434505 0.156019 0.048698
0 0.885880 0.653906 0.072685 0.065625
0 0.056019 0.885026 0.112037 0.038281
0 0.462269 0.839453 0.058796 0.072135
0 0.196065 0.662370 0.063426 0.061719
0 0.163194 0.499609 0.053241 0.069531
0 0.473843 0.901953 0.137500 0.025260
0 0.693750 0.240234 0.114352 0.029948
0 0.149306 0.438672 0.053241 0.058594
0 0.163657 0.797786 0.100463 0.030469
0 0.385880 0.771484 0.054167 0.055990
0 0.237731 0.823828 0.146759 0.020052
0 0.843750 0.460547 0.099537 0.027865
0 0.594213 0.352474 0.035648 0.077344
0 0.228009 0.591797 0.053241 0.050781
0 0.615046 0.478776 0.095833 0.027865
0 0.893981 0.373307 0.051852 0.051302
0 0.587269 0.548828 0.049537 0.053385
0 0.800231 0.294922 0.086574 0.029948
0 0.207639 0.615495 0.049537 0.051302
0 0.126620 0.750911 0.100463 0.025260
0 0.712269 0.843359 0.049537 0.048698
0 0.647454 0.707943 0.105093 0.022656
0 0.205324 0.875651 0.118981 0.019531
0 0.385880 0.422786 0.044907 0.051302
0 0.494676 0.362891 0.086574 0.025260
0 0.564120 0.284766 0.086574 0.025260
0 0.691435 0.614193 0.044907 0.048698
0 0.818750 0.489193 0.095833 0.022656
0 0.811806 0.845964 0.035648 0.059115
0 0.385880 0.715755 0.035648 0.059115
0 0.561806 0.202734 0.091204 0.022656
0 0.525926 0.739193 0.037963 0.053906
0 0.841898 0.093750 0.086574 0.023438
0 0.848843 0.334245 0.035648 0.056510
0 0.753935 0.799089 0.040278 0.048698
0 0.540972 0.528255 0.086574 0.022656
0 0.286343 0.265234 0.040278 0.048698
0 0.675231 0.726172 0.086574 0.022656
0 0.052546 0.797786 0.026389 0.072135
0 0.915972 0.297526 0.040278 0.045573
0 0.599306 0.872005 0.081019 0.022656
0 0.209954 0.844661 0.072685 0.025260
0 0.209954 0.138932 0.044907 0.040885
0 0.810648 0.335547 0.033333 0.053906
0 0.767361 0.237630 0.039352 0.045573
0 0.545602 0.392839 0.077315 0.022656
0 0.874306 0.248307 0.086574 0.020052
0 0.927546 0.444922 0.035648 0.048698
0 0.873843 0.832943 0.039352 0.043490
0 0.493519 0.342057 0.084259 0.020052
0 0.774769 0.686458 0.035648 0.047396
0 0.593056 0.487240 0.042593 0.039583
0 0.584954 0.632422 0.072685 0.022656
0 0.311806 0.840755 0.072685 0.022656
0 0.719213 0.758724 0.081944 0.020052
0 0.418287 0.870703 0.081944 0.020052
0 0.645139 0.620703 0.035648 0.046094
0 0.311806 0.506120 0.035648 0.046094
0 0.848843 0.644141 0.035648 0.046094
0 0.196065 0.779557 0.081944 0.020052
0 0.334491 0.625911 0.081019 0.020052
0 0.501157 0.779557 0.034722 0.046094
0 0.351157 0.683203 0.031019 0.051302
0 0.652083 0.132422 0.040278 0.038281
0 0.465046 0.652604 0.071759 0.021354
0 0.182176 0.692057 0.035648 0.042969
0 0.203009 0.713151 0.031019 0.048698
0 0.466898 0.468099 0.031019 0.048177
0 0.344907 0.593099 0.027778 0.053385
0 0.950694 0.539974 0.035648 0.040885
0 0.358102 0.645443 0.081944 0.017448
0 0.323380 0.597266 0.031019 0.046094
0 0.096528 0.318620 0.031019 0.046094
0 0.624306 0.628516 0.031019 0.046094
0 0.385880 0.479818 0.072685 0.019531
0 0.813657 0.680599 0.030093 0.046094
0 0.763194 0.381120 0.068056 0.020052
0 0.534028 0.823828 0.091204 0.014844
0 0.779398 0.399349 0.091204 0.014844
0 0.612731 0.857682 0.091204 0.014844
0 0.881250 0.144141 0.026389 0.051302
0 0.469213 0.621354 0.063426 0.021354
0 0.064120 0.263932 0.021759 0.061719
0 0.927546 0.173828 0.035648 0.037760
0 0.465741 0.727474 0.028704 0.046094
0 0.149769 0.556250 0.035648 0.036979
0 0.721528 0.257422 0.105093 0.012240
0 0.753935 0.447526 0.021759 0.059115
0 0.434491 0.261328 0.086574 0.014844
0 0.244676 0.477474 0.086574 0.014844
0 0.422917 0.832682 0.026389 0.048177
0 0.177546 0.263932 0.063426 0.020052
0 0.774769 0.427995 0.035648 0.035677
0 0.094213 0.506120 0.035648 0.035677
0 0.794444 0.276953 0.084259 0.014844
0 0.936806 0.667318 0.035648 0.035156
0 0.716435 0.110286 0.030093 0.040885
0 0.672917 0.792578 0.081944 0.014844
0 0.501620 0.852474 0.026389 0.046094
0 0.649769 0.818620 0.081944 0.014844
0 0.712269 0.580339 0.031019 0.038281
0 0.656713 0.317318 0.068056 0.017448
0 0.587269 0.098568 0.068056 0.017448
0 0.527083 0.135026 0.095833 0.012240
0 0.783565 0.216797 0.025463 0.045573
0 0.943750 0.264974 0.068056 0.016927
0 0.207639 0.758724 0.077315 0.014844
0 0.286343 0.401953 0.077315 0.014844
0 0.751157 0.408464 0.090278 0.012240
0 0.274769 0.733984 0.063426 0.017448
0 0.084954 0.770443 0.063426 0.017448
0 0.697222 0.486589 0.028704 0.038281
0 0.480787 0.818359 0.031019 0.035156
0 0.538194 0.504818 0.062500 0.017448
0 0.588426 0.747656 0.024074 0.044792
0 0.927546 0.305599 0.026389 0.040885
0 0.770139 0.357682 0.072685 0.014844
0 0.047917 0.365495 0.026389 0.040885
0 0.443287 0.602474 0.030093 0.035677
0 0.607639 0.302995 0.071759 0.014844
0 0.339583 0.787109 0.026389 0.040365
0 0.869676 0.174089 0.086574 0.012240
0 0.096528 0.280859 0.021759 0.048698
0 0.865741 0.116797 0.060185 0.017448
0 0.846528 0.284766 0.021759 0.046094
0 0.637731 0.679297 0.030093 0.033073
0 0.091435 0.595964 0.030093 0.033073
0 0.519676 0.595964 0.025463 0.038281
0 0.858102 0.769141 0.017130 0.056510
0 0.696065 0.666276 0.054167 0.017448
0 0.307870 0.466797 0.064815 0.014323
0 0.216898 0.492839 0.031019 0.029948
0 0.885880 0.435156 0.026389 0.034375
0 0.795602 0.464453 0.021759 0.040885
0 0.786343 0.708984 0.021759 0.040365
0 0.262731 0.097266 0.057870 0.014844
0 0.804398 0.730078 0.020833 0.040885
0 0.177546 0.382422 0.026389 0.032031
0 0.959954 0.353125 0.026389 0.031771
0 0.360417 0.171224 0.049537 0.016927
0 0.883565 0.608984 0.068056 0.012240
0 0.513194 0.218359 0.021759 0.038281
0 0.124306 0.848568 0.021759 0.038281
0 0.376620 0.564453 0.017130 0.048177
0 0.633102 0.805339 0.057870 0.014323
0 0.496991 0.699479 0.017130 0.047396
0 0.177546 0.506120 0.026389 0.030469
0 0.547917 0.784766 0.054167 0.014844
0 0.571065 0.185807 0.054167 0.014844
0 0.436343 0.895443 0.062500 0.012240
0 0.413657 0.604167 0.026389 0.028646
0 0.839583 0.435547 0.081944 0.009115
0 0.753935 0.836198 0.021759 0.034375
0 0.788657 0.806901 0.026389 0.027865
0 0.883565 0.233984 0.021759 0.033073
0 0.267361 0.082943 0.057870 0.012240
0 0.390509 0.394141 0.072685 0.009635
0 0.047917 0.852474 0.017130 0.040885
0 0.353472 0.633724 0.072685 0.009635
0 0.697222 0.602214 0.019444 0.035156
0 0.955324 0.306901 0.017130 0.038281
0 0.513194 0.256120 0.068056 0.009635
0 0.707639 0.342057 0.068056 0.009635
0 0.987731 0.306901 0.017130 0.038281
0 0.839583 0.434505 0.017130 0.038281
0 0.751620 0.525651 0.017130 0.038281
0 0.427546 0.478776 0.017130 0.038281
0 0.384722 0.452474 0.024074 0.027344
0 0.936806 0.699870 0.017130 0.037760
0 0.211806 0.576432 0.067130 0.009635
0 0.580324 0.589453 0.063426 0.009635
0 0.145139 0.683203 0.017130 0.035677
0 0.862731 0.287370 0.017130 0.035677
0 0.233102 0.685807 0.017130 0.035677
0 0.589583 0.646094 0.072685 0.008333
0 0.409028 0.424089 0.017130 0.033073
0 0.211806 0.521745 0.020833 0.025260
0 0.152083 0.835547 0.040278 0.012240
0 0.263194 0.215755 0.068056 0.007031
0 0.793287 0.511328 0.017130 0.025260
0 0.693287 0.308203 0.039352 0.009635
0 0.252778 0.233724 0.056481 0.006510
0 0.512731 0.803255 0.011574 0.024740
