0 0.464583 0.157161 0.137500 0.040885
0 0.903241 0.984635 0.190741 0.029167
0 0.615046 0.288672 0.114352 0.038281
0 0.490046 0.381120 0.142130 0.030469
0 0.881250 0.435547 0.063426 0.066406
0 0.370833 0.758724 0.116667 0.030469
0 0.697917 0.362891 0.113426 0.030469
0 0.367361 0.787760 0.109722 0.031250
0 0.186806 0.275911 0.054167 0.058594
0 0.080324 0.317057 0.054167 0.058594
0 0.600694 0.809505 0.048611 0.059115
0 0.754630 0.084896 0.106481 0.026562
0 0.626620 0.887630 0.044907 0.059115
0 0.108102 0.834245 0.091204 0.025260
0 0.821065 0.296484 0.081944 0.027865
0 0.589583 0.872005 0.035648 0.059115
0 0.723843 0.345703 0.118981 0.016927
0 0.204861 0.182943 0.081019 0.024740
0 0.686806 0.290625 0.044907 0.042188
0 0.932176 0.351172 0.081944 0.022656
0 0.490046 0.801693 0.031019 0.059115
0 0.290972 0.319922 0.105093 0.017448
0 0.977315 0.925391 0.042593 0.040885
0 0.407870 0.133464 0.088889 0.019531
0 0.640509 0.460547 0.035648 0.048698
0 0.385880 0.317969 0.091204 0.018750
0 0.827546 0.150651 0.039352 0.043490
0 0.170139 0.106380 0.039352 0.043490
0 0.492361 0.166276 0.072685 0.022656
0 0.538657 0.819922 0.072685 0.022656
0 0.779398 0.414974 0.035648 0.046094
0 0.767824 0.098568 0.068056 0.022656
0 0.392824 0.801693 0.040278 0.038281
0 0.290972 0.879818 0.086574 0.017448
0 0.174769 0.179297 0.085648 0.017448
0 0.742361 0.391536 0.100463 0.014844
0 0.317593 0.182943 0.102778 0.014323
0 0.320602 0.144141 0.071759 0.020052
0 0.147454 0.868099 0.031019 0.046094
0 0.621991 0.254818 0.081944 0.017448
0 0.174769 0.381120 0.039352 0.035677
0 0.450694 0.747396 0.035648 0.039062
0 0.200694 0.463151 0.035648 0.038281
0 0.515509 0.388932 0.091204 0.014844
0 0.249306 0.093359 0.077315 0.017448
0 0.677083 0.099870 0.090278 0.014844
0 0.126620 0.247005 0.026389 0.048698
0 0.668287 0.189714 0.026389 0.048698
0 0.483102 0.198828 0.035648 0.035677
0 0.422917 0.470964 0.100463 0.012240
0 0.795602 0.189714 0.021759 0.053906
0 0.332639 0.231380 0.095833 0.012240
0 0.117361 0.192318 0.035648 0.033073
0 0.577546 0.378516 0.057870 0.020052
0 0.878472 0.369401 0.030093 0.038281
0 0.323380 0.128255 0.077315 0.014323
0 0.520139 0.775651 0.063426 0.017448
0 0.694907 0.174089 0.033333 0.033073
0 0.517824 0.218359 0.021759 0.048698
0 0.601157 0.228776 0.086574 0.012240
0 0.536343 0.314714 0.086574 0.012240
0 0.318750 0.835547 0.021759 0.048698
0 0.101157 0.283464 0.021759 0.048698
0 0.943750 0.463542 0.031019 0.033854
0 0.401620 0.432552 0.030093 0.034375
0 0.318750 0.343359 0.058796 0.017448
0 0.036343 0.757422 0.031019 0.033073
0 0.457639 0.439714 0.058796 0.017448
0 0.679861 0.830339 0.031019 0.033073
0 0.751620 0.244141 0.026389 0.037760
0 0.538657 0.364193 0.026389 0.037240
0 0.623148 0.179948 0.070370 0.013542
0 0.587731 0.452734 0.076389 0.012240
0 0.198380 0.395182 0.021759 0.042969
0 0.551389 0.176432 0.079630 0.011719
0 0.869676 0.159766 0.021759 0.040885
0 0.142824 0.151953 0.021759 0.040885
0 0.966898 0.480078 0.021759 0.040885
0 0.735417 0.276953 0.021759 0.040885
0 0.892824 0.451432 0.021759 0.040885
0 0.075694 0.766536 0.026389 0.030469
0 0.367361 0.120703 0.054167 0.014844
0 0.705324 0.208984 0.026389 0.029948
0 0.390509 0.838151 0.017130 0.043490
0 0.844213 0.249349 0.017130 0.042969
0 0.337269 0.417578 0.049537 0.014844
0 0.679861 0.861589 0.058796 0.012240
0 0.162037 0.437109 0.055556 0.012240
0 0.362731 0.740495 0.044907 0.014844
0 0.781713 0.357682 0.021759 0.030469
0 0.067593 0.225911 0.056481 0.011719
0 0.770139 0.257422 0.017130 0.038281
0 0.314120 0.474870 0.068056 0.009635
0 0.770139 0.317318 0.017130 0.038281
0 0.927083 0.228776 0.053241 0.012240
0 0.728009 0.429297 0.016204 0.038281
0 0.843750 0.052734 0.062500 0.009115
0 0.633102 0.243099 0.057870 0.009635
0 0.765046 0.409766 0.016204 0.030469
0 0.110417 0.162370 0.049537 0.009635
0 0.311806 0.738932 0.017130 0.027344
0 0.395139 0.735286 0.017130 0.025260
0 0.946528 0.368099 0.043981 0.009635
0 0.909028 0.499349 0.063426 0.006510
0 0.110417 0.452734 0.012500 0.033073
0 0.811806 0.116797 0.017130 0.022656
0 0.677546 0.123307 0.017130 0.020052
0 0.329861 0.733984 0.016204 0.017448
