0 0.642824 0.651953 0.308796 0.061719
0 0.469213 0.797786 0.118981 0.040885
0 0.615046 0.478776 0.142130 0.033073
0 0.487731 0.616536 0.128241 0.032552
0 0.258102 0.222266 0.104167 0.035677
0 0.749306 0.522005 0.105093 0.035156
0 0.312963 0.825130 0.056481 0.064323
0 0.446065 0.309505 0.054167 0.059115
0 0.672917 0.829036 0.035648 0.087760
0 0.251157 0.409766 0.099537 0.030469
0 0.478472 0.667318 0.044907 0.066406
0 0.663657 0.429297 0.128241 0.022656
0 0.228472 0.285807 0.054167 0.053385
0 0.520139 0.422135 0.118981 0.023958
0 0.654398 0.138932 0.044907 0.061719
0 0.704167 0.618099 0.107407 0.025260
0 0.890509 0.700130 0.044907 0.059115
0 0.948380 0.145833 0.049537 0.049479
0 0.792130 0.475911 0.088889 0.027344
0 0.281713 0.838151 0.049537 0.048698
0 0.777083 0.543880 0.086574 0.027865
0 0.796759 0.411719 0.033333 0.070833
0 0.348843 0.327474 0.035648 0.063802
0 0.561343 0.795182 0.043981 0.051302
0 0.767824 0.273698 0.049537 0.044792
0 0.483102 0.260677 0.035648 0.060417
0 0.501620 0.111589 0.091204 0.022656
0 0.696065 0.454036 0.100463 0.020052
0 0.698380 0.869401 0.040278 0.048698
0 0.781250 0.728776 0.085648 0.022656
0 0.940972 0.588151 0.034722 0.053906
0 0.851157 0.881120 0.040278 0.046094
0 0.446065 0.201432 0.044907 0.040885
0 0.858102 0.404557 0.035648 0.051302
0 0.265046 0.331380 0.071759 0.024740
0 0.513194 0.228776 0.040278 0.043490
0 0.530556 0.301693 0.075000 0.022656
0 0.281713 0.148047 0.095833 0.017448
0 0.323380 0.852474 0.040278 0.040885
0 0.839583 0.860286 0.081944 0.020052
0 0.548380 0.335547 0.071759 0.022656
0 0.947917 0.750911 0.039352 0.040885
0 0.398611 0.287370 0.037963 0.040885
0 0.397454 0.461849 0.077315 0.020052
0 0.573380 0.877214 0.086574 0.017448
0 0.869676 0.082943 0.031019 0.048698
0 0.593750 0.791276 0.025463 0.059115
0 0.920602 0.866536 0.068056 0.022135
0 0.582639 0.295833 0.031019 0.047396
0 0.413657 0.776953 0.035648 0.040885
0 0.508565 0.365495 0.031019 0.046094
0 0.589583 0.376563 0.035648 0.039583
0 0.915972 0.534766 0.068056 0.020052
0 0.698380 0.773047 0.077315 0.017448
0 0.950694 0.415625 0.035648 0.036979
0 0.772454 0.367448 0.068056 0.018750
0 0.751620 0.183203 0.035648 0.035677
0 0.895139 0.816016 0.063426 0.020052
0 0.071065 0.167578 0.035648 0.035677
0 0.471528 0.883724 0.031019 0.040885
0 0.767824 0.852474 0.031019 0.040885
0 0.645602 0.273047 0.071759 0.017448
0 0.591898 0.199479 0.031019 0.039583
0 0.767824 0.393490 0.031019 0.039583
0 0.144676 0.146484 0.062500 0.019531
0 0.797917 0.868099 0.026389 0.046094
0 0.552083 0.834245 0.081019 0.014844
0 0.552546 0.768880 0.026389 0.045573
0 0.199537 0.110286 0.079630 0.014844
0 0.733102 0.208984 0.081944 0.014323
0 0.941435 0.470703 0.035648 0.032552
0 0.910880 0.349870 0.057870 0.020052
0 0.078009 0.261328 0.031019 0.035677
0 0.814120 0.844661 0.031019 0.035677
0 0.580324 0.138932 0.072685 0.014844
0 0.115046 0.304297 0.021759 0.048698
0 0.785880 0.788672 0.085648 0.012240
0 0.915972 0.358984 0.058796 0.017448
0 0.235417 0.425391 0.068056 0.014844
0 0.496991 0.882422 0.026389 0.038281
0 0.362731 0.822526 0.081944 0.012240
0 0.571065 0.244401 0.081944 0.012240
0 0.094213 0.280599 0.026389 0.037760
0 0.249306 0.869141 0.058796 0.016927
0 0.885417 0.257422 0.025463 0.038281
0 0.615046 0.088151 0.077315 0.012240
0 0.346528 0.424089 0.021759 0.043490
0 0.776620 0.804297 0.076389 0.012240
0 0.934028 0.276302 0.020833 0.044792
0 0.552546 0.450130 0.072685 0.012240
0 0.193750 0.258724 0.021759 0.040885
0 0.446065 0.495703 0.091204 0.009635
0 0.140509 0.205339 0.026389 0.033073
0 0.943750 0.520182 0.049537 0.016927
0 0.068750 0.189062 0.049537 0.016146
0 0.723843 0.175391 0.017130 0.046094
0 0.672917 0.761328 0.081944 0.009635
0 0.811806 0.209245 0.017130 0.046094
0 0.561806 0.477474 0.081944 0.009635
0 0.378472 0.132161 0.067130 0.011719
0 0.730324 0.392188 0.048611 0.016146
0 0.714120 0.496094 0.016204 0.046875
0 0.645139 0.895443 0.017130 0.043490
0 0.915972 0.242188 0.021759 0.033854
0 0.689120 0.250651 0.077315 0.009115
0 0.834491 0.431901 0.016204 0.043490
0 0.718750 0.345052 0.016204 0.041667
0 0.594213 0.503516 0.063426 0.009635
0 0.200231 0.816016 0.062500 0.009635
0 0.034028 0.321484 0.017130 0.035156
0 0.811343 0.907161 0.062500 0.009635
0 0.922917 0.197526 0.017130 0.033073
0 0.587269 0.224870 0.058796 0.009635
0 0.221065 0.248307 0.057870 0.009635
0 0.182176 0.421224 0.017130 0.032552
0 0.703009 0.267188 0.049537 0.010937
0 0.028935 0.158464 0.016204 0.033073
0 0.865046 0.154297 0.058796 0.009115
0 0.906713 0.832292 0.021759 0.021354
0 0.482639 0.345703 0.016204 0.027344
0 0.742361 0.713151 0.035648 0.012240
0 0.344213 0.858984 0.035648 0.012240
0 0.901620 0.771745 0.020833 0.020052
0 0.434028 0.763672 0.020833 0.019531
0 0.797917 0.671484 0.017130 0.017448
0 0.172454 0.779557 0.016204 0.014844
