0 0.635880 0.500651 0.072685 0.076823
0 0.736574 0.183203 0.153704 0.030469
0 0.316435 0.869401 0.137500 0.033073
0 0.915972 0.810547 0.058796 0.071615
0 0.089583 0.627214 0.146759 0.027865
0 0.809028 0.634766 0.039352 0.100260
0 0.253935 0.180599 0.123611 0.025260
0 0.488889 0.621354 0.093519 0.031771
0 0.521296 0.138932 0.093519 0.030469
0 0.769676 0.430599 0.090278 0.030469
0 0.315278 0.243099 0.088889 0.030469
0 0.414815 0.468750 0.093519 0.028646
0 0.828009 0.858724 0.095833 0.027344
0 0.934491 0.688411 0.031019 0.082552
0 0.733102 0.809505 0.091204 0.027865
0 0.554861 0.887630 0.086574 0.027865
0 0.387731 0.679297 0.048611 0.048698
0 0.089583 0.555599 0.044907 0.051302
0 0.117361 0.812109 0.081944 0.027865
0 0.578009 0.797786 0.086574 0.025260
0 0.258565 0.603776 0.095833 0.022656
0 0.288194 0.823828 0.081019 0.025260
0 0.436806 0.888932 0.098611 0.020052
0 0.240046 0.465755 0.086574 0.022656
0 0.744676 0.460547 0.040278 0.048698
0 0.874306 0.274349 0.077315 0.025260
0 0.371991 0.640234 0.044907 0.043490
0 0.526620 0.783203 0.030093 0.063802
0 0.593750 0.197526 0.043981 0.043490
0 0.513194 0.827083 0.086574 0.021354
0 0.888194 0.130208 0.040278 0.044271
0 0.235417 0.654557 0.031019 0.056510
0 0.145833 0.289974 0.037037 0.046094
0 0.307176 0.885026 0.072685 0.022656
0 0.707639 0.495703 0.040278 0.040885
0 0.594213 0.289974 0.035648 0.046094
0 0.904398 0.797786 0.035648 0.046094
0 0.770139 0.592057 0.026389 0.061719
0 0.897454 0.199870 0.095833 0.016927
0 0.436806 0.718359 0.026389 0.059115
0 0.464583 0.538672 0.035648 0.043490
0 0.187963 0.490234 0.037963 0.040365
0 0.114583 0.219661 0.076389 0.020052
0 0.184491 0.452734 0.031019 0.048698
0 0.973380 0.275651 0.034722 0.043490
0 0.746991 0.157161 0.100463 0.014844
0 0.409028 0.547786 0.100463 0.014844
0 0.714583 0.610286 0.026389 0.056510
0 0.525926 0.189714 0.065741 0.022656
0 0.404398 0.501563 0.091204 0.016146
0 0.784028 0.188411 0.035648 0.040885
0 0.612731 0.174089 0.081944 0.017448
0 0.332639 0.581641 0.031019 0.046094
0 0.318750 0.607682 0.031019 0.046094
0 0.453009 0.279557 0.031019 0.046094
0 0.744213 0.386328 0.030093 0.046094
0 0.033565 0.778906 0.034722 0.039583
0 0.353472 0.261328 0.091204 0.014844
0 0.402083 0.895443 0.077315 0.017448
0 0.230787 0.442318 0.077315 0.017448
0 0.399306 0.125911 0.090278 0.014844
0 0.568287 0.918880 0.076389 0.017448
0 0.834491 0.478776 0.034722 0.038281
0 0.454167 0.651953 0.088889 0.014844
0 0.241204 0.163672 0.107407 0.012240
0 0.471528 0.497005 0.105093 0.012240
0 0.498843 0.252214 0.104167 0.012240
0 0.492361 0.636328 0.035648 0.035677
0 0.057176 0.409766 0.035648 0.035677
0 0.119676 0.164974 0.031019 0.040885
0 0.371528 0.149349 0.062500 0.020052
0 0.641667 0.401953 0.061111 0.020052
0 0.100000 0.250651 0.084259 0.014323
0 0.557176 0.221615 0.063426 0.018750
0 0.712269 0.747005 0.095833 0.012240
0 0.892824 0.905859 0.095833 0.012240
0 0.061343 0.198177 0.062500 0.018750
0 0.135880 0.470703 0.035648 0.032552
0 0.136574 0.845052 0.074074 0.015625
0 0.045602 0.732682 0.077315 0.014844
0 0.811806 0.129818 0.091204 0.012240
0 0.547917 0.817318 0.091204 0.012240
0 0.749306 0.579036 0.031019 0.035677
0 0.411343 0.180599 0.031019 0.035677
0 0.866204 0.494401 0.033333 0.033073
0 0.297222 0.141536 0.074074 0.014844
0 0.668287 0.167578 0.072685 0.014844
0 0.501620 0.925391 0.072685 0.014844
0 0.566435 0.862891 0.072685 0.014844
0 0.619676 0.205339 0.021759 0.048698
0 0.906713 0.692318 0.021759 0.048698
0 0.459954 0.799740 0.026389 0.039583
0 0.054861 0.491797 0.031019 0.033073
0 0.469213 0.176693 0.026389 0.038281
0 0.540972 0.157161 0.068056 0.014844
0 0.876620 0.377214 0.081944 0.012240
0 0.234954 0.128516 0.067130 0.014844
0 0.284028 0.658203 0.026389 0.037760
0 0.876157 0.921484 0.081019 0.012240
0 0.528935 0.171484 0.081019 0.012240
0 0.595370 0.373307 0.065741 0.014844
0 0.505787 0.422135 0.071759 0.013542
0 0.929861 0.879818 0.077315 0.012240
0 0.485417 0.507422 0.077315 0.012240
0 0.365046 0.559505 0.077315 0.012240
0 0.635880 0.580339 0.054167 0.017448
0 0.103472 0.662370 0.026389 0.035677
0 0.286343 0.339453 0.095833 0.009635
0 0.278935 0.381120 0.062500 0.014844
0 0.265046 0.151953 0.062500 0.014844
0 0.836111 0.137630 0.075000 0.012240
0 0.410880 0.526953 0.030093 0.030469
0 0.561806 0.836589 0.063426 0.014323
0 0.535880 0.387630 0.020833 0.043490
0 0.915972 0.107682 0.021759 0.040885
0 0.714583 0.106380 0.072685 0.012240
0 0.174769 0.214453 0.057870 0.014844
0 0.452546 0.925391 0.057870 0.014844
0 0.793287 0.553646 0.026389 0.031771
0 0.212269 0.684505 0.021759 0.038281
0 0.652083 0.223568 0.021759 0.038281
0 0.841898 0.720964 0.021759 0.038281
0 0.656713 0.723307 0.021759 0.037760
0 0.488889 0.232682 0.084259 0.009635
0 0.825694 0.430599 0.026389 0.030469
0 0.635880 0.284766 0.026389 0.030469
0 0.056713 0.564714 0.016204 0.048698
0 0.950694 0.373307 0.017130 0.046094
0 0.197222 0.322266 0.028704 0.027344
0 0.270139 0.236589 0.063426 0.012240
0 0.605787 0.649089 0.021759 0.035156
0 0.774769 0.242839 0.081944 0.009115
0 0.885880 0.361589 0.026389 0.027865
0 0.142361 0.159505 0.020833 0.035156
0 0.661343 0.356380 0.021759 0.033073
0 0.079861 0.309505 0.016204 0.043490
0 0.050231 0.710807 0.021759 0.032552
0 0.950694 0.308203 0.017130 0.040885
0 0.927546 0.321224 0.017130 0.040885
0 0.543287 0.360286 0.072685 0.009635
0 0.358102 0.279557 0.072685 0.009635
0 0.010880 0.701432 0.017130 0.040885
0 0.424074 0.409766 0.047222 0.014844
0 0.664815 0.434505 0.056481 0.012240
0 0.464583 0.413672 0.017130 0.038281
0 0.698380 0.537370 0.068056 0.009635
0 0.890509 0.431901 0.017130 0.038281
0 0.288657 0.173828 0.054167 0.011719
0 0.235417 0.912109 0.068056 0.009115
0 0.246528 0.397786 0.016204 0.037760
0 0.784028 0.344661 0.063426 0.009635
0 0.628935 0.646745 0.021759 0.025260
0 0.409028 0.830078 0.044907 0.011719
0 0.043287 0.654557 0.017130 0.030469
0 0.457639 0.679948 0.021759 0.023958
0 0.339583 0.426693 0.072685 0.007031
0 0.515046 0.531901 0.053241 0.009115
0 0.388194 0.173828 0.040278 0.011719
0 0.205324 0.421484 0.063426 0.007031
0 0.531713 0.615495 0.021759 0.020052
