0 0.900926 0.022396 0.195370 0.036979
0 0.179861 0.877214 0.160648 0.038281
0 0.288657 0.670182 0.054167 0.098177
0 0.223843 0.638281 0.128241 0.039583
0 0.582176 0.184505 0.113426 0.033073
0 0.165972 0.266536 0.105093 0.030469
0 0.491204 0.327734 0.051852 0.059115
0 0.028935 0.366797 0.053241 0.056510
0 0.469213 0.335547 0.044907 0.064323
0 0.383565 0.704036 0.049537 0.056510
0 0.304861 0.454036 0.049537 0.056510
0 0.404398 0.780208 0.044907 0.057813
0 0.823380 0.426693 0.040278 0.064323
0 0.184491 0.299089 0.086574 0.027865
0 0.508565 0.215755 0.086574 0.027865
0 0.411343 0.702734 0.049537 0.048698
0 0.765046 0.291276 0.043981 0.053906
0 0.895139 0.378516 0.044907 0.051302
0 0.094213 0.754818 0.035648 0.064323
0 0.781713 0.761328 0.049537 0.046094
0 0.603472 0.766536 0.035648 0.061719
0 0.422917 0.177995 0.035648 0.061719
0 0.189120 0.401953 0.105093 0.020052
0 0.723843 0.836849 0.044907 0.046094
0 0.922917 0.318620 0.044907 0.046094
0 0.311806 0.588151 0.091204 0.022656
0 0.233102 0.791927 0.044907 0.044792
0 0.110417 0.473568 0.031019 0.064323
0 0.302546 0.744401 0.035648 0.053906
0 0.207176 0.679297 0.039352 0.048698
0 0.809491 0.629167 0.040278 0.047396
0 0.219213 0.869401 0.081944 0.022656
0 0.281713 0.524349 0.040278 0.046094
0 0.605787 0.322526 0.031019 0.059115
0 0.265509 0.250911 0.072685 0.025260
0 0.103472 0.589453 0.044907 0.040885
0 0.066435 0.378516 0.035648 0.051302
0 0.116204 0.717708 0.042593 0.042188
0 0.697917 0.267578 0.030093 0.058594
0 0.124306 0.676693 0.077315 0.022656
0 0.860417 0.270182 0.040278 0.042969
0 0.795602 0.171484 0.095833 0.017448
0 0.184491 0.153255 0.095833 0.017448
0 0.748148 0.166016 0.075000 0.022135
0 0.089583 0.688411 0.081944 0.020052
0 0.654398 0.513932 0.081944 0.020052
0 0.705324 0.586849 0.081944 0.020052
0 0.565972 0.171484 0.071759 0.022656
0 0.161343 0.412760 0.077315 0.020833
0 0.425926 0.517578 0.041667 0.037760
0 0.205324 0.379557 0.035648 0.042969
0 0.160880 0.282161 0.076389 0.020052
0 0.378935 0.365495 0.031019 0.046094
0 0.052546 0.832943 0.026389 0.053906
0 0.577546 0.237891 0.094907 0.014844
0 0.825694 0.801432 0.063426 0.022135
0 0.645139 0.223307 0.081944 0.016927
0 0.461111 0.608724 0.028704 0.048177
0 0.065278 0.781901 0.070370 0.019531
0 0.124306 0.193620 0.068056 0.020052
0 0.492361 0.390234 0.035648 0.038281
0 0.330324 0.260026 0.035648 0.038281
0 0.084954 0.275651 0.035648 0.038281
0 0.737731 0.480078 0.026389 0.051302
0 0.795602 0.382161 0.031019 0.042969
0 0.442593 0.805599 0.028704 0.046094
0 0.784028 0.305599 0.035648 0.035677
0 0.723843 0.526953 0.063426 0.020052
0 0.073380 0.750911 0.031019 0.040885
0 0.119676 0.380859 0.031019 0.040365
0 0.438657 0.862891 0.030093 0.040885
0 0.866898 0.759766 0.025463 0.048177
0 0.561806 0.875911 0.081944 0.014844
0 0.878935 0.223568 0.031019 0.038281
0 0.823380 0.585547 0.031019 0.038281
0 0.642824 0.478776 0.068056 0.017448
0 0.199537 0.138932 0.079630 0.014844
0 0.277083 0.292578 0.077315 0.014844
0 0.110417 0.568359 0.058796 0.019531
0 0.189120 0.534766 0.021759 0.051302
0 0.859954 0.717708 0.030093 0.036979
0 0.142824 0.597005 0.077315 0.014323
0 0.309491 0.616797 0.063426 0.017448
0 0.374306 0.117448 0.058796 0.018750
0 0.524306 0.929297 0.062500 0.017448
0 0.334954 0.302995 0.026389 0.040885
0 0.084954 0.213151 0.061574 0.017448
0 0.239583 0.214453 0.030093 0.035677
0 0.082639 0.827474 0.021759 0.048177
0 0.396991 0.640234 0.085648 0.012240
0 0.324537 0.520443 0.024074 0.043490
0 0.722685 0.907161 0.070370 0.014844
0 0.207639 0.497005 0.058796 0.017448
0 0.050231 0.619401 0.031019 0.033073
0 0.470370 0.269141 0.028704 0.035677
0 0.686806 0.801693 0.017130 0.059115
0 0.263194 0.545182 0.068056 0.014844
0 0.170139 0.330339 0.057870 0.017448
0 0.191435 0.588151 0.081944 0.012240
0 0.679861 0.474219 0.031019 0.031771
0 0.373148 0.624349 0.056481 0.016927
0 0.073380 0.601172 0.021759 0.043490
0 0.832639 0.817318 0.077315 0.012240
0 0.360417 0.345964 0.021759 0.043490
0 0.749306 0.386328 0.031019 0.030469
0 0.446065 0.685807 0.026389 0.035677
0 0.353472 0.269141 0.026389 0.035677
0 0.804861 0.751953 0.021759 0.042969
0 0.140046 0.296484 0.053241 0.017448
0 0.230324 0.390234 0.020833 0.043490
0 0.403935 0.282161 0.025463 0.035677
0 0.140046 0.578776 0.062500 0.014323
0 0.654398 0.845964 0.072685 0.012240
0 0.073380 0.558203 0.021759 0.040885
0 0.348843 0.322526 0.026389 0.033073
0 0.853472 0.358984 0.026389 0.033073
0 0.580324 0.608984 0.026389 0.033073
0 0.770139 0.549740 0.017130 0.050000
0 0.098843 0.345703 0.026389 0.032552
0 0.309028 0.883724 0.057870 0.014844
0 0.378935 0.444661 0.021759 0.037760
0 0.857639 0.530208 0.025463 0.031771
0 0.293981 0.659766 0.083333 0.009635
0 0.126620 0.888932 0.054167 0.014844
0 0.047917 0.795182 0.054167 0.014844
0 0.867361 0.420182 0.017130 0.046094
0 0.547454 0.560807 0.081019 0.009635
0 0.649306 0.616146 0.016204 0.047396
0 0.904398 0.823177 0.017130 0.044792
0 0.059491 0.698568 0.021759 0.035156
0 0.794444 0.491146 0.047222 0.016146
0 0.219213 0.757812 0.026389 0.028646
0 0.268519 0.138932 0.050926 0.014844
0 0.066435 0.865234 0.081944 0.009115
0 0.304861 0.607682 0.077315 0.009635
0 0.751620 0.775651 0.017130 0.043490
0 0.936806 0.419141 0.017130 0.042969
0 0.221528 0.356120 0.021759 0.032552
0 0.161343 0.464193 0.077315 0.009115
0 0.138194 0.146484 0.077315 0.009115
0 0.015046 0.655859 0.016204 0.043490
0 0.520139 0.610286 0.072685 0.009635
0 0.941435 0.474870 0.017130 0.040885
0 0.807176 0.300391 0.017130 0.040885
0 0.651620 0.246745 0.057870 0.011719
0 0.816435 0.784766 0.026389 0.025260
0 0.409028 0.403255 0.017130 0.038281
0 0.177546 0.361589 0.017130 0.038281
0 0.015509 0.804297 0.017130 0.038281
0 0.404398 0.336849 0.063426 0.009635
0 0.663657 0.743099 0.017130 0.035677
0 0.904398 0.620703 0.063426 0.009635
0 0.946065 0.763932 0.017130 0.035677
0 0.621991 0.230078 0.063426 0.009635
0 0.293287 0.118099 0.063426 0.009635
0 0.608102 0.703776 0.063426 0.009115
0 0.361574 0.288672 0.014815 0.038281
0 0.098843 0.398047 0.017130 0.033073
0 0.620139 0.467057 0.057870 0.009635
0 0.436806 0.377214 0.044907 0.012240
0 0.828009 0.782161 0.021759 0.025260
0 0.572917 0.569922 0.076389 0.007031
0 0.376620 0.403646 0.017130 0.028646
0 0.646296 0.503516 0.047222 0.009635
0 0.525926 0.227474 0.047222 0.009635
0 0.452546 0.561849 0.011574 0.022135
0 0.194444 0.597917 0.041667 0.005729
0 0.466898 0.997656 0.031019 0.003125
