0 0.480787 0.840495 0.151389 0.037760
0 0.591898 0.678385 0.132870 0.041667
0 0.711806 0.648047 0.067130 0.074740
0 0.734954 0.325130 0.057870 0.085156
0 0.851157 0.873307 0.058796 0.061719
0 0.582176 0.726823 0.122685 0.029167
0 0.057176 0.539974 0.054167 0.061719
0 0.918287 0.302995 0.054167 0.061719
0 0.665972 0.323828 0.058796 0.056510
0 0.339120 0.888932 0.127315 0.025260
0 0.524769 0.438411 0.054167 0.056510
0 0.478472 0.379818 0.128241 0.022656
0 0.075694 0.769141 0.054167 0.051302
0 0.246528 0.163672 0.099537 0.027865
0 0.570602 0.375911 0.053241 0.051302
0 0.642824 0.615495 0.105093 0.025260
0 0.851157 0.135677 0.086574 0.029167
0 0.272454 0.813151 0.049537 0.050781
0 0.862731 0.541016 0.146759 0.016927
0 0.353472 0.611589 0.109722 0.022656
0 0.485417 0.481380 0.132870 0.017448
0 0.484259 0.585547 0.047222 0.048698
0 0.950231 0.808203 0.043981 0.051302
0 0.936806 0.226172 0.044907 0.048698
0 0.668287 0.411068 0.044907 0.048698
0 0.496528 0.816016 0.108796 0.020052
0 0.270139 0.579688 0.081944 0.026562
0 0.284028 0.365495 0.081944 0.025260
0 0.936806 0.865495 0.081944 0.025260
0 0.117361 0.162370 0.035648 0.056510
0 0.161343 0.404557 0.077315 0.025260
0 0.638194 0.133724 0.040278 0.046094
0 0.339583 0.210547 0.081944 0.022656
0 0.054861 0.390234 0.031019 0.059115
0 0.837269 0.660807 0.031019 0.058594
0 0.917130 0.883724 0.088889 0.020052
0 0.219213 0.899089 0.091204 0.019531
0 0.436343 0.710547 0.099537 0.017448
0 0.855787 0.766536 0.086574 0.020052
0 0.795139 0.106380 0.039352 0.043490
0 0.144676 0.510026 0.034722 0.048698
0 0.931713 0.635026 0.034722 0.048698
0 0.410880 0.579036 0.113426 0.014844
0 0.304861 0.452734 0.031019 0.053906
0 0.466898 0.687109 0.095833 0.017448
0 0.547917 0.129818 0.072685 0.022656
0 0.635880 0.776953 0.035648 0.046094
0 0.941435 0.750911 0.035648 0.046094
0 0.182176 0.495703 0.035648 0.046094
0 0.427083 0.545182 0.034722 0.046094
0 0.140509 0.314714 0.026389 0.059115
0 0.946065 0.260026 0.035648 0.043490
0 0.589583 0.767839 0.035648 0.043490
0 0.744213 0.348568 0.039352 0.038281
0 0.818750 0.655599 0.031019 0.048177
0 0.957639 0.777604 0.040278 0.036979
0 0.350000 0.128255 0.075000 0.019531
0 0.075694 0.849870 0.035648 0.040885
0 0.353472 0.391536 0.072685 0.020052
0 0.096528 0.298438 0.068056 0.021354
0 0.130093 0.736589 0.033333 0.043490
0 0.878935 0.519141 0.095833 0.014844
0 0.057176 0.804948 0.035648 0.039583
0 0.529398 0.357031 0.072685 0.018750
0 0.547917 0.883724 0.091204 0.014844
0 0.575694 0.133724 0.091204 0.014844
0 0.779398 0.206641 0.091204 0.014844
0 0.404398 0.441016 0.026389 0.051302
0 0.751620 0.110937 0.063426 0.021354
0 0.679861 0.124609 0.031019 0.043490
0 0.939120 0.845964 0.077315 0.017448
0 0.104630 0.193359 0.093519 0.014323
0 0.249306 0.119141 0.077315 0.016927
0 0.300231 0.868099 0.086574 0.014844
0 0.890509 0.110286 0.035648 0.035677
0 0.571065 0.912370 0.063426 0.020052
0 0.608102 0.868099 0.035648 0.035677
0 0.351157 0.659766 0.031019 0.040885
0 0.904398 0.787109 0.063426 0.019531
0 0.170602 0.326432 0.021759 0.056510
0 0.191435 0.237891 0.026389 0.046094
0 0.087963 0.611589 0.069444 0.017448
0 0.362731 0.149089 0.026389 0.045573
0 0.846528 0.809505 0.068056 0.017448
0 0.191435 0.747005 0.035648 0.033073
0 0.814120 0.463151 0.095833 0.012240
0 0.520139 0.898047 0.035648 0.033073
0 0.520139 0.778255 0.091204 0.012240
0 0.374306 0.300391 0.031019 0.035677
0 0.274769 0.792188 0.026389 0.041667
0 0.265509 0.198828 0.026389 0.040885
0 0.170139 0.696224 0.020833 0.051302
0 0.621528 0.206641 0.071759 0.014844
0 0.109954 0.654297 0.030093 0.035156
0 0.402083 0.866797 0.058796 0.017448
0 0.897454 0.691016 0.068056 0.014844
0 0.300231 0.179036 0.031019 0.032552
0 0.279398 0.345964 0.081944 0.012240
0 0.297917 0.741797 0.081944 0.012240
0 0.149769 0.241797 0.081944 0.012240
0 0.091898 0.472266 0.021759 0.046094
0 0.383565 0.695573 0.021759 0.044792
0 0.356944 0.335547 0.079630 0.012240
0 0.578009 0.460547 0.021759 0.043490
0 0.476157 0.124609 0.077315 0.012240
0 0.804861 0.629818 0.021759 0.043490
0 0.096528 0.124609 0.021759 0.043490
0 0.237731 0.821224 0.026389 0.035677
0 0.922917 0.339453 0.026389 0.035677
0 0.316435 0.134766 0.054167 0.016927
0 0.837269 0.785807 0.077315 0.011719
0 0.686806 0.786068 0.072685 0.012240
0 0.103472 0.267839 0.026389 0.033073
0 0.821065 0.257422 0.026389 0.033073
0 0.367361 0.473307 0.072685 0.011719
0 0.966898 0.375000 0.021759 0.039062
0 0.466898 0.464193 0.058796 0.014323
0 0.290972 0.108984 0.068056 0.012240
0 0.812963 0.741797 0.065741 0.012240
0 0.179861 0.786719 0.058796 0.013542
0 0.489583 0.785807 0.067130 0.011719
0 0.050231 0.133724 0.021759 0.035677
0 0.473843 0.229818 0.081944 0.009115
0 0.406713 0.151302 0.021759 0.034375
0 0.436806 0.760026 0.017130 0.043490
0 0.110417 0.379167 0.021759 0.034375
0 0.668287 0.830339 0.017130 0.043490
0 0.332639 0.821224 0.049537 0.014844
0 0.862731 0.384766 0.026389 0.027344
0 0.559028 0.103776 0.020833 0.033073
0 0.515509 0.799089 0.054167 0.012240
0 0.203009 0.714453 0.021759 0.030469
0 0.888194 0.847266 0.021759 0.030469
0 0.765046 0.811849 0.053241 0.011719
0 0.469213 0.195573 0.072685 0.008333
0 0.684491 0.177995 0.021759 0.025260
0 0.089583 0.384375 0.017130 0.031771
0 0.579167 0.866797 0.024074 0.022656
0 0.143981 0.608984 0.042593 0.012240
0 0.190972 0.138932 0.016204 0.030469
0 0.059491 0.372005 0.021759 0.022656
0 0.862731 0.851172 0.017130 0.027865
0 0.827546 0.110286 0.048611 0.009635
0 0.410185 0.520443 0.037963 0.012240
