0 0.248843 0.041016 0.233796 0.048177
0 0.264352 0.017839 0.292593 0.033073
0 0.149306 0.211849 0.136574 0.035677
0 0.089583 0.494401 0.063426 0.064323
0 0.765046 0.304297 0.145833 0.027865
0 0.352315 0.017839 0.116667 0.033073
0 0.235417 0.311458 0.105093 0.031771
0 0.029398 0.244401 0.054167 0.059115
0 0.943750 0.747005 0.095833 0.033073
0 0.712269 0.338151 0.040278 0.069531
0 0.343056 0.736589 0.051852 0.053906
0 0.228472 0.860286 0.054167 0.051302
0 0.648611 0.356120 0.098148 0.027344
0 0.263194 0.838151 0.095833 0.027865
0 0.937963 0.664714 0.047222 0.055990
0 0.218056 0.944922 0.051852 0.048698
0 0.027778 0.293620 0.050926 0.048177
0 0.168287 0.245703 0.091204 0.025260
0 0.934491 0.908464 0.095833 0.022656
0 0.392824 0.800391 0.105093 0.020052
0 0.121991 0.412370 0.044907 0.046094
0 0.084954 0.873307 0.044907 0.046094
0 0.315972 0.621094 0.043981 0.046875
0 0.143981 0.383724 0.079630 0.025260
0 0.221528 0.900651 0.040278 0.048698
0 0.964583 0.640234 0.044907 0.043490
0 0.237269 0.222005 0.034722 0.055990
0 0.098843 0.772786 0.044907 0.042969
0 0.235417 0.191016 0.095833 0.020052
0 0.712269 0.253516 0.031019 0.061719
0 0.138194 0.685547 0.095833 0.019531
0 0.566435 0.911068 0.081944 0.022656
0 0.494676 0.328385 0.077315 0.023958
0 0.809491 0.866797 0.077315 0.022656
0 0.392824 0.562109 0.040278 0.043490
0 0.476157 0.943620 0.086574 0.020052
0 0.240046 0.733724 0.040278 0.042969
0 0.881250 0.411328 0.035648 0.048177
0 0.655556 0.213151 0.037963 0.043490
0 0.808333 0.395443 0.037963 0.043490
0 0.765509 0.321224 0.081944 0.020052
0 0.135417 0.280859 0.071759 0.022656
0 0.047917 0.685547 0.026389 0.061198
0 0.712269 0.179297 0.040278 0.038281
0 0.110417 0.840755 0.040278 0.038281
0 0.837269 0.533464 0.040278 0.038281
0 0.693750 0.866797 0.068056 0.022656
0 0.366204 0.334245 0.033333 0.046094
0 0.828009 0.793880 0.031019 0.048698
0 0.647454 0.925130 0.077315 0.019531
0 0.848843 0.857682 0.072685 0.020052
0 0.635880 0.816016 0.072685 0.020052
0 0.746991 0.123307 0.035648 0.040885
0 0.112731 0.450130 0.081944 0.017448
0 0.147454 0.162370 0.031019 0.046094
0 0.682176 0.157812 0.026389 0.052604
0 0.209954 0.652995 0.035648 0.037760
0 0.663657 0.500651 0.026389 0.050781
0 0.531713 0.767578 0.031019 0.042969
0 0.665972 0.789714 0.068056 0.019531
0 0.744676 0.577474 0.077315 0.016927
0 0.881250 0.788672 0.026389 0.048698
0 0.740046 0.253516 0.031019 0.040885
0 0.784028 0.844401 0.063426 0.019531
0 0.473843 0.559245 0.072685 0.016927
0 0.775926 0.439063 0.028704 0.042188
0 0.154861 0.730078 0.081019 0.014844
0 0.105787 0.257422 0.031019 0.038281
0 0.402083 0.258724 0.058796 0.020052
0 0.524769 0.189714 0.035648 0.033073
0 0.165972 0.475911 0.031019 0.037760
0 0.547454 0.838802 0.062500 0.018750
0 0.473843 0.892839 0.026389 0.043490
0 0.054861 0.180599 0.021759 0.051302
0 0.552546 0.801693 0.063426 0.017448
0 0.165972 0.834245 0.031019 0.035677
0 0.422917 0.226172 0.063426 0.017448
0 0.848380 0.486328 0.025463 0.042969
0 0.022454 0.739193 0.021759 0.048698
0 0.786343 0.793880 0.031019 0.033073
0 0.068750 0.739193 0.031019 0.033073
0 0.571065 0.595964 0.081944 0.012240
0 0.307176 0.137630 0.081944 0.012240
0 0.770139 0.233984 0.081944 0.012240
0 0.825694 0.890234 0.081944 0.012240
0 0.601157 0.675391 0.021759 0.046094
0 0.300231 0.370703 0.021759 0.046094
0 0.392824 0.176432 0.058796 0.016927
0 0.374306 0.638672 0.021759 0.045573
0 0.833796 0.444922 0.079630 0.012240
0 0.829167 0.606380 0.079630 0.012240
0 0.142824 0.322917 0.021759 0.044271
0 0.075694 0.345052 0.026389 0.036458
0 0.897454 0.502214 0.021759 0.043490
0 0.064120 0.692318 0.021759 0.043490
0 0.781713 0.278255 0.077315 0.012240
0 0.453009 0.575130 0.077315 0.012240
0 0.927546 0.799089 0.054167 0.017448
0 0.209491 0.459896 0.025463 0.036979
0 0.348843 0.842057 0.026389 0.035677
0 0.277083 0.480078 0.095833 0.009635
0 0.839583 0.750651 0.026389 0.035156
0 0.876620 0.669922 0.026389 0.035156
0 0.896991 0.736589 0.020833 0.043490
0 0.138194 0.808203 0.021759 0.040885
0 0.457639 0.807292 0.031019 0.028646
0 0.397454 0.938411 0.058796 0.014844
0 0.012731 0.211849 0.020833 0.040885
0 0.809491 0.739193 0.021759 0.038281
0 0.582176 0.780599 0.030093 0.027344
0 0.523611 0.360286 0.079630 0.009635
0 0.472685 0.667578 0.051852 0.014844
0 0.624306 0.547526 0.021759 0.035156
0 0.744676 0.446484 0.021759 0.035156
0 0.716898 0.748307 0.049537 0.014844
0 0.351157 0.229427 0.086574 0.008333
0 0.809491 0.556901 0.021759 0.033073
0 0.589583 0.610286 0.072685 0.009635
0 0.515509 0.700521 0.017130 0.039062
0 0.615046 0.857682 0.068056 0.009635
0 0.679861 0.938411 0.068056 0.009635
0 0.850694 0.709896 0.057870 0.010937
0 0.950231 0.648047 0.016204 0.038281
0 0.654398 0.904557 0.063426 0.009635
0 0.723843 0.485286 0.017130 0.035677
0 0.797917 0.534115 0.017130 0.034375
0 0.755787 0.701432 0.016204 0.035677
0 0.459954 0.787109 0.063426 0.009115
0 0.815972 0.248307 0.016204 0.035677
0 0.052083 0.253516 0.016204 0.035677
0 0.782870 0.533464 0.014815 0.038281
0 0.425231 0.849870 0.058796 0.009635
0 0.078009 0.654557 0.021759 0.025260
0 0.938657 0.547786 0.020833 0.025260
0 0.156713 0.348568 0.021759 0.022656
0 0.697917 0.458594 0.057870 0.008333
0 0.108102 0.816016 0.017130 0.025260
0 0.841435 0.414974 0.011574 0.035677
0 0.010880 0.540625 0.017130 0.023958
0 0.318750 0.400391 0.012500 0.032552
0 0.488889 0.004818 0.056481 0.007031
0 0.566435 0.750911 0.017130 0.019010
