0 0.887037 0.025651 0.223148 0.043490
0 0.172917 0.842057 0.063426 0.092969
0 0.619676 0.856120 0.058796 0.058594
0 0.196065 0.236589 0.100463 0.033073
0 0.309491 0.879557 0.095833 0.032552
0 0.584954 0.321224 0.044907 0.066927
0 0.529398 0.230078 0.044907 0.061719
0 0.782870 0.274349 0.088889 0.030469
0 0.861574 0.239193 0.088889 0.027865
0 0.357639 0.309505 0.043981 0.053906
0 0.246991 0.297786 0.044907 0.051302
0 0.890509 0.138932 0.044907 0.051302
0 0.858102 0.559505 0.100463 0.022656
0 0.880787 0.577734 0.081019 0.027865
0 0.218750 0.741146 0.099537 0.021354
0 0.094213 0.489193 0.035648 0.059115
0 0.112731 0.249609 0.109722 0.017448
0 0.258102 0.809245 0.039352 0.048177
0 0.381250 0.797786 0.044907 0.040885
0 0.450694 0.912370 0.072685 0.025260
0 0.885880 0.709245 0.035648 0.051302
0 0.376157 0.250911 0.043981 0.040885
0 0.216898 0.270443 0.077315 0.022656
0 0.105324 0.632422 0.076389 0.022656
0 0.286343 0.708984 0.086574 0.019531
0 0.814120 0.342057 0.040278 0.040885
0 0.959491 0.188411 0.034722 0.046094
0 0.454167 0.429297 0.070370 0.022656
0 0.119676 0.495703 0.031019 0.051302
0 0.050231 0.760026 0.040278 0.038281
0 0.455324 0.741536 0.035648 0.042969
0 0.665972 0.666016 0.068056 0.022135
0 0.133102 0.760026 0.039352 0.038281
0 0.186806 0.415625 0.035648 0.042188
0 0.807176 0.576432 0.072685 0.020052
0 0.207639 0.621354 0.068056 0.021354
0 0.440972 0.224870 0.071759 0.020052
0 0.091898 0.287370 0.031019 0.046094
0 0.084954 0.713151 0.081944 0.017448
0 0.366204 0.461589 0.098148 0.014323
0 0.721065 0.175391 0.039352 0.035677
0 0.064120 0.515885 0.031019 0.044792
0 0.605787 0.469661 0.068056 0.020052
0 0.716898 0.293880 0.077315 0.017448
0 0.328009 0.773047 0.077315 0.017448
0 0.659028 0.248307 0.063426 0.020052
0 0.520139 0.901693 0.063426 0.019531
0 0.098843 0.560807 0.026389 0.046094
0 0.858102 0.326432 0.026389 0.046094
0 0.315278 0.754557 0.070370 0.016927
0 0.054861 0.546484 0.031019 0.038281
0 0.781713 0.629818 0.068056 0.017448
0 0.746991 0.127214 0.035648 0.033073
0 0.605787 0.853776 0.021759 0.053906
0 0.814120 0.128516 0.058796 0.020052
0 0.936806 0.176693 0.035648 0.033073
0 0.043287 0.387630 0.035648 0.033073
0 0.237731 0.132422 0.035648 0.033073
0 0.175231 0.765234 0.021759 0.053906
0 0.380787 0.745052 0.062500 0.018750
0 0.258102 0.521745 0.057870 0.020052
0 0.612731 0.113932 0.035648 0.032552
0 0.503935 0.176432 0.068056 0.016927
0 0.499306 0.123307 0.077315 0.014844
0 0.571065 0.569922 0.091204 0.012240
0 0.809491 0.232682 0.021759 0.051302
0 0.388194 0.873047 0.077315 0.014323
0 0.728472 0.148047 0.063426 0.017448
0 0.522454 0.813411 0.031019 0.035677
0 0.147454 0.555859 0.031019 0.035156
0 0.236574 0.241536 0.033333 0.032552
0 0.242361 0.628516 0.026389 0.040885
0 0.307176 0.836849 0.072685 0.014844
0 0.483102 0.763932 0.072685 0.014844
0 0.473843 0.201432 0.026389 0.040885
0 0.499306 0.210547 0.031019 0.033073
0 0.272454 0.236589 0.058796 0.017448
0 0.133565 0.737891 0.068056 0.014844
0 0.113889 0.454297 0.028704 0.035156
0 0.175231 0.560807 0.021759 0.046094
0 0.200231 0.119401 0.025463 0.038281
0 0.091898 0.166276 0.021759 0.043490
0 0.598843 0.215755 0.054167 0.017448
0 0.547917 0.103776 0.054167 0.017448
0 0.598843 0.172786 0.063426 0.014844
0 0.406713 0.610026 0.031019 0.029948
0 0.540972 0.164974 0.021759 0.040885
0 0.462269 0.120703 0.021759 0.040885
0 0.265509 0.148047 0.072685 0.012240
0 0.818287 0.508724 0.057870 0.014844
0 0.369676 0.112630 0.058796 0.014323
0 0.147454 0.345703 0.049537 0.016927
0 0.207639 0.916276 0.021759 0.038281
0 0.175231 0.676693 0.021759 0.038281
0 0.741204 0.554036 0.070370 0.011719
0 0.216898 0.858333 0.021759 0.036979
0 0.436806 0.201432 0.054167 0.014844
0 0.218750 0.562109 0.016204 0.048698
0 0.851157 0.175391 0.021759 0.035677
0 0.279398 0.137630 0.063426 0.012240
0 0.837269 0.370443 0.021759 0.035156
0 0.617361 0.340495 0.017130 0.042969
0 0.061806 0.452734 0.026389 0.027865
0 0.571065 0.146745 0.017130 0.040885
0 0.496991 0.154557 0.072685 0.009635
0 0.659028 0.235286 0.072685 0.009635
0 0.881250 0.171875 0.017130 0.039062
0 0.813657 0.155859 0.020833 0.032031
0 0.084954 0.498307 0.026389 0.025260
0 0.351157 0.441016 0.068056 0.009635
0 0.929861 0.414714 0.021759 0.029948
0 0.765509 0.110286 0.017130 0.035677
0 0.383565 0.129818 0.049537 0.012240
0 0.844213 0.406901 0.017130 0.035156
0 0.135880 0.323568 0.063426 0.009115
0 0.494676 0.308203 0.058796 0.009635
0 0.950694 0.247005 0.017130 0.033073
0 0.200231 0.593750 0.016204 0.033854
0 0.203009 0.219661 0.021759 0.025260
0 0.263194 0.164714 0.058796 0.009115
0 0.777083 0.217057 0.049537 0.009635
0 0.596528 0.128516 0.021759 0.020052
0 0.321065 0.392839 0.035648 0.012240
0 0.061806 0.831641 0.044907 0.009635
0 0.316435 0.135026 0.017130 0.022656
