0 0.534028 0.618099 0.230093 0.056510
0 0.293981 0.610286 0.101852 0.103385
0 0.168981 0.591797 0.157407 0.045573
0 0.397454 0.767839 0.132870 0.043490
0 0.293287 0.866146 0.054167 0.104688
0 0.140509 0.651953 0.146759 0.035677
0 0.749306 0.894792 0.142130 0.031771
0 0.365741 0.128516 0.143519 0.030469
0 0.855787 0.507422 0.114352 0.033073
0 0.496991 0.865495 0.146759 0.025260
0 0.892361 0.266276 0.104167 0.035156
0 0.499306 0.818620 0.058796 0.061719
0 0.774769 0.855729 0.118981 0.026562
0 0.327546 0.788672 0.094907 0.033073
0 0.788194 0.731120 0.053241 0.058594
0 0.970370 0.248307 0.056481 0.051302
0 0.309491 0.619401 0.031019 0.085156
0 0.270139 0.670182 0.044907 0.056510
0 0.526389 0.895443 0.106481 0.022656
0 0.832639 0.564714 0.086574 0.027865
0 0.110417 0.485938 0.040278 0.057813
0 0.348843 0.661068 0.044907 0.048698
0 0.170602 0.148047 0.095833 0.022656
0 0.200231 0.900391 0.090278 0.022135
0 0.121991 0.098568 0.044907 0.043490
0 0.440278 0.840104 0.088889 0.021354
0 0.797917 0.403255 0.035648 0.048698
0 0.427546 0.778255 0.072685 0.022656
0 0.297917 0.504818 0.128241 0.012240
0 0.963426 0.181641 0.070370 0.022135
0 0.885880 0.309896 0.109722 0.013021
0 0.328704 0.133724 0.069444 0.020052
0 0.661343 0.070964 0.095833 0.014323
0 0.657407 0.281901 0.069444 0.019531
0 0.934028 0.293880 0.094907 0.012240
0 0.396296 0.762630 0.084259 0.012240
0 0.932176 0.059505 0.026389 0.038281
0 0.084954 0.271745 0.017130 0.056510
0 0.656713 0.049089 0.077315 0.012240
0 0.626620 0.930599 0.054167 0.014844
0 0.983102 0.273047 0.017130 0.043490
0 0.453009 0.870703 0.049537 0.014844
0 0.174769 0.164714 0.076389 0.009115
0 0.971528 0.311458 0.021759 0.031771
0 0.991204 0.138932 0.014815 0.040885
0 0.091898 0.316667 0.021759 0.026562
0 0.241898 0.549740 0.062500 0.008333
0 0.487731 0.930599 0.054167 0.009635
0 0.098843 0.993099 0.044907 0.009635
