0 0.121991 0.719661 0.091204 0.082552
0 0.668287 0.878516 0.128241 0.040885
0 0.274769 0.835547 0.063426 0.079948
0 0.268519 0.593099 0.060185 0.074219
0 0.712269 0.109635 0.123611 0.034375
0 0.948380 0.440755 0.049537 0.071615
0 0.561806 0.840104 0.109722 0.031771
0 0.531713 0.235286 0.114352 0.030469
0 0.225694 0.122005 0.104167 0.033073
0 0.061343 0.186849 0.053241 0.063802
0 0.663657 0.275391 0.100463 0.032552
0 0.295602 0.203776 0.105093 0.029948
0 0.909028 0.702734 0.109722 0.027865
0 0.168287 0.420573 0.044907 0.067708
0 0.566435 0.215495 0.109722 0.027344
0 0.057176 0.487240 0.054167 0.055208
0 0.094213 0.719661 0.035648 0.082552
0 0.844213 0.090495 0.054167 0.053385
0 0.084954 0.788672 0.100463 0.027865
0 0.096528 0.465755 0.049537 0.053906
0 0.659028 0.245052 0.091204 0.029167
0 0.945602 0.174089 0.053241 0.048698
0 0.753935 0.521745 0.049537 0.051302
0 0.615046 0.009766 0.142130 0.016927
0 0.841898 0.189714 0.049537 0.048698
0 0.165972 0.122005 0.049537 0.048698
0 0.172454 0.853776 0.081019 0.027865
0 0.730787 0.688411 0.086574 0.025260
0 0.913657 0.407161 0.044907 0.046094
0 0.848843 0.269141 0.081944 0.025260
0 0.082639 0.612630 0.105093 0.019531
0 0.459954 0.664323 0.026389 0.076042
0 0.306019 0.114193 0.088889 0.022656
0 0.415972 0.405859 0.040278 0.048698
0 0.559491 0.524349 0.077315 0.025260
0 0.902083 0.097266 0.095833 0.020052
0 0.721065 0.562109 0.039352 0.048698
0 0.161343 0.591406 0.031019 0.060417
0 0.409028 0.521745 0.044907 0.040885
0 0.032407 0.655859 0.041667 0.043490
0 0.786343 0.288672 0.077315 0.022656
0 0.336111 0.323828 0.037963 0.046094
0 0.293287 0.601823 0.026389 0.065625
0 0.064120 0.592057 0.086574 0.020052
0 0.101157 0.257161 0.040278 0.042969
0 0.198380 0.397786 0.040278 0.042969
0 0.885880 0.781901 0.118981 0.014323
0 0.187963 0.653255 0.037963 0.043490
0 0.767824 0.886328 0.040278 0.040885
0 0.332639 0.167578 0.040278 0.040885
0 0.823380 0.442969 0.086574 0.018750
0 0.885417 0.992448 0.118056 0.013542
0 0.608102 0.760026 0.091204 0.017448
0 0.335417 0.754557 0.071759 0.022135
0 0.946065 0.351172 0.035648 0.043490
0 0.696065 0.639974 0.091204 0.016927
0 0.906713 0.444922 0.031019 0.048698
0 0.554861 0.563151 0.105093 0.014323
0 0.809028 0.166276 0.039352 0.038281
0 0.959954 0.339453 0.026389 0.056510
0 0.323380 0.393490 0.040278 0.036979
0 0.339583 0.499609 0.118981 0.012240
0 0.973843 0.831641 0.035648 0.040885
0 0.677546 0.193620 0.072685 0.020052
0 0.746991 0.125651 0.100463 0.014323
0 0.580324 0.799089 0.081944 0.017448
0 0.138194 0.503516 0.031019 0.046094
0 0.698380 0.623307 0.095833 0.014844
0 0.475694 0.401953 0.030093 0.046094
0 0.284028 0.424089 0.035648 0.038281
0 0.441435 0.256120 0.091204 0.014844
0 0.381250 0.907161 0.091204 0.014844
0 0.221528 0.374609 0.031019 0.043490
0 0.915972 0.296484 0.031019 0.043490
0 0.365046 0.588151 0.031019 0.043490
0 0.547454 0.119401 0.034722 0.038281
0 0.651620 0.880469 0.094907 0.013542
0 0.770139 0.858984 0.026389 0.048698
0 0.196065 0.609245 0.026389 0.048177
0 0.390509 0.217057 0.035648 0.035677
0 0.538657 0.136328 0.035648 0.035677
0 0.510880 0.576432 0.063426 0.020052
0 0.440972 0.861589 0.071759 0.017448
0 0.230787 0.667318 0.031019 0.040365
0 0.225000 0.146745 0.061111 0.020052
0 0.779398 0.844661 0.026389 0.046094
0 0.413657 0.701432 0.026389 0.046094
0 0.091898 0.562109 0.031019 0.038281
0 0.240046 0.327734 0.068056 0.017448
0 0.527083 0.469661 0.058796 0.020052
0 0.621991 0.780859 0.035648 0.033073
0 0.040509 0.835547 0.067130 0.017448
0 0.494676 0.529557 0.077315 0.014844
0 0.608102 0.187109 0.026389 0.043490
0 0.795139 0.095964 0.020833 0.053906
0 0.520139 0.713151 0.091204 0.012240
0 0.860417 0.373307 0.031019 0.035677
0 0.193750 0.373307 0.031019 0.035677
0 0.311806 0.780859 0.063426 0.017448
0 0.631944 0.620703 0.074074 0.014844
0 0.131250 0.545182 0.026389 0.040885
0 0.515509 0.821224 0.072685 0.014844
0 0.520139 0.688411 0.072685 0.014844
0 0.526620 0.886328 0.030093 0.035677
0 0.534028 0.771484 0.026389 0.040365
0 0.078009 0.291276 0.021759 0.048698
0 0.260880 0.723568 0.017130 0.059115
0 0.619213 0.325130 0.020833 0.048698
0 0.318750 0.243099 0.068056 0.014844
0 0.068750 0.795182 0.068056 0.014844
0 0.698380 0.750911 0.068056 0.014844
0 0.950694 0.400651 0.026389 0.038281
0 0.540972 0.620703 0.021759 0.046094
0 0.633565 0.215755 0.077315 0.012240
0 0.781713 0.202734 0.021759 0.043490
0 0.274769 0.344661 0.063426 0.014844
0 0.505787 0.101172 0.053241 0.017448
0 0.689120 0.385677 0.031019 0.029167
0 0.920139 0.386589 0.030093 0.029948
0 0.140509 0.808203 0.017130 0.051302
0 0.559491 0.224609 0.095833 0.009115
0 0.654398 0.008073 0.063426 0.013542
0 0.450231 0.142187 0.053241 0.016146
0 0.658565 0.795182 0.016204 0.051302
0 0.073380 0.361589 0.021759 0.038281
0 0.130787 0.182943 0.090278 0.009115
0 0.784028 0.508724 0.017130 0.046094
0 0.793287 0.749609 0.063426 0.012240
0 0.427546 0.242839 0.054167 0.014323
0 0.165972 0.604818 0.021759 0.035156
0 0.755787 0.347266 0.016204 0.046094
0 0.811806 0.917318 0.081944 0.009115
0 0.439120 0.508073 0.021759 0.034375
0 0.168287 0.520443 0.017130 0.043490
0 0.938657 0.300391 0.020833 0.035677
0 0.810648 0.757161 0.061111 0.011719
0 0.788657 0.487891 0.072685 0.009635
0 0.760880 0.714453 0.017130 0.040885
0 0.251620 0.099870 0.044907 0.014844
0 0.788657 0.545182 0.026389 0.025260
0 0.323380 0.891536 0.068056 0.009635
0 0.061806 0.431901 0.017130 0.038281
0 0.441435 0.640234 0.017130 0.038281
0 0.763194 0.172786 0.068056 0.009635
0 0.913657 0.822786 0.017130 0.037760
0 0.866204 0.325130 0.014815 0.043490
0 0.603472 0.081641 0.063426 0.009635
0 0.890509 0.305599 0.017130 0.035677
0 0.156713 0.575130 0.021759 0.027865
0 0.343750 0.417578 0.062500 0.009635
0 0.029398 0.527865 0.017130 0.033854
0 0.691435 0.851172 0.017130 0.033073
0 0.573380 0.170182 0.058796 0.009635
0 0.047917 0.460286 0.017130 0.032552
0 0.140509 0.404557 0.017130 0.030469
0 0.823380 0.832943 0.012500 0.038281
0 0.376620 0.395443 0.017130 0.027865
0 0.966898 0.558203 0.012500 0.035677
0 0.638194 0.417578 0.031019 0.009635
0 0.981944 0.004167 0.033333 0.005729
