0 0.480787 0.411068 0.123611 0.033073
0 0.209491 0.318620 0.127315 0.030469
0 0.156713 0.787370 0.049537 0.077344
0 0.549769 0.836849 0.104167 0.035677
0 0.778935 0.861589 0.053241 0.069531
0 0.644676 0.429297 0.127315 0.027865
0 0.934491 0.866797 0.105093 0.033073
0 0.420602 0.801432 0.123611 0.027344
0 0.228472 0.748307 0.109722 0.030469
0 0.154398 0.849870 0.054167 0.056510
0 0.344213 0.827734 0.109722 0.027865
0 0.670139 0.852474 0.039352 0.066927
0 0.499306 0.813151 0.105093 0.024740
0 0.152083 0.521745 0.123611 0.020052
0 0.135880 0.770443 0.044907 0.053906
0 0.932176 0.806901 0.044907 0.053906
0 0.115046 0.319922 0.049537 0.048698
0 0.279398 0.862891 0.091204 0.025260
0 0.390509 0.370703 0.044907 0.051302
0 0.121991 0.218359 0.044907 0.048698
0 0.604630 0.869401 0.047222 0.043490
0 0.547917 0.356120 0.091204 0.022135
0 0.510880 0.879167 0.044907 0.044792
0 0.466898 0.460547 0.040278 0.048698
0 0.723843 0.749349 0.044907 0.042969
0 0.876620 0.882422 0.109722 0.017448
0 0.359954 0.424089 0.039352 0.048698
0 0.936806 0.607682 0.026389 0.072135
0 0.831481 0.603776 0.084259 0.022656
0 0.552083 0.730078 0.043981 0.040885
0 0.513194 0.799089 0.077315 0.022656
0 0.550231 0.116797 0.040278 0.043490
0 0.897454 0.752214 0.031019 0.053906
0 0.795602 0.115495 0.040278 0.040885
0 0.804861 0.784505 0.040278 0.040365
0 0.466898 0.378516 0.077315 0.020052
0 0.767824 0.478776 0.031019 0.048698
0 0.351157 0.747005 0.031019 0.048698
0 0.178704 0.896745 0.075000 0.020052
0 0.108102 0.490495 0.026389 0.056510
0 0.714583 0.201432 0.072685 0.020052
0 0.860417 0.086589 0.095833 0.014323
0 0.177546 0.184505 0.035648 0.038281
0 0.973843 0.709245 0.026389 0.051302
0 0.863889 0.717057 0.037963 0.035677
0 0.277546 0.543880 0.076389 0.017448
0 0.116898 0.194922 0.034722 0.038281
0 0.814120 0.808854 0.031019 0.042188
0 0.647454 0.580339 0.021759 0.059115
0 0.390509 0.282161 0.063426 0.020052
0 0.807176 0.713151 0.072685 0.017448
0 0.302083 0.383724 0.081019 0.014844
0 0.846528 0.111589 0.031019 0.038281
0 0.165972 0.767839 0.031019 0.038281
0 0.477315 0.516536 0.079630 0.014844
0 0.478472 0.671484 0.035648 0.033073
0 0.742361 0.634375 0.072685 0.016146
0 0.226157 0.158203 0.031019 0.037760
0 0.981944 0.649089 0.033333 0.035156
0 0.693750 0.595703 0.021759 0.053385
0 0.145139 0.801693 0.026389 0.043490
0 0.371528 0.317318 0.034722 0.033073
0 0.108102 0.262370 0.026389 0.042969
0 0.675231 0.336849 0.021759 0.051302
0 0.253935 0.797786 0.031019 0.035677
0 0.584954 0.816016 0.026389 0.040885
0 0.728472 0.085286 0.091204 0.011719
0 0.162500 0.429297 0.061111 0.017448
0 0.471528 0.205339 0.031019 0.033073
0 0.439120 0.853776 0.031019 0.033073
0 0.642824 0.724870 0.068056 0.014844
0 0.552546 0.905859 0.081944 0.012240
0 0.737731 0.606380 0.081944 0.012240
0 0.681713 0.707682 0.081019 0.011719
0 0.851157 0.640234 0.077315 0.012240
0 0.246991 0.754818 0.054167 0.017448
0 0.742361 0.108984 0.054167 0.017448
0 0.124306 0.120703 0.031019 0.030469
0 0.365046 0.263932 0.031019 0.030469
0 0.774769 0.662370 0.063426 0.014844
0 0.570602 0.140234 0.053241 0.017448
0 0.948380 0.680599 0.021759 0.040885
0 0.082639 0.743099 0.021759 0.040885
0 0.607639 0.119401 0.071759 0.012240
0 0.508565 0.118099 0.058796 0.014844
0 0.663194 0.679036 0.071759 0.011719
0 0.603472 0.493099 0.026389 0.030469
0 0.682176 0.115495 0.017130 0.046094
0 0.455324 0.867839 0.017130 0.045573
0 0.316435 0.179036 0.063426 0.011719
0 0.332639 0.786068 0.021759 0.033073
0 0.973843 0.802995 0.017130 0.040885
0 0.584954 0.633464 0.017130 0.040365
0 0.235417 0.282813 0.021759 0.031771
0 0.096528 0.180599 0.021759 0.030469
0 0.226157 0.823828 0.021759 0.030469
0 0.147454 0.201432 0.021759 0.030469
0 0.221528 0.407161 0.068056 0.009635
0 0.177546 0.692318 0.017130 0.038281
0 0.339583 0.873047 0.026389 0.024740
0 0.441435 0.177734 0.017130 0.035156
0 0.281713 0.877865 0.068056 0.008333
0 0.163657 0.569661 0.017130 0.032552
0 0.674769 0.146745 0.057870 0.009635
0 0.513194 0.204036 0.021759 0.025260
0 0.899769 0.598307 0.044907 0.011719
0 0.988889 0.756120 0.019444 0.024219
0 0.371991 0.891536 0.017130 0.025260
0 0.087269 0.434505 0.012500 0.033073
0 0.670602 0.881120 0.040278 0.009635
0 0.163657 0.095964 0.017130 0.022656
0 0.531713 0.648438 0.012500 0.028646
0 0.612731 0.030599 0.026389 0.006510
