0 0.045602 0.183854 0.086574 0.151562
0 0.219213 0.155859 0.081944 0.074740
0 0.427546 0.681641 0.156019 0.032552
0 0.543287 0.408464 0.128241 0.038281
0 0.441435 0.636328 0.072685 0.066927
0 0.260880 0.469661 0.054167 0.072135
0 0.480324 0.750911 0.150463 0.025260
0 0.623843 0.597917 0.113426 0.031771
0 0.718750 0.255859 0.118056 0.029948
0 0.184491 0.692318 0.123611 0.027865
0 0.784028 0.836198 0.128241 0.023958
0 0.816435 0.576432 0.100463 0.030469
0 0.380787 0.111589 0.053241 0.053906
0 0.883565 0.787109 0.049537 0.055990
0 0.383565 0.192318 0.049537 0.053906
0 0.179861 0.745703 0.095833 0.025260
0 0.635880 0.167578 0.035648 0.066927
0 0.601157 0.158464 0.040278 0.059115
0 0.851157 0.866536 0.086574 0.027344
0 0.209954 0.506120 0.044907 0.051302
0 0.241204 0.270443 0.042593 0.053906
0 0.571065 0.718359 0.081944 0.027865
0 0.307176 0.468359 0.081944 0.027865
0 0.686806 0.521484 0.044907 0.050781
0 0.571065 0.649089 0.091204 0.024740
0 0.612731 0.712891 0.100463 0.022135
0 0.263194 0.650651 0.095833 0.022656
0 0.878935 0.099609 0.086574 0.024740
0 0.517824 0.177995 0.040278 0.051302
0 0.318750 0.194922 0.031019 0.064323
0 0.193287 0.707943 0.113426 0.017448
0 0.698380 0.756120 0.077315 0.025260
0 0.811806 0.796484 0.035648 0.053906
0 0.620833 0.559505 0.107407 0.017448
0 0.105324 0.438411 0.030093 0.061719
0 0.381250 0.662370 0.035648 0.051302
0 0.659028 0.211849 0.091204 0.020052
0 0.589583 0.581641 0.091204 0.020052
0 0.274769 0.524349 0.035648 0.051302
0 0.303704 0.545182 0.028704 0.061719
0 0.406713 0.585547 0.077315 0.022656
0 0.735417 0.101172 0.040278 0.043490
0 0.209954 0.426693 0.035648 0.048698
0 0.752778 0.875911 0.084259 0.020052
0 0.387731 0.904557 0.113426 0.014844
0 0.314120 0.345703 0.031019 0.053385
0 0.316435 0.395443 0.072685 0.022656
0 0.172454 0.825130 0.071759 0.022656
0 0.830324 0.142578 0.072685 0.022135
0 0.770139 0.184505 0.091204 0.017448
0 0.065972 0.628255 0.034722 0.045573
0 0.818750 0.656901 0.031019 0.050781
0 0.679861 0.696224 0.077315 0.020052
0 0.406713 0.245443 0.105093 0.014323
0 0.760880 0.146745 0.026389 0.056510
0 0.299074 0.812109 0.065741 0.022656
0 0.270139 0.485286 0.035648 0.040885
0 0.371991 0.275651 0.081944 0.017448
0 0.920602 0.224870 0.031019 0.046094
0 0.360417 0.385026 0.114352 0.012240
0 0.684028 0.847266 0.030093 0.046094
0 0.552546 0.499609 0.035648 0.038281
0 0.858102 0.700130 0.035648 0.038281
0 0.233102 0.743099 0.091204 0.014844
0 0.966898 0.228776 0.031019 0.043490
0 0.277083 0.873958 0.031019 0.042188
0 0.668287 0.138932 0.063426 0.020052
0 0.858102 0.886328 0.063426 0.020052
0 0.510880 0.398047 0.072685 0.017448
0 0.409028 0.140234 0.072685 0.017448
0 0.934491 0.586849 0.031019 0.040885
0 0.491204 0.699870 0.033333 0.037760
0 0.740046 0.607422 0.031019 0.040365
0 0.760417 0.289714 0.034722 0.035156
0 0.332639 0.702734 0.031019 0.038281
0 0.642824 0.806901 0.068056 0.017448
0 0.369676 0.510026 0.068056 0.017448
0 0.384722 0.441016 0.079630 0.014844
0 0.883565 0.385026 0.021759 0.053906
0 0.892824 0.212891 0.021759 0.053385
0 0.223843 0.661068 0.063426 0.017448
0 0.535880 0.620313 0.030093 0.036458
0 0.728472 0.673828 0.063426 0.016927
0 0.253472 0.516536 0.020833 0.051302
0 0.367361 0.718099 0.063426 0.016927
0 0.165509 0.633724 0.020833 0.051302
0 0.103009 0.680599 0.071759 0.014844
0 0.603472 0.870443 0.072685 0.014323
0 0.728472 0.822917 0.026389 0.039062
0 0.443750 0.408464 0.031019 0.033073
0 0.230787 0.727474 0.068056 0.014844
0 0.142824 0.552995 0.021759 0.046094
0 0.788657 0.144141 0.017130 0.056510
0 0.682176 0.803385 0.026389 0.036458
0 0.101157 0.671484 0.077315 0.012240
0 0.381250 0.395443 0.054167 0.017448
0 0.040972 0.620703 0.031019 0.030469
0 0.409028 0.562109 0.054167 0.017448
0 0.339583 0.128516 0.063426 0.014844
0 0.663194 0.108984 0.053241 0.017448
0 0.772454 0.355339 0.031019 0.029948
0 0.348843 0.854818 0.026389 0.035156
0 0.645139 0.780859 0.072685 0.012240
0 0.471528 0.566016 0.021759 0.040885
0 0.455324 0.138932 0.017130 0.051302
0 0.191435 0.261328 0.017130 0.051302
0 0.480787 0.224609 0.021759 0.040365
0 0.785185 0.719661 0.056481 0.014844
0 0.341898 0.150651 0.068056 0.012240
0 0.582176 0.755859 0.057870 0.014323
0 0.707176 0.744401 0.067130 0.012240
0 0.480324 0.908464 0.067130 0.012240
0 0.515509 0.852474 0.026389 0.030469
0 0.124306 0.656901 0.086574 0.009115
0 0.733102 0.547786 0.081944 0.009635
0 0.876620 0.125651 0.054167 0.014323
0 0.175231 0.505859 0.021759 0.035156
0 0.950231 0.805599 0.016204 0.046094
0 0.170602 0.391536 0.077315 0.009635
0 0.844213 0.752214 0.017130 0.043490
0 0.922454 0.877865 0.025463 0.029167
0 0.762500 0.197526 0.060185 0.012240
0 0.538657 0.148698 0.054167 0.013542
0 0.529398 0.543229 0.026389 0.026562
0 0.447222 0.159766 0.019444 0.035677
0 0.834954 0.800391 0.026389 0.025260
0 0.723843 0.153255 0.054167 0.012240
0 0.392824 0.334245 0.068056 0.009635
0 0.353472 0.749609 0.017130 0.038281
0 0.251157 0.361589 0.016204 0.038281
0 0.594213 0.224870 0.063426 0.009635
0 0.959954 0.185807 0.017130 0.035677
0 0.212269 0.107682 0.058796 0.009635
0 0.457639 0.198828 0.058796 0.009635
0 0.240046 0.842057 0.058796 0.009635
0 0.767824 0.217057 0.021759 0.025260
0 0.212269 0.530859 0.040278 0.012240
0 0.402083 0.598568 0.021759 0.022656
0 0.802083 0.775651 0.016204 0.027865
0 0.290972 0.766536 0.021759 0.020052
0 0.611574 0.828385 0.051852 0.008333
0 0.656713 0.870052 0.012500 0.034375
0 0.182176 0.227214 0.044907 0.009115
0 0.397454 0.787370 0.040278 0.009635
0 0.448380 0.476172 0.012500 0.027865
0 0.499306 0.836849 0.031019 0.009635
0 0.371528 0.564714 0.016204 0.017448
