0 0.765509 0.696224 0.118981 0.035677
0 0.170602 0.566016 0.068056 0.061719
0 0.448380 0.855078 0.151389 0.025260
0 0.809491 0.473568 0.058796 0.053906
0 0.536343 0.237891 0.151389 0.020052
0 0.068750 0.233984 0.049537 0.059115
0 0.123843 0.618099 0.094907 0.030469
0 0.663657 0.836849 0.109722 0.025260
0 0.818750 0.109635 0.049537 0.055208
0 0.328009 0.671484 0.114352 0.022656
0 0.411343 0.517839 0.049537 0.048698
0 0.790509 0.879818 0.048611 0.048698
0 0.693750 0.460286 0.086574 0.027344
0 0.056713 0.988542 0.108796 0.021354
0 0.848843 0.595964 0.081944 0.027865
0 0.742361 0.810547 0.091204 0.024740
0 0.168287 0.710286 0.081944 0.027344
0 0.413657 0.351172 0.044907 0.048698
0 0.534028 0.312109 0.044907 0.048698
0 0.848843 0.778255 0.044907 0.048698
0 0.281713 0.098568 0.095833 0.022656
0 0.506250 0.392839 0.035648 0.059115
0 0.500463 0.444922 0.042593 0.048698
0 0.126620 0.761068 0.044907 0.045573
0 0.774306 0.381120 0.043981 0.046094
0 0.716898 0.252214 0.086574 0.022656
0 0.777083 0.218359 0.086574 0.022656
0 0.851157 0.459245 0.077315 0.025260
0 0.641667 0.422526 0.037963 0.050781
0 0.464583 0.009766 0.109722 0.016927
0 0.270139 0.564714 0.081944 0.022656
0 0.260880 0.735286 0.044907 0.040885
0 0.385880 0.701432 0.091204 0.020052
0 0.469213 0.557943 0.035648 0.050781
0 0.124306 0.565755 0.031019 0.055990
0 0.447917 0.464453 0.085648 0.020052
0 0.494676 0.561198 0.040278 0.041667
0 0.073380 0.874349 0.031019 0.053385
0 0.351157 0.399349 0.040278 0.040885
0 0.767824 0.456641 0.040278 0.040885
0 0.606944 0.554297 0.033333 0.048698
0 0.281713 0.381771 0.031019 0.050000
0 0.846528 0.120703 0.077315 0.020052
0 0.434491 0.446224 0.077315 0.020052
0 0.031713 0.215755 0.040278 0.038281
0 0.878935 0.829427 0.031019 0.049479
0 0.307176 0.427083 0.072685 0.020833
0 0.661343 0.325130 0.086574 0.017448
0 0.620833 0.620703 0.075000 0.020052
0 0.418287 0.146745 0.026389 0.056510
0 0.510880 0.623307 0.100463 0.014844
0 0.371991 0.242188 0.081944 0.018229
0 0.672917 0.659766 0.072685 0.020052
0 0.483102 0.779557 0.072685 0.020052
0 0.783565 0.664974 0.025463 0.056510
0 0.538657 0.353776 0.081944 0.017448
0 0.772454 0.313411 0.095833 0.014844
0 0.843750 0.773047 0.081019 0.017448
0 0.582639 0.905859 0.077315 0.017448
0 0.203009 0.632422 0.031019 0.043490
0 0.073380 0.786068 0.031019 0.043490
0 0.744676 0.151693 0.068056 0.019531
0 0.510880 0.679297 0.026389 0.048698
0 0.610417 0.305599 0.086574 0.014844
0 0.376620 0.468359 0.026389 0.048698
0 0.154398 0.209245 0.063426 0.020052
0 0.304861 0.498307 0.031019 0.040885
0 0.883565 0.513932 0.031019 0.040885
0 0.142361 0.729427 0.067130 0.018750
0 0.647454 0.584245 0.021759 0.056510
0 0.440278 0.635026 0.070370 0.017448
0 0.450694 0.308203 0.026389 0.046094
0 0.608102 0.605078 0.081944 0.014844
0 0.152083 0.288672 0.031019 0.038281
0 0.619676 0.249609 0.068056 0.017448
0 0.437963 0.253516 0.028704 0.040885
0 0.216898 0.389974 0.021759 0.053385
0 0.721065 0.386328 0.057870 0.020052
0 0.274306 0.502214 0.034722 0.033073
0 0.401620 0.891536 0.076389 0.014844
0 0.207639 0.357682 0.031019 0.035677
0 0.519676 0.492057 0.025463 0.042969
0 0.844213 0.672786 0.026389 0.040885
0 0.543287 0.110286 0.072685 0.014844
0 0.115046 0.319922 0.021759 0.048698
0 0.515509 0.739844 0.026389 0.039583
0 0.355787 0.330339 0.058796 0.017448
0 0.193287 0.470964 0.020833 0.048698
0 0.714583 0.601172 0.026389 0.038281
0 0.832639 0.150391 0.031019 0.032552
0 0.282176 0.658464 0.057870 0.017448
0 0.214583 0.601172 0.081944 0.012240
0 0.409028 0.825130 0.081944 0.012240
0 0.307176 0.187109 0.054167 0.017448
0 0.635880 0.200130 0.054167 0.017448
0 0.862731 0.558203 0.026389 0.035677
0 0.774769 0.860286 0.026389 0.035677
0 0.677546 0.331641 0.063426 0.014844
0 0.392824 0.672786 0.021759 0.040885
0 0.017824 0.421875 0.031019 0.028646
0 0.742361 0.185807 0.091204 0.009635
0 0.474306 0.476172 0.071759 0.012240
0 0.107639 0.898047 0.071759 0.012240
0 0.378935 0.112891 0.058796 0.014844
0 0.012037 0.507422 0.019444 0.043490
0 0.593750 0.223307 0.071759 0.011719
0 0.248148 0.400391 0.019444 0.042969
0 0.277083 0.179297 0.021759 0.038281
0 0.348843 0.521745 0.026389 0.030469
0 0.610417 0.662370 0.021759 0.035677
0 0.084491 0.342057 0.016204 0.046094
0 0.453009 0.761328 0.077315 0.009635
0 0.714583 0.895443 0.017130 0.043490
0 0.615046 0.683203 0.077315 0.009635
0 0.483102 0.657161 0.017130 0.040885
0 0.617361 0.761068 0.072685 0.009115
0 0.242361 0.420182 0.026389 0.025260
0 0.422917 0.602474 0.026389 0.025260
0 0.390509 0.210547 0.054167 0.012240
0 0.237731 0.265234 0.017130 0.038281
0 0.598380 0.413672 0.053241 0.012240
0 0.589583 0.323828 0.017130 0.035677
0 0.098843 0.580339 0.017130 0.033073
0 0.811806 0.214453 0.054167 0.009635
0 0.427546 0.206641 0.017130 0.030469
0 0.755093 0.213151 0.042593 0.012240
0 0.520139 0.257422 0.072685 0.007031
0 0.517361 0.343359 0.039352 0.012240
0 0.339583 0.343359 0.017130 0.027865
0 0.659722 0.235286 0.046296 0.009635
0 0.588426 0.159766 0.042593 0.009635
0 0.334954 0.655859 0.017130 0.022656
0 0.568287 0.218359 0.048611 0.007031
0 0.561806 0.390234 0.017130 0.017448
0 0.505787 0.997656 0.025463 0.003125
0 0.605324 0.997656 0.020833 0.003125
