0 0.571065 0.148698 0.081944 0.076042
0 0.073380 0.654557 0.068056 0.072135
0 0.168287 0.844661 0.044907 0.087760
0 0.177546 0.214453 0.109722 0.035677
0 0.772454 0.550391 0.123611 0.030469
0 0.126157 0.619792 0.062500 0.059896
0 0.121991 0.833594 0.044907 0.081250
0 0.744676 0.291276 0.123611 0.027865
0 0.297454 0.625911 0.108796 0.030469
0 0.064120 0.476172 0.058796 0.053906
0 0.403935 0.518229 0.127315 0.023438
0 0.175926 0.231380 0.106481 0.027865
0 0.101157 0.719661 0.040278 0.072135
0 0.802546 0.222656 0.054167 0.052083
0 0.020139 0.687760 0.035648 0.076042
0 0.078009 0.589453 0.132870 0.020052
0 0.320602 0.466146 0.053241 0.049479
0 0.804861 0.478776 0.114352 0.022656
0 0.052546 0.537370 0.044907 0.056510
0 0.598380 0.689714 0.108796 0.022656
0 0.771296 0.338151 0.107407 0.022656
0 0.314120 0.399349 0.095833 0.025260
0 0.443750 0.577734 0.049537 0.048698
0 0.235417 0.320964 0.095833 0.024740
0 0.744676 0.513932 0.049537 0.046094
0 0.925231 0.454036 0.049537 0.046094
0 0.091435 0.222266 0.039352 0.056510
0 0.584954 0.194922 0.044907 0.048698
0 0.578009 0.590755 0.040278 0.053906
0 0.284028 0.355078 0.044907 0.046094
0 0.455324 0.293880 0.091204 0.022656
0 0.811806 0.643880 0.035648 0.055990
0 0.107639 0.440365 0.043981 0.044792
0 0.264352 0.467057 0.042593 0.046094
0 0.841898 0.118099 0.077315 0.025260
0 0.207639 0.552734 0.077315 0.024740
0 0.527083 0.771484 0.077315 0.024740
0 0.770139 0.108984 0.081944 0.022656
0 0.064120 0.407161 0.040278 0.046094
0 0.216898 0.775651 0.031019 0.059115
0 0.795602 0.409505 0.040278 0.045573
0 0.196065 0.529557 0.035648 0.051302
0 0.133565 0.814453 0.031019 0.058594
0 0.186806 0.362240 0.035648 0.050000
0 0.258565 0.562109 0.040278 0.043490
0 0.527083 0.420182 0.086574 0.020052
0 0.183333 0.624609 0.037963 0.043490
0 0.300231 0.571224 0.040278 0.040885
0 0.415972 0.157161 0.040278 0.040885
0 0.358102 0.327734 0.072685 0.022656
0 0.157870 0.627214 0.033333 0.048698
0 0.519676 0.711849 0.108796 0.014844
0 0.665972 0.459245 0.031019 0.051302
0 0.253935 0.813411 0.105093 0.014844
0 0.855787 0.295182 0.077315 0.020052
0 0.304861 0.718359 0.068056 0.022656
0 0.124306 0.418620 0.040278 0.037760
0 0.138194 0.543880 0.031019 0.048698
0 0.249306 0.479818 0.077315 0.019531
0 0.219213 0.657813 0.035648 0.042188
0 0.596528 0.794531 0.031019 0.047396
0 0.706019 0.267839 0.064815 0.022656
0 0.154398 0.394141 0.072685 0.020052
0 0.909028 0.174089 0.081944 0.017448
0 0.209491 0.408464 0.081019 0.017448
0 0.753935 0.156901 0.095833 0.014323
0 0.133565 0.758724 0.068056 0.020052
0 0.672917 0.714453 0.026389 0.051302
0 0.112731 0.256120 0.091204 0.014844
0 0.568750 0.236328 0.031019 0.042969
0 0.295602 0.455078 0.031019 0.042969
0 0.151620 0.322526 0.030093 0.043490
0 0.915972 0.403255 0.021759 0.059115
0 0.110417 0.521745 0.086574 0.014844
0 0.409028 0.649349 0.063426 0.020052
0 0.286343 0.534766 0.031019 0.040885
0 0.140509 0.124609 0.072685 0.017448
0 0.292824 0.789974 0.062500 0.020052
0 0.605324 0.559505 0.020833 0.059115
0 0.169444 0.506771 0.028704 0.042188
0 0.565972 0.602474 0.081019 0.014844
0 0.207176 0.351823 0.030093 0.039583
0 0.865046 0.575130 0.031019 0.038281
0 0.753935 0.093359 0.031019 0.038281
0 0.453009 0.106380 0.068056 0.017448
0 0.508565 0.257422 0.068056 0.017448
0 0.221528 0.733984 0.021759 0.053906
0 0.807176 0.247005 0.035648 0.033073
0 0.351157 0.645443 0.021759 0.053906
0 0.781713 0.398047 0.021759 0.053906
0 0.913657 0.620443 0.081944 0.014323
0 0.821065 0.848568 0.091204 0.012240
0 0.841898 0.360286 0.021759 0.051302
0 0.763194 0.404557 0.031019 0.035677
0 0.226157 0.513932 0.031019 0.035677
0 0.097685 0.283464 0.061111 0.017448
0 0.013194 0.676693 0.021759 0.048698
0 0.462269 0.218359 0.031019 0.033073
0 0.906713 0.150651 0.058796 0.017448
0 0.902083 0.329036 0.021759 0.046094
0 0.207639 0.115234 0.068056 0.014323
0 0.531713 0.840755 0.077315 0.012240
0 0.230787 0.366797 0.021759 0.043490
0 0.073380 0.236589 0.021759 0.043490
0 0.145139 0.377214 0.054167 0.017448
0 0.034028 0.537370 0.026389 0.035677
0 0.422917 0.555599 0.026389 0.035677
0 0.119213 0.270443 0.076389 0.012240
0 0.267824 0.275391 0.021759 0.042969
0 0.811806 0.202734 0.017130 0.053906
0 0.959954 0.458984 0.026389 0.035156
0 0.040509 0.829036 0.030093 0.030469
0 0.705324 0.667318 0.063426 0.014323
0 0.873843 0.832292 0.020833 0.042188
0 0.420602 0.352474 0.086574 0.009635
0 0.367361 0.580339 0.017130 0.048698
0 0.206481 0.683203 0.056481 0.014844
0 0.369213 0.296484 0.030093 0.027865
0 0.147454 0.353776 0.021759 0.038281
0 0.689120 0.806901 0.068056 0.012240
0 0.675231 0.554036 0.021759 0.037760
0 0.281250 0.103776 0.067130 0.012240
0 0.378472 0.541016 0.048611 0.016927
0 0.492361 0.730078 0.026389 0.030469
0 0.186806 0.177995 0.054167 0.014844
0 0.441435 0.211849 0.017130 0.046094
0 0.888194 0.386328 0.021759 0.035677
0 0.413194 0.224870 0.016204 0.046094
0 0.795602 0.555599 0.077315 0.009635
0 0.034028 0.642839 0.017130 0.043490
0 0.156713 0.279557 0.077315 0.009635
0 0.927546 0.577474 0.063426 0.011719
0 0.093056 0.386068 0.051852 0.014323
0 0.307176 0.348568 0.026389 0.027865
0 0.527083 0.012630 0.058796 0.012240
0 0.101157 0.340755 0.021759 0.033073
0 0.549769 0.207943 0.057870 0.012240
0 0.045602 0.141276 0.077315 0.009115
0 0.830324 0.821224 0.072685 0.009635
0 0.932176 0.219401 0.017130 0.040365
0 0.540509 0.176693 0.020833 0.033073
0 0.469213 0.622005 0.054167 0.012240
0 0.652778 0.625260 0.078704 0.008333
0 0.617361 0.210547 0.017130 0.038281
0 0.080324 0.340755 0.017130 0.038281
0 0.959491 0.167578 0.025463 0.025260
0 0.191435 0.242839 0.044907 0.014323
0 0.723380 0.192318 0.016204 0.038281
0 0.895139 0.651953 0.017130 0.035677
0 0.237731 0.084245 0.063426 0.009635
0 0.446065 0.597266 0.017130 0.035677
0 0.346528 0.312109 0.021759 0.027865
0 0.128935 0.741536 0.021759 0.027344
0 0.323380 0.831641 0.058796 0.009635
0 0.941435 0.601172 0.017130 0.033073
0 0.621991 0.773047 0.044907 0.012240
0 0.696065 0.602474 0.017130 0.029427
0 0.370833 0.645443 0.014815 0.027865
0 0.915509 0.094401 0.011574 0.035156
0 0.443750 0.553646 0.012500 0.023958
0 0.974306 0.004167 0.048611 0.005729
