0 0.506250 0.653255 0.211574 0.038281
0 0.457639 0.895443 0.142130 0.048698
0 0.682176 0.240495 0.146759 0.046094
0 0.491204 0.214453 0.144444 0.040885
0 0.740046 0.622005 0.132870 0.043490
0 0.559491 0.125911 0.058796 0.077344
0 0.205324 0.231380 0.118981 0.033073
0 0.101157 0.698828 0.142130 0.025260
0 0.642361 0.377214 0.057870 0.059115
0 0.449074 0.706641 0.060185 0.056510
0 0.697222 0.691667 0.121296 0.026562
0 0.050231 0.666016 0.040278 0.079427
0 0.075694 0.487630 0.035648 0.087240
0 0.415972 0.487891 0.105093 0.025260
0 0.672917 0.470964 0.044907 0.059115
0 0.392824 0.308203 0.049537 0.051302
0 0.267824 0.175391 0.095833 0.025260
0 0.193287 0.405599 0.039352 0.058594
0 0.822917 0.105729 0.048611 0.047396
0 0.230787 0.776693 0.031019 0.071615
0 0.733102 0.220312 0.081944 0.026562
0 0.468750 0.580339 0.043981 0.048698
0 0.492361 0.509115 0.044907 0.046875
0 0.135880 0.451432 0.081944 0.025260
0 0.321065 0.852474 0.044907 0.046094
0 0.117361 0.821224 0.044907 0.046094
0 0.209491 0.930599 0.081019 0.025260
0 0.924074 0.655599 0.047222 0.042969
0 0.920602 0.730469 0.077315 0.026042
0 0.424769 0.560156 0.039352 0.050000
0 0.795602 0.817318 0.086574 0.022656
0 0.200694 0.869401 0.035648 0.053906
0 0.867361 0.655599 0.035648 0.053385
0 0.175231 0.193620 0.123611 0.014844
0 0.432176 0.516536 0.072685 0.025260
0 0.385880 0.868099 0.091204 0.020052
0 0.339583 0.520443 0.100463 0.017448
0 0.943750 0.827734 0.077315 0.022656
0 0.689120 0.545182 0.086574 0.020052
0 0.362731 0.562109 0.035648 0.048698
0 0.906713 0.418880 0.040278 0.042448
0 0.332639 0.587500 0.040278 0.042188
0 0.410185 0.739193 0.075000 0.022656
0 0.244676 0.619401 0.095833 0.017448
0 0.455324 0.210547 0.072685 0.022656
0 0.145139 0.536068 0.072685 0.022656
0 0.661343 0.625911 0.040278 0.040885
0 0.367361 0.847266 0.081944 0.020052
0 0.066435 0.890234 0.035648 0.043490
0 0.026620 0.230078 0.030093 0.051302
0 0.383565 0.142839 0.040278 0.038281
0 0.934491 0.869401 0.068056 0.022656
0 0.105787 0.489193 0.040278 0.038281
0 0.166667 0.776693 0.078704 0.019531
0 0.744676 0.332682 0.040278 0.037760
0 0.286343 0.358984 0.031019 0.048698
0 0.434028 0.827734 0.039352 0.038281
0 0.531713 0.280599 0.031019 0.048177
0 0.797917 0.532161 0.026389 0.056510
0 0.307176 0.125911 0.072685 0.020052
0 0.316435 0.321224 0.035648 0.040885
0 0.806713 0.795182 0.071759 0.020052
0 0.145139 0.729818 0.035648 0.040365
0 0.469213 0.486328 0.063426 0.022135
0 0.744676 0.519141 0.068056 0.020052
0 0.784028 0.433203 0.026389 0.051302
0 0.260880 0.269141 0.091204 0.014844
0 0.573380 0.142839 0.031019 0.043490
0 0.945602 0.692318 0.034722 0.038281
0 0.127778 0.677995 0.065741 0.020052
0 0.038657 0.357682 0.063426 0.020052
0 0.524769 0.226172 0.072685 0.017448
0 0.784028 0.580339 0.072685 0.017448
0 0.334954 0.323177 0.035648 0.034375
0 0.084954 0.321224 0.026389 0.046094
0 0.925231 0.793880 0.068056 0.017448
0 0.617361 0.918880 0.035648 0.033073
0 0.151620 0.184505 0.067130 0.017448
0 0.043287 0.494401 0.026389 0.043490
0 0.071065 0.510026 0.026389 0.043490
0 0.689120 0.443359 0.058796 0.019531
0 0.080324 0.465495 0.026389 0.042969
0 0.170602 0.740495 0.021759 0.051302
0 0.495370 0.319922 0.032407 0.033073
0 0.321065 0.815755 0.026389 0.040365
0 0.064120 0.767839 0.021759 0.048698
0 0.929861 0.760026 0.086574 0.012240
0 0.212269 0.491797 0.021759 0.048698
0 0.483102 0.281901 0.072685 0.014323
0 0.670602 0.302995 0.105093 0.009635
0 0.547917 0.345964 0.026389 0.038281
0 0.471065 0.400651 0.057870 0.017448
0 0.203009 0.744141 0.031019 0.032552
0 0.742361 0.655859 0.081944 0.012240
0 0.411343 0.542578 0.021759 0.046094
0 0.418287 0.189714 0.081944 0.012240
0 0.323380 0.235286 0.021759 0.046094
0 0.786343 0.519141 0.021759 0.046094
0 0.223843 0.132422 0.081944 0.012240
0 0.219213 0.126953 0.026389 0.037760
0 0.499306 0.176432 0.058796 0.016927
0 0.869676 0.720964 0.021759 0.043490
0 0.920602 0.442318 0.077315 0.012240
0 0.369213 0.215755 0.020833 0.043490
0 0.103472 0.391276 0.063426 0.014323
0 0.153241 0.959245 0.061111 0.014844
0 0.913194 0.916016 0.053241 0.016927
0 0.822917 0.500651 0.030093 0.029948
0 0.784028 0.379818 0.072685 0.012240
0 0.540972 0.433464 0.021759 0.040365
0 0.126157 0.263932 0.090278 0.009635
0 0.850694 0.769141 0.020833 0.040885
0 0.870833 0.164714 0.024074 0.035156
0 0.351157 0.809245 0.049537 0.016927
0 0.471528 0.767839 0.068056 0.012240
0 0.716898 0.197526 0.068056 0.012240
0 0.911343 0.676693 0.021759 0.038281
0 0.580324 0.352474 0.054167 0.014844
0 0.795602 0.472005 0.086574 0.009115
0 0.163657 0.487891 0.081944 0.009635
0 0.446065 0.261328 0.081944 0.009635
0 0.936806 0.552734 0.017130 0.045573
0 0.012037 0.254557 0.024074 0.032552
0 0.195602 0.638672 0.053241 0.014323
0 0.626157 0.868099 0.016204 0.046094
0 0.723843 0.744401 0.017130 0.043490
0 0.149769 0.369141 0.063426 0.011719
0 0.149769 0.434766 0.026389 0.027344
0 0.341898 0.489193 0.021759 0.033073
0 0.135417 0.226172 0.016204 0.043490
0 0.103472 0.297786 0.017130 0.040885
0 0.932176 0.589453 0.017130 0.040885
0 0.929861 0.614844 0.049537 0.013542
0 0.802546 0.681901 0.017130 0.038281
0 0.833796 0.730078 0.014815 0.040885
0 0.091898 0.608984 0.021759 0.027865
0 0.059491 0.218359 0.021759 0.027865
0 0.769676 0.198828 0.016204 0.035677
0 0.941435 0.317318 0.017130 0.033073
0 0.302546 0.215755 0.017130 0.033073
0 0.628935 0.488281 0.021759 0.026042
0 0.510417 0.377865 0.016204 0.034375
0 0.571065 0.496745 0.017130 0.032552
0 0.025463 0.189453 0.046296 0.011719
0 0.353009 0.207943 0.016204 0.033073
0 0.348380 0.132422 0.043981 0.012240
0 0.297917 0.378516 0.017130 0.030469
0 0.179861 0.156510 0.058796 0.008333
0 0.881250 0.353776 0.017130 0.027865
0 0.207639 0.659505 0.047685 0.009115
0 0.913657 0.228125 0.035648 0.010937
0 0.487731 0.580078 0.035648 0.006510
0 0.008565 0.340755 0.012500 0.012240
0 0.388194 0.004818 0.021759 0.007031
0 0.494676 0.056901 0.021759 0.007031
