0 0.889352 0.025651 0.218519 0.043490
0 0.557176 0.340495 0.054167 0.063802
0 0.196065 0.304297 0.100463 0.033073
0 0.101157 0.567318 0.058796 0.053906
0 0.735417 0.574870 0.058796 0.053385
0 0.876620 0.454036 0.054167 0.056510
0 0.108102 0.263932 0.100463 0.030469
0 0.531250 0.250911 0.048611 0.061719
0 0.137037 0.335547 0.093519 0.027865
0 0.205324 0.275651 0.091204 0.027865
0 0.756250 0.116146 0.044907 0.052604
0 0.635880 0.318620 0.044907 0.046094
0 0.161343 0.610286 0.040278 0.051302
0 0.425231 0.321224 0.077315 0.025260
0 0.071065 0.838151 0.044907 0.043490
0 0.932176 0.545833 0.044907 0.042188
0 0.258565 0.358333 0.086574 0.021354
0 0.846528 0.261068 0.040278 0.045573
0 0.733102 0.151953 0.044907 0.040885
0 0.103472 0.865495 0.044907 0.040885
0 0.848843 0.293880 0.100463 0.017448
0 0.360417 0.903255 0.077315 0.022656
0 0.115046 0.924089 0.077315 0.022656
0 0.228472 0.856380 0.035648 0.048698
0 0.635880 0.153255 0.072685 0.022656
0 0.325694 0.275651 0.072685 0.022656
0 0.027083 0.597266 0.040278 0.040885
0 0.057176 0.603776 0.072685 0.022656
0 0.883565 0.625260 0.040278 0.039583
0 0.938657 0.487630 0.039352 0.040365
0 0.816435 0.228776 0.035648 0.043490
0 0.179398 0.631120 0.030093 0.051302
0 0.462269 0.283464 0.040278 0.038281
0 0.735417 0.114193 0.040278 0.038281
0 0.103472 0.791927 0.026389 0.055208
0 0.258102 0.869401 0.020833 0.069531
0 0.594213 0.203776 0.100463 0.014323
0 0.684491 0.120703 0.031019 0.046094
0 0.757407 0.297786 0.093519 0.014844
0 0.818750 0.175391 0.068056 0.020052
0 0.170602 0.193620 0.021759 0.061719
0 0.170139 0.786719 0.030093 0.044792
0 0.077546 0.458594 0.030093 0.044792
0 0.404398 0.439453 0.035648 0.037760
0 0.756250 0.398438 0.026389 0.049479
0 0.273148 0.646745 0.087963 0.014844
0 0.081481 0.413672 0.102778 0.012240
0 0.446528 0.132422 0.071759 0.017448
0 0.121991 0.550391 0.026389 0.046094
0 0.337269 0.929297 0.068056 0.017448
0 0.874306 0.260026 0.021759 0.053906
0 0.140509 0.464193 0.081944 0.014323
0 0.142824 0.111328 0.031019 0.037760
0 0.920139 0.240495 0.057870 0.020052
0 0.918287 0.376953 0.035648 0.032552
0 0.216898 0.236328 0.068056 0.016927
0 0.927083 0.434505 0.034722 0.033073
0 0.102315 0.750260 0.033333 0.034375
0 0.947917 0.265234 0.020833 0.053906
0 0.178704 0.248307 0.075000 0.014844
0 0.088426 0.644141 0.024074 0.046094
0 0.032870 0.861589 0.033333 0.033073
0 0.175231 0.405208 0.068056 0.016146
0 0.760880 0.232682 0.072685 0.014844
0 0.443750 0.101172 0.086574 0.012240
0 0.105787 0.546484 0.021759 0.048698
0 0.193287 0.258073 0.076389 0.013542
0 0.895139 0.390625 0.026389 0.039062
0 0.378935 0.135026 0.058796 0.017448
0 0.865046 0.101172 0.058796 0.017448
0 0.608102 0.140234 0.081944 0.012240
0 0.957639 0.211849 0.021759 0.046094
0 0.182176 0.939714 0.081944 0.012240
0 0.904398 0.322526 0.081944 0.012240
0 0.132407 0.831641 0.019444 0.051302
0 0.015509 0.853516 0.026389 0.037760
0 0.832639 0.315755 0.068056 0.014323
0 0.800231 0.116797 0.021759 0.043490
0 0.177546 0.108984 0.054167 0.017448
0 0.763194 0.185807 0.031019 0.030469
0 0.326852 0.698568 0.065741 0.014323
0 0.297917 0.662370 0.063426 0.014844
0 0.251620 0.457682 0.054167 0.016927
0 0.295139 0.330078 0.020833 0.042969
0 0.064120 0.776953 0.021759 0.040885
0 0.844213 0.459245 0.017130 0.051302
0 0.084954 0.897786 0.026389 0.032552
0 0.368519 0.735286 0.056481 0.014844
0 0.260880 0.743099 0.026389 0.030469
0 0.334954 0.942318 0.063426 0.012240
0 0.962269 0.636328 0.021759 0.035677
0 0.237731 0.557552 0.026389 0.029167
0 0.146991 0.288411 0.020833 0.032552
0 0.964583 0.478516 0.017130 0.037760
0 0.659028 0.222266 0.063426 0.009635
0 0.816435 0.329036 0.063426 0.009635
0 0.927546 0.651953 0.017130 0.035677
0 0.712269 0.124609 0.049537 0.012240
0 0.714583 0.188151 0.017130 0.035156
0 0.108102 0.499609 0.017130 0.033073
0 0.010417 0.505208 0.016204 0.033854
0 0.033565 0.533464 0.016204 0.033073
0 0.200694 0.213151 0.017130 0.027865
0 0.936806 0.366797 0.017130 0.027865
0 0.071065 0.468099 0.017130 0.027344
0 0.605787 0.244792 0.012500 0.033854
0 0.065972 0.292969 0.016204 0.026042
0 0.164815 0.154557 0.042593 0.009635
0 0.899769 0.276693 0.017130 0.019531
