0 0.330324 0.852865 0.063426 0.098958
0 0.141667 0.860938 0.075000 0.068229
0 0.707639 0.402604 0.068056 0.063021
0 0.459954 0.874609 0.109722 0.038281
0 0.850000 0.722917 0.056481 0.068229
0 0.378935 0.149349 0.058796 0.061719
0 0.358102 0.677995 0.118981 0.030469
0 0.167130 0.648047 0.153704 0.022656
0 0.811806 0.314714 0.044907 0.064323
0 0.453009 0.228776 0.114352 0.022656
0 0.552546 0.099870 0.100463 0.025260
0 0.441435 0.774349 0.044907 0.056510
0 0.867361 0.296484 0.044907 0.053906
0 0.177546 0.562109 0.044907 0.053906
0 0.795602 0.922526 0.095833 0.024740
0 0.617361 0.771745 0.044907 0.051302
0 0.584954 0.745703 0.091204 0.025260
0 0.200694 0.275651 0.081944 0.027865
0 0.915972 0.526953 0.040278 0.056510
0 0.110417 0.289714 0.049537 0.045573
0 0.466435 0.336849 0.048611 0.046094
0 0.744213 0.407161 0.048611 0.046094
0 0.786343 0.806901 0.114352 0.017448
0 0.662500 0.907161 0.042593 0.046094
0 0.267824 0.871745 0.086574 0.022135
0 0.230787 0.563151 0.095833 0.019531
0 0.677546 0.369401 0.081944 0.022656
0 0.464583 0.431901 0.081944 0.022656
0 0.214120 0.460547 0.081019 0.022656
0 0.325694 0.717057 0.035648 0.051302
0 0.598380 0.800130 0.071759 0.024740
0 0.274306 0.302734 0.034722 0.050781
0 0.626620 0.595964 0.035648 0.048698
0 0.767824 0.383724 0.040278 0.040885
0 0.543287 0.904557 0.081944 0.020052
0 0.883565 0.917318 0.040278 0.040365
0 0.232639 0.167578 0.034722 0.046094
0 0.429861 0.696224 0.031019 0.051302
0 0.362731 0.885026 0.091204 0.017448
0 0.570602 0.863932 0.071759 0.022135
0 0.925231 0.774349 0.038426 0.040885
0 0.115046 0.404557 0.077315 0.020052
0 0.547454 0.819271 0.071759 0.021354
0 0.390046 0.832943 0.025463 0.059115
0 0.126157 0.760026 0.034722 0.043490
0 0.343750 0.541016 0.034722 0.042969
0 0.397454 0.212500 0.068056 0.021354
0 0.520833 0.649089 0.074074 0.019531
0 0.459954 0.799740 0.035648 0.039583
0 0.800231 0.178646 0.086574 0.016146
0 0.117361 0.868750 0.026389 0.052604
0 0.184491 0.497656 0.031019 0.044792
0 0.453009 0.735286 0.068056 0.020052
0 0.876620 0.237891 0.026389 0.051302
0 0.677546 0.737891 0.026389 0.051302
0 0.624306 0.726172 0.077315 0.017448
0 0.527083 0.770443 0.077315 0.017448
0 0.072917 0.201432 0.067130 0.020052
0 0.424074 0.223568 0.075000 0.017448
0 0.503935 0.849219 0.068056 0.018750
0 0.344213 0.248307 0.063426 0.020052
0 0.473843 0.688411 0.035648 0.035677
0 0.520139 0.677995 0.035648 0.035677
0 0.936806 0.744401 0.072685 0.017448
0 0.047454 0.396745 0.062500 0.020052
0 0.686806 0.320964 0.035648 0.035156
0 0.017824 0.858984 0.031019 0.038281
0 0.027083 0.226172 0.031019 0.038281
0 0.244676 0.369401 0.031019 0.038281
0 0.091898 0.218359 0.021759 0.053906
0 0.274769 0.857422 0.081944 0.014323
0 0.175231 0.348307 0.031019 0.037760
0 0.746991 0.762370 0.035648 0.032552
0 0.675926 0.282161 0.032407 0.035677
0 0.920602 0.235286 0.077315 0.014844
0 0.723843 0.835547 0.091204 0.012240
0 0.786343 0.547786 0.031019 0.035677
0 0.080324 0.845052 0.026389 0.041667
0 0.049769 0.479818 0.076389 0.014323
0 0.946065 0.209245 0.026389 0.040885
0 0.723843 0.899349 0.072685 0.014844
0 0.793287 0.284766 0.026389 0.040885
0 0.309491 0.494401 0.086574 0.012240
0 0.917824 0.404557 0.025463 0.040885
0 0.425231 0.322526 0.031019 0.033073
0 0.716898 0.784766 0.068056 0.014844
0 0.535880 0.288672 0.057870 0.017448
0 0.874306 0.691016 0.021759 0.046094
0 0.746991 0.796484 0.081944 0.012240
0 0.337269 0.586849 0.021759 0.046094
0 0.057176 0.366797 0.081944 0.012240
0 0.100694 0.439974 0.030093 0.032552
0 0.604630 0.446224 0.065741 0.014844
0 0.769676 0.335547 0.025463 0.038281
0 0.572917 0.597266 0.020833 0.046094
0 0.938657 0.394141 0.020833 0.046094
0 0.420602 0.472266 0.031019 0.030469
0 0.140509 0.692318 0.054167 0.017448
0 0.554861 0.448828 0.031019 0.030469
0 0.385880 0.709245 0.026389 0.035677
0 0.589583 0.761328 0.026389 0.035677
0 0.297917 0.177995 0.063426 0.014844
0 0.948380 0.311849 0.021759 0.042969
0 0.153935 0.866797 0.053241 0.017448
0 0.889352 0.114193 0.051852 0.017448
0 0.897454 0.427995 0.021759 0.040885
0 0.939120 0.521745 0.021759 0.040885
0 0.515046 0.252214 0.071759 0.012240
0 0.496991 0.176693 0.026389 0.033073
0 0.040509 0.800391 0.057870 0.014844
0 0.490046 0.115234 0.058796 0.014323
0 0.545602 0.414974 0.021759 0.035677
0 0.286343 0.198828 0.021759 0.035677
0 0.450694 0.663672 0.026389 0.027865
0 0.051389 0.552995 0.024074 0.030469
0 0.626620 0.146745 0.017130 0.040885
0 0.144676 0.423828 0.025463 0.027344
0 0.049769 0.895182 0.057870 0.011719
0 0.672917 0.792578 0.026389 0.025260
0 0.721528 0.816016 0.021759 0.030469
0 0.373843 0.444271 0.020833 0.031771
0 0.700231 0.454036 0.043981 0.014844
0 0.860417 0.245443 0.021759 0.029948
0 0.269676 0.702734 0.053241 0.012240
0 0.799074 0.895443 0.019444 0.033073
0 0.302546 0.672786 0.063426 0.009635
0 0.402083 0.158464 0.021759 0.027865
0 0.403935 0.282161 0.062500 0.009635
0 0.471528 0.209245 0.058796 0.009635
0 0.337269 0.217057 0.058796 0.009635
0 0.844213 0.408464 0.017130 0.033073
0 0.487731 0.705339 0.017130 0.033073
0 0.415509 0.610286 0.057870 0.009635
0 0.899306 0.492188 0.016204 0.033854
0 0.948380 0.732422 0.058796 0.009115
0 0.376157 0.765234 0.043981 0.012240
0 0.936806 0.797786 0.017130 0.030469
0 0.943750 0.878516 0.012500 0.040885
0 0.568750 0.720964 0.040278 0.012240
0 0.392824 0.911068 0.012500 0.038281
0 0.406713 0.692318 0.012500 0.038281
0 0.432176 0.590755 0.054167 0.007031
0 0.068750 0.464193 0.012500 0.019531
