0 0.816435 0.983333 0.239352 0.031771
0 0.191435 0.576172 0.128241 0.040365
0 0.249306 0.761328 0.058796 0.082552
0 0.156713 0.662370 0.151389 0.030469
0 0.965741 0.965104 0.065741 0.068229
0 0.723843 0.577734 0.146759 0.027865
0 0.677546 0.166927 0.137500 0.029167
0 0.466898 0.885026 0.114352 0.033073
0 0.339583 0.129818 0.128241 0.027865
0 0.221528 0.342057 0.049537 0.066927
0 0.855324 0.827734 0.057870 0.053906
0 0.626620 0.245703 0.100463 0.030469
0 0.692593 0.213151 0.056481 0.053906
0 0.096065 0.769792 0.057870 0.052604
0 0.469213 0.756120 0.109722 0.025260
0 0.399769 0.844010 0.054167 0.050000
0 0.814120 0.124609 0.114352 0.022656
0 0.091898 0.844661 0.040278 0.056510
0 0.596528 0.830990 0.049537 0.044792
0 0.502778 0.811849 0.098148 0.022135
0 0.216898 0.231380 0.095833 0.022656
0 0.619676 0.710547 0.040278 0.053906
0 0.635880 0.472266 0.044907 0.046094
0 0.959954 0.164974 0.044907 0.046094
0 0.557176 0.194922 0.091204 0.022656
0 0.314815 0.011328 0.101852 0.020052
0 0.374306 0.168880 0.040278 0.048698
0 0.148148 0.668880 0.078704 0.022656
0 0.152083 0.843359 0.077315 0.022656
0 0.101157 0.568620 0.086574 0.020052
0 0.941435 0.483724 0.035648 0.048177
0 0.392824 0.812109 0.031019 0.053906
0 0.814120 0.438411 0.040278 0.040885
0 0.756250 0.864193 0.072685 0.022656
0 0.663657 0.839453 0.081944 0.020052
0 0.390509 0.891536 0.035648 0.046094
0 0.066435 0.588151 0.091204 0.017448
0 0.767361 0.328385 0.039352 0.039583
0 0.693750 0.639974 0.040278 0.037760
0 0.034028 0.823828 0.026389 0.056510
0 0.383102 0.095703 0.122685 0.011719
0 0.619213 0.149349 0.039352 0.035677
0 0.096065 0.693620 0.030093 0.046094
0 0.608102 0.864193 0.035648 0.038281
0 0.494676 0.878516 0.068056 0.020052
0 0.487731 0.988542 0.063426 0.021354
0 0.781713 0.319922 0.031019 0.043490
0 0.152083 0.332943 0.031019 0.043490
0 0.573380 0.082682 0.077315 0.016927
0 0.451389 0.263932 0.064815 0.020052
0 0.226157 0.528255 0.105093 0.012240
0 0.793287 0.482682 0.035648 0.035677
0 0.779398 0.541276 0.072685 0.017448
0 0.339583 0.767839 0.072685 0.017448
0 0.566435 0.119401 0.072685 0.017448
0 0.830324 0.274089 0.035648 0.035156
0 0.538194 0.189714 0.071759 0.017448
0 0.146296 0.887630 0.070370 0.017448
0 0.344213 0.403906 0.035648 0.034375
0 0.163657 0.219401 0.026389 0.045573
0 0.283565 0.251302 0.025463 0.046875
0 0.216898 0.101172 0.031019 0.038281
0 0.895139 0.838151 0.035648 0.033073
0 0.473380 0.910807 0.099537 0.011719
0 0.851157 0.533203 0.031019 0.037760
0 0.318287 0.791276 0.030093 0.038281
0 0.052546 0.476172 0.026389 0.043490
0 0.771296 0.254818 0.065741 0.017448
0 0.221065 0.401953 0.076389 0.014844
0 0.096065 0.481380 0.020833 0.053906
0 0.698843 0.763672 0.076389 0.014323
0 0.573380 0.727214 0.031019 0.035156
0 0.103472 0.896745 0.026389 0.040885
0 0.844213 0.240495 0.026389 0.040885
0 0.156713 0.103776 0.086574 0.012240
0 0.184491 0.457943 0.086574 0.012240
0 0.554861 0.812109 0.021759 0.048698
0 0.628935 0.824870 0.021759 0.048177
0 0.156713 0.908203 0.086574 0.011719
0 0.223843 0.614193 0.026389 0.038281
0 0.216898 0.250911 0.068056 0.014844
0 0.584954 0.390234 0.026389 0.038281
0 0.763194 0.295182 0.068056 0.014844
0 0.044444 0.340755 0.056481 0.017448
0 0.744676 0.069922 0.077315 0.012240
0 0.788657 0.382422 0.054167 0.017448
0 0.367361 0.300391 0.026389 0.035677
0 0.203009 0.179036 0.021759 0.042969
0 0.417824 0.474870 0.062500 0.014844
0 0.696065 0.263932 0.091204 0.009635
0 0.906250 0.414323 0.030093 0.029167
0 0.554861 0.412109 0.058796 0.014323
0 0.519676 0.599870 0.016204 0.051302
0 0.490046 0.895443 0.068056 0.012240
0 0.244676 0.202734 0.021759 0.038281
0 0.543287 0.144141 0.026389 0.030469
0 0.866204 0.512630 0.024074 0.033073
0 0.793287 0.698828 0.081944 0.009635
0 0.020139 0.687109 0.017130 0.043490
0 0.179861 0.362891 0.077315 0.009635
0 0.608102 0.283464 0.026389 0.027865
0 0.661343 0.823828 0.049537 0.014844
0 0.307176 0.214453 0.017130 0.040885
0 0.209954 0.443620 0.072685 0.009635
0 0.922917 0.526953 0.017130 0.040885
0 0.846065 0.801432 0.057870 0.011719
0 0.746991 0.269141 0.026389 0.025260
0 0.177546 0.468359 0.054167 0.012240
0 0.334954 0.603776 0.017130 0.038281
0 0.677083 0.807943 0.071759 0.009115
0 0.399769 0.131120 0.063426 0.009635
0 0.047917 0.157161 0.063426 0.009635
0 0.959954 0.818620 0.017130 0.035677
0 0.368519 0.781901 0.065741 0.009115
0 0.420139 0.095964 0.048611 0.012240
0 0.494676 0.120703 0.021759 0.025260
0 0.010880 0.547526 0.017130 0.029948
0 0.034028 0.214193 0.017130 0.029948
0 0.819907 0.352474 0.051852 0.009635
0 0.529398 0.011068 0.054167 0.009115
0 0.008565 0.770443 0.012500 0.038281
0 0.621991 0.621745 0.017130 0.027344
0 0.458796 0.302995 0.047222 0.009635
0 0.496991 0.077734 0.017130 0.022656
0 0.679861 0.481120 0.058796 0.006510
0 0.163657 0.486589 0.054167 0.007031
0 0.974306 0.004818 0.048611 0.007031
0 0.089120 0.993099 0.034722 0.009635
