0 0.729630 0.897396 0.204630 0.203646
0 0.100694 0.982031 0.196759 0.034375
0 0.751620 0.622396 0.081944 0.075521
0 0.196065 0.202734 0.128241 0.038281
0 0.647454 0.194661 0.142130 0.032552
0 0.693287 0.516536 0.104167 0.035677
0 0.770139 0.452474 0.109722 0.032552
0 0.819907 0.202474 0.051852 0.063802
0 0.439120 0.145443 0.142130 0.022656
0 0.327546 0.551693 0.048611 0.064323
0 0.339583 0.607031 0.100463 0.029167
0 0.529398 0.319922 0.128241 0.022656
0 0.797917 0.747005 0.118981 0.022656
0 0.654861 0.640234 0.118056 0.022656
0 0.934491 0.333984 0.040278 0.066406
0 0.286343 0.374609 0.049537 0.053906
0 0.161343 0.184505 0.095833 0.027865
0 0.706481 0.563411 0.047222 0.056510
0 0.771991 0.263932 0.048611 0.051302
0 0.531713 0.191667 0.114352 0.021354
0 0.550231 0.392839 0.049537 0.048698
0 0.768981 0.396484 0.042593 0.055990
0 0.774769 0.317318 0.081944 0.027865
0 0.270139 0.839453 0.109722 0.020052
0 0.684491 0.438151 0.086574 0.024740
0 0.131250 0.204036 0.044907 0.046094
0 0.330324 0.895443 0.044907 0.043490
0 0.714583 0.358984 0.044907 0.043490
0 0.897454 0.702474 0.040278 0.048177
0 0.860417 0.318620 0.031019 0.061719
0 0.550231 0.682943 0.077315 0.024740
0 0.624306 0.235286 0.040278 0.046094
0 0.205324 0.414974 0.072685 0.025260
0 0.755787 0.433203 0.090278 0.020052
0 0.885417 0.181901 0.025463 0.069531
0 0.628935 0.351172 0.040278 0.043490
0 0.749306 0.504818 0.077315 0.022656
0 0.404398 0.270443 0.035648 0.048698
0 0.932176 0.244401 0.035648 0.048698
0 0.624306 0.161068 0.095833 0.017448
0 0.596528 0.264974 0.031019 0.053385
0 0.517824 0.868099 0.040278 0.040885
0 0.684491 0.321224 0.040278 0.040885
0 0.825694 0.368099 0.035648 0.046094
0 0.672917 0.219661 0.081944 0.020052
0 0.528935 0.836849 0.081019 0.020052
0 0.902083 0.400651 0.068056 0.022656
0 0.823380 0.512630 0.040278 0.038281
0 0.814815 0.416276 0.087963 0.017448
0 0.591898 0.501953 0.040278 0.037760
0 0.464583 0.386328 0.026389 0.056510
0 0.080324 0.198828 0.072685 0.020052
0 0.450694 0.105078 0.035648 0.040885
0 0.098843 0.185807 0.035648 0.040885
0 0.701852 0.530599 0.037963 0.037760
0 0.940972 0.620703 0.034722 0.040885
0 0.560648 0.180599 0.070370 0.020052
0 0.075694 0.241536 0.063426 0.022135
0 0.695602 0.486589 0.025463 0.053906
0 0.875000 0.166276 0.078704 0.017448
0 0.314120 0.211849 0.068056 0.020052
0 0.950694 0.773047 0.035648 0.038281
0 0.804861 0.101172 0.031019 0.043490
0 0.119676 0.155859 0.077315 0.017448
0 0.781713 0.304297 0.031019 0.043490
0 0.515046 0.274089 0.025463 0.050781
0 0.582639 0.349870 0.086574 0.014844
0 0.526620 0.612891 0.085648 0.014844
0 0.832176 0.724870 0.085648 0.014844
0 0.584954 0.302995 0.063426 0.020052
0 0.205324 0.110286 0.063426 0.020052
0 0.830324 0.823828 0.063426 0.020052
0 0.693750 0.302995 0.031019 0.040885
0 0.714120 0.179297 0.025463 0.048698
0 0.415509 0.158203 0.104167 0.011719
0 0.459954 0.766536 0.026389 0.046094
0 0.082639 0.220964 0.068056 0.017448
0 0.902083 0.194922 0.031019 0.038281
0 0.703009 0.687109 0.021759 0.053906
0 0.603472 0.374349 0.035648 0.032552
0 0.249306 0.793620 0.068056 0.016927
0 0.441435 0.666276 0.026389 0.043490
0 0.691435 0.356380 0.026389 0.043490
0 0.855787 0.649089 0.058796 0.019531
0 0.918287 0.228516 0.026389 0.042969
0 0.647454 0.792578 0.021759 0.051302
0 0.744676 0.232682 0.021759 0.051302
0 0.152083 0.250651 0.021759 0.050781
0 0.767361 0.203776 0.076389 0.014323
0 0.602315 0.720964 0.088889 0.012240
0 0.649769 0.464453 0.072685 0.014844
0 0.770139 0.714453 0.026389 0.040885
0 0.524769 0.209245 0.072685 0.014844
0 0.445602 0.827083 0.025463 0.042188
0 0.656250 0.756120 0.030093 0.035677
0 0.652083 0.293880 0.021759 0.048698
0 0.517824 0.405859 0.086574 0.012240
0 0.550231 0.460547 0.058796 0.017448
0 0.429861 0.770443 0.031019 0.033073
0 0.647454 0.408464 0.031019 0.033073
0 0.156713 0.429297 0.031019 0.033073
0 0.763194 0.515234 0.058796 0.017448
0 0.654398 0.671484 0.026389 0.038281
0 0.659028 0.332943 0.026389 0.038281
0 0.654398 0.174089 0.081944 0.012240
0 0.112731 0.832292 0.091204 0.010937
0 0.902083 0.748047 0.068056 0.014323
0 0.697917 0.105078 0.020833 0.046094
0 0.830324 0.316406 0.026389 0.036458
0 0.865046 0.207943 0.021759 0.043490
0 0.290972 0.515234 0.021759 0.043490
0 0.140509 0.495703 0.026389 0.035677
0 0.371991 0.839453 0.063426 0.014844
0 0.802546 0.604818 0.026389 0.035156
0 0.450694 0.694922 0.072685 0.012240
0 0.198380 0.875911 0.021759 0.040885
0 0.510417 0.151953 0.016204 0.051302
0 0.684491 0.775391 0.049537 0.016927
0 0.542130 0.342708 0.051852 0.016146
0 0.684491 0.754818 0.021759 0.038281
0 0.111111 0.280208 0.050926 0.016146
0 0.825694 0.263932 0.026389 0.030469
0 0.575231 0.737891 0.053241 0.014844
0 0.765509 0.295443 0.026389 0.029948
0 0.656250 0.233724 0.020833 0.037760
0 0.117361 0.127214 0.063426 0.012240
0 0.214583 0.175130 0.081944 0.009115
0 0.596528 0.211849 0.077315 0.009635
0 0.290972 0.472266 0.077315 0.009635
0 0.251620 0.153255 0.017130 0.043490
0 0.365046 0.167578 0.077315 0.009635
0 0.492361 0.791016 0.017130 0.042969
0 0.846528 0.075130 0.058796 0.012240
0 0.126620 0.230078 0.017130 0.040885
0 0.487731 0.456641 0.072685 0.009635
0 0.409028 0.571224 0.072685 0.009635
0 0.233102 0.125911 0.072685 0.009635
0 0.950694 0.521484 0.017130 0.040365
0 0.907870 0.132422 0.014815 0.043490
0 0.554861 0.288672 0.049537 0.012240
0 0.943750 0.108984 0.049537 0.012240
0 0.200694 0.162109 0.063426 0.009115
0 0.910880 0.304036 0.020833 0.027344
0 0.198380 0.399349 0.058796 0.009635
0 0.561806 0.502214 0.017130 0.033073
0 0.400463 0.720964 0.046296 0.012240
0 0.746991 0.348307 0.017130 0.032552
0 0.718750 0.278255 0.016204 0.033073
0 0.399769 0.120703 0.054167 0.009635
0 0.142824 0.145443 0.040278 0.012240
0 0.045602 0.525391 0.021759 0.022135
0 0.346065 0.856120 0.039352 0.011719
0 0.890509 0.736589 0.035648 0.012240
0 0.797454 0.549089 0.053241 0.007031
0 0.638194 0.711589 0.040278 0.009115
