0 0.152083 0.145443 0.179167 0.027865
0 0.198380 0.648698 0.123611 0.039583
0 0.364583 0.209245 0.159722 0.025260
0 0.457639 0.839453 0.049537 0.077344
0 0.054861 0.637630 0.058796 0.064323
0 0.597685 0.543229 0.107407 0.031771
0 0.788657 0.730078 0.054167 0.061719
0 0.233102 0.838151 0.118981 0.027865
0 0.476157 0.226172 0.049537 0.064323
0 0.351157 0.657813 0.095833 0.031771
0 0.059028 0.243099 0.048611 0.061719
0 0.552546 0.705339 0.054167 0.053906
0 0.040972 0.832943 0.040278 0.064323
0 0.126620 0.747005 0.044907 0.053906
0 0.043287 0.305599 0.044907 0.051302
0 0.094213 0.552995 0.091204 0.025260
0 0.077546 0.876563 0.048611 0.047396
0 0.661343 0.789974 0.049537 0.046094
0 0.478935 0.491797 0.081019 0.027865
0 0.094213 0.730078 0.035648 0.061719
0 0.214583 0.670182 0.109722 0.020052
0 0.918287 0.269792 0.081944 0.026562
0 0.078009 0.322266 0.040278 0.053385
0 0.890509 0.331641 0.044907 0.046094
0 0.737269 0.797526 0.043981 0.045573
0 0.841898 0.325130 0.040278 0.048698
0 0.256250 0.132422 0.044907 0.043490
0 0.679861 0.506120 0.077315 0.025260
0 0.191435 0.499609 0.035648 0.053906
0 0.527083 0.787370 0.095833 0.020052
0 0.494676 0.306250 0.040278 0.047396
0 0.797454 0.129818 0.108796 0.017448
0 0.517361 0.196224 0.039352 0.046094
0 0.265509 0.800130 0.035648 0.050781
0 0.357639 0.309245 0.081019 0.022135
0 0.075231 0.735286 0.034722 0.051302
0 0.459954 0.317708 0.035648 0.049479
0 0.251620 0.582943 0.100463 0.017448
0 0.758565 0.840755 0.040278 0.043490
0 0.698380 0.713151 0.040278 0.043490
0 0.402083 0.554297 0.077315 0.022656
0 0.758565 0.406901 0.031019 0.055990
0 0.152083 0.486328 0.040278 0.042969
0 0.628935 0.572266 0.040278 0.042969
0 0.175231 0.631120 0.114352 0.014844
0 0.781713 0.903255 0.095833 0.017448
0 0.282870 0.468099 0.098148 0.016927
0 0.730787 0.761328 0.040278 0.040885
0 0.371991 0.608984 0.072685 0.022656
0 0.640509 0.162370 0.035648 0.046094
0 0.078009 0.805339 0.040278 0.040365
0 0.904398 0.877214 0.091204 0.017448
0 0.108102 0.150651 0.091204 0.017448
0 0.830324 0.741797 0.026389 0.059115
0 0.341898 0.625911 0.077315 0.020052
0 0.675231 0.121354 0.095833 0.016146
0 0.935648 0.724609 0.037963 0.040365
0 0.471528 0.152995 0.040278 0.037760
0 0.300231 0.309505 0.031019 0.048698
0 0.351157 0.736589 0.031019 0.048698
0 0.392824 0.525391 0.068056 0.022135
0 0.811806 0.800391 0.100463 0.014844
0 0.061806 0.579036 0.035648 0.040885
0 0.566435 0.459245 0.035648 0.040885
0 0.580324 0.563411 0.072685 0.020052
0 0.322917 0.287370 0.039352 0.035677
0 0.633102 0.802995 0.039352 0.035677
0 0.538194 0.672526 0.071759 0.019531
0 0.932176 0.373958 0.026389 0.052604
0 0.447222 0.619141 0.028704 0.048177
0 0.626620 0.827734 0.035648 0.038281
0 0.161343 0.586849 0.068056 0.020052
0 0.660185 0.743750 0.028704 0.047396
0 0.307176 0.748307 0.026389 0.051302
0 0.179861 0.405859 0.077315 0.017448
0 0.784028 0.249609 0.026389 0.048698
0 0.744676 0.365495 0.086574 0.014844
0 0.510880 0.857682 0.035648 0.035677
0 0.103472 0.464453 0.035648 0.035677
0 0.131250 0.242839 0.035648 0.035156
0 0.909028 0.758464 0.035648 0.035156
0 0.687963 0.757422 0.028704 0.043490
0 0.716898 0.884375 0.077315 0.016146
0 0.744676 0.188151 0.086574 0.014323
0 0.177546 0.377214 0.100463 0.012240
0 0.141667 0.339453 0.019444 0.061719
0 0.779398 0.273698 0.063426 0.018750
0 0.823380 0.421484 0.031019 0.038281
0 0.337269 0.345964 0.031019 0.038281
0 0.774769 0.491797 0.035648 0.033073
0 0.707639 0.521745 0.058796 0.020052
0 0.573380 0.177995 0.058796 0.020052
0 0.066435 0.257422 0.035648 0.033073
0 0.353009 0.355078 0.025463 0.046094
0 0.613889 0.226172 0.093519 0.012240
0 0.193750 0.332292 0.021759 0.052604
0 0.226620 0.608724 0.067130 0.016927
0 0.270139 0.481380 0.063426 0.017448
0 0.392824 0.784766 0.031019 0.035677
0 0.318750 0.439714 0.021759 0.048698
0 0.156713 0.124609 0.086574 0.012240
0 0.874306 0.689714 0.086574 0.012240
0 0.559491 0.754557 0.021759 0.048177
0 0.462963 0.185807 0.069444 0.014844
0 0.267824 0.546484 0.031019 0.033073
0 0.242361 0.780859 0.026389 0.038281
0 0.675231 0.141536 0.068056 0.014844
0 0.293287 0.619141 0.026389 0.037760
0 0.678704 0.555599 0.065741 0.014844
0 0.119676 0.916276 0.077315 0.012240
0 0.425231 0.827734 0.021759 0.043490
0 0.888194 0.271745 0.031019 0.030469
0 0.589583 0.701432 0.063426 0.014844
0 0.103472 0.675130 0.026389 0.035156
0 0.327546 0.512630 0.020833 0.043490
0 0.777083 0.336849 0.021759 0.040885
0 0.786343 0.396484 0.021759 0.040365
0 0.042824 0.736589 0.016204 0.053906
0 0.105787 0.092057 0.058796 0.014844
0 0.457639 0.133073 0.021759 0.039583
0 0.396296 0.744401 0.019444 0.043490
0 0.840046 0.889974 0.071759 0.011719
0 0.851157 0.754818 0.021759 0.038281
0 0.716898 0.837500 0.021759 0.036979
0 0.716898 0.206380 0.086574 0.009115
0 0.121528 0.497005 0.016204 0.048698
0 0.013194 0.769141 0.021759 0.035677
0 0.815972 0.829036 0.025463 0.030469
0 0.726157 0.440755 0.021759 0.035156
0 0.635417 0.286068 0.062500 0.012240
0 0.726157 0.401693 0.021759 0.035156
0 0.693750 0.331641 0.077315 0.009635
0 0.239583 0.795182 0.020833 0.035677
0 0.828009 0.524349 0.049537 0.014844
0 0.575694 0.525651 0.026389 0.027865
0 0.824537 0.611589 0.014815 0.048698
0 0.476157 0.132161 0.021759 0.032552
0 0.927546 0.442318 0.017130 0.038281
0 0.334954 0.168880 0.017130 0.038281
0 0.089120 0.495964 0.016204 0.040365
0 0.395833 0.323828 0.064815 0.009635
0 0.223380 0.806901 0.016204 0.038281
0 0.417824 0.757422 0.016204 0.038281
0 0.512731 0.623047 0.067130 0.009115
0 0.330324 0.641536 0.063426 0.009635
0 0.927546 0.775000 0.054167 0.010937
0 0.469213 0.211198 0.017130 0.034375
0 0.741898 0.292578 0.016204 0.035677
0 0.024769 0.382422 0.017130 0.033073
0 0.890509 0.371745 0.017130 0.032552
0 0.873148 0.636328 0.056481 0.009635
0 0.709491 0.424089 0.043981 0.012240
0 0.334954 0.417969 0.017130 0.031250
0 0.779398 0.529557 0.054167 0.009635
0 0.566435 0.579036 0.054167 0.009635
0 0.781713 0.632422 0.021759 0.022656
0 0.626620 0.872396 0.017130 0.028646
0 0.697917 0.823828 0.011574 0.035677
0 0.420602 0.349870 0.040278 0.009635
0 0.591898 0.447526 0.040278 0.007031
