0 0.922222 0.019792 0.152778 0.026562
0 0.748148 0.544922 0.056481 0.066406
0 0.211806 0.802734 0.141204 0.024740
0 0.230787 0.664974 0.114352 0.030469
0 0.703009 0.387630 0.058796 0.059115
0 0.311806 0.908464 0.054167 0.059115
0 0.170602 0.767839 0.049537 0.059115
0 0.409028 0.902604 0.109722 0.026562
0 0.661343 0.383724 0.049537 0.056510
0 0.645139 0.903255 0.100463 0.027865
0 0.279398 0.297786 0.091204 0.030469
0 0.446065 0.464453 0.044907 0.061719
0 0.402083 0.848568 0.031019 0.085156
0 0.772454 0.354818 0.086574 0.029948
0 0.508565 0.582943 0.086574 0.027865
0 0.209954 0.227214 0.118981 0.019531
0 0.677546 0.789974 0.091204 0.025260
0 0.640509 0.497005 0.081944 0.027865
0 0.943750 0.133724 0.040278 0.056510
0 0.832639 0.329036 0.040278 0.056510
0 0.075231 0.174089 0.081019 0.027865
0 0.602315 0.771745 0.088889 0.025260
0 0.568750 0.420182 0.105093 0.020052
0 0.506250 0.559505 0.035648 0.059115
0 0.271296 0.820964 0.084259 0.024740
0 0.855787 0.786719 0.086574 0.023958
0 0.927546 0.675391 0.044907 0.046094
0 0.392824 0.730078 0.040278 0.051302
0 0.344213 0.748047 0.044907 0.045573
0 0.757407 0.499349 0.047222 0.042969
0 0.812500 0.645443 0.046296 0.043490
0 0.422917 0.560547 0.035648 0.055990
0 0.476852 0.618750 0.041667 0.047396
0 0.522454 0.525651 0.040278 0.048698
0 0.691435 0.460547 0.044907 0.043490
0 0.786343 0.589453 0.095833 0.020052
0 0.876620 0.171484 0.081944 0.022656
0 0.707639 0.778906 0.095833 0.018750
0 0.016667 0.736589 0.033333 0.053906
0 0.302083 0.761068 0.071759 0.024740
0 0.846528 0.485286 0.031019 0.056510
0 0.531713 0.366797 0.077315 0.022656
0 0.888194 0.559505 0.040278 0.043490
0 0.763194 0.831380 0.031019 0.055990
0 0.623843 0.267839 0.039352 0.043490
0 0.179861 0.462500 0.040278 0.042188
0 0.040972 0.372005 0.031019 0.053906
0 0.443750 0.369661 0.031019 0.053385
0 0.325694 0.685807 0.035648 0.046094
0 0.790972 0.230078 0.031019 0.051302
0 0.811343 0.298828 0.071759 0.022135
0 0.704167 0.591797 0.079630 0.019531
0 0.587269 0.597266 0.077315 0.020052
0 0.888194 0.230078 0.077315 0.020052
0 0.932176 0.632422 0.035648 0.043490
0 0.300926 0.476172 0.087963 0.017448
0 0.108102 0.641146 0.026389 0.057292
0 0.030093 0.568620 0.037037 0.040885
0 0.318750 0.788672 0.086574 0.017448
0 0.517824 0.918880 0.086574 0.017448
0 0.415509 0.645443 0.039352 0.038281
0 0.535185 0.649349 0.075000 0.020052
0 0.096065 0.845964 0.030093 0.048698
0 0.284722 0.582943 0.037037 0.038281
0 0.651620 0.756120 0.094907 0.014844
0 0.179398 0.500911 0.039352 0.035677
0 0.629630 0.589453 0.069444 0.020052
0 0.371991 0.810807 0.026389 0.051302
0 0.847685 0.833984 0.033333 0.040365
0 0.406250 0.327734 0.030093 0.043490
0 0.453009 0.647786 0.021759 0.058594
0 0.572917 0.464453 0.085648 0.014844
0 0.503472 0.862891 0.085648 0.014844
0 0.834954 0.618099 0.035648 0.035677
0 0.598843 0.118099 0.035648 0.035677
0 0.832639 0.722266 0.031019 0.040885
0 0.830324 0.765234 0.072685 0.017448
0 0.818750 0.552995 0.021759 0.056510
0 0.802546 0.711849 0.026389 0.046094
0 0.459954 0.808203 0.026389 0.046094
0 0.358102 0.618099 0.081944 0.014844
0 0.797454 0.288411 0.071759 0.016927
0 0.689120 0.353776 0.031019 0.038281
0 0.203009 0.124609 0.068056 0.017448
0 0.226157 0.752214 0.021759 0.053906
0 0.788657 0.668880 0.035648 0.033073
0 0.790509 0.411068 0.030093 0.038281
0 0.145139 0.145443 0.026389 0.043490
0 0.536343 0.188411 0.077315 0.014844
0 0.348843 0.366797 0.091204 0.012240
0 0.272454 0.912109 0.077315 0.014323
0 0.902083 0.870703 0.031019 0.035677
0 0.615046 0.711849 0.031019 0.035677
0 0.168287 0.523047 0.063426 0.017448
0 0.302546 0.775651 0.063426 0.017448
0 0.353472 0.494401 0.063426 0.017448
0 0.065972 0.655859 0.062500 0.017448
0 0.387731 0.826432 0.020833 0.051302
0 0.309491 0.705990 0.031019 0.034375
0 0.508565 0.749609 0.021759 0.048698
0 0.027083 0.671484 0.021759 0.048698
0 0.207639 0.520443 0.021759 0.048698
0 0.908565 0.134766 0.062500 0.016927
0 0.098380 0.695964 0.025463 0.040365
0 0.517824 0.468359 0.031019 0.033073
0 0.693750 0.718359 0.058796 0.017448
0 0.855787 0.869401 0.031019 0.033073
0 0.258565 0.688411 0.068056 0.014844
0 0.892824 0.683203 0.021759 0.046094
0 0.906713 0.701432 0.021759 0.046094
0 0.533565 0.804297 0.081019 0.012240
0 0.420602 0.698177 0.021759 0.044792
0 0.374306 0.431250 0.086574 0.010937
0 0.132407 0.538672 0.019444 0.048698
0 0.503935 0.887630 0.077315 0.012240
0 0.550231 0.442318 0.077315 0.012240
0 0.108102 0.140234 0.054167 0.017448
0 0.559491 0.615495 0.031019 0.030469
0 0.112731 0.112891 0.026389 0.035677
0 0.168287 0.619401 0.017130 0.053906
0 0.778935 0.270443 0.053241 0.017448
0 0.492361 0.418229 0.081944 0.010937
0 0.251620 0.848568 0.072685 0.012240
0 0.455324 0.269141 0.017130 0.051302
0 0.080324 0.220964 0.026389 0.033073
0 0.383102 0.209245 0.057870 0.014844
0 0.328009 0.533464 0.021759 0.038281
0 0.226157 0.390234 0.068056 0.012240
0 0.698380 0.666276 0.068056 0.012240
0 0.925231 0.429297 0.021759 0.038281
0 0.244676 0.606380 0.021759 0.038281
0 0.308333 0.606380 0.028704 0.027865
0 0.182176 0.717057 0.017130 0.046094
0 0.399769 0.563151 0.026389 0.029948
0 0.765509 0.720964 0.063426 0.012240
0 0.175231 0.435807 0.021759 0.035677
0 0.732639 0.681901 0.062500 0.012240
0 0.779398 0.447526 0.017130 0.043490
0 0.480787 0.513932 0.049537 0.014844
0 0.302546 0.577734 0.026389 0.027865
0 0.645139 0.858724 0.026389 0.027344
0 0.378935 0.481380 0.021759 0.033073
0 0.936806 0.829036 0.017130 0.040885
0 0.422917 0.625911 0.017130 0.040885
0 0.714583 0.560547 0.017130 0.040365
0 0.154398 0.112240 0.081944 0.008333
0 0.887731 0.817057 0.020833 0.032552
0 0.038194 0.438411 0.016204 0.040885
0 0.112269 0.188411 0.016204 0.040885
0 0.242361 0.512630 0.017130 0.038281
0 0.656713 0.612891 0.068056 0.009635
0 0.219213 0.486589 0.017130 0.038281
0 0.959954 0.379818 0.017130 0.038281
0 0.381250 0.661068 0.017130 0.038281
0 0.699537 0.426693 0.051852 0.012240
0 0.922454 0.463151 0.016204 0.038281
0 0.179861 0.554297 0.021759 0.027865
0 0.642824 0.580339 0.021759 0.027865
0 0.383565 0.780859 0.049537 0.012240
0 0.353009 0.417578 0.062500 0.009635
0 0.455324 0.705078 0.017130 0.032552
0 0.610417 0.156901 0.058796 0.009115
0 0.692593 0.491536 0.019444 0.027344
0 0.700231 0.694661 0.016204 0.032552
0 0.765509 0.704036 0.054167 0.009635
0 0.168287 0.206641 0.054167 0.009635
0 0.506250 0.605078 0.054167 0.009635
0 0.935185 0.567318 0.013889 0.033073
0 0.315972 0.715755 0.016204 0.027865
0 0.909028 0.844661 0.017130 0.025260
0 0.242361 0.189714 0.054167 0.007031
0 0.355324 0.584245 0.039352 0.009635
0 0.603472 0.572526 0.017130 0.017448
