0 0.116204 0.401953 0.153704 0.046094
0 0.216898 0.805990 0.151389 0.041667
0 0.625463 0.763932 0.153704 0.040885
0 0.329861 0.383464 0.136574 0.045573
0 0.290509 0.921484 0.131944 0.043490
0 0.429861 0.854427 0.058796 0.091667
0 0.439120 0.243490 0.142130 0.036458
0 0.923380 0.019792 0.150463 0.026562
0 0.524769 0.905859 0.109722 0.033073
0 0.125463 0.439714 0.107407 0.033073
0 0.674769 0.370052 0.057870 0.060417
0 0.422917 0.330339 0.054167 0.063281
0 0.661343 0.405859 0.095833 0.033073
0 0.302546 0.758724 0.091204 0.030469
0 0.818287 0.608984 0.150463 0.017448
0 0.219213 0.580078 0.044907 0.058594
0 0.531713 0.513672 0.049537 0.050781
0 0.365046 0.838151 0.086574 0.027865
0 0.253935 0.724870 0.031019 0.077344
0 0.395139 0.728516 0.044907 0.053385
0 0.860417 0.329036 0.049537 0.046094
0 0.711806 0.388672 0.048611 0.045573
0 0.897454 0.131120 0.086574 0.025260
0 0.619676 0.356380 0.040278 0.053906
0 0.634722 0.642839 0.042593 0.048698
0 0.174074 0.434505 0.047222 0.043490
0 0.506250 0.734635 0.035648 0.056771
0 0.450694 0.451432 0.035648 0.056510
0 0.751157 0.529297 0.034722 0.055990
0 0.767824 0.792578 0.095833 0.020052
0 0.928704 0.207682 0.084259 0.022135
0 0.804398 0.631771 0.039352 0.047396
0 0.547917 0.637630 0.081944 0.022656
0 0.274769 0.714453 0.044907 0.040885
0 0.779398 0.657161 0.044907 0.040885
0 0.506944 0.573177 0.074074 0.023958
0 0.568750 0.726172 0.040278 0.043490
0 0.809491 0.184505 0.040278 0.043490
0 0.281713 0.829036 0.086574 0.020052
0 0.852315 0.828776 0.042593 0.040365
0 0.300231 0.521745 0.040278 0.040885
0 0.420602 0.636328 0.040278 0.040885
0 0.749306 0.748307 0.040278 0.040885
0 0.353472 0.740495 0.035648 0.046094
0 0.478472 0.300391 0.081944 0.020052
0 0.701389 0.577474 0.074074 0.022135
0 0.135880 0.664974 0.026389 0.061719
0 0.825694 0.757161 0.072685 0.022135
0 0.486111 0.681901 0.041667 0.038281
0 0.922917 0.861328 0.035648 0.042969
0 0.140509 0.558203 0.026389 0.056510
0 0.936806 0.560807 0.035648 0.040885
0 0.627778 0.806641 0.037963 0.037760
0 0.724537 0.715755 0.037037 0.038281
0 0.304398 0.787370 0.039352 0.035677
0 0.876157 0.659505 0.034722 0.040365
0 0.339583 0.692318 0.035648 0.038281
0 0.117361 0.693620 0.026389 0.051302
0 0.228472 0.451432 0.026389 0.051302
0 0.258565 0.614193 0.031019 0.043490
0 0.579861 0.580990 0.071759 0.018750
0 0.448380 0.257161 0.077315 0.016927
0 0.453009 0.650391 0.021759 0.058594
0 0.810648 0.228776 0.033333 0.038281
0 0.612731 0.490495 0.063426 0.020052
0 0.557176 0.870703 0.063426 0.020052
0 0.378472 0.799089 0.020833 0.059115
0 0.953009 0.800391 0.021759 0.056510
0 0.330324 0.877214 0.100463 0.012240
0 0.546759 0.477474 0.061111 0.020052
0 0.584954 0.680599 0.026389 0.046094
0 0.455324 0.292578 0.026389 0.046094
0 0.284028 0.677344 0.063426 0.018750
0 0.550231 0.694922 0.068056 0.017448
0 0.540972 0.197526 0.068056 0.017448
0 0.735417 0.653255 0.031019 0.038281
0 0.753935 0.241797 0.068056 0.017448
0 0.922917 0.713802 0.026389 0.044792
0 0.375463 0.605078 0.079630 0.014844
0 0.221528 0.749609 0.021759 0.053906
0 0.955324 0.306901 0.035648 0.033073
0 0.617361 0.700130 0.035648 0.033073
0 0.223843 0.629818 0.035648 0.033073
0 0.677546 0.684505 0.035648 0.033073
0 0.742361 0.559505 0.035648 0.033073
0 0.494213 0.619401 0.030093 0.038281
0 0.749306 0.477474 0.077315 0.014844
0 0.108102 0.187109 0.026389 0.043490
0 0.745370 0.630208 0.087963 0.013021
0 0.640509 0.905859 0.091204 0.012240
0 0.411343 0.688151 0.031019 0.035156
0 0.762037 0.434245 0.028704 0.037760
0 0.020139 0.834245 0.026389 0.040885
0 0.371991 0.429036 0.091204 0.011719
0 0.675231 0.788672 0.086574 0.012240
0 0.192593 0.616797 0.019444 0.053906
0 0.211806 0.521094 0.020833 0.050000
0 0.545602 0.896745 0.068056 0.014844
0 0.209954 0.444922 0.026389 0.038281
0 0.927546 0.809505 0.026389 0.038281
0 0.508565 0.769141 0.021759 0.046094
0 0.885880 0.424089 0.081944 0.012240
0 0.767361 0.714453 0.067130 0.014844
0 0.535880 0.360286 0.067130 0.014844
0 0.235417 0.095703 0.058796 0.016927
0 0.559028 0.603776 0.030093 0.033073
0 0.040972 0.596615 0.021759 0.044792
0 0.684028 0.774089 0.067130 0.014323
0 0.036343 0.332943 0.021759 0.043490
0 0.346528 0.582943 0.021759 0.043490
0 0.415972 0.745703 0.031019 0.030469
0 0.770139 0.706641 0.063426 0.014844
0 0.498843 0.595964 0.076389 0.012240
0 0.848380 0.292578 0.062500 0.014844
0 0.616898 0.136328 0.062500 0.014844
0 0.834491 0.602474 0.025463 0.035677
0 0.193750 0.662370 0.021759 0.040885
0 0.017824 0.748307 0.021759 0.040885
0 0.332639 0.539974 0.021759 0.040885
0 0.466898 0.865495 0.058796 0.014844
0 0.703009 0.227474 0.058796 0.014844
0 0.351157 0.482682 0.058796 0.014844
0 0.948380 0.256120 0.058796 0.014844
0 0.352315 0.135026 0.070370 0.012240
0 0.222685 0.115495 0.024074 0.035677
0 0.385417 0.655859 0.025463 0.033073
0 0.165972 0.343359 0.021759 0.038281
0 0.698380 0.205339 0.068056 0.012240
0 0.263194 0.161068 0.021759 0.038281
0 0.355787 0.418880 0.068056 0.012240
0 0.101157 0.783464 0.021759 0.038281
0 0.330324 0.779557 0.054167 0.014844
0 0.571065 0.443620 0.081944 0.009635
0 0.182176 0.709245 0.017130 0.046094
0 0.432176 0.693620 0.017130 0.046094
0 0.913657 0.108984 0.063426 0.012240
0 0.177546 0.127214 0.063426 0.012240
0 0.040972 0.500911 0.021759 0.035677
0 0.837269 0.703776 0.021759 0.035156
0 0.895139 0.244401 0.017130 0.043490
0 0.906713 0.836198 0.021759 0.034375
0 0.890509 0.197526 0.026389 0.027865
0 0.466898 0.694922 0.021759 0.033073
0 0.499306 0.747005 0.021759 0.033073
0 0.351157 0.663411 0.021759 0.032552
0 0.253935 0.125911 0.047685 0.014844
0 0.251620 0.511328 0.017130 0.040885
0 0.484259 0.810807 0.019444 0.035677
0 0.221528 0.396745 0.068056 0.009635
0 0.073380 0.383464 0.021759 0.029948
0 0.492361 0.507161 0.054167 0.011719
0 0.049769 0.204036 0.020833 0.030469
0 0.510880 0.110286 0.063426 0.009635
0 0.647454 0.567318 0.021759 0.027865
0 0.425231 0.523047 0.021759 0.027865
0 0.696528 0.495703 0.062500 0.009635
0 0.167824 0.526302 0.071759 0.008333
0 0.899769 0.750260 0.017130 0.034375
0 0.223843 0.492448 0.017130 0.034375
0 0.355787 0.237891 0.058796 0.009635
0 0.913657 0.786068 0.017130 0.033073
0 0.917824 0.364193 0.016204 0.033073
0 0.010880 0.763542 0.017130 0.031250
0 0.404398 0.443620 0.054167 0.009635
0 0.087269 0.858984 0.021759 0.022656
0 0.869676 0.878516 0.021759 0.020052
0 0.080324 0.895443 0.035648 0.012240
0 0.959954 0.244141 0.063426 0.006510
0 0.953009 0.710547 0.012500 0.033073
0 0.262731 0.137370 0.057870 0.006510
0 0.472685 0.996354 0.033333 0.005729
