0 0.920602 0.629167 0.095833 0.089063
0 0.740046 0.672526 0.058796 0.128906
0 0.684491 0.872005 0.179167 0.038281
0 0.223843 0.103776 0.072685 0.085156
0 0.311806 0.566016 0.054167 0.072135
0 0.101157 0.774349 0.123611 0.030469
0 0.506250 0.836589 0.118981 0.029948
0 0.883102 0.891536 0.104167 0.030469
0 0.149769 0.666276 0.044907 0.069531
0 0.972685 0.208594 0.051852 0.055208
0 0.728472 0.563151 0.054167 0.050781
0 0.865046 0.763932 0.031019 0.072135
0 0.151620 0.180599 0.048611 0.046094
0 0.953009 0.825130 0.040278 0.053906
0 0.723843 0.776953 0.081944 0.025260
0 0.962269 0.297786 0.040278 0.051302
0 0.204167 0.517578 0.042593 0.048177
0 0.867361 0.198828 0.035648 0.056510
0 0.821065 0.430599 0.100463 0.020052
0 0.591898 0.333594 0.040278 0.050000
0 0.478472 0.468099 0.044907 0.042969
0 0.182176 0.209245 0.035648 0.051302
0 0.223843 0.602474 0.035648 0.046094
0 0.578009 0.433203 0.105093 0.014844
0 0.733102 0.695573 0.026389 0.055208
0 0.640509 0.814714 0.081944 0.017448
0 0.476157 0.090755 0.021759 0.059115
0 0.103009 0.791276 0.099537 0.012240
0 0.902083 0.228516 0.021759 0.053385
0 0.874306 0.289714 0.077315 0.014323
0 0.806019 0.311849 0.088889 0.011719
0 0.260880 0.230078 0.026389 0.035677
0 0.932176 0.252214 0.017130 0.048698
0 0.987731 0.737891 0.017130 0.046094
0 0.036343 0.352474 0.049537 0.014844
0 0.246991 0.043880 0.026389 0.027865
0 0.098843 0.993099 0.044907 0.009635
