0 0.536343 0.616797 0.234722 0.048698
0 0.837269 0.305339 0.179167 0.045573
0 0.462269 0.838151 0.132870 0.043490
0 0.540972 0.835286 0.123611 0.042969
0 0.814120 0.435807 0.058796 0.077344
0 0.199537 0.244401 0.070370 0.064323
0 0.860417 0.062109 0.179167 0.022656
0 0.395139 0.196224 0.054167 0.066927
0 0.376620 0.714453 0.165278 0.020052
0 0.822222 0.526042 0.112037 0.028646
0 0.786343 0.873307 0.123611 0.025260
0 0.760417 0.120703 0.099537 0.030469
0 0.774769 0.286068 0.165278 0.017448
0 0.825694 0.247005 0.044907 0.064323
0 0.773611 0.374609 0.125926 0.022656
0 0.286343 0.207031 0.049537 0.057292
0 0.862731 0.412370 0.044907 0.061719
0 0.913194 0.217057 0.090278 0.030469
0 0.735417 0.439714 0.040278 0.064323
0 0.248148 0.414974 0.047222 0.051302
0 0.862731 0.817969 0.035648 0.065625
0 0.865046 0.126562 0.040278 0.052604
0 0.209954 0.835547 0.091204 0.022656
0 0.103009 0.753516 0.025463 0.072135
0 0.186343 0.170182 0.043981 0.040885
0 0.865046 0.334245 0.031019 0.056510
0 0.782870 0.094661 0.116667 0.014844
0 0.984259 0.442318 0.028704 0.059115
0 0.154398 0.105078 0.035648 0.046094
0 0.932176 0.144141 0.035648 0.046094
0 0.073380 0.241146 0.031019 0.052604
0 0.486574 0.184505 0.033333 0.048698
0 0.890509 0.010026 0.091204 0.017448
0 0.279398 0.287370 0.100463 0.014844
0 0.821065 0.066016 0.100463 0.014844
0 0.911343 0.059505 0.077315 0.017448
0 0.795602 0.198568 0.021759 0.055990
0 0.802546 0.256120 0.026389 0.046094
0 0.922917 0.429297 0.026389 0.038281
0 0.603472 0.881120 0.063426 0.014844
0 0.430324 0.715755 0.053241 0.017448
0 0.755093 0.595964 0.024074 0.038281
0 0.894676 0.164974 0.025463 0.035677
0 0.195602 0.379818 0.016204 0.053906
0 0.260417 0.697526 0.016204 0.048698
0 0.988889 0.575521 0.019444 0.039062
0 0.119213 0.116536 0.020833 0.032552
0 0.970370 0.115495 0.056481 0.009635
0 0.098843 0.990495 0.044907 0.009635
0 0.844213 0.231120 0.063426 0.006510
0 0.112731 0.352474 0.017130 0.020052
0 0.410185 0.462891 0.047222 0.006510
