0 0.419444 0.728776 0.139815 0.048698
0 0.800231 0.726172 0.114352 0.038281
0 0.552083 0.557943 0.062500 0.061198
0 0.947222 0.399349 0.102778 0.030469
0 0.911343 0.112891 0.040278 0.077344
0 0.214583 0.424089 0.035648 0.074740
0 0.726157 0.385677 0.086574 0.029167
0 0.545602 0.226172 0.105093 0.022656
0 0.626620 0.532161 0.091204 0.025260
0 0.311806 0.101172 0.081944 0.027865
0 0.841898 0.894141 0.049537 0.046094
0 0.175231 0.454036 0.049537 0.046094
0 0.582639 0.779557 0.086574 0.025260
0 0.638194 0.856380 0.095833 0.022656
0 0.530093 0.741797 0.092593 0.022656
0 0.288657 0.774349 0.081944 0.025260
0 0.811806 0.620703 0.081944 0.025260
0 0.477315 0.691016 0.079630 0.025260
0 0.228472 0.189714 0.081944 0.022656
0 0.182176 0.168880 0.081944 0.022656
0 0.698380 0.101172 0.105093 0.017448
0 0.471528 0.515234 0.031019 0.059115
0 0.799769 0.885026 0.030093 0.059115
0 0.953009 0.543880 0.077315 0.022656
0 0.518981 0.344661 0.042593 0.040885
0 0.462269 0.383724 0.086574 0.020052
0 0.480324 0.187109 0.076389 0.022656
0 0.362731 0.707943 0.026389 0.064323
0 0.510880 0.368099 0.035648 0.046094
0 0.411343 0.302344 0.086574 0.018750
0 0.508565 0.805599 0.077315 0.020052
0 0.670602 0.767578 0.068056 0.022135
0 0.490046 0.288411 0.068056 0.022135
0 0.371991 0.165625 0.091204 0.016146
0 0.675231 0.261979 0.031019 0.047396
0 0.927546 0.295182 0.072685 0.020052
0 0.293287 0.576172 0.072685 0.019531
0 0.721528 0.784505 0.031019 0.045573
0 0.844213 0.525391 0.081944 0.016927
0 0.851157 0.655859 0.077315 0.017448
0 0.707639 0.864193 0.077315 0.017448
0 0.156250 0.249609 0.030093 0.043490
0 0.772454 0.081641 0.086574 0.014844
0 0.413657 0.368099 0.063426 0.020052
0 0.649769 0.810807 0.063426 0.020052
0 0.200694 0.232422 0.035648 0.035156
0 0.616898 0.118099 0.062500 0.020052
0 0.575694 0.899349 0.026389 0.046094
0 0.390509 0.125911 0.026389 0.046094
0 0.302083 0.356120 0.071759 0.016927
0 0.394676 0.270182 0.071759 0.016927
0 0.218056 0.672786 0.033333 0.035677
0 0.300231 0.218359 0.021759 0.053906
0 0.986574 0.317318 0.024074 0.048698
0 0.986574 0.715755 0.024074 0.048698
0 0.758565 0.887370 0.031019 0.037760
0 0.318750 0.223307 0.031019 0.037760
0 0.534028 0.507161 0.035648 0.032552
0 0.610417 0.188411 0.077315 0.014844
0 0.496991 0.132422 0.026389 0.043490
0 0.899769 0.468099 0.026389 0.042969
0 0.193750 0.256120 0.021759 0.051302
0 0.207639 0.351172 0.086574 0.012240
0 0.218750 0.308464 0.062500 0.016927
0 0.429861 0.395443 0.058796 0.017448
0 0.453009 0.327734 0.058796 0.017448
0 0.953009 0.498307 0.068056 0.014844
0 0.156713 0.305599 0.068056 0.014844
0 0.131250 0.157161 0.017130 0.056510
0 0.306713 0.418229 0.025463 0.036979
0 0.334954 0.805599 0.026389 0.035677
0 0.825694 0.599870 0.063426 0.014844
0 0.260880 0.654557 0.026389 0.035677
0 0.494676 0.209245 0.095833 0.009635
0 0.603472 0.080339 0.072685 0.012240
0 0.115046 0.211849 0.021759 0.040885
0 0.457639 0.198828 0.058796 0.014844
0 0.665972 0.900651 0.068056 0.012240
0 0.668287 0.141536 0.026389 0.030469
0 0.244676 0.137370 0.068056 0.011719
0 0.554861 0.143490 0.058796 0.013542
0 0.543287 0.487891 0.017130 0.046094
0 0.635417 0.691016 0.016204 0.046094
0 0.712269 0.461849 0.077315 0.009635
0 0.952546 0.701432 0.020833 0.035677
0 0.401620 0.672786 0.020833 0.035677
0 0.735417 0.522786 0.021759 0.032552
0 0.369676 0.149089 0.049537 0.014323
0 0.078704 0.713802 0.023148 0.029167
0 0.202546 0.103776 0.020833 0.027865
0 0.871991 0.368750 0.017130 0.031771
0 0.779398 0.401953 0.054167 0.009635
0 0.135880 0.404557 0.017130 0.030469
0 0.420602 0.506120 0.012500 0.040885
0 0.368056 0.440755 0.055556 0.009115
0 0.209954 0.325130 0.017130 0.027865
0 0.804861 0.750911 0.049537 0.009635
0 0.975000 0.269141 0.047222 0.009635
0 0.524769 0.879818 0.063426 0.007031
0 0.457639 0.138932 0.021759 0.020052
0 0.140509 0.237240 0.017130 0.023958
0 0.993519 0.351823 0.010185 0.023958
0 0.642824 0.135026 0.031019 0.007031
0 0.612731 0.030599 0.026389 0.006510
0 0.767824 0.996354 0.021759 0.005729
0 0.662500 0.997656 0.024074 0.003125
