0 0.861111 0.809505 0.069444 0.069531
0 0.848843 0.222005 0.128241 0.035156
0 0.197917 0.723568 0.057870 0.074740
0 0.855787 0.860286 0.058796 0.056510
0 0.490046 0.595964 0.058796 0.053906
0 0.119676 0.402604 0.095833 0.031771
0 0.411343 0.918880 0.105093 0.027865
0 0.698380 0.920182 0.095833 0.030469
0 0.605787 0.304948 0.095833 0.029167
0 0.221528 0.449870 0.040278 0.069010
0 0.728472 0.597266 0.091204 0.030469
0 0.776620 0.411719 0.094907 0.029167
0 0.617361 0.830339 0.091204 0.027865
0 0.726157 0.849870 0.049537 0.051302
0 0.961806 0.157161 0.048611 0.051302
0 0.795602 0.347266 0.095833 0.025260
0 0.800231 0.170182 0.095833 0.025260
0 0.402083 0.407161 0.049537 0.046094
0 0.628935 0.338151 0.123611 0.017448
0 0.135417 0.611589 0.043981 0.048698
0 0.334954 0.521745 0.044907 0.046094
0 0.131250 0.526953 0.035648 0.056510
0 0.223380 0.778906 0.043981 0.044792
0 0.277083 0.133724 0.077315 0.025260
0 0.588426 0.805339 0.042593 0.045573
0 0.323380 0.858724 0.040278 0.048177
0 0.853472 0.113932 0.044907 0.042969
0 0.927546 0.685807 0.026389 0.072135
0 0.716898 0.187109 0.031019 0.059115
0 0.089583 0.441016 0.044907 0.040885
0 0.663657 0.232682 0.091204 0.020052
0 0.121991 0.670182 0.118981 0.014844
0 0.661343 0.843359 0.077315 0.022656
0 0.763194 0.796484 0.040278 0.043490
0 0.855324 0.935807 0.085648 0.020052
0 0.397454 0.813411 0.040278 0.040885
0 0.760880 0.899349 0.035648 0.046094
0 0.080324 0.526953 0.081944 0.020052
0 0.332639 0.814063 0.031019 0.052604
0 0.362731 0.546484 0.091204 0.017448
0 0.834954 0.588151 0.026389 0.059115
0 0.228472 0.902604 0.072685 0.021354
0 0.464583 0.637630 0.035648 0.043490
0 0.788657 0.603776 0.035648 0.043490
0 0.499306 0.619401 0.040278 0.038281
0 0.814815 0.450130 0.087963 0.017448
0 0.318750 0.629557 0.068056 0.022135
0 0.559491 0.533203 0.031019 0.048177
0 0.339583 0.675391 0.035648 0.040885
0 0.249306 0.506120 0.031019 0.046094
0 0.915972 0.206641 0.031019 0.046094
0 0.159028 0.832943 0.081944 0.017448
0 0.744213 0.297786 0.039352 0.035677
0 0.103472 0.296484 0.035648 0.038281
0 0.756250 0.838151 0.035648 0.038281
0 0.126620 0.878516 0.091204 0.014844
0 0.325694 0.574479 0.063426 0.021354
0 0.617361 0.494401 0.109722 0.012240
0 0.679861 0.463151 0.077315 0.017448
0 0.821065 0.811849 0.035648 0.037760
0 0.077546 0.516536 0.067130 0.020052
0 0.373148 0.136068 0.037963 0.035156
0 0.538657 0.576432 0.035648 0.035677
0 0.038657 0.645833 0.035648 0.033854
0 0.228472 0.857031 0.063426 0.018750
0 0.040972 0.387630 0.068056 0.017448
0 0.527083 0.789974 0.058796 0.020052
0 0.628935 0.900651 0.021759 0.053906
0 0.515509 0.353776 0.035648 0.033073
0 0.439120 0.414974 0.058796 0.020052
0 0.425231 0.842057 0.077315 0.014844
0 0.228472 0.511979 0.026389 0.042188
0 0.332639 0.138932 0.031019 0.035677
0 0.228472 0.252214 0.063426 0.017448
0 0.795602 0.427995 0.031019 0.035677
0 0.450694 0.523047 0.063426 0.017448
0 0.760880 0.758724 0.026389 0.040885
0 0.871991 0.151953 0.026389 0.040885
0 0.373843 0.633724 0.030093 0.035677
0 0.589583 0.593099 0.091204 0.011719
0 0.045139 0.607682 0.030093 0.035677
0 0.253935 0.674089 0.021759 0.048698
0 0.704167 0.276953 0.070370 0.014844
0 0.867361 0.190104 0.026389 0.039062
0 0.235417 0.733984 0.058796 0.017448
0 0.672917 0.523047 0.081944 0.012240
0 0.170602 0.344661 0.021759 0.046094
0 0.800231 0.120443 0.021759 0.045573
0 0.527083 0.271484 0.021759 0.045573
0 0.064120 0.273047 0.077315 0.012240
0 0.446065 0.450130 0.054167 0.017448
0 0.275926 0.458984 0.065741 0.014323
0 0.608102 0.136328 0.063426 0.014844
0 0.082176 0.541276 0.076389 0.012240
0 0.249306 0.548438 0.021759 0.042188
0 0.395139 0.757682 0.054167 0.016927
0 0.670602 0.162370 0.021759 0.040885
0 0.867361 0.702734 0.072685 0.012240
0 0.286343 0.110286 0.058796 0.014844
0 0.228472 0.364193 0.026389 0.033073
0 0.087269 0.784766 0.058796 0.014844
0 0.182176 0.163672 0.026389 0.033073
0 0.725694 0.482682 0.057870 0.014844
0 0.221065 0.628516 0.057870 0.014844
0 0.237731 0.809245 0.026389 0.032552
0 0.776620 0.253516 0.020833 0.040885
0 0.216898 0.650651 0.068056 0.012240
0 0.670602 0.921484 0.068056 0.012240
0 0.147454 0.739193 0.021759 0.038281
0 0.793287 0.827474 0.017130 0.048177
0 0.536343 0.535807 0.021759 0.037760
0 0.851157 0.405599 0.021759 0.037760
0 0.694444 0.486979 0.060185 0.013021
0 0.073380 0.349870 0.021759 0.035677
0 0.339583 0.111589 0.063426 0.012240
0 0.283565 0.844661 0.016204 0.046094
0 0.816435 0.632422 0.017130 0.043490
0 0.117361 0.817057 0.063426 0.011719
0 0.899769 0.137630 0.026389 0.027865
0 0.285880 0.766276 0.020833 0.035156
0 0.751620 0.270182 0.026389 0.027344
0 0.043981 0.326432 0.074074 0.009635
0 0.163657 0.503516 0.072685 0.009635
0 0.605787 0.322266 0.058796 0.011719
0 0.696065 0.662370 0.026389 0.025260
0 0.061806 0.289974 0.026389 0.025260
0 0.203009 0.370703 0.021759 0.030469
0 0.605787 0.243099 0.021759 0.030469
0 0.436806 0.561458 0.017130 0.038542
0 0.700694 0.213151 0.017130 0.038281
0 0.774769 0.671484 0.017130 0.038281
0 0.015046 0.617448 0.016204 0.039583
0 0.635417 0.749609 0.016204 0.038281
0 0.010880 0.513932 0.017130 0.035677
0 0.696065 0.355078 0.063426 0.009635
0 0.522917 0.418880 0.048611 0.012240
0 0.804861 0.445573 0.068056 0.008333
0 0.029398 0.502214 0.017130 0.033073
0 0.149306 0.202734 0.016204 0.033073
0 0.228472 0.175391 0.017130 0.030469
0 0.172917 0.847266 0.017130 0.030469
0 0.270139 0.718099 0.017130 0.027344
0 0.534722 0.120703 0.046296 0.009635
0 0.466898 0.808854 0.040278 0.010937
0 0.105787 0.872005 0.058796 0.007031
0 0.582176 0.534505 0.011574 0.035156
0 0.302546 0.807943 0.044907 0.009115
0 0.175231 0.310807 0.012500 0.025260
0 0.951852 0.413672 0.010185 0.022656
