0 0.792130 0.343359 0.088889 0.085156
0 0.402083 0.399349 0.142130 0.040885
0 0.534028 0.612630 0.118981 0.035156
0 0.723380 0.773047 0.136574 0.027865
0 0.635880 0.474870 0.054167 0.051302
0 0.877778 0.143880 0.139815 0.019531
0 0.453009 0.425391 0.105093 0.025260
0 0.901620 0.170182 0.131944 0.020052
0 0.936806 0.364193 0.044907 0.053906
0 0.573380 0.312109 0.049537 0.048698
0 0.086806 0.845703 0.048611 0.048177
0 0.722222 0.648047 0.097222 0.022656
0 0.531250 0.534766 0.085648 0.025260
0 0.165972 0.511328 0.031019 0.066927
0 0.645139 0.809505 0.091204 0.022656
0 0.931713 0.860286 0.043981 0.046094
0 0.094213 0.655599 0.044907 0.042969
0 0.455324 0.817318 0.035648 0.053906
0 0.431713 0.345964 0.108796 0.017448
0 0.409028 0.704036 0.072685 0.025260
0 0.575231 0.571224 0.090278 0.020052
0 0.692593 0.357682 0.121296 0.014844
0 0.656713 0.892839 0.040278 0.043490
0 0.762037 0.523047 0.075000 0.022656
0 0.258102 0.412109 0.085648 0.019531
0 0.934491 0.753516 0.040278 0.040885
0 0.871991 0.240495 0.035648 0.046094
0 0.675231 0.196875 0.031019 0.052604
0 0.468056 0.585547 0.033333 0.048698
0 0.566435 0.489844 0.035648 0.044792
0 0.235417 0.827734 0.040278 0.038281
0 0.753935 0.851172 0.068056 0.022656
0 0.943750 0.439714 0.021759 0.069531
0 0.661343 0.528255 0.086574 0.017448
0 0.501620 0.667578 0.100463 0.014844
0 0.931713 0.209245 0.034722 0.040885
0 0.626620 0.493750 0.063426 0.021354
0 0.447917 0.735286 0.067130 0.020052
0 0.218750 0.431250 0.062500 0.021354
0 0.781250 0.818620 0.085648 0.014844
0 0.193750 0.693620 0.031019 0.040885
0 0.376620 0.442318 0.100463 0.012240
0 0.802083 0.162109 0.062500 0.019531
0 0.839583 0.508724 0.026389 0.046094
0 0.371991 0.386328 0.081944 0.014844
0 0.546296 0.551693 0.069444 0.017448
0 0.870833 0.810547 0.061111 0.019531
0 0.749306 0.288672 0.031019 0.038281
0 0.119676 0.394141 0.058796 0.020052
0 0.062963 0.464453 0.028704 0.040885
0 0.281713 0.560807 0.077315 0.014844
0 0.119676 0.757161 0.095833 0.011719
0 0.716898 0.868099 0.021759 0.051302
0 0.425231 0.842057 0.021759 0.051302
0 0.402083 0.458984 0.077315 0.014323
0 0.793287 0.416276 0.063426 0.017448
0 0.351157 0.833984 0.031019 0.035156
0 0.634259 0.592057 0.069444 0.014844
0 0.031713 0.747005 0.058796 0.017448
0 0.582639 0.443620 0.105093 0.009635
0 0.904398 0.653255 0.026389 0.038281
0 0.364583 0.771745 0.020833 0.046094
0 0.179861 0.826432 0.031019 0.030469
0 0.311806 0.534766 0.026389 0.035677
0 0.575694 0.909766 0.026389 0.035677
0 0.712269 0.483724 0.021759 0.042969
0 0.434491 0.529557 0.095833 0.009635
0 0.506713 0.801693 0.053241 0.017448
0 0.534028 0.728776 0.072685 0.012240
0 0.665972 0.696224 0.021759 0.040885
0 0.635417 0.536068 0.071759 0.012240
0 0.316435 0.684505 0.026389 0.033073
0 0.693750 0.141536 0.058796 0.014844
0 0.203009 0.454036 0.058796 0.014844
0 0.297454 0.638932 0.016204 0.051302
0 0.753935 0.200130 0.021759 0.038281
0 0.360417 0.691016 0.021759 0.035677
0 0.816435 0.512630 0.017130 0.043490
0 0.415509 0.365495 0.076389 0.009635
0 0.277083 0.745703 0.049537 0.014844
0 0.883565 0.793880 0.058796 0.012240
0 0.795602 0.127214 0.021759 0.033073
0 0.425231 0.722005 0.077315 0.009115
0 0.802546 0.784766 0.017130 0.040885
0 0.390509 0.560807 0.072685 0.009635
0 0.459954 0.914974 0.072685 0.009635
0 0.302546 0.490495 0.017130 0.040885
0 0.355324 0.885026 0.020833 0.033073
0 0.167824 0.675391 0.016204 0.040885
0 0.223380 0.714453 0.016204 0.040885
0 0.200694 0.355078 0.026389 0.025260
0 0.766667 0.136328 0.019444 0.030469
0 0.844213 0.332943 0.017130 0.033073
0 0.395139 0.751953 0.017130 0.032552
0 0.885880 0.354818 0.017130 0.029948
0 0.036343 0.705339 0.040278 0.012240
0 0.524306 0.432943 0.053241 0.009115
0 0.656250 0.101172 0.039352 0.012240
0 0.659028 0.559505 0.063426 0.007031
0 0.781713 0.886328 0.021759 0.020052
0 0.760880 0.103776 0.017130 0.022656
0 0.033565 0.335547 0.016204 0.017448
0 0.010880 0.595052 0.017130 0.015625
