0 0.141667 0.821224 0.056481 0.061719
0 0.290972 0.189714 0.049537 0.064323
0 0.381250 0.748307 0.054167 0.056510
0 0.679398 0.477474 0.094907 0.030469
0 0.078009 0.713151 0.123611 0.022656
0 0.513194 0.347266 0.049537 0.056510
0 0.348843 0.866797 0.100463 0.027865
0 0.253935 0.622005 0.095833 0.027865
0 0.082639 0.765234 0.031019 0.079948
0 0.594213 0.436849 0.035648 0.069010
0 0.228009 0.172135 0.043981 0.055208
0 0.786343 0.533464 0.105093 0.022656
0 0.911343 0.440755 0.095833 0.024740
0 0.709954 0.120703 0.091204 0.025260
0 0.906713 0.844661 0.086574 0.025260
0 0.453009 0.347266 0.086574 0.025260
0 0.888194 0.105078 0.086574 0.025260
0 0.637731 0.534766 0.085648 0.025260
0 0.318287 0.388932 0.085648 0.025260
0 0.219213 0.717708 0.100463 0.021354
0 0.024306 0.684245 0.043981 0.048177
0 0.784722 0.516276 0.046296 0.045573
0 0.714583 0.515234 0.091204 0.022656
0 0.538194 0.579036 0.043981 0.046094
0 0.258565 0.658464 0.031019 0.064323
0 0.915972 0.727474 0.077315 0.025260
0 0.052546 0.749609 0.044907 0.043490
0 0.607639 0.517839 0.043981 0.043490
0 0.837269 0.610938 0.040278 0.047396
0 0.721065 0.763932 0.094907 0.020052
0 0.860417 0.347266 0.040278 0.046094
0 0.501620 0.818620 0.035648 0.051302
0 0.078009 0.522786 0.031019 0.058594
0 0.086806 0.717057 0.039352 0.046094
0 0.409028 0.541667 0.035648 0.049479
0 0.395139 0.288672 0.035648 0.048698
0 0.089583 0.817318 0.035648 0.048698
0 0.156250 0.588151 0.076389 0.022656
0 0.325694 0.251953 0.035648 0.048177
0 0.873843 0.593359 0.030093 0.053906
0 0.535185 0.339453 0.037963 0.040885
0 0.878935 0.594661 0.077315 0.020052
0 0.689120 0.157161 0.077315 0.020052
0 0.156713 0.084245 0.077315 0.020052
0 0.376620 0.564714 0.035648 0.043490
0 0.207639 0.465495 0.040278 0.037760
0 0.628935 0.741797 0.086574 0.017448
0 0.841898 0.523047 0.031019 0.048698
0 0.927546 0.677995 0.035648 0.040885
0 0.728472 0.563411 0.072685 0.020052
0 0.260880 0.146745 0.072685 0.020052
0 0.295602 0.470313 0.068056 0.021354
0 0.295602 0.860286 0.031019 0.046094
0 0.014352 0.747005 0.028704 0.048698
0 0.040972 0.855078 0.068056 0.020052
0 0.656713 0.616797 0.031019 0.043490
0 0.161343 0.731120 0.031019 0.042969
0 0.318287 0.658464 0.076389 0.017448
0 0.888194 0.227214 0.068056 0.019531
0 0.186806 0.787370 0.035648 0.035677
0 0.154398 0.119401 0.072685 0.017448
0 0.455324 0.580339 0.072685 0.017448
0 0.073380 0.625651 0.031019 0.040365
0 0.781713 0.201172 0.086574 0.014323
0 0.433333 0.708594 0.065741 0.018750
0 0.075694 0.175391 0.026389 0.046094
0 0.476157 0.111589 0.031019 0.038281
0 0.204861 0.868099 0.025463 0.046094
0 0.839583 0.749609 0.026389 0.043490
0 0.362731 0.606120 0.026389 0.042969
0 0.582639 0.295573 0.031019 0.036458
0 0.527083 0.123307 0.021759 0.051302
0 0.138194 0.477474 0.021759 0.051302
0 0.193750 0.516276 0.077315 0.014323
0 0.392824 0.435807 0.031019 0.035677
0 0.520139 0.528255 0.063426 0.017448
0 0.108102 0.480078 0.026389 0.040885
0 0.441435 0.204036 0.026389 0.040885
0 0.260880 0.826432 0.072685 0.014844
0 0.635417 0.263932 0.071759 0.014844
0 0.649306 0.360286 0.025463 0.040885
0 0.126620 0.629818 0.026389 0.038281
0 0.443750 0.657161 0.068056 0.014844
0 0.605787 0.300391 0.021759 0.046094
0 0.303704 0.525651 0.056481 0.017448
0 0.638194 0.400651 0.021759 0.043490
0 0.730324 0.179297 0.076389 0.012240
0 0.253935 0.436458 0.021759 0.042188
0 0.344907 0.426042 0.083333 0.010937
0 0.519676 0.193359 0.062500 0.014323
0 0.172917 0.819922 0.072685 0.012240
0 0.427546 0.598568 0.072685 0.012240
0 0.337963 0.452734 0.050926 0.017448
0 0.155093 0.137630 0.050926 0.017448
0 0.351157 0.516276 0.021759 0.040365
0 0.642824 0.177995 0.058796 0.014844
0 0.045602 0.563411 0.058796 0.014844
0 0.105787 0.651953 0.058796 0.014844
0 0.047917 0.225911 0.026389 0.032552
0 0.260880 0.095703 0.026389 0.032552
0 0.369213 0.250911 0.020833 0.040885
0 0.457639 0.791276 0.068056 0.012240
0 0.082639 0.101172 0.021759 0.038281
0 0.341435 0.789323 0.020833 0.039583
0 0.321065 0.146745 0.026389 0.030469
0 0.772454 0.272786 0.068056 0.011719
0 0.494676 0.737630 0.086574 0.009115
0 0.453009 0.339193 0.086574 0.009115
0 0.392361 0.712891 0.067130 0.011719
0 0.746991 0.720964 0.063426 0.012240
0 0.751620 0.289714 0.054167 0.014323
0 0.737731 0.629818 0.017130 0.043490
0 0.759722 0.814714 0.061111 0.012240
0 0.114583 0.513932 0.020833 0.035677
0 0.480787 0.521745 0.049537 0.014844
0 0.096528 0.632422 0.021759 0.033073
0 0.281713 0.291276 0.021759 0.033073
0 0.473380 0.877214 0.016204 0.043490
0 0.443750 0.133464 0.077315 0.009115
0 0.218750 0.556901 0.025463 0.027865
0 0.552546 0.638932 0.072685 0.009635
0 0.786343 0.633724 0.021759 0.030469
0 0.941435 0.358984 0.054167 0.012240
0 0.323380 0.883464 0.068056 0.009115
0 0.321065 0.602474 0.063426 0.009635
0 0.409028 0.576432 0.017130 0.035677
0 0.200231 0.704036 0.062500 0.009635
0 0.834491 0.904557 0.062500 0.009635
0 0.286343 0.217057 0.021759 0.025260
0 0.527083 0.071224 0.021759 0.025260
0 0.751620 0.446615 0.017130 0.031250
0 0.461111 0.634375 0.019444 0.026562
0 0.487731 0.773047 0.017130 0.027865
0 0.235417 0.755859 0.049537 0.009115
0 0.848843 0.433203 0.017130 0.025260
0 0.087269 0.176693 0.012500 0.033073
0 0.522454 0.892839 0.058796 0.007031
0 0.358102 0.633464 0.044907 0.009115
0 0.815278 0.353125 0.014815 0.026562
0 0.932176 0.311849 0.044907 0.006510
0 0.476157 0.348568 0.012500 0.022656
0 0.584954 0.994401 0.026389 0.007031
