0 0.531250 0.615495 0.224537 0.040885
0 0.652083 0.077734 0.151389 0.048698
0 0.082639 0.670182 0.058796 0.087760
0 0.899769 0.808203 0.137500 0.035677
0 0.735417 0.620703 0.068056 0.066927
0 0.973843 0.709245 0.035648 0.108594
0 0.366898 0.068620 0.145833 0.025260
0 0.818287 0.298828 0.122685 0.027344
0 0.300231 0.185807 0.058796 0.056510
0 0.153935 0.805599 0.127315 0.025260
0 0.741204 0.590755 0.112037 0.027865
0 0.895139 0.271484 0.035648 0.087240
0 0.059491 0.427995 0.040278 0.072135
0 0.733102 0.199479 0.054167 0.052604
0 0.542130 0.232682 0.088889 0.030469
0 0.494676 0.086198 0.086574 0.029167
0 0.087269 0.379557 0.049537 0.048177
0 0.795602 0.381120 0.049537 0.046094
0 0.895139 0.360286 0.109722 0.020052
0 0.089583 0.814714 0.044907 0.048698
0 0.714583 0.326432 0.044907 0.046094
0 0.198380 0.498047 0.040278 0.050781
0 0.807176 0.485286 0.035648 0.056510
0 0.924769 0.313411 0.030093 0.061719
0 0.788657 0.429297 0.081944 0.022656
0 0.890509 0.010026 0.091204 0.017448
0 0.098843 0.655859 0.026389 0.059115
0 0.147454 0.127214 0.031019 0.048698
0 0.983102 0.585547 0.026389 0.053906
0 0.466898 0.822526 0.105093 0.012240
0 0.339583 0.073828 0.081944 0.014844
0 0.799769 0.314714 0.094907 0.012240
0 0.982639 0.788411 0.025463 0.042969
0 0.800231 0.444922 0.058796 0.017448
0 0.963426 0.836589 0.070370 0.014323
0 0.816435 0.592448 0.026389 0.036458
0 0.865046 0.153255 0.021759 0.043490
0 0.401620 0.062109 0.076389 0.012240
0 0.957639 0.622005 0.021759 0.038281
0 0.098380 0.185807 0.016204 0.040885
0 0.986574 0.549349 0.024074 0.027344
0 0.904398 0.297786 0.017130 0.035677
0 0.098843 0.993099 0.044907 0.009635
