0 0.244676 0.842057 0.095833 0.087760
0 0.515509 0.535807 0.146759 0.042969
0 0.230787 0.724870 0.142130 0.040885
0 0.064120 0.529557 0.077315 0.072135
0 0.802546 0.775651 0.109722 0.038281
0 0.075694 0.711198 0.035648 0.102083
0 0.802546 0.470964 0.100463 0.033073
0 0.593750 0.271745 0.108796 0.030469
0 0.179861 0.794531 0.049537 0.065625
0 0.885880 0.798438 0.118981 0.026562
0 0.629630 0.521745 0.050926 0.061719
0 0.871991 0.397396 0.054167 0.057813
0 0.828009 0.209245 0.095833 0.030469
0 0.042130 0.704036 0.042593 0.066927
0 0.659028 0.394141 0.054167 0.051302
0 0.598843 0.747005 0.118981 0.022656
0 0.029398 0.503516 0.035648 0.072135
0 0.744676 0.116797 0.086574 0.027865
0 0.318750 0.487891 0.114352 0.020052
0 0.663657 0.903255 0.081944 0.027865
0 0.448380 0.135026 0.095833 0.022656
0 0.785880 0.551693 0.039352 0.053906
0 0.596528 0.886328 0.105093 0.020052
0 0.494676 0.571224 0.105093 0.020052
0 0.311806 0.519141 0.044907 0.046094
0 0.737269 0.319922 0.090278 0.022656
0 0.899769 0.763932 0.100463 0.020052
0 0.116204 0.879818 0.088889 0.022656
0 0.256250 0.622656 0.081944 0.023958
0 0.170139 0.418880 0.085648 0.022656
0 0.149769 0.507422 0.035648 0.053906
0 0.441435 0.374609 0.109722 0.017448
0 0.084954 0.580339 0.081944 0.022656
0 0.156713 0.623307 0.040278 0.046094
0 0.165972 0.584245 0.040278 0.046094
0 0.749306 0.513932 0.040278 0.046094
0 0.330324 0.145443 0.081944 0.022656
0 0.476157 0.220964 0.031019 0.059115
0 0.492361 0.097266 0.072685 0.025260
0 0.353472 0.696224 0.035648 0.051302
0 0.645139 0.681641 0.081944 0.022135
0 0.468750 0.834245 0.043981 0.040885
0 0.640509 0.834896 0.109722 0.016146
0 0.936806 0.361589 0.035648 0.048698
0 0.850694 0.585547 0.039352 0.043490
0 0.696065 0.286068 0.026389 0.064323
0 0.214583 0.585547 0.026389 0.064323
0 0.221528 0.192318 0.095833 0.017448
0 0.184491 0.444661 0.031019 0.053385
0 0.246991 0.659766 0.035648 0.046094
0 0.885880 0.357682 0.081944 0.020052
0 0.184491 0.358984 0.040278 0.038281
0 0.216898 0.424089 0.040278 0.038281
0 0.564120 0.361589 0.040278 0.038281
0 0.379398 0.648047 0.067130 0.022656
0 0.517824 0.247005 0.086574 0.017448
0 0.793287 0.120703 0.026389 0.056510
0 0.881250 0.829036 0.100463 0.014844
0 0.354630 0.622005 0.065741 0.022656
0 0.347222 0.317969 0.078704 0.018750
0 0.729630 0.742839 0.075000 0.019531
0 0.265972 0.735286 0.071759 0.020052
0 0.358102 0.274089 0.035648 0.040365
0 0.147454 0.170182 0.095833 0.014844
0 0.239583 0.696224 0.094907 0.014844
0 0.385880 0.692969 0.035648 0.039583
0 0.675231 0.122396 0.031019 0.044271
0 0.029398 0.611589 0.035648 0.038281
0 0.080324 0.602474 0.091204 0.014844
0 0.219213 0.399349 0.091204 0.014844
0 0.043287 0.175391 0.026389 0.051302
0 0.867361 0.433203 0.091204 0.014844
0 0.450694 0.271745 0.091204 0.014844
0 0.841898 0.819922 0.077315 0.017448
0 0.366204 0.664974 0.088889 0.014844
0 0.822917 0.379818 0.030093 0.043490
0 0.353472 0.599870 0.063426 0.020052
0 0.802546 0.409115 0.026389 0.047396
0 0.182176 0.110677 0.026389 0.046875
0 0.899769 0.102474 0.081944 0.014844
0 0.396296 0.443620 0.033333 0.035677
0 0.263194 0.585547 0.031019 0.038281
0 0.772454 0.900651 0.031019 0.038281
0 0.353472 0.549089 0.035648 0.033073
0 0.771296 0.388932 0.028704 0.040885
0 0.364583 0.158464 0.067130 0.017448
0 0.457176 0.119401 0.067130 0.017448
0 0.642824 0.744141 0.068056 0.016927
0 0.147454 0.710286 0.068056 0.016927
0 0.818750 0.293620 0.095833 0.011719
0 0.728009 0.796484 0.062500 0.017448
0 0.286343 0.419922 0.031019 0.035156
0 0.455324 0.602474 0.026389 0.040885
0 0.723843 0.537370 0.026389 0.040885
0 0.070602 0.226823 0.025463 0.042188
0 0.448380 0.483984 0.021759 0.048698
0 0.716898 0.756120 0.068056 0.014844
0 0.531250 0.911068 0.057870 0.017448
0 0.429861 0.625651 0.021759 0.045573
0 0.834954 0.333594 0.072685 0.013542
0 0.775463 0.812109 0.055556 0.017448
0 0.378935 0.299089 0.021759 0.043490
0 0.559491 0.590755 0.077315 0.012240
0 0.071065 0.382422 0.054167 0.017448
0 0.730787 0.337891 0.021759 0.042969
0 0.659028 0.786068 0.017130 0.053906
0 0.953009 0.280208 0.021759 0.042188
0 0.344213 0.168620 0.054167 0.016927
0 0.867361 0.993750 0.081944 0.010937
0 0.575694 0.741797 0.072685 0.012240
0 0.207639 0.287630 0.021759 0.040365
0 0.538657 0.663672 0.026389 0.033073
0 0.855787 0.714453 0.058796 0.014844
0 0.900926 0.630859 0.028704 0.029948
0 0.322917 0.227474 0.020833 0.040885
0 0.248843 0.312109 0.067130 0.012240
0 0.719213 0.873307 0.026389 0.030469
0 0.448380 0.405208 0.049537 0.016146
0 0.251157 0.877214 0.016204 0.048698
0 0.598843 0.602474 0.081944 0.009635
0 0.197917 0.387370 0.067130 0.011719
0 0.679861 0.524349 0.021759 0.035677
0 0.621991 0.666276 0.063426 0.012240
0 0.496528 0.161068 0.062500 0.012240
0 0.640509 0.633464 0.081944 0.009115
0 0.103472 0.106120 0.063426 0.011719
0 0.214583 0.775391 0.017130 0.042969
0 0.385880 0.472917 0.017130 0.042188
0 0.395139 0.805599 0.072685 0.009635
0 0.807176 0.177995 0.017130 0.040885
0 0.765509 0.485286 0.072685 0.009635
0 0.086111 0.099870 0.047222 0.014844
0 0.598843 0.388672 0.017130 0.040365
0 0.844213 0.172526 0.017130 0.040365
0 0.354630 0.502214 0.056481 0.012240
0 0.325694 0.253255 0.072685 0.009115
0 0.603472 0.718359 0.017130 0.038281
0 0.578009 0.151953 0.068056 0.009635
0 0.918287 0.309505 0.017130 0.038281
0 0.066435 0.499609 0.017130 0.038281
0 0.286343 0.381771 0.058796 0.010937
0 0.087269 0.456380 0.068056 0.009115
0 0.354630 0.361979 0.047222 0.013021
0 0.693287 0.478516 0.020833 0.027344
0 0.510880 0.327474 0.017130 0.032552
0 0.068287 0.828385 0.039352 0.013542
0 0.665972 0.709245 0.012500 0.040885
0 0.413194 0.214453 0.053241 0.009635
0 0.760880 0.366146 0.017130 0.026562
0 0.096528 0.443620 0.021759 0.020052
0 0.297917 0.108984 0.035648 0.012240
0 0.733102 0.090495 0.054167 0.006510
0 0.205324 0.103516 0.035648 0.006510
