0 0.209954 0.839453 0.072685 0.108594
0 0.184491 0.677083 0.068056 0.065104
0 0.612731 0.390234 0.128241 0.033073
0 0.621991 0.545573 0.054167 0.062500
0 0.841898 0.579036 0.058796 0.056510
0 0.323380 0.336849 0.105093 0.030469
0 0.800231 0.479818 0.105093 0.029948
0 0.480324 0.465755 0.094907 0.033073
0 0.050231 0.456641 0.049537 0.056510
0 0.172917 0.240495 0.091204 0.030469
0 0.915972 0.397396 0.040278 0.068229
0 0.182176 0.539323 0.044907 0.060417
0 0.351157 0.168880 0.114352 0.022656
0 0.365046 0.628255 0.086574 0.029948
0 0.152083 0.714453 0.049537 0.051302
0 0.209954 0.756120 0.044907 0.056510
0 0.564120 0.107682 0.095833 0.025260
0 0.138194 0.808203 0.031019 0.077344
0 0.131250 0.849870 0.091204 0.025260
0 0.177546 0.404557 0.091204 0.025260
0 0.267824 0.451432 0.049537 0.046094
0 0.536343 0.831641 0.049537 0.046094
0 0.072222 0.711849 0.028704 0.077344
0 0.439120 0.279557 0.086574 0.025260
0 0.552546 0.095964 0.044907 0.048698
0 0.193750 0.877214 0.123611 0.017448
0 0.328009 0.490495 0.105093 0.020052
0 0.473843 0.594661 0.044907 0.046094
0 0.344213 0.266536 0.044907 0.046094
0 0.078009 0.508724 0.040278 0.051302
0 0.576852 0.228776 0.047222 0.043490
0 0.140046 0.362891 0.081019 0.025260
0 0.800231 0.770443 0.086574 0.022656
0 0.749306 0.366797 0.040278 0.048698
0 0.260880 0.335547 0.044907 0.043490
0 0.786343 0.176693 0.105093 0.017448
0 0.432176 0.219661 0.072685 0.025260
0 0.071065 0.144141 0.044907 0.040885
0 0.307176 0.464453 0.044907 0.040885
0 0.024769 0.529557 0.044907 0.040885
0 0.748843 0.503776 0.039352 0.045573
0 0.746991 0.309505 0.035648 0.048698
0 0.165972 0.451432 0.086574 0.020052
0 0.142824 0.551432 0.040278 0.042969
0 0.557176 0.867839 0.118981 0.014323
0 0.116898 0.573828 0.025463 0.066927
0 0.584954 0.395443 0.072685 0.022656
0 0.159028 0.602474 0.026389 0.061719
0 0.881250 0.862891 0.109722 0.014844
0 0.189120 0.643880 0.040278 0.040365
0 0.355787 0.458984 0.040278 0.040365
0 0.871991 0.218359 0.035648 0.043490
0 0.286343 0.791276 0.068056 0.022656
0 0.571528 0.665625 0.071759 0.021354
0 0.105324 0.317318 0.067130 0.022656
0 0.341898 0.668880 0.031019 0.048698
0 0.087269 0.869401 0.086574 0.017448
0 0.212269 0.411068 0.086574 0.017448
0 0.281713 0.598568 0.040278 0.037240
0 0.522454 0.722917 0.040278 0.036979
0 0.103472 0.479818 0.026389 0.055990
0 0.186806 0.185807 0.035648 0.040885
0 0.140509 0.140234 0.081944 0.017448
0 0.841898 0.836849 0.095833 0.014844
0 0.848380 0.728776 0.025463 0.053906
0 0.909028 0.447526 0.035648 0.038281
0 0.608102 0.594661 0.091204 0.014844
0 0.846528 0.247005 0.031019 0.043490
0 0.587269 0.823177 0.095833 0.013542
0 0.531713 0.197526 0.021759 0.059115
0 0.147454 0.092057 0.086574 0.014844
0 0.534028 0.624609 0.026389 0.048698
0 0.719213 0.537370 0.035648 0.035677
0 0.226157 0.542578 0.031019 0.040885
0 0.191435 0.781901 0.035648 0.035156
0 0.330324 0.702474 0.072685 0.016927
0 0.784028 0.112891 0.081944 0.014844
0 0.617361 0.571224 0.026389 0.046094
0 0.047454 0.403906 0.034722 0.034375
0 0.503935 0.155859 0.068056 0.017448
0 0.421065 0.569922 0.067130 0.017448
0 0.096065 0.115495 0.057870 0.020052
0 0.216435 0.648047 0.030093 0.038281
0 0.915972 0.157161 0.077315 0.014844
0 0.948380 0.438151 0.058796 0.019531
0 0.668981 0.622005 0.064815 0.017448
0 0.323380 0.639974 0.095833 0.011719
0 0.040972 0.243099 0.021759 0.051302
0 0.059491 0.597266 0.021759 0.051302
0 0.885880 0.877214 0.091204 0.012240
0 0.610417 0.789714 0.021759 0.050781
0 0.249306 0.737630 0.021759 0.050781
0 0.193750 0.375651 0.031019 0.035156
0 0.339583 0.368099 0.072685 0.014844
0 0.029398 0.628516 0.026389 0.040885
0 0.705324 0.352474 0.026389 0.040885
0 0.626620 0.282161 0.026389 0.040885
0 0.315278 0.300130 0.075000 0.014323
0 0.115046 0.585547 0.086574 0.012240
0 0.203009 0.559505 0.021759 0.048698
0 0.619676 0.611589 0.086574 0.012240
0 0.115046 0.439063 0.021759 0.047396
0 0.149769 0.494792 0.026389 0.039062
0 0.251620 0.418229 0.063426 0.016146
0 0.590278 0.684505 0.083333 0.012240
0 0.212269 0.680599 0.068056 0.014844
0 0.367361 0.431901 0.026389 0.038281
0 0.207639 0.896745 0.068056 0.014844
0 0.259722 0.492839 0.070370 0.014323
0 0.841898 0.383724 0.021759 0.046094
0 0.730324 0.224870 0.067130 0.014844
0 0.443750 0.498047 0.021759 0.045573
0 0.814120 0.530859 0.077315 0.012240
0 0.050231 0.327734 0.021759 0.043490
0 0.818750 0.791276 0.077315 0.012240
0 0.774769 0.155859 0.054167 0.017448
0 0.112731 0.724870 0.026389 0.035677
0 0.827546 0.217448 0.030093 0.031250
0 0.962269 0.849219 0.021759 0.042188
0 0.152083 0.391536 0.058796 0.014844
0 0.388194 0.399349 0.058796 0.014844
0 0.693750 0.450521 0.021759 0.039062
0 0.175231 0.908464 0.068056 0.012240
0 0.781713 0.075130 0.068056 0.012240
0 0.385880 0.590495 0.017130 0.048177
0 0.059491 0.253125 0.021759 0.036458
0 0.543287 0.563411 0.081944 0.009635
0 0.665972 0.539974 0.021759 0.035677
0 0.904398 0.228776 0.017130 0.043490
0 0.874306 0.084245 0.077315 0.009635
0 0.784028 0.377214 0.017130 0.043490
0 0.617361 0.470964 0.017130 0.043490
0 0.816435 0.351172 0.026389 0.027865
0 0.668287 0.257682 0.026389 0.027344
0 0.821065 0.205078 0.026389 0.027344
0 0.468056 0.530599 0.061111 0.011719
0 0.135880 0.745703 0.072685 0.009635
0 0.871991 0.375911 0.017130 0.040885
0 0.367361 0.331641 0.072685 0.009635
0 0.946065 0.256120 0.017130 0.040885
0 0.785185 0.191016 0.047222 0.014844
0 0.380093 0.308203 0.014815 0.046094
0 0.427546 0.658464 0.054167 0.012240
0 0.656713 0.769141 0.068056 0.009635
0 0.691435 0.267839 0.017130 0.038281
0 0.024769 0.377214 0.017130 0.038281
0 0.681713 0.541276 0.016204 0.038281
0 0.099537 0.546484 0.018519 0.033073
0 0.260880 0.237891 0.017130 0.035677
0 0.408565 0.504167 0.016204 0.036979
0 0.274769 0.538672 0.017130 0.033073
0 0.492361 0.606380 0.017130 0.033073
0 0.077546 0.204036 0.057870 0.009635
0 0.670139 0.097266 0.057870 0.009635
0 0.520139 0.646745 0.054167 0.009635
0 0.524769 0.013932 0.054167 0.009635
0 0.441435 0.836849 0.054167 0.009635
0 0.191435 0.425391 0.054167 0.009635
0 0.142361 0.679297 0.039352 0.012240
0 0.406713 0.386328 0.049537 0.009635
0 0.123843 0.118099 0.048611 0.009635
0 0.484954 0.668620 0.011574 0.037760
0 0.671759 0.658203 0.061111 0.006510
0 0.345370 0.353776 0.047222 0.007031
0 0.091898 0.994401 0.040278 0.007031
