0 0.684028 0.881120 0.150463 0.035677
0 0.108102 0.342057 0.063426 0.066927
0 0.274769 0.862891 0.044907 0.082552
0 0.573380 0.797786 0.049537 0.072135
0 0.121991 0.215755 0.128241 0.027865
0 0.594213 0.761979 0.054167 0.063021
0 0.154398 0.674089 0.118981 0.027865
0 0.881250 0.112891 0.146759 0.020052
0 0.816435 0.835547 0.100463 0.027865
0 0.804398 0.901953 0.039352 0.066927
0 0.536343 0.470964 0.114352 0.022656
0 0.913657 0.284766 0.044907 0.056510
0 0.580324 0.847266 0.100463 0.025260
0 0.532870 0.322526 0.033333 0.074740
0 0.506250 0.712891 0.091204 0.027344
0 0.871991 0.718359 0.035648 0.064323
0 0.297917 0.700130 0.081944 0.027865
0 0.679398 0.761328 0.150463 0.014844
0 0.783565 0.231380 0.043981 0.048698
0 0.432176 0.191016 0.081944 0.025260
0 0.385880 0.615495 0.081944 0.025260
0 0.073380 0.554948 0.040278 0.050000
0 0.457639 0.457943 0.114352 0.017448
0 0.343750 0.667578 0.099537 0.020052
0 0.554861 0.827734 0.086574 0.022656
0 0.753935 0.168880 0.040278 0.048698
0 0.267824 0.295182 0.077315 0.025260
0 0.566435 0.598568 0.044907 0.043490
0 0.158565 0.593359 0.043981 0.043490
0 0.246991 0.698828 0.026389 0.072135
0 0.774769 0.652344 0.035648 0.052083
0 0.765509 0.554297 0.081944 0.022656
0 0.906713 0.774349 0.040278 0.046094
0 0.800231 0.907161 0.123611 0.014844
0 0.367361 0.552995 0.044907 0.040885
0 0.084954 0.454036 0.035648 0.051302
0 0.714583 0.513932 0.035648 0.051302
0 0.918287 0.891536 0.091204 0.020052
0 0.383565 0.837500 0.031019 0.057813
0 0.316435 0.495443 0.091204 0.019531
0 0.902083 0.179297 0.040278 0.043490
0 0.862731 0.924740 0.072685 0.023958
0 0.202546 0.926693 0.076389 0.022656
0 0.399769 0.652995 0.035648 0.048177
0 0.827546 0.282161 0.030093 0.056510
0 0.527083 0.529948 0.040278 0.041667
0 0.017824 0.676693 0.031019 0.053906
0 0.494676 0.873307 0.040278 0.040885
0 0.450694 0.490495 0.081944 0.020052
0 0.334954 0.847266 0.081944 0.020052
0 0.029398 0.425391 0.035648 0.046094
0 0.496991 0.607682 0.081944 0.020052
0 0.876620 0.899349 0.035648 0.046094
0 0.784028 0.521094 0.118981 0.013542
0 0.385880 0.124349 0.072685 0.022135
0 0.401620 0.861979 0.039352 0.039062
0 0.357639 0.576432 0.071759 0.020052
0 0.855787 0.563411 0.031019 0.046094
0 0.087269 0.771745 0.031019 0.046094
0 0.642824 0.487891 0.031019 0.046094
0 0.212269 0.607682 0.031019 0.046094
0 0.821065 0.369401 0.026389 0.053906
0 0.621991 0.867839 0.072685 0.019531
0 0.307176 0.140234 0.035648 0.038281
0 0.328009 0.813411 0.068056 0.020052
0 0.603472 0.228516 0.035648 0.037760
0 0.177546 0.530599 0.035648 0.037760
0 0.133565 0.895443 0.021759 0.059115
0 0.075694 0.715755 0.026389 0.048698
0 0.769676 0.323177 0.025463 0.050000
0 0.106944 0.525651 0.033333 0.038281
0 0.112731 0.289974 0.063426 0.020052
0 0.524769 0.839453 0.035648 0.035677
0 0.781713 0.688411 0.031019 0.040885
0 0.689120 0.597266 0.031019 0.040885
0 0.337269 0.224870 0.031019 0.040885
0 0.667824 0.112891 0.062500 0.020052
0 0.341898 0.196875 0.077315 0.016146
0 0.853472 0.394531 0.026389 0.046875
0 0.160880 0.343359 0.020833 0.059115
0 0.909028 0.317318 0.100463 0.012240
0 0.184491 0.236589 0.068056 0.017448
0 0.221528 0.561849 0.031019 0.037760
0 0.409028 0.676432 0.035648 0.032552
0 0.276620 0.395443 0.030093 0.038281
0 0.043287 0.463151 0.026389 0.043490
0 0.616898 0.473568 0.034722 0.033073
0 0.457639 0.242839 0.058796 0.019531
0 0.814120 0.464453 0.021759 0.051302
0 0.154398 0.158464 0.091204 0.012240
0 0.917824 0.718359 0.025463 0.043490
0 0.346528 0.253516 0.031019 0.035677
0 0.175231 0.631120 0.031019 0.035677
0 0.339583 0.733984 0.063426 0.017448
0 0.693750 0.677344 0.058796 0.018750
0 0.763194 0.748958 0.068056 0.016146
0 0.373843 0.798177 0.020833 0.052083
0 0.793287 0.313411 0.026389 0.040885
0 0.617361 0.816016 0.072685 0.014844
0 0.034028 0.318620 0.026389 0.040885
0 0.601157 0.720964 0.086574 0.012240
0 0.230787 0.137630 0.058796 0.017448
0 0.189120 0.312109 0.031019 0.033073
0 0.077546 0.293880 0.057870 0.017448
0 0.286343 0.468099 0.031019 0.032552
0 0.767824 0.435807 0.021759 0.046094
0 0.469213 0.694922 0.081944 0.012240
0 0.642361 0.808203 0.067130 0.014844
0 0.692593 0.784766 0.065741 0.014844
0 0.078009 0.339193 0.068056 0.014323
0 0.251620 0.774349 0.063426 0.014844
0 0.071065 0.321224 0.026389 0.035677
0 0.024306 0.776953 0.025463 0.035677
0 0.328009 0.453385 0.031019 0.029167
0 0.040972 0.685807 0.021759 0.040885
0 0.330324 0.864193 0.072685 0.012240
0 0.307176 0.442318 0.026389 0.033073
0 0.311806 0.754557 0.072685 0.011719
0 0.071759 0.810547 0.018519 0.045573
0 0.290972 0.373047 0.058796 0.014323
0 0.353472 0.913672 0.017130 0.048698
0 0.203009 0.895443 0.068056 0.012240
0 0.902083 0.382422 0.021759 0.038281
0 0.225694 0.097005 0.057870 0.014323
0 0.194213 0.655859 0.067130 0.012240
0 0.352315 0.426693 0.024074 0.033073
0 0.208796 0.497005 0.024074 0.033073
0 0.057176 0.774349 0.017130 0.046094
0 0.159028 0.107422 0.026389 0.029948
0 0.117361 0.939714 0.063426 0.012240
0 0.246528 0.411068 0.062500 0.012240
0 0.672917 0.205339 0.017130 0.043490
0 0.897454 0.469010 0.021759 0.034375
0 0.096065 0.117839 0.020833 0.035156
0 0.087269 0.418880 0.058796 0.012240
0 0.392824 0.921484 0.021759 0.033073
0 0.059491 0.692057 0.021759 0.032552
0 0.112269 0.499609 0.016204 0.043490
0 0.836806 0.108724 0.057870 0.011719
0 0.681019 0.744401 0.024074 0.027865
0 0.959954 0.416276 0.017130 0.038281
0 0.522454 0.782161 0.068056 0.009635
0 0.316435 0.358984 0.017130 0.038281
0 0.154398 0.498047 0.026389 0.024740
0 0.121991 0.112630 0.026389 0.024740
0 0.538657 0.212891 0.054167 0.011719
0 0.723843 0.281901 0.017130 0.035156
0 0.015509 0.599609 0.017130 0.035156
0 0.664815 0.773047 0.047222 0.012240
0 0.501620 0.006120 0.054167 0.009635
0 0.045602 0.655859 0.021759 0.022656
0 0.098843 0.544271 0.017130 0.028646
0 0.934491 0.775651 0.012500 0.038281
0 0.744213 0.330339 0.011574 0.033073
0 0.240046 0.606120 0.012500 0.027344
