0 0.052546 0.086849 0.100463 0.129427
0 0.543287 0.619401 0.220833 0.048698
0 0.378935 0.757422 0.086574 0.095573
0 0.446065 0.826432 0.044907 0.139844
0 0.858102 0.817318 0.063426 0.074740
0 0.825694 0.667578 0.054167 0.082552
0 0.284028 0.068620 0.118981 0.035677
0 0.970370 0.843359 0.056481 0.074740
0 0.234259 0.278255 0.112037 0.033073
0 0.520139 0.831641 0.054167 0.066927
0 0.853472 0.505859 0.118981 0.029948
0 0.760880 0.469922 0.109722 0.029948
0 0.575694 0.400651 0.054167 0.059115
0 0.244676 0.119401 0.114352 0.027865
0 0.314120 0.510026 0.049537 0.059115
0 0.216898 0.233724 0.105093 0.027344
0 0.275463 0.107682 0.111111 0.025260
0 0.116204 0.286719 0.042593 0.065625
0 0.241204 0.500911 0.042593 0.061719
0 0.744676 0.795182 0.040278 0.061719
0 0.749306 0.400651 0.040278 0.053906
0 0.582639 0.580339 0.123611 0.017448
0 0.587269 0.791276 0.123611 0.017448
0 0.363889 0.409115 0.047222 0.044792
0 0.215741 0.351823 0.047222 0.044792
0 0.404398 0.776953 0.035648 0.056510
0 0.652083 0.405859 0.040278 0.048698
0 0.746991 0.869401 0.044907 0.043490
0 0.647454 0.508724 0.031019 0.061719
0 0.825231 0.216146 0.034722 0.054688
0 0.961111 0.125911 0.075000 0.025260
0 0.797917 0.582943 0.026389 0.069531
0 0.295602 0.185807 0.123611 0.014844
0 0.101157 0.533464 0.031019 0.059115
0 0.160880 0.095964 0.104167 0.017448
0 0.249306 0.876953 0.040278 0.037760
0 0.784028 0.144141 0.026389 0.056510
0 0.214583 0.308203 0.091204 0.014844
0 0.453009 0.784505 0.021759 0.055990
0 0.949537 0.145443 0.098148 0.012240
0 0.203009 0.240234 0.077315 0.014323
0 0.582639 0.821224 0.086574 0.009635
0 0.418287 0.453776 0.017130 0.045573
0 0.718750 0.044922 0.053241 0.014323
0 0.988889 0.082292 0.019444 0.031771
0 0.413657 0.395182 0.017130 0.027344
0 0.101157 0.993099 0.040278 0.009635
