0 0.091898 0.698828 0.179167 0.056510
0 0.191435 0.204036 0.072685 0.066927
0 0.647454 0.408464 0.095833 0.033073
0 0.233102 0.838802 0.054167 0.055208
0 0.205324 0.740495 0.044907 0.061719
0 0.075694 0.852474 0.044907 0.061719
0 0.721528 0.500911 0.049537 0.051302
0 0.686806 0.219661 0.091204 0.025260
0 0.631250 0.343359 0.081944 0.027865
0 0.647454 0.191016 0.049537 0.046094
0 0.668287 0.564714 0.100463 0.022656
0 0.253472 0.227474 0.048611 0.046094
0 0.552546 0.817318 0.044907 0.043490
0 0.439120 0.581641 0.077315 0.025260
0 0.765046 0.390234 0.043981 0.043490
0 0.427546 0.864193 0.081944 0.022656
0 0.249306 0.700130 0.031019 0.059115
0 0.385880 0.334245 0.091204 0.020052
0 0.422917 0.831641 0.035648 0.051302
0 0.103472 0.618099 0.035648 0.051302
0 0.547917 0.682943 0.072685 0.024740
0 0.133565 0.810807 0.086574 0.020052
0 0.309491 0.295182 0.031019 0.051302
0 0.730787 0.659766 0.077315 0.020052
0 0.369676 0.314714 0.040278 0.038281
0 0.374306 0.239193 0.068056 0.022656
0 0.508102 0.768229 0.039352 0.039062
0 0.035880 0.114193 0.039352 0.038281
0 0.161343 0.176432 0.031019 0.048177
0 0.316435 0.617839 0.035648 0.040365
0 0.770139 0.434505 0.081944 0.017448
0 0.788657 0.840755 0.081944 0.017448
0 0.064120 0.194922 0.021759 0.064323
0 0.881250 0.883724 0.026389 0.051302
0 0.929861 0.416276 0.031019 0.043490
0 0.740046 0.416276 0.031019 0.043490
0 0.047454 0.122005 0.034722 0.038281
0 0.565278 0.120703 0.088889 0.014844
0 0.314120 0.345964 0.021759 0.059115
0 0.703009 0.121745 0.021759 0.058594
0 0.932176 0.771745 0.035648 0.035677
0 0.441435 0.563151 0.035648 0.035156
0 0.631250 0.808203 0.026389 0.046094
0 0.200694 0.008724 0.081944 0.014844
0 0.677083 0.842057 0.081019 0.014844
0 0.471528 0.611589 0.031019 0.038281
0 0.587269 0.892839 0.068056 0.017448
0 0.411343 0.258724 0.058796 0.020052
0 0.216898 0.800391 0.058796 0.020052
0 0.617361 0.671484 0.035648 0.033073
0 0.884259 0.323568 0.060185 0.019531
0 0.624306 0.008724 0.077315 0.014844
0 0.566435 0.308854 0.026389 0.042188
0 0.133565 0.493099 0.031019 0.035677
0 0.621991 0.460547 0.063426 0.017448
0 0.110417 0.237240 0.021759 0.050000
0 0.915972 0.847005 0.031019 0.035156
0 0.578009 0.270833 0.021759 0.049479
0 0.896991 0.448828 0.030093 0.035677
0 0.454861 0.149349 0.071759 0.014844
0 0.519676 0.631120 0.025463 0.040885
0 0.786343 0.132422 0.058796 0.017448
0 0.182176 0.249609 0.026389 0.038281
0 0.110417 0.576432 0.068056 0.014844
0 0.522454 0.399349 0.021759 0.046094
0 0.828009 0.319922 0.021759 0.043490
0 0.152083 0.683203 0.031019 0.030469
0 0.418287 0.646745 0.063426 0.014844
0 0.751620 0.573828 0.026389 0.035677
0 0.137731 0.863542 0.057870 0.016146
0 0.640509 0.301432 0.054167 0.016927
0 0.522454 0.116536 0.077315 0.011719
0 0.388194 0.154557 0.021759 0.040885
0 0.557176 0.580339 0.072685 0.012240
0 0.226157 0.094661 0.058796 0.014844
0 0.316435 0.262630 0.026389 0.033073
0 0.871991 0.517839 0.026389 0.033073
0 0.072222 0.145833 0.019444 0.044271
0 0.420602 0.517448 0.021759 0.039062
0 0.865046 0.426693 0.021759 0.038281
0 0.652083 0.497005 0.068056 0.012240
0 0.941435 0.487891 0.026389 0.030469
0 0.024769 0.638932 0.026389 0.030469
0 0.881250 0.292318 0.026389 0.029948
0 0.605787 0.093099 0.066204 0.011719
0 0.913657 0.508073 0.026389 0.029167
0 0.733102 0.741797 0.026389 0.027865
0 0.279398 0.526563 0.017130 0.041667
0 0.337269 0.741536 0.021759 0.032552
0 0.057176 0.461849 0.017130 0.040885
0 0.659028 0.480469 0.044907 0.015625
0 0.957639 0.839844 0.021759 0.031250
0 0.548611 0.590755 0.055556 0.012240
0 0.619676 0.511328 0.068056 0.009635
0 0.024769 0.572526 0.017130 0.038281
0 0.339583 0.659505 0.026389 0.024740
0 0.862731 0.292578 0.017130 0.035677
0 0.098843 0.464453 0.063426 0.009635
0 0.749306 0.710286 0.049537 0.011719
0 0.466898 0.107682 0.058796 0.009635
0 0.756250 0.512630 0.017130 0.033073
0 0.045602 0.342057 0.021759 0.025260
0 0.703009 0.073828 0.021759 0.025260
0 0.621528 0.728776 0.043981 0.012240
0 0.040509 0.313411 0.020833 0.025260
0 0.809491 0.581641 0.049537 0.009635
0 0.420602 0.662370 0.049537 0.009635
0 0.552546 0.192318 0.035648 0.012240
0 0.871991 0.203776 0.017130 0.024740
0 0.730787 0.304036 0.058796 0.006510
0 0.198380 0.833594 0.012500 0.021354
