0 0.536343 0.618099 0.225463 0.046094
0 0.714583 0.873307 0.165278 0.056510
0 0.153241 0.867839 0.125926 0.040365
0 0.816435 0.757161 0.174537 0.022135
0 0.839583 0.468359 0.128241 0.027865
0 0.256250 0.309896 0.054167 0.065104
0 0.957639 0.559505 0.058796 0.053906
0 0.163657 0.901693 0.118981 0.024740
0 0.904398 0.260026 0.165278 0.017448
0 0.448380 0.683203 0.142130 0.020052
0 0.979630 0.754818 0.037963 0.074740
0 0.288657 0.603125 0.044907 0.057813
0 0.828009 0.125911 0.049537 0.051302
0 0.855787 0.146094 0.040278 0.060417
0 0.859259 0.220964 0.084259 0.027865
0 0.092593 0.154557 0.050926 0.046094
0 0.552546 0.103516 0.081944 0.027344
0 0.121991 0.808203 0.035648 0.061719
0 0.686806 0.855078 0.109722 0.020052
0 0.940278 0.492448 0.116667 0.018750
0 0.353472 0.893880 0.109722 0.019531
0 0.762037 0.093359 0.121296 0.017448
0 0.975000 0.661068 0.047222 0.043490
0 0.468056 0.135026 0.088889 0.022656
0 0.617361 0.101172 0.044907 0.043490
0 0.984259 0.125911 0.028704 0.066927
0 0.478472 0.211849 0.026389 0.072135
0 0.718750 0.153255 0.081019 0.022656
0 0.535880 0.424089 0.030093 0.059115
0 0.499306 0.336589 0.123611 0.014323
0 0.598843 0.899349 0.118981 0.014844
0 0.328009 0.245052 0.031019 0.055208
0 0.223843 0.478776 0.091204 0.017448
0 0.925231 0.079687 0.031019 0.047396
0 0.718750 0.447526 0.118056 0.012240
0 0.939120 0.214453 0.095833 0.014844
0 0.131250 0.334245 0.026389 0.051302
0 0.867361 0.569922 0.100463 0.012240
0 0.168287 0.670182 0.081944 0.014844
0 0.361574 0.209245 0.033333 0.035677
0 0.983102 0.174089 0.026389 0.043490
0 0.949537 0.618750 0.098148 0.010937
0 0.510880 0.174089 0.026389 0.038281
0 0.909028 0.186849 0.026389 0.037760
0 0.230787 0.207682 0.021759 0.037760
0 0.015509 0.886068 0.026389 0.029948
0 0.924769 0.883724 0.048611 0.014844
0 0.089583 0.533464 0.017130 0.038281
0 0.096528 0.993099 0.040278 0.009635
