0 0.814120 0.904557 0.197685 0.046094
0 0.121991 0.517839 0.156019 0.038281
0 0.722685 0.465755 0.116667 0.038281
0 0.461806 0.792318 0.057870 0.055990
0 0.061806 0.839193 0.054167 0.055990
0 0.848843 0.801693 0.044907 0.064323
0 0.647454 0.383464 0.040278 0.061198
0 0.281713 0.434505 0.086574 0.027865
0 0.696065 0.424479 0.100463 0.023438
0 0.821065 0.500911 0.044907 0.051302
0 0.598843 0.793880 0.035648 0.064323
0 0.124306 0.466797 0.049537 0.045573
0 0.578009 0.235026 0.040278 0.055990
0 0.753935 0.894141 0.086574 0.025260
0 0.237731 0.381120 0.044907 0.046094
0 0.797917 0.467057 0.035648 0.056510
0 0.878935 0.187109 0.086574 0.022656
0 0.325694 0.515234 0.044907 0.043490
0 0.191435 0.622005 0.044907 0.043490
0 0.304861 0.737891 0.095833 0.020052
0 0.510880 0.275391 0.035648 0.053385
0 0.819907 0.452734 0.042593 0.043490
0 0.138194 0.569922 0.031019 0.059115
0 0.163657 0.279557 0.091204 0.020052
0 0.897454 0.483984 0.077315 0.022656
0 0.804861 0.205339 0.040278 0.043490
0 0.369676 0.530859 0.040278 0.043490
0 0.082639 0.319922 0.040278 0.043490
0 0.133565 0.659766 0.086574 0.020052
0 0.344213 0.275651 0.035648 0.048698
0 0.304398 0.314714 0.076389 0.022656
0 0.781713 0.593099 0.077315 0.022135
0 0.066435 0.489193 0.026389 0.064323
0 0.161343 0.635026 0.031019 0.053906
0 0.323380 0.671484 0.095833 0.017448
0 0.307176 0.249609 0.072685 0.022656
0 0.228472 0.149349 0.109722 0.014844
0 0.491204 0.473568 0.033333 0.048698
0 0.554861 0.710547 0.068056 0.022656
0 0.656250 0.202734 0.085648 0.017448
0 0.605324 0.918880 0.085648 0.017448
0 0.807176 0.357682 0.026389 0.056510
0 0.059491 0.397396 0.031019 0.047396
0 0.140509 0.151693 0.100463 0.014323
0 0.324537 0.280599 0.033333 0.042969
0 0.318750 0.800391 0.031019 0.046094
0 0.288657 0.239193 0.081944 0.017448
0 0.235417 0.487891 0.095833 0.014844
0 0.237269 0.265234 0.081019 0.017448
0 0.139352 0.191016 0.033333 0.040885
0 0.094213 0.784766 0.026389 0.051302
0 0.274769 0.259375 0.063426 0.021354
0 0.455324 0.485938 0.063426 0.021354
0 0.170602 0.365495 0.021759 0.061719
0 0.785880 0.367448 0.030093 0.044792
0 0.543287 0.197266 0.035648 0.037760
0 0.464583 0.690365 0.026389 0.050000
0 0.109954 0.382422 0.030093 0.043490
0 0.622685 0.547786 0.064815 0.020052
0 0.943287 0.821224 0.020833 0.061719
0 0.869676 0.239193 0.105093 0.012240
0 0.653241 0.567318 0.033333 0.038281
0 0.728472 0.529557 0.035648 0.035677
0 0.080324 0.808203 0.063426 0.020052
0 0.376620 0.207943 0.072685 0.017448
0 0.545602 0.748307 0.031019 0.040885
0 0.207639 0.362630 0.031019 0.040365
0 0.214583 0.210547 0.100463 0.012240
0 0.059028 0.198828 0.030093 0.040885
0 0.897454 0.800130 0.021759 0.055990
0 0.208796 0.707943 0.098148 0.012240
0 0.209954 0.421875 0.035648 0.033854
0 0.941435 0.474609 0.026389 0.045573
0 0.839583 0.461198 0.063426 0.018750
0 0.596528 0.632422 0.031019 0.038281
0 0.586806 0.534766 0.057870 0.020052
0 0.828009 0.610286 0.077315 0.014844
0 0.332639 0.177995 0.077315 0.014844
0 0.822222 0.653255 0.065741 0.017448
0 0.115046 0.321224 0.021759 0.051302
0 0.429861 0.208984 0.021759 0.050781
0 0.284028 0.799089 0.063426 0.017448
0 0.365046 0.556250 0.068056 0.016146
0 0.822222 0.423828 0.028704 0.037760
0 0.219213 0.795182 0.072685 0.014844
0 0.909028 0.180599 0.072685 0.014844
0 0.045139 0.297786 0.020833 0.051302
0 0.920602 0.398047 0.021759 0.048698
0 0.929861 0.598568 0.021759 0.048698
0 0.531713 0.527995 0.021759 0.048177
0 0.170602 0.265234 0.058796 0.017448
0 0.160185 0.763932 0.028704 0.035677
0 0.594213 0.817318 0.017130 0.059115
0 0.161343 0.886328 0.068056 0.014844
0 0.084954 0.142839 0.026389 0.038281
0 0.448380 0.873307 0.068056 0.014844
0 0.675231 0.542578 0.068056 0.014844
0 0.367361 0.710547 0.026389 0.038281
0 0.078009 0.623307 0.021759 0.046094
0 0.203009 0.755859 0.068056 0.014323
0 0.646991 0.698568 0.067130 0.014323
0 0.883102 0.682943 0.020833 0.045573
0 0.624306 0.766276 0.066204 0.014323
0 0.860417 0.624609 0.077315 0.012240
0 0.378935 0.184505 0.021759 0.043490
0 0.214583 0.181901 0.054167 0.017448
0 0.078009 0.899349 0.031019 0.030469
0 0.969213 0.810807 0.026389 0.035677
0 0.071065 0.743099 0.026389 0.035677
0 0.084491 0.227474 0.025463 0.035677
0 0.793287 0.841797 0.063426 0.014323
0 0.543287 0.484375 0.026389 0.033854
0 0.323380 0.297786 0.021759 0.040885
0 0.284028 0.141276 0.017130 0.050781
0 0.191435 0.163672 0.026389 0.033073
0 0.748843 0.316016 0.057870 0.014844
0 0.100694 0.589453 0.020833 0.040885
0 0.348843 0.413411 0.072685 0.011719
0 0.844213 0.858984 0.017130 0.048698
0 0.510880 0.364193 0.017130 0.048698
0 0.482639 0.795182 0.016204 0.051302
0 0.564120 0.510026 0.021759 0.038281
0 0.513194 0.486589 0.021759 0.038281
0 0.471528 0.171484 0.021759 0.038281
0 0.332639 0.507422 0.021759 0.038281
0 0.472685 0.565104 0.024074 0.033854
0 0.659028 0.485677 0.017130 0.046875
0 0.207639 0.474609 0.086574 0.009115
0 0.751620 0.513672 0.026389 0.029948
0 0.934491 0.521745 0.021759 0.035677
0 0.415972 0.560807 0.021759 0.035677
0 0.765509 0.853776 0.063426 0.012240
0 0.281713 0.474870 0.021759 0.035677
0 0.253935 0.516536 0.077315 0.009635
0 0.802546 0.733724 0.026389 0.027344
0 0.802546 0.821224 0.017130 0.040885
0 0.552546 0.383724 0.072685 0.009635
0 0.878935 0.418620 0.058796 0.011719
0 0.779398 0.119401 0.054167 0.012240
0 0.029398 0.504818 0.017130 0.038281
0 0.015509 0.260026 0.017130 0.038281
0 0.621991 0.507422 0.017130 0.038281
0 0.513194 0.316016 0.068056 0.009635
0 0.492824 0.217057 0.043981 0.014844
0 0.876620 0.383724 0.063426 0.009635
0 0.441435 0.579036 0.017130 0.035677
0 0.390509 0.151953 0.017130 0.035677
0 0.200694 0.732682 0.017130 0.035677
0 0.091898 0.747005 0.021759 0.027865
0 0.837269 0.666276 0.049537 0.012240
0 0.762731 0.676693 0.048611 0.012240
0 0.867361 0.593359 0.017130 0.033073
0 0.524769 0.750911 0.017130 0.030469
0 0.978472 0.878776 0.017130 0.029948
0 0.875463 0.534766 0.051852 0.009635
0 0.902083 0.694922 0.021759 0.022656
0 0.550231 0.239193 0.040278 0.012240
0 0.624306 0.756120 0.049537 0.009635
0 0.927546 0.783464 0.017130 0.027865
0 0.692130 0.508464 0.018519 0.024740
0 0.346528 0.779297 0.049537 0.009115
0 0.596528 0.462240 0.021759 0.020833
0 0.674769 0.273698 0.011574 0.036979
0 0.318750 0.424089 0.058796 0.007031
0 0.087269 0.291927 0.049537 0.008333
0 0.402083 0.309505 0.049537 0.007031
0 0.895139 0.552995 0.017130 0.020052
0 0.420602 0.700781 0.012500 0.018750
0 0.494676 0.056901 0.021759 0.007031
0 0.005787 0.210807 0.006944 0.016927
