0 0.538657 0.614193 0.230093 0.043490
0 0.145139 0.301693 0.165278 0.048698
0 0.040972 0.042578 0.077315 0.082552
0 0.892824 0.100911 0.132870 0.042969
0 0.632407 0.132422 0.167593 0.027865
0 0.177546 0.816016 0.063426 0.072135
0 0.804861 0.237891 0.049537 0.077344
0 0.700694 0.247005 0.044907 0.079948
0 0.970370 0.091797 0.056481 0.061198
0 0.094213 0.624609 0.054167 0.059115
0 0.858102 0.059505 0.128241 0.022656
0 0.286343 0.155599 0.105093 0.027344
0 0.601157 0.809505 0.114352 0.022656
0 0.466898 0.843359 0.031019 0.079948
0 0.192593 0.882422 0.084259 0.027865
0 0.113889 0.314714 0.102778 0.022656
0 0.874306 0.248307 0.040278 0.056510
0 0.256250 0.769141 0.044907 0.046094
0 0.939120 0.261328 0.095833 0.020052
0 0.659028 0.090755 0.081944 0.022656
0 0.642824 0.862891 0.114352 0.014844
0 0.496991 0.792578 0.109722 0.014844
0 0.934491 0.154557 0.105093 0.014844
0 0.621991 0.125911 0.100463 0.014844
0 0.578009 0.342057 0.031019 0.046094
0 0.339120 0.314714 0.025463 0.053906
0 0.797917 0.257422 0.035648 0.038281
0 0.121991 0.538672 0.109722 0.012240
0 0.170139 0.064714 0.076389 0.017448
0 0.674769 0.138932 0.085648 0.014844
0 0.492361 0.180599 0.063426 0.020052
0 0.915972 0.467318 0.031019 0.040365
0 0.700694 0.763932 0.081944 0.014844
0 0.941435 0.311458 0.109722 0.010937
0 0.126157 0.366797 0.062500 0.017448
0 0.955324 0.081641 0.026389 0.040885
0 0.496991 0.261328 0.017130 0.056510
0 0.698380 0.537370 0.058796 0.014844
0 0.441435 0.108724 0.026389 0.032552
0 0.464583 0.914974 0.026389 0.030469
0 0.807176 0.102474 0.054167 0.014844
0 0.858102 0.648698 0.017130 0.039583
0 0.520139 0.877214 0.017130 0.038281
0 0.825694 0.529557 0.017130 0.035677
0 0.991204 0.474609 0.014815 0.029948
0 0.098843 0.993099 0.044907 0.009635
