0 0.887731 0.672135 0.104167 0.107292
0 0.871991 0.552995 0.091204 0.103385
0 0.182176 0.075130 0.165278 0.048698
0 0.871528 0.827344 0.062500 0.101562
0 0.691435 0.422786 0.063426 0.072135
0 0.910185 0.243099 0.176852 0.025260
0 0.100694 0.627214 0.067130 0.064323
0 0.911343 0.418229 0.114352 0.031771
0 0.256250 0.349870 0.091204 0.030469
0 0.954630 0.281510 0.087963 0.029167
0 0.804861 0.456641 0.031019 0.077344
0 0.186343 0.465755 0.043981 0.053906
0 0.806019 0.530599 0.125926 0.016927
0 0.149769 0.060807 0.100463 0.020052
0 0.226157 0.295182 0.095833 0.020052
0 0.920602 0.175130 0.095833 0.019531
0 0.594213 0.642839 0.035648 0.048698
0 0.329861 0.299089 0.034722 0.048698
0 0.573380 0.724870 0.040278 0.040885
0 0.853472 0.641536 0.035648 0.046094
0 0.890509 0.010026 0.091204 0.017448
0 0.745833 0.547526 0.024074 0.055990
0 0.589583 0.349609 0.035648 0.035156
0 0.218056 0.114193 0.070370 0.017448
0 0.958796 0.342057 0.079630 0.014844
0 0.647454 0.217057 0.058796 0.020052
0 0.984259 0.392839 0.028704 0.038281
0 0.591898 0.455339 0.086574 0.012240
0 0.124306 0.842708 0.021759 0.047396
0 0.176389 0.372005 0.079630 0.012240
0 0.211806 0.513672 0.020833 0.045573
0 0.603472 0.220964 0.026389 0.033073
0 0.963426 0.158464 0.070370 0.012240
0 0.816435 0.754818 0.017130 0.043490
0 0.691435 0.738932 0.017130 0.042969
0 0.894676 0.856380 0.016204 0.043490
0 0.242361 0.370703 0.044907 0.014844
0 0.927546 0.200130 0.017130 0.038281
0 0.878935 0.503516 0.012500 0.035677
0 0.696065 0.926693 0.035648 0.012240
0 0.101157 0.993099 0.040278 0.009635
