0 0.101852 0.978125 0.199074 0.042188
0 0.510417 0.148047 0.118056 0.033073
0 0.126620 0.697526 0.128241 0.027865
0 0.515509 0.663411 0.054167 0.063802
0 0.842593 0.733984 0.041667 0.079948
0 0.804861 0.682943 0.058796 0.055990
0 0.138194 0.578776 0.049537 0.066406
0 0.545602 0.379818 0.058796 0.053906
0 0.721065 0.714453 0.122685 0.025260
0 0.677546 0.211849 0.054167 0.056510
0 0.365046 0.813151 0.095833 0.029948
0 0.890509 0.472266 0.044907 0.061719
0 0.892824 0.278255 0.095833 0.027865
0 0.251620 0.254818 0.044907 0.059115
0 0.953009 0.238932 0.049537 0.053385
0 0.746991 0.879818 0.091204 0.027865
0 0.612731 0.284766 0.100463 0.025260
0 0.273611 0.765234 0.144444 0.017448
0 0.689120 0.266536 0.095833 0.025260
0 0.457639 0.866536 0.049537 0.048177
0 0.616204 0.770443 0.042593 0.053906
0 0.698380 0.826432 0.049537 0.046094
0 0.746991 0.534505 0.044907 0.050781
0 0.450231 0.378516 0.090278 0.025260
0 0.418287 0.194922 0.100463 0.022656
0 0.545602 0.516536 0.040278 0.056510
0 0.196065 0.521745 0.109722 0.020052
0 0.415509 0.430599 0.104167 0.020052
0 0.352315 0.588151 0.042593 0.048698
0 0.536343 0.485677 0.077315 0.026042
0 0.774769 0.406510 0.035648 0.055208
0 0.853472 0.317318 0.044907 0.043490
0 0.637037 0.558203 0.037963 0.051302
0 0.642824 0.414974 0.095833 0.020052
0 0.266667 0.853776 0.084259 0.022656
0 0.182176 0.364193 0.081944 0.022656
0 0.566435 0.308203 0.072685 0.025260
0 0.640509 0.644141 0.044907 0.040885
0 0.619676 0.478776 0.077315 0.022656
0 0.814120 0.408464 0.077315 0.022656
0 0.218750 0.747005 0.099537 0.017448
0 0.742361 0.649089 0.118981 0.014323
0 0.818750 0.482682 0.114352 0.014844
0 0.441435 0.780859 0.026389 0.064323
0 0.561343 0.666276 0.034722 0.048698
0 0.698380 0.309505 0.095833 0.017448
0 0.696065 0.396745 0.026389 0.061719
0 0.804861 0.453776 0.040278 0.040365
0 0.265046 0.427995 0.034722 0.046094
0 0.448380 0.331641 0.031019 0.051302
0 0.631250 0.668880 0.026389 0.059115
0 0.260880 0.520443 0.035648 0.043490
0 0.404398 0.538672 0.035648 0.043490
0 0.605324 0.240495 0.030093 0.051302
0 0.536343 0.749609 0.068056 0.022656
0 0.230787 0.304297 0.040278 0.038281
0 0.633565 0.515234 0.031019 0.048698
0 0.570602 0.525651 0.034722 0.043490
0 0.052083 0.689714 0.025463 0.059115
0 0.873843 0.554297 0.085648 0.017448
0 0.145139 0.805599 0.026389 0.056510
0 0.081019 0.664714 0.037037 0.040365
0 0.969213 0.822526 0.026389 0.053906
0 0.942130 0.549089 0.037037 0.038281
0 0.499306 0.454036 0.068056 0.020052
0 0.252778 0.396745 0.037963 0.035677
0 0.295602 0.442057 0.031019 0.042969
0 0.696065 0.565104 0.026389 0.049479
0 0.512731 0.532161 0.020833 0.061719
0 0.846528 0.720964 0.021759 0.059115
0 0.246991 0.452734 0.026389 0.048698
0 0.931019 0.144792 0.079630 0.016146
0 0.376620 0.217057 0.063426 0.020052
0 0.381250 0.711849 0.035648 0.035677
0 0.730787 0.451432 0.031019 0.040885
0 0.700694 0.507422 0.072685 0.017448
0 0.955324 0.116797 0.072685 0.017448
0 0.476157 0.438411 0.031019 0.040885
0 0.956944 0.162370 0.083333 0.014844
0 0.226157 0.485286 0.021759 0.056510
0 0.709954 0.607682 0.026389 0.046094
0 0.753935 0.421484 0.031019 0.038281
0 0.513194 0.411068 0.021759 0.053906
0 0.341898 0.282161 0.058796 0.020052
0 0.573380 0.006771 0.105093 0.010937
0 0.508565 0.227474 0.021759 0.051302
0 0.050231 0.279557 0.021759 0.051302
0 0.185648 0.776953 0.024074 0.046094
0 0.846528 0.441016 0.031019 0.035677
0 0.395139 0.167578 0.072685 0.014844
0 0.800231 0.549089 0.021759 0.048698
0 0.966898 0.455339 0.031019 0.033073
0 0.480787 0.270443 0.058796 0.017448
0 0.149769 0.299089 0.026389 0.038281
0 0.841898 0.157161 0.068056 0.014844
0 0.240046 0.776953 0.068056 0.014844
0 0.383102 0.819922 0.057870 0.017448
0 0.931019 0.370443 0.070370 0.014323
0 0.457176 0.608724 0.085648 0.011719
0 0.096065 0.337891 0.057870 0.016927
0 0.225000 0.800391 0.065741 0.014844
0 0.359954 0.375911 0.020833 0.046094
0 0.332176 0.420833 0.030093 0.031771
0 0.309491 0.450130 0.021759 0.043490
0 0.735417 0.627214 0.021759 0.043490
0 0.309491 0.106380 0.077315 0.012240
0 0.330324 0.322917 0.072685 0.013021
0 0.196065 0.184505 0.054167 0.017448
0 0.265509 0.323828 0.026389 0.035677
0 0.473843 0.672786 0.026389 0.035677
0 0.395139 0.576432 0.026389 0.035677
0 0.318750 0.511068 0.031019 0.029948
0 0.723380 0.123307 0.062500 0.014844
0 0.226157 0.264583 0.021759 0.042188
0 0.429861 0.584245 0.021759 0.040885
0 0.286343 0.539974 0.021759 0.040885
0 0.457639 0.802995 0.021759 0.040885
0 0.568750 0.089453 0.058796 0.014844
0 0.464583 0.148047 0.026389 0.033073
0 0.624306 0.146484 0.058796 0.014323
0 0.790972 0.504818 0.021759 0.038281
0 0.240046 0.413411 0.021759 0.037760
0 0.348843 0.237891 0.054167 0.014844
0 0.631250 0.602474 0.026389 0.030469
0 0.450694 0.446224 0.026389 0.030469
0 0.427546 0.849870 0.017130 0.046094
0 0.184491 0.289974 0.021759 0.035677
0 0.612731 0.117839 0.054167 0.014323
0 0.522454 0.896745 0.077315 0.009635
0 0.339583 0.528255 0.026389 0.027865
0 0.486574 0.870443 0.024074 0.029948
0 0.471528 0.228776 0.058796 0.012240
0 0.846528 0.080339 0.058796 0.012240
0 0.531713 0.128255 0.049537 0.014323
0 0.705324 0.289974 0.072685 0.009635
0 0.751620 0.248307 0.017130 0.040885
0 0.202546 0.611328 0.057870 0.011719
0 0.529398 0.599870 0.044907 0.014844
0 0.559491 0.360286 0.021759 0.030469
0 0.654398 0.611589 0.017130 0.038281
0 0.740046 0.073828 0.068056 0.009635
0 0.300231 0.079036 0.068056 0.009635
0 0.631250 0.372005 0.017130 0.038281
0 0.630787 0.175130 0.071759 0.009115
0 0.723380 0.197526 0.053241 0.012240
0 0.353472 0.413411 0.017130 0.037760
0 0.510880 0.318620 0.063426 0.009635
0 0.131250 0.256120 0.017130 0.035677
0 0.330324 0.615495 0.063426 0.009635
0 0.652083 0.843359 0.049537 0.012240
0 0.420602 0.309505 0.049537 0.012240
0 0.684491 0.163672 0.021759 0.027865
0 0.751620 0.482422 0.017130 0.035156
0 0.846065 0.168880 0.048611 0.012240
0 0.903935 0.384375 0.053241 0.010937
0 0.147454 0.326432 0.058796 0.009635
0 0.496991 0.499609 0.017130 0.033073
0 0.365046 0.550391 0.021759 0.025260
0 0.712269 0.521484 0.058796 0.009115
0 0.733102 0.133724 0.054167 0.009635
0 0.031713 0.007422 0.040278 0.012240
0 0.268981 0.541276 0.014815 0.033073
0 0.397454 0.298828 0.021759 0.022135
0 0.341898 0.633724 0.049537 0.009635
0 0.381250 0.460547 0.017130 0.027865
0 0.469213 0.325130 0.044907 0.007031
