0 0.348843 0.852474 0.063426 0.103385
0 0.596065 0.822526 0.150463 0.038281
0 0.284028 0.233984 0.128241 0.043490
0 0.165972 0.132161 0.068056 0.079427
0 0.040972 0.519401 0.058796 0.074219
0 0.850000 0.229427 0.056481 0.065625
0 0.098843 0.669531 0.044907 0.081250
0 0.279398 0.796484 0.035648 0.095573
0 0.927083 0.529557 0.053241 0.061719
0 0.623843 0.500911 0.057870 0.056510
0 0.311806 0.726172 0.054167 0.059115
0 0.227315 0.726172 0.042593 0.069531
0 0.064120 0.454036 0.040278 0.072135
0 0.369676 0.364193 0.049537 0.053906
0 0.167130 0.568359 0.042593 0.061198
0 0.252778 0.137630 0.047222 0.053906
0 0.458796 0.184505 0.051852 0.048698
0 0.624306 0.773698 0.049537 0.050000
0 0.689120 0.361589 0.086574 0.027865
0 0.703009 0.809505 0.040278 0.059115
0 0.385880 0.864193 0.081944 0.027865
0 0.175231 0.882422 0.095833 0.022656
0 0.571065 0.674089 0.118981 0.017448
0 0.895139 0.487891 0.044907 0.046094
0 0.052546 0.314714 0.091204 0.022656
0 0.378935 0.671484 0.086574 0.022656
0 0.054861 0.823828 0.077315 0.025260
0 0.054861 0.245703 0.077315 0.025260
0 0.760880 0.757422 0.044907 0.043490
0 0.900926 0.896484 0.028704 0.066406
0 0.020139 0.521484 0.026389 0.071615
0 0.147454 0.769141 0.040278 0.046094
0 0.582639 0.396745 0.040278 0.046094
0 0.933333 0.895443 0.037963 0.048698
0 0.665972 0.447526 0.031019 0.059115
0 0.197917 0.761328 0.039352 0.046094
0 0.407407 0.210547 0.078704 0.022656
0 0.862731 0.154557 0.026389 0.066927
0 0.911343 0.684505 0.077315 0.022656
0 0.554861 0.786068 0.077315 0.022656
0 0.929861 0.277995 0.040278 0.042969
0 0.915972 0.551693 0.095833 0.017448
0 0.406713 0.830339 0.031019 0.053906
0 0.571065 0.918880 0.072685 0.022656
0 0.045602 0.216797 0.040278 0.040365
0 0.475694 0.698828 0.039352 0.040885
0 0.238889 0.595313 0.037963 0.042188
0 0.606481 0.778255 0.041667 0.038281
0 0.237731 0.233984 0.035648 0.043490
0 0.068287 0.219661 0.030093 0.051302
0 0.031250 0.620703 0.030093 0.051302
0 0.175231 0.330339 0.068056 0.022656
0 0.448380 0.226172 0.123611 0.012240
0 0.510880 0.162370 0.035648 0.040885
0 0.797917 0.579036 0.035648 0.040885
0 0.945602 0.443620 0.025463 0.056510
0 0.631250 0.197526 0.081944 0.017448
0 0.472685 0.433203 0.070370 0.020052
0 0.040509 0.797786 0.030093 0.046094
0 0.756250 0.611589 0.035648 0.038281
0 0.920602 0.369401 0.077315 0.017448
0 0.337269 0.549089 0.031019 0.043490
0 0.943287 0.325781 0.030093 0.044792
0 0.112731 0.118099 0.063426 0.020052
0 0.918287 0.112891 0.035648 0.035677
0 0.418287 0.657161 0.035648 0.035677
0 0.163657 0.420182 0.035648 0.035677
0 0.903935 0.719661 0.034722 0.035677
0 0.712269 0.443620 0.021759 0.056510
0 0.818287 0.610286 0.030093 0.040885
0 0.256250 0.573828 0.081944 0.014844
0 0.110417 0.666276 0.031019 0.038281
0 0.490046 0.284766 0.058796 0.020052
0 0.749306 0.197526 0.095833 0.012240
0 0.406250 0.103776 0.067130 0.017448
0 0.665972 0.728516 0.031019 0.037760
0 0.427546 0.483724 0.035648 0.032552
0 0.429398 0.441016 0.057870 0.020052
0 0.844213 0.364193 0.026389 0.043490
0 0.538657 0.254818 0.063426 0.017448
0 0.034028 0.739193 0.063426 0.017448
0 0.339583 0.247005 0.063426 0.017448
0 0.563657 0.099219 0.057870 0.018750
0 0.927546 0.196224 0.026389 0.040885
0 0.357639 0.688411 0.071759 0.014844
0 0.735417 0.845964 0.086574 0.012240
0 0.797917 0.286719 0.026389 0.039583
0 0.528935 0.766276 0.071759 0.014323
0 0.758565 0.369401 0.031019 0.033073
0 0.186806 0.496354 0.063426 0.016146
0 0.716435 0.614193 0.020833 0.048698
0 0.508102 0.412370 0.067130 0.014844
0 0.526620 0.642578 0.057870 0.016927
0 0.881250 0.222917 0.026389 0.036979
0 0.897454 0.330339 0.021759 0.043490
0 0.756250 0.119401 0.054167 0.017448
0 0.784028 0.904557 0.063426 0.014844
0 0.744213 0.782813 0.085648 0.010937
0 0.337269 0.802734 0.031019 0.029948
0 0.762037 0.321875 0.028704 0.031771
0 0.446065 0.607422 0.063426 0.014323
0 0.671759 0.763932 0.061111 0.014844
0 0.554861 0.451432 0.021759 0.040885
0 0.471528 0.677995 0.021759 0.040885
0 0.258565 0.779557 0.021759 0.040885
0 0.288657 0.209245 0.091204 0.009635
0 0.538194 0.858984 0.071759 0.012240
0 0.288657 0.351172 0.026389 0.033073
0 0.154398 0.895182 0.072685 0.011719
0 0.825694 0.181901 0.017130 0.048698
0 0.351157 0.541276 0.021759 0.038281
0 0.341435 0.116797 0.067130 0.012240
0 0.682176 0.740495 0.026389 0.030469
0 0.267824 0.537370 0.021759 0.035677
0 0.848843 0.499609 0.063426 0.012240
0 0.225000 0.663672 0.061111 0.012240
0 0.969213 0.439714 0.017130 0.043490
0 0.086111 0.512630 0.019444 0.038281
0 0.397454 0.168880 0.058796 0.012240
0 0.429861 0.306901 0.021759 0.033073
0 0.300231 0.288411 0.021759 0.032552
0 0.145139 0.173437 0.026389 0.026562
0 0.246991 0.323568 0.017130 0.040365
0 0.140509 0.659505 0.017130 0.040365
0 0.010880 0.675130 0.017130 0.040365
0 0.760880 0.217057 0.044907 0.014844
0 0.147454 0.352474 0.021759 0.030469
0 0.439120 0.594661 0.068056 0.009635
0 0.325231 0.098568 0.053241 0.012240
0 0.815972 0.921484 0.053241 0.012240
0 0.594213 0.435807 0.063426 0.009635
0 0.774769 0.105078 0.063426 0.009635
0 0.589583 0.474609 0.017130 0.035156
0 0.414815 0.320964 0.065741 0.009115
0 0.420602 0.734635 0.068056 0.008333
0 0.152083 0.318620 0.058796 0.009635
0 0.341898 0.506120 0.058796 0.009635
0 0.376620 0.491536 0.017130 0.032552
0 0.969213 0.212891 0.017130 0.032552
0 0.482639 0.806901 0.016204 0.033073
0 0.381250 0.911719 0.063426 0.008333
0 0.145139 0.698568 0.054167 0.009115
0 0.165972 0.345964 0.021759 0.022656
0 0.070602 0.516276 0.016204 0.029948
0 0.205324 0.796484 0.017130 0.027865
0 0.737731 0.286068 0.017130 0.022656
0 0.857639 0.092057 0.034722 0.009635
0 0.789815 0.165625 0.010185 0.021354
0 0.387731 0.658464 0.030093 0.007031
0 0.473380 0.997656 0.025463 0.003125
