0 0.540972 0.616797 0.225463 0.048698
0 0.895139 0.391536 0.165278 0.046094
0 0.237269 0.180990 0.155093 0.046875
0 0.781713 0.202734 0.086574 0.079948
0 0.220370 0.857422 0.186111 0.035156
0 0.214583 0.736589 0.072685 0.069531
0 0.265509 0.331641 0.128241 0.035677
0 0.698380 0.123307 0.105093 0.035677
0 0.565278 0.285417 0.051852 0.068229
0 0.689120 0.372005 0.114352 0.027865
0 0.865046 0.817318 0.095833 0.033073
0 0.228472 0.611589 0.100463 0.027865
0 0.121991 0.263932 0.054167 0.051302
0 0.399769 0.537370 0.100463 0.025260
0 0.409028 0.153255 0.035648 0.069531
0 0.693750 0.340755 0.086574 0.027865
0 0.851157 0.236589 0.049537 0.048698
0 0.640046 0.105078 0.118056 0.020052
0 0.263194 0.319922 0.123611 0.017448
0 0.855787 0.379818 0.086574 0.022656
0 0.969213 0.142839 0.035648 0.053906
0 0.172917 0.365495 0.091204 0.020052
0 0.906713 0.196224 0.031019 0.056510
0 0.800231 0.254818 0.031019 0.053906
0 0.517824 0.542578 0.077315 0.020052
0 0.899769 0.167578 0.026389 0.051302
0 0.089583 0.285807 0.035648 0.037760
0 0.139352 0.422135 0.024074 0.055208
0 0.071065 0.822266 0.100463 0.011719
0 0.767824 0.220964 0.021759 0.043490
0 0.137037 0.542578 0.056481 0.014844
0 0.802083 0.353125 0.016204 0.047396
0 0.821065 0.170182 0.017130 0.040885
0 0.228472 0.219401 0.017130 0.040365
0 0.730787 0.774349 0.068056 0.009635
0 0.385880 0.129818 0.017130 0.038281
0 0.057176 0.421484 0.017130 0.033073
0 0.968056 0.241797 0.061111 0.007031
0 0.991204 0.713151 0.014815 0.027865
