0 0.536343 0.653255 0.410648 0.059115
0 0.527083 0.595964 0.382870 0.059115
0 0.100694 0.982031 0.196759 0.034375
0 0.380787 0.163672 0.127315 0.043490
0 0.640509 0.629818 0.146759 0.027865
0 0.758565 0.468750 0.105093 0.033854
0 0.589583 0.337891 0.118981 0.027344
0 0.737731 0.412370 0.044907 0.072135
0 0.451852 0.250911 0.047222 0.061719
0 0.131250 0.267188 0.044907 0.063021
0 0.434491 0.667578 0.040278 0.066927
0 0.442593 0.624349 0.121296 0.022135
0 0.860417 0.262630 0.049537 0.053906
0 0.735417 0.119401 0.049537 0.053906
0 0.476157 0.761068 0.105093 0.024740
0 0.670602 0.814714 0.031019 0.079948
0 0.705324 0.840755 0.035648 0.069531
0 0.765509 0.424089 0.044907 0.053906
0 0.744676 0.318620 0.095833 0.025260
0 0.082639 0.106380 0.049537 0.048698
0 0.721528 0.507422 0.086574 0.027865
0 0.859954 0.228776 0.085648 0.027865
0 0.716898 0.796484 0.040278 0.059115
0 0.815972 0.316667 0.108796 0.021354
0 0.432176 0.581641 0.091204 0.025260
0 0.561806 0.779557 0.044907 0.051302
0 0.203009 0.305599 0.049537 0.046094
0 0.286343 0.823828 0.040278 0.056510
0 0.545602 0.288021 0.105093 0.021354
0 0.596528 0.774349 0.031019 0.072135
0 0.924769 0.413672 0.039352 0.053906
0 0.328009 0.138932 0.077315 0.025260
0 0.943750 0.625260 0.040278 0.047396
0 0.285880 0.201432 0.094907 0.020052
0 0.865046 0.143880 0.031019 0.061198
0 0.936806 0.277604 0.044907 0.042188
0 0.626620 0.801693 0.035648 0.052865
0 0.508102 0.331641 0.030093 0.061719
0 0.765509 0.831641 0.044907 0.040885
0 0.126157 0.110286 0.043981 0.040885
0 0.508565 0.226172 0.040278 0.043490
0 0.371991 0.785417 0.081944 0.021354
0 0.753935 0.769141 0.114352 0.014844
0 0.508102 0.817057 0.039352 0.042969
0 0.216898 0.167578 0.040278 0.040885
0 0.300231 0.862891 0.040278 0.040885
0 0.274769 0.382422 0.072685 0.022656
0 0.251620 0.288672 0.072685 0.022656
0 0.935648 0.726172 0.070370 0.022656
0 0.591898 0.237891 0.031019 0.051302
0 0.589583 0.396484 0.109722 0.014323
0 0.249306 0.368099 0.077315 0.020052
0 0.469213 0.853776 0.035648 0.043490
0 0.888194 0.804297 0.040278 0.038281
0 0.471065 0.325130 0.030093 0.048698
0 0.381250 0.110286 0.072685 0.020052
0 0.163657 0.438411 0.072685 0.020052
0 0.612731 0.379818 0.081944 0.017448
0 0.262731 0.810807 0.039352 0.035677
0 0.462963 0.102474 0.069444 0.020052
0 0.693750 0.086849 0.068056 0.020052
0 0.871991 0.391536 0.091204 0.014844
0 0.428704 0.287370 0.037963 0.035677
0 0.762037 0.167578 0.037963 0.035677
0 0.691435 0.561849 0.035648 0.037760
0 0.603009 0.847266 0.090278 0.014844
0 0.811806 0.269141 0.035648 0.035677
0 0.742361 0.222266 0.035648 0.035677
0 0.660185 0.476172 0.028704 0.043490
0 0.315972 0.822526 0.025463 0.048698
0 0.415972 0.227474 0.031019 0.039844
0 0.480324 0.821224 0.030093 0.040885
0 0.781713 0.226172 0.031019 0.038281
0 0.486574 0.495703 0.079630 0.014844
0 0.119676 0.205339 0.095833 0.012240
0 0.462269 0.374609 0.095833 0.012240
0 0.862731 0.891276 0.081944 0.014323
0 0.226157 0.855078 0.077315 0.014844
0 0.795139 0.697266 0.067130 0.016927
0 0.431713 0.437109 0.090278 0.012240
0 0.809491 0.839453 0.031019 0.035677
0 0.561343 0.373958 0.034722 0.031771
0 0.293287 0.138932 0.072685 0.014844
0 0.297917 0.329036 0.026389 0.040885
0 0.258565 0.882422 0.086574 0.012240
0 0.675231 0.273047 0.021759 0.048698
0 0.572917 0.119401 0.085648 0.012240
0 0.848843 0.362240 0.026389 0.039583
0 0.635880 0.443880 0.072685 0.014323
0 0.917824 0.576432 0.025463 0.040885
0 0.545602 0.825130 0.058796 0.017448
0 0.730787 0.256120 0.068056 0.014844
0 0.339583 0.648047 0.026389 0.038281
0 0.953472 0.233984 0.057870 0.017448
0 0.888194 0.592057 0.021759 0.046094
0 0.302083 0.895443 0.081019 0.012240
0 0.652083 0.885026 0.021759 0.043490
0 0.786343 0.786068 0.077315 0.012240
0 0.080324 0.179297 0.054167 0.017448
0 0.608102 0.180599 0.063426 0.014844
0 0.909028 0.829036 0.026389 0.035677
0 0.668287 0.498047 0.026389 0.035156
0 0.397454 0.384375 0.021759 0.042188
0 0.802546 0.202083 0.017130 0.052604
0 0.495833 0.404557 0.061111 0.014844
0 0.770139 0.870703 0.017130 0.051302
0 0.360417 0.813411 0.058796 0.014844
0 0.421759 0.135026 0.070370 0.012240
0 0.966435 0.407161 0.020833 0.040885
0 0.779398 0.569922 0.017130 0.048698
0 0.902083 0.504557 0.049537 0.016927
0 0.906713 0.632422 0.021759 0.038281
0 0.498843 0.111589 0.067130 0.012240
0 0.258102 0.861589 0.067130 0.012240
0 0.929861 0.799349 0.021759 0.037760
0 0.649769 0.102474 0.054167 0.014844
0 0.111574 0.166276 0.024074 0.033073
0 0.772454 0.755859 0.086574 0.009115
0 0.343750 0.144141 0.053241 0.014844
0 0.788657 0.841797 0.017130 0.045573
0 0.756250 0.571224 0.026389 0.029427
0 0.357639 0.834896 0.016204 0.047396
0 0.693750 0.724870 0.077315 0.009635
0 0.746991 0.676693 0.026389 0.027865
0 0.267824 0.770182 0.021759 0.032552
0 0.515046 0.456641 0.016204 0.040885
0 0.329861 0.485286 0.016204 0.040885
0 0.790509 0.605078 0.067130 0.009635
0 0.767361 0.613542 0.057870 0.010937
0 0.052546 0.321224 0.017130 0.035677
0 0.806713 0.641146 0.016204 0.036458
0 0.890046 0.441016 0.016204 0.035677
0 0.237731 0.870443 0.063426 0.009115
0 0.720370 0.166276 0.047222 0.012240
0 0.559491 0.750911 0.021759 0.025260
0 0.698380 0.240495 0.049537 0.009635
0 0.885880 0.424089 0.017130 0.027865
0 0.464120 0.681641 0.034722 0.011719
0 0.760880 0.660417 0.035648 0.010937
0 0.818750 0.376953 0.049537 0.006510
0 0.737731 0.590755 0.044907 0.007031
0 0.441435 0.757422 0.017130 0.017448
0 0.880093 0.256120 0.014815 0.014844
