0 0.446065 0.030859 0.415278 0.059115
0 0.903241 0.021745 0.190741 0.035677
0 0.221528 0.635026 0.132870 0.038281
0 0.640509 0.402604 0.128241 0.036979
0 0.353472 0.890234 0.054167 0.079948
0 0.799769 0.237891 0.141204 0.030469
0 0.309028 0.799740 0.122685 0.034375
0 0.184491 0.716406 0.160648 0.023958
0 0.126620 0.214453 0.118981 0.030469
0 0.098843 0.538021 0.054167 0.063021
0 0.496991 0.433203 0.109722 0.030469
0 0.729630 0.319922 0.047222 0.069531
0 0.615046 0.351172 0.058796 0.053906
0 0.649769 0.264974 0.109722 0.027344
0 0.152083 0.125911 0.095833 0.030469
0 0.392824 0.012630 0.123611 0.022656
0 0.149769 0.171484 0.118981 0.022656
0 0.438657 0.202734 0.048611 0.053906
0 0.663657 0.312109 0.091204 0.027865
0 0.892824 0.360026 0.040278 0.061198
0 0.095370 0.269141 0.047222 0.051302
0 0.429398 0.650391 0.085648 0.027344
0 0.446065 0.516536 0.091204 0.025260
0 0.691435 0.420182 0.091204 0.025260
0 0.161343 0.579036 0.049537 0.046094
0 0.286343 0.012370 0.095833 0.022135
0 0.385880 0.579427 0.100463 0.020833
0 0.863889 0.825130 0.047222 0.043490
0 0.756250 0.388932 0.035648 0.056510
0 0.557176 0.231380 0.044907 0.043490
0 0.712269 0.821224 0.077315 0.025260
0 0.663657 0.446224 0.044907 0.040885
0 0.288657 0.219661 0.091204 0.020052
0 0.296759 0.756120 0.042593 0.040885
0 0.297454 0.187109 0.099537 0.017448
0 0.358102 0.332682 0.035648 0.048177
0 0.163657 0.673828 0.035648 0.048177
0 0.699537 0.926693 0.098148 0.017448
0 0.617361 0.778255 0.026389 0.064323
0 0.545602 0.830339 0.031019 0.053906
0 0.494676 0.301693 0.031019 0.053906
0 0.740046 0.485286 0.040278 0.040885
0 0.066435 0.244401 0.072685 0.022656
0 0.883565 0.159505 0.114352 0.014323
0 0.022454 0.755859 0.040278 0.040365
0 0.828009 0.787370 0.031019 0.051302
0 0.034028 0.444922 0.035648 0.043490
0 0.027083 0.861589 0.040278 0.038281
0 0.830324 0.483333 0.035648 0.042188
0 0.316435 0.381120 0.026389 0.056510
0 0.078009 0.839453 0.021759 0.066927
0 0.948380 0.787370 0.031019 0.046094
0 0.253935 0.198828 0.095833 0.014844
0 0.667824 0.865495 0.034722 0.040885
0 0.146296 0.358984 0.112037 0.012240
0 0.123843 0.255859 0.030093 0.045573
0 0.871991 0.463151 0.035648 0.038281
0 0.260880 0.745703 0.026389 0.051302
0 0.147454 0.155859 0.077315 0.017448
0 0.276620 0.250911 0.067130 0.020052
0 0.112731 0.887630 0.026389 0.048698
0 0.652083 0.162370 0.086574 0.014844
0 0.877778 0.487630 0.065741 0.019531
0 0.059028 0.873047 0.020833 0.061198
0 0.191435 0.141536 0.063426 0.020052
0 0.071065 0.339453 0.063426 0.020052
0 0.704167 0.891536 0.061111 0.020052
0 0.718056 0.646745 0.061111 0.020052
0 0.538657 0.342057 0.026389 0.046094
0 0.316898 0.343099 0.071759 0.016927
0 0.030093 0.377214 0.027778 0.043490
0 0.528241 0.718099 0.070370 0.016927
0 0.495833 0.834245 0.079630 0.014844
0 0.564120 0.286068 0.021759 0.053906
0 0.909028 0.129818 0.035648 0.033073
0 0.343750 0.521745 0.025463 0.046094
0 0.031250 0.900651 0.030093 0.038281
0 0.200694 0.744401 0.026389 0.043490
0 0.781713 0.217057 0.077315 0.014844
0 0.429861 0.118099 0.077315 0.014844
0 0.105787 0.707682 0.095833 0.011719
0 0.036343 0.292578 0.031019 0.035677
0 0.159028 0.736589 0.063426 0.017448
0 0.858102 0.263932 0.026389 0.040885
0 0.404398 0.623307 0.026389 0.040885
0 0.283565 0.584896 0.025463 0.042188
0 0.883102 0.305599 0.030093 0.035677
0 0.360417 0.809505 0.086574 0.012240
0 0.858102 0.932943 0.072685 0.014323
0 0.483102 0.687109 0.017130 0.059115
0 0.087269 0.738932 0.086574 0.011719
0 0.494676 0.235286 0.068056 0.014844
0 0.910880 0.278255 0.057870 0.017448
0 0.589583 0.434505 0.081944 0.012240
0 0.126620 0.439714 0.081944 0.012240
0 0.353472 0.291276 0.081944 0.012240
0 0.765509 0.244401 0.081944 0.012240
0 0.661343 0.184245 0.058796 0.016927
0 0.207639 0.678646 0.031019 0.031771
0 0.392824 0.215104 0.031019 0.031771
0 0.061343 0.160807 0.025463 0.037760
0 0.462269 0.908464 0.077315 0.012240
0 0.415972 0.135026 0.077315 0.012240
0 0.767824 0.431901 0.021759 0.043490
0 0.834954 0.808203 0.026389 0.035677
0 0.959954 0.914974 0.026389 0.035677
0 0.711806 0.145443 0.076389 0.012240
0 0.887037 0.192057 0.028704 0.032552
0 0.635417 0.571615 0.025463 0.036458
0 0.440972 0.802995 0.062500 0.014844
0 0.628935 0.483724 0.077315 0.011719
0 0.012731 0.700130 0.020833 0.043490
0 0.371528 0.753776 0.025463 0.035156
0 0.110417 0.766536 0.021759 0.040885
0 0.385417 0.877214 0.071759 0.012240
0 0.765509 0.197526 0.026389 0.033073
0 0.075694 0.312109 0.026389 0.033073
0 0.018981 0.802995 0.024074 0.035677
0 0.607639 0.522786 0.071759 0.011719
0 0.767824 0.309505 0.021759 0.038281
0 0.155556 0.283464 0.065741 0.012240
0 0.179398 0.251953 0.020833 0.037760
0 0.520139 0.265885 0.017130 0.044792
0 0.052083 0.648047 0.062500 0.012240
0 0.798611 0.574870 0.027778 0.027344
0 0.746528 0.394141 0.016204 0.046094
0 0.612731 0.197526 0.017130 0.043490
0 0.362731 0.146745 0.017130 0.040885
0 0.334954 0.110286 0.072685 0.009635
0 0.061806 0.576432 0.017130 0.040885
0 0.766667 0.584245 0.019444 0.035677
0 0.881250 0.536719 0.017130 0.039583
0 0.411343 0.610286 0.021759 0.030469
0 0.413657 0.244401 0.017130 0.038281
0 0.300231 0.633724 0.068056 0.009635
0 0.498843 0.927995 0.067130 0.009635
0 0.711806 0.240495 0.020833 0.030469
0 0.787500 0.181901 0.051852 0.012240
0 0.281713 0.779297 0.068056 0.009115
0 0.793287 0.519141 0.017130 0.035677
0 0.619676 0.233724 0.021759 0.027344
0 0.385880 0.151302 0.017130 0.034375
0 0.603935 0.602214 0.062500 0.009115
0 0.941435 0.575130 0.017130 0.033073
0 0.793287 0.291276 0.017130 0.033073
0 0.596528 0.388932 0.058796 0.009635
0 0.821065 0.265234 0.017130 0.033073
0 0.360417 0.425391 0.058796 0.009635
0 0.911343 0.295182 0.021759 0.025260
0 0.596528 0.758724 0.021759 0.025260
0 0.547454 0.913672 0.016204 0.033073
0 0.844213 0.388932 0.017130 0.030469
0 0.500463 0.105078 0.051852 0.009635
0 0.760880 0.804948 0.017130 0.029167
0 0.231944 0.590755 0.014815 0.033073
0 0.823380 0.694922 0.012500 0.038281
0 0.793287 0.773047 0.017130 0.027865
0 0.209491 0.235937 0.016204 0.026562
0 0.517824 0.327734 0.012500 0.033073
0 0.865046 0.301693 0.012500 0.033073
0 0.703009 0.509375 0.012500 0.031771
0 0.557176 0.051432 0.026389 0.006510
0 0.006250 0.864453 0.007870 0.016927
