0 0.145139 0.555599 0.137500 0.046094
0 0.116898 0.513932 0.081019 0.077344
0 0.685648 0.435807 0.079630 0.072135
0 0.795602 0.707943 0.114352 0.038281
0 0.697222 0.276953 0.056481 0.066927
0 0.325694 0.450130 0.128241 0.027865
0 0.538657 0.215755 0.146759 0.022656
0 0.571065 0.353776 0.100463 0.033073
0 0.631250 0.109635 0.109722 0.029167
0 0.665972 0.351172 0.049537 0.064323
0 0.123843 0.444922 0.094907 0.033073
0 0.603472 0.756120 0.054167 0.056510
0 0.292824 0.495703 0.099537 0.030469
0 0.743519 0.852474 0.047222 0.061719
0 0.802546 0.271484 0.054167 0.050781
0 0.714583 0.576432 0.044907 0.056510
0 0.772454 0.193620 0.095833 0.025260
0 0.314120 0.361328 0.049537 0.048177
0 0.471065 0.514974 0.085648 0.027344
0 0.273148 0.636979 0.087963 0.026562
0 0.749306 0.546484 0.031019 0.074740
0 0.315278 0.645443 0.042593 0.053906
0 0.501620 0.156901 0.044907 0.050781
0 0.211806 0.638281 0.094907 0.023958
0 0.237731 0.217708 0.100463 0.021354
0 0.894676 0.793880 0.043981 0.048698
0 0.806713 0.872005 0.043981 0.048698
0 0.172917 0.464453 0.044907 0.046094
0 0.552546 0.110286 0.081944 0.025260
0 0.152083 0.697526 0.114352 0.017448
0 0.473843 0.760026 0.044907 0.043490
0 0.290972 0.597266 0.077315 0.025260
0 0.615046 0.480078 0.095833 0.020052
0 0.490046 0.201172 0.077315 0.024740
0 0.043287 0.834896 0.044907 0.042188
0 0.457639 0.713151 0.105093 0.017448
0 0.788657 0.375911 0.044907 0.040885
0 0.871991 0.659505 0.072685 0.024740
0 0.844213 0.631120 0.026389 0.066927
0 0.096528 0.494401 0.040278 0.043490
0 0.140509 0.265234 0.035648 0.048698
0 0.790972 0.649349 0.086574 0.020052
0 0.168287 0.279948 0.035648 0.046875
0 0.808333 0.588151 0.037963 0.043490
0 0.228472 0.399349 0.035648 0.046094
0 0.441435 0.146745 0.081944 0.020052
0 0.348843 0.823568 0.035648 0.045573
0 0.598843 0.237630 0.081944 0.019531
0 0.635880 0.274089 0.081944 0.019531
0 0.552546 0.187109 0.091204 0.017448
0 0.483102 0.523047 0.091204 0.017448
0 0.779398 0.127214 0.091204 0.017448
0 0.050231 0.643880 0.031019 0.050781
0 0.353472 0.319922 0.026389 0.059115
0 0.638194 0.355078 0.077315 0.020052
0 0.633102 0.506120 0.076389 0.020052
0 0.485417 0.257422 0.086574 0.017448
0 0.932176 0.545182 0.035648 0.040885
0 0.344213 0.589453 0.035648 0.040885
0 0.359954 0.669531 0.076389 0.018750
0 0.605787 0.386328 0.031019 0.046094
0 0.689120 0.245703 0.031019 0.046094
0 0.665972 0.321224 0.095833 0.014844
0 0.943287 0.235286 0.030093 0.046094
0 0.848380 0.882422 0.025463 0.053906
0 0.632407 0.497396 0.075000 0.018229
0 0.367361 0.486589 0.035648 0.038281
0 0.547917 0.418880 0.035648 0.038281
0 0.138194 0.605078 0.068056 0.020052
0 0.328009 0.774349 0.068056 0.020052
0 0.726157 0.401953 0.068056 0.020052
0 0.468056 0.404557 0.033333 0.040885
0 0.621991 0.223568 0.109722 0.012240
0 0.059028 0.170833 0.020833 0.063021
0 0.700694 0.118750 0.035648 0.036979
0 0.207176 0.530859 0.030093 0.043490
0 0.865046 0.206641 0.031019 0.040885
0 0.538194 0.446224 0.062500 0.020052
0 0.718750 0.477474 0.034722 0.035677
0 0.281713 0.741797 0.031019 0.038281
0 0.716898 0.094661 0.058796 0.020052
0 0.277083 0.687109 0.021759 0.053906
0 0.984259 0.383724 0.028704 0.040885
0 0.355787 0.716797 0.058796 0.019531
0 0.947917 0.337891 0.030093 0.037760
0 0.800231 0.321224 0.021759 0.051302
0 0.226157 0.763932 0.021759 0.051302
0 0.858102 0.430599 0.072685 0.014844
0 0.862731 0.092057 0.026389 0.040885
0 0.429861 0.200130 0.086574 0.012240
0 0.105324 0.853776 0.085648 0.012240
0 0.513194 0.310156 0.021759 0.047396
0 0.043287 0.684896 0.026389 0.039062
0 0.679861 0.193620 0.068056 0.014844
0 0.464583 0.622656 0.072685 0.013542
0 0.521991 0.593099 0.030093 0.032552
0 0.130787 0.155859 0.025463 0.038281
0 0.762731 0.628255 0.067130 0.014323
0 0.922917 0.154557 0.026389 0.035677
0 0.895139 0.185807 0.026389 0.035677
0 0.850694 0.296484 0.020833 0.043490
0 0.638194 0.652995 0.077315 0.011719
0 0.411343 0.652995 0.077315 0.011719
0 0.365046 0.594010 0.031019 0.029167
0 0.427546 0.093359 0.072685 0.012240
0 0.693750 0.357682 0.021759 0.040885
0 0.586806 0.328385 0.030093 0.029167
0 0.275926 0.875911 0.028704 0.030469
0 0.469213 0.992448 0.063426 0.013542
0 0.302546 0.306641 0.072685 0.011719
0 0.147454 0.771484 0.058796 0.014323
0 0.693750 0.481380 0.021759 0.038281
0 0.425231 0.637630 0.068056 0.012240
0 0.179398 0.877214 0.067130 0.012240
0 0.184028 0.499349 0.048611 0.016927
0 0.205324 0.696224 0.054167 0.014844
0 0.057176 0.401953 0.026389 0.030469
0 0.082639 0.654948 0.021759 0.036458
0 0.515509 0.498047 0.026389 0.029948
0 0.788657 0.445573 0.017130 0.044792
0 0.690972 0.693359 0.025463 0.029948
0 0.575694 0.133464 0.081944 0.009115
0 0.721528 0.157161 0.077315 0.009635
0 0.147454 0.583594 0.021759 0.034375
0 0.853472 0.778255 0.017130 0.043490
0 0.767824 0.580729 0.021759 0.033854
0 0.378935 0.847266 0.049537 0.014844
0 0.781250 0.151953 0.048611 0.014844
0 0.814120 0.693359 0.077315 0.009115
0 0.404398 0.480078 0.026389 0.025260
0 0.659028 0.101172 0.054167 0.012240
0 0.513194 0.584245 0.021759 0.030469
0 0.242361 0.176693 0.017130 0.038281
0 0.545602 0.251823 0.021759 0.028646
0 0.906713 0.127604 0.021759 0.028646
0 0.149769 0.513932 0.017130 0.035677
0 0.927546 0.847005 0.017130 0.035156
0 0.737731 0.117839 0.063426 0.009115
0 0.580324 0.398047 0.017130 0.033073
0 0.665972 0.623698 0.021759 0.026042
0 0.160880 0.868099 0.057870 0.009635
0 0.665972 0.120443 0.058796 0.009115
0 0.955324 0.310807 0.054167 0.009635
0 0.936806 0.584245 0.054167 0.009635
0 0.203009 0.434245 0.021759 0.022135
0 0.384722 0.211589 0.051852 0.009115
0 0.885880 0.242448 0.054167 0.008333
0 0.346065 0.635026 0.011574 0.038281
0 0.672454 0.526693 0.043981 0.009115
0 0.812963 0.141276 0.019444 0.019531
0 0.946065 0.826172 0.017130 0.019531
0 0.561806 0.041016 0.026389 0.006510
