0 0.887037 0.025651 0.223148 0.043490
0 0.351157 0.526302 0.197685 0.029167
0 0.145139 0.610286 0.054167 0.056510
0 0.892824 0.504818 0.114352 0.022656
0 0.189120 0.799089 0.049537 0.048698
0 0.730787 0.194922 0.049537 0.048698
0 0.888194 0.437109 0.132870 0.017448
0 0.899769 0.288672 0.081944 0.027865
0 0.357639 0.705078 0.081019 0.027344
0 0.297917 0.882161 0.044907 0.048177
0 0.529398 0.919922 0.137500 0.014323
0 0.142824 0.653255 0.040278 0.048698
0 0.439120 0.713151 0.086574 0.022656
0 0.038657 0.538672 0.044907 0.043490
0 0.223843 0.308594 0.035648 0.052083
0 0.409028 0.525651 0.081944 0.022656
0 0.061806 0.625911 0.035648 0.051302
0 0.950231 0.722266 0.034722 0.051302
0 0.517824 0.177995 0.031019 0.056510
0 0.263194 0.265234 0.040278 0.043490
0 0.168287 0.926693 0.035648 0.048698
0 0.925231 0.204036 0.086574 0.020052
0 0.830324 0.348568 0.035648 0.048698
0 0.334954 0.676693 0.072685 0.022656
0 0.709954 0.465755 0.072685 0.022656
0 0.450694 0.862891 0.035648 0.046094
0 0.471528 0.140885 0.086574 0.018750
0 0.355324 0.852474 0.039352 0.040885
0 0.124306 0.758724 0.105093 0.014844
0 0.091898 0.918880 0.031019 0.048698
0 0.128472 0.848568 0.030093 0.048698
0 0.575694 0.133464 0.035648 0.040365
0 0.797917 0.124609 0.081944 0.017448
0 0.279398 0.827474 0.063426 0.022135
0 0.384722 0.831380 0.070370 0.019531
0 0.462269 0.118099 0.068056 0.020052
0 0.079861 0.400000 0.081019 0.016146
0 0.191435 0.743099 0.035648 0.035677
0 0.334954 0.122005 0.072685 0.017448
0 0.149769 0.183854 0.026389 0.047396
0 0.334491 0.106380 0.071759 0.017448
0 0.023148 0.395182 0.032407 0.037760
0 0.904398 0.620703 0.081944 0.014844
0 0.955324 0.312760 0.026389 0.044792
0 0.763194 0.299089 0.095833 0.012240
0 0.117361 0.606380 0.035648 0.033073
0 0.230787 0.131120 0.058796 0.020052
0 0.670139 0.236589 0.067130 0.017448
0 0.409028 0.366536 0.035648 0.032552
0 0.712269 0.103516 0.068056 0.016927
0 0.149769 0.739844 0.081944 0.013542
0 0.046759 0.136328 0.024074 0.046094
0 0.920139 0.555990 0.030093 0.036458
0 0.190972 0.260026 0.062500 0.017448
0 0.450694 0.417578 0.072685 0.014844
0 0.038657 0.224870 0.072685 0.014844
0 0.784028 0.334245 0.072685 0.014844
0 0.059491 0.577734 0.021759 0.048698
0 0.624306 0.223568 0.086574 0.012240
0 0.179861 0.207943 0.031019 0.033073
0 0.712269 0.132161 0.086574 0.011719
0 0.466898 0.107682 0.068056 0.014844
0 0.175231 0.305599 0.021759 0.046094
0 0.936806 0.707682 0.026389 0.037760
0 0.096065 0.679297 0.030093 0.033073
0 0.866898 0.330078 0.025463 0.037760
0 0.650463 0.344010 0.027778 0.034375
0 0.221528 0.150651 0.077315 0.012240
0 0.406713 0.210547 0.021759 0.043490
0 0.897454 0.382422 0.021759 0.043490
0 0.068750 0.180599 0.031019 0.030469
0 0.043287 0.308203 0.026389 0.035677
0 0.371991 0.769141 0.026389 0.035677
0 0.494213 0.832943 0.020833 0.043490
0 0.311806 0.861589 0.072685 0.012240
0 0.508565 0.894141 0.021759 0.040885
0 0.281713 0.576432 0.058796 0.014844
0 0.120833 0.696224 0.088889 0.009635
0 0.170602 0.854818 0.058796 0.014323
0 0.503935 0.791276 0.068056 0.012240
0 0.443750 0.766276 0.086574 0.009115
0 0.922917 0.477214 0.026389 0.029948
0 0.801389 0.278906 0.024074 0.031771
0 0.583796 0.171484 0.061111 0.012240
0 0.909491 0.356120 0.062500 0.011719
0 0.082176 0.727474 0.048611 0.014844
0 0.235417 0.838151 0.021759 0.033073
0 0.212269 0.747005 0.021759 0.033073
0 0.869676 0.356120 0.021759 0.032552
0 0.600694 0.207943 0.057870 0.012240
0 0.172454 0.179297 0.025463 0.027865
0 0.922917 0.313411 0.017130 0.040885
0 0.953009 0.652604 0.021759 0.031771
0 0.340741 0.263672 0.019444 0.035156
0 0.330324 0.877214 0.054167 0.012240
0 0.839583 0.408464 0.054167 0.012240
0 0.024769 0.541276 0.017130 0.038281
0 0.193750 0.138932 0.068056 0.009635
0 0.135417 0.336849 0.062500 0.009635
0 0.052546 0.768490 0.017130 0.034375
0 0.436806 0.244401 0.017130 0.033073
0 0.436806 0.200130 0.044907 0.012240
0 0.969213 0.510026 0.044907 0.012240
0 0.723843 0.639583 0.017130 0.031771
0 0.533565 0.220703 0.016204 0.032552
0 0.774769 0.287370 0.054167 0.009635
0 0.654398 0.754818 0.017130 0.027865
0 0.112731 0.206641 0.017130 0.025260
0 0.133102 0.117839 0.011574 0.035156
0 0.135880 0.317318 0.017130 0.022656
