0 0.582639 0.735286 0.068056 0.077344
0 0.633565 0.743099 0.068056 0.066927
0 0.825694 0.655208 0.063426 0.057813
0 0.061806 0.513281 0.044907 0.081250
0 0.398611 0.720964 0.061111 0.059115
0 0.170602 0.610286 0.114352 0.030469
0 0.194444 0.917578 0.060185 0.056510
0 0.888194 0.810807 0.058796 0.056510
0 0.568750 0.813411 0.049537 0.066927
0 0.464583 0.646094 0.054167 0.060417
0 0.753472 0.521745 0.057870 0.056510
0 0.740046 0.844401 0.105093 0.029948
0 0.730324 0.306901 0.057870 0.053906
0 0.135417 0.650651 0.136574 0.022656
0 0.635880 0.202734 0.054167 0.053906
0 0.888194 0.657813 0.049537 0.057813
0 0.469213 0.365104 0.054167 0.052083
0 0.899769 0.299740 0.054167 0.050000
0 0.235417 0.723568 0.040278 0.059115
0 0.788657 0.680599 0.044907 0.051302
0 0.209954 0.567318 0.100463 0.022656
0 0.712269 0.784766 0.086574 0.025260
0 0.929861 0.470964 0.040278 0.053906
0 0.142824 0.260026 0.095833 0.022656
0 0.703009 0.729427 0.086574 0.023958
0 0.087269 0.865495 0.040278 0.051302
0 0.556713 0.331380 0.043981 0.045573
0 0.554861 0.299089 0.086574 0.022656
0 0.040972 0.360286 0.077315 0.025260
0 0.334954 0.140234 0.081944 0.022656
0 0.399769 0.429297 0.081944 0.022656
0 0.057176 0.125911 0.072685 0.025260
0 0.348843 0.750911 0.035648 0.051302
0 0.256250 0.181641 0.100463 0.016927
0 0.314120 0.301042 0.040278 0.042188
0 0.605787 0.261979 0.077315 0.021354
0 0.071065 0.148047 0.072685 0.022656
0 0.351157 0.672786 0.040278 0.040885
0 0.795602 0.477214 0.040278 0.040365
0 0.177083 0.633724 0.081019 0.020052
0 0.063657 0.399349 0.039352 0.040885
0 0.693750 0.646745 0.105093 0.014844
0 0.147454 0.185807 0.077315 0.020052
0 0.170602 0.119401 0.040278 0.038281
0 0.793287 0.398047 0.035648 0.042448
0 0.221528 0.288672 0.031019 0.048698
0 0.809028 0.819922 0.039352 0.038281
0 0.209954 0.360286 0.072685 0.020052
0 0.693750 0.104427 0.077315 0.018750
0 0.953009 0.753516 0.031019 0.046094
0 0.087269 0.534766 0.031019 0.046094
0 0.885880 0.843359 0.081944 0.017448
0 0.531713 0.248307 0.095833 0.014844
0 0.402083 0.446224 0.068056 0.020052
0 0.105787 0.767839 0.077315 0.017448
0 0.767824 0.330339 0.077315 0.017448
0 0.390509 0.124349 0.035648 0.037760
0 0.038657 0.511068 0.026389 0.050781
0 0.346528 0.507161 0.031019 0.042969
0 0.238889 0.413672 0.075000 0.017448
0 0.124306 0.467057 0.086574 0.014844
0 0.862731 0.693620 0.063426 0.020052
0 0.471528 0.459245 0.021759 0.056510
0 0.297917 0.785417 0.035648 0.034375
0 0.194907 0.899349 0.061111 0.020052
0 0.321065 0.454036 0.081944 0.014844
0 0.207639 0.773047 0.031019 0.038281
0 0.760880 0.361589 0.035648 0.033073
0 0.390046 0.899349 0.025463 0.046094
0 0.104630 0.579036 0.028704 0.040885
0 0.321065 0.189453 0.035648 0.032552
0 0.869676 0.856120 0.068056 0.016927
0 0.052546 0.822526 0.026389 0.043490
0 0.178241 0.731380 0.064815 0.017448
0 0.080324 0.717708 0.026389 0.042188
0 0.714583 0.718359 0.063426 0.017448
0 0.177546 0.223568 0.063426 0.017448
0 0.362731 0.394141 0.072685 0.014844
0 0.066435 0.282161 0.026389 0.040885
0 0.277083 0.328125 0.031019 0.033854
0 0.630787 0.503255 0.071759 0.014323
0 0.703009 0.595964 0.058796 0.017448
0 0.795602 0.622005 0.031019 0.033073
0 0.777083 0.551693 0.058796 0.017448
0 0.230787 0.934505 0.058796 0.017448
0 0.441435 0.861589 0.026389 0.038281
0 0.469213 0.530599 0.026389 0.037760
0 0.448380 0.488281 0.031019 0.031250
0 0.765046 0.718099 0.025463 0.037760
0 0.503935 0.833984 0.031019 0.029948
0 0.012731 0.447526 0.020833 0.043490
0 0.760880 0.484635 0.026389 0.034375
0 0.049769 0.449089 0.030093 0.029948
0 0.814120 0.730078 0.021759 0.040885
0 0.723380 0.637630 0.071759 0.012240
0 0.503472 0.714453 0.057870 0.014844
0 0.385880 0.850911 0.072685 0.011719
0 0.917824 0.684245 0.071759 0.011719
0 0.466898 0.555339 0.058796 0.014323
0 0.406713 0.199870 0.049537 0.016927
0 0.601157 0.111589 0.068056 0.012240
0 0.619676 0.520443 0.068056 0.012240
0 0.165972 0.249609 0.068056 0.012240
0 0.503935 0.398307 0.021759 0.037760
0 0.821065 0.873307 0.017130 0.046094
0 0.225694 0.251563 0.048611 0.016146
0 0.466898 0.154557 0.021759 0.035677
0 0.696065 0.528255 0.063426 0.012240
0 0.233102 0.914714 0.081944 0.009115
0 0.946065 0.530859 0.017130 0.043490
0 0.922917 0.515234 0.017130 0.043490
0 0.628935 0.250911 0.077315 0.009635
0 0.009722 0.314453 0.019444 0.037760
0 0.188657 0.441016 0.048611 0.014844
0 0.401620 0.697526 0.057870 0.012240
0 0.922917 0.295182 0.017130 0.040885
0 0.215741 0.586849 0.047222 0.014844
0 0.480787 0.319010 0.021759 0.031250
0 0.774769 0.306901 0.054167 0.012240
0 0.123843 0.380469 0.020833 0.031771
0 0.853472 0.804297 0.017130 0.038281
0 0.450694 0.166276 0.017130 0.038281
0 0.589583 0.455339 0.017130 0.038281
0 0.867361 0.726172 0.017130 0.038281
0 0.177546 0.926693 0.017130 0.038281
0 0.390046 0.233984 0.053241 0.012240
0 0.627778 0.439714 0.019444 0.033073
0 0.675231 0.187109 0.049537 0.012240
0 0.638194 0.720964 0.021759 0.027865
0 0.286343 0.361589 0.021759 0.027865
0 0.902083 0.486589 0.021759 0.027865
0 0.775926 0.766276 0.065741 0.009115
0 0.506250 0.856380 0.017130 0.033073
0 0.216435 0.159766 0.057870 0.009635
0 0.163657 0.776693 0.054167 0.009115
0 0.371528 0.125911 0.016204 0.030469
0 0.367361 0.864583 0.017130 0.028646
0 0.409028 0.512370 0.017130 0.027344
0 0.545139 0.457943 0.011574 0.038281
0 0.721991 0.682943 0.048611 0.009115
0 0.938657 0.329036 0.011574 0.035677
0 0.755093 0.270443 0.051852 0.007031
0 0.008565 0.546875 0.012500 0.028646
0 0.492361 0.534766 0.035648 0.009635
0 0.778935 0.258724 0.034722 0.009635
0 0.017361 0.175391 0.030093 0.009635
0 0.494213 0.056901 0.020833 0.007031
