0 0.712269 0.345964 0.179167 0.053906
0 0.818750 0.090755 0.132870 0.038281
0 0.844213 0.797526 0.054167 0.087240
0 0.371991 0.847917 0.063426 0.068229
0 0.485417 0.208984 0.040278 0.102865
0 0.316435 0.339193 0.063426 0.061198
0 0.721528 0.459245 0.123611 0.030469
0 0.804861 0.853776 0.049537 0.074740
0 0.865046 0.051693 0.132870 0.027865
0 0.397454 0.382422 0.049537 0.059115
0 0.408565 0.524089 0.108796 0.024740
0 0.501620 0.492188 0.044907 0.059896
0 0.936806 0.543880 0.035648 0.074740
0 0.753935 0.332943 0.095833 0.027865
0 0.304861 0.575130 0.040278 0.064323
0 0.565972 0.116797 0.053241 0.048698
0 0.684491 0.213151 0.142130 0.017448
0 0.827546 0.189062 0.048611 0.050000
0 0.690972 0.063411 0.108796 0.020052
0 0.411343 0.579036 0.105093 0.020052
0 0.117361 0.813411 0.035648 0.056510
0 0.184491 0.226172 0.040278 0.048698
0 0.325694 0.822526 0.044907 0.043490
0 0.429861 0.060807 0.095833 0.020052
0 0.119213 0.447526 0.030093 0.059115
0 0.647454 0.907161 0.086574 0.020052
0 0.742361 0.136068 0.109722 0.014323
0 0.740046 0.055599 0.105093 0.014844
0 0.098843 0.161068 0.026389 0.059115
0 0.596528 0.545573 0.095833 0.015625
0 0.170602 0.827734 0.021759 0.064323
0 0.499306 0.124609 0.021759 0.059115
0 0.855787 0.099870 0.058796 0.020052
0 0.117361 0.278255 0.017130 0.059115
0 0.448380 0.602474 0.095833 0.009635
0 0.575231 0.049089 0.071759 0.012240
0 0.570602 0.076432 0.090278 0.009635
0 0.748843 0.297786 0.020833 0.040885
0 0.691435 0.479818 0.081944 0.009115
0 0.968056 0.083984 0.061111 0.009115
0 0.955324 0.226823 0.017130 0.031771
