0 0.538657 0.618099 0.230093 0.046094
0 0.705324 0.151953 0.072685 0.103385
0 0.159028 0.864583 0.193056 0.033854
0 0.095370 0.982031 0.186111 0.034375
0 0.214583 0.414974 0.072685 0.066927
0 0.105787 0.602474 0.123611 0.035677
0 0.892824 0.728776 0.188426 0.022656
0 0.895139 0.633724 0.063426 0.066927
0 0.286343 0.841406 0.058796 0.065625
0 0.774769 0.640234 0.061574 0.059115
0 0.767361 0.094661 0.057870 0.061719
0 0.605787 0.525651 0.151389 0.022656
0 0.777083 0.592057 0.169907 0.020052
0 0.652083 0.801693 0.132870 0.022656
0 0.148611 0.233984 0.042593 0.069531
0 0.503935 0.507422 0.049537 0.059115
0 0.343056 0.532813 0.042593 0.068229
0 0.617361 0.368099 0.091204 0.030469
0 0.346528 0.064714 0.114352 0.022656
0 0.435185 0.438411 0.097222 0.025260
0 0.478472 0.599870 0.044907 0.051302
0 0.415509 0.863932 0.030093 0.069010
0 0.107639 0.858724 0.090278 0.022135
0 0.612731 0.069922 0.109722 0.017448
0 0.883565 0.168880 0.031019 0.059115
0 0.492361 0.568620 0.091204 0.020052
0 0.256944 0.497005 0.027778 0.064323
0 0.105324 0.257422 0.030093 0.059115
0 0.391667 0.350911 0.102778 0.016927
0 0.696065 0.674089 0.035648 0.048698
0 0.361574 0.083594 0.070370 0.023958
0 0.608102 0.289714 0.100463 0.014323
0 0.119676 0.348568 0.021759 0.059115
0 0.619676 0.047786 0.086574 0.014844
0 0.522454 0.226172 0.031019 0.038281
0 0.575694 0.528255 0.091204 0.012240
0 0.466435 0.454036 0.030093 0.035677
0 0.374306 0.041276 0.086574 0.012240
0 0.284028 0.085547 0.081944 0.012240
0 0.290972 0.034505 0.086574 0.009115
0 0.640509 0.414974 0.081944 0.009635
0 0.209491 0.099870 0.016204 0.046094
0 0.090741 0.761979 0.056481 0.010937
0 0.410880 0.920182 0.020833 0.020052
