0 0.128935 0.967708 0.253241 0.063021
0 0.091898 0.983333 0.179167 0.031771
0 0.172917 0.681901 0.072685 0.069531
0 0.084954 0.674089 0.054167 0.085156
0 0.565972 0.573828 0.062500 0.072135
0 0.454167 0.103776 0.116667 0.033073
0 0.765509 0.720964 0.063426 0.059115
0 0.284028 0.371094 0.054167 0.067708
0 0.434491 0.593359 0.123611 0.027865
0 0.493519 0.620443 0.056481 0.055990
0 0.341898 0.862891 0.049537 0.061719
0 0.053241 0.649349 0.046296 0.061719
0 0.288657 0.511328 0.044907 0.061719
0 0.381250 0.755469 0.054167 0.050000
0 0.480787 0.162630 0.086574 0.029948
0 0.390972 0.408464 0.053241 0.048698
0 0.309491 0.849870 0.049537 0.051302
0 0.758565 0.786068 0.049537 0.048698
0 0.068750 0.775391 0.049537 0.048177
0 0.679861 0.581641 0.049537 0.046094
0 0.772454 0.490495 0.049537 0.046094
0 0.223843 0.601172 0.081944 0.027865
0 0.723843 0.729427 0.044907 0.050000
0 0.395139 0.562109 0.128241 0.017448
0 0.145139 0.473568 0.035648 0.059115
0 0.579167 0.637630 0.047222 0.043490
0 0.119676 0.590104 0.077315 0.026562
0 0.667130 0.389974 0.042593 0.048177
0 0.654398 0.498307 0.100463 0.020052
0 0.344213 0.813802 0.128241 0.015625
0 0.959954 0.770443 0.044907 0.043490
0 0.193750 0.092057 0.095833 0.020052
0 0.240046 0.167318 0.031019 0.061198
0 0.366898 0.301693 0.108796 0.017448
0 0.712269 0.607682 0.040278 0.046094
0 0.844213 0.201432 0.072685 0.025260
0 0.566435 0.404557 0.044907 0.040885
0 0.209954 0.222266 0.035648 0.051302
0 0.228009 0.623307 0.090278 0.020052
0 0.513194 0.819922 0.077315 0.022656
0 0.559491 0.299089 0.040278 0.043490
0 0.575694 0.822526 0.035648 0.048698
0 0.256250 0.312109 0.035648 0.048698
0 0.362731 0.476172 0.035648 0.048698
0 0.330324 0.637370 0.035648 0.048177
0 0.450694 0.873307 0.081944 0.020052
0 0.645139 0.641536 0.035648 0.046094
0 0.575694 0.326432 0.081944 0.020052
0 0.395139 0.362891 0.081944 0.020052
0 0.196065 0.573828 0.026389 0.061719
0 0.707639 0.074870 0.095833 0.016927
0 0.510417 0.405859 0.071759 0.022656
0 0.082639 0.355078 0.031019 0.051302
0 0.609954 0.463802 0.039352 0.039583
0 0.760880 0.171484 0.035648 0.043490
0 0.749306 0.101172 0.040278 0.038281
0 0.649769 0.817057 0.035648 0.042969
0 0.318750 0.559505 0.031019 0.048698
0 0.721528 0.629818 0.031019 0.048698
0 0.019676 0.809505 0.034722 0.043490
0 0.214583 0.526953 0.026389 0.056510
0 0.878935 0.493490 0.040278 0.036458
0 0.260880 0.736589 0.081944 0.017448
0 0.758565 0.532161 0.031019 0.046094
0 0.290972 0.847266 0.031019 0.046094
0 0.307176 0.129818 0.081944 0.017448
0 0.536343 0.007422 0.114352 0.012240
0 0.404398 0.385026 0.035648 0.038281
0 0.459954 0.206641 0.026389 0.051302
0 0.251157 0.552083 0.034722 0.039062
0 0.309491 0.278255 0.031019 0.043490
0 0.351157 0.577734 0.077315 0.017448
0 0.513194 0.666276 0.031019 0.043490
0 0.788194 0.530859 0.034722 0.038281
0 0.543287 0.539062 0.072685 0.018229
0 0.484954 0.738932 0.030093 0.042969
0 0.545602 0.727474 0.086574 0.014844
0 0.644676 0.251563 0.034722 0.036979
0 0.922917 0.261328 0.063426 0.020052
0 0.256250 0.878516 0.063426 0.020052
0 0.353472 0.615495 0.063426 0.020052
0 0.679861 0.628516 0.031019 0.040885
0 0.493519 0.420182 0.084259 0.014844
0 0.455324 0.383464 0.063426 0.019531
0 0.455324 0.669531 0.035648 0.034375
0 0.651620 0.126302 0.020833 0.057292
0 0.693750 0.663672 0.031019 0.038281
0 0.165972 0.575130 0.031019 0.038281
0 0.214583 0.817318 0.035648 0.033073
0 0.420602 0.823828 0.058796 0.020052
0 0.520139 0.587500 0.072685 0.016146
0 0.672454 0.202474 0.099537 0.011719
0 0.580324 0.887630 0.091204 0.012240
0 0.255093 0.485286 0.024074 0.046094
0 0.728009 0.676693 0.025463 0.043490
0 0.483102 0.848568 0.063426 0.017448
0 0.078009 0.441016 0.031019 0.035677
0 0.255093 0.455339 0.033333 0.033073
0 0.358102 0.422786 0.026389 0.040885
0 0.663657 0.667578 0.026389 0.040885
0 0.179861 0.244401 0.021759 0.048698
0 0.193750 0.377214 0.021759 0.048698
0 0.579167 0.206641 0.070370 0.014844
0 0.837269 0.635026 0.058796 0.017448
0 0.834954 0.705339 0.026389 0.038281
0 0.165972 0.407161 0.021759 0.046094
0 0.369676 0.649349 0.021759 0.046094
0 0.911343 0.568620 0.021759 0.046094
0 0.145139 0.283203 0.026389 0.037760
0 0.160880 0.666276 0.030093 0.033073
0 0.498843 0.103776 0.030093 0.033073
0 0.174769 0.528255 0.030093 0.033073
0 0.536343 0.563151 0.068056 0.014323
0 0.281713 0.779948 0.031019 0.031250
0 0.471065 0.761068 0.067130 0.014323
0 0.304398 0.688151 0.067130 0.014323
0 0.800231 0.713151 0.021759 0.043490
0 0.503935 0.197526 0.077315 0.012240
0 0.862731 0.095964 0.054167 0.017448
0 0.216898 0.580078 0.021759 0.042969
0 0.295602 0.524089 0.031019 0.029948
0 0.049769 0.633724 0.030093 0.030469
0 0.406250 0.739193 0.020833 0.043490
0 0.820602 0.077734 0.071759 0.012240
0 0.816435 0.403255 0.026389 0.033073
0 0.665972 0.308203 0.058796 0.014844
0 0.319907 0.391536 0.024074 0.035677
0 0.364583 0.380859 0.057870 0.014323
0 0.550231 0.225911 0.021759 0.037760
0 0.132407 0.435547 0.056481 0.014323
0 0.131250 0.750911 0.054167 0.014844
0 0.446065 0.800391 0.054167 0.014844
0 0.552083 0.814714 0.016204 0.048698
0 0.608102 0.534505 0.026389 0.029948
0 0.075231 0.295182 0.016204 0.046094
0 0.274769 0.502214 0.017130 0.043490
0 0.860417 0.263932 0.077315 0.009635
0 0.103472 0.858724 0.017130 0.042969
0 0.661343 0.286068 0.021759 0.033073
0 0.047917 0.375911 0.017130 0.040885
0 0.649769 0.532161 0.017130 0.040885
0 0.172917 0.274349 0.017130 0.040885
0 0.422917 0.227214 0.017130 0.040365
0 0.321065 0.248047 0.017130 0.040365
0 0.057870 0.745443 0.074074 0.009115
0 0.177083 0.561458 0.025463 0.026562
0 0.219213 0.314714 0.054167 0.012240
0 0.730787 0.552995 0.021759 0.030469
0 0.763194 0.295182 0.068056 0.009635
0 0.931713 0.233984 0.053241 0.012240
0 0.403935 0.870443 0.025463 0.024740
0 0.455324 0.719661 0.017130 0.035677
0 0.594213 0.698568 0.017130 0.035156
0 0.740046 0.257161 0.049537 0.011719
0 0.135417 0.688411 0.016204 0.035677
0 0.411343 0.683203 0.058796 0.009635
0 0.193750 0.511328 0.021759 0.025260
0 0.760880 0.763932 0.017130 0.030469
0 0.152083 0.344661 0.012500 0.040885
0 0.552546 0.320964 0.054167 0.009115
0 0.892824 0.231120 0.021759 0.022135
0 0.516667 0.621745 0.019444 0.022135
0 0.770139 0.312109 0.017130 0.022656
0 0.397454 0.127214 0.012500 0.027865
0 0.295602 0.478516 0.049537 0.006510
0 0.552083 0.023047 0.025463 0.007031
