0 0.100694 0.722266 0.057870 0.082552
0 0.044444 0.338151 0.056481 0.074740
0 0.230787 0.215755 0.142130 0.027865
0 0.385880 0.817318 0.118981 0.033073
0 0.463426 0.516536 0.125926 0.030469
0 0.957639 0.152995 0.058796 0.063802
0 0.705324 0.118099 0.054167 0.066927
0 0.619676 0.701432 0.105093 0.030469
0 0.279398 0.601562 0.109722 0.028646
0 0.242361 0.914974 0.146759 0.020052
0 0.149769 0.483984 0.054167 0.053906
0 0.191435 0.560807 0.054167 0.051302
0 0.093750 0.447526 0.053241 0.048698
0 0.323380 0.261328 0.049537 0.051302
0 0.168287 0.441016 0.044907 0.056510
0 0.828009 0.907161 0.095833 0.025260
0 0.837269 0.577734 0.086574 0.027865
0 0.207176 0.816016 0.094907 0.025260
0 0.844907 0.394141 0.046296 0.051302
0 0.566435 0.138281 0.044907 0.050000
0 0.149769 0.310807 0.035648 0.061719
0 0.823380 0.301693 0.040278 0.053906
0 0.216898 0.396745 0.105093 0.020052
0 0.395139 0.490495 0.081944 0.025260
0 0.520139 0.538672 0.091204 0.022656
0 0.917824 0.417578 0.081019 0.025260
0 0.678704 0.827734 0.084259 0.022656
0 0.617361 0.266536 0.072685 0.025260
0 0.260880 0.826432 0.072685 0.025260
0 0.371991 0.597266 0.072685 0.025260
0 0.825694 0.545182 0.044907 0.040885
0 0.390509 0.245703 0.091204 0.020052
0 0.273148 0.648047 0.041667 0.043490
0 0.126620 0.560547 0.072685 0.024740
0 0.175231 0.720964 0.040278 0.043490
0 0.071065 0.648047 0.035648 0.048698
0 0.177546 0.483984 0.035648 0.048698
0 0.816435 0.515234 0.035648 0.048698
0 0.163657 0.614193 0.035648 0.048698
0 0.304861 0.564714 0.031019 0.053906
0 0.455324 0.214453 0.035648 0.046094
0 0.524769 0.810807 0.109722 0.014844
0 0.846528 0.875651 0.040278 0.040365
0 0.271991 0.722266 0.039352 0.040885
0 0.216898 0.456641 0.031019 0.051302
0 0.216898 0.508724 0.105093 0.014844
0 0.834954 0.351172 0.035648 0.043490
0 0.258565 0.201432 0.077315 0.020052
0 0.214583 0.236328 0.091204 0.016927
0 0.656250 0.649349 0.076389 0.020052
0 0.624306 0.582943 0.021759 0.069531
0 0.040509 0.137630 0.067130 0.022656
0 0.591898 0.202734 0.031019 0.048698
0 0.846065 0.424089 0.039352 0.038281
0 0.316435 0.459245 0.026389 0.056510
0 0.443750 0.558854 0.031019 0.047396
0 0.284028 0.430599 0.035648 0.040885
0 0.481944 0.233984 0.033333 0.043490
0 0.260417 0.334635 0.034722 0.041667
0 0.237731 0.554297 0.026389 0.053906
0 0.230787 0.531901 0.031019 0.045573
0 0.188657 0.316016 0.030093 0.046094
0 0.192130 0.259375 0.064815 0.021354
0 0.515509 0.726823 0.072685 0.018750
0 0.936806 0.532161 0.026389 0.051302
0 0.024769 0.579036 0.026389 0.051302
0 0.488889 0.138932 0.037963 0.035677
0 0.772454 0.559245 0.031019 0.042969
0 0.115046 0.552734 0.068056 0.019531
0 0.315972 0.622656 0.025463 0.050000
0 0.660880 0.766536 0.085648 0.014844
0 0.270139 0.534766 0.063426 0.020052
0 0.027083 0.506120 0.031019 0.040885
0 0.270139 0.486589 0.072685 0.017448
0 0.078009 0.818620 0.031019 0.040885
0 0.561806 0.605078 0.081944 0.014844
0 0.235417 0.150651 0.031019 0.038281
0 0.922917 0.278255 0.035648 0.033073
0 0.216898 0.728776 0.021759 0.053906
0 0.427546 0.338151 0.026389 0.043490
0 0.385880 0.114193 0.063426 0.017448
0 0.297917 0.862891 0.026389 0.040885
0 0.179861 0.276042 0.058796 0.018229
0 0.283565 0.791016 0.062500 0.016927
0 0.390046 0.693620 0.025463 0.040885
0 0.817593 0.465755 0.084259 0.012240
0 0.897454 0.590755 0.058796 0.017448
0 0.494676 0.506120 0.068056 0.014844
0 0.267361 0.319661 0.020833 0.048177
0 0.897454 0.326432 0.021759 0.046094
0 0.376620 0.835547 0.081944 0.012240
0 0.455324 0.759766 0.026389 0.037760
0 0.466435 0.543620 0.030093 0.032552
0 0.619676 0.676693 0.021759 0.043490
0 0.207639 0.124609 0.077315 0.012240
0 0.235417 0.260026 0.077315 0.012240
0 0.385880 0.082943 0.054167 0.017448
0 0.483102 0.891536 0.063426 0.014844
0 0.214583 0.326432 0.026389 0.035677
0 0.605787 0.352214 0.031019 0.029948
0 0.502778 0.843359 0.075000 0.012240
0 0.080324 0.850521 0.081944 0.010937
0 0.888194 0.571224 0.021759 0.040885
0 0.131250 0.226172 0.072685 0.012240
0 0.515509 0.872005 0.026389 0.033073
0 0.909028 0.530859 0.017130 0.048698
0 0.267824 0.089453 0.086574 0.009635
0 0.781713 0.411068 0.021759 0.038281
0 0.212269 0.799089 0.068056 0.012240
0 0.939120 0.210547 0.068056 0.012240
0 0.360417 0.556901 0.021759 0.038281
0 0.402083 0.559245 0.021759 0.037760
0 0.953009 0.322266 0.021759 0.037760
0 0.959954 0.469661 0.026389 0.030469
0 0.655556 0.361589 0.028704 0.027865
0 0.418287 0.584245 0.017130 0.046094
0 0.885880 0.088151 0.063426 0.012240
0 0.825694 0.814714 0.063426 0.012240
0 0.763194 0.586589 0.021759 0.035156
0 0.309028 0.509375 0.067130 0.010937
0 0.682176 0.405859 0.026389 0.027865
0 0.302083 0.231120 0.062500 0.011719
0 0.253935 0.250651 0.049537 0.014323
0 0.230787 0.733724 0.021759 0.032552
0 0.262731 0.275651 0.057870 0.012240
0 0.594213 0.821224 0.072685 0.009635
0 0.973843 0.370703 0.017130 0.040885
0 0.227315 0.355078 0.014815 0.046094
0 0.705324 0.807943 0.072685 0.009115
0 0.561806 0.555599 0.044907 0.014844
0 0.459954 0.692318 0.017130 0.038281
0 0.730787 0.651953 0.068056 0.009635
0 0.214120 0.604818 0.016204 0.040365
0 0.052546 0.527995 0.017130 0.037760
0 0.043287 0.735286 0.017130 0.035677
0 0.543287 0.224870 0.063426 0.009635
0 0.024769 0.321224 0.017130 0.035677
0 0.196065 0.425391 0.017130 0.035677
0 0.619676 0.239193 0.021759 0.027865
0 0.865046 0.343359 0.021759 0.027865
0 0.233102 0.317318 0.017130 0.033073
0 0.362731 0.226172 0.017130 0.033073
0 0.713426 0.550781 0.014815 0.036458
0 0.495833 0.779557 0.014815 0.035677
0 0.094213 0.761328 0.017130 0.030469
0 0.529398 0.013932 0.054167 0.009635
0 0.417130 0.541927 0.014815 0.034375
0 0.649769 0.379818 0.017130 0.027865
0 0.339120 0.648047 0.016204 0.027865
0 0.626157 0.084245 0.043981 0.009635
0 0.549769 0.079036 0.020833 0.020052
0 0.958796 0.270443 0.014815 0.027865
0 0.290972 0.394141 0.012500 0.030469
0 0.434028 0.541927 0.011574 0.029167
0 0.974306 0.004167 0.048611 0.005729
