0 0.309491 0.666927 0.068056 0.070833
0 0.552546 0.387630 0.118981 0.038281
0 0.584954 0.902214 0.063426 0.066406
0 0.071065 0.658464 0.054167 0.074740
0 0.568750 0.492839 0.132870 0.029948
0 0.735417 0.227474 0.105093 0.035677
0 0.234954 0.861589 0.150463 0.022656
0 0.110417 0.226823 0.114352 0.029167
0 0.806713 0.912370 0.108796 0.030469
0 0.290972 0.353776 0.058796 0.053906
0 0.788657 0.537109 0.118981 0.024740
0 0.307176 0.275000 0.128241 0.021354
0 0.902083 0.460547 0.049537 0.053906
0 0.165972 0.632682 0.049537 0.053385
0 0.561806 0.157161 0.091204 0.025260
0 0.700694 0.801693 0.081944 0.027865
0 0.284028 0.794922 0.091204 0.024740
0 0.420602 0.378516 0.086574 0.025260
0 0.762731 0.267839 0.039352 0.053906
0 0.533565 0.118490 0.081019 0.026042
0 0.534028 0.825130 0.118981 0.017448
0 0.046759 0.270443 0.042593 0.048698
0 0.409028 0.769141 0.044907 0.046094
0 0.649769 0.274349 0.044907 0.046094
0 0.080324 0.253516 0.081944 0.025260
0 0.626157 0.606380 0.090278 0.022656
0 0.244213 0.753516 0.039352 0.051302
0 0.265509 0.584245 0.100463 0.020052
0 0.049074 0.011979 0.093519 0.021354
0 0.665972 0.302083 0.040278 0.049479
0 0.146991 0.793880 0.113426 0.017448
0 0.679861 0.200130 0.040278 0.048698
0 0.267824 0.530859 0.040278 0.048698
0 0.862731 0.710547 0.044907 0.043490
0 0.175231 0.176432 0.040278 0.048177
0 0.378472 0.162370 0.094907 0.020052
0 0.223843 0.166276 0.081944 0.022656
0 0.878935 0.125260 0.077315 0.023958
0 0.790972 0.330339 0.031019 0.059115
0 0.385880 0.605078 0.072685 0.025260
0 0.413657 0.586849 0.044907 0.040885
0 0.455324 0.162370 0.044907 0.040885
0 0.844213 0.237891 0.091204 0.020052
0 0.469213 0.724219 0.035648 0.050000
0 0.790972 0.460547 0.077315 0.022656
0 0.286343 0.877214 0.077315 0.022656
0 0.818750 0.666016 0.040278 0.042969
0 0.355787 0.329688 0.040278 0.042188
0 0.394676 0.272786 0.034722 0.048177
0 0.584954 0.554297 0.072685 0.022656
0 0.682176 0.455339 0.072685 0.022656
0 0.515509 0.106380 0.072685 0.022656
0 0.955324 0.750911 0.035648 0.046094
0 0.027083 0.676693 0.021759 0.074740
0 0.473843 0.797786 0.109722 0.014844
0 0.667824 0.849870 0.081019 0.020052
0 0.913657 0.796484 0.091204 0.017448
0 0.328009 0.602474 0.031019 0.051302
0 0.234259 0.427995 0.037963 0.040885
0 0.878935 0.546484 0.040278 0.038281
0 0.883565 0.403255 0.040278 0.038281
0 0.698380 0.463151 0.068056 0.022656
0 0.100694 0.283464 0.039352 0.038281
0 0.909028 0.587500 0.035648 0.042188
0 0.737731 0.201823 0.035648 0.041667
0 0.082176 0.879818 0.030093 0.048698
0 0.659028 0.388281 0.026389 0.055208
0 0.061806 0.146745 0.035648 0.040885
0 0.737731 0.281901 0.035648 0.040365
0 0.891204 0.288672 0.037037 0.038281
0 0.042130 0.381120 0.070370 0.020052
0 0.890509 0.661719 0.035648 0.039583
0 0.699537 0.498047 0.098148 0.014323
0 0.089583 0.468359 0.035648 0.038281
0 0.650926 0.673438 0.028704 0.047396
0 0.478472 0.636328 0.026389 0.051302
0 0.920139 0.620703 0.067130 0.020052
0 0.455324 0.624349 0.035648 0.037760
0 0.403935 0.648047 0.034722 0.038281
0 0.885880 0.187760 0.026389 0.050000
0 0.163194 0.349870 0.025463 0.051302
0 0.936806 0.282161 0.063426 0.020052
0 0.603472 0.664974 0.063426 0.020052
0 0.234259 0.233984 0.028704 0.043490
0 0.200694 0.399089 0.063426 0.019531
0 0.584954 0.317057 0.072685 0.016927
0 0.948380 0.557552 0.031019 0.039583
0 0.051389 0.408464 0.070370 0.017448
0 0.117361 0.855078 0.026389 0.046094
0 0.390509 0.317969 0.063426 0.018750
0 0.323380 0.921484 0.068056 0.017448
0 0.640509 0.729818 0.081944 0.014323
0 0.059491 0.475911 0.031019 0.037760
0 0.020139 0.892839 0.026389 0.043490
0 0.418287 0.694922 0.026389 0.043490
0 0.552546 0.671484 0.091204 0.012240
0 0.428704 0.917578 0.075000 0.014844
0 0.126620 0.210547 0.063426 0.017448
0 0.325694 0.122005 0.063426 0.017448
0 0.367361 0.148047 0.063426 0.017448
0 0.714120 0.264974 0.025463 0.042969
0 0.061343 0.296484 0.062500 0.017448
0 0.696065 0.204036 0.026389 0.040885
0 0.900926 0.851172 0.084259 0.012240
0 0.719213 0.429297 0.081944 0.012240
0 0.853472 0.624349 0.026389 0.037760
0 0.733102 0.707682 0.081944 0.011719
0 0.969213 0.191406 0.026389 0.036458
0 0.284028 0.409766 0.063426 0.014844
0 0.469213 0.808203 0.063426 0.014844
0 0.399769 0.498307 0.026389 0.035677
0 0.799769 0.903255 0.076389 0.012240
0 0.681713 0.171484 0.053241 0.017448
0 0.839120 0.175391 0.062500 0.014844
0 0.112731 0.718099 0.054167 0.016927
0 0.237269 0.490495 0.025463 0.035677
0 0.475694 0.455339 0.020833 0.043490
0 0.948380 0.245052 0.031019 0.029167
0 0.943750 0.519141 0.021759 0.040885
0 0.258565 0.677995 0.021759 0.040885
0 0.746528 0.135026 0.071759 0.012240
0 0.316435 0.299089 0.026389 0.033073
0 0.885880 0.478776 0.026389 0.033073
0 0.420602 0.888932 0.058796 0.014844
0 0.093750 0.905859 0.025463 0.033073
0 0.226157 0.125911 0.086574 0.009635
0 0.133565 0.157161 0.086574 0.009635
0 0.219213 0.149349 0.054167 0.014844
0 0.263194 0.613281 0.021759 0.036458
0 0.885880 0.154557 0.081944 0.009635
0 0.844213 0.679297 0.063426 0.012240
0 0.260880 0.201172 0.081944 0.009115
0 0.198380 0.868099 0.077315 0.009635
0 0.786343 0.577474 0.021759 0.032552
0 0.195370 0.227474 0.023148 0.030469
0 0.719213 0.605078 0.017130 0.040885
0 0.802546 0.086849 0.072685 0.009635
0 0.691435 0.604818 0.017130 0.040365
0 0.242361 0.456380 0.072685 0.009115
0 0.561806 0.576172 0.072685 0.009115
0 0.918287 0.204036 0.044907 0.014844
0 0.279861 0.143880 0.071759 0.009115
0 0.203009 0.193359 0.021759 0.029948
0 0.387037 0.237891 0.065741 0.009635
0 0.913657 0.691016 0.017130 0.035677
0 0.638194 0.179297 0.021759 0.027865
0 0.953009 0.327474 0.021759 0.027344
0 0.366898 0.620443 0.016204 0.035156
0 0.610417 0.631120 0.058796 0.009635
0 0.709954 0.283464 0.017130 0.033073
0 0.036343 0.425391 0.021759 0.025260
0 0.665972 0.862630 0.058796 0.009115
0 0.464583 0.138932 0.017130 0.030469
0 0.652083 0.120703 0.049537 0.009635
0 0.809491 0.214193 0.047685 0.009115
0 0.832639 0.562109 0.058796 0.007031
0 0.659028 0.243099 0.035648 0.009635
0 0.008565 0.256120 0.012500 0.020052
0 0.174769 0.810547 0.011574 0.019531
