0 0.876620 0.115495 0.202315 0.066927
0 0.543287 0.615495 0.230093 0.046094
0 0.134259 0.455339 0.069444 0.090365
0 0.429861 0.190755 0.123611 0.029948
0 0.689120 0.349870 0.114352 0.030469
0 0.944907 0.084245 0.107407 0.030469
0 0.209954 0.356380 0.054167 0.053906
0 0.205324 0.475521 0.044907 0.057813
0 0.140046 0.526953 0.043981 0.056510
0 0.080324 0.239193 0.035648 0.069531
0 0.966898 0.362630 0.040278 0.061198
0 0.336111 0.482031 0.084259 0.029167
0 0.981944 0.339453 0.033333 0.072135
0 0.934491 0.635026 0.031019 0.074740
0 0.656713 0.215104 0.086574 0.026562
0 0.112731 0.211849 0.035648 0.061719
0 0.573380 0.112240 0.086574 0.023958
0 0.427546 0.066016 0.128241 0.014844
0 0.983102 0.507422 0.026389 0.069531
0 0.737269 0.662370 0.034722 0.051302
0 0.466435 0.465495 0.039352 0.042969
0 0.473380 0.420182 0.081019 0.020052
0 0.373843 0.792318 0.104167 0.014323
0 0.860417 0.451432 0.031019 0.046094
0 0.197222 0.284115 0.075000 0.018750
0 0.091898 0.544531 0.031019 0.044792
0 0.135880 0.292578 0.026389 0.051302
0 0.279398 0.111589 0.072685 0.017448
0 0.355787 0.532161 0.021759 0.056510
0 0.543287 0.068620 0.081944 0.014844
0 0.571065 0.658203 0.100463 0.011719
0 0.663657 0.125911 0.072685 0.014844
0 0.552546 0.047786 0.063426 0.014844
0 0.814120 0.087891 0.077315 0.011719
0 0.707639 0.215755 0.021759 0.038281
0 0.661343 0.735938 0.021759 0.036979
0 0.478472 0.131120 0.081944 0.009635
0 0.070602 0.408203 0.016204 0.042969
0 0.256250 0.638932 0.063426 0.009635
0 0.400926 0.069922 0.075000 0.007031
