0 0.868056 0.873307 0.120370 0.108594
0 0.934028 0.731120 0.057870 0.084635
0 0.727315 0.456641 0.107407 0.035677
0 0.578009 0.498307 0.105093 0.035677
0 0.142824 0.809505 0.049537 0.064323
0 0.869676 0.761068 0.040278 0.076823
0 0.325231 0.422135 0.053241 0.055208
0 0.075694 0.619401 0.054167 0.053906
0 0.540509 0.463151 0.122685 0.022656
0 0.892824 0.903906 0.049537 0.050000
0 0.330324 0.610286 0.091204 0.025260
0 0.640509 0.073828 0.044907 0.051302
0 0.744676 0.822526 0.095833 0.022656
0 0.228472 0.616536 0.035648 0.058594
0 0.670602 0.664974 0.040278 0.051302
0 0.707176 0.388932 0.039352 0.051302
0 0.167824 0.262630 0.043981 0.043490
0 0.850694 0.046224 0.039352 0.048177
0 0.575694 0.431901 0.081944 0.022656
0 0.534028 0.818620 0.044907 0.040885
0 0.977315 0.076432 0.042593 0.040885
0 0.781250 0.887630 0.076389 0.022656
0 0.174769 0.765234 0.030093 0.048698
0 0.047917 0.305599 0.035648 0.035677
0 0.279398 0.166276 0.100463 0.012240
0 0.392824 0.698828 0.021759 0.056510
0 0.536343 0.536068 0.095833 0.012240
0 0.207176 0.575130 0.067130 0.017448
0 0.270139 0.202734 0.063426 0.017448
0 0.784028 0.899349 0.072685 0.014844
0 0.617361 0.107422 0.072685 0.014323
0 0.763194 0.026953 0.068056 0.014844
0 0.778935 0.857682 0.062500 0.014844
0 0.986574 0.387630 0.024074 0.038281
0 0.017824 0.612891 0.021759 0.035677
0 0.600694 0.909766 0.048611 0.014844
0 0.682176 0.144141 0.017130 0.040885
0 0.065972 0.779557 0.016204 0.040885
0 0.603472 0.887630 0.054167 0.012240
0 0.649769 0.426953 0.017130 0.037760
0 0.098843 0.993099 0.044907 0.009635
