0 0.899769 0.706380 0.063426 0.071615
0 0.165509 0.425130 0.067130 0.066406
0 0.374306 0.400651 0.068056 0.064323
0 0.796759 0.537109 0.061111 0.066406
0 0.970370 0.475911 0.056481 0.069010
0 0.267824 0.465755 0.114352 0.033073
0 0.890509 0.076432 0.183796 0.020052
0 0.716898 0.503516 0.058796 0.061719
0 0.341898 0.222917 0.058796 0.057813
0 0.469213 0.521745 0.054167 0.056510
0 0.612731 0.601172 0.054167 0.053906
0 0.895139 0.796484 0.128241 0.022656
0 0.730787 0.443880 0.040278 0.071615
0 0.108102 0.344661 0.044907 0.061719
0 0.524769 0.124349 0.100463 0.027344
0 0.699537 0.556901 0.051852 0.048698
0 0.586806 0.516536 0.039352 0.056510
0 0.902083 0.588151 0.040278 0.053906
0 0.696065 0.364583 0.091204 0.023438
0 0.490741 0.579036 0.097222 0.020052
0 0.538657 0.650651 0.026389 0.069531
0 0.640509 0.063411 0.091204 0.020052
0 0.360417 0.350521 0.031019 0.057813
0 0.353472 0.077734 0.100463 0.017448
0 0.355787 0.049089 0.095833 0.017448
0 0.445602 0.776953 0.081019 0.020052
0 0.337269 0.856380 0.040278 0.038281
0 0.495833 0.637630 0.024074 0.059115
0 0.131250 0.233984 0.026389 0.048698
0 0.527083 0.160807 0.105093 0.011719
0 0.677546 0.258724 0.081944 0.014844
0 0.226157 0.284766 0.077315 0.014844
0 0.877778 0.801693 0.093519 0.012240
0 0.355787 0.107682 0.021759 0.051302
0 0.142824 0.116536 0.021759 0.048177
0 0.543287 0.054297 0.081944 0.012240
0 0.543287 0.036068 0.081944 0.012240
0 0.429861 0.569922 0.021759 0.043490
0 0.198380 0.059505 0.068056 0.012240
0 0.054861 0.206380 0.012500 0.029948
