0 0.538657 0.619401 0.230093 0.048698
0 0.094213 0.676693 0.156019 0.038281
0 0.851157 0.256120 0.132870 0.040885
0 0.926389 0.427083 0.144444 0.028646
0 0.268981 0.508724 0.135185 0.030469
0 0.286343 0.530859 0.095833 0.033073
0 0.874306 0.150651 0.049537 0.059115
0 0.505787 0.410807 0.053241 0.053385
0 0.846528 0.111589 0.123611 0.022656
0 0.979630 0.145182 0.037963 0.069010
0 0.911343 0.898047 0.114352 0.022656
0 0.981944 0.651693 0.033333 0.071615
0 0.200694 0.271745 0.118981 0.020052
0 0.211111 0.823828 0.037963 0.061719
0 0.550231 0.382422 0.040278 0.053906
0 0.223843 0.207943 0.035648 0.053906
0 0.932176 0.481380 0.100463 0.017448
0 0.119676 0.753516 0.040278 0.040885
0 0.159028 0.696224 0.109722 0.014844
0 0.237269 0.512630 0.071759 0.022656
0 0.508565 0.343359 0.123611 0.012240
0 0.726157 0.197526 0.086574 0.017448
0 0.443750 0.179036 0.021759 0.069010
0 0.948380 0.149089 0.021759 0.066406
0 0.359954 0.573828 0.020833 0.061719
0 0.901620 0.193620 0.057870 0.020052
0 0.862731 0.142839 0.026389 0.043490
0 0.821065 0.219401 0.026389 0.040365
0 0.374306 0.153255 0.021759 0.048698
0 0.050231 0.735286 0.021759 0.046094
0 0.922917 0.222266 0.100463 0.009635
0 0.804861 0.456641 0.095833 0.009635
0 0.212269 0.901953 0.058796 0.009635
0 0.869676 0.857682 0.049537 0.009635
