0 0.552546 0.577734 0.054167 0.105990
0 0.640509 0.242448 0.128241 0.044792
0 0.522454 0.287370 0.123611 0.040885
0 0.307176 0.615495 0.193056 0.025260
0 0.177546 0.362240 0.063426 0.065625
0 0.723843 0.243099 0.063426 0.061719
0 0.678704 0.508464 0.102778 0.035156
0 0.316435 0.741146 0.054167 0.063021
0 0.388194 0.782161 0.058796 0.056510
0 0.356481 0.559505 0.097222 0.033073
0 0.634722 0.491146 0.098148 0.031771
0 0.152083 0.168229 0.142130 0.021354
0 0.561806 0.228776 0.054167 0.053906
0 0.209954 0.361589 0.054167 0.053906
0 0.826852 0.237891 0.056481 0.051302
0 0.246528 0.205339 0.053241 0.053906
0 0.397454 0.831641 0.142130 0.020052
0 0.473843 0.758073 0.118981 0.023958
0 0.441435 0.526953 0.091204 0.030469
0 0.909028 0.448828 0.054167 0.051302
0 0.380093 0.657161 0.042593 0.061719
0 0.609954 0.676693 0.113426 0.022656
0 0.365046 0.749349 0.040278 0.063802
0 0.800231 0.631120 0.049537 0.051302
0 0.584954 0.568620 0.044907 0.056510
0 0.522454 0.801693 0.049537 0.048698
0 0.156250 0.137630 0.085648 0.027865
0 0.661343 0.528255 0.105093 0.022656
0 0.189120 0.650000 0.040278 0.057813
0 0.103009 0.636328 0.034722 0.066927
0 0.814120 0.821224 0.114352 0.020052
0 0.193750 0.263932 0.049537 0.046094
0 0.603472 0.187109 0.081944 0.027865
0 0.730324 0.709245 0.113426 0.020052
0 0.351157 0.490495 0.040278 0.056510
0 0.874306 0.252865 0.049537 0.044792
0 0.858102 0.321224 0.035648 0.061719
0 0.875463 0.550130 0.088889 0.024740
0 0.830324 0.898047 0.044907 0.048698
0 0.740046 0.648047 0.040278 0.053906
0 0.471528 0.720964 0.095833 0.022656
0 0.285185 0.740495 0.037963 0.056510
0 0.383565 0.193620 0.031019 0.066927
0 0.405556 0.593099 0.047222 0.042969
0 0.811806 0.576432 0.100463 0.020052
0 0.733102 0.163672 0.044907 0.043490
0 0.244676 0.865495 0.077315 0.025260
0 0.300231 0.456641 0.095833 0.020052
0 0.853472 0.587500 0.044907 0.042188
0 0.945602 0.210547 0.034722 0.053906
0 0.442130 0.110286 0.074074 0.025260
0 0.528241 0.705729 0.079630 0.023438
0 0.138194 0.831641 0.040278 0.046094
0 0.786343 0.406901 0.040278 0.045573
0 0.399769 0.133724 0.072685 0.025260
0 0.723843 0.300391 0.044907 0.040885
0 0.250463 0.612891 0.088889 0.020052
0 0.279398 0.661719 0.072685 0.023958
0 0.649769 0.741797 0.035648 0.048698
0 0.117361 0.568620 0.081944 0.020052
0 0.540972 0.731380 0.132870 0.012240
0 0.330324 0.659766 0.026389 0.061719
0 0.455324 0.402604 0.100463 0.016146
0 0.899769 0.104818 0.035648 0.045573
0 0.663194 0.370703 0.034722 0.046094
0 0.233102 0.322526 0.091204 0.017448
0 0.105787 0.438411 0.031019 0.051302
0 0.640509 0.304297 0.026389 0.059115
0 0.047917 0.528255 0.035648 0.043490
0 0.855787 0.159766 0.077315 0.020052
0 0.654398 0.582943 0.035648 0.043490
0 0.707639 0.530859 0.068056 0.022656
0 0.050231 0.470964 0.040278 0.038281
0 0.767824 0.317318 0.040278 0.038281
0 0.569907 0.464453 0.033333 0.046094
0 0.539815 0.420443 0.037963 0.040365
0 0.688657 0.733984 0.067130 0.022656
0 0.450694 0.368099 0.026389 0.056510
0 0.691435 0.370703 0.035648 0.040885
0 0.214583 0.709245 0.072685 0.020052
0 0.126157 0.766536 0.034722 0.040885
0 0.241898 0.289974 0.034722 0.040885
0 0.753935 0.895443 0.021759 0.064323
0 0.480787 0.640234 0.021759 0.064323
0 0.217361 0.446224 0.039352 0.035677
0 0.506250 0.379818 0.035648 0.038281
0 0.941435 0.377214 0.035648 0.038281
0 0.756250 0.566016 0.091204 0.014844
0 0.948380 0.849609 0.068056 0.019531
0 0.437963 0.542578 0.065741 0.020052
0 0.802083 0.348307 0.034722 0.037760
0 0.425231 0.327474 0.077315 0.016927
0 0.142824 0.536979 0.031019 0.041667
0 0.294444 0.414714 0.065741 0.019531
0 0.293287 0.795182 0.063426 0.020052
0 0.589583 0.808203 0.063426 0.020052
0 0.597222 0.611979 0.032407 0.039062
0 0.608102 0.558854 0.026389 0.047396
0 0.159028 0.358073 0.026389 0.046875
0 0.610417 0.684245 0.105093 0.011719
0 0.093750 0.308203 0.034722 0.035677
0 0.417130 0.693620 0.061111 0.020052
0 0.293287 0.391536 0.081944 0.014844
0 0.589583 0.149349 0.026389 0.046094
0 0.332639 0.253516 0.058796 0.020052
0 0.453009 0.796484 0.021759 0.053906
0 0.265509 0.254818 0.035648 0.033073
0 0.906713 0.919922 0.058796 0.019531
0 0.820602 0.093359 0.034722 0.033073
0 0.405556 0.437109 0.065741 0.017448
0 0.786343 0.737891 0.021759 0.051302
0 0.703009 0.180599 0.031019 0.035677
0 0.196065 0.153255 0.063426 0.017448
0 0.034028 0.646745 0.026389 0.040885
0 0.409028 0.287370 0.072685 0.014844
0 0.744213 0.300391 0.030093 0.035677
0 0.941435 0.804036 0.063426 0.016927
0 0.598843 0.289714 0.026389 0.040365
0 0.306019 0.541276 0.061111 0.017448
0 0.184491 0.756771 0.031019 0.034375
0 0.758565 0.655859 0.086574 0.012240
0 0.078704 0.291276 0.060185 0.017448
0 0.664815 0.292969 0.028704 0.036458
0 0.874306 0.092057 0.021759 0.046094
0 0.719213 0.410807 0.026389 0.037760
0 0.703009 0.326172 0.021759 0.045573
0 0.325231 0.463151 0.081019 0.012240
0 0.596528 0.752214 0.077315 0.012240
0 0.277083 0.372005 0.077315 0.012240
0 0.596528 0.329036 0.031019 0.030469
0 0.367361 0.099870 0.063426 0.014844
0 0.441435 0.738932 0.054167 0.016927
0 0.712269 0.204036 0.021759 0.040885
0 0.119676 0.709245 0.021759 0.040885
0 0.885880 0.892839 0.072685 0.012240
0 0.633565 0.571224 0.021759 0.040885
0 0.316435 0.904557 0.091204 0.009635
0 0.774769 0.102474 0.017130 0.051302
0 0.325231 0.314714 0.071759 0.012240
0 0.633565 0.715104 0.077315 0.010937
0 0.142361 0.192318 0.030093 0.027865
0 0.540972 0.463151 0.021759 0.038281
0 0.596065 0.707682 0.048611 0.016927
0 0.517824 0.909505 0.086574 0.009115
0 0.043287 0.612891 0.017130 0.046094
0 0.427083 0.224870 0.025463 0.030469
0 0.594213 0.893880 0.054167 0.014323
0 0.630787 0.636328 0.025463 0.030469
0 0.820602 0.323568 0.025463 0.029948
0 0.340278 0.546224 0.064815 0.011719
0 0.943750 0.829036 0.077315 0.009635
0 0.901620 0.297526 0.020833 0.035156
0 0.730787 0.770443 0.021759 0.033073
0 0.642824 0.117839 0.077315 0.009115
0 0.751157 0.345964 0.025463 0.027865
0 0.890509 0.615495 0.017130 0.040885
0 0.344213 0.513932 0.072685 0.009635
0 0.415972 0.700781 0.049537 0.013542
0 0.862731 0.529557 0.026389 0.025260
0 0.936806 0.131120 0.026389 0.025260
0 0.885880 0.502214 0.017130 0.038281
0 0.256250 0.345964 0.017130 0.038281
0 0.281713 0.615234 0.068056 0.009115
0 0.089583 0.881120 0.063426 0.009635
0 0.024769 0.566016 0.017130 0.035677
0 0.108102 0.516536 0.017130 0.035677
0 0.404398 0.250260 0.017130 0.034375
0 0.571065 0.276302 0.017130 0.034375
0 0.844213 0.093359 0.017130 0.033073
0 0.260880 0.533203 0.017130 0.032552
0 0.866898 0.663672 0.016204 0.033073
0 0.399306 0.366797 0.016204 0.033073
0 0.913657 0.607682 0.017130 0.030469
0 0.510417 0.743099 0.053241 0.009635
0 0.698380 0.434245 0.021759 0.022135
0 0.399306 0.739583 0.016204 0.028646
0 0.153935 0.494141 0.016204 0.027344
0 0.605787 0.506120 0.021759 0.020052
0 0.552546 0.866536 0.063426 0.006510
0 0.961806 0.458594 0.011574 0.034375
