0 0.538657 0.616797 0.220833 0.043490
0 0.344907 0.414062 0.083333 0.111979
0 0.679861 0.822526 0.123611 0.038281
0 0.853472 0.125911 0.146759 0.030469
0 0.744676 0.839453 0.058796 0.072135
0 0.533565 0.844661 0.053241 0.077344
0 0.263194 0.076432 0.114352 0.035677
0 0.840741 0.201432 0.112037 0.035677
0 0.700231 0.240495 0.062500 0.061719
0 0.246991 0.705339 0.063426 0.059115
0 0.158565 0.720964 0.043981 0.079948
0 0.355787 0.267578 0.058796 0.053385
0 0.165972 0.581641 0.049537 0.061719
0 0.954167 0.095703 0.042593 0.058594
0 0.841898 0.173828 0.049537 0.048177
0 0.925231 0.194922 0.132870 0.017448
0 0.633565 0.124609 0.123611 0.017448
0 0.719213 0.866797 0.035648 0.059115
0 0.366204 0.446875 0.042593 0.047396
0 0.670602 0.071615 0.077315 0.026042
0 0.892824 0.806901 0.040278 0.048698
0 0.584491 0.311849 0.043981 0.042969
0 0.598843 0.073828 0.072685 0.025260
0 0.321065 0.383464 0.035648 0.050781
0 0.981944 0.215755 0.033333 0.053906
0 0.439120 0.279557 0.031019 0.056510
0 0.862731 0.089193 0.081944 0.019531
0 0.890509 0.010026 0.091204 0.017448
0 0.147454 0.487891 0.105093 0.014844
0 0.976157 0.866146 0.031019 0.047396
0 0.895139 0.170182 0.072685 0.020052
0 0.806713 0.373307 0.025463 0.056510
0 0.478472 0.046484 0.081944 0.017448
0 0.803704 0.105078 0.093519 0.014844
0 0.084954 0.658203 0.081944 0.016927
0 0.601157 0.045182 0.068056 0.020052
0 0.979630 0.149349 0.037963 0.035677
0 0.774769 0.138932 0.081944 0.014844
0 0.256250 0.542578 0.026389 0.046094
0 0.466898 0.082943 0.068056 0.017448
0 0.675231 0.043880 0.068056 0.017448
0 0.258565 0.431901 0.021759 0.048698
0 0.478472 0.062109 0.081944 0.012240
0 0.929861 0.576432 0.021759 0.040885
0 0.881250 0.590755 0.026389 0.033073
0 0.709954 0.189714 0.063426 0.012240
0 0.061343 0.620443 0.025463 0.029948
0 0.431713 0.736328 0.062500 0.006510
0 0.101157 0.993099 0.040278 0.009635
