0 0.564120 0.107682 0.206944 0.061719
0 0.863889 0.637630 0.093519 0.095573
0 0.532407 0.689453 0.143519 0.048177
0 0.940278 0.259375 0.061111 0.083854
0 0.193750 0.375911 0.068056 0.072135
0 0.837269 0.758073 0.068056 0.070833
0 0.770139 0.883724 0.109722 0.035677
0 0.752083 0.556901 0.062500 0.059115
0 0.972685 0.484375 0.051852 0.065104
0 0.807176 0.629818 0.044907 0.074740
0 0.765509 0.513281 0.044907 0.073438
0 0.970370 0.551432 0.056481 0.053385
0 0.834954 0.813151 0.118981 0.024740
0 0.459954 0.218359 0.054167 0.053906
0 0.834954 0.619401 0.044907 0.064323
0 0.453009 0.572526 0.049537 0.053906
0 0.578009 0.611589 0.049537 0.053906
0 0.951852 0.069922 0.093519 0.027865
0 0.115046 0.285807 0.040278 0.063802
0 0.825694 0.129818 0.091204 0.027865
0 0.865046 0.698828 0.123611 0.020052
0 0.448380 0.627865 0.049537 0.050000
0 0.418287 0.772786 0.109722 0.022135
0 0.573380 0.536328 0.040278 0.058594
0 0.587269 0.685547 0.049537 0.045573
0 0.981944 0.638932 0.033333 0.066927
0 0.958796 0.745703 0.042593 0.051302
0 0.703009 0.598568 0.040278 0.053906
0 0.242361 0.381120 0.081944 0.025260
0 0.112731 0.681901 0.044907 0.043490
0 0.939120 0.106380 0.105093 0.017448
0 0.571065 0.047786 0.118981 0.014844
0 0.515509 0.502214 0.026389 0.064323
0 0.496991 0.663021 0.026389 0.063021
0 0.874306 0.192318 0.132870 0.012240
0 0.890509 0.010026 0.091204 0.017448
0 0.605787 0.132422 0.123611 0.012240
0 0.216898 0.097266 0.031019 0.046094
0 0.984259 0.206380 0.028704 0.045573
0 0.510880 0.706380 0.091204 0.014323
0 0.369676 0.340755 0.021759 0.053906
0 0.582639 0.063411 0.077315 0.014844
0 0.124306 0.326432 0.021759 0.051302
0 0.378935 0.834245 0.031019 0.035677
0 0.822222 0.819661 0.093519 0.011719
0 0.272454 0.192318 0.021759 0.048698
0 0.387037 0.170833 0.093519 0.010937
0 0.399769 0.293880 0.026389 0.038281
0 0.656250 0.409766 0.094907 0.009635
0 0.121991 0.152995 0.026389 0.032552
0 0.767824 0.644141 0.077315 0.009635
0 0.993519 0.536458 0.010185 0.028646
