0 0.339120 0.533203 0.081019 0.084635
0 0.145139 0.881120 0.072685 0.077344
0 0.780556 0.473568 0.075000 0.069531
0 0.302546 0.852474 0.063426 0.077344
0 0.175231 0.554297 0.068056 0.069531
0 0.308333 0.742188 0.047222 0.075521
0 0.339583 0.166276 0.118981 0.027865
0 0.726157 0.554297 0.049537 0.053906
0 0.420602 0.317318 0.095833 0.027865
0 0.221528 0.512630 0.049537 0.053906
0 0.606944 0.542578 0.042593 0.061719
0 0.538194 0.625911 0.043981 0.056510
0 0.091898 0.154557 0.095833 0.025260
0 0.654398 0.866797 0.044907 0.053906
0 0.545602 0.265234 0.105093 0.022656
0 0.760880 0.688411 0.044907 0.051302
0 0.246991 0.792318 0.044907 0.050781
0 0.656713 0.576432 0.040278 0.056510
0 0.726157 0.223568 0.123611 0.017448
0 0.550231 0.517578 0.040278 0.053385
0 0.297917 0.817318 0.035648 0.059115
0 0.587269 0.300391 0.040278 0.051302
0 0.260880 0.719661 0.035648 0.056510
0 0.573380 0.332031 0.077315 0.026042
0 0.943750 0.629818 0.040278 0.048698
0 0.740046 0.645443 0.040278 0.048698
0 0.531713 0.377214 0.086574 0.022656
0 0.788657 0.439714 0.044907 0.043490
0 0.777083 0.289974 0.077315 0.025260
0 0.448380 0.202474 0.040278 0.048177
0 0.760880 0.314714 0.109722 0.017448
0 0.144676 0.832943 0.025463 0.074740
0 0.103472 0.420182 0.026389 0.072135
0 0.314120 0.652604 0.040278 0.047396
0 0.634722 0.614193 0.042593 0.043490
0 0.234259 0.158464 0.037963 0.048698
0 0.047454 0.378516 0.025463 0.072135
0 0.723843 0.482682 0.072685 0.025260
0 0.110417 0.182552 0.040278 0.044792
0 0.176389 0.636979 0.084259 0.021354
0 0.607639 0.848307 0.081019 0.022135
0 0.353472 0.817708 0.035648 0.049479
0 0.488889 0.696224 0.084259 0.020052
0 0.027083 0.598568 0.031019 0.053906
0 0.091898 0.601172 0.031019 0.053906
0 0.323380 0.732682 0.040278 0.040885
0 0.263194 0.498307 0.040278 0.040885
0 0.589583 0.645443 0.072685 0.022656
0 0.804861 0.930599 0.040278 0.040885
0 0.640509 0.336849 0.035648 0.046094
0 0.672917 0.267839 0.091204 0.017448
0 0.152083 0.468359 0.068056 0.022656
0 0.665972 0.720964 0.068056 0.022656
0 0.624306 0.233984 0.068056 0.022656
0 0.161343 0.418880 0.040278 0.038281
0 0.777546 0.809505 0.067130 0.022656
0 0.392824 0.874349 0.086574 0.016927
0 0.867361 0.159766 0.072685 0.020052
0 0.885880 0.946224 0.072685 0.020052
0 0.158565 0.191016 0.071759 0.020052
0 0.108102 0.943359 0.035648 0.040365
0 0.779398 0.340755 0.081944 0.017448
0 0.545602 0.886328 0.068056 0.020052
0 0.777083 0.891536 0.068056 0.020052
0 0.172917 0.935807 0.091204 0.014844
0 0.918287 0.632161 0.035648 0.037760
0 0.318750 0.934245 0.031019 0.042969
0 0.343056 0.586198 0.070370 0.018750
0 0.804398 0.460547 0.030093 0.043490
0 0.074537 0.493750 0.061111 0.021354
0 0.434491 0.826432 0.086574 0.014844
0 0.399769 0.592057 0.063426 0.020052
0 0.547917 0.151953 0.063426 0.020052
0 0.154398 0.151953 0.035648 0.035677
0 0.691435 0.306901 0.072685 0.017448
0 0.473843 0.338151 0.072685 0.017448
0 0.953009 0.991146 0.077315 0.016146
0 0.311806 0.162109 0.063426 0.019531
0 0.899769 0.179036 0.072685 0.016927
0 0.705324 0.618099 0.026389 0.046094
0 0.147454 0.549089 0.031019 0.038281
0 0.624306 0.758724 0.058796 0.020052
0 0.309028 0.332943 0.067130 0.017448
0 0.475694 0.572526 0.067130 0.017448
0 0.365046 0.509766 0.031019 0.037760
0 0.675231 0.209245 0.077315 0.014844
0 0.223843 0.817318 0.026389 0.043490
0 0.777083 0.750651 0.058796 0.019531
0 0.144676 0.752214 0.034722 0.033073
0 0.401620 0.681901 0.020833 0.053906
0 0.608102 0.260026 0.091204 0.012240
0 0.242361 0.353776 0.091204 0.012240
0 0.058333 0.684505 0.028704 0.038281
0 0.612269 0.702734 0.062500 0.017448
0 0.774306 0.231380 0.062500 0.017448
0 0.411343 0.854818 0.031019 0.035156
0 0.034028 0.779557 0.026389 0.040885
0 0.848843 0.767578 0.063426 0.016927
0 0.505093 0.681901 0.024074 0.043490
0 0.392824 0.504818 0.031019 0.033073
0 0.503935 0.843359 0.058796 0.017448
0 0.605787 0.474479 0.021759 0.046875
0 0.906250 0.538672 0.020833 0.048698
0 0.381250 0.653255 0.026389 0.038281
0 0.020139 0.304297 0.026389 0.038281
0 0.462269 0.235286 0.068056 0.014844
0 0.117361 0.223568 0.081944 0.012240
0 0.898148 0.680599 0.027778 0.035677
0 0.109954 0.529557 0.020833 0.046094
0 0.424769 0.691016 0.020833 0.046094
0 0.737731 0.861328 0.081944 0.011719
0 0.529398 0.748307 0.026389 0.035677
0 0.804861 0.688411 0.021759 0.040885
0 0.774769 0.192318 0.072685 0.012240
0 0.341898 0.714453 0.021759 0.040885
0 0.325694 0.628516 0.091204 0.009635
0 0.766667 0.774349 0.028704 0.030469
0 0.705324 0.580339 0.026389 0.033073
0 0.453009 0.162370 0.058796 0.014844
0 0.566435 0.346615 0.063426 0.013542
0 0.883565 0.214193 0.058796 0.014323
0 0.653935 0.773047 0.025463 0.033073
0 0.682176 0.650651 0.017130 0.048698
0 0.693750 0.460547 0.021759 0.038281
0 0.027083 0.447526 0.021759 0.038281
0 0.138194 0.603776 0.068056 0.012240
0 0.844213 0.426042 0.072685 0.010937
0 0.755787 0.439714 0.016204 0.048698
0 0.200231 0.292578 0.053241 0.014844
0 0.742361 0.590104 0.026389 0.029167
0 0.832639 0.737630 0.021759 0.035156
0 0.899769 0.830339 0.017130 0.043490
0 0.418287 0.439714 0.017130 0.043490
0 0.871991 0.788672 0.017130 0.043490
0 0.844213 0.460547 0.017130 0.043490
0 0.200694 0.439714 0.017130 0.043490
0 0.340741 0.650651 0.019444 0.038281
0 0.244676 0.586589 0.077315 0.009115
0 0.709954 0.701432 0.017130 0.040885
0 0.080324 0.560807 0.017130 0.040885
0 0.964583 0.670182 0.017130 0.040885
0 0.746991 0.696224 0.017130 0.040885
0 0.751620 0.732682 0.017130 0.040885
0 0.668287 0.544922 0.017130 0.040365
0 0.191435 0.331901 0.017130 0.040365
0 0.515509 0.336198 0.017130 0.039583
0 0.197222 0.741536 0.056481 0.011719
0 0.219213 0.632422 0.017130 0.038281
0 0.168287 0.582943 0.017130 0.038281
0 0.922917 0.280859 0.017130 0.038281
0 0.765509 0.557943 0.026389 0.024740
0 0.075694 0.194661 0.017130 0.037760
0 0.024769 0.819661 0.017130 0.037760
0 0.663657 0.633724 0.017130 0.035677
0 0.816435 0.657161 0.017130 0.035677
0 0.269676 0.326432 0.016204 0.035677
0 0.274769 0.252214 0.017130 0.033073
0 0.059028 0.294922 0.057870 0.009115
0 0.557176 0.659766 0.054167 0.009635
0 0.662500 0.753516 0.051852 0.009635
0 0.042824 0.166667 0.016204 0.028646
0 0.793287 0.731380 0.063426 0.007031
0 0.246991 0.707943 0.035648 0.012240
0 0.781713 0.681641 0.012500 0.032552
0 0.418287 0.148047 0.017130 0.022656
0 0.508565 0.853516 0.049537 0.006510
0 0.337269 0.193620 0.031019 0.009635
