0 0.536343 0.618099 0.234722 0.051302
0 0.843750 0.295182 0.173611 0.046094
0 0.830324 0.358724 0.239352 0.032552
0 0.927546 0.216406 0.072685 0.086458
0 0.506250 0.834245 0.128241 0.035677
0 0.189120 0.240495 0.068056 0.066927
0 0.811806 0.436849 0.054167 0.079427
0 0.589583 0.877214 0.128241 0.033073
0 0.939120 0.113542 0.114352 0.036979
0 0.404398 0.849870 0.137500 0.030469
0 0.846065 0.159766 0.122685 0.030469
0 0.753935 0.454036 0.058796 0.061719
0 0.410185 0.427995 0.112037 0.030469
0 0.645139 0.364193 0.054167 0.059115
0 0.777083 0.275651 0.169907 0.017448
0 0.269676 0.206641 0.043981 0.061719
0 0.949537 0.764974 0.098148 0.027344
0 0.777083 0.368099 0.132870 0.020052
0 0.927083 0.301693 0.053241 0.048698
0 0.756250 0.127214 0.091204 0.027865
0 0.834954 0.066016 0.100463 0.025260
0 0.881250 0.351172 0.137500 0.017448
0 0.593750 0.171484 0.034722 0.064323
0 0.096065 0.759766 0.030093 0.069010
0 0.623843 0.039974 0.076389 0.025260
0 0.156713 0.087891 0.040278 0.042969
0 0.063657 0.477214 0.030093 0.055990
0 0.911343 0.138672 0.040278 0.040365
0 0.800231 0.243099 0.031019 0.051302
0 0.788657 0.137630 0.091204 0.017448
0 0.890509 0.010026 0.091204 0.017448
0 0.200694 0.343750 0.026389 0.059896
0 0.888194 0.206380 0.077315 0.019531
0 0.316435 0.124609 0.026389 0.053906
0 0.308796 0.284766 0.092593 0.014844
0 0.612731 0.062760 0.100463 0.013542
0 0.871991 0.809896 0.026389 0.049479
0 0.865046 0.187109 0.021759 0.059115
0 0.417130 0.465755 0.070370 0.017448
0 0.263194 0.701172 0.021759 0.055990
0 0.865046 0.129818 0.021759 0.048698
0 0.716435 0.043880 0.076389 0.012240
0 0.920139 0.148047 0.020833 0.043490
0 0.915972 0.091797 0.021759 0.040365
0 0.988889 0.204036 0.019444 0.040885
0 0.487731 0.281901 0.017130 0.045573
0 0.874306 0.232682 0.077315 0.009635
0 0.103009 0.131120 0.016204 0.040885
0 0.098843 0.990495 0.044907 0.009635
0 0.133565 0.313411 0.012500 0.014844
