0 0.814120 0.410807 0.234722 0.069010
0 0.232639 0.844401 0.201389 0.055990
0 0.538657 0.616797 0.230093 0.048698
0 0.471528 0.280859 0.068056 0.064323
0 0.883102 0.806901 0.057870 0.074740
0 0.937963 0.233073 0.121296 0.031250
0 0.921759 0.202734 0.153704 0.022656
0 0.209954 0.831641 0.100463 0.030469
0 0.131250 0.297786 0.044907 0.056510
0 0.730324 0.467057 0.039352 0.061719
0 0.618519 0.408203 0.047222 0.048177
0 0.851157 0.073568 0.049537 0.045573
0 0.072222 0.478776 0.028704 0.074740
0 0.564120 0.182943 0.077315 0.024740
0 0.760880 0.383464 0.128241 0.014323
0 0.570602 0.141536 0.043981 0.040885
0 0.807176 0.169531 0.035648 0.050000
0 0.969213 0.758724 0.026389 0.066927
0 0.867361 0.512630 0.026389 0.064323
0 0.146296 0.145443 0.075000 0.022656
0 0.167130 0.508073 0.033333 0.050000
0 0.631250 0.261328 0.026389 0.061719
0 0.117361 0.214193 0.035648 0.045573
0 0.963426 0.327734 0.070370 0.022656
0 0.821065 0.562109 0.091204 0.017448
0 0.785185 0.223568 0.028704 0.053906
0 0.961111 0.185807 0.075000 0.020052
0 0.529398 0.138932 0.072685 0.020052
0 0.184491 0.176042 0.068056 0.021354
0 0.779398 0.135026 0.026389 0.053906
0 0.957639 0.174089 0.077315 0.017448
0 0.552083 0.530599 0.034722 0.037760
0 0.890509 0.008464 0.091204 0.014323
0 0.177546 0.858724 0.109722 0.011719
0 0.216898 0.219401 0.031019 0.040365
0 0.255787 0.500911 0.025463 0.040885
0 0.770139 0.049089 0.081944 0.012240
0 0.104630 0.409766 0.019444 0.051302
0 0.495833 0.508724 0.065741 0.014844
0 0.839583 0.129818 0.072685 0.012240
0 0.415972 0.607682 0.077315 0.009635
0 0.847685 0.144141 0.075000 0.009635
0 0.793287 0.216797 0.017130 0.040365
0 0.904398 0.182292 0.017130 0.028646
0 0.098843 0.993099 0.044907 0.009635
