0 0.900926 0.022396 0.195370 0.036979
0 0.785185 0.786068 0.075000 0.074740
0 0.128935 0.776953 0.068056 0.072135
0 0.172917 0.802344 0.137500 0.034375
0 0.429861 0.838151 0.114352 0.038281
0 0.213426 0.636328 0.135185 0.030469
0 0.306713 0.702734 0.062500 0.064323
0 0.927083 0.470964 0.043981 0.090365
0 0.369213 0.508724 0.122685 0.030469
0 0.330324 0.304297 0.109722 0.033073
0 0.782870 0.835547 0.107407 0.033073
0 0.189120 0.592708 0.132870 0.026562
0 0.272454 0.895443 0.105093 0.033073
0 0.154398 0.188411 0.165278 0.020052
0 0.193287 0.385026 0.094907 0.033073
0 0.153935 0.873307 0.099537 0.030469
0 0.677546 0.301693 0.054167 0.053906
0 0.208333 0.663672 0.050926 0.053906
0 0.943750 0.189714 0.040278 0.064323
0 0.407870 0.700130 0.042593 0.059115
0 0.749306 0.421484 0.049537 0.048698
0 0.378472 0.526953 0.094907 0.025260
0 0.651620 0.342057 0.094907 0.025260
0 0.258102 0.431901 0.085648 0.027865
0 0.017824 0.361589 0.031019 0.074740
0 0.513194 0.207292 0.086574 0.026562
0 0.815972 0.869401 0.099537 0.022656
0 0.084954 0.675391 0.109722 0.020052
0 0.233102 0.367188 0.035648 0.059896
0 0.487731 0.826432 0.044907 0.046094
0 0.858102 0.365495 0.044907 0.046094
0 0.308333 0.530859 0.047222 0.043490
0 0.582176 0.162109 0.104167 0.019531
0 0.443287 0.521745 0.039352 0.051302
0 0.638194 0.477474 0.077315 0.025260
0 0.200694 0.162370 0.128241 0.014844
0 0.167824 0.432161 0.043981 0.042969
0 0.543287 0.882422 0.081944 0.022656
0 0.045602 0.318620 0.040278 0.046094
0 0.367361 0.427995 0.044907 0.040885
0 0.524769 0.422786 0.044907 0.040885
0 0.739352 0.720964 0.041667 0.043490
0 0.740046 0.783464 0.040278 0.043490
0 0.912500 0.302995 0.033333 0.051302
0 0.050231 0.155859 0.031019 0.053906
0 0.381250 0.253516 0.035648 0.046094
0 0.191435 0.261068 0.081944 0.019531
0 0.050231 0.349219 0.031019 0.050000
0 0.184028 0.511328 0.030093 0.051302
0 0.874306 0.676693 0.086574 0.017448
0 0.506250 0.159766 0.035648 0.040885
0 0.256250 0.188151 0.035648 0.040365
0 0.751620 0.856380 0.026389 0.053906
0 0.577546 0.183203 0.094907 0.014844
0 0.064120 0.827734 0.021759 0.064323
0 0.807176 0.804297 0.035648 0.038281
0 0.462269 0.700130 0.031019 0.043490
0 0.080324 0.363932 0.035648 0.037760
0 0.100694 0.854818 0.067130 0.019531
0 0.108102 0.552995 0.063426 0.020052
0 0.117361 0.666276 0.072685 0.017448
0 0.568750 0.334896 0.021759 0.057813
0 0.215741 0.138932 0.084259 0.014844
0 0.181713 0.274349 0.062500 0.020052
0 0.142824 0.397396 0.077315 0.016146
0 0.760880 0.232031 0.035648 0.034375
0 0.649769 0.513932 0.081944 0.014844
0 0.319907 0.837891 0.070370 0.016927
0 0.128935 0.120703 0.058796 0.020052
0 0.753935 0.451432 0.058796 0.020052
0 0.953009 0.575130 0.021759 0.053906
0 0.883565 0.397786 0.031019 0.037760
0 0.128935 0.616536 0.031019 0.037760
0 0.711806 0.765234 0.030093 0.038281
0 0.068287 0.402995 0.067130 0.016927
0 0.133102 0.452734 0.020833 0.053906
0 0.786343 0.508724 0.021759 0.051302
0 0.240046 0.745703 0.031019 0.035677
0 0.621991 0.709245 0.072685 0.014844
0 0.897454 0.822526 0.021759 0.048698
0 0.878935 0.760026 0.021759 0.048698
0 0.488889 0.116797 0.084259 0.012240
0 0.193750 0.411068 0.058796 0.017448
0 0.832639 0.739193 0.031019 0.033073
0 0.337269 0.913672 0.058796 0.017448
0 0.633565 0.539974 0.068056 0.014844
0 0.392824 0.624349 0.031019 0.032552
0 0.302546 0.590755 0.081944 0.012240
0 0.876620 0.903255 0.081944 0.012240
0 0.656713 0.782161 0.021759 0.046094
0 0.790972 0.245703 0.021759 0.046094
0 0.316435 0.806641 0.026389 0.037760
0 0.782176 0.534766 0.067130 0.014844
0 0.355324 0.661068 0.030093 0.033073
0 0.429861 0.746354 0.031019 0.031771
0 0.086806 0.834245 0.020833 0.046094
0 0.920602 0.771745 0.031019 0.030469
0 0.756250 0.128516 0.063426 0.014844
0 0.337731 0.610938 0.057870 0.016146
0 0.571065 0.800130 0.026389 0.035156
0 0.082639 0.261068 0.031019 0.029948
0 0.278241 0.142839 0.051852 0.017448
0 0.311806 0.314714 0.072685 0.012240
0 0.348843 0.855078 0.091204 0.009635
0 0.485417 0.169922 0.021759 0.040365
0 0.804398 0.360677 0.020833 0.041667
0 0.281713 0.521094 0.021759 0.039583
0 0.446065 0.397786 0.026389 0.032552
0 0.054398 0.287370 0.020833 0.040885
0 0.080324 0.757422 0.017130 0.048698
0 0.911343 0.693620 0.086574 0.009635
0 0.241204 0.782813 0.051852 0.016146
0 0.947917 0.848307 0.030093 0.027344
0 0.453009 0.144792 0.021759 0.036979
0 0.825694 0.789974 0.026389 0.030469
0 0.918287 0.748307 0.054167 0.014844
0 0.677083 0.627214 0.016204 0.048698
0 0.061806 0.594661 0.017130 0.046094
0 0.344213 0.118099 0.081944 0.009635
0 0.788194 0.157161 0.053241 0.014844
0 0.742361 0.331380 0.026389 0.029948
0 0.193750 0.357682 0.021759 0.035677
0 0.716898 0.662370 0.021759 0.035677
0 0.693750 0.250911 0.021759 0.035677
0 0.635880 0.456380 0.054167 0.014323
0 0.802083 0.761979 0.016204 0.047396
0 0.013194 0.240234 0.021759 0.035156
0 0.694444 0.469661 0.050926 0.014844
0 0.212269 0.479427 0.021759 0.034375
0 0.203009 0.193620 0.077315 0.009635
0 0.771991 0.198828 0.020833 0.035677
0 0.940972 0.492448 0.016204 0.044792
0 0.029398 0.521745 0.017130 0.040885
0 0.696065 0.349870 0.072685 0.009635
0 0.932176 0.451432 0.017130 0.040885
0 0.959954 0.779557 0.017130 0.040885
0 0.839583 0.480078 0.026389 0.025260
0 0.550231 0.860286 0.021759 0.030469
0 0.075694 0.538672 0.017130 0.038281
0 0.714120 0.223307 0.016204 0.037760
0 0.149769 0.341797 0.017130 0.035156
0 0.198380 0.584245 0.058796 0.009635
0 0.645139 0.567318 0.017130 0.033073
0 0.234954 0.558203 0.057870 0.009635
0 0.892824 0.709245 0.021759 0.025260
0 0.253935 0.802995 0.021759 0.025260
0 0.645139 0.222266 0.054167 0.009635
0 0.862731 0.435807 0.017130 0.030469
0 0.615046 0.900651 0.040278 0.012240
0 0.821065 0.548438 0.044907 0.010937
0 0.465741 0.378516 0.047222 0.009635
0 0.934491 0.624349 0.012500 0.032552
0 0.883565 0.379818 0.012500 0.027865
0 0.283565 0.904557 0.034722 0.009635
