0 0.545602 0.842448 0.086574 0.093750
0 0.248148 0.541276 0.158333 0.043490
0 0.679861 0.176693 0.077315 0.079948
0 0.728472 0.114193 0.137500 0.038281
0 0.138194 0.610938 0.058796 0.078646
0 0.919444 0.549089 0.065741 0.069531
0 0.895139 0.301693 0.137500 0.033073
0 0.655556 0.603776 0.139815 0.027865
0 0.194907 0.335547 0.116667 0.033073
0 0.360417 0.500911 0.058796 0.056510
0 0.865046 0.537109 0.058796 0.055990
0 0.818287 0.278255 0.057870 0.053906
0 0.543287 0.211849 0.100463 0.030469
0 0.571065 0.454036 0.118981 0.025260
0 0.360417 0.361589 0.049537 0.059115
0 0.924769 0.468359 0.048611 0.059115
0 0.786343 0.522396 0.049537 0.057813
0 0.969213 0.534766 0.054167 0.051302
0 0.496991 0.271745 0.044907 0.061719
0 0.425231 0.198177 0.049537 0.055208
0 0.498148 0.508724 0.047222 0.056510
0 0.800231 0.679557 0.049537 0.053385
0 0.665972 0.686849 0.095833 0.027344
0 0.792824 0.137630 0.090278 0.027865
0 0.131250 0.131510 0.044907 0.052083
0 0.763194 0.424089 0.132870 0.017448
0 0.737269 0.485938 0.043981 0.052604
0 0.262037 0.260026 0.047222 0.048698
0 0.434491 0.549740 0.095833 0.023958
0 0.230787 0.284505 0.049537 0.045573
0 0.492361 0.314453 0.081944 0.027344
0 0.902083 0.698828 0.086574 0.025260
0 0.568750 0.822526 0.040278 0.053906
0 0.521296 0.365495 0.037963 0.056510
0 0.608102 0.775651 0.091204 0.022656
0 0.348843 0.392578 0.091204 0.022135
0 0.909028 0.789974 0.035648 0.056510
0 0.941435 0.383724 0.098611 0.020052
0 0.684491 0.724219 0.105093 0.018750
0 0.624306 0.572526 0.040278 0.048698
0 0.726157 0.215755 0.040278 0.048698
0 0.214120 0.236979 0.043981 0.044271
0 0.337269 0.641797 0.077315 0.024740
0 0.160185 0.420182 0.093519 0.020052
0 0.404398 0.585547 0.081944 0.022656
0 0.635880 0.793880 0.081944 0.022656
0 0.979630 0.786068 0.037963 0.048698
0 0.399769 0.566016 0.091204 0.020052
0 0.439815 0.388932 0.087963 0.020052
0 0.501620 0.155859 0.100463 0.017448
0 0.948380 0.161068 0.040278 0.043490
0 0.480787 0.663672 0.040278 0.043490
0 0.742361 0.265234 0.072685 0.022656
0 0.726157 0.571224 0.040278 0.040885
0 0.578009 0.508724 0.040278 0.040885
0 0.615046 0.878516 0.040278 0.040885
0 0.270139 0.332943 0.072685 0.022656
0 0.495833 0.424089 0.070370 0.022656
0 0.656250 0.448568 0.030093 0.050781
0 0.318287 0.095964 0.039352 0.038281
0 0.918287 0.164974 0.026389 0.056510
0 0.311806 0.154557 0.100463 0.014844
0 0.640509 0.209245 0.035648 0.040885
0 0.979630 0.218359 0.037963 0.038281
0 0.784028 0.760026 0.081944 0.017448
0 0.583796 0.379818 0.079630 0.017448
0 0.179861 0.438411 0.068056 0.020052
0 0.314120 0.532161 0.068056 0.020052
0 0.251620 0.409766 0.091204 0.014844
0 0.427546 0.667578 0.091204 0.014844
0 0.121991 0.607682 0.026389 0.051302
0 0.412500 0.524609 0.033333 0.040365
0 0.526620 0.523047 0.076389 0.017448
0 0.697222 0.347266 0.065741 0.020052
0 0.106944 0.262630 0.070370 0.017448
0 0.642824 0.658464 0.068056 0.017448
0 0.244676 0.171484 0.031019 0.038281
0 0.888194 0.655859 0.031019 0.038281
0 0.767824 0.211849 0.058796 0.020052
0 0.425231 0.705339 0.095833 0.012240
0 0.981944 0.591797 0.033333 0.035156
0 0.253472 0.286068 0.030093 0.038281
0 0.550231 0.331380 0.058796 0.019531
0 0.858102 0.267578 0.026389 0.042969
0 0.133565 0.201823 0.031019 0.036458
0 0.346528 0.692057 0.095833 0.011719
0 0.853472 0.864193 0.091204 0.012240
0 0.346528 0.714193 0.021759 0.050781
0 0.547917 0.507422 0.063426 0.017448
0 0.483102 0.447526 0.063426 0.017448
0 0.272454 0.724609 0.031019 0.035156
0 0.265509 0.459245 0.026389 0.040885
0 0.621991 0.597266 0.072685 0.014844
0 0.378935 0.184896 0.058796 0.018229
0 0.503472 0.739193 0.085648 0.012240
0 0.984259 0.875911 0.028704 0.035677
0 0.612731 0.689714 0.026389 0.038281
0 0.573380 0.534766 0.068056 0.014844
0 0.804861 0.198828 0.068056 0.014844
0 0.672454 0.082943 0.081019 0.012240
0 0.330324 0.660807 0.081944 0.011719
0 0.970370 0.567057 0.056481 0.016927
0 0.246991 0.744401 0.054167 0.017448
0 0.348843 0.425391 0.026389 0.035677
0 0.524769 0.102474 0.026389 0.035677
0 0.075694 0.282161 0.063426 0.014844
0 0.932176 0.336849 0.026389 0.035677
0 0.344213 0.839453 0.026389 0.035677
0 0.832639 0.704427 0.021759 0.041667
0 0.540972 0.616536 0.077315 0.011719
0 0.973380 0.743099 0.025463 0.035677
0 0.163657 0.284766 0.017130 0.051302
0 0.853472 0.326432 0.017130 0.051302
0 0.565972 0.267839 0.071759 0.012240
0 0.462269 0.527214 0.021759 0.040365
0 0.972685 0.423828 0.051852 0.016927
0 0.167824 0.146094 0.025463 0.034375
0 0.163194 0.399349 0.090278 0.009635
0 0.369676 0.424740 0.021759 0.039583
0 0.359259 0.172786 0.056481 0.014844
0 0.263194 0.231380 0.068056 0.012240
0 0.309491 0.192318 0.068056 0.012240
0 0.976157 0.124609 0.021759 0.038281
0 0.203009 0.770443 0.021759 0.038281
0 0.853472 0.796224 0.017130 0.048177
0 0.936343 0.679036 0.025463 0.032552
0 0.309028 0.379818 0.067130 0.012240
0 0.089583 0.368099 0.026389 0.030469
0 0.492361 0.399349 0.026389 0.030469
0 0.986574 0.142839 0.024074 0.033073
0 0.381250 0.469661 0.081944 0.009635
0 0.270139 0.668880 0.063426 0.012240
0 0.293287 0.164714 0.054167 0.014323
0 0.217593 0.342708 0.069444 0.010937
0 0.320602 0.589453 0.016204 0.046094
0 0.880787 0.443620 0.016204 0.046094
0 0.694907 0.598568 0.061111 0.012240
0 0.383565 0.620703 0.049537 0.014844
0 0.189120 0.222266 0.049537 0.014844
0 0.307176 0.179297 0.026389 0.027865
0 0.591435 0.789974 0.048611 0.014844
0 0.799769 0.249609 0.057870 0.012240
0 0.527083 0.751953 0.058796 0.011719
0 0.322222 0.438151 0.019444 0.035156
0 0.458796 0.102474 0.070370 0.009635
0 0.376620 0.081380 0.072685 0.009115
0 0.290972 0.636328 0.021759 0.030469
0 0.645139 0.523047 0.017130 0.038281
0 0.203009 0.269141 0.068056 0.009635
0 0.837269 0.641276 0.021759 0.029948
0 0.584491 0.736328 0.053241 0.011719
0 0.510880 0.534766 0.063426 0.009635
0 0.279398 0.696224 0.017130 0.035677
0 0.346528 0.598307 0.021759 0.027344
0 0.390509 0.097005 0.063426 0.009115
0 0.897454 0.126953 0.049537 0.011719
0 0.105787 0.368750 0.021759 0.026562
0 0.866898 0.399089 0.016204 0.035156
0 0.402083 0.722266 0.021759 0.025260
0 0.121991 0.524349 0.054167 0.009635
0 0.751620 0.146745 0.017130 0.030469
0 0.462269 0.635677 0.021759 0.023958
0 0.457639 0.379818 0.068056 0.007031
0 0.707639 0.541016 0.021759 0.022135
0 0.471528 0.490234 0.049537 0.009115
0 0.633565 0.164714 0.049537 0.009115
0 0.443750 0.132161 0.068056 0.006510
0 0.314120 0.741797 0.012500 0.033073
0 0.191435 0.860026 0.017130 0.019531
0 0.883565 0.524349 0.031019 0.009635
0 0.749306 0.996354 0.021759 0.005729
0 0.648611 0.997656 0.024074 0.003125
