0 0.256250 0.560807 0.174537 0.040885
0 0.110417 0.983333 0.216204 0.031771
0 0.846528 0.192318 0.077315 0.085156
0 0.303704 0.362891 0.121296 0.040885
0 0.760880 0.714844 0.156019 0.031250
0 0.615046 0.706641 0.105093 0.035677
0 0.598843 0.098568 0.128241 0.027865
0 0.823843 0.266536 0.057870 0.056510
0 0.547917 0.764583 0.100463 0.031771
0 0.260417 0.259766 0.053241 0.058594
0 0.506250 0.338151 0.035648 0.085156
0 0.470370 0.135026 0.056481 0.053906
0 0.527083 0.443620 0.095833 0.030469
0 0.975000 0.532161 0.047222 0.061719
0 0.274769 0.430599 0.091204 0.030469
0 0.554398 0.204427 0.104167 0.026042
0 0.331481 0.391536 0.102778 0.025260
0 0.809491 0.354036 0.040278 0.063802
0 0.922917 0.531510 0.044907 0.055208
0 0.751620 0.460547 0.044907 0.053906
0 0.900231 0.287370 0.118056 0.020052
0 0.478472 0.774349 0.091204 0.025260
0 0.975000 0.392839 0.047222 0.048698
0 0.642824 0.635677 0.095833 0.023958
0 0.459954 0.200130 0.081944 0.027865
0 0.633565 0.136068 0.049537 0.045573
0 0.925231 0.440755 0.049537 0.045573
0 0.359954 0.519141 0.048611 0.046094
0 0.404398 0.439714 0.044907 0.048698
0 0.123843 0.203385 0.039352 0.055208
0 0.503472 0.154557 0.104167 0.020052
0 0.645139 0.560807 0.044907 0.046094
0 0.578009 0.368099 0.132870 0.014844
0 0.807176 0.845964 0.044907 0.043490
0 0.212269 0.321224 0.095833 0.020052
0 0.434491 0.412370 0.095833 0.020052
0 0.951852 0.487891 0.093519 0.020052
0 0.890509 0.636328 0.044907 0.040885
0 0.760880 0.258724 0.072685 0.025260
0 0.552546 0.612891 0.091204 0.020052
0 0.339583 0.157161 0.091204 0.020052
0 0.584954 0.261328 0.091204 0.020052
0 0.218750 0.287370 0.043981 0.040885
0 0.464120 0.841797 0.090278 0.019531
0 0.101157 0.257422 0.077315 0.022656
0 0.147454 0.132422 0.040278 0.043490
0 0.115046 0.556901 0.077315 0.022656
0 0.726157 0.207682 0.040278 0.042969
0 0.656713 0.777604 0.077315 0.021354
0 0.538657 0.510026 0.072685 0.022656
0 0.446065 0.502214 0.072685 0.022656
0 0.219213 0.334245 0.081944 0.020052
0 0.531713 0.265885 0.086574 0.018750
0 0.392824 0.719661 0.031019 0.051302
0 0.943750 0.539974 0.031019 0.051302
0 0.848843 0.726172 0.026389 0.059115
0 0.443750 0.461849 0.105093 0.014844
0 0.200694 0.233984 0.026389 0.059115
0 0.330324 0.228776 0.035648 0.043490
0 0.809491 0.756120 0.077315 0.020052
0 0.480787 0.081641 0.077315 0.020052
0 0.188657 0.395443 0.067130 0.022656
0 0.128935 0.406901 0.105093 0.014323
0 0.693750 0.547526 0.077315 0.019531
0 0.230324 0.429036 0.067130 0.022135
0 0.179398 0.155859 0.030093 0.048698
0 0.741898 0.545833 0.034722 0.042188
0 0.654398 0.797786 0.072685 0.020052
0 0.765509 0.779297 0.100463 0.014323
0 0.374306 0.338802 0.105093 0.013542
0 0.348843 0.436849 0.026389 0.053385
0 0.700694 0.617188 0.035648 0.039062
0 0.709954 0.157161 0.026389 0.051302
0 0.309491 0.114193 0.077315 0.017448
0 0.804861 0.187109 0.077315 0.017448
0 0.689120 0.085547 0.077315 0.017448
0 0.471528 0.677995 0.086574 0.014844
0 0.897454 0.388932 0.031019 0.040885
0 0.927546 0.315755 0.035648 0.035156
0 0.843750 0.071224 0.081019 0.014844
0 0.431019 0.555339 0.061111 0.019531
0 0.348843 0.838151 0.035648 0.033073
0 0.343750 0.605078 0.025463 0.046094
0 0.473380 0.715495 0.099537 0.011719
0 0.506250 0.357292 0.026389 0.044271
0 0.362731 0.260026 0.026389 0.043490
0 0.341435 0.409766 0.076389 0.014844
0 0.566435 0.744401 0.091204 0.012240
0 0.353472 0.669531 0.081944 0.013542
0 0.473380 0.486589 0.090278 0.012240
0 0.240046 0.206641 0.031019 0.035677
0 0.626620 0.739193 0.063426 0.017448
0 0.580324 0.646745 0.072685 0.014844
0 0.409028 0.580078 0.063426 0.016927
0 0.677546 0.598568 0.026389 0.038281
0 0.341898 0.770182 0.031019 0.032552
0 0.299769 0.640234 0.030093 0.033073
0 0.946065 0.659766 0.026389 0.035677
0 0.469213 0.655599 0.054167 0.016927
0 0.508102 0.646745 0.030093 0.030469
0 0.418287 0.131120 0.061574 0.014844
0 0.380787 0.169922 0.062500 0.014323
0 0.339120 0.400651 0.071759 0.012240
0 0.892824 0.424740 0.021759 0.039583
0 0.191435 0.650391 0.026389 0.032552
0 0.167824 0.288672 0.025463 0.033073
0 0.277083 0.377214 0.068056 0.012240
0 0.337269 0.429297 0.021759 0.038281
0 0.578009 0.762630 0.068056 0.012240
0 0.804398 0.744401 0.067130 0.012240
0 0.243519 0.486589 0.065741 0.012240
0 0.256250 0.740495 0.026389 0.030469
0 0.233102 0.167578 0.026389 0.030469
0 0.516667 0.675391 0.019444 0.040885
0 0.464120 0.399349 0.053241 0.014844
0 0.774769 0.520443 0.017130 0.043490
0 0.855324 0.417578 0.020833 0.035677
0 0.152083 0.419922 0.077315 0.009115
0 0.679398 0.835547 0.057870 0.012240
0 0.321065 0.151953 0.072685 0.009635
0 0.577546 0.099609 0.048611 0.014323
0 0.230787 0.761979 0.021759 0.031771
0 0.072917 0.277995 0.057870 0.011719
0 0.807176 0.239193 0.054167 0.012240
0 0.309491 0.698828 0.021759 0.030469
0 0.640509 0.497005 0.017130 0.038281
0 0.786343 0.704036 0.068056 0.009635
0 0.869676 0.230078 0.068056 0.009635
0 0.867361 0.835547 0.017130 0.038281
0 0.677083 0.814714 0.053241 0.012240
0 0.991204 0.523047 0.014815 0.043490
0 0.818750 0.669531 0.021759 0.029167
0 0.832176 0.141276 0.067130 0.009115
0 0.719213 0.516536 0.017130 0.035677
0 0.978472 0.448828 0.017130 0.035677
0 0.381250 0.480078 0.063426 0.009635
0 0.105787 0.595964 0.021759 0.027865
0 0.936343 0.733333 0.016204 0.036979
0 0.682176 0.518229 0.017130 0.033854
0 0.314120 0.677995 0.058796 0.009635
0 0.230787 0.503516 0.058796 0.009635
0 0.413657 0.463151 0.044907 0.012240
0 0.207639 0.852474 0.021759 0.025260
0 0.434491 0.427734 0.021759 0.024740
0 0.450694 0.732682 0.017130 0.030469
0 0.295602 0.197526 0.068056 0.007031
0 0.434491 0.478516 0.021759 0.022135
0 0.612269 0.167318 0.043981 0.009115
0 0.756250 0.996354 0.026389 0.005729
0 0.653935 0.997656 0.025463 0.003125
