0 0.253935 0.276953 0.049537 0.087760
0 0.421296 0.913672 0.106481 0.027865
0 0.196065 0.240495 0.091204 0.030469
0 0.079861 0.724870 0.090278 0.030469
0 0.200231 0.735286 0.090278 0.030469
0 0.392361 0.872005 0.094907 0.027865
0 0.284028 0.148047 0.091204 0.027865
0 0.381250 0.487891 0.044907 0.051302
0 0.876157 0.801693 0.043981 0.048698
0 0.880787 0.125911 0.043981 0.046094
0 0.374306 0.798438 0.086574 0.021354
0 0.177546 0.430599 0.072685 0.025260
0 0.121991 0.766536 0.044907 0.040885
0 0.404398 0.128516 0.044907 0.040885
0 0.246991 0.809505 0.035648 0.048698
0 0.624306 0.273698 0.040278 0.039583
0 0.054861 0.249609 0.040278 0.038281
0 0.392824 0.837891 0.068056 0.022135
0 0.664815 0.338151 0.084259 0.017448
0 0.524769 0.185807 0.035648 0.040885
0 0.729630 0.926693 0.075000 0.017448
0 0.677546 0.144141 0.063426 0.020052
0 0.323380 0.536068 0.068056 0.017448
0 0.573380 0.296484 0.021759 0.053906
0 0.230787 0.637370 0.031019 0.037760
0 0.265509 0.439714 0.026389 0.043490
0 0.788657 0.835547 0.091204 0.012240
0 0.573380 0.211849 0.031019 0.035677
0 0.151620 0.594661 0.030093 0.035677
0 0.434028 0.776953 0.067130 0.014844
0 0.101157 0.286068 0.021759 0.043490
0 0.321065 0.552995 0.063426 0.014844
0 0.307870 0.778255 0.074074 0.012240
0 0.042824 0.620703 0.025463 0.035677
0 0.068750 0.566016 0.021759 0.040885
0 0.135880 0.278255 0.026389 0.033073
0 0.781713 0.761328 0.058796 0.014844
0 0.153935 0.758724 0.016204 0.051302
0 0.795602 0.806901 0.068056 0.012240
0 0.615046 0.838151 0.021759 0.038281
0 0.494676 0.158464 0.068056 0.012240
0 0.471528 0.592448 0.021759 0.036458
0 0.328009 0.123307 0.021759 0.035677
0 0.209954 0.212891 0.063426 0.011719
0 0.186806 0.590495 0.017130 0.042969
0 0.207639 0.395443 0.058796 0.012240
0 0.506250 0.573828 0.017130 0.040885
0 0.751620 0.818359 0.072685 0.009115
0 0.140509 0.365495 0.063426 0.009635
0 0.334954 0.654557 0.017130 0.035677
0 0.561806 0.138281 0.017130 0.034375
0 0.348843 0.486589 0.017130 0.033073
0 0.598843 0.187109 0.017130 0.033073
0 0.579861 0.792318 0.016204 0.029948
0 0.050231 0.481120 0.021759 0.022135
0 0.235417 0.443620 0.012500 0.035677
0 0.179398 0.519141 0.011574 0.035677
0 0.327546 0.520182 0.057870 0.006510
