0 0.439120 0.137630 0.068056 0.069531
0 0.684028 0.245703 0.113426 0.030469
0 0.233102 0.827734 0.146759 0.022656
0 0.522454 0.750911 0.049537 0.066927
0 0.804861 0.118099 0.105093 0.030469
0 0.540972 0.206641 0.049537 0.061719
0 0.392824 0.560547 0.049537 0.061198
0 0.448380 0.832943 0.040278 0.074740
0 0.246991 0.517188 0.091204 0.031771
0 0.897454 0.646484 0.049537 0.055990
0 0.240741 0.655859 0.050926 0.053906
0 0.818750 0.904297 0.105093 0.024740
0 0.156713 0.504818 0.040278 0.064323
0 0.223380 0.200130 0.053241 0.048698
0 0.679861 0.795182 0.049537 0.051302
0 0.380787 0.768880 0.043981 0.055990
0 0.645139 0.711849 0.118981 0.020052
0 0.709954 0.844661 0.044907 0.051302
0 0.052546 0.845964 0.035648 0.064323
0 0.103472 0.145443 0.044907 0.048698
0 0.295602 0.783464 0.095833 0.022656
0 0.703009 0.267839 0.095833 0.022656
0 0.223843 0.874609 0.118981 0.017448
0 0.584954 0.870703 0.081944 0.025260
0 0.580324 0.291016 0.091204 0.022135
0 0.695602 0.131120 0.034722 0.056510
0 0.763194 0.533464 0.086574 0.022656
0 0.540972 0.530859 0.086574 0.022656
0 0.918287 0.710547 0.044907 0.043490
0 0.582639 0.636328 0.077315 0.025260
0 0.257407 0.408464 0.084259 0.022656
0 0.668287 0.731380 0.081944 0.022656
0 0.844213 0.323828 0.035648 0.051302
0 0.316435 0.591797 0.035648 0.050781
0 0.673380 0.381120 0.043981 0.040885
0 0.403935 0.420182 0.034722 0.051302
0 0.341898 0.588151 0.040278 0.043490
0 0.088426 0.709245 0.042593 0.040885
0 0.492361 0.773047 0.035648 0.048698
0 0.740046 0.415625 0.077315 0.021354
0 0.515509 0.356380 0.072685 0.022656
0 0.881250 0.200130 0.072685 0.022656
0 0.084954 0.368099 0.035648 0.046094
0 0.663194 0.693620 0.081019 0.020052
0 0.929861 0.592057 0.031019 0.051302
0 0.603472 0.351172 0.026389 0.059115
0 0.536343 0.507422 0.068056 0.022656
0 0.660880 0.885026 0.067130 0.022656
0 0.086111 0.142187 0.028704 0.052604
0 0.774769 0.212500 0.035648 0.042188
0 0.230787 0.676042 0.040278 0.036979
0 0.544444 0.412109 0.075000 0.019531
0 0.446065 0.602474 0.035648 0.040885
0 0.950694 0.175391 0.035648 0.040885
0 0.594213 0.560547 0.035648 0.040365
0 0.778935 0.506120 0.071759 0.020052
0 0.457639 0.722266 0.031019 0.046094
0 0.818750 0.842057 0.031019 0.046094
0 0.950694 0.635026 0.026389 0.053906
0 0.582639 0.852474 0.095833 0.014844
0 0.413657 0.455078 0.063426 0.022135
0 0.330324 0.621745 0.081944 0.016927
0 0.237731 0.469010 0.100463 0.013542
0 0.624306 0.632422 0.031019 0.043490
0 0.328009 0.731380 0.077315 0.017448
0 0.841898 0.213151 0.077315 0.017448
0 0.524306 0.818620 0.090278 0.014844
0 0.295602 0.494401 0.021759 0.059115
0 0.638194 0.821224 0.086574 0.014844
0 0.089583 0.808203 0.035648 0.035677
0 0.233102 0.528255 0.072685 0.017448
0 0.464583 0.815755 0.035648 0.035156
0 0.320602 0.828776 0.062500 0.019531
0 0.772454 0.400651 0.068056 0.017448
0 0.522454 0.601172 0.031019 0.038281
0 0.918287 0.229818 0.081944 0.014323
0 0.425231 0.624349 0.068056 0.016927
0 0.326852 0.108333 0.070370 0.016146
0 0.478472 0.400651 0.091204 0.012240
0 0.152083 0.743099 0.031019 0.035677
0 0.705324 0.498307 0.026389 0.040885
0 0.941435 0.612891 0.026389 0.040885
0 0.677546 0.211849 0.026389 0.040885
0 0.873843 0.360286 0.030093 0.035677
0 0.719213 0.775391 0.091204 0.011719
0 0.253935 0.804297 0.086574 0.012240
0 0.435648 0.266536 0.070370 0.014844
0 0.094213 0.255859 0.072685 0.014323
0 0.649769 0.634635 0.026389 0.039062
0 0.737269 0.386068 0.071759 0.014323
0 0.878935 0.457943 0.031019 0.033073
0 0.115046 0.348568 0.031019 0.033073
0 0.332176 0.885026 0.020833 0.048698
0 0.615046 0.810807 0.068056 0.014844
0 0.142361 0.236589 0.057870 0.017448
0 0.795602 0.227474 0.021759 0.046094
0 0.848843 0.179297 0.081944 0.012240
0 0.464120 0.918880 0.081019 0.012240
0 0.936806 0.263281 0.026389 0.036979
0 0.346065 0.787370 0.020833 0.046094
0 0.883565 0.140234 0.021759 0.043490
0 0.786343 0.726172 0.021759 0.043490
0 0.392824 0.758724 0.031019 0.030469
0 0.767824 0.480078 0.031019 0.030469
0 0.483102 0.700130 0.017130 0.053906
0 0.399306 0.719661 0.062500 0.014844
0 0.491898 0.610286 0.025463 0.035677
0 0.867361 0.830990 0.026389 0.034375
0 0.753935 0.612240 0.031019 0.029167
0 0.598843 0.236589 0.072685 0.012240
0 0.492361 0.572526 0.072685 0.012240
0 0.635417 0.502214 0.071759 0.012240
0 0.475000 0.102214 0.028704 0.029948
0 0.130787 0.264974 0.071759 0.011719
0 0.378472 0.700130 0.030093 0.027865
0 0.534028 0.677083 0.026389 0.031250
0 0.455324 0.626563 0.072685 0.010937
0 0.849306 0.503255 0.025463 0.029948
0 0.584954 0.757422 0.017130 0.043490
0 0.453009 0.459245 0.077315 0.009635
0 0.869676 0.299089 0.021759 0.033073
0 0.596528 0.650651 0.058796 0.012240
0 0.082639 0.585547 0.021759 0.033073
0 0.571065 0.308203 0.072685 0.009635
0 0.348843 0.628516 0.072685 0.009635
0 0.014352 0.867448 0.024074 0.029167
0 0.690972 0.618099 0.016204 0.040885
0 0.052083 0.586849 0.016204 0.040885
0 0.733102 0.715755 0.017130 0.038281
0 0.137731 0.565365 0.076389 0.008333
0 0.746991 0.839844 0.017130 0.036458
0 0.784028 0.808203 0.017130 0.035677
0 0.656713 0.444922 0.021759 0.027865
0 0.584491 0.599870 0.062500 0.009635
0 0.318750 0.373307 0.058796 0.009635
0 0.496991 0.791276 0.017130 0.033073
0 0.906713 0.271745 0.021759 0.025260
0 0.950231 0.411068 0.016204 0.033073
0 0.421759 0.688411 0.051852 0.009635
0 0.846528 0.797135 0.058796 0.008333
0 0.105324 0.541276 0.039352 0.012240
0 0.409028 0.090755 0.063426 0.007031
0 0.138194 0.393880 0.012500 0.035156
0 0.082639 0.243099 0.021759 0.020052
0 0.138889 0.278255 0.050926 0.007031
0 0.437963 0.548177 0.010185 0.031250
0 0.561806 0.043620 0.026389 0.006510
