0 0.910185 0.957943 0.176852 0.053906
0 0.149769 0.575130 0.165278 0.048698
0 0.858102 0.240495 0.137500 0.040885
0 0.865046 0.521745 0.077315 0.072135
0 0.382407 0.839453 0.075000 0.072135
0 0.936343 0.108724 0.062500 0.069010
0 0.566435 0.261328 0.063426 0.066927
0 0.156713 0.159766 0.114352 0.035677
0 0.750463 0.487891 0.107407 0.035677
0 0.484954 0.256120 0.113426 0.030469
0 0.439120 0.124609 0.049537 0.069531
0 0.203009 0.863932 0.058796 0.058594
0 0.834954 0.486589 0.044907 0.069531
0 0.348843 0.773047 0.109722 0.027865
0 0.244676 0.442318 0.123611 0.022656
0 0.047917 0.753516 0.054167 0.051302
0 0.691435 0.245703 0.044907 0.061719
0 0.855324 0.217057 0.048611 0.056510
0 0.091898 0.744401 0.040278 0.064323
0 0.065972 0.330078 0.053241 0.048177
0 0.788657 0.204687 0.118981 0.021354
0 0.668287 0.343099 0.091204 0.027344
0 0.899769 0.625911 0.044907 0.051302
0 0.781713 0.829036 0.049537 0.046094
0 0.566435 0.726172 0.044907 0.048698
0 0.159028 0.233984 0.035648 0.059115
0 0.508565 0.750911 0.105093 0.020052
0 0.499306 0.812760 0.086574 0.023958
0 0.441435 0.214453 0.081944 0.025260
0 0.596528 0.355078 0.040278 0.051302
0 0.559491 0.444922 0.086574 0.022656
0 0.469213 0.168880 0.044907 0.043490
0 0.207639 0.495703 0.077315 0.025260
0 0.192593 0.675391 0.075000 0.025260
0 0.376620 0.239193 0.081944 0.022656
0 0.093750 0.340104 0.043981 0.042188
0 0.205324 0.649349 0.072685 0.025260
0 0.603472 0.231120 0.081944 0.022135
0 0.797917 0.904297 0.072685 0.024740
0 0.250463 0.108724 0.079630 0.022135
0 0.314120 0.433203 0.031019 0.056510
0 0.161343 0.205339 0.077315 0.022656
0 0.064815 0.241146 0.078704 0.021354
0 0.293981 0.741797 0.074074 0.022656
0 0.837269 0.263932 0.040278 0.040885
0 0.024769 0.454036 0.035648 0.046094
0 0.834954 0.896745 0.035648 0.046094
0 0.038657 0.648047 0.026389 0.059115
0 0.054861 0.189714 0.031019 0.048698
0 0.679861 0.752214 0.031019 0.048698
0 0.034028 0.284766 0.035648 0.040885
0 0.853472 0.806901 0.026389 0.053906
0 0.096528 0.469661 0.095833 0.014844
0 0.469213 0.110026 0.072685 0.019531
0 0.730324 0.232682 0.039352 0.035677
0 0.765509 0.447266 0.063426 0.022135
0 0.494676 0.834245 0.068056 0.020052
0 0.788657 0.231380 0.035648 0.038281
0 0.198380 0.319922 0.031019 0.043490
0 0.895139 0.361328 0.035648 0.037760
0 0.660880 0.502214 0.030093 0.043490
0 0.748148 0.900000 0.079630 0.016146
0 0.608102 0.810807 0.035648 0.035677
0 0.311806 0.567318 0.072685 0.017448
0 0.941435 0.774349 0.081944 0.014844
0 0.080324 0.164974 0.026389 0.046094
0 0.781713 0.068620 0.058796 0.020052
0 0.862731 0.314063 0.072685 0.016146
0 0.814120 0.707682 0.031019 0.037760
0 0.557176 0.103516 0.035648 0.032552
0 0.161343 0.513932 0.077315 0.014844
0 0.223843 0.385026 0.026389 0.043490
0 0.638194 0.789974 0.077315 0.014844
0 0.034028 0.533464 0.026389 0.043490
0 0.543287 0.780859 0.026389 0.043490
0 0.749306 0.808203 0.021759 0.051302
0 0.733102 0.912370 0.072685 0.014844
0 0.195602 0.599870 0.071759 0.014844
0 0.726157 0.440365 0.031019 0.034375
0 0.665972 0.270443 0.021759 0.048698
0 0.953009 0.338151 0.021759 0.048698
0 0.461806 0.539714 0.030093 0.035156
0 0.059491 0.754818 0.031019 0.033073
0 0.785880 0.418880 0.020833 0.048698
0 0.867361 0.468359 0.026389 0.038281
0 0.846528 0.347266 0.068056 0.014844
0 0.818750 0.714453 0.068056 0.014844
0 0.373843 0.210547 0.057870 0.017448
0 0.538657 0.361589 0.081944 0.012240
0 0.283565 0.093359 0.081019 0.012240
0 0.662037 0.395443 0.078704 0.012240
0 0.899769 0.789974 0.026389 0.035677
0 0.309028 0.164974 0.030093 0.030469
0 0.309491 0.240495 0.021759 0.040885
0 0.957639 0.224870 0.021759 0.040885
0 0.538657 0.581380 0.017130 0.050781
0 0.355787 0.224870 0.058796 0.014844
0 0.767824 0.506120 0.086574 0.009635
0 0.362731 0.360026 0.091204 0.009115
0 0.934491 0.244141 0.049537 0.016927
0 0.593056 0.324479 0.051852 0.016146
0 0.703009 0.637630 0.068056 0.012240
0 0.628935 0.252214 0.068056 0.012240
0 0.763194 0.232682 0.021759 0.035677
0 0.714583 0.299089 0.063426 0.012240
0 0.170139 0.287370 0.020833 0.035677
0 0.734954 0.084245 0.020833 0.035677
0 0.561806 0.845964 0.026389 0.027865
0 0.165972 0.190365 0.086574 0.008333
0 0.272454 0.190365 0.086574 0.008333
0 0.753935 0.387630 0.021759 0.033073
0 0.360417 0.273047 0.058796 0.012240
0 0.228009 0.335547 0.016204 0.043490
0 0.422917 0.177995 0.017130 0.040885
0 0.065972 0.369141 0.016204 0.042969
0 0.672917 0.623958 0.026389 0.026562
0 0.376620 0.419922 0.017130 0.040365
0 0.191435 0.227214 0.072685 0.009115
0 0.716898 0.282161 0.068056 0.009635
0 0.341898 0.896745 0.068056 0.009635
0 0.885880 0.857682 0.017130 0.035677
0 0.890509 0.396745 0.017130 0.035677
0 0.649769 0.870052 0.017130 0.034375
0 0.566435 0.227214 0.063426 0.009115
0 0.565972 0.396745 0.016204 0.035677
0 0.328009 0.314063 0.021759 0.026562
0 0.830324 0.835547 0.017130 0.033073
0 0.050231 0.341797 0.021759 0.024740
0 0.848843 0.404948 0.017130 0.031250
0 0.478472 0.201432 0.017130 0.030469
0 0.446065 0.204036 0.017130 0.030469
0 0.228472 0.289323 0.017130 0.029167
0 0.684491 0.860286 0.049537 0.009635
0 0.071065 0.202474 0.017130 0.027344
0 0.008565 0.222656 0.012500 0.036458
0 0.991204 0.890885 0.014815 0.029167
0 0.628472 0.177995 0.011574 0.035677
0 0.603472 0.073828 0.017130 0.020052
0 0.681019 0.171224 0.042593 0.006510
