0 0.529398 0.616797 0.220833 0.048698
0 0.862731 0.592057 0.091204 0.082552
0 0.115741 0.791276 0.078704 0.085156
0 0.915509 0.128516 0.131944 0.035677
0 0.810185 0.321875 0.060185 0.068229
0 0.918287 0.667578 0.035648 0.113802
0 0.809491 0.812109 0.132870 0.027865
0 0.834954 0.572526 0.128241 0.027865
0 0.840741 0.159115 0.047222 0.065625
0 0.436806 0.498307 0.118981 0.025260
0 0.360417 0.168880 0.086574 0.027865
0 0.157407 0.420833 0.032407 0.073438
0 0.903935 0.220964 0.043981 0.053906
0 0.346528 0.845964 0.132870 0.017448
0 0.213426 0.522786 0.033333 0.063802
0 0.545602 0.448828 0.105093 0.020052
0 0.765509 0.248307 0.044907 0.046094
0 0.793287 0.761328 0.035648 0.056510
0 0.890509 0.011328 0.091204 0.020052
0 0.986574 0.793880 0.024074 0.074740
0 0.950231 0.771745 0.043981 0.040885
0 0.177546 0.602474 0.026389 0.066927
0 0.241204 0.608984 0.033333 0.048698
0 0.859954 0.446224 0.039352 0.040885
0 0.809491 0.479818 0.031019 0.050781
0 0.121991 0.546484 0.026389 0.059115
0 0.689120 0.319661 0.068056 0.022135
0 0.476157 0.426693 0.105093 0.012240
0 0.744676 0.129557 0.021759 0.058594
0 0.820602 0.889974 0.099537 0.011719
0 0.119213 0.806901 0.020833 0.053906
0 0.952315 0.198828 0.023148 0.046094
0 0.258565 0.492188 0.021759 0.044271
0 0.848843 0.271745 0.017130 0.046094
0 0.728472 0.444922 0.063426 0.012240
0 0.788194 0.381120 0.016204 0.046094
0 0.702546 0.396745 0.020833 0.030469
0 0.045602 0.698568 0.012500 0.035156
0 0.098843 0.993099 0.044907 0.009635
