0 0.066435 0.854427 0.100463 0.091667
0 0.582639 0.413411 0.132870 0.032552
0 0.172917 0.460547 0.063426 0.064323
0 0.145139 0.547786 0.118981 0.030469
0 0.628472 0.241146 0.057870 0.057813
0 0.397454 0.786719 0.058796 0.055208
0 0.718056 0.219661 0.098148 0.030469
0 0.782870 0.784115 0.098148 0.029167
0 0.353472 0.807943 0.044907 0.061198
0 0.113889 0.265885 0.047222 0.055208
0 0.462269 0.552995 0.049537 0.051302
0 0.371528 0.330990 0.043981 0.055208
0 0.557176 0.538672 0.044907 0.053906
0 0.689120 0.717057 0.031019 0.077344
0 0.807176 0.869141 0.044907 0.053385
0 0.378472 0.692318 0.048611 0.048698
0 0.064120 0.241797 0.031019 0.074740
0 0.946065 0.718359 0.035648 0.064323
0 0.698380 0.568620 0.049537 0.046094
0 0.575694 0.877214 0.081944 0.027865
0 0.367361 0.608984 0.081944 0.027865
0 0.977315 0.293620 0.042593 0.053385
0 0.966898 0.235026 0.049537 0.045573
0 0.900926 0.316016 0.037963 0.056510
0 0.307176 0.122005 0.091204 0.022656
0 0.507407 0.452734 0.047222 0.043490
0 0.720370 0.385026 0.037963 0.053906
0 0.226157 0.439714 0.031019 0.064323
0 0.525463 0.204687 0.046296 0.042188
0 0.237731 0.702474 0.044907 0.042969
0 0.193750 0.352474 0.095833 0.020052
0 0.855787 0.798828 0.086574 0.022135
0 0.388657 0.384766 0.085648 0.022135
0 0.311806 0.625260 0.044907 0.042188
0 0.321065 0.729427 0.100463 0.018750
0 0.243056 0.555599 0.074074 0.025260
0 0.837269 0.741797 0.031019 0.059115
0 0.344213 0.771745 0.072685 0.025260
0 0.668287 0.644141 0.072685 0.025260
0 0.649769 0.706641 0.044907 0.040885
0 0.645139 0.417578 0.035648 0.051302
0 0.260880 0.198568 0.072685 0.024740
0 0.612731 0.358333 0.109722 0.016146
0 0.263194 0.385026 0.040278 0.043490
0 0.884722 0.279557 0.116667 0.014844
0 0.885880 0.666276 0.035648 0.048698
0 0.508565 0.750911 0.086574 0.020052
0 0.693287 0.534766 0.113426 0.014844
0 0.564120 0.330990 0.123611 0.013542
0 0.146991 0.166276 0.094907 0.017448
0 0.684491 0.435807 0.040278 0.040885
0 0.552546 0.641536 0.081944 0.020052
0 0.825694 0.279557 0.035648 0.046094
0 0.829861 0.712240 0.034722 0.046875
0 0.633102 0.482682 0.039352 0.040885
0 0.171759 0.365495 0.079630 0.020052
0 0.145139 0.234375 0.035648 0.044271
0 0.365046 0.467057 0.105093 0.014844
0 0.668287 0.437109 0.035648 0.043490
0 0.503935 0.525651 0.068056 0.022656
0 0.869676 0.622005 0.040278 0.038281
0 0.578009 0.322526 0.068056 0.022656
0 0.797917 0.382682 0.035648 0.042969
0 0.554861 0.405859 0.086574 0.017448
0 0.730787 0.697266 0.068056 0.022135
0 0.322222 0.523047 0.037963 0.038281
0 0.402083 0.500911 0.031019 0.046094
0 0.726157 0.766536 0.095833 0.014844
0 0.943750 0.784505 0.031019 0.045573
0 0.784028 0.700781 0.035648 0.039583
0 0.303704 0.681901 0.028704 0.048698
0 0.228472 0.767578 0.081944 0.016927
0 0.082639 0.469661 0.068056 0.020052
0 0.087269 0.507422 0.031019 0.043490
0 0.272454 0.275651 0.031019 0.043490
0 0.490046 0.442318 0.031019 0.043490
0 0.691435 0.898047 0.026389 0.048698
0 0.124306 0.177995 0.086574 0.014844
0 0.582176 0.628516 0.085648 0.014844
0 0.446065 0.763932 0.035648 0.035677
0 0.547917 0.860286 0.063426 0.020052
0 0.071065 0.430599 0.035648 0.035677
0 0.265509 0.783464 0.072685 0.017448
0 0.228009 0.148047 0.071759 0.017448
0 0.323380 0.360938 0.077315 0.016146
0 0.645139 0.663672 0.100463 0.012240
0 0.409028 0.237891 0.026389 0.046094
0 0.381250 0.844661 0.081944 0.014844
0 0.133565 0.153255 0.068056 0.017448
0 0.582639 0.525651 0.031019 0.038281
0 0.790972 0.533464 0.031019 0.038281
0 0.781250 0.482682 0.020833 0.056510
0 0.235417 0.360286 0.058796 0.020052
0 0.344213 0.258464 0.081944 0.014323
0 0.672917 0.741536 0.035648 0.032552
0 0.735417 0.615495 0.021759 0.051302
0 0.772454 0.193620 0.021759 0.051302
0 0.825694 0.926693 0.091204 0.012240
0 0.530556 0.615495 0.075000 0.014844
0 0.378935 0.094661 0.031019 0.035677
0 0.608102 0.219661 0.026389 0.040885
0 0.815972 0.166927 0.025463 0.042188
0 0.137731 0.525651 0.085648 0.012240
0 0.885417 0.256120 0.025463 0.040885
0 0.767361 0.390885 0.030093 0.034375
0 0.096528 0.713151 0.031019 0.033073
0 0.536343 0.554297 0.031019 0.033073
0 0.962269 0.141536 0.068056 0.014844
0 0.941435 0.892839 0.026389 0.038281
0 0.765509 0.582943 0.026389 0.038281
0 0.799769 0.317057 0.020833 0.048177
0 0.459954 0.095964 0.081944 0.012240
0 0.054861 0.628516 0.021759 0.046094
0 0.309028 0.823828 0.067130 0.014844
0 0.756250 0.546224 0.026389 0.037760
0 0.948380 0.677734 0.021759 0.045573
0 0.489583 0.779557 0.020833 0.046094
0 0.763194 0.502214 0.021759 0.043490
0 0.888194 0.184505 0.021759 0.043490
0 0.943750 0.223568 0.021759 0.043490
0 0.735417 0.283464 0.021759 0.043490
0 0.665972 0.111589 0.021759 0.043490
0 0.279398 0.650391 0.054167 0.016927
0 0.966898 0.555990 0.021759 0.041667
0 0.409028 0.206641 0.091204 0.009635
0 0.679861 0.831641 0.058796 0.014844
0 0.211806 0.265234 0.030093 0.027865
0 0.837269 0.562109 0.021759 0.038281
0 0.869676 0.731380 0.021759 0.038281
0 0.267824 0.434505 0.068056 0.012240
0 0.920602 0.226172 0.021759 0.038281
0 0.285185 0.796484 0.065741 0.012240
0 0.538657 0.485286 0.026389 0.030469
0 0.767361 0.348568 0.020833 0.038281
0 0.850694 0.194922 0.020833 0.038281
0 0.788657 0.422786 0.017130 0.046094
0 0.344213 0.663672 0.063426 0.012240
0 0.471528 0.214453 0.021759 0.035677
0 0.263194 0.602474 0.021759 0.035677
0 0.653935 0.386328 0.025463 0.030469
0 0.862269 0.438151 0.025463 0.029948
0 0.940972 0.526953 0.016204 0.046094
0 0.904398 0.624609 0.017130 0.043490
0 0.274769 0.689453 0.063426 0.011719
0 0.260880 0.817318 0.026389 0.027865
0 0.550231 0.503255 0.077315 0.009115
0 0.498843 0.662109 0.076389 0.009115
0 0.469213 0.993750 0.063426 0.010937
0 0.219213 0.719661 0.026389 0.025260
0 0.885880 0.556641 0.017130 0.037760
0 0.570602 0.582943 0.016204 0.038281
0 0.931019 0.625911 0.014815 0.040885
0 0.881250 0.688151 0.017130 0.035156
0 0.409028 0.687109 0.017130 0.033073
0 0.802546 0.088151 0.017130 0.033073
0 0.552546 0.442318 0.044907 0.012240
0 0.221528 0.667578 0.021759 0.025260
0 0.746528 0.510026 0.016204 0.033073
0 0.492361 0.699870 0.044907 0.011719
0 0.420602 0.122005 0.040278 0.012240
0 0.665972 0.318620 0.049537 0.009635
0 0.760880 0.460547 0.017130 0.027865
0 0.952546 0.585547 0.011574 0.038281
0 0.603472 0.568620 0.044907 0.009635
0 0.369676 0.655599 0.058796 0.006510
0 0.860417 0.492839 0.040278 0.009115
0 0.882407 0.848568 0.042593 0.007031
