0 0.119676 0.510026 0.142130 0.043490
0 0.671296 0.629818 0.069444 0.064323
0 0.608102 0.207292 0.137500 0.031771
0 0.642824 0.296224 0.132870 0.032552
0 0.734954 0.603776 0.067130 0.064323
0 0.896296 0.340495 0.112037 0.037760
0 0.578704 0.762630 0.060185 0.059115
0 0.390046 0.766536 0.062500 0.056510
0 0.816435 0.646745 0.035648 0.098177
0 0.640509 0.527995 0.100463 0.032552
0 0.432176 0.681901 0.109722 0.027865
0 0.758565 0.858984 0.049537 0.059115
0 0.800231 0.219661 0.114352 0.025260
0 0.840741 0.780859 0.037963 0.074740
0 0.406713 0.524349 0.049537 0.051302
0 0.476157 0.521745 0.095833 0.025260
0 0.828009 0.827734 0.086574 0.027865
0 0.790972 0.622005 0.040278 0.059115
0 0.263194 0.222005 0.095833 0.024740
0 0.714583 0.357682 0.091204 0.025260
0 0.524769 0.150651 0.035648 0.064323
0 0.276620 0.628516 0.048611 0.046094
0 0.370833 0.429297 0.079630 0.027865
0 0.415972 0.628516 0.086574 0.025260
0 0.417130 0.266536 0.042593 0.051302
0 0.249306 0.614193 0.095833 0.022656
0 0.659028 0.555599 0.081944 0.025260
0 0.390509 0.576432 0.081944 0.025260
0 0.772454 0.628516 0.040278 0.051302
0 0.248148 0.358984 0.047222 0.043490
0 0.554861 0.244401 0.114352 0.017448
0 0.728472 0.312760 0.035648 0.050000
0 0.042824 0.743099 0.034722 0.051302
0 0.828009 0.355078 0.031019 0.056510
0 0.948380 0.257422 0.040278 0.043490
0 0.672454 0.244401 0.099537 0.017448
0 0.568750 0.177995 0.086574 0.020052
0 0.639352 0.254818 0.075000 0.022656
0 0.625463 0.627865 0.088889 0.018750
0 0.654398 0.727474 0.035648 0.046094
0 0.366898 0.711849 0.108796 0.014844
0 0.822917 0.434245 0.030093 0.053385
0 0.887731 0.831641 0.039352 0.040885
0 0.851157 0.891536 0.031019 0.051302
0 0.288194 0.132161 0.071759 0.022135
0 0.594213 0.265234 0.035648 0.043490
0 0.367361 0.158464 0.035648 0.043490
0 0.471528 0.167578 0.077315 0.020052
0 0.957639 0.327734 0.040278 0.038281
0 0.329861 0.567318 0.034722 0.043490
0 0.332639 0.679036 0.068056 0.022135
0 0.589583 0.131120 0.100463 0.014844
0 0.705324 0.383724 0.026389 0.056510
0 0.285185 0.439714 0.037963 0.038281
0 0.449537 0.144141 0.093519 0.014844
0 0.628472 0.422786 0.030093 0.046094
0 0.547917 0.271745 0.091204 0.014844
0 0.494676 0.489193 0.077315 0.017448
0 0.822917 0.231380 0.076389 0.017448
0 0.357639 0.463151 0.034722 0.038281
0 0.449074 0.461849 0.032407 0.040885
0 0.353472 0.644792 0.081944 0.016146
0 0.794444 0.105078 0.065741 0.020052
0 0.552083 0.526953 0.025463 0.051302
0 0.591898 0.691016 0.086574 0.014844
0 0.610417 0.383724 0.086574 0.014844
0 0.574074 0.470313 0.078704 0.016146
0 0.066435 0.873307 0.063426 0.020052
0 0.904398 0.899349 0.035648 0.035677
0 0.635417 0.357682 0.034722 0.035677
0 0.068750 0.167578 0.021759 0.056510
0 0.089583 0.886328 0.081944 0.014844
0 0.558333 0.660417 0.075000 0.016146
0 0.230787 0.095964 0.095833 0.012240
0 0.115046 0.573828 0.058796 0.020052
0 0.267824 0.571224 0.058796 0.020052
0 0.196065 0.265234 0.035648 0.033073
0 0.170602 0.662370 0.058796 0.020052
0 0.679167 0.288411 0.069444 0.016927
0 0.209954 0.718099 0.035648 0.032552
0 0.494676 0.350911 0.068056 0.016927
0 0.221528 0.516536 0.021759 0.051302
0 0.559491 0.329036 0.021759 0.051302
0 0.293287 0.827083 0.026389 0.042188
0 0.115741 0.672135 0.032407 0.034375
0 0.922917 0.338151 0.063426 0.017448
0 0.899769 0.493099 0.026389 0.040885
0 0.746991 0.521484 0.026389 0.040365
0 0.892824 0.205729 0.031019 0.033854
0 0.825694 0.291667 0.026389 0.039062
0 0.814120 0.249609 0.031019 0.033073
0 0.411343 0.356380 0.031019 0.033073
0 0.490046 0.535807 0.086574 0.011719
0 0.608796 0.358073 0.027778 0.036458
0 0.415972 0.495703 0.068056 0.014844
0 0.531713 0.519141 0.021759 0.046094
0 0.726157 0.388932 0.021759 0.046094
0 0.138194 0.450130 0.021759 0.043490
0 0.178704 0.741797 0.028704 0.033073
0 0.946065 0.361589 0.054167 0.017448
0 0.584954 0.485286 0.063426 0.014844
0 0.501620 0.115495 0.063426 0.014844
0 0.814120 0.504167 0.021759 0.042188
0 0.599537 0.168880 0.074074 0.012240
0 0.904398 0.135417 0.026389 0.033854
0 0.749306 0.641536 0.021759 0.040885
0 0.357639 0.786068 0.071759 0.012240
0 0.670602 0.112891 0.058796 0.014844
0 0.360417 0.537370 0.058796 0.014844
0 0.744676 0.125651 0.058796 0.014323
0 0.030556 0.673828 0.019444 0.042969
0 0.834954 0.090104 0.026389 0.031771
0 0.652083 0.176693 0.021759 0.038281
0 0.045602 0.595964 0.021759 0.038281
0 0.473843 0.602214 0.026389 0.029948
0 0.159028 0.885026 0.063426 0.012240
0 0.705324 0.095964 0.063426 0.012240
0 0.090741 0.849609 0.084259 0.009115
0 0.393981 0.318620 0.014815 0.051302
0 0.839120 0.579036 0.016204 0.046094
0 0.274769 0.702474 0.063426 0.011719
0 0.774769 0.161719 0.054167 0.013542
0 0.744676 0.270443 0.021759 0.033073
0 0.734954 0.674089 0.057870 0.012240
0 0.159028 0.870703 0.072685 0.009635
0 0.719213 0.524089 0.017130 0.040365
0 0.061806 0.643880 0.017130 0.040365
0 0.746991 0.148698 0.081944 0.008333
0 0.774769 0.140234 0.054167 0.012240
0 0.138194 0.172786 0.021759 0.030469
0 0.425231 0.128516 0.068056 0.009635
0 0.946065 0.507422 0.017130 0.038281
0 0.922917 0.447526 0.017130 0.038281
0 0.425231 0.472005 0.021759 0.029948
0 0.385417 0.635026 0.053241 0.012240
0 0.457639 0.620052 0.021759 0.029167
0 0.601157 0.224609 0.068056 0.009115
0 0.811806 0.151953 0.063426 0.009635
0 0.876620 0.508724 0.063426 0.009635
0 0.378472 0.601823 0.020833 0.029167
0 0.777083 0.095964 0.049537 0.012240
0 0.117361 0.703385 0.017130 0.034375
0 0.959954 0.848568 0.017130 0.033073
0 0.610417 0.425391 0.021759 0.025260
0 0.346528 0.860026 0.058796 0.009115
0 0.339120 0.582682 0.016204 0.032552
0 0.929861 0.851823 0.021759 0.023958
0 0.904398 0.307943 0.017130 0.029948
0 0.073380 0.614193 0.012500 0.038281
0 0.781713 0.121745 0.021759 0.022135
0 0.443750 0.090495 0.068056 0.006510
0 0.431713 0.872005 0.053241 0.007031
0 0.561806 0.041016 0.026389 0.006510
