0 0.101157 0.624609 0.086574 0.079948
0 0.091898 0.848828 0.068056 0.100260
0 0.586111 0.319661 0.121296 0.037760
0 0.259259 0.137630 0.125000 0.033073
0 0.547917 0.385026 0.063426 0.059115
0 0.786806 0.779297 0.113426 0.029948
0 0.087269 0.605078 0.049537 0.066927
0 0.200694 0.599219 0.054167 0.060417
0 0.749306 0.723568 0.058796 0.053906
0 0.300231 0.283464 0.105093 0.027865
0 0.228472 0.635026 0.054167 0.053906
0 0.510880 0.747005 0.100463 0.027865
0 0.774769 0.881120 0.109722 0.025260
0 0.120833 0.664974 0.051852 0.051302
0 0.328009 0.716797 0.086574 0.029948
0 0.624306 0.543229 0.114352 0.021354
0 0.501620 0.622005 0.044907 0.053906
0 0.767824 0.489193 0.049537 0.048698
0 0.332639 0.627214 0.049537 0.048698
0 0.487731 0.394141 0.118981 0.020052
0 0.774306 0.575130 0.043981 0.053906
0 0.343750 0.444661 0.043981 0.053385
0 0.422454 0.787370 0.090278 0.025260
0 0.763194 0.226172 0.095833 0.022656
0 0.260880 0.760026 0.118981 0.017448
0 0.668287 0.455339 0.118981 0.017448
0 0.365046 0.392839 0.040278 0.048698
0 0.564120 0.618099 0.077315 0.025260
0 0.888889 0.326432 0.041667 0.046094
0 0.707639 0.519792 0.040278 0.047396
0 0.821065 0.903255 0.081944 0.022656
0 0.659028 0.861589 0.081944 0.022656
0 0.943750 0.698828 0.040278 0.046094
0 0.837269 0.431901 0.031019 0.059115
0 0.679861 0.313151 0.040278 0.045573
0 0.566435 0.131120 0.072685 0.025260
0 0.656713 0.194661 0.105093 0.016927
0 0.385880 0.734375 0.035648 0.049479
0 0.746528 0.448568 0.034722 0.050781
0 0.434491 0.147786 0.077315 0.022135
0 0.853009 0.551693 0.034722 0.048698
0 0.767361 0.384766 0.039352 0.042969
0 0.369676 0.698828 0.040278 0.040885
0 0.802546 0.524349 0.035648 0.046094
0 0.219213 0.480078 0.081944 0.020052
0 0.137731 0.497005 0.131944 0.012240
0 0.422917 0.767188 0.035648 0.044792
0 0.748843 0.626563 0.030093 0.052604
0 0.522454 0.170182 0.105093 0.014844
0 0.295602 0.852474 0.077315 0.020052
0 0.371991 0.247005 0.035648 0.043490
0 0.180324 0.291276 0.067130 0.022656
0 0.167824 0.390885 0.081019 0.018750
0 0.522454 0.640234 0.031019 0.048698
0 0.343750 0.260026 0.025463 0.059115
0 0.473843 0.495703 0.072685 0.020052
0 0.927546 0.495703 0.035648 0.040885
0 0.728472 0.414062 0.026389 0.054688
0 0.788657 0.819922 0.026389 0.053906
0 0.714583 0.338151 0.026389 0.053906
0 0.272454 0.197526 0.021759 0.064323
0 0.603009 0.599609 0.071759 0.019531
0 0.515509 0.556250 0.026389 0.052604
0 0.537500 0.796484 0.079630 0.017448
0 0.624306 0.157161 0.068056 0.020052
0 0.912500 0.704036 0.033333 0.040885
0 0.807176 0.370703 0.026389 0.051302
0 0.649769 0.901953 0.091204 0.014844
0 0.196065 0.334896 0.063426 0.021354
0 0.633565 0.095964 0.077315 0.017448
0 0.844213 0.264974 0.035648 0.037760
0 0.325694 0.254557 0.035648 0.037760
0 0.170602 0.677995 0.086574 0.014844
0 0.929861 0.776953 0.086574 0.014844
0 0.596528 0.849219 0.068056 0.018750
0 0.779398 0.339453 0.035648 0.035677
0 0.524769 0.843359 0.072685 0.017448
0 0.159028 0.142839 0.072685 0.017448
0 0.054861 0.201432 0.031019 0.040885
0 0.321065 0.660417 0.026389 0.047396
0 0.957639 0.802734 0.031019 0.040365
0 0.466898 0.709896 0.077315 0.016146
0 0.450694 0.469661 0.081944 0.014844
0 0.932176 0.873307 0.081944 0.014844
0 0.657407 0.723568 0.069444 0.017448
0 0.147454 0.133724 0.058796 0.020052
0 0.860417 0.676693 0.021759 0.053906
0 0.871991 0.619401 0.026389 0.043490
0 0.480787 0.175391 0.077315 0.014844
0 0.624306 0.754167 0.031019 0.036979
0 0.415509 0.579688 0.104167 0.010937
0 0.341898 0.355078 0.021759 0.051302
0 0.820602 0.095964 0.025463 0.043490
0 0.550231 0.547786 0.031019 0.035677
0 0.830324 0.926693 0.063426 0.017448
0 0.905556 0.366797 0.028704 0.038281
0 0.832176 0.136068 0.076389 0.014323
0 0.355787 0.560547 0.031019 0.035156
0 0.262037 0.456380 0.075000 0.014323
0 0.265509 0.546224 0.063426 0.016927
0 0.332639 0.562109 0.021759 0.048698
0 0.508565 0.317318 0.086574 0.012240
0 0.726157 0.588151 0.021759 0.048698
0 0.925231 0.747005 0.021759 0.048698
0 0.300231 0.348568 0.021759 0.048698
0 0.406250 0.698568 0.020833 0.050781
0 0.773148 0.400391 0.032407 0.032552
0 0.233102 0.211198 0.026389 0.039583
0 0.554861 0.158464 0.058796 0.017448
0 0.387731 0.431901 0.020833 0.048698
0 0.604167 0.522135 0.027778 0.036458
0 0.228472 0.533464 0.026389 0.038281
0 0.230787 0.576432 0.021759 0.046094
0 0.529398 0.431641 0.026389 0.037760
0 0.823380 0.817057 0.058796 0.016927
0 0.395139 0.564453 0.081944 0.011719
0 0.652083 0.314714 0.021759 0.043490
0 0.152083 0.275651 0.077315 0.012240
0 0.686806 0.491797 0.054167 0.017448
0 0.784028 0.093359 0.054167 0.017448
0 0.654398 0.581641 0.026389 0.035677
0 0.232639 0.120703 0.062500 0.014844
0 0.799074 0.306250 0.019444 0.047396
0 0.711806 0.588151 0.020833 0.043490
0 0.577546 0.408464 0.020833 0.043490
0 0.518981 0.516536 0.061111 0.014844
0 0.911343 0.797786 0.021759 0.040885
0 0.667824 0.502214 0.071759 0.012240
0 0.658565 0.135026 0.071759 0.012240
0 0.469213 0.992448 0.063426 0.013542
0 0.415509 0.394141 0.057870 0.014844
0 0.112731 0.767578 0.072685 0.011719
0 0.696065 0.628516 0.026389 0.030469
0 0.758565 0.542969 0.021759 0.036458
0 0.506250 0.302995 0.081944 0.009635
0 0.913657 0.610286 0.017130 0.046094
0 0.080324 0.539974 0.017130 0.046094
0 0.697222 0.290234 0.019444 0.040365
0 0.286343 0.654557 0.021759 0.035677
0 0.163194 0.405859 0.062500 0.012240
0 0.483102 0.186849 0.063426 0.011719
0 0.418287 0.275651 0.026389 0.027865
0 0.962269 0.188411 0.049537 0.014844
0 0.170602 0.441016 0.049537 0.014844
0 0.890046 0.129557 0.062500 0.011719
0 0.179861 0.793880 0.058796 0.012240
0 0.404398 0.534766 0.017130 0.040885
0 0.767824 0.465104 0.021759 0.031771
0 0.871991 0.453385 0.017130 0.039583
0 0.390509 0.141536 0.026389 0.025260
0 0.765509 0.280859 0.017130 0.038281
0 0.955324 0.309505 0.017130 0.038281
0 0.436806 0.434245 0.017130 0.037760
0 0.746991 0.104818 0.044907 0.014323
0 0.871991 0.357422 0.044907 0.014323
0 0.508565 0.320573 0.021759 0.029167
0 0.830324 0.324219 0.017130 0.036458
0 0.263194 0.580339 0.049537 0.012240
0 0.309491 0.856380 0.049537 0.012240
0 0.601157 0.546484 0.049537 0.012240
0 0.746991 0.375651 0.017130 0.035156
0 0.718750 0.430599 0.016204 0.035677
0 0.440972 0.237891 0.016204 0.035677
0 0.774769 0.434505 0.017130 0.033073
0 0.955324 0.598568 0.017130 0.033073
0 0.250000 0.358984 0.046296 0.012240
0 0.369676 0.825130 0.077315 0.007031
0 0.501620 0.463151 0.017130 0.027865
0 0.927546 0.223568 0.017130 0.027865
0 0.427546 0.084245 0.044907 0.009635
0 0.154398 0.155599 0.063426 0.006510
0 0.031250 0.662109 0.011574 0.035156
0 0.290972 0.607682 0.012500 0.030469
0 0.626620 0.801432 0.017130 0.022135
0 0.901620 0.528906 0.011574 0.029167
