0 0.693750 0.854427 0.114352 0.039583
0 0.890509 0.425391 0.054167 0.077344
0 0.691435 0.872005 0.118981 0.033073
0 0.865046 0.296484 0.114352 0.033073
0 0.258565 0.623307 0.123611 0.030469
0 0.696065 0.391536 0.183796 0.020052
0 0.216898 0.244141 0.049537 0.074219
0 0.629630 0.508073 0.115741 0.029167
0 0.542824 0.499609 0.108796 0.027865
0 0.524306 0.276302 0.043981 0.065625
0 0.679861 0.277995 0.105093 0.027344
0 0.375463 0.442318 0.051852 0.053906
0 0.621991 0.566016 0.054167 0.051302
0 0.924074 0.242839 0.037963 0.071615
0 0.271991 0.511328 0.131944 0.020052
0 0.386574 0.249609 0.092593 0.027865
0 0.814120 0.383724 0.049537 0.051302
0 0.526620 0.425391 0.048611 0.051302
0 0.874306 0.560547 0.040278 0.061198
0 0.815278 0.635417 0.051852 0.046875
0 0.836111 0.774349 0.047222 0.051302
0 0.221528 0.478776 0.086574 0.027865
0 0.895139 0.343359 0.081944 0.027865
0 0.640509 0.668880 0.081944 0.027865
0 0.270139 0.478776 0.044907 0.048698
0 0.735417 0.209245 0.086574 0.025260
0 0.749306 0.873047 0.086574 0.024740
0 0.582639 0.157812 0.095833 0.021354
0 0.919444 0.556901 0.037963 0.053906
0 0.163657 0.664974 0.100463 0.020052
0 0.328009 0.367188 0.040278 0.049479
0 0.814120 0.081641 0.077315 0.025260
0 0.497454 0.500651 0.099537 0.019531
0 0.648611 0.828776 0.042593 0.045573
0 0.161343 0.431641 0.040278 0.048177
0 0.432176 0.309245 0.044907 0.042969
0 0.938657 0.336849 0.076389 0.025260
0 0.932176 0.723307 0.044907 0.042969
0 0.802546 0.161068 0.109722 0.017448
0 0.728009 0.150651 0.034722 0.053906
0 0.656713 0.438411 0.040278 0.046094
0 0.319907 0.607031 0.033333 0.055208
0 0.578009 0.473568 0.040278 0.043490
0 0.610417 0.635026 0.040278 0.043490
0 0.160880 0.886328 0.085648 0.020052
0 0.869676 0.210547 0.031019 0.053906
0 0.792824 0.126953 0.034722 0.048177
0 0.871991 0.145443 0.072685 0.022656
0 0.760880 0.804297 0.072685 0.022656
0 0.733102 0.605078 0.081944 0.020052
0 0.703009 0.625260 0.086574 0.018750
0 0.850694 0.816016 0.039352 0.040885
0 0.420602 0.582943 0.040278 0.038281
0 0.287500 0.694271 0.070370 0.021354
0 0.700694 0.552995 0.100463 0.014844
0 0.955324 0.653906 0.026389 0.055208
0 0.464583 0.110286 0.035648 0.040885
0 0.423611 0.838151 0.083333 0.017448
0 0.448380 0.677995 0.095833 0.014844
0 0.209491 0.154557 0.034722 0.040885
0 0.383565 0.731380 0.114352 0.012240
0 0.436806 0.124349 0.063426 0.022135
0 0.270139 0.557292 0.035648 0.039062
0 0.851157 0.261068 0.095833 0.014323
0 0.871991 0.619401 0.035648 0.038281
0 0.645139 0.619401 0.035648 0.038281
0 0.890509 0.478776 0.035648 0.038281
0 0.108102 0.416016 0.035648 0.037760
0 0.715278 0.769141 0.064815 0.020052
0 0.237731 0.439453 0.109722 0.011719
0 0.510880 0.624609 0.026389 0.048698
0 0.603472 0.477474 0.035648 0.035677
0 0.223843 0.355078 0.035648 0.035677
0 0.705324 0.642839 0.072685 0.017448
0 0.309491 0.662370 0.031019 0.040885
0 0.564120 0.188151 0.086574 0.014323
0 0.516204 0.366797 0.032407 0.038281
0 0.616898 0.427995 0.034722 0.035677
0 0.543287 0.555599 0.026389 0.046094
0 0.409028 0.662370 0.081944 0.014844
0 0.275926 0.289714 0.061111 0.019531
0 0.897454 0.108984 0.068056 0.017448
0 0.490741 0.201172 0.060185 0.019531
0 0.973843 0.483724 0.035648 0.032552
0 0.837269 0.694661 0.068056 0.016927
0 0.672917 0.754818 0.026389 0.043490
0 0.235417 0.873307 0.077315 0.014844
0 0.572222 0.713151 0.093519 0.012240
0 0.753935 0.120443 0.058796 0.019531
0 0.262731 0.638672 0.057870 0.019531
0 0.457639 0.566016 0.021759 0.051302
0 0.499306 0.391536 0.021759 0.051302
0 0.522454 0.646745 0.031019 0.035677
0 0.968056 0.793880 0.061111 0.017448
0 0.346528 0.866797 0.086574 0.012240
0 0.521991 0.796484 0.085648 0.012240
0 0.737731 0.177734 0.072685 0.014323
0 0.867361 0.698568 0.072685 0.014323
0 0.420602 0.358984 0.031019 0.033073
0 0.654398 0.179297 0.026389 0.038281
0 0.332639 0.547786 0.068056 0.014844
0 0.293287 0.179297 0.026389 0.038281
0 0.374306 0.310807 0.068056 0.014844
0 0.534028 0.775651 0.026389 0.038281
0 0.371991 0.345964 0.081944 0.012240
0 0.614583 0.677995 0.067130 0.014844
0 0.899769 0.186849 0.026389 0.037760
0 0.358102 0.595703 0.026389 0.037760
0 0.698380 0.586589 0.021759 0.045573
0 0.625000 0.693620 0.032407 0.030469
0 0.325694 0.132161 0.081944 0.011719
0 0.633565 0.762630 0.077315 0.012240
0 0.483102 0.655859 0.054167 0.017448
0 0.659028 0.144141 0.063426 0.014844
0 0.492361 0.826432 0.026389 0.035677
0 0.096528 0.817057 0.021759 0.042969
0 0.564120 0.361849 0.021759 0.042969
0 0.922917 0.610026 0.026389 0.035156
0 0.788194 0.732682 0.025463 0.035677
0 0.371991 0.502214 0.072685 0.012240
0 0.733102 0.345964 0.072685 0.012240
0 0.274769 0.163672 0.026389 0.033073
0 0.915972 0.125911 0.058796 0.014844
0 0.633565 0.578776 0.058796 0.014323
0 0.288194 0.375911 0.016204 0.051302
0 0.781713 0.668880 0.068056 0.012240
0 0.559491 0.640234 0.068056 0.012240
0 0.406713 0.398047 0.068056 0.012240
0 0.369676 0.166276 0.021759 0.038281
0 0.385417 0.681641 0.025463 0.032552
0 0.263194 0.119141 0.021759 0.037760
0 0.692593 0.800391 0.084259 0.009635
0 0.486574 0.730469 0.051852 0.015625
0 0.734259 0.106380 0.065741 0.012240
0 0.422917 0.602474 0.054167 0.014844
0 0.158565 0.231380 0.016204 0.048698
0 0.510880 0.224870 0.017130 0.046094
0 0.897454 0.711849 0.021759 0.035677
0 0.177546 0.526302 0.017130 0.044792
0 0.857639 0.115495 0.016204 0.046094
0 0.846528 0.672786 0.077315 0.009635
0 0.285880 0.898047 0.057870 0.012240
0 0.677546 0.417578 0.017130 0.040885
0 0.975000 0.709245 0.047222 0.014844
0 0.630787 0.891536 0.071759 0.009635
0 0.297454 0.417578 0.016204 0.040885
0 0.367361 0.279557 0.044907 0.014844
0 0.964583 0.588151 0.017130 0.038281
0 0.821065 0.603776 0.017130 0.038281
0 0.929398 0.657161 0.020833 0.030469
0 0.972685 0.366797 0.051852 0.012240
0 0.800231 0.208984 0.068056 0.009115
0 0.596528 0.099609 0.068056 0.009115
0 0.658565 0.323828 0.016204 0.035677
0 0.214120 0.112240 0.016204 0.034375
0 0.621991 0.161068 0.044907 0.012240
0 0.392824 0.524089 0.058796 0.009115
0 0.268981 0.240495 0.014815 0.035677
0 0.485417 0.437109 0.021759 0.022656
0 0.825231 0.844401 0.053241 0.009115
0 0.397454 0.772786 0.021759 0.022135
0 0.746991 0.369401 0.017130 0.027865
0 0.547454 0.585286 0.071759 0.006510
0 0.988889 0.546484 0.019444 0.022656
0 0.270139 0.528255 0.035648 0.012240
0 0.517361 0.166276 0.011574 0.033073
0 0.468750 0.184505 0.053241 0.007031
0 0.979630 0.180599 0.037963 0.009635
0 0.457639 0.835547 0.049537 0.007031
0 0.146991 0.825130 0.039352 0.007031
0 0.979630 0.205339 0.037963 0.007031
0 0.612731 0.030599 0.026389 0.006510
0 0.662500 0.997656 0.024074 0.003125
