0 0.497685 0.695312 0.064815 0.075521
0 0.589583 0.343359 0.054167 0.069531
0 0.251620 0.700130 0.109722 0.033073
0 0.346065 0.208984 0.048611 0.071615
0 0.871991 0.515234 0.100463 0.033073
0 0.906250 0.131120 0.048611 0.066927
0 0.802546 0.485286 0.100463 0.030469
0 0.432176 0.495703 0.054167 0.056510
0 0.081019 0.589453 0.092593 0.030469
0 0.640509 0.269141 0.091204 0.030469
0 0.750463 0.616797 0.042593 0.059115
0 0.343750 0.746745 0.090278 0.027344
0 0.506250 0.205339 0.044907 0.053906
0 0.407870 0.188411 0.042593 0.056510
0 0.784028 0.529557 0.091204 0.025260
0 0.723843 0.422786 0.044907 0.051302
0 0.624306 0.490495 0.049537 0.046094
0 0.607639 0.744141 0.081019 0.027344
0 0.804861 0.906901 0.086574 0.024740
0 0.652083 0.245703 0.105093 0.020052
0 0.103472 0.692318 0.035648 0.059115
0 0.388194 0.870443 0.040278 0.050781
0 0.501620 0.107682 0.035648 0.056510
0 0.790972 0.653255 0.086574 0.022656
0 0.756250 0.827734 0.044907 0.043490
0 0.328009 0.696224 0.077315 0.025260
0 0.371528 0.656901 0.099537 0.019531
0 0.473843 0.509375 0.044907 0.042188
0 0.640046 0.757422 0.081019 0.022656
0 0.251157 0.747005 0.081019 0.022656
0 0.821065 0.391276 0.072685 0.024740
0 0.447222 0.649349 0.037963 0.046094
0 0.256250 0.457943 0.035648 0.048698
0 0.453009 0.495052 0.031019 0.055208
0 0.867361 0.840495 0.026389 0.063802
0 0.746991 0.779948 0.035648 0.046875
0 0.253472 0.858333 0.039352 0.042188
0 0.159028 0.845964 0.072685 0.022656
0 0.464583 0.441016 0.035648 0.046094
0 0.490046 0.539974 0.031019 0.051302
0 0.573380 0.851172 0.040278 0.038281
0 0.353472 0.192057 0.035648 0.042969
0 0.902083 0.869401 0.031019 0.048698
0 0.758565 0.759375 0.040278 0.036979
0 0.510880 0.675391 0.035648 0.040885
0 0.594213 0.762370 0.063426 0.022135
0 0.147454 0.708984 0.095833 0.014323
0 0.121991 0.745703 0.091204 0.014844
0 0.635880 0.209245 0.091204 0.014844
0 0.087269 0.812109 0.031019 0.043490
0 0.684491 0.223307 0.114352 0.011719
0 0.904398 0.488932 0.035648 0.037760
0 0.771991 0.099870 0.067130 0.020052
0 0.642824 0.774089 0.068056 0.019531
0 0.499306 0.719661 0.031019 0.040885
0 0.520139 0.804297 0.072685 0.017448
0 0.723843 0.190755 0.063426 0.019531
0 0.356944 0.480078 0.061111 0.020052
0 0.645139 0.473958 0.035648 0.033854
0 0.128935 0.483984 0.031019 0.038281
0 0.341898 0.452734 0.068056 0.017448
0 0.698380 0.653255 0.095833 0.012240
0 0.966898 0.162109 0.058796 0.019531
0 0.919907 0.469010 0.060185 0.018750
0 0.790972 0.839453 0.021759 0.051302
0 0.915972 0.618099 0.031019 0.035677
0 0.860417 0.157161 0.031019 0.035677
0 0.061806 0.719661 0.026389 0.040885
0 0.427083 0.579036 0.025463 0.040885
0 0.529398 0.281901 0.072685 0.014323
0 0.021991 0.656510 0.030093 0.034375
0 0.101852 0.724870 0.069444 0.014844
0 0.230787 0.421484 0.031019 0.033073
0 0.494213 0.377214 0.030093 0.033073
0 0.898611 0.810807 0.024074 0.040885
0 0.480787 0.849219 0.021759 0.044792
0 0.175231 0.796484 0.021759 0.043490
0 0.603472 0.114193 0.054167 0.017448
0 0.052546 0.646745 0.026389 0.035677
0 0.547454 0.663672 0.053241 0.017448
0 0.253935 0.188151 0.031019 0.029948
0 0.316435 0.820964 0.063426 0.014323
0 0.922917 0.406901 0.063426 0.014323
0 0.786343 0.499349 0.077315 0.011719
0 0.962269 0.310807 0.021759 0.040885
0 0.584491 0.892839 0.071759 0.012240
0 0.821065 0.508073 0.063426 0.013542
0 0.929398 0.743099 0.020833 0.040885
0 0.876157 0.633724 0.016204 0.051302
0 0.411343 0.295182 0.021759 0.035677
0 0.200694 0.609635 0.017130 0.044792
0 0.892824 0.750651 0.021759 0.035156
0 0.304861 0.110026 0.021759 0.035156
0 0.795602 0.232682 0.077315 0.009635
0 0.508565 0.444271 0.068056 0.010937
0 0.383102 0.508724 0.020833 0.035677
0 0.443750 0.248307 0.049537 0.014844
0 0.420602 0.773047 0.058796 0.012240
0 0.940972 0.304297 0.016204 0.043490
0 0.145139 0.766536 0.072685 0.009635
0 0.154398 0.693620 0.072685 0.009635
0 0.299074 0.437109 0.056481 0.012240
0 0.596528 0.736328 0.058796 0.011719
0 0.740046 0.503516 0.021759 0.030469
0 0.686806 0.499609 0.017130 0.038281
0 0.265509 0.124609 0.017130 0.038281
0 0.844213 0.835547 0.017130 0.038281
0 0.034028 0.798828 0.017130 0.037760
0 0.638889 0.622005 0.023148 0.027865
0 0.471528 0.179297 0.021759 0.027865
0 0.378935 0.827734 0.021759 0.027865
0 0.681713 0.177995 0.062500 0.009635
0 0.922917 0.494401 0.044907 0.012240
0 0.226157 0.164714 0.021759 0.024740
0 0.455324 0.401953 0.054167 0.009635
0 0.453009 0.365495 0.049537 0.009635
0 0.502778 0.643490 0.056481 0.008333
0 0.582639 0.131120 0.021759 0.020052
0 0.640509 0.426693 0.054167 0.007031
