0 0.862731 0.658464 0.091204 0.100781
0 0.365046 0.344661 0.058796 0.108594
0 0.432176 0.581380 0.054167 0.108073
0 0.721528 0.886328 0.132870 0.040885
0 0.966898 0.394141 0.049537 0.098177
0 0.413657 0.312109 0.118981 0.038281
0 0.193750 0.342057 0.058796 0.072135
0 0.811806 0.765234 0.054167 0.074740
0 0.767824 0.523047 0.049537 0.074740
0 0.753935 0.565365 0.058796 0.060417
0 0.972685 0.458854 0.051852 0.059896
0 0.563657 0.120703 0.122685 0.025260
0 0.799769 0.645443 0.039352 0.074740
0 0.406250 0.767839 0.104167 0.027865
0 0.814120 0.819922 0.123611 0.022656
0 0.839583 0.638932 0.044907 0.061719
0 0.559491 0.600521 0.049537 0.052604
0 0.962269 0.077083 0.049537 0.052604
0 0.420602 0.215755 0.040278 0.059115
0 0.934491 0.837891 0.086574 0.027344
0 0.925231 0.099870 0.049537 0.046094
0 0.601157 0.511589 0.049537 0.045573
0 0.964583 0.642839 0.044907 0.048698
0 0.968056 0.605078 0.042593 0.051302
0 0.116898 0.246094 0.034722 0.062500
0 0.695602 0.601172 0.043981 0.048698
0 0.774306 0.449870 0.043981 0.048177
0 0.862269 0.142839 0.090278 0.022656
0 0.480787 0.652344 0.031019 0.062500
0 0.234954 0.335547 0.085648 0.022656
0 0.586111 0.659766 0.037963 0.046094
0 0.522454 0.701432 0.114352 0.014844
0 0.564120 0.530599 0.031019 0.053385
0 0.890509 0.010026 0.091204 0.017448
0 0.881250 0.200130 0.128241 0.012240
0 0.804398 0.041276 0.076389 0.017448
0 0.508102 0.495703 0.020833 0.061719
0 0.601157 0.414974 0.086574 0.014844
0 0.436806 0.551693 0.026389 0.048698
0 0.980787 0.510677 0.035648 0.034375
0 0.589583 0.072266 0.035648 0.032552
0 0.080324 0.556901 0.026389 0.043490
0 0.760880 0.662370 0.072685 0.014844
0 0.807176 0.059505 0.081944 0.012240
0 0.309491 0.162109 0.021759 0.045573
0 0.971065 0.273698 0.020833 0.044792
0 0.358102 0.835938 0.026389 0.033854
0 0.346528 0.498307 0.021759 0.040885
0 0.385880 0.280208 0.017130 0.036979
0 0.788657 0.019141 0.054167 0.009635
