0 0.951852 0.799089 0.093519 0.100781
0 0.728472 0.068359 0.118981 0.040365
0 0.904398 0.892839 0.054167 0.085156
0 0.441435 0.862240 0.128241 0.034375
0 0.837269 0.886328 0.068056 0.061719
0 0.720370 0.469661 0.112037 0.030469
0 0.563657 0.461198 0.113426 0.029167
0 0.494676 0.537109 0.058796 0.055990
0 0.899769 0.618099 0.044907 0.072135
0 0.155556 0.368099 0.056481 0.056510
0 0.896991 0.051693 0.057870 0.053906
0 0.223843 0.861589 0.100463 0.027865
0 0.941435 0.737891 0.044907 0.061719
0 0.948380 0.861328 0.049537 0.048177
0 0.714120 0.399349 0.043981 0.051302
0 0.071065 0.608984 0.044907 0.048698
0 0.751620 0.864193 0.026389 0.079948
0 0.228472 0.613932 0.035648 0.058594
0 0.698380 0.151302 0.040278 0.050000
0 0.203009 0.906901 0.132870 0.014323
0 0.871991 0.892839 0.026389 0.069531
0 0.679861 0.096615 0.095833 0.018750
0 0.575231 0.429036 0.081019 0.022135
0 0.117361 0.531901 0.091204 0.019531
0 0.369676 0.706641 0.031019 0.056510
0 0.749306 0.821224 0.086574 0.020052
0 0.809491 0.853516 0.077315 0.022135
0 0.558333 0.119401 0.075000 0.022656
0 0.956481 0.078776 0.084259 0.019531
0 0.135880 0.649349 0.035648 0.046094
0 0.802083 0.067057 0.025463 0.063802
0 0.660880 0.653255 0.030093 0.053906
0 0.159722 0.895443 0.092593 0.017448
0 0.538657 0.533464 0.091204 0.017448
0 0.936806 0.400651 0.026389 0.059115
0 0.300231 0.145443 0.077315 0.017448
0 0.855324 0.625911 0.020833 0.056510
0 0.087269 0.110286 0.031019 0.035677
0 0.575694 0.180599 0.091204 0.009635
0 0.869676 0.041276 0.021759 0.038281
0 0.663657 0.029557 0.054167 0.014844
0 0.253935 0.558203 0.077315 0.009635
0 0.758565 0.025651 0.058796 0.012240
0 0.057176 0.378516 0.017130 0.035677
0 0.402083 0.923828 0.049537 0.011719
0 0.656713 0.435807 0.012500 0.040885
0 0.955324 0.043880 0.017130 0.017448
