0 0.089583 0.490495 0.118981 0.040885
0 0.510880 0.219661 0.156019 0.030469
0 0.788657 0.448568 0.054167 0.076823
0 0.550231 0.511328 0.114352 0.035677
0 0.790509 0.701432 0.113426 0.035677
0 0.807176 0.861589 0.054167 0.069531
0 0.601157 0.776693 0.058796 0.061198
0 0.733102 0.855078 0.054167 0.061719
0 0.112731 0.546484 0.054167 0.059115
0 0.279398 0.538672 0.100463 0.027865
0 0.757407 0.274349 0.037963 0.072135
0 0.696065 0.395443 0.118981 0.022656
0 0.494676 0.715755 0.095833 0.027865
0 0.415972 0.646745 0.049537 0.051302
0 0.034028 0.802083 0.044907 0.054688
0 0.165972 0.497005 0.049537 0.048698
0 0.100000 0.845964 0.084259 0.027865
0 0.880787 0.645443 0.081019 0.027865
0 0.797917 0.312109 0.035648 0.059115
0 0.605787 0.573177 0.086574 0.023958
0 0.054861 0.651953 0.040278 0.051302
0 0.348380 0.450130 0.034722 0.059115
0 0.330324 0.732422 0.035648 0.055990
0 0.837269 0.407161 0.077315 0.025260
0 0.579167 0.392188 0.033333 0.057813
0 0.198380 0.879557 0.086574 0.022135
0 0.147454 0.318620 0.040278 0.046094
0 0.487269 0.597266 0.043981 0.040885
0 0.730787 0.553646 0.031019 0.057813
0 0.772454 0.637370 0.105093 0.016927
0 0.366898 0.172526 0.043981 0.040365
0 0.589583 0.222266 0.118981 0.014844
0 0.429861 0.411068 0.040278 0.043490
0 0.272454 0.493099 0.086574 0.020052
0 0.337269 0.676693 0.031019 0.053906
0 0.439120 0.494401 0.031019 0.053906
0 0.751620 0.191016 0.081944 0.020052
0 0.598843 0.284505 0.081944 0.019531
0 0.073380 0.547135 0.040278 0.039583
0 0.656713 0.282161 0.031019 0.051302
0 0.846528 0.881120 0.031019 0.051302
0 0.751620 0.528255 0.026389 0.059115
0 0.425694 0.443620 0.076389 0.020052
0 0.564583 0.240495 0.076389 0.020052
0 0.332639 0.215755 0.123611 0.012240
0 0.115046 0.494141 0.068056 0.022135
0 0.457639 0.210286 0.068056 0.022135
0 0.517361 0.197526 0.085648 0.017448
0 0.598843 0.352474 0.072685 0.020052
0 0.076852 0.249609 0.037963 0.038281
0 0.652083 0.237630 0.031019 0.045573
0 0.860417 0.616797 0.021759 0.064323
0 0.688657 0.120703 0.039352 0.035677
0 0.186806 0.353516 0.063426 0.022135
0 0.299769 0.763932 0.030093 0.046094
0 0.131250 0.293880 0.035648 0.038281
0 0.777083 0.172786 0.068056 0.020052
0 0.459954 0.148047 0.035648 0.038281
0 0.580324 0.480078 0.091204 0.014844
0 0.803704 0.789974 0.037963 0.035677
0 0.615046 0.562109 0.077315 0.017448
0 0.758565 0.135026 0.077315 0.017448
0 0.582639 0.180339 0.068056 0.019531
0 0.064120 0.177344 0.021759 0.060417
0 0.428704 0.668880 0.075000 0.017448
0 0.205324 0.702734 0.026389 0.048698
0 0.623843 0.318620 0.085648 0.014844
0 0.478472 0.404557 0.063426 0.020052
0 0.501620 0.347266 0.063426 0.020052
0 0.341898 0.625911 0.031019 0.040885
0 0.517824 0.433203 0.031019 0.040885
0 0.290972 0.380469 0.031019 0.039583
0 0.756250 0.368099 0.026389 0.046094
0 0.594213 0.500000 0.091204 0.013021
0 0.698380 0.697526 0.031019 0.038281
0 0.377778 0.829036 0.028704 0.040885
0 0.447222 0.685807 0.028704 0.040885
0 0.656250 0.105078 0.057870 0.020052
0 0.767824 0.619141 0.068056 0.016927
0 0.568750 0.521745 0.077315 0.014844
0 0.374306 0.138672 0.058796 0.019531
0 0.437963 0.655859 0.065741 0.017448
0 0.696065 0.272135 0.072685 0.015625
0 0.121991 0.861589 0.091204 0.012240
0 0.540972 0.331641 0.031019 0.035677
0 0.520139 0.157161 0.026389 0.040885
0 0.658565 0.644141 0.071759 0.014844
0 0.439120 0.265234 0.086574 0.012240
0 0.339583 0.523047 0.026389 0.038281
0 0.647454 0.123047 0.068056 0.014323
0 0.289815 0.710547 0.019444 0.048698
0 0.601157 0.491797 0.077315 0.012240
0 0.814120 0.689714 0.077315 0.012240
0 0.214120 0.452083 0.025463 0.036979
0 0.219213 0.245703 0.026389 0.035677
0 0.409028 0.102474 0.063426 0.014844
0 0.524769 0.596354 0.026389 0.033854
0 0.665972 0.480078 0.021759 0.040885
0 0.054861 0.709245 0.021759 0.040885
0 0.691435 0.170182 0.091204 0.009635
0 0.285185 0.881120 0.028704 0.030469
0 0.262731 0.334245 0.057870 0.014844
0 0.693750 0.607682 0.086574 0.009635
0 0.702546 0.627214 0.030093 0.027865
0 0.483102 0.105078 0.026389 0.030469
0 0.471528 0.992448 0.058796 0.013542
0 0.317130 0.893880 0.055556 0.014323
0 0.638194 0.701432 0.021759 0.035677
0 0.663657 0.184505 0.063426 0.012240
0 0.767361 0.450781 0.020833 0.036979
0 0.858102 0.775651 0.017130 0.043490
0 0.212269 0.732682 0.049537 0.014844
0 0.223843 0.674740 0.054167 0.013542
0 0.494676 0.254818 0.021759 0.033073
0 0.922917 0.555599 0.072685 0.009635
0 0.769676 0.551432 0.025463 0.027344
0 0.124306 0.152604 0.021759 0.031771
0 0.462269 0.324479 0.021759 0.031771
0 0.478472 0.635677 0.081944 0.008333
0 0.256250 0.645833 0.017130 0.039062
0 0.487731 0.877214 0.017130 0.038281
0 0.927083 0.452734 0.016204 0.038281
0 0.255787 0.793880 0.016204 0.038281
0 0.964120 0.352474 0.016204 0.035677
0 0.547917 0.405859 0.017130 0.033073
0 0.311806 0.681901 0.044907 0.012240
0 0.946065 0.324479 0.017130 0.031771
0 0.165972 0.128255 0.058796 0.009115
0 0.598380 0.606380 0.016204 0.027865
0 0.360417 0.654557 0.012500 0.035677
0 0.971528 0.487240 0.012500 0.034375
0 0.413194 0.138932 0.043981 0.009635
0 0.952546 0.827734 0.011574 0.022656
0 0.561806 0.041016 0.026389 0.006510
