0 0.446065 0.875651 0.146759 0.035156
0 0.119676 0.650651 0.068056 0.064323
0 0.172917 0.804688 0.054167 0.080729
0 0.277083 0.671875 0.058796 0.062500
0 0.587269 0.642839 0.095833 0.033073
0 0.550231 0.439714 0.049537 0.059115
0 0.089583 0.712891 0.054167 0.053385
0 0.490046 0.782161 0.114352 0.025260
0 0.237269 0.512630 0.099537 0.027865
0 0.144676 0.374609 0.043981 0.059115
0 0.908565 0.116797 0.053241 0.048698
0 0.406713 0.266536 0.049537 0.051302
0 0.603472 0.581641 0.044907 0.056510
0 0.477315 0.830339 0.088889 0.027865
0 0.064120 0.566016 0.049537 0.046094
0 0.656713 0.722266 0.049537 0.046094
0 0.719213 0.780859 0.100463 0.022656
0 0.184491 0.735026 0.040278 0.055990
0 0.080324 0.525651 0.035648 0.059115
0 0.251620 0.349870 0.044907 0.046094
0 0.603472 0.836849 0.081944 0.025260
0 0.755787 0.558203 0.081019 0.025260
0 0.130787 0.105078 0.043981 0.046094
0 0.645139 0.567318 0.044907 0.043490
0 0.219907 0.446224 0.129630 0.014844
0 0.251620 0.559505 0.109722 0.017448
0 0.175231 0.613932 0.086574 0.022135
0 0.521991 0.865495 0.094907 0.020052
0 0.816435 0.591406 0.100463 0.018750
0 0.165972 0.718359 0.031019 0.059115
0 0.478472 0.313411 0.044907 0.040885
0 0.376620 0.883724 0.044907 0.040885
0 0.659028 0.420182 0.072685 0.025260
0 0.524769 0.237891 0.035648 0.051302
0 0.350694 0.743099 0.039352 0.046094
0 0.347685 0.711849 0.088889 0.020052
0 0.466898 0.684505 0.077315 0.022656
0 0.054861 0.778255 0.040278 0.043490
0 0.582639 0.192318 0.040278 0.043490
0 0.226157 0.877214 0.040278 0.043490
0 0.645139 0.655859 0.035648 0.048698
0 0.568287 0.580339 0.039352 0.043490
0 0.115046 0.586849 0.114352 0.014844
0 0.480787 0.452734 0.031019 0.053906
0 0.601157 0.332292 0.077315 0.021354
0 0.663657 0.537370 0.035648 0.046094
0 0.527083 0.375911 0.077315 0.020052
0 0.031713 0.705339 0.040278 0.038281
0 0.120833 0.646745 0.033333 0.046094
0 0.045602 0.645443 0.086574 0.017448
0 0.337269 0.369401 0.086574 0.017448
0 0.564120 0.876953 0.068056 0.022135
0 0.446065 0.722266 0.100463 0.014844
0 0.109954 0.481380 0.030093 0.047656
0 0.332639 0.802995 0.031019 0.046094
0 0.659028 0.223307 0.026389 0.053385
0 0.579167 0.805599 0.033333 0.040885
0 0.767824 0.119401 0.031019 0.043490
0 0.559491 0.207943 0.031019 0.043490
0 0.677546 0.650391 0.035648 0.037760
0 0.444907 0.448177 0.070370 0.018750
0 0.318750 0.462891 0.077315 0.016927
0 0.326852 0.392839 0.075000 0.017448
0 0.572917 0.489193 0.104167 0.012240
0 0.487731 0.629557 0.026389 0.048177
0 0.098843 0.110286 0.035648 0.035677
0 0.483102 0.106380 0.072685 0.017448
0 0.251620 0.485286 0.081944 0.014844
0 0.310185 0.784766 0.060185 0.020052
0 0.339583 0.322917 0.035648 0.033854
0 0.844213 0.734635 0.026389 0.044792
0 0.207639 0.390234 0.021759 0.053906
0 0.126157 0.517578 0.099537 0.011719
0 0.100694 0.142839 0.030093 0.038281
0 0.612731 0.747005 0.026389 0.043490
0 0.408565 0.398047 0.034722 0.033073
0 0.589583 0.600911 0.026389 0.042969
0 0.196065 0.163411 0.026389 0.042969
0 0.594213 0.244401 0.091204 0.012240
0 0.552083 0.082943 0.062500 0.017448
0 0.540509 0.537370 0.030093 0.035677
0 0.501620 0.586589 0.026389 0.040365
0 0.045602 0.603776 0.021759 0.048698
0 0.024769 0.575781 0.026389 0.039583
0 0.227315 0.188411 0.070370 0.014844
0 0.365046 0.103776 0.031019 0.033073
0 0.017361 0.720964 0.020833 0.048698
0 0.323380 0.425391 0.021759 0.046094
0 0.575694 0.663672 0.081944 0.012240
0 0.147454 0.500651 0.068056 0.014323
0 0.156713 0.825130 0.021759 0.043490
0 0.142824 0.155859 0.021759 0.043490
0 0.464583 0.420182 0.026389 0.035677
0 0.274769 0.110286 0.026389 0.035677
0 0.196065 0.484375 0.026389 0.033854
0 0.412500 0.206380 0.061111 0.014323
0 0.328009 0.733984 0.021759 0.038281
0 0.277083 0.317318 0.068056 0.012240
0 0.152083 0.489193 0.068056 0.012240
0 0.448380 0.176693 0.021759 0.038281
0 0.561806 0.146745 0.054167 0.014844
0 0.307176 0.763932 0.054167 0.014844
0 0.362269 0.642839 0.016204 0.048698
0 0.689120 0.584635 0.021759 0.036458
0 0.702546 0.671224 0.067130 0.011719
0 0.765509 0.070964 0.054167 0.014323
0 0.677546 0.367839 0.054167 0.014323
0 0.010880 0.567318 0.017130 0.043490
0 0.175926 0.671484 0.060185 0.012240
0 0.170602 0.470964 0.058796 0.012240
0 0.552083 0.770443 0.016204 0.043490
0 0.909028 0.834245 0.072685 0.009635
0 0.317593 0.111589 0.056481 0.012240
0 0.478472 0.710547 0.054167 0.012240
0 0.848843 0.556901 0.054167 0.012240
0 0.235417 0.467057 0.021759 0.030469
0 0.455324 0.812109 0.017130 0.038281
0 0.085417 0.381120 0.043981 0.014844
0 0.036343 0.551953 0.021759 0.029948
0 0.412500 0.120703 0.042593 0.014844
0 0.422917 0.141536 0.017130 0.035677
0 0.112731 0.610286 0.017130 0.035677
0 0.709954 0.737891 0.063426 0.009635
0 0.297917 0.086849 0.063426 0.009635
0 0.397454 0.523047 0.021759 0.027865
0 0.341898 0.884766 0.021759 0.027344
0 0.241898 0.644531 0.016204 0.036458
0 0.355324 0.218359 0.020833 0.027865
0 0.384722 0.831380 0.061111 0.009115
0 0.707639 0.094661 0.021759 0.025260
0 0.061806 0.810547 0.054167 0.009115
0 0.213426 0.344661 0.014815 0.030469
0 0.288194 0.193620 0.043981 0.009635
0 0.404398 0.141536 0.017130 0.020052
