0 0.165972 0.748958 0.197685 0.063021
0 0.418287 0.762630 0.109722 0.038281
0 0.575694 0.342057 0.128241 0.030469
0 0.656713 0.754818 0.058796 0.064323
0 0.105787 0.564714 0.058796 0.064323
0 0.119676 0.731380 0.114352 0.033073
0 0.189120 0.605078 0.058796 0.061719
0 0.211111 0.763672 0.102778 0.035156
0 0.705324 0.350521 0.044907 0.078646
0 0.684491 0.498047 0.114352 0.024740
0 0.321065 0.284766 0.109722 0.025260
0 0.529398 0.427995 0.109722 0.025260
0 0.876620 0.748307 0.109722 0.025260
0 0.441435 0.775391 0.100463 0.027344
0 0.182176 0.680339 0.091204 0.029948
0 0.664815 0.361589 0.047222 0.053906
0 0.892824 0.295182 0.049537 0.051302
0 0.256250 0.391536 0.100463 0.025260
0 0.753935 0.569922 0.049537 0.048698
0 0.091898 0.260026 0.049537 0.048698
0 0.545602 0.782813 0.049537 0.047396
0 0.178704 0.807943 0.037963 0.061198
0 0.603472 0.758724 0.044907 0.051302
0 0.464583 0.368099 0.044907 0.051302
0 0.837269 0.250651 0.049537 0.045573
0 0.387037 0.248307 0.047222 0.046094
0 0.073380 0.481380 0.123611 0.017448
0 0.854630 0.716797 0.037963 0.055990
0 0.142824 0.177995 0.105093 0.020052
0 0.771991 0.888932 0.104167 0.020052
0 0.376620 0.461849 0.035648 0.056510
0 0.135880 0.245052 0.044907 0.044792
0 0.512037 0.584896 0.037963 0.052604
0 0.216898 0.219661 0.077315 0.025260
0 0.790972 0.191016 0.040278 0.046094
0 0.545602 0.453776 0.040278 0.045573
0 0.770139 0.232682 0.091204 0.020052
0 0.500000 0.275651 0.041667 0.043490
0 0.772454 0.619401 0.040278 0.043490
0 0.434491 0.582943 0.077315 0.022656
0 0.316435 0.671224 0.035648 0.048177
0 0.532870 0.811458 0.079630 0.021354
0 0.573380 0.143880 0.086574 0.019531
0 0.661343 0.888932 0.040278 0.040885
0 0.235417 0.206641 0.040278 0.040885
0 0.936806 0.232682 0.035648 0.046094
0 0.895139 0.857682 0.081944 0.020052
0 0.364583 0.259766 0.030093 0.053385
0 0.723380 0.568620 0.034722 0.046094
0 0.328009 0.641536 0.031019 0.051302
0 0.517824 0.172786 0.105093 0.014844
0 0.862731 0.517839 0.026389 0.059115
0 0.237731 0.538672 0.035648 0.043490
0 0.902083 0.825130 0.068056 0.022656
0 0.915972 0.838151 0.068056 0.022656
0 0.901620 0.338151 0.067130 0.022656
0 0.684491 0.189714 0.086574 0.017448
0 0.434491 0.595964 0.086574 0.017448
0 0.720370 0.439714 0.065741 0.022656
0 0.108102 0.602865 0.035648 0.041667
0 0.547917 0.284766 0.072685 0.020052
0 0.483102 0.524349 0.072685 0.020052
0 0.686806 0.204036 0.072685 0.020052
0 0.608102 0.116536 0.063426 0.022135
0 0.175231 0.258724 0.068056 0.020052
0 0.066435 0.296484 0.035648 0.038281
0 0.371991 0.717057 0.026389 0.051302
0 0.749306 0.369401 0.031019 0.043490
0 0.295602 0.533464 0.077315 0.017448
0 0.816435 0.569661 0.035648 0.037760
0 0.429398 0.783464 0.076389 0.017448
0 0.822917 0.419271 0.030093 0.044271
0 0.871991 0.097917 0.035648 0.036979
0 0.277083 0.456641 0.086574 0.014844
0 0.397454 0.430599 0.031019 0.040885
0 0.777083 0.417578 0.031019 0.040885
0 0.390509 0.224219 0.091204 0.013542
0 0.233102 0.629818 0.100463 0.012240
0 0.381250 0.360286 0.026389 0.046094
0 0.478472 0.180599 0.081944 0.014844
0 0.524769 0.886328 0.081944 0.014844
0 0.344213 0.717057 0.026389 0.046094
0 0.539815 0.320964 0.084259 0.014323
0 0.403935 0.406510 0.034722 0.034375
0 0.267824 0.796484 0.068056 0.017448
0 0.587269 0.808203 0.058796 0.020052
0 0.520139 0.331380 0.081944 0.014323
0 0.892824 0.723307 0.031019 0.037760
0 0.874306 0.616536 0.031019 0.037760
0 0.339583 0.260026 0.026389 0.043490
0 0.733102 0.463151 0.026389 0.043490
0 0.685648 0.608333 0.070370 0.016146
0 0.883102 0.679297 0.020833 0.053906
0 0.626620 0.874609 0.091204 0.012240
0 0.446065 0.684505 0.063426 0.017448
0 0.729630 0.355078 0.019444 0.056510
0 0.521296 0.224609 0.056481 0.019531
0 0.831481 0.395443 0.028704 0.038281
0 0.753935 0.498047 0.031019 0.035156
0 0.848843 0.269141 0.026389 0.040885
0 0.501620 0.408203 0.091204 0.011719
0 0.730787 0.929297 0.086574 0.012240
0 0.420602 0.447526 0.021759 0.048698
0 0.804861 0.304297 0.021759 0.048698
0 0.703009 0.538672 0.086574 0.012240
0 0.491204 0.663672 0.024074 0.043490
0 0.723843 0.669531 0.026389 0.039583
0 0.657407 0.144141 0.069444 0.014844
0 0.670602 0.676693 0.031019 0.033073
0 0.337269 0.796484 0.058796 0.017448
0 0.552546 0.161719 0.054167 0.018750
0 0.216898 0.131120 0.068056 0.014844
0 0.339583 0.580339 0.026389 0.038281
0 0.483102 0.702474 0.026389 0.037760
0 0.913657 0.236328 0.026389 0.037760
0 0.936343 0.843359 0.081019 0.012240
0 0.777083 0.647786 0.058796 0.016927
0 0.361574 0.563411 0.024074 0.040885
0 0.668981 0.176693 0.055556 0.017448
0 0.159028 0.145182 0.081944 0.011719
0 0.453009 0.455339 0.021759 0.043490
0 0.531713 0.715755 0.021759 0.043490
0 0.953009 0.707943 0.021759 0.043490
0 0.712269 0.296484 0.021759 0.043490
0 0.425231 0.736589 0.077315 0.012240
0 0.855787 0.764583 0.058796 0.016146
0 0.730787 0.685807 0.031019 0.030469
0 0.515046 0.689063 0.025463 0.036979
0 0.848843 0.292578 0.063426 0.014844
0 0.902546 0.903255 0.076389 0.012240
0 0.089583 0.364193 0.017130 0.053906
0 0.113889 0.189714 0.075000 0.012240
0 0.465278 0.486589 0.074074 0.012240
0 0.634722 0.162370 0.061111 0.014844
0 0.834491 0.641276 0.025463 0.035156
0 0.605787 0.719661 0.021759 0.040885
0 0.959954 0.787370 0.017130 0.051302
0 0.510880 0.489193 0.026389 0.033073
0 0.184028 0.438411 0.057870 0.014844
0 0.609954 0.451432 0.020833 0.040885
0 0.793287 0.103125 0.026389 0.031771
0 0.559491 0.533464 0.021759 0.038281
0 0.508565 0.551693 0.068056 0.012240
0 0.272454 0.658464 0.021759 0.038281
0 0.675231 0.337500 0.021759 0.036979
0 0.258565 0.580078 0.068056 0.011719
0 0.756250 0.407161 0.017130 0.046094
0 0.484954 0.676432 0.020833 0.037760
0 0.146991 0.775391 0.067130 0.011719
0 0.693750 0.644141 0.021759 0.035677
0 0.781713 0.511068 0.021759 0.035156
0 0.779398 0.304297 0.017130 0.043490
0 0.545139 0.581641 0.020833 0.035677
0 0.929861 0.263932 0.049537 0.014844
0 0.453009 0.842057 0.049537 0.014844
0 0.774769 0.369401 0.026389 0.027865
0 0.953009 0.205078 0.021759 0.032552
0 0.459954 0.761328 0.072685 0.009635
0 0.196065 0.409766 0.072685 0.009635
0 0.485417 0.775391 0.058796 0.011719
0 0.624306 0.804036 0.058796 0.011719
0 0.913657 0.659115 0.017130 0.039583
0 0.561806 0.857422 0.072685 0.009115
0 0.853472 0.137630 0.054167 0.012240
0 0.779398 0.343359 0.017130 0.038281
0 0.950694 0.632422 0.017130 0.038281
0 0.839583 0.460547 0.017130 0.038281
0 0.955324 0.814063 0.017130 0.036979
0 0.362731 0.183854 0.017130 0.036979
0 0.909028 0.682943 0.017130 0.035156
0 0.880093 0.526693 0.014815 0.040365
0 0.080324 0.553906 0.017130 0.033854
0 0.811343 0.099870 0.016204 0.035677
0 0.034028 0.736589 0.017130 0.033073
0 0.684491 0.706641 0.021759 0.025260
0 0.464583 0.540625 0.017130 0.031771
0 0.756250 0.562760 0.017130 0.029167
0 0.443287 0.137630 0.039352 0.012240
0 0.293287 0.611589 0.017130 0.027865
0 0.723380 0.423828 0.016204 0.027344
0 0.928704 0.852214 0.047222 0.009115
0 0.948380 0.491797 0.012500 0.033073
0 0.779398 0.452734 0.017130 0.022656
0 0.159028 0.162370 0.035648 0.009635
