0 0.117361 0.710286 0.174537 0.032552
0 0.873843 0.121745 0.067130 0.063802
0 0.071065 0.551693 0.054167 0.064323
0 0.698380 0.468359 0.058796 0.059115
0 0.190972 0.711849 0.136574 0.025260
0 0.269676 0.627214 0.118056 0.027865
0 0.263889 0.209635 0.115741 0.026042
0 0.853472 0.292969 0.091204 0.031250
0 0.837269 0.488542 0.105093 0.026562
0 0.330324 0.243099 0.054167 0.051302
0 0.936806 0.575130 0.044907 0.059115
0 0.200694 0.430599 0.044907 0.056510
0 0.066435 0.623047 0.044907 0.055990
0 0.241898 0.781901 0.043981 0.055990
0 0.493519 0.740495 0.116667 0.020052
0 0.883565 0.818620 0.049537 0.046094
0 0.293287 0.408464 0.081944 0.027865
0 0.811806 0.438151 0.044907 0.050781
0 0.300231 0.187109 0.095833 0.022656
0 0.737731 0.431641 0.044907 0.048177
0 0.853009 0.650391 0.043981 0.048177
0 0.777083 0.824219 0.040278 0.052083
0 0.816435 0.826432 0.044907 0.046094
0 0.149769 0.666276 0.091204 0.022656
0 0.501620 0.865234 0.035648 0.055990
0 0.082639 0.770443 0.040278 0.048698
0 0.170602 0.683203 0.077315 0.025260
0 0.353472 0.325130 0.044907 0.043490
0 0.628935 0.366536 0.040278 0.048177
0 0.270139 0.296484 0.035648 0.053906
0 0.071065 0.835547 0.035648 0.053906
0 0.777083 0.919922 0.077315 0.024740
0 0.179861 0.209245 0.123611 0.014844
0 0.663194 0.296484 0.081019 0.022656
0 0.103472 0.188411 0.035648 0.051302
0 0.096528 0.551693 0.040278 0.043490
0 0.376620 0.575130 0.035648 0.048698
0 0.480787 0.702474 0.040278 0.042969
0 0.600694 0.898047 0.094907 0.017448
0 0.775926 0.442318 0.037963 0.043490
0 0.779398 0.581641 0.081944 0.020052
0 0.580324 0.280859 0.091204 0.017448
0 0.911343 0.323828 0.031019 0.051302
0 0.175926 0.920182 0.078704 0.020052
0 0.133565 0.635417 0.040278 0.039062
0 0.219213 0.874609 0.026389 0.059115
0 0.258565 0.375911 0.077315 0.020052
0 0.359954 0.795182 0.030093 0.051302
0 0.175231 0.192318 0.068056 0.022656
0 0.142824 0.489193 0.040278 0.038281
0 0.239583 0.356380 0.067130 0.022656
0 0.221528 0.132422 0.031019 0.048698
0 0.128935 0.192318 0.066204 0.022656
0 0.057176 0.763932 0.026389 0.056510
0 0.780556 0.547786 0.028704 0.051302
0 0.196065 0.774349 0.072685 0.020052
0 0.557176 0.881120 0.035648 0.040885
0 0.946065 0.636328 0.035648 0.040885
0 0.452546 0.478516 0.085648 0.016927
0 0.126157 0.933203 0.071759 0.020052
0 0.395139 0.926693 0.081944 0.017448
0 0.480787 0.674089 0.077315 0.017448
0 0.605324 0.181901 0.020833 0.064323
0 0.219213 0.541016 0.035648 0.037760
0 0.478472 0.533203 0.035648 0.037760
0 0.368519 0.326693 0.037963 0.035156
0 0.964120 0.872005 0.034722 0.038281
0 0.157870 0.266536 0.088889 0.014844
0 0.374306 0.507161 0.077315 0.016927
0 0.312963 0.362630 0.028704 0.045573
0 0.420602 0.895182 0.077315 0.016927
0 0.383565 0.868099 0.086574 0.014844
0 0.691435 0.845964 0.026389 0.048698
0 0.895139 0.886068 0.063426 0.019531
0 0.056713 0.224870 0.034722 0.035677
0 0.071065 0.167578 0.026389 0.046094
0 0.618056 0.431901 0.027778 0.043490
0 0.890046 0.855078 0.081019 0.014844
0 0.874306 0.872005 0.068056 0.017448
0 0.719213 0.680339 0.081944 0.014323
0 0.517824 0.509766 0.021759 0.053385
0 0.057176 0.418620 0.035648 0.032552
0 0.850694 0.399349 0.057870 0.020052
0 0.707639 0.533203 0.068056 0.016927
0 0.925231 0.448828 0.077315 0.014844
0 0.402083 0.765885 0.031019 0.036979
0 0.440972 0.549740 0.025463 0.044792
0 0.149769 0.345964 0.091204 0.012240
0 0.355787 0.888932 0.031019 0.035677
0 0.145139 0.852474 0.072685 0.014844
0 0.089583 0.448828 0.026389 0.040885
0 0.205324 0.486328 0.063426 0.016927
0 0.120833 0.788672 0.061111 0.017448
0 0.670602 0.244401 0.058796 0.017448
0 0.420602 0.941016 0.068056 0.014844
0 0.587269 0.757161 0.058796 0.016927
0 0.198380 0.236328 0.058796 0.016927
0 0.383565 0.155599 0.058796 0.016927
0 0.459491 0.493490 0.062500 0.015625
0 0.378935 0.142839 0.077315 0.012240
0 0.054861 0.308203 0.031019 0.030469
0 0.117361 0.247005 0.054167 0.017448
0 0.740046 0.112891 0.095833 0.009635
0 0.409028 0.249349 0.054167 0.016927
0 0.931713 0.407161 0.025463 0.035677
0 0.703009 0.608724 0.077315 0.011719
0 0.089120 0.316016 0.025463 0.035677
0 0.403935 0.590495 0.053241 0.016927
0 0.165972 0.232682 0.021759 0.040885
0 0.158565 0.508724 0.090278 0.009635
0 0.758565 0.742448 0.021759 0.039583
0 0.686806 0.272786 0.072685 0.011719
0 0.133565 0.733333 0.077315 0.010937
0 0.955324 0.559505 0.017130 0.048698
0 0.740046 0.659766 0.086574 0.009635
0 0.024769 0.233333 0.026389 0.031771
0 0.253935 0.733984 0.021759 0.038281
0 0.924074 0.716797 0.056481 0.014323
0 0.010880 0.396745 0.017130 0.046094
0 0.366898 0.118099 0.053241 0.014844
0 0.878935 0.756120 0.021759 0.035677
0 0.786343 0.516276 0.021759 0.035156
0 0.031713 0.412109 0.021759 0.035156
0 0.226157 0.821224 0.049537 0.014844
0 0.209954 0.785807 0.026389 0.027344
0 0.115046 0.468359 0.021759 0.033073
0 0.939120 0.671484 0.058796 0.012240
0 0.948380 0.343620 0.021759 0.032552
0 0.374306 0.192057 0.058796 0.011719
0 0.177083 0.935807 0.016204 0.040885
0 0.145139 0.362891 0.026389 0.025260
0 0.191435 0.554297 0.054167 0.012240
0 0.388194 0.529557 0.068056 0.009635
0 0.684491 0.555599 0.068056 0.009635
0 0.103009 0.222005 0.071759 0.009115
0 0.785880 0.787370 0.067130 0.009635
0 0.790509 0.396745 0.067130 0.009635
0 0.742361 0.712891 0.054167 0.011719
0 0.367361 0.477474 0.017130 0.035677
0 0.534028 0.355078 0.017130 0.035677
0 0.552546 0.441276 0.017130 0.035156
0 0.815278 0.383724 0.061111 0.009635
0 0.751620 0.280859 0.017130 0.033073
0 0.631250 0.494401 0.017130 0.033073
0 0.735417 0.563151 0.058796 0.009115
0 0.142824 0.521484 0.058796 0.009115
0 0.445602 0.872005 0.016204 0.033073
0 0.322222 0.381771 0.019444 0.026562
0 0.138194 0.312109 0.021759 0.022656
0 0.226157 0.657161 0.049537 0.009635
0 0.714583 0.917578 0.017130 0.025260
0 0.586806 0.500911 0.011574 0.035677
0 0.235417 0.166276 0.058796 0.007031
0 0.621528 0.825130 0.016204 0.022656
0 0.911343 0.486328 0.012500 0.027344
