0 0.804861 0.414714 0.216204 0.071615
0 0.536343 0.618099 0.234722 0.051302
0 0.103009 0.323828 0.108796 0.108594
0 0.821065 0.472266 0.072685 0.066927
0 0.244676 0.838151 0.132870 0.033073
0 0.892824 0.830339 0.049537 0.085156
0 0.943287 0.795182 0.057870 0.072135
0 0.440278 0.271745 0.051852 0.066927
0 0.341435 0.593099 0.104167 0.032552
0 0.790972 0.903255 0.105093 0.027865
0 0.904398 0.218099 0.165278 0.016927
0 0.573380 0.103776 0.040278 0.069531
0 0.128935 0.297786 0.049537 0.056510
0 0.814120 0.864193 0.040278 0.064323
0 0.594907 0.400651 0.037037 0.069531
0 0.760880 0.388932 0.128241 0.020052
0 0.939120 0.128516 0.049537 0.051302
0 0.883565 0.086849 0.040278 0.061719
0 0.716898 0.898047 0.105093 0.022656
0 0.561806 0.534766 0.044907 0.051302
0 0.726157 0.445964 0.040278 0.055990
0 0.121991 0.358724 0.081944 0.027344
0 0.813657 0.168880 0.039352 0.053906
0 0.220370 0.857682 0.139815 0.014844
0 0.649306 0.797786 0.043981 0.046094
0 0.966898 0.148047 0.031019 0.059115
0 0.737269 0.168880 0.081019 0.022656
0 0.209954 0.599870 0.035648 0.051302
0 0.103472 0.154557 0.081944 0.020052
0 0.617361 0.256120 0.026389 0.061719
0 0.768519 0.551693 0.087963 0.017448
0 0.837269 0.140234 0.086574 0.017448
0 0.800231 0.233984 0.031019 0.043490
0 0.226157 0.194922 0.021759 0.059115
0 0.888194 0.008724 0.086574 0.014844
0 0.228472 0.398047 0.026389 0.048698
0 0.777083 0.133724 0.021759 0.051302
0 0.527083 0.680599 0.021759 0.051302
0 0.366204 0.606380 0.033333 0.033073
0 0.529398 0.056901 0.081944 0.012240
0 0.501620 0.924089 0.054167 0.017448
0 0.837269 0.125911 0.086574 0.009635
0 0.986574 0.166276 0.024074 0.033073
0 0.496991 0.507422 0.063426 0.012240
0 0.895139 0.200130 0.017130 0.027865
0 0.101157 0.993099 0.040278 0.009635
