0 0.253935 0.978125 0.401389 0.042188
0 0.935648 0.404557 0.051852 0.082552
0 0.466898 0.273047 0.151389 0.027865
0 0.582639 0.399740 0.112500 0.036458
0 0.934491 0.559245 0.058796 0.058594
0 0.339583 0.171484 0.118981 0.027865
0 0.469213 0.760026 0.054167 0.059115
0 0.836806 0.223568 0.048611 0.064323
0 0.281713 0.046484 0.132870 0.022656
0 0.612731 0.495703 0.091204 0.030469
0 0.251620 0.460547 0.035648 0.074740
0 0.589583 0.615495 0.035648 0.072135
0 0.591898 0.532161 0.040278 0.056510
0 0.885417 0.666276 0.081019 0.027865
0 0.392361 0.552995 0.085648 0.025260
0 0.645139 0.637630 0.035648 0.059115
0 0.676389 0.491797 0.042593 0.048698
0 0.922917 0.524349 0.081944 0.025260
0 0.066435 0.582943 0.044907 0.043490
0 0.034028 0.684505 0.044907 0.043490
0 0.729630 0.362891 0.075000 0.025260
0 0.168287 0.223568 0.100463 0.017448
0 0.133565 0.187109 0.040278 0.043490
0 0.406713 0.335547 0.077315 0.022656
0 0.595370 0.180599 0.084259 0.020052
0 0.165972 0.153255 0.095833 0.017448
0 0.932870 0.355078 0.083333 0.020052
0 0.501620 0.276693 0.081944 0.019531
0 0.745370 0.192318 0.069444 0.022656
0 0.471528 0.207943 0.068056 0.022656
0 0.744676 0.286068 0.040278 0.038281
0 0.137731 0.616797 0.039352 0.038281
0 0.302546 0.631120 0.026389 0.056510
0 0.404398 0.597266 0.035648 0.040885
0 0.582639 0.360938 0.068056 0.021354
0 0.878935 0.253516 0.031019 0.046094
0 0.434491 0.594661 0.031019 0.046094
0 0.788657 0.543880 0.026389 0.053906
0 0.221528 0.656901 0.095833 0.014323
0 0.114583 0.215755 0.076389 0.017448
0 0.582176 0.119141 0.030093 0.042969
0 0.772454 0.250911 0.086574 0.014844
0 0.281713 0.099870 0.086574 0.014844
0 0.631250 0.133724 0.035648 0.035677
0 0.825694 0.563411 0.035648 0.035677
0 0.869676 0.120703 0.031019 0.040885
0 0.596528 0.451432 0.031019 0.040885
0 0.052546 0.648047 0.072685 0.017448
0 0.330324 0.580339 0.072685 0.017448
0 0.288657 0.207943 0.100463 0.012240
0 0.464583 0.487891 0.081944 0.014844
0 0.929861 0.594661 0.058796 0.020052
0 0.293287 0.424089 0.035648 0.033073
0 0.415972 0.282161 0.077315 0.014844
0 0.488889 0.387630 0.065741 0.017448
0 0.749306 0.438802 0.031019 0.036458
0 0.855787 0.554948 0.031019 0.034375
0 0.394676 0.149740 0.025463 0.041667
0 0.810185 0.330339 0.060185 0.017448
0 0.866898 0.493099 0.025463 0.040885
0 0.633565 0.454688 0.021759 0.047396
0 0.906713 0.317318 0.058796 0.017448
0 0.346528 0.325130 0.058796 0.017448
0 0.714583 0.450130 0.026389 0.038281
0 0.402083 0.524349 0.068056 0.014844
0 0.360417 0.102474 0.068056 0.014844
0 0.804398 0.447266 0.085648 0.011719
0 0.716435 0.378516 0.067130 0.014844
0 0.683333 0.353776 0.056481 0.017448
0 0.378472 0.624349 0.057870 0.016927
0 0.182870 0.559505 0.055556 0.017448
0 0.614583 0.206641 0.020833 0.046094
0 0.057176 0.325130 0.054167 0.017448
0 0.256250 0.696224 0.026389 0.035677
0 0.890509 0.555599 0.063426 0.014844
0 0.422454 0.266536 0.062500 0.014844
0 0.584954 0.526953 0.091204 0.009635
0 0.647454 0.479818 0.021759 0.040365
0 0.464583 0.582943 0.026389 0.033073
0 0.656250 0.530859 0.030093 0.027865
0 0.851157 0.148047 0.068056 0.012240
0 0.550231 0.666016 0.021759 0.037760
0 0.797917 0.240495 0.026389 0.030469
0 0.077546 0.166276 0.020833 0.038281
0 0.818750 0.597266 0.021759 0.035677
0 0.096528 0.748307 0.021759 0.035677
0 0.140046 0.730078 0.025463 0.030469
0 0.457639 0.117839 0.021759 0.035156
0 0.110417 0.123047 0.021759 0.035156
0 0.598380 0.749609 0.062500 0.012240
0 0.623843 0.151953 0.020833 0.035677
0 0.657407 0.218359 0.060185 0.012240
0 0.929861 0.474870 0.049537 0.014844
0 0.309491 0.718359 0.021759 0.033073
0 0.267824 0.418880 0.021759 0.033073
0 0.068750 0.205339 0.021759 0.033073
0 0.535185 0.138932 0.019444 0.035677
0 0.670602 0.103516 0.058796 0.011719
0 0.119213 0.251953 0.020833 0.032552
0 0.783565 0.106380 0.053241 0.012240
0 0.745833 0.482682 0.024074 0.025260
0 0.117361 0.353776 0.017130 0.033073
0 0.723843 0.486328 0.017130 0.032552
0 0.628935 0.480078 0.021759 0.025260
0 0.427546 0.142839 0.044907 0.012240
0 0.316435 0.318359 0.017130 0.029948
0 0.684491 0.263932 0.049537 0.009635
0 0.473380 0.908464 0.062500 0.007031
0 0.969213 0.539974 0.017130 0.025260
0 0.018981 0.194922 0.014815 0.027865
0 0.656713 0.857682 0.040278 0.009635
0 0.794444 0.156901 0.019444 0.019531
