0 0.539815 0.590495 0.176852 0.037760
0 0.251157 0.739844 0.127315 0.034375
0 0.365046 0.685156 0.123611 0.034375
0 0.131250 0.400651 0.109722 0.033073
0 0.029398 0.744401 0.054167 0.064323
0 0.439120 0.275000 0.058796 0.057813
0 0.346528 0.840755 0.095833 0.033073
0 0.207639 0.577734 0.058796 0.053906
0 0.131250 0.814714 0.054167 0.053906
0 0.892824 0.441016 0.095833 0.030469
0 0.075694 0.733984 0.044907 0.064323
0 0.187500 0.537370 0.055556 0.051302
0 0.475000 0.193620 0.139815 0.020052
0 0.763194 0.310156 0.095833 0.029167
0 0.892824 0.188411 0.040278 0.066927
0 0.652083 0.416276 0.049537 0.053906
0 0.170602 0.700130 0.049537 0.053906
0 0.582176 0.585547 0.094907 0.027865
0 0.443750 0.167318 0.086574 0.029948
0 0.433333 0.522396 0.093519 0.026562
0 0.521296 0.603776 0.139815 0.017448
0 0.360417 0.377214 0.105093 0.022656
0 0.531713 0.335286 0.040278 0.058594
0 0.538657 0.118099 0.044907 0.051302
0 0.598843 0.619401 0.081944 0.027865
0 0.784028 0.594401 0.044907 0.050781
0 0.624306 0.435807 0.040278 0.056510
0 0.822222 0.610286 0.084259 0.025260
0 0.107639 0.754167 0.043981 0.047396
0 0.610417 0.537370 0.040278 0.051302
0 0.265509 0.354818 0.081944 0.024740
0 0.031250 0.662370 0.039352 0.051302
0 0.235417 0.200781 0.040278 0.050000
0 0.689120 0.608984 0.086574 0.022656
0 0.897454 0.491797 0.040278 0.048698
0 0.284028 0.413672 0.044907 0.043490
0 0.703009 0.503516 0.077315 0.025260
0 0.473843 0.826432 0.044907 0.040885
0 0.895139 0.508724 0.072685 0.025260
0 0.871991 0.584245 0.035648 0.051302
0 0.672454 0.360026 0.043981 0.040365
0 0.690278 0.822266 0.079630 0.022135
0 0.341898 0.858984 0.077315 0.022656
0 0.140509 0.171224 0.035648 0.048177
0 0.874306 0.526953 0.040278 0.040885
0 0.788194 0.099870 0.081019 0.020052
0 0.737731 0.582943 0.091204 0.017448
0 0.932176 0.353776 0.035648 0.043490
0 0.226157 0.482682 0.077315 0.020052
0 0.508565 0.520443 0.068056 0.022656
0 0.832639 0.377214 0.040278 0.038281
0 0.753935 0.557943 0.077315 0.019531
0 0.243519 0.137630 0.065741 0.022656
0 0.752778 0.247005 0.084259 0.017448
0 0.564120 0.706641 0.021759 0.066927
0 0.799074 0.247005 0.037963 0.038281
0 0.784028 0.153255 0.081944 0.017448
0 0.750463 0.079036 0.070370 0.020052
0 0.399769 0.457292 0.035648 0.039583
0 0.339120 0.585547 0.025463 0.053906
0 0.364583 0.266276 0.030093 0.045573
0 0.045602 0.860286 0.068056 0.020052
0 0.948380 0.220964 0.031019 0.043490
0 0.716898 0.132422 0.077315 0.017448
0 0.226157 0.160807 0.031019 0.042969
0 0.184491 0.475911 0.031019 0.042969
0 0.172917 0.077734 0.072685 0.017448
0 0.802546 0.497005 0.072685 0.017448
0 0.640509 0.562109 0.100463 0.012240
0 0.501620 0.282161 0.026389 0.046094
0 0.256250 0.685807 0.026389 0.046094
0 0.939120 0.119401 0.031019 0.038281
0 0.929861 0.486328 0.021759 0.053385
0 0.547917 0.536068 0.026389 0.043490
0 0.209954 0.437109 0.026389 0.043490
0 0.147454 0.566016 0.021759 0.051302
0 0.513194 0.816016 0.021759 0.051302
0 0.283565 0.189714 0.062500 0.017448
0 0.103472 0.592057 0.026389 0.040885
0 0.297917 0.630859 0.072685 0.014323
0 0.252778 0.874609 0.084259 0.012240
0 0.644676 0.281901 0.025463 0.040365
0 0.853472 0.202734 0.026389 0.038281
0 0.899769 0.140234 0.081944 0.012240
0 0.661343 0.133073 0.021759 0.044792
0 0.289815 0.131120 0.065741 0.014844
0 0.655093 0.093359 0.055556 0.017448
0 0.591898 0.134115 0.031019 0.031250
0 0.290972 0.572526 0.077315 0.012240
0 0.378935 0.883724 0.031019 0.030469
0 0.818750 0.658203 0.021759 0.042969
0 0.535880 0.823828 0.030093 0.030469
0 0.190972 0.356380 0.071759 0.012240
0 0.168287 0.634766 0.026389 0.032552
0 0.332176 0.110286 0.057870 0.014844
0 0.753472 0.122005 0.030093 0.027865
0 0.277083 0.536068 0.068056 0.012240
0 0.036343 0.317318 0.021759 0.038281
0 0.730787 0.176693 0.068056 0.012240
0 0.209954 0.180599 0.026389 0.030469
0 0.659028 0.769141 0.054167 0.014844
0 0.698380 0.889974 0.068056 0.011719
0 0.396296 0.250911 0.019444 0.040885
0 0.950694 0.532161 0.017130 0.046094
0 0.459954 0.118099 0.081944 0.009635
0 0.570602 0.888932 0.053241 0.014844
0 0.802546 0.119401 0.063426 0.012240
0 0.473380 0.102474 0.025463 0.030469
0 0.098843 0.151302 0.026389 0.029167
0 0.913657 0.728776 0.017130 0.043490
0 0.529398 0.864193 0.017130 0.043490
0 0.174769 0.326432 0.020833 0.035677
0 0.580324 0.283203 0.017130 0.042969
0 0.903935 0.095964 0.025463 0.027865
0 0.505787 0.707943 0.025463 0.027865
0 0.154398 0.164974 0.072685 0.009635
0 0.321065 0.488542 0.063426 0.010937
0 0.075694 0.110026 0.017130 0.040365
0 0.855787 0.074870 0.058796 0.011719
0 0.293287 0.521745 0.044907 0.014844
0 0.145139 0.749609 0.017130 0.038281
0 0.425231 0.446224 0.068056 0.009635
0 0.297454 0.646484 0.043981 0.014323
0 0.190972 0.319922 0.016204 0.038281
0 0.288657 0.433203 0.063426 0.009635
0 0.906713 0.593359 0.021759 0.027865
0 0.527083 0.126953 0.021759 0.027344
0 0.167130 0.132422 0.047222 0.012240
0 0.748843 0.189453 0.048611 0.011719
0 0.480324 0.339453 0.057870 0.009635
0 0.494676 0.177995 0.021759 0.025260
0 0.225000 0.498958 0.019444 0.026562
0 0.367361 0.492839 0.017130 0.029948
0 0.117361 0.110026 0.017130 0.029948
0 0.263194 0.447526 0.021759 0.022656
0 0.550231 0.576432 0.049537 0.009635
0 0.771991 0.642578 0.011574 0.037760
0 0.594213 0.085547 0.035648 0.012240
0 0.042824 0.763672 0.016204 0.024740
0 0.040972 0.131771 0.012500 0.031771
0 0.439120 0.597656 0.012500 0.031250
0 0.464583 0.679297 0.054167 0.007031
0 0.301389 0.077734 0.047222 0.007031
0 0.606944 0.510026 0.047222 0.007031
0 0.534028 0.233984 0.044907 0.007031
0 0.587269 0.995052 0.031019 0.008333
0 0.682176 0.995052 0.026389 0.008333
