0 0.534028 0.616797 0.230093 0.048698
0 0.891667 0.670182 0.093519 0.113802
0 0.751620 0.357682 0.081944 0.103385
0 0.816435 0.826432 0.230093 0.035677
0 0.119676 0.792578 0.086574 0.082552
0 0.913194 0.137370 0.127315 0.037760
0 0.645139 0.530599 0.109722 0.037760
0 0.853472 0.183203 0.054167 0.072135
0 0.853472 0.786068 0.109722 0.033073
0 0.422454 0.499609 0.108796 0.027865
0 0.156713 0.426693 0.040278 0.074740
0 0.214583 0.528906 0.044907 0.065625
0 0.885880 0.829036 0.091204 0.030469
0 0.642824 0.461849 0.031019 0.077344
0 0.976157 0.789974 0.031019 0.077344
0 0.536343 0.477474 0.049537 0.046094
0 0.839583 0.569661 0.100463 0.022135
0 0.246991 0.621745 0.044907 0.048177
0 0.760880 0.253516 0.044907 0.046094
0 0.888194 0.228776 0.031019 0.064323
0 0.348843 0.844401 0.137500 0.014323
0 0.941435 0.765234 0.044907 0.043490
0 0.784028 0.817318 0.109722 0.017448
0 0.378935 0.099609 0.077315 0.024740
0 0.890509 0.011328 0.091204 0.020052
0 0.809491 0.482682 0.031019 0.056510
0 0.956481 0.269141 0.084259 0.020052
0 0.182176 0.605729 0.026389 0.063021
0 0.256250 0.500911 0.026389 0.061719
0 0.126620 0.548828 0.026389 0.058594
0 0.121991 0.806901 0.026389 0.053906
0 0.795602 0.758464 0.031019 0.045573
0 0.777083 0.135677 0.021759 0.060417
0 0.784028 0.385026 0.026389 0.048698
0 0.815278 0.884766 0.098148 0.011719
0 0.526620 0.443620 0.076389 0.014844
0 0.825694 0.286068 0.017130 0.059115
0 0.920602 0.736328 0.021759 0.042969
0 0.457639 0.422786 0.095833 0.009635
0 0.684491 0.392839 0.021759 0.033073
0 0.793287 0.344661 0.026389 0.025260
0 0.699537 0.441016 0.047222 0.009635
0 0.045602 0.714453 0.012500 0.035677
0 0.098843 0.993099 0.044907 0.009635
