0 0.419444 0.108984 0.093519 0.105990
0 0.540972 0.616797 0.216204 0.043490
0 0.138194 0.125911 0.077315 0.077344
0 0.975000 0.840495 0.047222 0.089844
0 0.883102 0.602474 0.057870 0.066927
0 0.540509 0.496354 0.057870 0.063021
0 0.415972 0.576172 0.049537 0.071615
0 0.950694 0.105078 0.044907 0.077344
0 0.367361 0.440365 0.118981 0.029167
0 0.415972 0.882422 0.114352 0.027865
0 0.561343 0.260026 0.118056 0.022656
0 0.191435 0.044922 0.100463 0.024740
0 0.746991 0.888672 0.118981 0.019531
0 0.476157 0.796484 0.031019 0.074740
0 0.184491 0.558203 0.049537 0.046094
0 0.447917 0.280859 0.122685 0.017448
0 0.301389 0.491797 0.042593 0.048698
0 0.205324 0.072526 0.091204 0.022656
0 0.394676 0.120703 0.034722 0.051302
0 0.251620 0.167318 0.026389 0.066406
0 0.271296 0.537370 0.037963 0.046094
0 0.233102 0.494401 0.026389 0.064323
0 0.888194 0.892839 0.095833 0.017448
0 0.626620 0.067318 0.091204 0.017448
0 0.067593 0.616797 0.028704 0.053906
0 0.323380 0.197917 0.031019 0.049479
0 0.878935 0.775651 0.031019 0.048698
0 0.485417 0.138672 0.077315 0.019531
0 0.656713 0.848307 0.021759 0.069010
0 0.931713 0.278255 0.081019 0.017448
0 0.343056 0.049089 0.079630 0.017448
0 0.343056 0.074870 0.079630 0.016927
0 0.450694 0.476172 0.026389 0.048698
0 0.595370 0.087891 0.075000 0.016927
0 0.564120 0.148047 0.068056 0.017448
0 0.175231 0.400651 0.031019 0.038281
0 0.235417 0.368099 0.058796 0.020052
0 0.536343 0.045182 0.058796 0.020052
0 0.986574 0.357682 0.024074 0.046094
0 0.772454 0.865495 0.068056 0.014844
0 0.969213 0.334245 0.017130 0.051302
0 0.490046 0.336849 0.086574 0.009635
0 0.988889 0.286068 0.019444 0.038281
0 0.138194 0.861589 0.058796 0.012240
0 0.147454 0.712891 0.021759 0.022135
0 0.209954 0.015234 0.026389 0.007031
