0 0.536343 0.616797 0.234722 0.043490
0 0.124306 0.850521 0.086574 0.078646
0 0.506250 0.463151 0.137500 0.027865
0 0.570602 0.096615 0.108796 0.034375
0 0.973380 0.738932 0.043981 0.074219
0 0.237731 0.319922 0.054167 0.059115
0 0.919444 0.219010 0.158333 0.018750
0 0.559491 0.896745 0.142130 0.020052
0 0.904398 0.089453 0.044907 0.061719
0 0.290972 0.546484 0.049537 0.053906
0 0.947222 0.472266 0.102778 0.025260
0 0.663657 0.843359 0.109722 0.022656
0 0.870833 0.593359 0.088889 0.027865
0 0.091898 0.127214 0.049537 0.048698
0 0.566435 0.361328 0.044907 0.053385
0 0.200694 0.387630 0.035648 0.059115
0 0.543287 0.277995 0.118981 0.016927
0 0.904398 0.631120 0.128241 0.014844
0 0.177546 0.300391 0.072685 0.025260
0 0.986574 0.111589 0.024074 0.074740
0 0.957639 0.409766 0.031019 0.056510
0 0.829861 0.130469 0.034722 0.050000
0 0.226157 0.402995 0.040278 0.042969
0 0.728472 0.043620 0.100463 0.016927
0 0.191435 0.736328 0.026389 0.063802
0 0.741898 0.072266 0.127315 0.011719
0 0.608102 0.882422 0.118981 0.012240
0 0.107639 0.727474 0.034722 0.040885
0 0.304398 0.282161 0.030093 0.046094
0 0.253935 0.605078 0.086574 0.014844
0 0.084954 0.214193 0.063426 0.019531
0 0.098843 0.757422 0.035648 0.033073
0 0.230787 0.692318 0.021759 0.048698
0 0.941435 0.127604 0.026389 0.039062
0 0.068750 0.761328 0.021759 0.046094
0 0.920602 0.474609 0.068056 0.014323
0 0.094213 0.253516 0.026389 0.035677
0 0.866898 0.142839 0.016204 0.048698
0 0.968056 0.488932 0.061111 0.011719
0 0.149306 0.237630 0.062500 0.009115
0 0.934491 0.883724 0.058796 0.009635
0 0.098843 0.993099 0.044907 0.009635
