0 0.253935 0.827734 0.188426 0.033073
0 0.519676 0.839453 0.062500 0.066927
0 0.304861 0.683203 0.058796 0.066927
0 0.654398 0.228516 0.063426 0.058594
0 0.823380 0.371354 0.114352 0.031771
0 0.936806 0.606380 0.044907 0.074740
0 0.800231 0.417318 0.049537 0.066406
0 0.674769 0.688411 0.122685 0.025260
0 0.865046 0.656901 0.049537 0.061198
0 0.325694 0.523047 0.100463 0.027865
0 0.487731 0.839453 0.044907 0.061719
0 0.469213 0.236589 0.118981 0.022656
0 0.165509 0.317318 0.094907 0.027865
0 0.594213 0.827734 0.091204 0.027865
0 0.133565 0.396094 0.105093 0.023958
0 0.635880 0.275651 0.044907 0.053906
0 0.677546 0.857682 0.118981 0.020052
0 0.707639 0.806901 0.105093 0.022656
0 0.783565 0.687109 0.043981 0.053906
0 0.913657 0.123698 0.044907 0.052083
0 0.256250 0.677995 0.091204 0.025260
0 0.679861 0.263021 0.040278 0.054688
0 0.476157 0.146745 0.086574 0.025260
0 0.904398 0.296484 0.044907 0.048698
0 0.300926 0.147396 0.078704 0.026562
0 0.621991 0.711849 0.044907 0.046094
0 0.121991 0.724609 0.044907 0.045573
0 0.603009 0.261328 0.043981 0.046094
0 0.348843 0.610286 0.035648 0.056510
0 0.149769 0.854818 0.100463 0.019531
0 0.508565 0.874609 0.086574 0.022656
0 0.749306 0.115495 0.077315 0.025260
0 0.265509 0.564714 0.044907 0.043490
0 0.844213 0.840755 0.044907 0.043490
0 0.583333 0.914714 0.078704 0.024740
0 0.859954 0.642839 0.085648 0.022656
0 0.640509 0.546484 0.035648 0.053906
0 0.624306 0.439453 0.086574 0.022135
0 0.536343 0.161068 0.105093 0.017448
0 0.746991 0.159766 0.044907 0.040885
0 0.821065 0.521745 0.035648 0.051302
0 0.301389 0.387630 0.079630 0.022656
0 0.741204 0.250911 0.088889 0.020052
0 0.403935 0.766536 0.034722 0.051302
0 0.846528 0.226172 0.077315 0.022656
0 0.649306 0.874609 0.099537 0.017448
0 0.286343 0.414974 0.086574 0.020052
0 0.744213 0.749609 0.076389 0.022656
0 0.331481 0.476172 0.075000 0.022656
0 0.443750 0.472005 0.086574 0.019531
0 0.599537 0.390234 0.074074 0.022656
0 0.510880 0.364193 0.091204 0.017448
0 0.543287 0.804297 0.026389 0.059115
0 0.214583 0.358984 0.035648 0.043490
0 0.128935 0.244401 0.068056 0.022656
0 0.379630 0.145443 0.087963 0.017448
0 0.563657 0.742839 0.030093 0.050781
0 0.113889 0.500911 0.102778 0.014844
0 0.462269 0.220964 0.086574 0.017448
0 0.564120 0.922526 0.077315 0.019531
0 0.946065 0.717057 0.035648 0.040885
0 0.885880 0.589453 0.072685 0.020052
0 0.265509 0.887630 0.081944 0.017448
0 0.366898 0.645443 0.081019 0.017448
0 0.950694 0.312760 0.035648 0.039583
0 0.756250 0.284766 0.026389 0.051302
0 0.797917 0.125911 0.026389 0.051302
0 0.161343 0.299089 0.031019 0.043490
0 0.753935 0.093359 0.077315 0.017448
0 0.476157 0.661068 0.077315 0.017448
0 0.635417 0.877214 0.034722 0.038281
0 0.179398 0.655859 0.030093 0.043490
0 0.804861 0.475521 0.031019 0.042188
0 0.535185 0.536068 0.075000 0.017448
0 0.834954 0.106120 0.026389 0.048177
0 0.582176 0.191016 0.085648 0.014844
0 0.327546 0.210547 0.020833 0.059115
0 0.534028 0.204036 0.081944 0.014844
0 0.473843 0.177995 0.026389 0.046094
0 0.700694 0.280859 0.035648 0.033073
0 0.508102 0.898047 0.067130 0.017448
0 0.677546 0.150651 0.063426 0.017448
0 0.175231 0.175391 0.031019 0.035677
0 0.068750 0.422786 0.031019 0.035677
0 0.540972 0.414974 0.031019 0.035677
0 0.726157 0.490234 0.031019 0.035156
0 0.182176 0.560807 0.026389 0.040885
0 0.392824 0.595703 0.021759 0.048177
0 0.177083 0.336589 0.071759 0.014323
0 0.388194 0.438411 0.068056 0.014844
0 0.767824 0.472266 0.068056 0.014844
0 0.816435 0.697526 0.026389 0.038281
0 0.226157 0.183203 0.068056 0.014844
0 0.197917 0.469661 0.067130 0.014844
0 0.116898 0.601172 0.081019 0.012240
0 0.978472 0.155208 0.026389 0.036979
0 0.521991 0.464453 0.020833 0.046094
0 0.079861 0.285807 0.025463 0.037760
0 0.689120 0.739193 0.021759 0.043490
0 0.927546 0.482682 0.026389 0.035677
0 0.829861 0.551693 0.053241 0.017448
0 0.820602 0.280859 0.053241 0.017448
0 0.635417 0.129818 0.053241 0.017448
0 0.418287 0.638281 0.026389 0.034375
0 0.896991 0.538411 0.076389 0.011719
0 0.193750 0.195964 0.095833 0.009115
0 0.948380 0.151693 0.021759 0.040365
0 0.128935 0.427995 0.058796 0.014844
0 0.255093 0.132422 0.070370 0.012240
0 0.469213 0.992448 0.063426 0.013542
0 0.863889 0.512630 0.019444 0.043490
0 0.684028 0.443359 0.020833 0.040365
0 0.140046 0.198828 0.016204 0.051302
0 0.318750 0.601172 0.068056 0.012240
0 0.448380 0.207943 0.068056 0.012240
0 0.703009 0.181901 0.068056 0.012240
0 0.513194 0.327474 0.021759 0.037760
0 0.533565 0.772396 0.025463 0.031771
0 0.686806 0.558203 0.054167 0.014844
0 0.446065 0.487891 0.054167 0.014844
0 0.149769 0.573828 0.054167 0.014844
0 0.969213 0.469661 0.017130 0.046094
0 0.446065 0.317318 0.063426 0.012240
0 0.073380 0.641276 0.021759 0.035156
0 0.746528 0.498307 0.016204 0.046094
0 0.121991 0.223568 0.017130 0.043490
0 0.875463 0.557943 0.051852 0.014323
0 0.774769 0.601172 0.026389 0.027865
0 0.915509 0.765885 0.020833 0.034375
0 0.480324 0.770052 0.020833 0.033854
0 0.135880 0.560807 0.072685 0.009635
0 0.182176 0.128516 0.072685 0.009635
0 0.899769 0.693620 0.017130 0.040885
0 0.159028 0.441016 0.072685 0.009635
0 0.561806 0.878255 0.017130 0.040365
0 0.565972 0.222266 0.071759 0.009635
0 0.400926 0.007422 0.056481 0.012240
0 0.363889 0.767839 0.056481 0.012240
0 0.776620 0.501563 0.020833 0.031771
0 0.513194 0.123307 0.068056 0.009635
0 0.866898 0.254818 0.053241 0.012240
0 0.473843 0.381120 0.063426 0.009635
0 0.909028 0.360286 0.017130 0.035677
0 0.207639 0.431901 0.021759 0.027865
0 0.784028 0.797526 0.017130 0.035156
0 0.751620 0.636068 0.017130 0.035156
0 0.885880 0.372005 0.017130 0.033073
0 0.204861 0.254818 0.016204 0.033073
0 0.075231 0.405859 0.043981 0.012240
0 0.172454 0.233333 0.016204 0.031771
0 0.089583 0.669922 0.017130 0.029948
0 0.103009 0.353776 0.016204 0.027865
0 0.767824 0.537109 0.012500 0.035156
0 0.663194 0.663021 0.016204 0.026562
0 0.765046 0.136068 0.043981 0.009115
0 0.411343 0.516536 0.012500 0.025260
0 0.740046 0.516276 0.012500 0.014323
