0 0.050231 0.430599 0.095833 0.087760
0 0.142824 0.530859 0.068056 0.085156
0 0.578009 0.420182 0.105093 0.035677
0 0.399769 0.693359 0.100463 0.035156
0 0.854630 0.693620 0.047222 0.072135
0 0.146296 0.638932 0.047222 0.072135
0 0.612269 0.142839 0.099537 0.033073
0 0.246991 0.764974 0.118981 0.027344
0 0.376620 0.172135 0.109722 0.029167
0 0.888194 0.155599 0.058796 0.053385
0 0.434028 0.774349 0.094907 0.030469
0 0.684491 0.526953 0.114352 0.025260
0 0.440278 0.192318 0.051852 0.053906
0 0.230324 0.468359 0.048611 0.053906
0 0.492361 0.791276 0.044907 0.053906
0 0.413657 0.489193 0.081944 0.027865
0 0.751157 0.176432 0.099537 0.022135
0 0.457639 0.852474 0.086574 0.025260
0 0.304861 0.542578 0.031019 0.066927
0 0.892824 0.373307 0.031019 0.066927
0 0.293287 0.610286 0.044907 0.046094
0 0.844213 0.564714 0.091204 0.022656
0 0.698380 0.138932 0.040278 0.051302
0 0.332639 0.128516 0.040278 0.051302
0 0.847685 0.420182 0.042593 0.046094
0 0.936806 0.174089 0.044907 0.043490
0 0.244676 0.685807 0.077315 0.025260
0 0.346528 0.895182 0.114352 0.016927
0 0.507407 0.646745 0.075000 0.025260
0 0.538657 0.705339 0.081944 0.022656
0 0.316435 0.791276 0.081944 0.022656
0 0.517824 0.901953 0.040278 0.046094
0 0.198380 0.231380 0.105093 0.017448
0 0.828009 0.136068 0.040278 0.045573
0 0.746991 0.579036 0.035648 0.051302
0 0.346528 0.481771 0.077315 0.023438
0 0.584491 0.816016 0.090278 0.020052
0 0.388194 0.409766 0.086574 0.020052
0 0.876620 0.742057 0.035648 0.048177
0 0.911343 0.648047 0.031019 0.053906
0 0.045602 0.602474 0.040278 0.040885
0 0.078009 0.529297 0.040278 0.040365
0 0.554861 0.224219 0.086574 0.018750
0 0.228472 0.668620 0.072685 0.022135
0 0.696065 0.231380 0.091204 0.017448
0 0.309491 0.374609 0.040278 0.038281
0 0.086806 0.866797 0.067130 0.022656
0 0.281250 0.479427 0.030093 0.050000
0 0.184491 0.548828 0.031019 0.048177
0 0.946065 0.253516 0.026389 0.056510
0 0.552546 0.175391 0.035648 0.040885
0 0.746991 0.149349 0.035648 0.040885
0 0.834954 0.821224 0.035648 0.040885
0 0.779398 0.271745 0.072685 0.020052
0 0.903935 0.802995 0.025463 0.056510
0 0.189120 0.120703 0.031019 0.046094
0 0.796759 0.420573 0.033333 0.041667
0 0.756250 0.317318 0.035648 0.038281
0 0.672917 0.663672 0.035648 0.038281
0 0.418287 0.258724 0.026389 0.051302
0 0.082639 0.317318 0.031019 0.043490
0 0.457639 0.625911 0.021759 0.061719
0 0.300231 0.301693 0.031019 0.043490
0 0.512037 0.198828 0.088889 0.014844
0 0.774769 0.467969 0.026389 0.049479
0 0.633565 0.729427 0.095833 0.013542
0 0.179861 0.715755 0.105093 0.012240
0 0.341898 0.636328 0.086574 0.014844
0 0.441435 0.592057 0.063426 0.020052
0 0.376620 0.739193 0.072685 0.017448
0 0.825694 0.655859 0.072685 0.017448
0 0.223380 0.263932 0.062500 0.020052
0 0.399769 0.654297 0.063426 0.019531
0 0.659028 0.239193 0.100463 0.012240
0 0.691435 0.603516 0.072685 0.016927
0 0.515509 0.161719 0.035648 0.034375
0 0.707639 0.179297 0.068056 0.017448
0 0.381250 0.817969 0.026389 0.044792
0 0.358102 0.827734 0.035648 0.033073
0 0.861111 0.336589 0.060185 0.019531
0 0.855324 0.590755 0.094907 0.012240
0 0.957639 0.151953 0.077315 0.014844
0 0.531713 0.759375 0.031019 0.036979
0 0.804398 0.694922 0.020833 0.053906
0 0.698380 0.618099 0.021759 0.051302
0 0.836111 0.732682 0.019444 0.056510
0 0.389352 0.450130 0.088889 0.012240
0 0.540509 0.349870 0.020833 0.051302
0 0.271991 0.531250 0.020833 0.049479
0 0.656713 0.148047 0.058796 0.017448
0 0.253935 0.606380 0.058796 0.017448
0 0.304861 0.467448 0.021759 0.046875
0 0.645139 0.611589 0.026389 0.038281
0 0.807176 0.369401 0.026389 0.038281
0 0.237731 0.590755 0.026389 0.038281
0 0.884722 0.089193 0.070370 0.014323
0 0.890046 0.502214 0.081019 0.012240
0 0.837269 0.395443 0.031019 0.032031
0 0.804861 0.087500 0.031019 0.031771
0 0.443750 0.640885 0.021759 0.044792
0 0.726157 0.128906 0.031019 0.031250
0 0.744676 0.614193 0.021759 0.043490
0 0.161343 0.405208 0.058796 0.016146
0 0.328009 0.361589 0.021759 0.043490
0 0.163657 0.270443 0.054167 0.017448
0 0.742361 0.865495 0.063426 0.014844
0 0.196065 0.576432 0.026389 0.035677
0 0.339583 0.709245 0.063426 0.014844
0 0.730787 0.671224 0.021759 0.042969
0 0.906250 0.192318 0.076389 0.012240
0 0.756250 0.254557 0.054167 0.016927
0 0.450694 0.138932 0.017130 0.051302
0 0.228472 0.164974 0.017130 0.051302
0 0.015509 0.731380 0.026389 0.033073
0 0.383565 0.122005 0.021759 0.038281
0 0.272454 0.773047 0.068056 0.012240
0 0.915972 0.304297 0.021759 0.038281
0 0.725000 0.097656 0.019444 0.041667
0 0.471528 0.992448 0.058796 0.013542
0 0.946065 0.318620 0.017130 0.046094
0 0.929398 0.603516 0.020833 0.037760
0 0.645139 0.108984 0.063426 0.012240
0 0.494676 0.748307 0.021759 0.035677
0 0.779398 0.093359 0.017130 0.043490
0 0.360417 0.172786 0.077315 0.009635
0 0.124306 0.588151 0.021759 0.033073
0 0.652083 0.858984 0.058796 0.012240
0 0.690972 0.546484 0.016204 0.043490
0 0.897454 0.257161 0.021759 0.032552
0 0.489583 0.247005 0.057870 0.012240
0 0.932176 0.532161 0.017130 0.040885
0 0.487731 0.412370 0.017130 0.040885
0 0.733102 0.756120 0.026389 0.025260
0 0.228472 0.743490 0.063426 0.010417
0 0.464583 0.481380 0.017130 0.038281
0 0.659028 0.705339 0.017130 0.038281
0 0.777083 0.110286 0.068056 0.009635
0 0.895139 0.867448 0.017130 0.036979
0 0.909028 0.834245 0.063426 0.009635
0 0.858102 0.563411 0.063426 0.009635
0 0.397454 0.835547 0.049537 0.012240
0 0.698380 0.194922 0.021759 0.027865
0 0.735417 0.885026 0.049537 0.012240
0 0.733102 0.214193 0.063426 0.009115
0 0.316435 0.205339 0.017130 0.033073
0 0.344213 0.434505 0.044907 0.012240
0 0.089583 0.534766 0.017130 0.030469
0 0.691435 0.685807 0.054167 0.009635
0 0.348380 0.605078 0.053241 0.009635
0 0.679861 0.898047 0.040278 0.012240
0 0.382407 0.426693 0.037963 0.012240
0 0.304861 0.136068 0.049537 0.009115
0 0.665509 0.762630 0.011574 0.038281
0 0.631250 0.218359 0.035648 0.012240
0 0.961806 0.250911 0.011574 0.035677
0 0.376620 0.231120 0.044907 0.006510
0 0.325231 0.089453 0.016204 0.014844
0 0.561806 0.041016 0.026389 0.006510
