0 0.457176 0.430599 0.057870 0.077344
0 0.735417 0.853776 0.058796 0.059115
0 0.278935 0.523698 0.118056 0.029167
0 0.263194 0.460547 0.114352 0.027865
0 0.865046 0.051693 0.095833 0.033073
0 0.631250 0.782161 0.044907 0.066927
0 0.258565 0.217057 0.114352 0.025260
0 0.441435 0.219661 0.109722 0.025260
0 0.888194 0.598568 0.095833 0.027865
0 0.297917 0.352474 0.044907 0.056510
0 0.279398 0.388932 0.044907 0.056510
0 0.170602 0.447526 0.049537 0.048698
0 0.290509 0.739193 0.048611 0.048698
0 0.324074 0.568620 0.050926 0.046094
0 0.647454 0.568620 0.040278 0.056510
0 0.334954 0.465755 0.044907 0.048698
0 0.553704 0.480078 0.084259 0.025260
0 0.104630 0.848307 0.093519 0.022135
0 0.348843 0.771745 0.044907 0.046094
0 0.334954 0.719661 0.044907 0.046094
0 0.804861 0.552995 0.040278 0.051302
0 0.329167 0.808203 0.079630 0.025260
0 0.149306 0.807943 0.043981 0.045573
0 0.371991 0.397135 0.044907 0.041667
0 0.774769 0.595964 0.081944 0.022656
0 0.591898 0.210547 0.105093 0.017448
0 0.700694 0.698828 0.044907 0.040885
0 0.839583 0.875911 0.035648 0.051302
0 0.061806 0.310807 0.035648 0.051302
0 0.862731 0.553646 0.026389 0.068229
0 0.670602 0.372656 0.040278 0.044792
0 0.059028 0.785807 0.030093 0.058594
0 0.471528 0.612891 0.086574 0.020052
0 0.108102 0.202734 0.035648 0.048698
0 0.540972 0.754557 0.040278 0.042969
0 0.071065 0.655599 0.035648 0.048177
0 0.156250 0.868099 0.113426 0.014844
0 0.573380 0.404557 0.040278 0.040885
0 0.064120 0.594010 0.040278 0.039583
0 0.467593 0.668880 0.069444 0.022656
0 0.209954 0.355729 0.072685 0.021354
0 0.073380 0.728776 0.040278 0.038281
0 0.746528 0.562760 0.081019 0.018750
0 0.387731 0.452734 0.085648 0.017448
0 0.900926 0.103516 0.065741 0.022135
0 0.554861 0.154557 0.095833 0.014844
0 0.065972 0.524349 0.034722 0.040885
0 0.330324 0.276302 0.035648 0.039583
0 0.371528 0.486589 0.025463 0.053906
0 0.040972 0.452734 0.031019 0.043490
0 0.790972 0.863932 0.031019 0.042969
0 0.501157 0.588151 0.034722 0.038281
0 0.913657 0.169922 0.091204 0.014323
0 0.774306 0.148047 0.025463 0.048698
0 0.603009 0.472266 0.034722 0.035677
0 0.538194 0.461849 0.081019 0.014844
0 0.646991 0.474219 0.030093 0.039583
0 0.818750 0.648698 0.086574 0.013542
0 0.121991 0.348307 0.035648 0.032552
0 0.436111 0.411068 0.064815 0.017448
0 0.392824 0.685807 0.021759 0.051302
0 0.406713 0.740495 0.021759 0.051302
0 0.612731 0.161068 0.063426 0.017448
0 0.828009 0.159766 0.031019 0.035677
0 0.728472 0.554297 0.063426 0.017448
0 0.388194 0.309505 0.021759 0.048698
0 0.290972 0.687109 0.021759 0.048698
0 0.665972 0.624609 0.031019 0.033073
0 0.531713 0.606380 0.058796 0.017448
0 0.360417 0.692318 0.058796 0.017448
0 0.920602 0.874609 0.058796 0.017448
0 0.360417 0.645182 0.031019 0.032552
0 0.573380 0.610286 0.021759 0.046094
0 0.499306 0.688411 0.021759 0.046094
0 0.502778 0.628516 0.065741 0.014844
0 0.781713 0.452734 0.021759 0.043490
0 0.744676 0.515234 0.021759 0.043490
0 0.191435 0.763932 0.063426 0.014844
0 0.284028 0.886328 0.063426 0.014844
0 0.237269 0.563411 0.062500 0.014844
0 0.827546 0.542578 0.030093 0.030469
0 0.480787 0.433203 0.021759 0.040885
0 0.471528 0.498307 0.058796 0.014844
0 0.067593 0.487891 0.056481 0.014844
0 0.966898 0.150391 0.049537 0.016927
0 0.124306 0.700130 0.021759 0.038281
0 0.322917 0.794922 0.057870 0.014323
0 0.310648 0.554948 0.024074 0.034375
0 0.446065 0.313411 0.026389 0.030469
0 0.459954 0.732682 0.054167 0.014844
0 0.089583 0.873307 0.054167 0.014844
0 0.471528 0.992448 0.058796 0.013542
0 0.550231 0.500651 0.086574 0.009115
0 0.858102 0.756120 0.017130 0.046094
0 0.628935 0.464453 0.021759 0.035677
0 0.909028 0.474870 0.052315 0.014844
0 0.121528 0.310807 0.025463 0.030469
0 0.200694 0.624609 0.017130 0.043490
0 0.246991 0.723568 0.017130 0.043490
0 0.818750 0.521745 0.049537 0.014844
0 0.184491 0.538672 0.021759 0.033073
0 0.299769 0.661068 0.057870 0.012240
0 0.422454 0.481380 0.025463 0.027865
0 0.554861 0.490234 0.077315 0.009115
0 0.191435 0.685807 0.017130 0.040885
0 0.665972 0.201432 0.021759 0.030469
0 0.409028 0.137630 0.054167 0.012240
0 0.115046 0.143880 0.021759 0.029948
0 0.427083 0.345964 0.053241 0.012240
0 0.496991 0.392578 0.017130 0.037760
0 0.876620 0.488932 0.054167 0.011719
0 0.742361 0.901953 0.063426 0.009635
0 0.536343 0.585286 0.021759 0.027344
0 0.353009 0.795182 0.016204 0.035677
0 0.466898 0.659505 0.058796 0.009115
0 0.202546 0.740495 0.020833 0.020052
0 0.966898 0.522786 0.012500 0.032552
0 0.427546 0.249609 0.017130 0.022656
0 0.964583 0.822526 0.017130 0.022656
0 0.459491 0.842057 0.034722 0.009635
0 0.534028 0.166276 0.017130 0.017448
0 0.561806 0.041016 0.026389 0.006510
