0 0.809491 0.799089 0.086574 0.079948
0 0.781250 0.512630 0.076389 0.090365
0 0.963426 0.170833 0.070370 0.094271
0 0.096065 0.982031 0.187500 0.034375
0 0.554861 0.606380 0.077315 0.074740
0 0.684491 0.725521 0.040278 0.120313
0 0.128935 0.167578 0.068056 0.061719
0 0.550231 0.248307 0.114352 0.035677
0 0.656713 0.828776 0.123611 0.029948
0 0.880787 0.608724 0.053241 0.069010
0 0.387037 0.236589 0.130556 0.027865
0 0.450694 0.188802 0.063426 0.057292
0 0.815278 0.728776 0.102778 0.033073
0 0.561806 0.777604 0.044907 0.073438
0 0.859259 0.688411 0.056481 0.056510
0 0.348843 0.548438 0.091204 0.031771
0 0.784028 0.674089 0.035648 0.079948
0 0.880787 0.075130 0.043981 0.064323
0 0.223843 0.563411 0.035648 0.077344
0 0.845833 0.642839 0.092593 0.027865
0 0.705324 0.719661 0.035648 0.072135
0 0.441435 0.602474 0.044907 0.056510
0 0.415509 0.562500 0.048611 0.049479
0 0.832639 0.788672 0.040278 0.059115
0 0.981944 0.182552 0.033333 0.070833
0 0.226157 0.473307 0.040278 0.058594
0 0.318287 0.144141 0.039352 0.051302
0 0.483102 0.138932 0.100463 0.020052
0 0.228472 0.387630 0.044907 0.043490
0 0.383565 0.157161 0.077315 0.025260
0 0.494676 0.592057 0.031019 0.061719
0 0.508565 0.089453 0.123611 0.014844
0 0.958796 0.056641 0.079630 0.022135
0 0.767361 0.755859 0.020833 0.066406
0 0.693750 0.757031 0.021759 0.057292
0 0.494213 0.183203 0.030093 0.035677
0 0.811806 0.534115 0.026389 0.039583
0 0.367361 0.387630 0.026389 0.038281
0 0.253935 0.332682 0.049537 0.016927
0 0.679861 0.700391 0.021759 0.037760
0 0.730324 0.220964 0.020833 0.027865
0 0.970370 0.597266 0.056481 0.009635
0 0.679861 0.476432 0.012500 0.037760
0 0.436806 0.179036 0.035648 0.011719
