0 0.108102 0.978125 0.211574 0.042188
0 0.189120 0.727214 0.169907 0.040365
0 0.936806 0.371615 0.081944 0.080729
0 0.596528 0.845964 0.179167 0.033073
0 0.371991 0.360286 0.072685 0.072135
0 0.120833 0.762630 0.135185 0.033073
0 0.795602 0.753516 0.058796 0.066927
0 0.181019 0.403906 0.051852 0.065625
0 0.640509 0.606120 0.054167 0.058594
0 0.549074 0.353776 0.139815 0.022656
0 0.398148 0.729427 0.106481 0.029167
0 0.310648 0.732682 0.116667 0.025260
0 0.453009 0.797786 0.095833 0.030469
0 0.145139 0.283464 0.100463 0.027865
0 0.520139 0.438411 0.091204 0.030469
0 0.152083 0.336198 0.049537 0.055208
0 0.744676 0.358724 0.049537 0.053385
0 0.773611 0.108724 0.088889 0.027344
0 0.253472 0.598568 0.048611 0.048698
0 0.309491 0.883724 0.049537 0.046094
0 0.501620 0.604818 0.044907 0.050781
0 0.918287 0.135026 0.100463 0.022656
0 0.366898 0.146745 0.043981 0.051302
0 0.309491 0.667578 0.105093 0.020052
0 0.913657 0.282161 0.044907 0.046094
0 0.575694 0.403255 0.091204 0.022656
0 0.983102 0.701432 0.026389 0.077344
0 0.647917 0.849870 0.076389 0.025260
0 0.606944 0.236589 0.042593 0.043490
0 0.126620 0.407161 0.044907 0.040885
0 0.844213 0.219661 0.072685 0.025260
0 0.441435 0.821224 0.072685 0.025260
0 0.668287 0.383724 0.035648 0.051302
0 0.133565 0.694010 0.086574 0.020833
0 0.904398 0.404297 0.026389 0.066406
0 0.397454 0.657161 0.086574 0.020052
0 0.531713 0.285807 0.077315 0.022135
0 0.582639 0.008073 0.105093 0.016146
0 0.652083 0.260026 0.095833 0.017448
0 0.080324 0.825130 0.072685 0.022656
0 0.344213 0.394141 0.035648 0.046094
0 0.154398 0.597266 0.081944 0.020052
0 0.957639 0.432943 0.031019 0.050781
0 0.483102 0.137630 0.026389 0.059115
0 0.906713 0.495703 0.077315 0.020052
0 0.328009 0.473568 0.068056 0.022656
0 0.277083 0.887630 0.040278 0.038281
0 0.453009 0.093099 0.068056 0.022135
0 0.432176 0.886328 0.100463 0.014844
0 0.628935 0.373958 0.040278 0.036979
0 0.517361 0.176693 0.030093 0.048698
0 0.399769 0.581641 0.035648 0.040885
0 0.214583 0.196224 0.035648 0.040885
0 0.635417 0.654557 0.071759 0.020052
0 0.880787 0.711849 0.071759 0.020052
0 0.542824 0.467057 0.071759 0.020052
0 0.362269 0.489844 0.034722 0.039583
0 0.240046 0.477474 0.068056 0.020052
0 0.156713 0.079036 0.068056 0.020052
0 0.478472 0.502214 0.035648 0.038281
0 0.815972 0.442057 0.025463 0.053385
0 0.170602 0.901693 0.068056 0.019531
0 0.165972 0.257161 0.077315 0.016927
0 0.730787 0.761979 0.031019 0.042188
0 0.436806 0.856380 0.026389 0.048698
0 0.661343 0.502865 0.068056 0.018750
0 0.571065 0.125911 0.063426 0.020052
0 0.121991 0.448828 0.035648 0.035677
0 0.216898 0.321224 0.031019 0.040885
0 0.117361 0.222917 0.026389 0.047396
0 0.726157 0.873307 0.021759 0.056510
0 0.953009 0.156510 0.031019 0.039583
0 0.365046 0.463151 0.068056 0.017448
0 0.522454 0.085547 0.068056 0.017448
0 0.314120 0.502214 0.021759 0.053906
0 0.534028 0.780859 0.035648 0.033073
0 0.438657 0.153255 0.067130 0.017448
0 0.297917 0.327474 0.035648 0.032552
0 0.510417 0.507422 0.034722 0.033073
0 0.413194 0.088151 0.034722 0.033073
0 0.249306 0.823828 0.021759 0.051302
0 0.707639 0.422786 0.031019 0.035677
0 0.902083 0.209245 0.031019 0.035677
0 0.790972 0.888281 0.058796 0.018750
0 0.927546 0.089453 0.026389 0.040885
0 0.366204 0.523438 0.024074 0.044271
0 0.665972 0.895443 0.086574 0.012240
0 0.388194 0.327734 0.021759 0.048698
0 0.272454 0.520182 0.021759 0.048177
0 0.781713 0.539974 0.021759 0.046094
0 0.552546 0.106380 0.081944 0.012240
0 0.790509 0.200130 0.030093 0.033073
0 0.341898 0.261979 0.086574 0.010937
0 0.068750 0.874609 0.077315 0.012240
0 0.091898 0.773047 0.077315 0.012240
0 0.874306 0.533464 0.021759 0.043490
0 0.612731 0.373307 0.026389 0.035677
0 0.316435 0.834245 0.063426 0.014844
0 0.716898 0.582292 0.021759 0.042188
0 0.346065 0.299089 0.020833 0.043490
0 0.253935 0.221615 0.031019 0.029167
0 0.878935 0.617839 0.021759 0.040365
0 0.288194 0.499609 0.016204 0.053906
0 0.843750 0.093359 0.071759 0.012240
0 0.615046 0.448828 0.058796 0.014844
0 0.451389 0.517578 0.074074 0.011719
0 0.679861 0.432552 0.021759 0.039583
0 0.804861 0.408854 0.021759 0.039062
0 0.536343 0.373047 0.058796 0.014323
0 0.828009 0.658464 0.021759 0.038281
0 0.675231 0.200130 0.068056 0.012240
0 0.457176 0.216797 0.057870 0.014323
0 0.397454 0.264974 0.021759 0.037760
0 0.722222 0.554036 0.069444 0.011719
0 0.580324 0.224870 0.026389 0.030469
0 0.246991 0.503516 0.054167 0.014844
0 0.126620 0.862891 0.054167 0.014844
0 0.115046 0.730469 0.021759 0.036458
0 0.525463 0.551693 0.064815 0.012240
0 0.591898 0.500911 0.021759 0.035677
0 0.263194 0.354818 0.021759 0.035156
0 0.394676 0.500911 0.016204 0.046094
0 0.367361 0.789714 0.081944 0.009115
0 0.128935 0.680599 0.077315 0.009635
0 0.677546 0.546484 0.017130 0.043490
0 0.300231 0.398438 0.021759 0.033854
0 0.295602 0.278255 0.021759 0.033073
0 0.485417 0.658203 0.021759 0.032552
0 0.339583 0.508724 0.017130 0.040885
0 0.295139 0.126953 0.020833 0.032552
0 0.182176 0.166276 0.054167 0.012240
0 0.594213 0.088151 0.054167 0.012240
0 0.170602 0.631120 0.021759 0.030469
0 0.149769 0.179297 0.017130 0.038281
0 0.721528 0.282161 0.068056 0.009635
0 0.512731 0.409766 0.067130 0.009635
0 0.418287 0.261328 0.017130 0.035677
0 0.459954 0.263932 0.017130 0.035677
0 0.445602 0.110286 0.062500 0.009635
0 0.249306 0.533203 0.021759 0.027344
0 0.434028 0.138932 0.057870 0.009635
0 0.439120 0.381120 0.021759 0.025260
0 0.668287 0.291276 0.044907 0.012240
0 0.479630 0.259375 0.019444 0.026562
0 0.892361 0.629818 0.011574 0.038281
0 0.815972 0.779557 0.043981 0.009635
0 0.850694 0.453776 0.011574 0.035156
0 0.543287 0.593099 0.017130 0.016927
0 0.044444 0.004818 0.028704 0.007031
0 0.633102 0.023047 0.020833 0.007031
