0 0.508565 0.108984 0.068056 0.064323
0 0.892824 0.325130 0.114352 0.038281
0 0.753472 0.283464 0.067130 0.064323
0 0.272454 0.661068 0.049537 0.059115
0 0.686806 0.112891 0.054167 0.051302
0 0.279398 0.604818 0.054167 0.050781
0 0.841898 0.257422 0.095833 0.027865
0 0.550231 0.237891 0.105093 0.025260
0 0.814120 0.379557 0.086574 0.027344
0 0.373843 0.757422 0.039352 0.059115
0 0.777083 0.503516 0.049537 0.046094
0 0.846528 0.734635 0.049537 0.044792
0 0.383565 0.459245 0.086574 0.025260
0 0.797917 0.316016 0.044907 0.046094
0 0.506250 0.719661 0.081944 0.025260
0 0.413657 0.168880 0.109722 0.017448
0 0.927546 0.688411 0.044907 0.040885
0 0.645139 0.519141 0.044907 0.040885
0 0.890509 0.498307 0.091204 0.020052
0 0.471528 0.439714 0.077315 0.022656
0 0.434491 0.332943 0.077315 0.022656
0 0.601157 0.299089 0.077315 0.022656
0 0.036343 0.210547 0.031019 0.053906
0 0.814120 0.427995 0.040278 0.040885
0 0.024769 0.422786 0.035648 0.046094
0 0.891667 0.598568 0.028704 0.053906
0 0.626620 0.431901 0.035648 0.043490
0 0.434491 0.622005 0.068056 0.022656
0 0.485417 0.603776 0.068056 0.022656
0 0.615046 0.179297 0.068056 0.022656
0 0.656250 0.493099 0.076389 0.020052
0 0.126620 0.685807 0.035648 0.040885
0 0.829861 0.287370 0.071759 0.020052
0 0.878935 0.222266 0.031019 0.046094
0 0.198380 0.116536 0.021759 0.063802
0 0.580324 0.543880 0.035648 0.038281
0 0.423611 0.404557 0.064815 0.020052
0 0.721528 0.636328 0.021759 0.056510
0 0.512731 0.164974 0.030093 0.040885
0 0.038657 0.532161 0.026389 0.046094
0 0.899306 0.162370 0.081019 0.014844
0 0.369676 0.444922 0.068056 0.017448
0 0.953009 0.775651 0.021759 0.053906
0 0.045602 0.277604 0.031019 0.036979
0 0.628935 0.256120 0.021759 0.051302
0 0.934491 0.219661 0.031019 0.035677
0 0.757407 0.697526 0.028704 0.038281
0 0.696065 0.144141 0.072685 0.014844
0 0.274306 0.230078 0.025463 0.040885
0 0.165972 0.334896 0.021759 0.047396
0 0.763194 0.207943 0.058796 0.017448
0 0.425231 0.111589 0.031019 0.033073
0 0.814120 0.080339 0.058796 0.017448
0 0.189120 0.547786 0.068056 0.014844
0 0.896296 0.138932 0.065741 0.014844
0 0.337269 0.774349 0.031019 0.030469
0 0.752778 0.168880 0.075000 0.012240
0 0.707639 0.249349 0.077315 0.011719
0 0.779398 0.137630 0.072685 0.012240
0 0.246991 0.111589 0.072685 0.012240
0 0.603472 0.141536 0.017130 0.051302
0 0.516667 0.628516 0.028704 0.030469
0 0.265509 0.421484 0.026389 0.033073
0 0.499306 0.342057 0.058796 0.014844
0 0.237731 0.447266 0.026389 0.032552
0 0.647454 0.662109 0.058796 0.014323
0 0.841898 0.524089 0.021759 0.035156
0 0.536343 0.541276 0.058796 0.012240
0 0.668287 0.524349 0.026389 0.025260
0 0.152083 0.089453 0.021759 0.030469
0 0.858102 0.627214 0.017130 0.038281
0 0.322917 0.378516 0.067130 0.009635
0 0.140509 0.508464 0.017130 0.035156
0 0.142824 0.158203 0.021759 0.027344
0 0.671759 0.157161 0.061111 0.009635
0 0.304861 0.105078 0.058796 0.009635
0 0.920602 0.599870 0.058796 0.009635
0 0.534028 0.340755 0.017130 0.033073
0 0.189120 0.717057 0.058796 0.009635
0 0.698380 0.717057 0.021759 0.025260
0 0.485417 0.237240 0.040278 0.013542
0 0.846528 0.246094 0.021759 0.020833
0 0.066435 0.529297 0.017130 0.024740
0 0.337269 0.083984 0.040278 0.009115
