0 0.348843 0.611589 0.202315 0.027865
0 0.839583 0.422786 0.174537 0.030469
0 0.560648 0.279297 0.144444 0.035156
0 0.619676 0.666276 0.049537 0.095573
0 0.147454 0.677734 0.114352 0.035156
0 0.492361 0.327083 0.063426 0.063021
0 0.793287 0.784505 0.109722 0.035156
0 0.071065 0.714453 0.044907 0.077344
0 0.677546 0.869401 0.118981 0.027865
0 0.825694 0.151953 0.044907 0.072135
0 0.429861 0.747005 0.058796 0.053906
0 0.635417 0.389583 0.053241 0.057813
0 0.219213 0.793229 0.054167 0.052604
0 0.640509 0.148047 0.118981 0.022656
0 0.932176 0.358984 0.035648 0.074740
0 0.589583 0.322526 0.044907 0.053906
0 0.878935 0.603776 0.086574 0.027865
0 0.499306 0.523047 0.086574 0.027865
0 0.753935 0.158464 0.105093 0.022656
0 0.322917 0.194922 0.048611 0.048698
0 0.700694 0.435807 0.044907 0.051302
0 0.054861 0.521745 0.049537 0.046094
0 0.478472 0.819922 0.081944 0.027865
0 0.168287 0.861589 0.100463 0.022656
0 0.686343 0.675391 0.043981 0.051302
0 0.874306 0.564714 0.095833 0.022656
0 0.406713 0.830339 0.095833 0.022656
0 0.725694 0.105078 0.085648 0.025260
0 0.091435 0.468359 0.094907 0.022656
0 0.181019 0.463151 0.033333 0.064323
0 0.429861 0.375911 0.040278 0.051302
0 0.828009 0.552995 0.040278 0.051302
0 0.883565 0.383464 0.031019 0.066406
0 0.406713 0.565755 0.040278 0.050781
0 0.723380 0.722266 0.081019 0.025260
0 0.593750 0.284766 0.081019 0.025260
0 0.200694 0.383724 0.035648 0.056510
0 0.503472 0.382422 0.039352 0.048698
0 0.212269 0.490495 0.040278 0.046094
0 0.860417 0.261328 0.040278 0.046094
0 0.608102 0.650651 0.026389 0.069531
0 0.538657 0.185807 0.091204 0.020052
0 0.151620 0.701432 0.039352 0.046094
0 0.726157 0.688411 0.031019 0.056510
0 0.642824 0.788672 0.077315 0.022656
0 0.802546 0.549089 0.035648 0.048698
0 0.114583 0.496745 0.076389 0.022135
0 0.513194 0.588151 0.095833 0.017448
0 0.529398 0.848568 0.072685 0.022656
0 0.362731 0.655859 0.072685 0.022656
0 0.522454 0.480078 0.040278 0.040885
0 0.288657 0.417578 0.081944 0.020052
0 0.487731 0.159766 0.081944 0.020052
0 0.644676 0.131120 0.108796 0.014844
0 0.290972 0.693359 0.031019 0.050781
0 0.413657 0.459896 0.072685 0.021354
0 0.104630 0.631120 0.037963 0.040885
0 0.184491 0.103776 0.040278 0.038281
0 0.040972 0.666276 0.040278 0.038281
0 0.624306 0.694922 0.040278 0.038281
0 0.165972 0.077734 0.068056 0.022656
0 0.591898 0.601172 0.031019 0.048698
0 0.615046 0.551693 0.031019 0.048698
0 0.939120 0.275000 0.040278 0.036979
0 0.796759 0.774349 0.098148 0.014844
0 0.515509 0.815755 0.035648 0.040365
0 0.225000 0.523307 0.037963 0.037760
0 0.216898 0.092057 0.031019 0.046094
0 0.288657 0.606380 0.081944 0.017448
0 0.744676 0.200781 0.105093 0.013542
0 0.050231 0.618099 0.095833 0.014844
0 0.328009 0.469661 0.068056 0.020052
0 0.746991 0.141536 0.091204 0.014844
0 0.052546 0.795182 0.026389 0.051302
0 0.425231 0.137630 0.077315 0.017448
0 0.776620 0.232682 0.067130 0.020052
0 0.640509 0.326172 0.026389 0.050781
0 0.303704 0.151302 0.037963 0.034375
0 0.397454 0.619401 0.105093 0.012240
0 0.046759 0.827734 0.033333 0.038281
0 0.641667 0.887630 0.102778 0.012240
0 0.330324 0.834896 0.026389 0.047396
0 0.473843 0.212891 0.072685 0.016927
0 0.389352 0.439714 0.070370 0.017448
0 0.409491 0.860026 0.062500 0.019531
0 0.913657 0.787370 0.026389 0.046094
0 0.175231 0.228776 0.068056 0.017448
0 0.223843 0.453385 0.026389 0.044792
0 0.855787 0.292578 0.058796 0.020052
0 0.073380 0.545182 0.058796 0.020052
0 0.531250 0.424089 0.094907 0.012240
0 0.246991 0.374609 0.026389 0.043490
0 0.557176 0.304297 0.026389 0.043490
0 0.825694 0.273047 0.026389 0.043490
0 0.274769 0.101172 0.063426 0.017448
0 0.534028 0.554297 0.063426 0.017448
0 0.663657 0.524349 0.026389 0.040885
0 0.172917 0.896745 0.072685 0.014844
0 0.839583 0.206641 0.072685 0.014844
0 0.709954 0.579036 0.072685 0.014844
0 0.679861 0.356380 0.021759 0.048698
0 0.073380 0.848568 0.021759 0.048698
0 0.517824 0.900651 0.086574 0.012240
0 0.161343 0.749609 0.021759 0.048698
0 0.128472 0.785807 0.030093 0.032552
0 0.744676 0.444922 0.077315 0.012240
0 0.777083 0.582943 0.077315 0.012240
0 0.890509 0.431901 0.054167 0.017448
0 0.853472 0.883724 0.026389 0.035677
0 0.839583 0.391536 0.026389 0.035677
0 0.101157 0.163411 0.021759 0.042969
0 0.274306 0.486589 0.053241 0.017448
0 0.519676 0.269141 0.062500 0.014844
0 0.468750 0.105078 0.025463 0.035677
0 0.273148 0.521745 0.060185 0.014844
0 0.506250 0.239193 0.072685 0.012240
0 0.550231 0.464453 0.021759 0.040885
0 0.897454 0.685807 0.021759 0.040885
0 0.503935 0.625911 0.058796 0.014844
0 0.207176 0.151953 0.020833 0.040885
0 0.659028 0.252214 0.017130 0.048698
0 0.382407 0.250911 0.056481 0.014844
0 0.799769 0.098568 0.030093 0.027865
0 0.170602 0.168880 0.021759 0.038281
0 0.943750 0.733333 0.021759 0.036979
0 0.596528 0.350911 0.068056 0.011719
0 0.182176 0.787370 0.017130 0.046094
0 0.668287 0.289714 0.017130 0.045573
0 0.478472 0.069922 0.063426 0.012240
0 0.117361 0.109635 0.026389 0.029167
0 0.269676 0.116797 0.062500 0.012240
0 0.471065 0.443620 0.020833 0.035677
0 0.554398 0.164974 0.076389 0.009635
0 0.071065 0.137630 0.026389 0.027865
0 0.029398 0.598568 0.026389 0.027865
0 0.689120 0.189714 0.021759 0.033073
0 0.464120 0.663672 0.016204 0.043490
0 0.271991 0.075130 0.057870 0.012240
0 0.867361 0.383724 0.017130 0.040885
0 0.663657 0.495703 0.072685 0.009635
0 0.371528 0.487891 0.016204 0.040885
0 0.573380 0.071224 0.068056 0.009635
0 0.927546 0.541276 0.017130 0.038281
0 0.429861 0.167578 0.068056 0.009635
0 0.438657 0.516536 0.067130 0.009635
0 0.490046 0.187109 0.021759 0.027865
0 0.159028 0.505859 0.017130 0.035156
0 0.828009 0.514974 0.049537 0.011719
0 0.453009 0.526953 0.058796 0.009635
0 0.869676 0.612891 0.058796 0.009635
0 0.221528 0.870703 0.058796 0.009635
0 0.377315 0.457943 0.046296 0.012240
0 0.899769 0.512370 0.017130 0.032552
0 0.617361 0.108724 0.044907 0.011719
0 0.135880 0.649349 0.017130 0.030469
0 0.492361 0.704036 0.017130 0.030469
0 0.473843 0.396745 0.017130 0.030469
0 0.355787 0.099870 0.049537 0.009635
0 0.135880 0.431901 0.017130 0.027865
0 0.353472 0.502865 0.017130 0.026562
0 0.626620 0.223568 0.063426 0.007031
0 0.746991 0.501953 0.035648 0.011719
0 0.542130 0.446224 0.042593 0.009635
0 0.818287 0.870703 0.039352 0.009635
0 0.009722 0.678646 0.014815 0.021354
0 0.402083 0.401953 0.012500 0.020052
0 0.575694 0.994401 0.026389 0.007031
