0 0.175231 0.590755 0.160648 0.048698
0 0.946065 0.482682 0.072685 0.066927
0 0.125463 0.286719 0.061111 0.076042
0 0.496991 0.872005 0.118981 0.038281
0 0.242361 0.533464 0.054167 0.079948
0 0.722222 0.745703 0.152778 0.025260
0 0.885880 0.102474 0.054167 0.066927
0 0.726157 0.503516 0.095833 0.030469
0 0.672917 0.820964 0.091204 0.029948
0 0.521991 0.322526 0.039352 0.059115
0 0.385880 0.894141 0.044907 0.051302
0 0.902083 0.667578 0.049537 0.046094
0 0.880787 0.870703 0.043981 0.051302
0 0.762037 0.374349 0.037963 0.058594
0 0.365046 0.592057 0.086574 0.025260
0 0.161343 0.782161 0.086574 0.025260
0 0.370370 0.357682 0.032407 0.066927
0 0.376620 0.778255 0.035648 0.053906
0 0.439120 0.117839 0.077315 0.024740
0 0.811343 0.848568 0.025463 0.074740
0 0.439120 0.893880 0.095833 0.019531
0 0.174769 0.329036 0.030093 0.061719
0 0.267824 0.701432 0.040278 0.046094
0 0.200694 0.487891 0.072685 0.025260
0 0.279398 0.662370 0.044907 0.040885
0 0.633565 0.597266 0.031019 0.056510
0 0.915972 0.588151 0.040278 0.043490
0 0.802546 0.171484 0.035648 0.048698
0 0.700694 0.678385 0.035648 0.046875
0 0.069907 0.750260 0.033333 0.050000
0 0.711111 0.218359 0.037963 0.043490
0 0.929861 0.618099 0.040278 0.040885
0 0.686806 0.767839 0.072685 0.022656
0 0.078009 0.868099 0.040278 0.040885
0 0.230787 0.232682 0.040278 0.040885
0 0.777083 0.605078 0.040278 0.040885
0 0.329861 0.752865 0.025463 0.060417
0 0.407870 0.394141 0.033333 0.046094
0 0.693287 0.166276 0.067130 0.022656
0 0.832639 0.720964 0.031019 0.048698
0 0.771991 0.141276 0.104167 0.014323
0 0.790972 0.840495 0.031019 0.048177
0 0.841435 0.281901 0.076389 0.019531
0 0.098843 0.469661 0.035648 0.040885
0 0.524769 0.848568 0.081944 0.017448
0 0.917824 0.322526 0.081019 0.017448
0 0.176389 0.209245 0.070370 0.020052
0 0.514352 0.834245 0.070370 0.020052
0 0.714583 0.316667 0.026389 0.052604
0 0.744676 0.654557 0.068056 0.020052
0 0.381250 0.295182 0.091204 0.014844
0 0.664815 0.266536 0.037963 0.035677
0 0.582639 0.619401 0.031019 0.043490
0 0.964583 0.736849 0.035648 0.037760
0 0.077546 0.811849 0.113426 0.011719
0 0.478009 0.765234 0.034722 0.038281
0 0.854630 0.576432 0.065741 0.020052
0 0.358102 0.718359 0.026389 0.048698
0 0.365046 0.151953 0.086574 0.014844
0 0.869676 0.365495 0.086574 0.014844
0 0.686806 0.887370 0.026389 0.048177
0 0.746991 0.128516 0.063426 0.020052
0 0.825694 0.124609 0.072685 0.017448
0 0.385880 0.689714 0.072685 0.017448
0 0.932176 0.181250 0.026389 0.047396
0 0.793287 0.886589 0.035648 0.035156
0 0.065972 0.157161 0.062500 0.020052
0 0.432176 0.191016 0.081944 0.014844
0 0.927546 0.128516 0.026389 0.046094
0 0.390509 0.162370 0.081944 0.014844
0 0.800926 0.709245 0.060185 0.020052
0 0.593750 0.240495 0.081019 0.014844
0 0.633565 0.398047 0.095833 0.012240
0 0.054861 0.262630 0.021759 0.053906
0 0.683333 0.352474 0.028704 0.040885
0 0.684491 0.621745 0.031019 0.037760
0 0.459954 0.291016 0.035648 0.032552
0 0.360417 0.420182 0.077315 0.014844
0 0.101157 0.245443 0.058796 0.019531
0 0.324537 0.129818 0.088889 0.012240
0 0.422917 0.082682 0.091204 0.011719
0 0.064120 0.569661 0.021759 0.048177
0 0.749306 0.884766 0.021759 0.048177
0 0.462269 0.176693 0.058796 0.017448
0 0.744676 0.253516 0.068056 0.014844
0 0.954861 0.807552 0.025463 0.039583
0 0.608102 0.223568 0.081944 0.012240
0 0.957639 0.356380 0.021759 0.043490
0 0.612731 0.508724 0.026389 0.035677
0 0.527083 0.098307 0.021759 0.042969
0 0.103472 0.283203 0.054167 0.016927
0 0.123843 0.161068 0.020833 0.043490
0 0.312963 0.821224 0.019444 0.046094
0 0.605787 0.459245 0.021759 0.040885
0 0.140509 0.611589 0.026389 0.033073
0 0.066435 0.687760 0.017130 0.050000
0 0.913657 0.895182 0.072685 0.011719
0 0.244676 0.164974 0.086574 0.009635
0 0.814120 0.308203 0.086574 0.009635
0 0.968750 0.162370 0.016204 0.051302
0 0.703009 0.783464 0.021759 0.038281
0 0.226157 0.267839 0.068056 0.012240
0 0.714583 0.568620 0.054167 0.014844
0 0.665509 0.431901 0.020833 0.038281
0 0.355787 0.099609 0.086574 0.009115
0 0.973843 0.672786 0.017130 0.046094
0 0.177546 0.250651 0.026389 0.029948
0 0.765509 0.723568 0.063426 0.012240
0 0.944907 0.332292 0.024074 0.031771
0 0.209491 0.185547 0.025463 0.029948
0 0.231944 0.680990 0.024074 0.031250
0 0.200694 0.247005 0.017130 0.043490
0 0.337269 0.175391 0.077315 0.009635
0 0.797917 0.724219 0.054167 0.013542
0 0.913657 0.202474 0.026389 0.027344
0 0.781713 0.129818 0.058796 0.012240
0 0.679861 0.874609 0.021759 0.033073
0 0.915972 0.344661 0.021759 0.030469
0 0.066435 0.176693 0.054167 0.012240
0 0.892824 0.795182 0.068056 0.009635
0 0.485417 0.094661 0.068056 0.009635
0 0.784028 0.249609 0.017130 0.038281
0 0.605787 0.167318 0.021759 0.029948
0 0.918287 0.869141 0.017130 0.037760
0 0.765509 0.106120 0.054167 0.011719
0 0.492361 0.525391 0.054167 0.011719
0 0.670139 0.180339 0.020833 0.029948
0 0.943750 0.304688 0.021759 0.028646
0 0.913657 0.566016 0.063426 0.009635
0 0.888194 0.720964 0.021759 0.027865
0 0.468750 0.459245 0.016204 0.035677
0 0.284028 0.301693 0.017130 0.033073
0 0.214583 0.145182 0.017130 0.032552
0 0.940972 0.713151 0.043981 0.012240
0 0.737731 0.310807 0.017130 0.030469
0 0.884722 0.073568 0.056481 0.009115
0 0.885417 0.675391 0.016204 0.030469
0 0.802546 0.472005 0.054167 0.009115
0 0.943750 0.372005 0.021759 0.022656
0 0.915509 0.652995 0.020833 0.022135
0 0.128935 0.749609 0.012500 0.033073
0 0.101157 0.990495 0.040278 0.009635
0 0.693750 0.530599 0.058796 0.006510
0 0.776620 0.429036 0.057870 0.006510
0 0.943750 0.668620 0.049537 0.006510
0 0.832639 0.180599 0.031019 0.009635
0 0.388194 0.360026 0.031019 0.009115
