0 0.420602 0.636979 0.160648 0.031771
0 0.145139 0.819922 0.137500 0.027865
0 0.785880 0.442969 0.104167 0.034375
0 0.121991 0.856380 0.128241 0.027865
0 0.191435 0.787370 0.174537 0.020052
0 0.929861 0.332943 0.049537 0.064323
0 0.615046 0.513932 0.123611 0.025260
0 0.294444 0.413672 0.047222 0.059115
0 0.707639 0.670182 0.105093 0.025260
0 0.807176 0.374609 0.044907 0.059115
0 0.758565 0.511328 0.105093 0.025260
0 0.494213 0.193620 0.104167 0.025260
0 0.605787 0.188411 0.123611 0.020052
0 0.459954 0.141536 0.091204 0.025260
0 0.297917 0.834245 0.091204 0.025260
0 0.742361 0.094661 0.044907 0.051302
0 0.855787 0.349870 0.049537 0.046094
0 0.154398 0.187109 0.100463 0.022656
0 0.726157 0.269141 0.040278 0.056510
0 0.297454 0.239193 0.099537 0.022656
0 0.749306 0.719010 0.049537 0.044792
0 0.719213 0.680599 0.035648 0.061719
0 0.501620 0.280599 0.044907 0.048177
0 0.851157 0.516276 0.040278 0.050781
0 0.598380 0.235286 0.043981 0.046094
0 0.779398 0.680599 0.035648 0.056510
0 0.869676 0.651953 0.077315 0.025260
0 0.932176 0.515234 0.044907 0.043490
0 0.672917 0.202474 0.044907 0.042969
0 0.914815 0.208984 0.037963 0.050781
0 0.888194 0.188411 0.031019 0.061719
0 0.483102 0.318620 0.128241 0.014844
0 0.149306 0.454688 0.043981 0.042188
0 0.573380 0.616146 0.114352 0.016146
0 0.728472 0.800391 0.044907 0.040885
0 0.116204 0.825130 0.079630 0.022656
0 0.830324 0.474609 0.072685 0.024740
0 0.556019 0.694661 0.079630 0.022135
0 0.878935 0.874609 0.077315 0.022656
0 0.101157 0.192318 0.040278 0.043490
0 0.957639 0.747005 0.077315 0.022656
0 0.478472 0.778255 0.035648 0.048698
0 0.302546 0.867839 0.118981 0.014323
0 0.550231 0.845703 0.077315 0.022135
0 0.934491 0.489193 0.095833 0.017448
0 0.895139 0.710156 0.035648 0.046875
0 0.858102 0.153255 0.091204 0.017448
0 0.411343 0.170182 0.105093 0.014844
0 0.406713 0.154557 0.077315 0.020052
0 0.170602 0.825130 0.086574 0.017448
0 0.612731 0.737891 0.100463 0.014844
0 0.887731 0.312109 0.030093 0.048698
0 0.580324 0.383724 0.035648 0.040885
0 0.677546 0.274349 0.035648 0.040885
0 0.242361 0.217057 0.072685 0.020052
0 0.459954 0.629818 0.081944 0.017448
0 0.700694 0.705339 0.026389 0.053906
0 0.610417 0.157161 0.095833 0.014844
0 0.774306 0.757422 0.081019 0.017448
0 0.381250 0.645182 0.081944 0.016927
0 0.446065 0.838151 0.035648 0.038281
0 0.596528 0.297786 0.068056 0.020052
0 0.871991 0.826432 0.026389 0.051302
0 0.017824 0.408464 0.031019 0.043490
0 0.753935 0.198828 0.086574 0.014844
0 0.936806 0.282161 0.035648 0.035677
0 0.612731 0.537370 0.063426 0.020052
0 0.922917 0.102474 0.035648 0.035677
0 0.626620 0.204036 0.063426 0.020052
0 0.865046 0.196224 0.031019 0.040885
0 0.726157 0.211849 0.031019 0.040885
0 0.177083 0.756120 0.062500 0.020052
0 0.292824 0.149349 0.062500 0.020052
0 0.779398 0.826172 0.035648 0.035156
0 0.117361 0.833594 0.091204 0.013542
0 0.940972 0.235286 0.034722 0.035677
0 0.492361 0.152995 0.072685 0.016927
0 0.684028 0.831641 0.030093 0.040885
0 0.797454 0.774089 0.062500 0.019531
0 0.940972 0.886068 0.062500 0.019531
0 0.695602 0.173437 0.025463 0.047396
0 0.721528 0.351172 0.031019 0.038281
0 0.705324 0.262630 0.035648 0.033073
0 0.508565 0.167578 0.058796 0.020052
0 0.288194 0.750000 0.034722 0.033854
0 0.864583 0.629818 0.067130 0.017448
0 0.635880 0.277995 0.035648 0.032552
0 0.633102 0.433203 0.057870 0.020052
0 0.219213 0.817578 0.035648 0.032552
0 0.909028 0.189714 0.026389 0.043490
0 0.490046 0.714453 0.077315 0.014844
0 0.749306 0.441016 0.077315 0.014844
0 0.825694 0.744401 0.091204 0.012240
0 0.705324 0.369401 0.063426 0.017448
0 0.656713 0.313411 0.031019 0.035677
0 0.488889 0.401953 0.019444 0.056510
0 0.116898 0.761979 0.099537 0.010937
0 0.455324 0.407161 0.026389 0.040885
0 0.534028 0.855078 0.026389 0.040885
0 0.741898 0.884375 0.025463 0.042188
0 0.508565 0.814714 0.021759 0.048698
0 0.948380 0.374609 0.021759 0.048698
0 0.147454 0.254818 0.021759 0.048698
0 0.473380 0.576172 0.071759 0.014323
0 0.536343 0.135026 0.031019 0.033073
0 0.874306 0.723568 0.031019 0.033073
0 0.966898 0.812109 0.031019 0.033073
0 0.626620 0.357031 0.054167 0.018750
0 0.527083 0.180599 0.068056 0.014844
0 0.571065 0.210547 0.081944 0.012240
0 0.961806 0.793229 0.030093 0.031771
0 0.749306 0.343359 0.021759 0.043490
0 0.552083 0.286068 0.053241 0.017448
0 0.703009 0.337500 0.021759 0.042188
0 0.564120 0.592448 0.058796 0.015625
0 0.260880 0.861328 0.054167 0.016927
0 0.288657 0.697526 0.072685 0.012240
0 0.647454 0.696224 0.021759 0.040885
0 0.469213 0.882422 0.072685 0.012240
0 0.506250 0.239193 0.072685 0.012240
0 0.672917 0.775651 0.026389 0.033073
0 0.553704 0.873047 0.028704 0.029948
0 0.082639 0.220964 0.068056 0.012240
0 0.865046 0.286068 0.021759 0.038281
0 0.369676 0.838151 0.068056 0.012240
0 0.276620 0.232422 0.057870 0.014323
0 0.170139 0.372005 0.067130 0.012240
0 0.476157 0.358724 0.021759 0.037760
0 0.216435 0.314714 0.020833 0.038281
0 0.200694 0.175391 0.081944 0.009635
0 0.098843 0.167578 0.081944 0.009635
0 0.415972 0.779557 0.021759 0.035677
0 0.714583 0.642839 0.063426 0.012240
0 0.138194 0.498307 0.021759 0.035677
0 0.535185 0.447266 0.065741 0.011719
0 0.802546 0.804297 0.017130 0.043490
0 0.633565 0.170182 0.077315 0.009635
0 0.762731 0.331641 0.020833 0.035677
0 0.175231 0.403255 0.058796 0.012240
0 0.436343 0.692318 0.016204 0.043490
0 0.619676 0.175130 0.077315 0.009115
0 0.096065 0.572917 0.020833 0.033854
0 0.325694 0.737240 0.017130 0.039583
0 0.850694 0.126953 0.020833 0.032552
0 0.481481 0.209245 0.069444 0.009635
0 0.571065 0.814714 0.054167 0.012240
0 0.645139 0.845964 0.017130 0.038281
0 0.360417 0.185807 0.068056 0.009635
0 0.112731 0.793620 0.054167 0.011719
0 0.898611 0.767839 0.051852 0.012240
0 0.864583 0.800130 0.020833 0.029948
0 0.079861 0.413672 0.016204 0.038281
0 0.471065 0.830339 0.020833 0.027865
0 0.341898 0.575781 0.068056 0.008333
0 0.610417 0.649349 0.058796 0.009635
0 0.887037 0.753516 0.056481 0.009635
0 0.473380 0.333594 0.062500 0.008333
0 0.128935 0.145443 0.040278 0.012240
0 0.825694 0.239193 0.017130 0.027865
0 0.567593 0.539974 0.047222 0.009635
0 0.654398 0.827734 0.035648 0.012240
0 0.966435 0.235026 0.011574 0.035156
0 0.721065 0.494141 0.057870 0.006510
