0 0.951852 0.163672 0.093519 0.105990
0 0.667130 0.085286 0.144444 0.048177
0 0.351157 0.450781 0.058796 0.065625
0 0.853472 0.512370 0.128241 0.027344
0 0.855787 0.347266 0.049537 0.066927
0 0.485417 0.883724 0.105093 0.030469
0 0.588426 0.265234 0.107407 0.027865
0 0.251620 0.890234 0.054167 0.053906
0 0.703009 0.332943 0.123611 0.022656
0 0.737731 0.098307 0.118981 0.022135
0 0.318750 0.418880 0.049537 0.048698
0 0.198380 0.382422 0.049537 0.048698
0 0.489583 0.912370 0.094907 0.025260
0 0.193750 0.283464 0.040278 0.059115
0 0.170602 0.103125 0.040278 0.057813
0 0.068750 0.133724 0.049537 0.046094
0 0.714583 0.129167 0.081944 0.026562
0 0.337269 0.373307 0.040278 0.046094
0 0.103472 0.503516 0.044907 0.040885
0 0.619676 0.442318 0.077315 0.022656
0 0.149769 0.232682 0.026389 0.061719
0 0.163657 0.882161 0.091204 0.016927
0 0.767824 0.543229 0.021759 0.068229
0 0.281713 0.855078 0.021759 0.066927
0 0.888194 0.439714 0.114352 0.012240
0 0.214120 0.283464 0.025463 0.053906
0 0.145139 0.146484 0.035648 0.035156
0 0.984259 0.549089 0.028704 0.043490
0 0.980787 0.137630 0.021759 0.053906
0 0.059028 0.835547 0.067130 0.017448
0 0.443750 0.318620 0.077315 0.014844
0 0.133565 0.270443 0.021759 0.048698
0 0.970370 0.102474 0.056481 0.014844
0 0.806019 0.071224 0.056481 0.014844
0 0.795602 0.418229 0.021759 0.036979
0 0.468750 0.284766 0.081019 0.009635
0 0.358102 0.084245 0.072685 0.009635
0 0.557176 0.763932 0.026389 0.025260
0 0.552546 0.042578 0.044907 0.014844
0 0.242361 0.891276 0.026389 0.024740
0 0.362731 0.073828 0.061574 0.009635
0 0.052083 0.338151 0.016204 0.027865
