0 0.742361 0.099870 0.156019 0.046094
0 0.906713 0.602474 0.068056 0.077344
0 0.491898 0.747005 0.173611 0.027865
0 0.469213 0.152604 0.118981 0.036979
0 0.367361 0.231120 0.063426 0.063802
0 0.165972 0.282161 0.123611 0.030469
0 0.483102 0.101172 0.128241 0.027865
0 0.314120 0.782161 0.114352 0.030469
0 0.767824 0.767839 0.105093 0.027865
0 0.101157 0.571224 0.095833 0.030469
0 0.867361 0.296484 0.054167 0.053906
0 0.439120 0.779557 0.049537 0.056510
0 0.411343 0.672526 0.049537 0.055990
0 0.645139 0.081641 0.100463 0.025260
0 0.632407 0.322266 0.051852 0.048177
0 0.904398 0.663672 0.109722 0.022656
0 0.568750 0.206641 0.095833 0.025260
0 0.878935 0.554297 0.049537 0.048698
0 0.249306 0.366797 0.049537 0.048698
0 0.683333 0.330339 0.047222 0.048698
0 0.203009 0.808203 0.049537 0.046094
0 0.520139 0.265885 0.118981 0.018750
0 0.100694 0.656901 0.039352 0.055990
0 0.141667 0.354818 0.047222 0.045573
0 0.200694 0.482682 0.081944 0.025260
0 0.608102 0.382422 0.091204 0.022656
0 0.334954 0.351823 0.044907 0.044792
0 0.415972 0.119401 0.114352 0.017448
0 0.620833 0.756120 0.042593 0.046094
0 0.453009 0.750911 0.095833 0.020052
0 0.057176 0.853776 0.109722 0.017448
0 0.496991 0.008724 0.128241 0.014844
0 0.536343 0.336198 0.077315 0.023958
0 0.751620 0.396745 0.072685 0.025260
0 0.668287 0.425391 0.035648 0.051302
0 0.454861 0.592057 0.043981 0.040885
0 0.415972 0.145443 0.095833 0.017448
0 0.517361 0.739844 0.122685 0.013542
0 0.534028 0.125911 0.081944 0.020052
0 0.654398 0.193620 0.109722 0.014844
0 0.491898 0.787370 0.034722 0.046094
0 0.656713 0.654557 0.031019 0.051302
0 0.411343 0.493099 0.031019 0.051302
0 0.628935 0.228125 0.095833 0.016146
0 0.138194 0.377214 0.031019 0.048698
0 0.888194 0.373047 0.077315 0.019531
0 0.196065 0.774349 0.100463 0.014844
0 0.811806 0.237891 0.072685 0.020052
0 0.830324 0.752214 0.081944 0.017448
0 0.612269 0.412370 0.034722 0.040885
0 0.182176 0.713542 0.035648 0.039062
0 0.448380 0.175391 0.068056 0.020052
0 0.605787 0.474870 0.068056 0.020052
0 0.161343 0.329036 0.021759 0.061719
0 0.920139 0.265234 0.020833 0.064323
0 0.186343 0.008724 0.090278 0.014844
0 0.290509 0.838151 0.030093 0.043490
0 0.765509 0.240495 0.063426 0.020052
0 0.853472 0.318620 0.035648 0.035677
0 0.728472 0.700130 0.072685 0.017448
0 0.663657 0.468359 0.072685 0.017448
0 0.135880 0.110026 0.035648 0.035156
0 0.681713 0.629818 0.025463 0.048698
0 0.125463 0.543880 0.070370 0.017448
0 0.164815 0.136719 0.028704 0.041667
0 0.513194 0.108984 0.068056 0.017448
0 0.258565 0.741797 0.095833 0.012240
0 0.147454 0.735286 0.058796 0.020052
0 0.485417 0.496745 0.031019 0.037760
0 0.601157 0.424349 0.031019 0.037760
0 0.360417 0.681641 0.031019 0.037760
0 0.065972 0.832943 0.034722 0.033073
0 0.524769 0.447526 0.063426 0.017448
0 0.707639 0.409766 0.031019 0.035677
0 0.677546 0.256120 0.026389 0.040885
0 0.287500 0.405599 0.061111 0.016927
0 0.332639 0.194922 0.058796 0.017448
0 0.087269 0.369401 0.031019 0.033073
0 0.774769 0.134375 0.063426 0.016146
0 0.045602 0.814453 0.086574 0.011719
0 0.911343 0.701432 0.068056 0.014844
0 0.502778 0.477214 0.028704 0.035156
0 0.304398 0.378516 0.020833 0.046094
0 0.536343 0.411068 0.021759 0.043490
0 0.376157 0.853776 0.053241 0.017448
0 0.115046 0.169922 0.031019 0.029948
0 0.737731 0.283203 0.054167 0.016927
0 0.490046 0.831641 0.021759 0.040885
0 0.795602 0.675391 0.021759 0.040885
0 0.131250 0.624609 0.072685 0.012240
0 0.385880 0.688411 0.017130 0.051302
0 0.172454 0.452734 0.071759 0.012240
0 0.251157 0.508073 0.025463 0.034375
0 0.061806 0.595313 0.054167 0.016146
0 0.091898 0.743099 0.058796 0.014844
0 0.543287 0.270182 0.072685 0.011719
0 0.165509 0.177995 0.020833 0.040885
0 0.281713 0.426693 0.021759 0.038281
0 0.065972 0.337891 0.025463 0.032552
0 0.015509 0.339844 0.026389 0.031250
0 0.767824 0.551042 0.021759 0.036979
0 0.848843 0.349870 0.054167 0.014844
0 0.487731 0.250911 0.054167 0.014844
0 0.286343 0.082292 0.049537 0.016146
0 0.179398 0.611328 0.020833 0.037760
0 0.311806 0.110026 0.054167 0.014323
0 0.172917 0.695573 0.017130 0.044792
0 0.332639 0.120703 0.049537 0.014844
0 0.112731 0.372005 0.026389 0.027865
0 0.862731 0.164323 0.054167 0.013542
0 0.274769 0.235026 0.017130 0.040365
0 0.057176 0.714193 0.017130 0.040365
0 0.214120 0.760026 0.053241 0.012240
0 0.126620 0.406901 0.044907 0.014323
0 0.807176 0.537370 0.063426 0.009635
0 0.176389 0.500911 0.024074 0.025260
0 0.402083 0.808203 0.058796 0.009635
0 0.378935 0.526953 0.058796 0.009635
0 0.642824 0.404557 0.021759 0.025260
0 0.735417 0.214453 0.021759 0.025260
0 0.078009 0.615495 0.021759 0.025260
0 0.924769 0.102474 0.020833 0.025260
0 0.311806 0.292578 0.054167 0.009635
0 0.523611 0.573828 0.051852 0.009635
0 0.878935 0.725911 0.021759 0.022135
0 0.249306 0.177995 0.049537 0.009635
0 0.427083 0.861328 0.016204 0.027344
0 0.307176 0.146745 0.044907 0.009635
0 0.635417 0.676432 0.034722 0.011719
0 0.371991 0.624609 0.054167 0.007031
0 0.672917 0.995052 0.026389 0.008333
0 0.594213 0.022786 0.026389 0.006510
0 0.575694 0.996354 0.026389 0.005729
