0 0.536343 0.620703 0.234722 0.051302
0 0.927083 0.654297 0.062500 0.175781
0 0.763194 0.834896 0.179167 0.031771
0 0.181019 0.822526 0.125926 0.033073
0 0.760880 0.411068 0.118981 0.033073
0 0.860417 0.167318 0.058796 0.061198
0 0.957639 0.094661 0.040278 0.082552
0 0.922454 0.248307 0.043981 0.061719
0 0.921759 0.194661 0.153704 0.016927
0 0.140509 0.296484 0.044907 0.053906
0 0.788657 0.374609 0.128241 0.017448
0 0.844213 0.107682 0.044907 0.046094
0 0.890509 0.012630 0.091204 0.022656
0 0.165972 0.429948 0.040278 0.050000
0 0.716898 0.878516 0.077315 0.025260
0 0.956481 0.150651 0.084259 0.022656
0 0.652083 0.275651 0.031019 0.059115
0 0.418287 0.047786 0.091204 0.020052
0 0.749306 0.506771 0.031019 0.057813
0 0.128935 0.849870 0.114352 0.014844
0 0.659028 0.154557 0.081944 0.020052
0 0.795602 0.188411 0.031019 0.051302
0 0.737731 0.905859 0.091204 0.017448
0 0.804861 0.875911 0.031019 0.051302
0 0.286343 0.086849 0.077315 0.020052
0 0.888194 0.869401 0.040278 0.038281
0 0.840741 0.136328 0.075000 0.020052
0 0.746991 0.207943 0.026389 0.053906
0 0.958796 0.171484 0.079630 0.017448
0 0.888194 0.296484 0.077315 0.017448
0 0.948380 0.588151 0.031019 0.043490
0 0.577546 0.172135 0.030093 0.044792
0 0.420139 0.072526 0.104167 0.012240
0 0.948380 0.110286 0.021759 0.056510
0 0.781713 0.146745 0.021759 0.051302
0 0.892824 0.325130 0.086574 0.012240
0 0.138194 0.579036 0.021759 0.046094
0 0.510880 0.519141 0.061574 0.014844
0 0.802546 0.921484 0.026389 0.033073
0 0.986574 0.622656 0.024074 0.034375
0 0.988889 0.496094 0.019444 0.041667
0 0.014352 0.689453 0.028704 0.027344
0 0.434491 0.084245 0.077315 0.009635
0 0.970370 0.247005 0.056481 0.012240
0 0.508565 0.651953 0.068056 0.009635
0 0.887731 0.175391 0.020833 0.030469
0 0.325231 0.543880 0.016204 0.038281
0 0.098843 0.993099 0.044907 0.009635
