0 0.889352 0.025651 0.218519 0.043490
0 0.668287 0.103776 0.128241 0.033073
0 0.726157 0.269141 0.132870 0.030469
0 0.515509 0.284766 0.128241 0.030469
0 0.378935 0.147135 0.058796 0.057292
0 0.890509 0.770443 0.054167 0.059115
0 0.402083 0.434505 0.095833 0.033073
0 0.076389 0.490495 0.055556 0.051302
0 0.140509 0.336849 0.054167 0.051302
0 0.190278 0.310807 0.088889 0.030469
0 0.785185 0.448828 0.047222 0.056510
0 0.476157 0.193359 0.132870 0.019531
0 0.441435 0.485286 0.100463 0.025260
0 0.230787 0.387630 0.142130 0.017448
0 0.823380 0.142839 0.086574 0.027865
0 0.446065 0.442057 0.044907 0.053385
0 0.771991 0.124609 0.039352 0.059115
0 0.844213 0.515234 0.044907 0.048698
0 0.950694 0.481771 0.026389 0.078125
0 0.547917 0.487891 0.044907 0.046094
0 0.459954 0.569271 0.035648 0.057813
0 0.525926 0.562109 0.047222 0.043490
0 0.040972 0.711198 0.040278 0.050000
0 0.251157 0.709245 0.034722 0.056510
0 0.240046 0.474870 0.077315 0.025260
0 0.358102 0.478776 0.044907 0.043490
0 0.878935 0.130859 0.031019 0.061198
0 0.099537 0.276953 0.074074 0.025260
0 0.823380 0.513932 0.040278 0.046094
0 0.123148 0.818359 0.075000 0.024740
0 0.223843 0.724870 0.044907 0.040885
0 0.117361 0.589453 0.072685 0.025260
0 0.804861 0.789323 0.040278 0.044792
0 0.207639 0.621354 0.031019 0.057813
0 0.918287 0.172786 0.118981 0.014844
0 0.473843 0.447526 0.035648 0.048698
0 0.402546 0.512630 0.076389 0.022656
0 0.868519 0.321224 0.084259 0.020052
0 0.892824 0.264583 0.077315 0.021354
0 0.626620 0.500911 0.081944 0.020052
0 0.501620 0.594661 0.026389 0.061719
0 0.867361 0.486328 0.072685 0.022135
0 0.175231 0.607682 0.031019 0.051302
0 0.371528 0.701172 0.081019 0.019531
0 0.867361 0.226172 0.035648 0.043490
0 0.756250 0.658464 0.035648 0.043490
0 0.767824 0.780859 0.031019 0.048698
0 0.034028 0.750911 0.026389 0.056510
0 0.410185 0.754818 0.065741 0.022656
0 0.045139 0.582682 0.039352 0.037760
0 0.146296 0.476172 0.084259 0.017448
0 0.175231 0.199479 0.031019 0.047396
0 0.302546 0.138932 0.072685 0.020052
0 0.193750 0.422786 0.031019 0.046094
0 0.276620 0.717057 0.030093 0.046094
0 0.918287 0.456641 0.026389 0.051302
0 0.251157 0.606380 0.034722 0.038281
0 0.063657 0.254818 0.030093 0.043490
0 0.221528 0.559245 0.077315 0.016927
0 0.149769 0.538672 0.026389 0.048698
0 0.749306 0.425391 0.031019 0.040885
0 0.921759 0.511979 0.033333 0.036979
0 0.677546 0.693620 0.026389 0.046094
0 0.135880 0.386328 0.026389 0.046094
0 0.612731 0.258464 0.026389 0.045573
0 0.568750 0.559505 0.031019 0.038281
0 0.059491 0.476172 0.068056 0.017448
0 0.795139 0.250911 0.020833 0.056510
0 0.559028 0.276953 0.057870 0.020052
0 0.197917 0.253516 0.076389 0.014844
0 0.244676 0.881120 0.021759 0.051302
0 0.284028 0.887630 0.063426 0.017448
0 0.117361 0.789974 0.072685 0.014844
0 0.112731 0.899349 0.026389 0.040885
0 0.883102 0.383724 0.030093 0.035677
0 0.615046 0.142839 0.086574 0.012240
0 0.063657 0.529297 0.030093 0.035156
0 0.587269 0.355078 0.068056 0.014844
0 0.121991 0.345964 0.026389 0.038281
0 0.082639 0.313411 0.068056 0.014844
0 0.344213 0.608984 0.026389 0.038281
0 0.837269 0.454036 0.021759 0.046094
0 0.281250 0.622005 0.030093 0.033073
0 0.209491 0.840495 0.025463 0.037760
0 0.517824 0.455339 0.021759 0.043490
0 0.128935 0.533464 0.021759 0.043490
0 0.828009 0.624349 0.021759 0.042969
0 0.279398 0.345964 0.017130 0.053906
0 0.126620 0.166276 0.026389 0.033073
0 0.809491 0.149349 0.058796 0.014844
0 0.738889 0.294922 0.028704 0.029948
0 0.174769 0.267188 0.076389 0.010937
0 0.276620 0.747005 0.030093 0.027865
0 0.943750 0.270443 0.021759 0.038281
0 0.902546 0.338151 0.067130 0.012240
0 0.425231 0.801953 0.021759 0.037760
0 0.248843 0.845703 0.048611 0.016927
0 0.959954 0.232682 0.026389 0.030469
0 0.211806 0.801693 0.020833 0.038281
0 0.640509 0.209245 0.017130 0.046094
0 0.233102 0.219401 0.026389 0.029948
0 0.124306 0.651953 0.021759 0.035677
0 0.075231 0.633724 0.025463 0.030469
0 0.686343 0.768880 0.053241 0.014323
0 0.959954 0.674089 0.017130 0.043490
0 0.628935 0.125911 0.077315 0.009635
0 0.677546 0.330078 0.063426 0.011719
0 0.742361 0.720964 0.026389 0.027865
0 0.306713 0.111328 0.025463 0.027344
0 0.447917 0.155859 0.020833 0.033073
0 0.212269 0.276953 0.068056 0.009635
0 0.855324 0.727474 0.020833 0.030469
0 0.431713 0.273047 0.016204 0.038281
0 0.047454 0.817969 0.043981 0.013542
0 0.160880 0.548828 0.020833 0.027344
0 0.830324 0.554297 0.017130 0.033073
0 0.580324 0.335547 0.017130 0.033073
0 0.029398 0.291016 0.017130 0.032552
0 0.932176 0.686849 0.017130 0.032552
0 0.513194 0.198568 0.058796 0.009115
0 0.707639 0.748047 0.058796 0.009115
0 0.245833 0.185547 0.014815 0.035156
0 0.411343 0.439714 0.021759 0.022656
0 0.064120 0.800391 0.049537 0.009635
0 0.385880 0.767839 0.063426 0.007031
0 0.823380 0.483984 0.012500 0.033073
0 0.156250 0.289323 0.011574 0.029167
