0 0.119676 0.967708 0.234722 0.063021
0 0.096528 0.513932 0.077315 0.072135
0 0.083333 0.982682 0.162037 0.030469
0 0.515509 0.722266 0.063426 0.061719
0 0.811343 0.607682 0.053241 0.072135
0 0.241204 0.248307 0.107407 0.035677
0 0.918287 0.373047 0.044907 0.071615
0 0.728472 0.240495 0.044907 0.066927
0 0.490046 0.396745 0.095833 0.030469
0 0.093750 0.724219 0.099537 0.029167
0 0.774769 0.527995 0.054167 0.053385
0 0.549074 0.347917 0.130556 0.021354
0 0.455324 0.282161 0.091204 0.030469
0 0.272454 0.288672 0.049537 0.053906
0 0.260880 0.606380 0.091204 0.027865
0 0.480787 0.774349 0.049537 0.051302
0 0.337269 0.629818 0.049537 0.048698
0 0.582639 0.252214 0.086574 0.027865
0 0.450694 0.322917 0.081944 0.028646
0 0.207639 0.741536 0.105093 0.022135
0 0.693287 0.649349 0.048611 0.046094
0 0.274769 0.218099 0.081944 0.027344
0 0.324537 0.384115 0.042593 0.052083
0 0.281713 0.370052 0.049537 0.044792
0 0.899769 0.607682 0.035648 0.061719
0 0.396296 0.343750 0.093519 0.023438
0 0.212269 0.842057 0.086574 0.025260
0 0.676389 0.193620 0.042593 0.051302
0 0.327546 0.138932 0.085648 0.025260
0 0.068287 0.773047 0.094907 0.022656
0 0.824537 0.521484 0.079630 0.024740
0 0.462269 0.157161 0.040278 0.046094
0 0.367361 0.189714 0.081944 0.022656
0 0.036343 0.664714 0.040278 0.045573
0 0.524769 0.870703 0.072685 0.025260
0 0.507407 0.550130 0.037963 0.045573
0 0.128935 0.762370 0.040278 0.042969
0 0.768981 0.550130 0.042593 0.040365
0 0.645139 0.744401 0.026389 0.064323
0 0.837269 0.163021 0.040278 0.042188
0 0.753935 0.433594 0.040278 0.041667
0 0.240046 0.697526 0.095833 0.017448
0 0.341435 0.838151 0.030093 0.053906
0 0.168287 0.412109 0.081944 0.019531
0 0.658565 0.795182 0.034722 0.046094
0 0.786343 0.810807 0.031019 0.051302
0 0.351157 0.774349 0.105093 0.014844
0 0.860417 0.632422 0.040278 0.038281
0 0.591898 0.171484 0.040278 0.038281
0 0.378935 0.491797 0.040278 0.038281
0 0.277083 0.192318 0.068056 0.022656
0 0.149769 0.804036 0.035648 0.042969
0 0.459954 0.543620 0.035648 0.042969
0 0.468750 0.809505 0.034722 0.043490
0 0.846528 0.495052 0.031019 0.047396
0 0.906713 0.145182 0.086574 0.016927
0 0.547917 0.532161 0.035648 0.040885
0 0.227315 0.280859 0.033333 0.043490
0 0.760880 0.737630 0.035648 0.040365
0 0.358102 0.312109 0.081944 0.017448
0 0.120833 0.888932 0.070370 0.020052
0 0.410880 0.464453 0.039352 0.035677
0 0.569907 0.783464 0.079630 0.017448
0 0.645139 0.408464 0.035648 0.038281
0 0.295602 0.802995 0.068056 0.020052
0 0.277083 0.107682 0.068056 0.020052
0 0.809491 0.196224 0.068056 0.020052
0 0.369676 0.288672 0.031019 0.043490
0 0.767824 0.387630 0.031019 0.043490
0 0.241204 0.644792 0.061111 0.021354
0 0.420602 0.097266 0.086574 0.014844
0 0.682176 0.338802 0.035648 0.035937
0 0.621991 0.099870 0.063426 0.020052
0 0.404398 0.391536 0.063426 0.020052
0 0.089583 0.576432 0.035648 0.035677
0 0.686806 0.559505 0.072685 0.017448
0 0.675231 0.519141 0.031019 0.040885
0 0.811343 0.395443 0.025463 0.048698
0 0.885880 0.429297 0.100463 0.012240
0 0.484954 0.180339 0.030093 0.040365
0 0.813657 0.550651 0.030093 0.040365
0 0.374306 0.515234 0.068056 0.017448
0 0.161343 0.710547 0.031019 0.038281
0 0.371991 0.468359 0.035648 0.033073
0 0.278241 0.858984 0.024074 0.048698
0 0.149306 0.159505 0.025463 0.045573
0 0.013194 0.692318 0.026389 0.043490
0 0.216898 0.389583 0.031019 0.036979
0 0.534028 0.197526 0.091204 0.012240
0 0.153241 0.558203 0.024074 0.046094
0 0.804861 0.591146 0.021759 0.049479
0 0.496991 0.506120 0.026389 0.040885
0 0.362731 0.594661 0.072685 0.014844
0 0.344213 0.151953 0.072685 0.014844
0 0.516204 0.585547 0.027778 0.038281
0 0.661343 0.546484 0.086574 0.012240
0 0.429861 0.254818 0.021759 0.048698
0 0.091898 0.405859 0.021759 0.048698
0 0.336806 0.260026 0.085648 0.012240
0 0.490046 0.439714 0.031019 0.033073
0 0.189120 0.293880 0.058796 0.017448
0 0.413657 0.580339 0.081944 0.012240
0 0.216435 0.819922 0.030093 0.033073
0 0.312963 0.445573 0.028704 0.034375
0 0.500463 0.476823 0.024074 0.039583
0 0.068750 0.743750 0.058796 0.016146
0 0.499306 0.382422 0.077315 0.012240
0 0.179861 0.763932 0.031019 0.030469
0 0.219213 0.167578 0.063426 0.014844
0 0.715741 0.378906 0.028704 0.031250
0 0.494676 0.555599 0.021759 0.040885
0 0.552546 0.392839 0.072685 0.012240
0 0.179861 0.823828 0.021759 0.040885
0 0.584491 0.095964 0.071759 0.012240
0 0.795602 0.477474 0.058796 0.014844
0 0.260880 0.309505 0.026389 0.033073
0 0.307176 0.494792 0.054167 0.015625
0 0.415972 0.664974 0.086574 0.009635
0 0.434491 0.515234 0.068056 0.012240
0 0.599537 0.891536 0.083333 0.009635
0 0.358102 0.120703 0.054167 0.014844
0 0.932176 0.360286 0.017130 0.046094
0 0.742361 0.406901 0.026389 0.029948
0 0.233102 0.512630 0.063426 0.012240
0 0.506250 0.072526 0.063426 0.012240
0 0.221528 0.578385 0.021759 0.034375
0 0.084954 0.845964 0.017130 0.043490
0 0.883565 0.115495 0.077315 0.009635
0 0.623148 0.572526 0.019444 0.038281
0 0.568287 0.235286 0.076389 0.009635
0 0.440278 0.145443 0.014815 0.048698
0 0.480324 0.230078 0.048611 0.014844
0 0.240046 0.872005 0.058796 0.012240
0 0.793287 0.245703 0.072685 0.009635
0 0.654398 0.086849 0.072685 0.009635
0 0.595370 0.072526 0.056481 0.012240
0 0.186806 0.628516 0.026389 0.025260
0 0.703009 0.519141 0.021759 0.030469
0 0.797454 0.724609 0.016204 0.040365
0 0.941435 0.116536 0.017130 0.037760
0 0.825694 0.069661 0.054167 0.011719
0 0.801389 0.086849 0.042593 0.014844
0 0.946065 0.704036 0.017130 0.035677
0 0.052546 0.696224 0.063426 0.009635
0 0.369676 0.533464 0.021759 0.027865
0 0.071065 0.815104 0.017130 0.033854
0 0.578009 0.766536 0.058796 0.009635
0 0.503935 0.302734 0.058796 0.009115
0 0.007407 0.469661 0.014815 0.035677
0 0.522454 0.429297 0.040278 0.012240
0 0.339583 0.319271 0.044907 0.010937
0 0.663657 0.379818 0.017130 0.027865
0 0.319444 0.544271 0.060185 0.007812
0 0.070602 0.382422 0.016204 0.027865
0 0.735417 0.709245 0.012500 0.035677
0 0.408565 0.405599 0.016204 0.027344
0 0.899306 0.170182 0.016204 0.020052
0 0.203009 0.477474 0.012500 0.025260
0 0.360417 0.224870 0.012500 0.025260
0 0.556713 0.174089 0.016204 0.017448
0 0.552546 0.023047 0.026389 0.007031
