0 0.337269 0.852474 0.142130 0.040885
0 0.087269 0.830339 0.077315 0.074740
0 0.858102 0.704036 0.072685 0.066927
0 0.297917 0.420182 0.128241 0.035677
0 0.638194 0.536068 0.114352 0.038281
0 0.165972 0.677344 0.058796 0.055208
0 0.143981 0.399349 0.051852 0.061719
0 0.652083 0.573568 0.151389 0.019531
0 0.119676 0.555599 0.049537 0.056510
0 0.061806 0.612891 0.044907 0.061719
0 0.922454 0.342448 0.053241 0.052083
0 0.390509 0.102474 0.137500 0.020052
0 0.832176 0.836198 0.048611 0.055208
0 0.681019 0.690755 0.088889 0.029948
0 0.249306 0.407161 0.105093 0.025260
0 0.165972 0.804036 0.095833 0.027344
0 0.385417 0.601172 0.034722 0.074740
0 0.515509 0.594661 0.044907 0.056510
0 0.905093 0.637630 0.046296 0.053906
0 0.399306 0.357682 0.043981 0.056510
0 0.151620 0.749609 0.030093 0.074740
0 0.728472 0.335547 0.128241 0.017448
0 0.608102 0.763932 0.146759 0.014844
0 0.466898 0.560547 0.031019 0.066406
0 0.163194 0.240495 0.081019 0.025260
0 0.552546 0.895182 0.091204 0.022135
0 0.304861 0.681901 0.086574 0.022656
0 0.265509 0.564714 0.109722 0.017448
0 0.397454 0.664974 0.040278 0.046094
0 0.608102 0.430599 0.072685 0.025260
0 0.904398 0.310807 0.044907 0.040885
0 0.858102 0.500911 0.044907 0.040885
0 0.649769 0.844661 0.091204 0.020052
0 0.172454 0.480078 0.043981 0.040885
0 0.823380 0.236979 0.040278 0.044271
0 0.741898 0.248307 0.034722 0.051302
0 0.191435 0.536458 0.035648 0.049479
0 0.443750 0.881120 0.031019 0.056510
0 0.374306 0.762630 0.040278 0.043490
0 0.813657 0.353776 0.039352 0.043490
0 0.329630 0.575130 0.074074 0.022656
0 0.138194 0.853776 0.031019 0.053906
0 0.480324 0.640234 0.094907 0.017448
0 0.047917 0.322526 0.072685 0.022656
0 0.119676 0.917578 0.040278 0.040885
0 0.061806 0.521745 0.035648 0.046094
0 0.878935 0.711198 0.031019 0.052604
0 0.616204 0.901953 0.079630 0.020052
0 0.494676 0.505469 0.040278 0.039583
0 0.246991 0.127214 0.091204 0.017448
0 0.744676 0.368099 0.077315 0.020052
0 0.179861 0.879818 0.068056 0.022656
0 0.101157 0.124349 0.040278 0.037760
0 0.661343 0.411068 0.031019 0.048698
0 0.142824 0.616797 0.086574 0.017448
0 0.780556 0.873307 0.075000 0.020052
0 0.858102 0.912370 0.100463 0.014844
0 0.411343 0.587500 0.040278 0.036979
0 0.146296 0.439714 0.065741 0.022656
0 0.148148 0.320964 0.032407 0.045573
0 0.353472 0.144141 0.072685 0.020052
0 0.675231 0.914974 0.031019 0.046094
0 0.209954 0.622005 0.026389 0.053906
0 0.346528 0.778255 0.021759 0.064323
0 0.426389 0.663021 0.033333 0.042188
0 0.314120 0.188411 0.068056 0.020052
0 0.476157 0.485286 0.068056 0.020052
0 0.404398 0.896745 0.026389 0.051302
0 0.793287 0.181250 0.063426 0.021354
0 0.260880 0.590755 0.109722 0.012240
0 0.425231 0.135026 0.077315 0.017448
0 0.749306 0.812109 0.031019 0.043490
0 0.073380 0.150000 0.031019 0.042188
0 0.047917 0.748307 0.035648 0.035677
0 0.196065 0.579036 0.063426 0.020052
0 0.909028 0.776953 0.035648 0.035677
0 0.841898 0.441016 0.031019 0.040885
0 0.767824 0.675391 0.031019 0.040885
0 0.785185 0.508724 0.084259 0.014844
0 0.598380 0.184505 0.071759 0.017448
0 0.201852 0.559505 0.028704 0.043490
0 0.471528 0.282161 0.021759 0.056510
0 0.915972 0.446224 0.021759 0.056510
0 0.068287 0.904557 0.030093 0.040885
0 0.413194 0.695964 0.062500 0.019531
0 0.881250 0.542578 0.081944 0.014844
0 0.802546 0.931901 0.035648 0.033073
0 0.524769 0.517839 0.035648 0.033073
0 0.943750 0.310807 0.058796 0.020052
0 0.439120 0.582943 0.021759 0.053906
0 0.177546 0.413672 0.035648 0.033073
0 0.230787 0.667578 0.058796 0.020052
0 0.771991 0.914974 0.057870 0.020052
0 0.029398 0.161068 0.026389 0.043490
0 0.337269 0.294922 0.058796 0.019531
0 0.700694 0.429036 0.026389 0.042969
0 0.240046 0.732682 0.031019 0.035677
0 0.693750 0.292318 0.031019 0.035156
0 0.709954 0.802995 0.026389 0.040885
0 0.043287 0.771745 0.026389 0.040885
0 0.756250 0.425391 0.026389 0.040885
0 0.435648 0.793880 0.061111 0.017448
0 0.277778 0.628516 0.069444 0.014844
0 0.806713 0.464193 0.071759 0.014323
0 0.193750 0.901953 0.068056 0.014844
0 0.932176 0.877214 0.026389 0.038281
0 0.910880 0.382422 0.030093 0.033073
0 0.943750 0.430339 0.021759 0.045573
0 0.193750 0.717448 0.031019 0.031250
0 0.765509 0.577474 0.081944 0.011719
0 0.665972 0.653255 0.077315 0.012240
0 0.846528 0.804297 0.077315 0.012240
0 0.480787 0.899349 0.031019 0.030469
0 0.955324 0.831641 0.026389 0.035677
0 0.582639 0.879557 0.077315 0.011719
0 0.267824 0.390234 0.068056 0.012240
0 0.832639 0.929297 0.068056 0.012240
0 0.748148 0.926693 0.065741 0.012240
0 0.959954 0.164974 0.054167 0.014844
0 0.957639 0.868490 0.021759 0.036458
0 0.903935 0.830339 0.016204 0.048698
0 0.770139 0.459245 0.017130 0.046094
0 0.121991 0.779297 0.026389 0.029948
0 0.584491 0.797786 0.053241 0.014844
0 0.226157 0.612891 0.021759 0.035677
0 0.418287 0.504818 0.063426 0.012240
0 0.279398 0.442318 0.063426 0.012240
0 0.193750 0.675391 0.021759 0.035677
0 0.663657 0.365234 0.054167 0.014323
0 0.161343 0.256120 0.077315 0.009635
0 0.719213 0.356120 0.063426 0.011719
0 0.917824 0.819922 0.016204 0.043490
0 0.552546 0.310547 0.017130 0.040365
0 0.315278 0.891276 0.075000 0.009115
0 0.274769 0.792578 0.044907 0.014844
0 0.939120 0.375911 0.021759 0.030469
0 0.506250 0.832943 0.054167 0.012240
0 0.087269 0.756120 0.021759 0.030469
0 0.064120 0.258724 0.021759 0.030469
0 0.304861 0.539974 0.068056 0.009635
0 0.406713 0.748307 0.068056 0.009635
0 0.714583 0.442318 0.017130 0.038281
0 0.043287 0.429036 0.017130 0.037760
0 0.955324 0.684245 0.017130 0.037760
0 0.510417 0.662109 0.043981 0.014323
0 0.802546 0.318620 0.063426 0.009635
0 0.061806 0.454036 0.017130 0.035677
0 0.876620 0.839453 0.017130 0.035677
0 0.054861 0.731380 0.021759 0.027865
0 0.915972 0.507161 0.021759 0.027344
0 0.807176 0.901693 0.063426 0.009115
0 0.774769 0.106380 0.044907 0.012240
0 0.668287 0.822526 0.044907 0.012240
0 0.444907 0.399349 0.056481 0.009635
0 0.927083 0.749609 0.016204 0.033073
0 0.795602 0.254818 0.021759 0.022656
0 0.978472 0.709245 0.017130 0.025260
0 0.924769 0.542578 0.011574 0.035677
0 0.772454 0.293620 0.058796 0.006510
0 0.961806 0.759766 0.011574 0.032552
0 0.837269 0.380859 0.012500 0.029948
0 0.814120 0.776302 0.040278 0.008333
