0 0.260417 0.814714 0.127315 0.038281
0 0.614583 0.131120 0.122685 0.025260
0 0.749306 0.426432 0.049537 0.058594
0 0.758565 0.103776 0.123611 0.022656
0 0.233102 0.717057 0.091204 0.030469
0 0.626157 0.703776 0.108796 0.024740
0 0.675231 0.327734 0.114352 0.022656
0 0.709954 0.776953 0.100463 0.025260
0 0.406713 0.645443 0.086574 0.027865
0 0.633565 0.523047 0.049537 0.048698
0 0.645139 0.631120 0.044907 0.051302
0 0.459954 0.260026 0.100463 0.022656
0 0.383565 0.743099 0.086574 0.025260
0 0.624306 0.227474 0.086574 0.025260
0 0.420602 0.506120 0.040278 0.051302
0 0.152083 0.861589 0.040278 0.048698
0 0.779398 0.697526 0.081944 0.022656
0 0.082639 0.556901 0.105093 0.017448
0 0.915972 0.244401 0.031019 0.059115
0 0.760880 0.230078 0.072685 0.025260
0 0.719213 0.263932 0.091204 0.020052
0 0.853472 0.602474 0.035648 0.051302
0 0.124306 0.650651 0.077315 0.022656
0 0.392824 0.808203 0.086574 0.020052
0 0.448380 0.444661 0.040278 0.042969
0 0.078009 0.817057 0.040278 0.042969
0 0.536343 0.391276 0.086574 0.019531
0 0.105787 0.323828 0.040278 0.040885
0 0.492361 0.732682 0.035648 0.046094
0 0.552546 0.163411 0.072685 0.022135
0 0.651620 0.573828 0.039352 0.040885
0 0.464583 0.597917 0.072685 0.021354
0 0.837269 0.776953 0.077315 0.020052
0 0.404398 0.463151 0.035648 0.043490
0 0.895139 0.872005 0.035648 0.043490
0 0.573380 0.614193 0.040278 0.038281
0 0.892361 0.194922 0.039352 0.038281
0 0.765509 0.308203 0.026389 0.056510
0 0.121991 0.758724 0.100463 0.014844
0 0.575694 0.646745 0.035648 0.040885
0 0.940972 0.474870 0.071759 0.020052
0 0.484954 0.820573 0.076389 0.018750
0 0.307176 0.767839 0.081944 0.017448
0 0.709954 0.180339 0.072685 0.019531
0 0.579167 0.761068 0.098148 0.014323
0 0.681713 0.349609 0.071759 0.019531
0 0.374306 0.797786 0.068056 0.020052
0 0.321065 0.608984 0.035648 0.038281
0 0.642361 0.547526 0.094907 0.014323
0 0.483102 0.365495 0.091204 0.014844
0 0.149769 0.719661 0.091204 0.014844
0 0.578009 0.694922 0.077315 0.017448
0 0.883565 0.601172 0.031019 0.043490
0 0.515046 0.285417 0.062500 0.021354
0 0.684491 0.198828 0.086574 0.014844
0 0.926389 0.817318 0.033333 0.038281
0 0.532870 0.627214 0.033333 0.038281
0 0.339583 0.688411 0.035648 0.035677
0 0.596528 0.826432 0.031019 0.040885
0 0.191435 0.273047 0.072685 0.017448
0 0.309491 0.888932 0.031019 0.040885
0 0.165972 0.638672 0.021759 0.055990
0 0.837269 0.903255 0.068056 0.017448
0 0.071065 0.843359 0.035648 0.033073
0 0.865046 0.451432 0.058796 0.020052
0 0.883565 0.692318 0.021759 0.053906
0 0.434491 0.568620 0.058796 0.020052
0 0.795602 0.149349 0.058796 0.020052
0 0.851157 0.573828 0.058796 0.020052
0 0.725694 0.586849 0.057870 0.020052
0 0.087269 0.623307 0.077315 0.014844
0 0.406713 0.784505 0.058796 0.019531
0 0.498148 0.575130 0.065741 0.017448
0 0.800231 0.844661 0.031019 0.035677
0 0.378935 0.258724 0.031019 0.035677
0 0.802546 0.680599 0.026389 0.040885
0 0.862731 0.839453 0.026389 0.040885
0 0.696065 0.408203 0.063426 0.016927
0 0.675231 0.793880 0.086574 0.012240
0 0.829167 0.660417 0.033333 0.031771
0 0.550231 0.590755 0.058796 0.017448
0 0.934491 0.541276 0.058796 0.017448
0 0.936806 0.770443 0.026389 0.038281
0 0.929861 0.293620 0.031019 0.032552
0 0.934028 0.382161 0.030093 0.032552
0 0.170602 0.887630 0.077315 0.012240
0 0.545602 0.106120 0.021759 0.042969
0 0.406713 0.220703 0.021759 0.042969
0 0.665972 0.912370 0.095833 0.009635
0 0.825231 0.739193 0.053241 0.017448
0 0.162500 0.783464 0.073148 0.012240
0 0.469213 0.545182 0.017130 0.051302
0 0.440972 0.796484 0.071759 0.012240
0 0.735417 0.485026 0.021759 0.040365
0 0.584954 0.533464 0.026389 0.033073
0 0.453009 0.136328 0.058796 0.014844
0 0.874306 0.438411 0.058796 0.014844
0 0.371991 0.327734 0.026389 0.033073
0 0.319907 0.439714 0.070370 0.012240
0 0.957639 0.569922 0.021759 0.038281
0 0.348843 0.375911 0.026389 0.030469
0 0.895139 0.120703 0.026389 0.030469
0 0.891667 0.829297 0.019444 0.040365
0 0.527083 0.214453 0.021759 0.035677
0 0.959954 0.275651 0.017130 0.043490
0 0.922917 0.108984 0.026389 0.027865
0 0.177546 0.810807 0.017130 0.040885
0 0.631250 0.248958 0.026389 0.026562
0 0.863889 0.753516 0.047222 0.014844
0 0.836806 0.827734 0.020833 0.033073
0 0.797917 0.618099 0.026389 0.025260
0 0.344213 0.411068 0.054167 0.012240
0 0.390046 0.118099 0.043981 0.014844
0 0.902083 0.719401 0.021759 0.029948
0 0.121991 0.449219 0.017130 0.036458
0 0.272454 0.728516 0.021759 0.027344
0 0.524769 0.343359 0.017130 0.033073
0 0.317593 0.743099 0.056481 0.009635
0 0.643981 0.598568 0.024074 0.022656
0 0.584491 0.319922 0.016204 0.033073
0 0.899306 0.785807 0.016204 0.032552
0 0.184491 0.871745 0.021759 0.022135
0 0.860417 0.185807 0.049537 0.009635
0 0.575694 0.861589 0.017130 0.022656
0 0.770139 0.627214 0.017130 0.022656
0 0.596065 0.261328 0.011574 0.025260
0 0.656250 0.473568 0.039352 0.007031
0 0.564120 0.041016 0.021759 0.006510
