0 0.642824 0.263932 0.142130 0.046094
0 0.135880 0.131120 0.118981 0.040885
0 0.485417 0.303646 0.123611 0.031771
0 0.543287 0.551693 0.044907 0.085156
0 0.617361 0.364193 0.063426 0.059115
0 0.790972 0.302995 0.105093 0.035677
0 0.265509 0.210286 0.063426 0.058594
0 0.735417 0.253906 0.058796 0.057292
0 0.825694 0.254818 0.054167 0.059115
0 0.723843 0.787370 0.100463 0.030469
0 0.650926 0.319922 0.047222 0.064323
0 0.104630 0.336849 0.056481 0.051302
0 0.816435 0.545182 0.091204 0.030469
0 0.584954 0.728776 0.109722 0.022656
0 0.248843 0.856380 0.085648 0.027865
0 0.742361 0.608073 0.044907 0.052083
0 0.502778 0.510026 0.047222 0.048698
0 0.427546 0.606380 0.081944 0.027865
0 0.556713 0.720964 0.081019 0.027865
0 0.406250 0.321224 0.048611 0.046094
0 0.172917 0.172786 0.109722 0.020052
0 0.279398 0.312109 0.044907 0.048698
0 0.176389 0.261068 0.042593 0.050781
0 0.371991 0.195573 0.035648 0.060417
0 0.256250 0.508724 0.081944 0.025260
0 0.409028 0.831641 0.137500 0.014844
0 0.339583 0.641536 0.100463 0.020052
0 0.444907 0.256120 0.079630 0.025260
0 0.581019 0.543620 0.046296 0.042969
0 0.705324 0.820573 0.081944 0.023958
0 0.138194 0.434505 0.040278 0.048698
0 0.626620 0.444271 0.091204 0.021354
0 0.716898 0.710286 0.040278 0.048177
0 0.177546 0.434505 0.035648 0.053906
0 0.130787 0.528255 0.043981 0.043490
0 0.658565 0.905859 0.108796 0.017448
0 0.789120 0.867448 0.099537 0.018750
0 0.668287 0.516536 0.072685 0.025260
0 0.088426 0.314714 0.079630 0.022656
0 0.663194 0.701172 0.090278 0.019531
0 0.078009 0.625911 0.031019 0.056510
0 0.887731 0.636328 0.030093 0.056510
0 0.632407 0.745052 0.037963 0.044792
0 0.521991 0.805339 0.030093 0.055990
0 0.573380 0.244401 0.031019 0.053906
0 0.876620 0.782161 0.109722 0.014844
0 0.902083 0.104818 0.040278 0.040365
0 0.952546 0.456641 0.039352 0.040885
0 0.726157 0.304948 0.040278 0.039583
0 0.552546 0.252214 0.035648 0.043490
0 0.221528 0.106380 0.086574 0.017448
0 0.855787 0.606380 0.031019 0.048698
0 0.818287 0.478776 0.085648 0.017448
0 0.557176 0.383724 0.072685 0.020052
0 0.571065 0.159766 0.035648 0.040885
0 0.220370 0.486328 0.037963 0.037760
0 0.828009 0.839453 0.031019 0.046094
0 0.459954 0.707943 0.081944 0.017448
0 0.036343 0.547786 0.031019 0.046094
0 0.693287 0.876302 0.030093 0.046875
0 0.388194 0.907813 0.086574 0.016146
0 0.774769 0.325521 0.035648 0.039062
0 0.856481 0.167578 0.069444 0.020052
0 0.056713 0.495052 0.034722 0.039583
0 0.939120 0.136328 0.068056 0.020052
0 0.631250 0.374609 0.035648 0.038281
0 0.866204 0.107682 0.033333 0.040885
0 0.309491 0.697526 0.077315 0.017448
0 0.601157 0.226172 0.031019 0.043490
0 0.400231 0.352474 0.090278 0.014844
0 0.258565 0.897786 0.077315 0.016927
0 0.834491 0.349609 0.025463 0.050781
0 0.598843 0.801693 0.026389 0.048698
0 0.432176 0.198828 0.035648 0.035677
0 0.209954 0.356380 0.072685 0.017448
0 0.793287 0.593359 0.072685 0.017448
0 0.515509 0.598568 0.072685 0.017448
0 0.282407 0.477865 0.060185 0.020833
0 0.832639 0.664714 0.031019 0.040365
0 0.237269 0.260026 0.071759 0.017448
0 0.564120 0.331380 0.031019 0.040365
0 0.677546 0.565755 0.026389 0.045573
0 0.221528 0.713151 0.031019 0.038281
0 0.490046 0.465755 0.021759 0.053906
0 0.583333 0.479818 0.060185 0.019531
0 0.016667 0.675130 0.033333 0.035156
0 0.883565 0.598307 0.031019 0.037760
0 0.795602 0.100911 0.031019 0.037760
0 0.237731 0.147786 0.035648 0.032552
0 0.869676 0.391276 0.058796 0.019531
0 0.962269 0.380729 0.031019 0.036458
0 0.913657 0.858984 0.091204 0.012240
0 0.142824 0.813411 0.021759 0.051302
0 0.362731 0.796484 0.063426 0.017448
0 0.723843 0.676693 0.063426 0.017448
0 0.760880 0.094661 0.072685 0.014844
0 0.376620 0.459245 0.072685 0.014844
0 0.647454 0.149349 0.031019 0.034635
0 0.795602 0.681901 0.021759 0.048698
0 0.314120 0.754818 0.021759 0.048698
0 0.874306 0.348568 0.021759 0.048698
0 0.666667 0.686849 0.032407 0.032552
0 0.249306 0.577734 0.031019 0.033073
0 0.258565 0.731380 0.058796 0.017448
0 0.946065 0.632422 0.026389 0.038281
0 0.242361 0.286068 0.026389 0.038281
0 0.767824 0.418620 0.031019 0.032552
0 0.693750 0.331641 0.021759 0.046094
0 0.232639 0.442318 0.081019 0.012240
0 0.579861 0.640234 0.081019 0.012240
0 0.137731 0.205078 0.030093 0.032552
0 0.927546 0.334245 0.017130 0.056510
0 0.344213 0.519531 0.026389 0.036458
0 0.598843 0.317969 0.026389 0.035937
0 0.527546 0.663672 0.076389 0.012240
0 0.584954 0.873047 0.063426 0.014323
0 0.735417 0.103516 0.077315 0.011719
0 0.807176 0.117188 0.026389 0.033854
0 0.936806 0.814714 0.072685 0.012240
0 0.652083 0.557943 0.021759 0.040365
0 0.453009 0.568620 0.058796 0.014844
0 0.385880 0.278255 0.026389 0.033073
0 0.574537 0.767839 0.070370 0.012240
0 0.634722 0.555599 0.024074 0.035677
0 0.600694 0.502214 0.030093 0.027865
0 0.929861 0.538672 0.021759 0.038281
0 0.263889 0.558203 0.023148 0.035677
0 0.614583 0.668880 0.067130 0.012240
0 0.953009 0.593099 0.021759 0.037760
0 0.573380 0.623047 0.086574 0.009115
0 0.121991 0.185807 0.081944 0.009635
0 0.621991 0.688151 0.026389 0.029948
0 0.441435 0.478776 0.063426 0.012240
0 0.087269 0.571224 0.021759 0.035677
0 0.138194 0.472005 0.021759 0.035156
0 0.749306 0.735026 0.021759 0.035156
0 0.635417 0.479818 0.025463 0.029948
0 0.659028 0.478776 0.026389 0.027865
0 0.424074 0.511979 0.065741 0.010937
0 0.425231 0.655859 0.058796 0.012240
0 0.647454 0.705339 0.058796 0.012240
0 0.564120 0.744401 0.058796 0.012240
0 0.204861 0.749609 0.016204 0.043490
0 0.082639 0.301432 0.058796 0.011719
0 0.388889 0.302995 0.069444 0.009635
0 0.959954 0.260417 0.017130 0.039062
0 0.186343 0.383724 0.016204 0.040885
0 0.703009 0.399349 0.021759 0.030469
0 0.550231 0.860286 0.068056 0.009635
0 0.091898 0.688151 0.021759 0.029948
0 0.464583 0.722266 0.063426 0.009635
0 0.131250 0.875911 0.063426 0.009635
0 0.561806 0.287370 0.017130 0.035677
0 0.665972 0.741797 0.049537 0.012240
0 0.867361 0.510026 0.017130 0.033073
0 0.297917 0.398047 0.017130 0.033073
0 0.476157 0.360286 0.058796 0.009635
0 0.268519 0.339193 0.060185 0.009115
0 0.624306 0.216406 0.021759 0.023958
0 0.860417 0.250000 0.021759 0.023438
0 0.922454 0.763672 0.053241 0.009115
0 0.570602 0.201432 0.043981 0.009635
0 0.950694 0.799089 0.017130 0.022656
