0 0.760880 0.124609 0.183796 0.043490
0 0.135880 0.748307 0.146759 0.051302
0 0.881250 0.900000 0.156019 0.042188
0 0.953009 0.835547 0.049537 0.111198
0 0.376620 0.872005 0.183796 0.027865
0 0.677546 0.780859 0.044907 0.085156
0 0.513194 0.613542 0.114352 0.031771
0 0.215741 0.702734 0.121296 0.027865
0 0.936806 0.077734 0.054167 0.053906
0 0.503472 0.556901 0.048611 0.059115
0 0.684028 0.483984 0.039352 0.069531
0 0.566435 0.535807 0.118981 0.022135
0 0.981944 0.842708 0.033333 0.078646
0 0.413657 0.768880 0.100463 0.024740
0 0.631250 0.116797 0.035648 0.069531
0 0.939120 0.714453 0.031019 0.077344
0 0.084954 0.644792 0.044907 0.052604
0 0.128472 0.401042 0.039352 0.054688
0 0.439120 0.185807 0.040278 0.051302
0 0.906713 0.912109 0.105093 0.019531
0 0.573380 0.782161 0.095833 0.020052
0 0.175231 0.339453 0.031019 0.061719
0 0.147454 0.847005 0.077315 0.024740
0 0.568287 0.153255 0.076389 0.022656
0 0.233102 0.625651 0.026389 0.061198
0 0.984259 0.155859 0.028704 0.053906
0 0.418287 0.050391 0.100463 0.014844
0 0.071065 0.144141 0.072685 0.020052
0 0.159028 0.636328 0.035648 0.040885
0 0.584954 0.439714 0.081944 0.017448
0 0.640509 0.228776 0.081944 0.017448
0 0.521991 0.476172 0.113426 0.012240
0 0.133565 0.882422 0.021759 0.059115
0 0.608102 0.672135 0.091204 0.013542
0 0.054861 0.728776 0.021759 0.053906
0 0.318750 0.037370 0.077315 0.014844
0 0.446065 0.705078 0.091204 0.011719
0 0.316435 0.062109 0.081944 0.012240
0 0.108102 0.567318 0.026389 0.033073
0 0.059028 0.808203 0.020833 0.035677
0 0.427546 0.031901 0.072685 0.009115
0 0.098843 0.993099 0.044907 0.009635
