0 0.374306 0.691016 0.077315 0.082552
0 0.603472 0.474870 0.128241 0.040885
0 0.924074 0.829036 0.056481 0.077344
0 0.434028 0.349870 0.159722 0.025260
0 0.828009 0.894141 0.188426 0.020052
0 0.693750 0.569922 0.058796 0.064323
0 0.638194 0.172786 0.058796 0.061719
0 0.203009 0.638932 0.114352 0.030469
0 0.698380 0.500911 0.058796 0.056510
0 0.314120 0.015234 0.112500 0.027865
0 0.263194 0.767578 0.095833 0.032552
0 0.227315 0.145443 0.135185 0.022656
0 0.089583 0.175391 0.054167 0.056510
0 0.587269 0.527604 0.114352 0.026562
0 0.112731 0.731380 0.035648 0.079948
0 0.321759 0.629818 0.101852 0.027865
0 0.112731 0.552995 0.054167 0.051302
0 0.540972 0.552734 0.049537 0.050781
0 0.091898 0.685807 0.095833 0.025260
0 0.198380 0.493099 0.114352 0.020052
0 0.644676 0.763932 0.090278 0.025260
0 0.260880 0.455078 0.081944 0.027344
0 0.631250 0.342057 0.109722 0.020052
0 0.909028 0.785417 0.081944 0.026562
0 0.397454 0.361589 0.095833 0.022656
0 0.788194 0.778255 0.043981 0.048698
0 0.198380 0.214453 0.105093 0.020052
0 0.766204 0.167578 0.083333 0.025260
0 0.029398 0.646745 0.044907 0.046094
0 0.598843 0.435807 0.081944 0.025260
0 0.310648 0.855078 0.079630 0.025260
0 0.156713 0.185807 0.077315 0.025260
0 0.522454 0.407161 0.077315 0.025260
0 0.402083 0.438411 0.095833 0.020052
0 0.230787 0.195964 0.095833 0.019531
0 0.554861 0.480078 0.040278 0.046094
0 0.314120 0.584245 0.040278 0.046094
0 0.513194 0.802734 0.040278 0.045573
0 0.543287 0.705339 0.100463 0.017448
0 0.466898 0.481380 0.040278 0.043490
0 0.793287 0.653255 0.026389 0.064323
0 0.453009 0.810807 0.040278 0.040885
0 0.939120 0.279557 0.040278 0.040885
0 0.760880 0.620703 0.035648 0.046094
0 0.205324 0.873307 0.081944 0.020052
0 0.350694 0.233984 0.030093 0.053906
0 0.714120 0.450130 0.071759 0.022656
0 0.626620 0.312370 0.072685 0.022135
0 0.637731 0.360286 0.104167 0.014844
0 0.670602 0.385026 0.068056 0.022656
0 0.615046 0.791276 0.068056 0.022656
0 0.395139 0.591016 0.035648 0.042969
0 0.499306 0.755859 0.077315 0.019531
0 0.578009 0.744141 0.031019 0.048177
0 0.163657 0.511328 0.100463 0.014844
0 0.367361 0.727474 0.035648 0.040885
0 0.260417 0.904557 0.071759 0.020052
0 0.096528 0.800391 0.031019 0.046094
0 0.594213 0.161068 0.026389 0.053906
0 0.633565 0.508724 0.095833 0.014844
0 0.612731 0.623047 0.072685 0.019531
0 0.690972 0.236589 0.081019 0.017448
0 0.927083 0.723568 0.025463 0.053906
0 0.501620 0.839453 0.091204 0.014844
0 0.881250 0.664974 0.026389 0.051302
0 0.337269 0.374349 0.031019 0.042969
0 0.746528 0.767839 0.034722 0.038281
0 0.292130 0.185807 0.088889 0.014844
0 0.963426 0.015885 0.070370 0.018750
0 0.302546 0.664714 0.091204 0.014323
0 0.552546 0.586849 0.035648 0.035677
0 0.196065 0.816016 0.063426 0.020052
0 0.733102 0.552995 0.035648 0.035677
0 0.638194 0.573828 0.031019 0.040885
0 0.797917 0.864193 0.100463 0.012240
0 0.244213 0.513932 0.030093 0.040885
0 0.260880 0.391536 0.081944 0.014844
0 0.534028 0.355078 0.081944 0.014844
0 0.473380 0.344661 0.081019 0.014844
0 0.369676 0.546484 0.095833 0.012240
0 0.233102 0.549089 0.035648 0.033073
0 0.056713 0.498307 0.025463 0.046094
0 0.072917 0.224609 0.057870 0.019531
0 0.744676 0.183203 0.021759 0.051302
0 0.682176 0.913672 0.091204 0.012240
0 0.209491 0.608984 0.025463 0.043490
0 0.330324 0.202734 0.063426 0.017448
0 0.181713 0.673828 0.025463 0.042969
0 0.334491 0.822526 0.062500 0.017448
0 0.302546 0.118099 0.026389 0.040885
0 0.557176 0.454036 0.072685 0.014844
0 0.950694 0.625911 0.026389 0.040885
0 0.557176 0.426432 0.063426 0.016927
0 0.821065 0.735026 0.026389 0.040365
0 0.915972 0.133073 0.077315 0.013542
0 0.592593 0.404557 0.069444 0.014844
0 0.138194 0.338151 0.058796 0.017448
0 0.527083 0.676432 0.086574 0.011719
0 0.360417 0.094661 0.068056 0.014844
0 0.191435 0.093359 0.081944 0.012240
0 0.545139 0.792578 0.067130 0.014844
0 0.187963 0.309505 0.056481 0.017448
0 0.619676 0.376563 0.086574 0.010937
0 0.480787 0.455339 0.077315 0.012240
0 0.823380 0.679297 0.021759 0.043490
0 0.596528 0.585547 0.077315 0.012240
0 0.101157 0.270443 0.021759 0.043490
0 0.689120 0.792578 0.031019 0.030469
0 0.110417 0.625911 0.031019 0.030469
0 0.704861 0.673828 0.053241 0.016927
0 0.733102 0.340104 0.081944 0.010937
0 0.506250 0.864193 0.072685 0.012240
0 0.615046 0.274349 0.021759 0.040885
0 0.302083 0.554297 0.016204 0.053906
0 0.453009 0.730078 0.058796 0.014844
0 0.318750 0.651953 0.058796 0.014844
0 0.402083 0.909766 0.058796 0.014844
0 0.510880 0.629818 0.026389 0.033073
0 0.469213 0.992448 0.063426 0.013542
0 0.258565 0.611589 0.068056 0.012240
0 0.397454 0.116797 0.068056 0.012240
0 0.341898 0.629818 0.068056 0.012240
0 0.438657 0.102214 0.057870 0.014323
0 0.325694 0.336849 0.054167 0.014844
0 0.480787 0.309245 0.068056 0.011719
0 0.925231 0.224609 0.086574 0.009115
0 0.645139 0.472266 0.017130 0.046094
0 0.705324 0.789323 0.026389 0.029167
0 0.662037 0.413672 0.060185 0.012240
0 0.705324 0.653255 0.026389 0.027865
0 0.170602 0.631120 0.049537 0.014844
0 0.034028 0.793880 0.026389 0.027865
0 0.267361 0.641276 0.020833 0.035156
0 0.174769 0.566016 0.048611 0.014844
0 0.290972 0.499609 0.021759 0.033073
0 0.779398 0.224870 0.072685 0.009635
0 0.293287 0.219401 0.017130 0.040365
0 0.024769 0.562760 0.017130 0.039583
0 0.334491 0.597266 0.016204 0.040885
0 0.746991 0.086849 0.026389 0.025260
0 0.758565 0.688411 0.021759 0.030469
0 0.374306 0.414974 0.021759 0.030469
0 0.619676 0.157161 0.021759 0.030469
0 0.091435 0.477474 0.020833 0.030469
0 0.035880 0.831641 0.020833 0.030469
0 0.189120 0.162109 0.068056 0.009115
0 0.376157 0.858984 0.016204 0.038281
0 0.087269 0.700130 0.021759 0.027865
0 0.522454 0.379557 0.021759 0.027344
0 0.945602 0.805990 0.016204 0.036458
0 0.867361 0.757812 0.017130 0.033854
0 0.677083 0.702734 0.016204 0.032031
0 0.834954 0.267839 0.017130 0.027865
0 0.293287 0.162370 0.017130 0.025260
0 0.646296 0.222005 0.047222 0.009115
0 0.695602 0.720052 0.016204 0.026042
0 0.084491 0.571224 0.016204 0.025260
0 0.103009 0.830078 0.016204 0.022135
0 0.026620 0.473568 0.011574 0.027865
0 0.821065 0.620052 0.017130 0.018750
