0 0.931019 0.820964 0.135185 0.045573
0 0.654398 0.301693 0.118981 0.038281
0 0.940278 0.064714 0.116667 0.038281
0 0.966898 0.237891 0.058796 0.066927
0 0.977315 0.513281 0.042593 0.091667
0 0.469213 0.567318 0.063426 0.059115
0 0.846528 0.714453 0.058796 0.061719
0 0.518981 0.349870 0.116667 0.025260
0 0.890509 0.228776 0.054167 0.053906
0 0.584954 0.512630 0.054167 0.053906
0 0.371528 0.869141 0.127315 0.022135
0 0.656250 0.398047 0.113426 0.022656
0 0.858102 0.199870 0.091204 0.027344
0 0.249306 0.852214 0.095833 0.024740
0 0.515509 0.862891 0.044907 0.051302
0 0.089583 0.838151 0.081944 0.027865
0 0.945602 0.314453 0.043981 0.048177
0 0.793287 0.247396 0.035648 0.054688
0 0.152083 0.882161 0.086574 0.022135
0 0.649769 0.183203 0.072685 0.025260
0 0.557176 0.136328 0.035648 0.051302
0 0.061806 0.532161 0.026389 0.066927
0 0.709954 0.349870 0.109722 0.014844
0 0.657870 0.512630 0.033333 0.048698
0 0.986574 0.286068 0.024074 0.059115
0 0.140509 0.512630 0.035648 0.038281
0 0.237731 0.511979 0.035648 0.036979
0 0.839583 0.851172 0.072685 0.017448
0 0.578009 0.569271 0.077315 0.016146
0 0.189120 0.468359 0.031019 0.038281
0 0.280556 0.511328 0.028704 0.040885
0 0.965741 0.100911 0.065741 0.016927
0 0.621991 0.426693 0.063426 0.017448
0 0.837269 0.420182 0.021759 0.046094
0 0.185185 0.123307 0.060185 0.014844
0 0.988889 0.405859 0.019444 0.043490
0 0.502778 0.526693 0.056481 0.009115
0 0.947917 0.200130 0.011574 0.027865
