0 0.737731 0.243099 0.165278 0.035677
0 0.510880 0.129818 0.146759 0.033073
0 0.589583 0.638021 0.054167 0.054688
0 0.476157 0.791276 0.105093 0.027865
0 0.038657 0.735286 0.044907 0.061719
0 0.337269 0.460547 0.095833 0.027865
0 0.226157 0.365495 0.049537 0.051302
0 0.084954 0.417578 0.044907 0.056510
0 0.241898 0.448828 0.099537 0.025260
0 0.776620 0.339453 0.048611 0.051302
0 0.412037 0.164974 0.097222 0.025260
0 0.897454 0.891536 0.095833 0.025260
0 0.378935 0.843359 0.049537 0.048698
0 0.848843 0.821224 0.044907 0.051302
0 0.071065 0.722005 0.044907 0.050781
0 0.913657 0.695964 0.091204 0.024740
0 0.712269 0.611589 0.095833 0.022656
0 0.700694 0.849870 0.081944 0.025260
0 0.510880 0.240495 0.044907 0.046094
0 0.054861 0.463802 0.040278 0.050000
0 0.881250 0.856380 0.044907 0.043490
0 0.753935 0.810807 0.040278 0.046094
0 0.647454 0.387630 0.031019 0.059115
0 0.830324 0.099870 0.072685 0.025260
0 0.839583 0.607682 0.035648 0.051302
0 0.287500 0.337891 0.042593 0.042969
0 0.227315 0.433203 0.088889 0.020052
0 0.605787 0.345964 0.077315 0.022656
0 0.420602 0.741797 0.077315 0.022656
0 0.522454 0.090755 0.077315 0.022656
0 0.573380 0.228776 0.077315 0.022656
0 0.657870 0.339453 0.042593 0.040885
0 0.323380 0.429036 0.040278 0.042969
0 0.679398 0.765234 0.076389 0.022656
0 0.256250 0.473568 0.072685 0.022656
0 0.779398 0.875911 0.035648 0.046094
0 0.465741 0.523047 0.093519 0.017448
0 0.653241 0.658464 0.070370 0.022656
0 0.670139 0.571224 0.104167 0.014844
0 0.397454 0.904557 0.077315 0.020052
0 0.661343 0.193620 0.077315 0.020052
0 0.841898 0.582943 0.040278 0.038281
0 0.068287 0.179297 0.067130 0.022656
0 0.786343 0.170833 0.040278 0.036979
0 0.936806 0.852214 0.026389 0.055990
0 0.289815 0.544922 0.075000 0.019531
0 0.788657 0.084245 0.072685 0.020052
0 0.654398 0.495703 0.035648 0.040885
0 0.344213 0.620703 0.035648 0.040885
0 0.578009 0.508724 0.031019 0.046094
0 0.203009 0.219661 0.095833 0.014844
0 0.881250 0.608984 0.026389 0.053906
0 0.260880 0.838411 0.026389 0.053385
0 0.225694 0.144141 0.094907 0.014844
0 0.126620 0.666276 0.035648 0.038281
0 0.376620 0.368099 0.026389 0.051302
0 0.075694 0.118750 0.063426 0.021354
0 0.818750 0.452734 0.031019 0.043490
0 0.707176 0.597266 0.067130 0.020052
0 0.580324 0.270833 0.072685 0.018229
0 0.278241 0.187109 0.107407 0.012240
0 0.837269 0.183203 0.086574 0.014844
0 0.478472 0.852474 0.063426 0.020052
0 0.253935 0.717057 0.031019 0.040885
0 0.305556 0.300130 0.087963 0.014323
0 0.200694 0.110026 0.035648 0.035156
0 0.304861 0.708984 0.086574 0.014323
0 0.802546 0.539714 0.063426 0.019531
0 0.189120 0.807943 0.021759 0.055990
0 0.871991 0.219661 0.081944 0.014844
0 0.228472 0.857682 0.026389 0.046094
0 0.663194 0.116536 0.071759 0.016927
0 0.763194 0.632422 0.095833 0.012240
0 0.323380 0.106380 0.095833 0.012240
0 0.168287 0.713151 0.035648 0.033073
0 0.439120 0.860286 0.058796 0.020052
0 0.837269 0.898047 0.021759 0.053906
0 0.117361 0.166276 0.035648 0.033073
0 0.138194 0.624349 0.031019 0.037760
0 0.753472 0.167578 0.057870 0.020052
0 0.753935 0.105078 0.077315 0.014844
0 0.020139 0.176693 0.026389 0.043490
0 0.390509 0.796224 0.026389 0.042969
0 0.220833 0.203385 0.060185 0.018750
0 0.258565 0.302995 0.031019 0.035677
0 0.735417 0.672786 0.031019 0.035677
0 0.714583 0.541276 0.063426 0.017448
0 0.193750 0.754167 0.068056 0.016146
0 0.337269 0.219401 0.031019 0.035156
0 0.080324 0.157161 0.072685 0.014844
0 0.846528 0.650651 0.021759 0.048698
0 0.740046 0.848568 0.031019 0.033073
0 0.421759 0.363542 0.024074 0.042188
0 0.848843 0.405859 0.026389 0.038281
0 0.462269 0.263932 0.068056 0.014844
0 0.142824 0.772786 0.031019 0.032552
0 0.466435 0.373307 0.067130 0.014844
0 0.509722 0.311458 0.088889 0.010937
0 0.315972 0.882422 0.025463 0.038281
0 0.317593 0.390625 0.019444 0.049479
0 0.536343 0.627214 0.021759 0.043490
0 0.044444 0.499609 0.028704 0.033073
0 0.626620 0.635026 0.054167 0.017448
0 0.337269 0.746745 0.021759 0.042969
0 0.527083 0.904557 0.095833 0.009635
0 0.152083 0.120443 0.031019 0.029948
0 0.422917 0.102214 0.063426 0.014323
0 0.473843 0.606380 0.072685 0.012240
0 0.318750 0.136328 0.058796 0.014844
0 0.946065 0.733724 0.026389 0.032552
0 0.395139 0.335286 0.026389 0.032552
0 0.373843 0.316016 0.020833 0.040885
0 0.517824 0.211849 0.086574 0.009635
0 0.172917 0.343359 0.017130 0.048698
0 0.730787 0.760026 0.021759 0.038281
0 0.087269 0.140234 0.021759 0.038281
0 0.175231 0.481380 0.021759 0.038281
0 0.957639 0.509766 0.021759 0.037760
0 0.376620 0.204036 0.054167 0.014844
0 0.248843 0.619401 0.020833 0.038281
0 0.562963 0.589453 0.019444 0.040885
0 0.443750 0.198177 0.058796 0.013542
0 0.589120 0.865495 0.053241 0.014844
0 0.411343 0.375911 0.021759 0.035677
0 0.601157 0.581641 0.021759 0.035677
0 0.376620 0.736589 0.017130 0.043490
0 0.792824 0.653906 0.025463 0.029167
0 0.582639 0.106380 0.058796 0.012240
0 0.647454 0.305339 0.077315 0.009115
0 0.954861 0.158464 0.025463 0.027865
0 0.908565 0.773047 0.016204 0.043490
0 0.668287 0.698828 0.072685 0.009635
0 0.779398 0.503516 0.017130 0.040885
0 0.371991 0.435547 0.017130 0.040365
0 0.584491 0.777344 0.016204 0.041667
0 0.907870 0.538672 0.024074 0.027865
0 0.918287 0.170182 0.026389 0.025260
0 0.358102 0.554297 0.054167 0.012240
0 0.855787 0.758724 0.021759 0.030469
0 0.045602 0.526953 0.021759 0.030469
0 0.598843 0.905859 0.017130 0.038281
0 0.755787 0.598568 0.053241 0.012240
0 0.375463 0.504818 0.051852 0.012240
0 0.024769 0.422786 0.017130 0.035677
0 0.149769 0.659766 0.017130 0.035677
0 0.182639 0.685807 0.062500 0.009635
0 0.642361 0.233724 0.020833 0.027344
0 0.347685 0.570964 0.061111 0.009115
0 0.557176 0.821224 0.054167 0.009635
0 0.196065 0.555599 0.017130 0.030469
0 0.830324 0.797135 0.054167 0.008333
0 0.774769 0.750911 0.044907 0.009635
0 0.168287 0.080078 0.063426 0.006510
0 0.418287 0.215495 0.063426 0.006510
0 0.429861 0.135026 0.012500 0.033073
0 0.353472 0.434896 0.017130 0.023438
0 0.247454 0.401693 0.043981 0.009115
0 0.065278 0.004818 0.026852 0.007031
