0 0.915509 0.487891 0.067130 0.077344
0 0.705324 0.409766 0.054167 0.072135
0 0.341898 0.565365 0.105093 0.029167
0 0.315278 0.138932 0.098148 0.030469
0 0.544444 0.222266 0.037963 0.077344
0 0.743056 0.451432 0.092593 0.030469
0 0.770139 0.287370 0.137500 0.020052
0 0.381250 0.671484 0.044907 0.059115
0 0.645139 0.224219 0.109722 0.023958
0 0.478472 0.278255 0.109722 0.022656
0 0.554861 0.339453 0.123611 0.020052
0 0.869676 0.340755 0.049537 0.048698
0 0.892824 0.795182 0.049537 0.046094
0 0.925231 0.558203 0.086574 0.025260
0 0.443287 0.523047 0.039352 0.053906
0 0.814120 0.573568 0.142130 0.014323
0 0.509722 0.394141 0.079630 0.025260
0 0.411343 0.110286 0.077315 0.025260
0 0.580324 0.351172 0.109722 0.017448
0 0.619676 0.202734 0.105093 0.017448
0 0.774769 0.888932 0.044907 0.040885
0 0.746991 0.534766 0.044907 0.040885
0 0.402083 0.728776 0.077315 0.022656
0 0.915972 0.296484 0.077315 0.022656
0 0.611574 0.417318 0.042593 0.040365
0 0.617361 0.637630 0.072685 0.022656
0 0.402083 0.185807 0.040278 0.040885
0 0.578009 0.606120 0.095833 0.016927
0 0.422917 0.458594 0.118981 0.013542
0 0.381250 0.341797 0.081944 0.019531
0 0.391667 0.504818 0.028704 0.053906
0 0.420602 0.295182 0.077315 0.020052
0 0.897454 0.468099 0.040278 0.037760
0 0.457639 0.312109 0.086574 0.017448
0 0.323380 0.236589 0.031019 0.048698
0 0.263194 0.581380 0.077315 0.019531
0 0.147454 0.279297 0.105093 0.014323
0 0.659028 0.816016 0.100463 0.014844
0 0.135880 0.250911 0.072685 0.020052
0 0.475694 0.509375 0.039352 0.036979
0 0.508565 0.170182 0.031019 0.046094
0 0.128935 0.240495 0.095833 0.014844
0 0.371991 0.522786 0.026389 0.053385
0 0.248843 0.555599 0.039352 0.035677
0 0.100694 0.170182 0.030093 0.046094
0 0.605787 0.253516 0.068056 0.020052
0 0.655556 0.581641 0.037963 0.035677
0 0.675231 0.452734 0.077315 0.017448
0 0.286343 0.207943 0.077315 0.017448
0 0.438657 0.645443 0.030093 0.043490
0 0.756250 0.110677 0.035648 0.036458
0 0.512731 0.509766 0.030093 0.042969
0 0.818750 0.218359 0.021759 0.059115
0 0.617361 0.487891 0.063426 0.020052
0 0.334954 0.732682 0.035648 0.035677
0 0.707639 0.519141 0.031019 0.040885
0 0.635880 0.770443 0.072685 0.017448
0 0.243519 0.206641 0.084259 0.014844
0 0.772454 0.258464 0.031019 0.040365
0 0.533565 0.707943 0.025463 0.048698
0 0.508565 0.607682 0.021759 0.056510
0 0.304861 0.519141 0.021759 0.056510
0 0.756250 0.510677 0.035648 0.034375
0 0.630787 0.141276 0.034722 0.035156
0 0.330324 0.198828 0.026389 0.046094
0 0.677546 0.672135 0.063426 0.018750
0 0.207639 0.148047 0.031019 0.038281
0 0.325694 0.518490 0.026389 0.044792
0 0.756250 0.323177 0.026389 0.044792
0 0.674769 0.508724 0.020833 0.056510
0 0.638194 0.321224 0.058796 0.020052
0 0.791667 0.189453 0.069444 0.016927
0 0.952546 0.162370 0.057870 0.020052
0 0.571065 0.497005 0.026389 0.043490
0 0.605787 0.657552 0.031019 0.036458
0 0.211806 0.269141 0.030093 0.035677
0 0.560185 0.392839 0.060185 0.017448
0 0.499306 0.326432 0.068056 0.014844
0 0.395139 0.356380 0.081944 0.012240
0 0.919444 0.110286 0.019444 0.051302
0 0.770139 0.728516 0.026389 0.037760
0 0.925231 0.175130 0.068056 0.014323
0 0.840278 0.267839 0.055556 0.017448
0 0.439120 0.335547 0.077315 0.012240
0 0.182176 0.455339 0.054167 0.017448
0 0.753935 0.664974 0.031019 0.030469
0 0.825694 0.102474 0.026389 0.035677
0 0.084954 0.297786 0.063426 0.014844
0 0.155556 0.555599 0.028704 0.030469
0 0.440972 0.140625 0.025463 0.033854
0 0.494676 0.110026 0.058796 0.014323
0 0.378935 0.145443 0.021759 0.038281
0 0.484954 0.670182 0.020833 0.039844
0 0.946065 0.115495 0.026389 0.030469
0 0.274769 0.120703 0.054167 0.014844
0 0.868519 0.616536 0.065741 0.011719
0 0.828009 0.860026 0.021759 0.035156
0 0.216898 0.310807 0.077315 0.009635
0 0.723843 0.215495 0.063426 0.011719
0 0.628472 0.217057 0.076389 0.009635
0 0.108102 0.629818 0.026389 0.027865
0 0.152083 0.327734 0.021759 0.033073
0 0.422454 0.564714 0.016204 0.043490
0 0.596528 0.513932 0.021759 0.030469
0 0.279398 0.137630 0.054167 0.012240
0 0.733102 0.416276 0.017130 0.038281
0 0.870833 0.377214 0.014815 0.043490
0 0.459954 0.180599 0.017130 0.035677
0 0.855787 0.590755 0.021759 0.027865
0 0.159491 0.263932 0.062500 0.009635
0 0.822917 0.127214 0.048611 0.012240
0 0.446065 0.220964 0.017130 0.033073
0 0.156250 0.149349 0.020833 0.025260
0 0.659028 0.558203 0.017130 0.030469
0 0.723843 0.141536 0.017130 0.030469
0 0.121991 0.430599 0.017130 0.030469
0 0.071065 0.164714 0.017130 0.029948
0 0.473843 0.160807 0.017130 0.027344
0 0.542824 0.659766 0.043981 0.009635
0 0.547454 0.550130 0.043981 0.009115
0 0.263194 0.232031 0.012500 0.029167
0 0.005787 0.675781 0.006944 0.013021
