0 0.089583 0.826432 0.072685 0.082552
0 0.295602 0.414974 0.132870 0.035677
0 0.505093 0.579688 0.051852 0.078646
0 0.581481 0.577734 0.056481 0.069531
0 0.131250 0.584245 0.109722 0.035677
0 0.765509 0.513021 0.128241 0.028646
0 0.668287 0.693620 0.118981 0.030469
0 0.689120 0.349870 0.114352 0.030469
0 0.146991 0.395443 0.048611 0.069531
0 0.899769 0.155859 0.100463 0.033073
0 0.399769 0.890234 0.044907 0.064323
0 0.596528 0.766536 0.142130 0.020052
0 0.834954 0.836198 0.044907 0.060417
0 0.152083 0.849609 0.040278 0.066406
0 0.207176 0.497005 0.048611 0.053906
0 0.286343 0.646745 0.095833 0.025260
0 0.767824 0.666276 0.040278 0.059115
0 0.807176 0.534766 0.091204 0.025260
0 0.105787 0.537370 0.049537 0.046094
0 0.297917 0.681901 0.081944 0.027865
0 0.744676 0.242839 0.049537 0.045573
0 0.142824 0.776953 0.031019 0.072135
0 0.649769 0.546224 0.100463 0.022135
0 0.396991 0.359635 0.039352 0.055208
0 0.652083 0.848568 0.095833 0.022656
0 0.211111 0.550391 0.037963 0.056510
0 0.237269 0.642839 0.043981 0.048698
0 0.191435 0.538411 0.035648 0.058594
0 0.103472 0.661068 0.091204 0.022656
0 0.271991 0.760026 0.030093 0.064323
0 0.168287 0.472917 0.044907 0.042188
0 0.297454 0.834896 0.043981 0.042188
0 0.198380 0.761979 0.086574 0.021354
0 0.059491 0.614193 0.031019 0.059115
0 0.874306 0.702734 0.031019 0.059115
0 0.084954 0.766536 0.035648 0.051302
0 0.439120 0.881120 0.031019 0.056510
0 0.756250 0.866146 0.081944 0.021354
0 0.550231 0.894141 0.086574 0.020052
0 0.483102 0.476172 0.072685 0.022656
0 0.119676 0.732682 0.040278 0.040885
0 0.515509 0.551693 0.072685 0.022656
0 0.260880 0.592057 0.109722 0.014844
0 0.781713 0.137370 0.095833 0.016927
0 0.388194 0.599870 0.021759 0.072135
0 0.777083 0.289974 0.077315 0.020052
0 0.934491 0.752214 0.040278 0.038281
0 0.809491 0.247005 0.031019 0.048698
0 0.078009 0.142839 0.031019 0.048698
0 0.913657 0.446224 0.026389 0.056510
0 0.230324 0.460286 0.067130 0.022135
0 0.793981 0.463151 0.064815 0.022656
0 0.921759 0.866797 0.033333 0.043490
0 0.043287 0.325130 0.081944 0.017448
0 0.047917 0.852214 0.072685 0.019531
0 0.046759 0.185807 0.070370 0.020052
0 0.626157 0.483984 0.025463 0.053906
0 0.848843 0.911719 0.100463 0.013542
0 0.020139 0.735286 0.026389 0.051302
0 0.823380 0.275651 0.031019 0.043490
0 0.073380 0.728776 0.031019 0.043490
0 0.149769 0.331380 0.026389 0.050781
0 0.480787 0.643490 0.095833 0.013542
0 0.098843 0.210547 0.026389 0.048698
0 0.244676 0.396745 0.086574 0.014844
0 0.888194 0.539974 0.086574 0.014844
0 0.744213 0.506120 0.085648 0.014844
0 0.839583 0.438411 0.035648 0.035677
0 0.807176 0.938411 0.063426 0.020052
0 0.385880 0.662370 0.035648 0.035677
0 0.855787 0.258724 0.031019 0.040885
0 0.749306 0.821224 0.031019 0.040885
0 0.044444 0.150651 0.028704 0.043490
0 0.462269 0.282161 0.021759 0.056510
0 0.728472 0.188411 0.081944 0.014844
0 0.226157 0.335547 0.068056 0.017448
0 0.059491 0.765234 0.031019 0.038281
0 0.744676 0.330339 0.095833 0.012240
0 0.402083 0.127214 0.095833 0.012240
0 0.744676 0.418620 0.031019 0.037760
0 0.198380 0.618750 0.021759 0.052604
0 0.124306 0.714193 0.058796 0.019531
0 0.758102 0.776953 0.076389 0.014844
0 0.568287 0.878516 0.076389 0.014844
0 0.488889 0.502604 0.028704 0.039062
0 0.466898 0.576432 0.021759 0.051302
0 0.257407 0.620703 0.075000 0.014844
0 0.266667 0.435807 0.075000 0.014844
0 0.378472 0.772396 0.030093 0.036979
0 0.740046 0.397005 0.031019 0.035156
0 0.797454 0.898047 0.062500 0.017448
0 0.712269 0.401693 0.031019 0.035156
0 0.443287 0.581641 0.020833 0.051302
0 0.774769 0.580078 0.091204 0.011719
0 0.392824 0.898047 0.021759 0.048698
0 0.271296 0.562109 0.084259 0.012240
0 0.068750 0.213151 0.031019 0.033073
0 0.170139 0.913672 0.057870 0.017448
0 0.939120 0.427995 0.021759 0.046094
0 0.302546 0.892839 0.081944 0.012240
0 0.149306 0.611589 0.025463 0.038281
0 0.190278 0.870052 0.070370 0.013542
0 0.545602 0.314714 0.021759 0.043490
0 0.165972 0.633724 0.031019 0.030469
0 0.584954 0.800391 0.063426 0.014844
0 0.948380 0.794922 0.031019 0.029948
0 0.522454 0.597917 0.021759 0.042188
0 0.621528 0.904297 0.062500 0.014323
0 0.013194 0.258724 0.021759 0.040885
0 0.235417 0.787370 0.021759 0.040885
0 0.830324 0.929297 0.072685 0.012240
0 0.176389 0.824479 0.024074 0.036979
0 0.026620 0.147396 0.020833 0.042188
0 0.292824 0.606380 0.071759 0.012240
0 0.566435 0.345964 0.026389 0.033073
0 0.443287 0.797786 0.057870 0.014844
0 0.534028 0.817318 0.017130 0.048698
0 0.832639 0.478776 0.068056 0.012240
0 0.908565 0.875651 0.016204 0.050781
0 0.171759 0.410807 0.024074 0.032552
0 0.902083 0.829036 0.021759 0.035677
0 0.057176 0.291276 0.063426 0.012240
0 0.402083 0.750911 0.077315 0.009635
0 0.760880 0.452734 0.017130 0.043490
0 0.665972 0.654557 0.077315 0.009635
0 0.237269 0.504427 0.025463 0.028646
0 0.508102 0.662370 0.048611 0.014844
0 0.508565 0.838151 0.058796 0.012240
0 0.890046 0.687109 0.016204 0.043490
0 0.034028 0.552995 0.017130 0.040885
0 0.927546 0.573828 0.017130 0.040885
0 0.959954 0.769141 0.017130 0.040885
0 0.752778 0.852474 0.047222 0.014844
0 0.417824 0.501563 0.062500 0.010937
0 0.237731 0.672526 0.072685 0.009115
0 0.654398 0.381120 0.044907 0.014844
0 0.843750 0.802734 0.071759 0.009115
0 0.300694 0.539974 0.067130 0.009635
0 0.915509 0.506120 0.020833 0.030469
0 0.876620 0.839453 0.017130 0.035677
0 0.260880 0.383724 0.063426 0.009635
0 0.325694 0.193620 0.063426 0.009635
0 0.448380 0.403255 0.049537 0.012240
0 0.341898 0.762630 0.021759 0.027865
0 0.964583 0.675130 0.017130 0.035156
0 0.170602 0.250911 0.058796 0.009635
0 0.821065 0.424089 0.017130 0.033073
0 0.483102 0.872005 0.044907 0.012240
0 0.564120 0.448828 0.021759 0.025260
0 0.116898 0.757422 0.043981 0.012240
0 0.591898 0.534766 0.012500 0.040885
0 0.057176 0.258073 0.017130 0.029167
0 0.821065 0.372005 0.063426 0.007031
0 0.439815 0.003516 0.013889 0.004427
