0 0.475000 0.101823 0.204630 0.065625
0 0.536343 0.616797 0.225463 0.048698
0 0.959491 0.650000 0.062500 0.104688
0 0.073380 0.399349 0.058796 0.103385
0 0.814120 0.067318 0.160648 0.027865
0 0.899769 0.806641 0.137500 0.032552
0 0.751620 0.614193 0.063426 0.064323
0 0.822917 0.304297 0.122685 0.033073
0 0.161343 0.810807 0.132870 0.030469
0 0.598843 0.576172 0.118981 0.029948
0 0.297917 0.069661 0.118981 0.027344
0 0.108102 0.636068 0.044907 0.066406
0 0.641667 0.085547 0.047222 0.059115
0 0.526620 0.081641 0.104167 0.025260
0 0.892824 0.366797 0.114352 0.022656
0 0.739583 0.205339 0.039352 0.059115
0 0.777083 0.378906 0.049537 0.046875
0 0.545602 0.232031 0.095833 0.023958
0 0.105787 0.761328 0.049537 0.046094
0 0.733102 0.574870 0.128241 0.016927
0 0.527083 0.047786 0.105093 0.020052
0 0.091898 0.813411 0.040278 0.051302
0 0.820602 0.319922 0.118056 0.017448
0 0.709954 0.318359 0.044907 0.045573
0 0.080324 0.627214 0.026389 0.069531
0 0.198380 0.502214 0.031019 0.053906
0 0.777083 0.431250 0.077315 0.021354
0 0.918287 0.323828 0.026389 0.061719
0 0.809491 0.483073 0.031019 0.052083
0 0.867361 0.137630 0.035648 0.043490
0 0.890509 0.009766 0.091204 0.016927
0 0.263194 0.150391 0.040278 0.037760
0 0.794444 0.444922 0.065741 0.022656
0 0.978472 0.776953 0.026389 0.046094
0 0.892824 0.262630 0.021759 0.053906
0 0.976157 0.576432 0.031019 0.035677
0 0.545139 0.086849 0.067130 0.014844
0 0.897454 0.312109 0.021759 0.043490
0 0.152083 0.150651 0.068056 0.012240
0 0.138194 0.098307 0.021759 0.037760
0 0.098843 0.993099 0.044907 0.009635
