0 0.448380 0.024349 0.429167 0.046094
0 0.900926 0.021745 0.195370 0.035677
0 0.862731 0.192969 0.072685 0.070833
0 0.290972 0.249609 0.068056 0.074740
0 0.258565 0.624349 0.151389 0.032552
0 0.159028 0.217057 0.146759 0.030469
0 0.182176 0.697526 0.146759 0.027865
0 0.750463 0.360938 0.061111 0.063021
0 0.815972 0.242448 0.155093 0.023958
0 0.402083 0.195964 0.114352 0.029948
0 0.596528 0.740495 0.049537 0.066927
0 0.631250 0.916276 0.109722 0.027865
0 0.448380 0.658464 0.049537 0.059115
0 0.149769 0.102474 0.109722 0.025260
0 0.108102 0.453385 0.091204 0.029167
0 0.175231 0.131120 0.105093 0.025260
0 0.890509 0.717057 0.100463 0.025260
0 0.453009 0.486328 0.086574 0.027344
0 0.330324 0.340755 0.081944 0.027865
0 0.089583 0.233984 0.100463 0.022656
0 0.417824 0.256771 0.034722 0.063021
0 0.293287 0.761328 0.137500 0.014844
0 0.084491 0.821224 0.043981 0.046094
0 0.818750 0.127865 0.105093 0.018750
0 0.436806 0.609635 0.081944 0.023958
0 0.598843 0.236589 0.044907 0.043490
0 0.341435 0.887630 0.030093 0.064323
0 0.233102 0.599870 0.128241 0.014844
0 0.174769 0.475911 0.039352 0.048177
0 0.661343 0.339453 0.040278 0.046094
0 0.022454 0.743099 0.040278 0.046094
0 0.061343 0.614193 0.081019 0.022656
0 0.885880 0.140234 0.100463 0.017448
0 0.031713 0.447526 0.040278 0.043490
0 0.542824 0.297135 0.034722 0.050000
0 0.469213 0.770443 0.035648 0.048698
0 0.765509 0.454036 0.035648 0.046094
0 0.367361 0.797526 0.081944 0.019531
0 0.895139 0.429297 0.035648 0.043490
0 0.286343 0.326432 0.077315 0.020052
0 0.411343 0.292578 0.077315 0.020052
0 0.774769 0.377214 0.035648 0.043490
0 0.603472 0.843099 0.091204 0.016927
0 0.485417 0.293880 0.040278 0.038281
0 0.800231 0.812109 0.040278 0.038281
0 0.083102 0.465755 0.067130 0.022656
0 0.790972 0.254818 0.086574 0.017448
0 0.112731 0.688411 0.100463 0.014844
0 0.163657 0.351172 0.118981 0.012240
0 0.910880 0.356120 0.030093 0.048177
0 0.302083 0.675391 0.071759 0.020052
0 0.700231 0.308203 0.071759 0.020052
0 0.249306 0.209245 0.095833 0.014844
0 0.503935 0.177734 0.031019 0.045573
0 0.077546 0.766536 0.039352 0.035677
0 0.855787 0.396745 0.068056 0.020052
0 0.631250 0.804948 0.072685 0.018750
0 0.290972 0.668880 0.077315 0.017448
0 0.951852 0.347266 0.028704 0.046094
0 0.770833 0.711849 0.064815 0.020052
0 0.112731 0.796484 0.026389 0.048698
0 0.462269 0.899349 0.086574 0.014844
0 0.196065 0.672786 0.035648 0.035677
0 0.140509 0.651953 0.035648 0.035677
0 0.061343 0.318620 0.034722 0.035677
0 0.140509 0.258724 0.026389 0.046094
0 0.057176 0.875911 0.026389 0.046094
0 0.825231 0.738542 0.025463 0.047396
0 0.149306 0.284766 0.081019 0.014844
0 0.596528 0.131120 0.058796 0.020052
0 0.089583 0.718359 0.091204 0.012240
0 0.623843 0.277604 0.020833 0.052604
0 0.496991 0.816016 0.072685 0.014844
0 0.941435 0.888932 0.026389 0.040885
0 0.705324 0.826432 0.072685 0.014844
0 0.037037 0.490495 0.023148 0.046094
0 0.258565 0.720964 0.021759 0.048698
0 0.535880 0.802734 0.020833 0.050781
0 0.697222 0.646094 0.056481 0.018750
0 0.267824 0.107682 0.068056 0.014844
0 0.117361 0.434505 0.081944 0.012240
0 0.786343 0.685807 0.021759 0.046094
0 0.929861 0.323828 0.021759 0.046094
0 0.753935 0.598307 0.058796 0.016927
0 0.258565 0.900651 0.021759 0.043490
0 0.957639 0.434505 0.021759 0.043490
0 0.105787 0.747005 0.021759 0.043490
0 0.337269 0.564714 0.077315 0.012240
0 0.675231 0.855078 0.031019 0.030469
0 0.170602 0.664974 0.031019 0.030469
0 0.492361 0.658854 0.017130 0.054688
0 0.464583 0.258724 0.026389 0.035677
0 0.199537 0.720703 0.024074 0.037760
0 0.704167 0.870703 0.061111 0.014844
0 0.524769 0.106380 0.072685 0.012240
0 0.749306 0.691016 0.021759 0.040885
0 0.911343 0.511328 0.021759 0.040885
0 0.145139 0.804948 0.054167 0.016146
0 0.443750 0.131120 0.058796 0.014844
0 0.522454 0.151953 0.058796 0.014844
0 0.813657 0.292578 0.020833 0.040885
0 0.652083 0.454036 0.086574 0.009635
0 0.371991 0.550130 0.091204 0.009115
0 0.161343 0.713151 0.068056 0.012240
0 0.619676 0.562109 0.068056 0.012240
0 0.818287 0.530599 0.030093 0.027344
0 0.214120 0.861589 0.016204 0.048698
0 0.793287 0.412109 0.017130 0.045573
0 0.099537 0.179297 0.027778 0.027865
0 0.557176 0.260026 0.017130 0.043490
0 0.385880 0.148047 0.017130 0.043490
0 0.422917 0.155599 0.017130 0.042969
0 0.797917 0.728776 0.026389 0.027865
0 0.359954 0.649609 0.020833 0.035156
0 0.813657 0.482422 0.020833 0.035156
0 0.348843 0.366146 0.017130 0.042188
0 0.871991 0.762370 0.026389 0.027344
0 0.545602 0.510026 0.058796 0.012240
0 0.107639 0.249609 0.025463 0.027865
0 0.059491 0.360026 0.077315 0.009115
0 0.084954 0.305599 0.017130 0.040885
0 0.524306 0.922786 0.071759 0.009635
0 0.633565 0.098307 0.058796 0.011719
0 0.763194 0.764323 0.021759 0.031250
0 0.172917 0.315104 0.017130 0.039062
0 0.200694 0.830729 0.017130 0.039062
0 0.246528 0.279557 0.016204 0.040885
0 0.635880 0.052995 0.044907 0.014844
0 0.640046 0.374609 0.053241 0.012240
0 0.548611 0.357682 0.064815 0.009635
0 0.918287 0.472266 0.017130 0.035677
0 0.270139 0.579036 0.017130 0.035677
0 0.830324 0.651953 0.017130 0.035677
0 0.825694 0.185156 0.072685 0.008333
0 0.073380 0.343359 0.021759 0.027865
0 0.050231 0.200130 0.021759 0.027865
0 0.467593 0.006120 0.060185 0.009635
0 0.788657 0.335547 0.017130 0.033073
0 0.399769 0.416276 0.017130 0.033073
0 0.626620 0.411068 0.072685 0.007031
0 0.867361 0.370443 0.017130 0.029948
0 0.116898 0.474870 0.016204 0.030469
0 0.010880 0.854036 0.017130 0.027344
0 0.073380 0.754167 0.021759 0.021354
0 0.885417 0.806901 0.016204 0.027865
0 0.964120 0.543880 0.016204 0.027865
0 0.432176 0.775651 0.063426 0.007031
0 0.358102 0.416016 0.063426 0.006510
0 0.716898 0.481380 0.012500 0.033073
0 0.538657 0.172526 0.044907 0.009115
0 0.788657 0.530859 0.017130 0.022656
0 0.421759 0.625911 0.014815 0.014844
0 0.387731 0.099870 0.011574 0.014844
