0 0.691898 0.605078 0.173611 0.030469
0 0.871991 0.677995 0.072685 0.066927
0 0.774769 0.663411 0.128241 0.037760
0 0.834954 0.331641 0.063426 0.061719
0 0.128935 0.447526 0.114352 0.033073
0 0.665972 0.155859 0.114352 0.033073
0 0.918287 0.116797 0.100463 0.033073
0 0.749306 0.799089 0.049537 0.064323
0 0.638194 0.266536 0.095833 0.030469
0 0.689120 0.744141 0.105093 0.027344
0 0.672454 0.804297 0.043981 0.059115
0 0.962269 0.296484 0.040278 0.064323
0 0.668287 0.192318 0.091204 0.027865
0 0.746991 0.482682 0.100463 0.025260
0 0.804398 0.086589 0.048611 0.050781
0 0.147454 0.528255 0.086574 0.027865
0 0.501620 0.830339 0.137500 0.017448
0 0.795602 0.340755 0.105093 0.022656
0 0.337269 0.895443 0.105093 0.022656
0 0.321065 0.813151 0.118981 0.019531
0 0.661343 0.548438 0.086574 0.026562
0 0.431019 0.760026 0.079630 0.027865
0 0.135880 0.750911 0.109722 0.020052
0 0.513194 0.173828 0.040278 0.053385
0 0.817593 0.233984 0.093519 0.022656
0 0.673611 0.395443 0.092593 0.022656
0 0.585648 0.431901 0.092593 0.022656
0 0.385880 0.269141 0.044907 0.046094
0 0.742361 0.636328 0.100463 0.020052
0 0.890509 0.149349 0.100463 0.020052
0 0.214583 0.645443 0.035648 0.053906
0 0.126620 0.372005 0.035648 0.053906
0 0.971528 0.383724 0.040278 0.046094
0 0.979630 0.111589 0.037963 0.048698
0 0.888194 0.529297 0.040278 0.045573
0 0.737731 0.888932 0.072685 0.025260
0 0.737731 0.612891 0.044907 0.040885
0 0.265509 0.696224 0.091204 0.020052
0 0.841898 0.415625 0.031019 0.057813
0 0.901620 0.447526 0.030093 0.059115
0 0.105787 0.632422 0.040278 0.043490
0 0.353472 0.470313 0.081944 0.021354
0 0.936806 0.475911 0.035648 0.048177
0 0.434491 0.370703 0.040278 0.040885
0 0.279398 0.153906 0.026389 0.060417
0 0.490046 0.870703 0.031019 0.051302
0 0.406713 0.409766 0.105093 0.014844
0 0.536343 0.694922 0.068056 0.022656
0 0.929861 0.736589 0.040278 0.038281
0 0.545602 0.622005 0.068056 0.022656
0 0.981944 0.784766 0.033333 0.046094
0 0.600694 0.124609 0.067130 0.022656
0 0.795602 0.201172 0.077315 0.019531
0 0.131944 0.783464 0.064815 0.022656
0 0.932176 0.618099 0.072685 0.020052
0 0.979630 0.517839 0.037963 0.038281
0 0.121991 0.765234 0.081944 0.017448
0 0.149769 0.624609 0.081944 0.017448
0 0.895139 0.684505 0.026389 0.053906
0 0.765046 0.176693 0.081019 0.017448
0 0.670602 0.362630 0.031019 0.045573
0 0.373843 0.696224 0.039352 0.035677
0 0.865046 0.094010 0.031019 0.044792
0 0.670602 0.872005 0.077315 0.017448
0 0.172454 0.222266 0.090278 0.014844
0 0.705324 0.118099 0.063426 0.020052
0 0.862731 0.197526 0.072685 0.017448
0 0.656250 0.633724 0.030093 0.040885
0 0.112731 0.237630 0.026389 0.045573
0 0.904398 0.761589 0.026389 0.045573
0 0.100694 0.188411 0.020833 0.056510
0 0.728472 0.548828 0.100463 0.011719
0 0.841898 0.602474 0.058796 0.020052
0 0.946065 0.765234 0.035648 0.033073
0 0.755093 0.529297 0.033333 0.035156
0 0.874306 0.478516 0.068056 0.016927
0 0.793981 0.320573 0.083333 0.013542
0 0.596528 0.456641 0.031019 0.035677
0 0.103009 0.580339 0.062500 0.017448
0 0.240046 0.192708 0.058796 0.018229
0 0.880787 0.120703 0.071759 0.014844
0 0.968056 0.645443 0.061111 0.017448
0 0.833796 0.266536 0.070370 0.014844
0 0.334954 0.625260 0.026389 0.039583
0 0.920602 0.605078 0.068056 0.014844
0 0.647454 0.365495 0.021759 0.046094
0 0.246528 0.356380 0.081019 0.012240
0 0.260417 0.559505 0.025463 0.038281
0 0.746991 0.115495 0.017130 0.056510
0 0.568750 0.382422 0.021759 0.043490
0 0.652083 0.241797 0.077315 0.012240
0 0.876620 0.101172 0.026389 0.033073
0 0.098843 0.718099 0.026389 0.032552
0 0.226157 0.432292 0.021759 0.039062
0 0.678704 0.696224 0.056481 0.014844
0 0.682176 0.486328 0.017130 0.048177
0 0.822222 0.637630 0.065741 0.012240
0 0.927546 0.274349 0.026389 0.030469
0 0.772454 0.160807 0.068056 0.011719
0 0.846528 0.211589 0.086574 0.009115
0 0.612731 0.581641 0.081944 0.009635
0 0.445602 0.401953 0.053241 0.014844
0 0.987731 0.220964 0.017130 0.043490
0 0.904398 0.257422 0.026389 0.027865
0 0.961111 0.625911 0.075000 0.009635
0 0.839583 0.480469 0.017130 0.041667
0 0.936806 0.552995 0.017130 0.040885
0 0.084954 0.263932 0.017130 0.040885
0 0.248148 0.456641 0.019444 0.035677
0 0.814120 0.719661 0.021759 0.030469
0 0.159028 0.270443 0.017130 0.038281
0 0.179861 0.115234 0.021759 0.029948
0 0.806713 0.832943 0.016204 0.038281
0 0.163657 0.704036 0.017130 0.035677
0 0.793287 0.529557 0.063426 0.009635
0 0.223843 0.240495 0.063426 0.009635
0 0.991204 0.464453 0.014815 0.040885
0 0.962269 0.361589 0.021759 0.027865
0 0.656250 0.304297 0.048611 0.012240
0 0.565972 0.193620 0.016204 0.035677
0 0.156713 0.658203 0.049537 0.011719
0 0.795602 0.750911 0.058796 0.009635
0 0.262731 0.365495 0.057870 0.009635
0 0.142824 0.556901 0.021759 0.022656
0 0.820602 0.565755 0.053241 0.009115
0 0.454861 0.094401 0.053241 0.009115
0 0.186806 0.413932 0.017130 0.027344
0 0.175231 0.246354 0.021759 0.021354
0 0.683333 0.838151 0.037963 0.012240
0 0.156713 0.990495 0.040278 0.009635
0 0.979630 0.263932 0.037963 0.009635
0 0.981944 0.670182 0.033333 0.009635
0 0.612731 0.030599 0.026389 0.006510
0 0.418287 0.996354 0.017130 0.005729
0 0.768287 0.997656 0.020833 0.003125
