0 0.444907 0.032161 0.403704 0.061719
0 0.900926 0.021745 0.195370 0.035677
0 0.204167 0.618099 0.144444 0.040885
0 0.172917 0.694922 0.174537 0.033073
0 0.816435 0.237891 0.146759 0.035677
0 0.097685 0.523047 0.070370 0.069531
0 0.473380 0.200130 0.062500 0.069531
0 0.273148 0.188411 0.171296 0.025260
0 0.247685 0.286068 0.055556 0.064323
0 0.904398 0.348568 0.054167 0.064323
0 0.878935 0.455339 0.058796 0.059115
0 0.218056 0.547786 0.061111 0.056510
0 0.597685 0.235286 0.051852 0.061719
0 0.670602 0.273047 0.114352 0.027865
0 0.049074 0.435156 0.056481 0.055208
0 0.279398 0.722266 0.044907 0.066927
0 0.207176 0.124609 0.104167 0.027865
0 0.137037 0.214453 0.112037 0.025260
0 0.536343 0.309505 0.040278 0.069531
0 0.378472 0.328385 0.048611 0.055208
0 0.543287 0.239193 0.091204 0.027865
0 0.696065 0.309245 0.091204 0.027344
0 0.422917 0.720964 0.044907 0.053906
0 0.878935 0.736589 0.086574 0.027865
0 0.851157 0.491797 0.049537 0.048698
0 0.152083 0.572266 0.049537 0.048177
0 0.110417 0.920182 0.114352 0.020052
0 0.480787 0.650651 0.040278 0.053906
0 0.897454 0.158464 0.095833 0.022656
0 0.484954 0.500911 0.085648 0.025260
0 0.601157 0.388281 0.114352 0.018750
0 0.146296 0.431641 0.093519 0.022135
0 0.376620 0.920182 0.081944 0.025260
0 0.256250 0.719661 0.044907 0.046094
0 0.703009 0.594661 0.040278 0.051302
0 0.446065 0.111328 0.118981 0.016927
0 0.716898 0.179297 0.086574 0.022656
0 0.770139 0.465755 0.044907 0.043490
0 0.642361 0.506120 0.094907 0.020052
0 0.182176 0.607031 0.100463 0.018750
0 0.478472 0.817318 0.081944 0.022656
0 0.450694 0.632422 0.081944 0.022656
0 0.045602 0.672786 0.040278 0.046094
0 0.909028 0.248307 0.072685 0.025260
0 0.142824 0.129818 0.077315 0.022656
0 0.022454 0.731380 0.040278 0.043490
0 0.328009 0.720964 0.040278 0.043490
0 0.126620 0.169531 0.128241 0.013542
0 0.309491 0.618099 0.086574 0.020052
0 0.123148 0.278255 0.028704 0.059115
0 0.821065 0.756120 0.035648 0.046094
0 0.788657 0.300391 0.035648 0.046094
0 0.510417 0.689714 0.071759 0.022656
0 0.089583 0.715755 0.091204 0.017448
0 0.376620 0.618750 0.072685 0.021354
0 0.883565 0.124609 0.040278 0.038281
0 0.596528 0.843359 0.040278 0.038281
0 0.730787 0.387630 0.040278 0.038281
0 0.854630 0.794922 0.037963 0.040365
0 0.628935 0.757422 0.021759 0.069531
0 0.383565 0.187109 0.086574 0.017448
0 0.374306 0.293880 0.086574 0.017448
0 0.836111 0.855078 0.075000 0.020052
0 0.047917 0.873307 0.026389 0.056510
0 0.749306 0.334896 0.040278 0.036979
0 0.098380 0.685807 0.099537 0.014844
0 0.425231 0.556641 0.086574 0.016927
0 0.802546 0.217057 0.072685 0.020052
0 0.529398 0.814714 0.026389 0.053906
0 0.110417 0.887630 0.031019 0.043490
0 0.328009 0.773047 0.077315 0.017448
0 0.346528 0.345964 0.077315 0.017448
0 0.172917 0.361589 0.109722 0.012240
0 0.797917 0.699870 0.035648 0.037760
0 0.156713 0.711589 0.068056 0.019531
0 0.369213 0.736328 0.030093 0.042969
0 0.177546 0.327734 0.026389 0.048698
0 0.112731 0.310807 0.035648 0.035677
0 0.677546 0.657161 0.063426 0.020052
0 0.436806 0.788672 0.072685 0.017448
0 0.418287 0.137630 0.072685 0.017448
0 0.214583 0.792318 0.035648 0.035156
0 0.751620 0.416276 0.070833 0.017448
0 0.200694 0.724870 0.026389 0.046094
0 0.383565 0.882422 0.095833 0.012240
0 0.290972 0.757422 0.095833 0.012240
0 0.582639 0.291016 0.021759 0.053385
0 0.779398 0.382422 0.026389 0.043490
0 0.653935 0.840755 0.034722 0.033073
0 0.073380 0.821224 0.021759 0.051302
0 0.082639 0.313411 0.031019 0.035677
0 0.550231 0.625911 0.031019 0.035677
0 0.255787 0.249609 0.062500 0.017448
0 0.839583 0.459245 0.026389 0.040885
0 0.621991 0.811849 0.063426 0.016927
0 0.795602 0.413672 0.021759 0.048698
0 0.341898 0.791276 0.086574 0.012240
0 0.777083 0.343359 0.031019 0.033073
0 0.383565 0.913672 0.058796 0.017448
0 0.756944 0.249609 0.083333 0.012240
0 0.526620 0.299089 0.020833 0.048698
0 0.038657 0.335547 0.026389 0.038281
0 0.024769 0.804297 0.026389 0.038281
0 0.936806 0.197526 0.081944 0.012240
0 0.429861 0.642839 0.077315 0.012240
0 0.133565 0.154557 0.095833 0.009635
0 0.107639 0.549089 0.053241 0.017448
0 0.097685 0.185807 0.061111 0.014844
0 0.633565 0.196224 0.021759 0.040885
0 0.131250 0.924089 0.072685 0.012240
0 0.620833 0.426042 0.079630 0.010937
0 0.784028 0.671484 0.026389 0.033073
0 0.436806 0.900391 0.072685 0.011719
0 0.278935 0.526953 0.016204 0.051302
0 0.758565 0.679297 0.021759 0.038281
0 0.397454 0.418880 0.068056 0.012240
0 0.953009 0.416276 0.021759 0.038281
0 0.566435 0.269141 0.017130 0.046094
0 0.093750 0.675391 0.053241 0.014844
0 0.906250 0.694661 0.020833 0.037760
0 0.105324 0.746745 0.020833 0.037760
0 0.009722 0.857031 0.019444 0.039583
0 0.826852 0.522396 0.047222 0.016146
0 0.659028 0.546484 0.017130 0.043490
0 0.307176 0.856380 0.017130 0.043490
0 0.184491 0.812760 0.021759 0.034375
0 0.603472 0.723568 0.026389 0.027865
0 0.338426 0.377214 0.014815 0.048698
0 0.790972 0.733984 0.021759 0.033073
0 0.897454 0.301693 0.021759 0.033073
0 0.163657 0.110286 0.072685 0.009635
0 0.626620 0.573828 0.072685 0.009635
0 0.233102 0.563411 0.017130 0.040885
0 0.255787 0.897786 0.016204 0.042969
0 0.496991 0.742839 0.017130 0.040365
0 0.786343 0.551042 0.021759 0.031771
0 0.767361 0.129818 0.020833 0.033073
0 0.674769 0.114193 0.020833 0.033073
0 0.436806 0.239583 0.017130 0.039062
0 0.545602 0.329036 0.021759 0.030469
0 0.418287 0.200130 0.017130 0.038281
0 0.920602 0.276953 0.068056 0.009635
0 0.531250 0.375911 0.067130 0.009635
0 0.571065 0.428646 0.017130 0.036979
0 0.421759 0.152344 0.024074 0.026042
0 0.520139 0.891536 0.017130 0.035677
0 0.876620 0.297526 0.017130 0.035156
0 0.804398 0.176693 0.048611 0.012240
0 0.083796 0.914974 0.061111 0.009635
0 0.811806 0.492188 0.017130 0.033854
0 0.858102 0.382422 0.017130 0.033073
0 0.047917 0.174089 0.017130 0.033073
0 0.912037 0.562760 0.060185 0.008333
0 0.554861 0.754818 0.040278 0.012240
0 0.885880 0.205339 0.017130 0.027865
0 0.814120 0.633724 0.012500 0.035677
0 0.753935 0.782161 0.012500 0.035677
0 0.909028 0.720964 0.063426 0.007031
0 0.920139 0.338802 0.011574 0.031771
0 0.871528 0.438411 0.034722 0.009635
0 0.738889 0.482422 0.010185 0.029948
