0 0.267824 0.275391 0.160648 0.042969
0 0.906713 0.835286 0.169907 0.022135
0 0.589583 0.758724 0.118981 0.030469
0 0.355787 0.197526 0.058796 0.059115
0 0.721065 0.335547 0.104167 0.033073
0 0.406713 0.151953 0.105093 0.030469
0 0.346528 0.840104 0.105093 0.026562
0 0.374306 0.416276 0.040278 0.064323
0 0.133565 0.637630 0.114352 0.022656
0 0.601157 0.409505 0.040278 0.061198
0 0.201852 0.467057 0.047222 0.051302
0 0.619676 0.132422 0.086574 0.027865
0 0.096528 0.825130 0.040278 0.059115
0 0.145139 0.279557 0.044907 0.051302
0 0.371991 0.733984 0.081944 0.027865
0 0.885880 0.872005 0.081944 0.027865
0 0.265046 0.101172 0.081019 0.027865
0 0.686806 0.744141 0.100463 0.022135
0 0.941435 0.474870 0.035648 0.061719
0 0.876620 0.892839 0.044907 0.048698
0 0.448380 0.655859 0.040278 0.053906
0 0.918287 0.398047 0.035648 0.059115
0 0.568750 0.623307 0.031019 0.066927
0 0.450694 0.552995 0.035648 0.056510
0 0.205324 0.696224 0.100463 0.020052
0 0.652083 0.157161 0.077315 0.025260
0 0.316435 0.327734 0.035648 0.053906
0 0.443750 0.175130 0.077315 0.024740
0 0.193750 0.128516 0.040278 0.046094
0 0.781713 0.519141 0.040278 0.046094
0 0.140509 0.361589 0.081944 0.022656
0 0.751620 0.594661 0.072685 0.025260
0 0.483102 0.261068 0.035648 0.050781
0 0.681713 0.404297 0.071759 0.024740
0 0.693750 0.672786 0.031019 0.056510
0 0.777083 0.718359 0.040278 0.043490
0 0.277083 0.631120 0.086574 0.020052
0 0.064815 0.572266 0.032407 0.053385
0 0.760417 0.291276 0.034722 0.048698
0 0.628935 0.626302 0.040278 0.041667
0 0.478472 0.187109 0.072685 0.022656
0 0.809491 0.386328 0.040278 0.040885
0 0.709954 0.230078 0.035648 0.046094
0 0.867361 0.248047 0.035648 0.045573
0 0.163194 0.334245 0.081019 0.020052
0 0.821065 0.606120 0.072685 0.022135
0 0.675231 0.262630 0.040278 0.038281
0 0.193750 0.556901 0.068056 0.022656
0 0.378935 0.770182 0.040278 0.037760
0 0.758565 0.168880 0.086574 0.017448
0 0.638194 0.788672 0.086574 0.017448
0 0.716898 0.288672 0.031019 0.048698
0 0.848843 0.344661 0.026389 0.056510
0 0.470370 0.622005 0.084259 0.017448
0 0.057176 0.644141 0.035648 0.040885
0 0.950694 0.789974 0.072685 0.020052
0 0.753935 0.870703 0.031019 0.046094
0 0.522454 0.688411 0.031019 0.046094
0 0.596528 0.274349 0.031019 0.046094
0 0.959954 0.137630 0.026389 0.053906
0 0.575694 0.686849 0.063426 0.022135
0 0.469213 0.595703 0.081944 0.016927
0 0.441435 0.410156 0.026389 0.052083
0 0.865046 0.143229 0.031019 0.044271
0 0.619676 0.711849 0.021759 0.061719
0 0.621991 0.477214 0.026389 0.050781
0 0.411343 0.810547 0.068056 0.019531
0 0.705324 0.461849 0.035648 0.035677
0 0.746991 0.118099 0.035648 0.035677
0 0.663657 0.632422 0.072685 0.017448
0 0.966898 0.592057 0.031019 0.040885
0 0.332639 0.251563 0.114352 0.010937
0 0.931713 0.753516 0.062500 0.020052
0 0.578009 0.279297 0.031019 0.040365
0 0.765509 0.622005 0.100463 0.012240
0 0.790509 0.597266 0.030093 0.040885
0 0.764352 0.120703 0.033333 0.035677
0 0.385880 0.687760 0.026389 0.044792
0 0.689120 0.868099 0.058796 0.020052
0 0.786343 0.145182 0.031019 0.037760
0 0.277546 0.611589 0.067130 0.017448
0 0.809491 0.192057 0.021759 0.053385
0 0.212731 0.654557 0.057870 0.020052
0 0.797917 0.293880 0.026389 0.043490
0 0.228472 0.473568 0.026389 0.043490
0 0.020139 0.207943 0.026389 0.043490
0 0.696065 0.551693 0.026389 0.043490
0 0.679861 0.810807 0.077315 0.014844
0 0.566435 0.222656 0.072685 0.015625
0 0.906250 0.770182 0.067130 0.016927
0 0.559028 0.677734 0.057870 0.019531
0 0.772454 0.676432 0.095833 0.011719
0 0.561806 0.822526 0.091204 0.012240
0 0.626620 0.885026 0.091204 0.012240
0 0.367361 0.606380 0.091204 0.012240
0 0.270139 0.890234 0.091204 0.012240
0 0.904398 0.322526 0.063426 0.017448
0 0.649769 0.072526 0.063426 0.017448
0 0.265509 0.390234 0.063426 0.017448
0 0.135880 0.556901 0.063426 0.017448
0 0.373148 0.378255 0.056481 0.019531
0 0.557176 0.719661 0.072685 0.014844
0 0.871991 0.271745 0.072685 0.014844
0 0.663657 0.425130 0.026389 0.040365
0 0.642824 0.442318 0.021759 0.048698
0 0.527083 0.616536 0.021759 0.048177
0 0.142824 0.416276 0.058796 0.017448
0 0.948380 0.806901 0.058796 0.017448
0 0.540972 0.304297 0.031019 0.033073
0 0.346528 0.413672 0.031019 0.033073
0 0.399769 0.580339 0.026389 0.038281
0 0.221528 0.188411 0.068056 0.014844
0 0.635880 0.848568 0.081944 0.012240
0 0.587269 0.602474 0.021759 0.046094
0 0.268287 0.521745 0.067130 0.014844
0 0.503472 0.215755 0.030093 0.033073
0 0.146296 0.670833 0.061111 0.016146
0 0.565278 0.523047 0.079630 0.012240
0 0.153241 0.571224 0.065741 0.014844
0 0.839583 0.228125 0.026389 0.036979
0 0.226157 0.665625 0.086574 0.010937
0 0.906713 0.864193 0.077315 0.012240
0 0.807176 0.482682 0.026389 0.035677
0 0.645139 0.314714 0.017130 0.053906
0 0.713426 0.705339 0.024074 0.038281
0 0.380093 0.551693 0.024074 0.038281
0 0.036343 0.113542 0.021759 0.042188
0 0.524769 0.712891 0.054167 0.016927
0 0.427546 0.707943 0.072685 0.012240
0 0.506250 0.832943 0.072685 0.012240
0 0.846528 0.401693 0.021759 0.040365
0 0.341898 0.112891 0.058796 0.014844
0 0.126620 0.166276 0.026389 0.033073
0 0.619676 0.657161 0.086574 0.009635
0 0.473843 0.663672 0.017130 0.048698
0 0.165972 0.593359 0.021759 0.038281
0 0.064120 0.434505 0.021759 0.038281
0 0.559491 0.812109 0.068056 0.012240
0 0.480787 0.778255 0.021759 0.038281
0 0.109259 0.642839 0.065741 0.012240
0 0.155556 0.632422 0.065741 0.012240
0 0.700694 0.157161 0.054167 0.014844
0 0.770139 0.081641 0.017130 0.046094
0 0.478009 0.526953 0.025463 0.030469
0 0.369676 0.364193 0.058796 0.012240
0 0.281713 0.405859 0.058796 0.012240
0 0.959491 0.431901 0.016204 0.043490
0 0.802083 0.348568 0.025463 0.027865
0 0.168287 0.183203 0.017130 0.040885
0 0.168287 0.292578 0.017130 0.040885
0 0.469213 0.110286 0.044907 0.014844
0 0.288657 0.506120 0.026389 0.025260
0 0.913657 0.247005 0.017130 0.038281
0 0.615046 0.355078 0.068056 0.009635
0 0.135880 0.465755 0.017130 0.038281
0 0.105324 0.732682 0.020833 0.030469
0 0.246991 0.485286 0.017130 0.035677
0 0.094213 0.271745 0.017130 0.035677
0 0.763194 0.411068 0.021759 0.027865
0 0.369676 0.266536 0.058796 0.009635
0 0.778935 0.562500 0.016204 0.033854
0 0.346528 0.136068 0.058796 0.009115
0 0.042824 0.805599 0.016204 0.030469
0 0.221528 0.747005 0.021759 0.022656
0 0.502778 0.092057 0.019444 0.025260
0 0.693750 0.431641 0.021759 0.022135
0 0.344213 0.866797 0.017130 0.027865
0 0.756250 0.213151 0.017130 0.027865
0 0.049769 0.668880 0.020833 0.022656
0 0.841898 0.256120 0.012500 0.035677
0 0.746528 0.230078 0.043981 0.009635
0 0.147454 0.442318 0.058796 0.007031
0 0.453009 0.244401 0.012500 0.033073
0 0.953009 0.375911 0.012500 0.030469
0 0.707639 0.995052 0.031019 0.008333
0 0.186343 0.004818 0.025463 0.007031
