0 0.836111 0.158464 0.325000 0.309115
0 0.494213 0.427995 0.076389 0.072135
0 0.501620 0.220964 0.156019 0.033073
0 0.339583 0.344661 0.072685 0.066927
0 0.119676 0.851172 0.123611 0.038281
0 0.474537 0.205990 0.138889 0.029167
0 0.628935 0.628516 0.058796 0.066927
0 0.656713 0.264974 0.049537 0.069010
0 0.735417 0.852214 0.058796 0.055990
0 0.618519 0.777604 0.047222 0.063021
0 0.750000 0.273047 0.041667 0.068490
0 0.885880 0.631120 0.091204 0.030469
0 0.520139 0.289974 0.091204 0.030469
0 0.950694 0.420182 0.044907 0.061719
0 0.434491 0.645443 0.049537 0.053906
0 0.043287 0.793880 0.044907 0.059115
0 0.684491 0.203776 0.086574 0.029948
0 0.626620 0.153255 0.109722 0.022656
0 0.795139 0.302734 0.039352 0.061198
0 0.525926 0.708594 0.093519 0.023958
0 0.885880 0.366797 0.044907 0.048698
0 0.793287 0.405599 0.035648 0.058594
0 0.459954 0.615495 0.081944 0.025260
0 0.578009 0.378516 0.040278 0.051302
0 0.311343 0.500651 0.081019 0.024740
0 0.703009 0.387630 0.114352 0.017448
0 0.649306 0.353776 0.034722 0.053906
0 0.270833 0.504557 0.083333 0.022135
0 0.617361 0.414974 0.044907 0.040885
0 0.367361 0.175391 0.044907 0.040885
0 0.802546 0.867448 0.035648 0.050000
0 0.147454 0.757422 0.077315 0.022656
0 0.073380 0.499609 0.040278 0.043490
0 0.413657 0.151302 0.072685 0.023958
0 0.781250 0.622005 0.076389 0.022656
0 0.915509 0.512370 0.076389 0.022135
0 0.846528 0.877214 0.031019 0.053906
0 0.108102 0.552995 0.035648 0.046094
0 0.756250 0.860286 0.035648 0.046094
0 0.311806 0.714453 0.035648 0.046094
0 0.409028 0.826432 0.035648 0.046094
0 0.626620 0.548828 0.072685 0.022135
0 0.441435 0.210286 0.072685 0.022135
0 0.564120 0.623307 0.031019 0.051302
0 0.581481 0.535807 0.093519 0.016927
0 0.500463 0.200130 0.088889 0.017448
0 0.550231 0.237891 0.077315 0.020052
0 0.365046 0.741797 0.031019 0.048698
0 0.436806 0.500911 0.026389 0.056510
0 0.068750 0.564063 0.040278 0.036979
0 0.422917 0.444922 0.081944 0.017448
0 0.246991 0.340755 0.081944 0.017448
0 0.082639 0.175130 0.031019 0.045573
0 0.605324 0.316016 0.094907 0.014844
0 0.449537 0.667578 0.070370 0.020052
0 0.524074 0.500911 0.069444 0.020052
0 0.865046 0.592708 0.021759 0.063021
0 0.462269 0.654557 0.068056 0.020052
0 0.355787 0.568620 0.068056 0.020052
0 0.811806 0.677995 0.091204 0.014844
0 0.513194 0.431901 0.031019 0.043490
0 0.760880 0.508984 0.026389 0.050781
0 0.288657 0.388281 0.026389 0.050000
0 0.447917 0.145443 0.030093 0.043490
0 0.355787 0.455339 0.021759 0.059115
0 0.740046 0.538672 0.021759 0.059115
0 0.922917 0.483984 0.026389 0.048698
0 0.057176 0.641536 0.035648 0.035677
0 0.325694 0.894141 0.063426 0.020052
0 0.207639 0.594661 0.031019 0.040885
0 0.594213 0.345964 0.072685 0.017448
0 0.763194 0.438672 0.031019 0.040365
0 0.337269 0.531901 0.031019 0.040365
0 0.640509 0.235286 0.026389 0.046094
0 0.390509 0.480078 0.026389 0.046094
0 0.575694 0.472266 0.081944 0.014844
0 0.327546 0.760677 0.030093 0.039583
0 0.355787 0.632422 0.031019 0.038281
0 0.429861 0.265234 0.068056 0.017448
0 0.652083 0.105078 0.058796 0.020052
0 0.369676 0.138932 0.058796 0.020052
0 0.323380 0.220964 0.095833 0.012240
0 0.253472 0.542578 0.057870 0.020052
0 0.415972 0.182943 0.058796 0.019531
0 0.360417 0.683203 0.021759 0.051302
0 0.216898 0.469661 0.031019 0.035677
0 0.163194 0.571224 0.071759 0.014844
0 0.142824 0.323177 0.031019 0.034375
0 0.499306 0.635026 0.086574 0.012240
0 0.061343 0.717057 0.025463 0.040885
0 0.586111 0.491797 0.084259 0.012240
0 0.712269 0.689714 0.031019 0.033073
0 0.407176 0.106120 0.057870 0.016927
0 0.208796 0.885026 0.079630 0.012240
0 0.472685 0.404557 0.065741 0.014844
0 0.489583 0.344401 0.067130 0.014323
0 0.911343 0.533464 0.077315 0.012240
0 0.471528 0.687109 0.021759 0.043490
0 0.552546 0.154557 0.063426 0.014844
0 0.540972 0.395182 0.021759 0.042969
0 0.156713 0.667318 0.031019 0.029948
0 0.603935 0.289974 0.062500 0.014844
0 0.734259 0.592708 0.084259 0.010937
0 0.272454 0.657813 0.021759 0.042188
0 0.595370 0.502214 0.051852 0.017448
0 0.240046 0.709245 0.021759 0.040885
0 0.594213 0.483984 0.072685 0.012240
0 0.568287 0.899349 0.057870 0.014844
0 0.524769 0.327474 0.026389 0.032552
0 0.443750 0.322526 0.021759 0.038281
0 0.647454 0.655859 0.021759 0.038281
0 0.538194 0.590495 0.025463 0.032552
0 0.334954 0.685807 0.054167 0.014844
0 0.471528 0.992448 0.058796 0.013542
0 0.691435 0.269141 0.081944 0.009635
0 0.131250 0.294922 0.026389 0.029948
0 0.109954 0.676432 0.020833 0.037760
0 0.691898 0.178646 0.071759 0.010937
0 0.272454 0.758724 0.021759 0.035677
0 0.223843 0.740234 0.054167 0.014323
0 0.751157 0.360286 0.016204 0.046094
0 0.573380 0.513932 0.077315 0.009635
0 0.862731 0.770443 0.017130 0.043490
0 0.378935 0.594661 0.049537 0.014844
0 0.061806 0.521745 0.072685 0.009635
0 0.196065 0.477474 0.044907 0.014844
0 0.177083 0.823568 0.043981 0.014323
0 0.663194 0.473568 0.016204 0.038281
0 0.089583 0.391536 0.017130 0.035677
0 0.411343 0.140234 0.049537 0.012240
0 0.191435 0.296484 0.017130 0.033073
0 0.652083 0.183203 0.058796 0.009635
0 0.677546 0.689453 0.017130 0.032552
0 0.478472 0.256120 0.017130 0.030469
0 0.429398 0.843359 0.039352 0.012240
0 0.558333 0.650651 0.019444 0.022656
0 0.441435 0.650651 0.035648 0.012240
0 0.959954 0.826432 0.017130 0.025260
0 0.124306 0.149740 0.012500 0.031250
0 0.152083 0.552734 0.040278 0.009115
0 0.598380 0.086589 0.016204 0.019531
0 0.561806 0.041016 0.026389 0.006510
