0 0.538657 0.616797 0.230093 0.048698
0 0.950694 0.193620 0.072685 0.098177
0 0.422917 0.832943 0.128241 0.038281
0 0.816435 0.437109 0.054167 0.079948
0 0.182176 0.234635 0.063426 0.065625
0 0.933333 0.119401 0.037963 0.095573
0 0.781713 0.266536 0.169907 0.020052
0 0.774769 0.468359 0.054167 0.059115
0 0.325231 0.833984 0.127315 0.024740
0 0.411343 0.433203 0.123611 0.025260
0 0.947222 0.299089 0.056481 0.053906
0 0.848843 0.130469 0.054167 0.050000
0 0.774769 0.373307 0.128241 0.020052
0 0.582639 0.176042 0.040278 0.063021
0 0.214583 0.880859 0.128241 0.019531
0 0.249306 0.369141 0.049537 0.048177
0 0.330324 0.855729 0.146759 0.016146
0 0.876157 0.182552 0.034722 0.065625
0 0.786343 0.134375 0.105093 0.021354
0 0.811806 0.231380 0.044907 0.048698
0 0.865046 0.150651 0.095833 0.022656
0 0.091898 0.770182 0.031019 0.069010
0 0.260880 0.192318 0.035648 0.059115
0 0.649769 0.363542 0.035648 0.057813
0 0.623148 0.081641 0.075000 0.025260
0 0.574537 0.400651 0.042593 0.043490
0 0.954167 0.107682 0.088889 0.020052
0 0.841898 0.829036 0.114352 0.014844
0 0.890509 0.010026 0.091204 0.017448
0 0.246991 0.697526 0.026389 0.059115
0 0.108102 0.135026 0.035648 0.043490
0 0.822222 0.581380 0.028704 0.050781
0 0.367824 0.283464 0.081019 0.017448
0 0.022454 0.728776 0.021759 0.064323
0 0.198380 0.305599 0.021759 0.061719
0 0.895139 0.198568 0.091204 0.014323
0 0.940972 0.141276 0.025463 0.050781
0 0.890509 0.572266 0.109722 0.011719
0 0.853472 0.232682 0.035648 0.035677
0 0.265509 0.119401 0.100463 0.012240
0 0.906713 0.220964 0.095833 0.012240
0 0.873843 0.135677 0.057870 0.018750
0 0.211806 0.062109 0.085648 0.012240
0 0.876620 0.362891 0.063426 0.014844
0 0.925231 0.090495 0.021759 0.037760
0 0.071065 0.279557 0.017130 0.040885
0 0.098843 0.990495 0.044907 0.009635
