0 0.476157 0.823828 0.095833 0.129427
0 0.868519 0.062109 0.195370 0.048698
0 0.862731 0.123307 0.183796 0.051302
0 0.190972 0.823828 0.053241 0.092969
0 0.895139 0.195964 0.128241 0.029948
0 0.832639 0.071224 0.123611 0.030469
0 0.633102 0.809245 0.113426 0.032552
0 0.774769 0.158464 0.109722 0.033073
0 0.642361 0.238932 0.048611 0.069010
0 0.696065 0.207943 0.054167 0.053906
0 0.073380 0.793880 0.031019 0.085156
0 0.191435 0.726172 0.044907 0.053906
0 0.942593 0.257422 0.084259 0.027865
0 0.476157 0.083594 0.049537 0.044792
0 0.399769 0.582943 0.044907 0.048698
0 0.942593 0.059505 0.047222 0.043490
0 0.075231 0.679297 0.043981 0.043490
0 0.237731 0.112891 0.072685 0.025260
0 0.515509 0.826432 0.044907 0.040885
0 0.098380 0.433203 0.043981 0.040885
0 0.561806 0.138672 0.118981 0.014323
0 0.482639 0.856380 0.025463 0.064323
0 0.547917 0.395443 0.035648 0.043490
0 0.165972 0.710547 0.031019 0.048698
0 0.466898 0.491146 0.031019 0.047396
0 0.309028 0.071224 0.094907 0.014844
0 0.642824 0.770443 0.077315 0.017448
0 0.101157 0.372005 0.077315 0.017448
0 0.332639 0.343359 0.021759 0.059115
0 0.981944 0.283464 0.033333 0.038281
0 0.478472 0.274349 0.026389 0.046094
0 0.943750 0.228776 0.068056 0.017448
0 0.883565 0.663672 0.031019 0.038281
0 0.976157 0.356380 0.021759 0.053906
0 0.914815 0.510026 0.024074 0.048698
0 0.859954 0.517839 0.030093 0.038281
0 0.405556 0.525391 0.065741 0.016927
0 0.084954 0.582943 0.081944 0.012240
0 0.802546 0.106380 0.063426 0.012240
0 0.741898 0.260677 0.016204 0.044792
0 0.792824 0.235677 0.025463 0.028646
0 0.098843 0.993099 0.044907 0.009635
0 0.017824 0.581641 0.031019 0.009635
