0 0.846528 0.239193 0.077315 0.085156
0 0.543287 0.209896 0.174537 0.031771
0 0.209954 0.619401 0.072685 0.074740
0 0.476157 0.135417 0.114352 0.039062
0 0.455324 0.582943 0.054167 0.079948
0 0.411343 0.459245 0.114352 0.035677
0 0.052546 0.710547 0.063426 0.059115
0 0.763194 0.659505 0.114352 0.029948
0 0.334954 0.131120 0.054167 0.061719
0 0.341898 0.589453 0.040278 0.077344
0 0.474537 0.314714 0.129630 0.022656
0 0.353472 0.206641 0.091204 0.030469
0 0.344213 0.469661 0.044907 0.061719
0 0.292130 0.456641 0.088889 0.030469
0 0.624306 0.517578 0.095833 0.027344
0 0.934491 0.574479 0.049537 0.052604
0 0.184491 0.607682 0.049537 0.051302
0 0.554861 0.338802 0.086574 0.029167
0 0.703009 0.153646 0.132870 0.018229
0 0.499306 0.217057 0.095833 0.025260
0 0.314120 0.747005 0.086574 0.027865
0 0.304861 0.490495 0.049537 0.046094
0 0.422917 0.762630 0.081944 0.027865
0 0.314120 0.797786 0.086574 0.025260
0 0.661343 0.547786 0.086574 0.025260
0 0.387731 0.804688 0.048611 0.044271
0 0.522454 0.795182 0.105093 0.020052
0 0.223843 0.857682 0.081944 0.025260
0 0.863889 0.681901 0.047222 0.043490
0 0.290972 0.611589 0.040278 0.048698
0 0.927546 0.395182 0.044907 0.042969
0 0.950694 0.851172 0.035648 0.053906
0 0.582639 0.204036 0.095833 0.020052
0 0.410185 0.872005 0.084259 0.022656
0 0.850694 0.120703 0.094907 0.020052
0 0.149769 0.171224 0.035648 0.053385
0 0.188657 0.383464 0.076389 0.024740
0 0.716898 0.498307 0.040278 0.046094
0 0.094213 0.783464 0.081944 0.022656
0 0.177546 0.523047 0.081944 0.022656
0 0.751157 0.239193 0.081019 0.022656
0 0.784028 0.456641 0.072685 0.025260
0 0.381250 0.581641 0.044907 0.040885
0 0.450694 0.662370 0.044907 0.040885
0 0.529398 0.607682 0.044907 0.040885
0 0.284028 0.347005 0.072685 0.024740
0 0.774306 0.907161 0.043981 0.040885
0 0.900926 0.788672 0.102778 0.017448
0 0.599537 0.550391 0.037037 0.046094
0 0.647454 0.504818 0.095833 0.017448
0 0.644676 0.655859 0.071759 0.022656
0 0.409722 0.407813 0.027778 0.057813
0 0.832176 0.769141 0.039352 0.040885
0 0.890509 0.359635 0.035648 0.044792
0 0.823380 0.518490 0.040278 0.039583
0 0.240046 0.336849 0.031019 0.051302
0 0.376620 0.778646 0.035648 0.044271
0 0.802546 0.812109 0.026389 0.059115
0 0.802546 0.735938 0.072685 0.021354
0 0.679861 0.753516 0.077315 0.020052
0 0.453009 0.132422 0.068056 0.022656
0 0.939120 0.189714 0.040278 0.038281
0 0.434491 0.744401 0.086574 0.017448
0 0.332639 0.530859 0.031019 0.048698
0 0.355324 0.233984 0.039352 0.038281
0 0.411343 0.650000 0.040278 0.036979
0 0.131250 0.558203 0.035648 0.040885
0 0.422917 0.810807 0.072685 0.020052
0 0.487731 0.685807 0.072685 0.020052
0 0.152083 0.445573 0.077315 0.018750
0 0.737731 0.124609 0.081944 0.017448
0 0.742361 0.723568 0.026389 0.053906
0 0.140509 0.679297 0.026389 0.053906
0 0.112731 0.684505 0.035648 0.038281
0 0.979630 0.146745 0.037963 0.035677
0 0.240046 0.666276 0.031019 0.043490
0 0.797917 0.762370 0.035648 0.037760
0 0.913657 0.150651 0.026389 0.048698
0 0.830324 0.325130 0.026389 0.048698
0 0.255787 0.582943 0.025463 0.048698
0 0.929861 0.104167 0.068056 0.018229
0 0.598843 0.112891 0.026389 0.046094
0 0.265509 0.667578 0.026389 0.046094
0 0.811806 0.388672 0.026389 0.045573
0 0.846528 0.539974 0.058796 0.020052
0 0.124306 0.831641 0.058796 0.020052
0 0.670602 0.872005 0.021759 0.053906
0 0.242361 0.261068 0.081944 0.014323
0 0.884722 0.322266 0.024074 0.048177
0 0.929398 0.648047 0.030093 0.038281
0 0.310648 0.391536 0.024074 0.046094
0 0.260880 0.795833 0.100463 0.010937
0 0.392824 0.703385 0.058796 0.018750
0 0.561806 0.675391 0.072685 0.014844
0 0.560185 0.849219 0.078704 0.013542
0 0.615046 0.663672 0.086574 0.012240
0 0.820602 0.490495 0.025463 0.040885
0 0.591898 0.770443 0.058796 0.017448
0 0.582639 0.174089 0.058796 0.017448
0 0.346528 0.364193 0.058796 0.017448
0 0.902083 0.450130 0.031019 0.033073
0 0.447222 0.177995 0.028704 0.035677
0 0.844213 0.814714 0.026389 0.038281
0 0.596065 0.864193 0.057870 0.017448
0 0.878935 0.099870 0.021759 0.046094
0 0.948380 0.263932 0.021759 0.046094
0 0.925231 0.352474 0.021759 0.046094
0 0.873843 0.566016 0.067130 0.014844
0 0.575231 0.629818 0.081019 0.012240
0 0.236574 0.209245 0.024074 0.040885
0 0.865046 0.416276 0.021759 0.043490
0 0.138194 0.858984 0.077315 0.012240
0 0.178704 0.740234 0.065741 0.014323
0 0.723843 0.802995 0.026389 0.035677
0 0.855787 0.490495 0.021759 0.040885
0 0.078009 0.857422 0.021759 0.040365
0 0.536343 0.727214 0.021759 0.040365
0 0.853472 0.347005 0.017130 0.050781
0 0.726157 0.091797 0.058796 0.014323
0 0.047917 0.512630 0.017130 0.048698
0 0.902083 0.848568 0.068056 0.012240
0 0.378472 0.278255 0.067130 0.012240
0 0.612731 0.568620 0.026389 0.030469
0 0.554861 0.563411 0.021759 0.035677
0 0.790972 0.318620 0.021759 0.035677
0 0.293287 0.564063 0.017130 0.042188
0 0.712269 0.877214 0.058796 0.012240
0 0.790972 0.568359 0.077315 0.009115
0 0.695602 0.577734 0.016204 0.043490
0 0.691435 0.118099 0.072685 0.009635
0 0.378472 0.450130 0.020833 0.033073
0 0.742361 0.694922 0.054167 0.012240
0 0.513194 0.487891 0.068056 0.009635
0 0.473843 0.487891 0.017130 0.035677
0 0.559491 0.598568 0.021759 0.027865
0 0.744676 0.140234 0.049537 0.012240
0 0.365046 0.723568 0.049537 0.012240
0 0.723380 0.909766 0.062500 0.009635
0 0.476157 0.705078 0.021759 0.027344
0 0.487731 0.416927 0.017130 0.034375
0 0.033565 0.568620 0.016204 0.035677
0 0.756250 0.515234 0.017130 0.033073
0 0.821065 0.611589 0.017130 0.033073
0 0.101157 0.641536 0.058796 0.009635
0 0.353472 0.116536 0.017130 0.032552
0 0.744213 0.893880 0.020833 0.024740
0 0.723380 0.177995 0.053241 0.009635
0 0.181713 0.724870 0.016204 0.030469
0 0.795602 0.869401 0.040278 0.012240
0 0.786343 0.100911 0.012500 0.037760
0 0.569907 0.818359 0.051852 0.009115
0 0.909028 0.585286 0.017130 0.027344
0 0.637731 0.124349 0.039352 0.011719
0 0.297917 0.237891 0.017130 0.025260
0 0.652083 0.210547 0.058796 0.007031
0 0.709954 0.429297 0.054167 0.007031
0 0.376620 0.490495 0.017130 0.020052
0 0.271991 0.319922 0.039352 0.007031
0 0.561806 0.041016 0.026389 0.006510
