0 0.193750 0.717057 0.068056 0.061719
0 0.843750 0.445573 0.034722 0.102083
0 0.355324 0.253906 0.113426 0.031250
0 0.453704 0.168880 0.125000 0.027865
0 0.510880 0.408464 0.054167 0.064323
0 0.899769 0.700781 0.054167 0.060417
0 0.546065 0.739193 0.048611 0.064323
0 0.337269 0.136328 0.123611 0.025260
0 0.603472 0.490495 0.054167 0.056510
0 0.485417 0.593359 0.049537 0.053906
0 0.534028 0.525651 0.044907 0.059115
0 0.730787 0.706641 0.049537 0.051302
0 0.693750 0.200781 0.132870 0.018750
0 0.881250 0.306901 0.044907 0.053906
0 0.316435 0.450130 0.044907 0.053906
0 0.383565 0.184505 0.086574 0.027865
0 0.223843 0.855078 0.091204 0.025260
0 0.913657 0.776953 0.044907 0.051302
0 0.647454 0.368099 0.040278 0.056510
0 0.597685 0.437109 0.098148 0.022656
0 0.402083 0.508724 0.086574 0.025260
0 0.608102 0.442969 0.035648 0.060417
0 0.057176 0.289974 0.081944 0.025260
0 0.793287 0.542578 0.035648 0.056510
0 0.112269 0.510677 0.043981 0.044792
0 0.672917 0.418880 0.044907 0.043490
0 0.825694 0.249609 0.044907 0.043490
0 0.207639 0.321224 0.077315 0.025260
0 0.094213 0.455339 0.044907 0.043490
0 0.832176 0.177995 0.076389 0.025260
0 0.601157 0.724870 0.095833 0.020052
0 0.913657 0.645443 0.035648 0.053906
0 0.327546 0.667578 0.094907 0.020052
0 0.649306 0.895703 0.043981 0.042969
0 0.082639 0.558203 0.040278 0.046094
0 0.823380 0.304297 0.031019 0.059115
0 0.149769 0.862891 0.072685 0.025260
0 0.714583 0.451432 0.035648 0.051302
0 0.222222 0.431901 0.078704 0.022656
0 0.705324 0.767839 0.100463 0.017448
0 0.425231 0.517839 0.077315 0.022656
0 0.740046 0.834245 0.086574 0.020052
0 0.453009 0.758724 0.114352 0.014844
0 0.221528 0.632422 0.031019 0.053906
0 0.610417 0.851172 0.095833 0.017448
0 0.825000 0.649349 0.083333 0.020052
0 0.763194 0.516536 0.040278 0.040885
0 0.152083 0.467057 0.040278 0.040885
0 0.270139 0.383724 0.081944 0.020052
0 0.454630 0.556901 0.092593 0.017448
0 0.357639 0.443620 0.034722 0.046094
0 0.415972 0.849870 0.077315 0.020052
0 0.536343 0.353125 0.095833 0.016146
0 0.762731 0.914974 0.030093 0.051302
0 0.878935 0.215755 0.068056 0.022656
0 0.425231 0.150651 0.123611 0.012240
0 0.397454 0.405859 0.086574 0.017448
0 0.711806 0.124609 0.085648 0.017448
0 0.867361 0.831641 0.100463 0.014844
0 0.696065 0.875911 0.026389 0.056510
0 0.385880 0.862891 0.072685 0.020052
0 0.825694 0.118099 0.035648 0.040885
0 0.790972 0.506771 0.068056 0.021354
0 0.163657 0.636068 0.035648 0.040365
0 0.355787 0.607682 0.095833 0.014844
0 0.446528 0.431901 0.081019 0.017448
0 0.487731 0.455078 0.063426 0.022135
0 0.072917 0.243099 0.039352 0.035677
0 0.014352 0.751953 0.028704 0.048177
0 0.457639 0.782161 0.068056 0.020052
0 0.230787 0.663672 0.077315 0.017448
0 0.561806 0.530859 0.026389 0.048698
0 0.584954 0.538672 0.026389 0.048698
0 0.320602 0.811458 0.034722 0.036979
0 0.793287 0.302995 0.035648 0.035677
0 0.804861 0.670182 0.031019 0.040885
0 0.668287 0.929297 0.072685 0.017448
0 0.848843 0.587891 0.072685 0.016927
0 0.403935 0.352474 0.081019 0.014844
0 0.402083 0.137630 0.068056 0.017448
0 0.763194 0.786068 0.068056 0.017448
0 0.425231 0.332943 0.095833 0.012240
0 0.402083 0.877214 0.095833 0.012240
0 0.397454 0.916276 0.095833 0.012240
0 0.452546 0.190755 0.057870 0.019531
0 0.556713 0.460286 0.034722 0.032552
0 0.672917 0.434505 0.063426 0.017448
0 0.679861 0.886328 0.031019 0.035677
0 0.473843 0.401953 0.026389 0.040885
0 0.381250 0.740495 0.026389 0.040885
0 0.628935 0.595964 0.021759 0.048698
0 0.304861 0.728776 0.058796 0.017448
0 0.212269 0.515234 0.031019 0.033073
0 0.883565 0.098568 0.031019 0.033073
0 0.677546 0.156510 0.054167 0.018750
0 0.913657 0.163672 0.081944 0.012240
0 0.281713 0.688411 0.021759 0.046094
0 0.731944 0.671484 0.079630 0.012240
0 0.194907 0.121745 0.056481 0.016927
0 0.758565 0.114193 0.077315 0.012240
0 0.781713 0.361589 0.077315 0.012240
0 0.601157 0.752214 0.021759 0.043490
0 0.142824 0.185807 0.031019 0.030469
0 0.288657 0.586849 0.026389 0.035677
0 0.200694 0.232682 0.026389 0.035677
0 0.409028 0.901953 0.063426 0.014844
0 0.809491 0.262370 0.021759 0.042969
0 0.707639 0.621745 0.021759 0.042969
0 0.868519 0.730729 0.019444 0.047396
0 0.762731 0.181901 0.020833 0.043490
0 0.168287 0.502604 0.026389 0.033854
0 0.480787 0.521745 0.021759 0.040885
0 0.587269 0.623307 0.021759 0.040885
0 0.778935 0.124609 0.071759 0.012240
0 0.177083 0.213151 0.071759 0.012240
0 0.228472 0.564714 0.026389 0.033073
0 0.910880 0.498307 0.057870 0.014844
0 0.843750 0.322526 0.025463 0.033073
0 0.682176 0.616797 0.017130 0.048698
0 0.526620 0.332943 0.030093 0.027865
0 0.615046 0.273047 0.068056 0.012240
0 0.115046 0.400651 0.021759 0.038281
0 0.624306 0.150651 0.021759 0.038281
0 0.929861 0.442578 0.021759 0.037760
0 0.943750 0.722656 0.021759 0.036458
0 0.316435 0.877214 0.063426 0.012240
0 0.205324 0.108984 0.063426 0.012240
0 0.302083 0.213151 0.062500 0.012240
0 0.623843 0.354687 0.020833 0.036458
0 0.834954 0.444922 0.017130 0.043490
0 0.240046 0.118099 0.077315 0.009635
0 0.720833 0.650651 0.060185 0.012240
0 0.277083 0.770443 0.058796 0.012240
0 0.749306 0.088151 0.058796 0.012240
0 0.355787 0.148047 0.021759 0.033073
0 0.251157 0.228776 0.016204 0.043490
0 0.311343 0.312109 0.025463 0.027865
0 0.098380 0.260026 0.016204 0.043490
0 0.927546 0.818620 0.072685 0.009635
0 0.223843 0.914974 0.072685 0.009635
0 0.163657 0.305599 0.026389 0.025260
0 0.390509 0.586849 0.026389 0.025260
0 0.059491 0.779557 0.021759 0.030469
0 0.828009 0.490495 0.021759 0.030469
0 0.471528 0.219661 0.021759 0.030469
0 0.464583 0.489193 0.017130 0.038281
0 0.570602 0.295182 0.025463 0.025260
0 0.399769 0.293620 0.054167 0.011719
0 0.901389 0.198828 0.064815 0.009635
0 0.721528 0.839193 0.068056 0.009115
0 0.612269 0.911068 0.016204 0.038281
0 0.212269 0.374609 0.021759 0.027865
0 0.853009 0.261328 0.016204 0.035677
0 0.131250 0.681901 0.017130 0.027865
0 0.344213 0.502214 0.017130 0.027865
0 0.934028 0.154557 0.048611 0.009635
0 0.598843 0.640234 0.017130 0.022656
0 0.767361 0.309505 0.011574 0.033073
0 0.284028 0.265234 0.054167 0.007031
0 0.022454 0.362891 0.012500 0.030469
0 0.746528 0.460547 0.016204 0.022656
0 0.359954 0.818620 0.011574 0.030469
0 0.929398 0.288021 0.011574 0.026562
0 0.561806 0.041276 0.026389 0.007031
