0 0.155093 0.607682 0.310185 0.103385
0 0.100694 0.982031 0.196759 0.034375
0 0.184491 0.789974 0.197685 0.020052
0 0.965741 0.969010 0.065741 0.060417
0 0.557176 0.641536 0.193056 0.020052
0 0.147454 0.819922 0.132870 0.027865
0 0.126157 0.853776 0.127315 0.027865
0 0.626620 0.185807 0.128241 0.025260
0 0.899769 0.296484 0.044907 0.064323
0 0.730787 0.660417 0.049537 0.057813
0 0.821065 0.194271 0.054167 0.052604
0 0.512037 0.188151 0.112037 0.024740
0 0.309491 0.224609 0.105093 0.024740
0 0.545602 0.814714 0.049537 0.048698
0 0.471528 0.271745 0.049537 0.046094
0 0.300231 0.388932 0.040278 0.056510
0 0.795602 0.373047 0.040278 0.055990
0 0.922917 0.161458 0.044907 0.049479
0 0.863889 0.381120 0.084259 0.025260
0 0.892824 0.177995 0.031019 0.066927
0 0.547917 0.844661 0.081944 0.025260
0 0.156713 0.181901 0.091204 0.022656
0 0.492361 0.305599 0.137500 0.014844
0 0.131250 0.198568 0.044907 0.045573
0 0.561806 0.690755 0.081944 0.024740
0 0.559491 0.614193 0.114352 0.017448
0 0.892824 0.707943 0.040278 0.048698
0 0.513194 0.273047 0.040278 0.048698
0 0.154398 0.447526 0.044907 0.043490
0 0.848843 0.397396 0.091204 0.021354
0 0.733102 0.265234 0.035648 0.053906
0 0.631250 0.732682 0.128241 0.014844
0 0.309491 0.868099 0.123611 0.014844
0 0.098843 0.185807 0.044907 0.040885
0 0.292824 0.836849 0.090278 0.020052
0 0.921759 0.207943 0.033333 0.053906
0 0.793287 0.753516 0.118981 0.014844
0 0.328009 0.730078 0.031019 0.056510
0 0.781713 0.677995 0.031019 0.056510
0 0.693750 0.280859 0.040278 0.043490
0 0.075694 0.190365 0.072685 0.023958
0 0.708796 0.422135 0.070370 0.023958
0 0.764352 0.445573 0.070370 0.023958
0 0.532407 0.862240 0.041667 0.039583
0 0.934491 0.232682 0.040278 0.040885
0 0.730787 0.797786 0.040278 0.040885
0 0.455324 0.625911 0.081944 0.020052
0 0.705324 0.170182 0.035648 0.046094
0 0.288194 0.758724 0.034722 0.046094
0 0.473843 0.773698 0.035648 0.044792
0 0.619676 0.154557 0.105093 0.014844
0 0.649769 0.278255 0.035648 0.043490
0 0.203009 0.108984 0.068056 0.022656
0 0.712269 0.525651 0.040278 0.038281
0 0.540972 0.392839 0.068056 0.022656
0 0.878935 0.825130 0.031019 0.048698
0 0.865046 0.153255 0.086574 0.017448
0 0.771296 0.268490 0.037963 0.039583
0 0.705324 0.698828 0.026389 0.056510
0 0.121991 0.834245 0.100463 0.014844
0 0.621991 0.483073 0.035648 0.041667
0 0.608102 0.227474 0.035648 0.040885
0 0.802546 0.472266 0.035648 0.040885
0 0.487731 0.387370 0.026389 0.053385
0 0.723843 0.344010 0.035648 0.039583
0 0.885880 0.684245 0.063426 0.022135
0 0.376620 0.645182 0.081944 0.016927
0 0.200694 0.877214 0.035648 0.038281
0 0.230787 0.209245 0.068056 0.020052
0 0.189120 0.756120 0.068056 0.020052
0 0.705324 0.367448 0.072685 0.018750
0 0.175231 0.825130 0.077315 0.017448
0 0.406250 0.150651 0.076389 0.017448
0 0.778935 0.825130 0.034722 0.038281
0 0.577546 0.379818 0.030093 0.043490
0 0.146991 0.488932 0.030093 0.042969
0 0.749306 0.869401 0.105093 0.012240
0 0.410880 0.163672 0.104167 0.012240
0 0.853472 0.352474 0.035648 0.035677
0 0.797917 0.222266 0.063426 0.020052
0 0.399769 0.784766 0.035648 0.035677
0 0.645139 0.204036 0.063426 0.020052
0 0.871991 0.619401 0.072685 0.017448
0 0.107639 0.125911 0.062500 0.020052
0 0.850694 0.508724 0.030093 0.040885
0 0.915972 0.434505 0.068056 0.017448
0 0.561806 0.869401 0.035648 0.033073
0 0.137731 0.762630 0.094907 0.012240
0 0.762037 0.328776 0.028704 0.040365
0 0.452546 0.835547 0.030093 0.038281
0 0.476157 0.340104 0.031019 0.036979
0 0.054398 0.142578 0.067130 0.016927
0 0.830324 0.739193 0.091204 0.012240
0 0.603472 0.291276 0.063426 0.017448
0 0.950694 0.879818 0.063426 0.017448
0 0.608102 0.536068 0.063426 0.017448
0 0.502315 0.204036 0.074074 0.014844
0 0.698380 0.886068 0.031019 0.035156
0 0.812500 0.410807 0.092593 0.011719
0 0.547454 0.177995 0.071759 0.014844
0 0.518981 0.442318 0.061111 0.017448
0 0.147454 0.244141 0.021759 0.048177
0 0.610417 0.437109 0.058796 0.017448
0 0.735417 0.209245 0.021759 0.046094
0 0.229630 0.912370 0.065741 0.014844
0 0.293981 0.145443 0.055556 0.017448
0 0.869213 0.287370 0.020833 0.046094
0 0.485417 0.707943 0.077315 0.012240
0 0.804861 0.799089 0.021759 0.043490
0 0.728472 0.317318 0.054167 0.017448
0 0.874306 0.638932 0.031019 0.030469
0 0.848843 0.211849 0.026389 0.035677
0 0.691435 0.657161 0.063426 0.014844
0 0.867361 0.797786 0.026389 0.035677
0 0.376620 0.839453 0.063426 0.014844
0 0.746991 0.628516 0.063426 0.014844
0 0.202546 0.171484 0.076389 0.012240
0 0.716435 0.261328 0.030093 0.030469
0 0.652083 0.688411 0.021759 0.040885
0 0.703009 0.336849 0.021759 0.040885
0 0.330324 0.575130 0.072685 0.012240
0 0.640046 0.600911 0.071759 0.011719
0 0.077546 0.213151 0.067130 0.012240
0 0.549769 0.543620 0.048611 0.016927
0 0.557176 0.276953 0.054167 0.014844
0 0.830324 0.240495 0.026389 0.030469
0 0.770139 0.722266 0.017130 0.046094
0 0.186806 0.158464 0.063426 0.012240
0 0.964583 0.781510 0.026389 0.029167
0 0.737269 0.499609 0.062500 0.012240
0 0.920139 0.493099 0.020833 0.035677
0 0.950694 0.510026 0.026389 0.027865
0 0.086806 0.401693 0.020833 0.035156
0 0.641667 0.167578 0.075000 0.009635
0 0.508565 0.231380 0.058796 0.012240
0 0.189120 0.392839 0.058796 0.012240
0 0.300231 0.133464 0.077315 0.009115
0 0.719213 0.441016 0.072685 0.009635
0 0.121991 0.222266 0.017130 0.040885
0 0.890509 0.732031 0.026389 0.026562
0 0.445602 0.685807 0.016204 0.040885
0 0.661343 0.310807 0.021759 0.030469
0 0.284722 0.218099 0.055556 0.011719
0 0.649769 0.843099 0.017130 0.037760
0 0.751157 0.474870 0.025463 0.025260
0 0.354630 0.170182 0.065741 0.009635
0 0.582176 0.206380 0.067130 0.009115
0 0.899769 0.761328 0.063426 0.009635
0 0.890509 0.748307 0.063426 0.009635
0 0.223380 0.305599 0.016204 0.035677
0 0.483102 0.426693 0.017130 0.033073
0 0.966898 0.743099 0.058796 0.009635
0 0.645139 0.869401 0.044907 0.012240
0 0.890046 0.869401 0.043981 0.012240
0 0.480324 0.831641 0.020833 0.025260
0 0.295602 0.700130 0.068056 0.007031
0 0.929861 0.741536 0.021759 0.022135
0 0.482639 0.317969 0.053241 0.008333
0 0.922454 0.129557 0.016204 0.027344
0 0.142361 0.314714 0.011574 0.033073
0 0.961806 0.182552 0.011574 0.029167
0 0.200000 0.366797 0.046296 0.007031
0 0.985417 0.004818 0.026389 0.007031
