0 0.182176 0.749609 0.072685 0.074740
0 0.936806 0.701432 0.054167 0.092969
0 0.540972 0.288672 0.114352 0.038281
0 0.026620 0.772786 0.048611 0.079427
0 0.307176 0.873047 0.054167 0.066406
0 0.848843 0.551693 0.035648 0.090365
0 0.832639 0.799089 0.058796 0.053906
0 0.699537 0.886328 0.051852 0.056510
0 0.200694 0.864193 0.044907 0.064323
0 0.198380 0.464193 0.095833 0.029948
0 0.418287 0.129557 0.165278 0.016927
0 0.881250 0.362891 0.054167 0.051302
0 0.862731 0.060547 0.091204 0.029948
0 0.184491 0.616797 0.086574 0.027865
0 0.645139 0.228776 0.081944 0.027865
0 0.642824 0.722266 0.049537 0.046094
0 0.804861 0.705990 0.049537 0.044792
0 0.684491 0.197786 0.040278 0.053385
0 0.076389 0.750911 0.083333 0.025260
0 0.742361 0.295182 0.081944 0.025260
0 0.844213 0.398047 0.091204 0.022656
0 0.184491 0.516536 0.040278 0.051302
0 0.765509 0.802734 0.044907 0.045573
0 0.682176 0.920182 0.100463 0.020052
0 0.589120 0.714453 0.034722 0.056510
0 0.238426 0.839453 0.037037 0.051302
0 0.772454 0.675391 0.040278 0.046094
0 0.672917 0.842057 0.072685 0.025260
0 0.677546 0.331641 0.091204 0.020052
0 0.807176 0.460547 0.080093 0.022656
0 0.221528 0.390885 0.040278 0.044792
0 0.124306 0.529557 0.031019 0.056510
0 0.587269 0.913672 0.040278 0.043490
0 0.388194 0.814714 0.040278 0.043490
0 0.760880 0.741797 0.035648 0.048698
0 0.818750 0.759375 0.040278 0.042188
0 0.397454 0.701432 0.040278 0.040885
0 0.446065 0.226172 0.072685 0.022656
0 0.672917 0.525651 0.072685 0.022656
0 0.395139 0.170182 0.081944 0.020052
0 0.556713 0.784766 0.034722 0.046094
0 0.897454 0.844661 0.031019 0.051302
0 0.212269 0.698828 0.031019 0.051302
0 0.135880 0.233984 0.035648 0.043490
0 0.476157 0.611589 0.040278 0.038281
0 0.351157 0.723307 0.040278 0.037760
0 0.440972 0.291276 0.034722 0.043490
0 0.071065 0.487630 0.026389 0.055990
0 0.865046 0.782552 0.040278 0.036458
0 0.603472 0.425391 0.072685 0.020052
0 0.025926 0.194922 0.037963 0.038281
0 0.116204 0.627214 0.033333 0.043490
0 0.380787 0.102474 0.071759 0.020052
0 0.186343 0.560807 0.071759 0.020052
0 0.462269 0.644141 0.031019 0.046094
0 0.142824 0.818620 0.095833 0.014844
0 0.223843 0.641536 0.091204 0.014844
0 0.635880 0.560807 0.026389 0.051302
0 0.677546 0.654557 0.026389 0.051302
0 0.119676 0.392839 0.031019 0.043490
0 0.784028 0.507422 0.109722 0.012240
0 0.904398 0.705078 0.035648 0.037760
0 0.244213 0.162370 0.067130 0.020052
0 0.188657 0.600911 0.113426 0.011719
0 0.501620 0.562760 0.035648 0.036979
0 0.784028 0.538672 0.026389 0.048698
0 0.505093 0.627214 0.033333 0.038281
0 0.602315 0.900651 0.033333 0.038281
0 0.052546 0.177995 0.063426 0.020052
0 0.918287 0.792578 0.035648 0.035677
0 0.367361 0.362891 0.063426 0.020052
0 0.800231 0.253516 0.031019 0.040885
0 0.235417 0.901953 0.031019 0.040885
0 0.240046 0.560547 0.031019 0.040365
0 0.453009 0.766276 0.031019 0.040365
0 0.933333 0.853776 0.028704 0.043490
0 0.036343 0.831641 0.021759 0.056510
0 0.866204 0.720964 0.070370 0.017448
0 0.834954 0.870052 0.035648 0.034375
0 0.492361 0.706641 0.081944 0.014844
0 0.177546 0.373307 0.026389 0.046094
0 0.601157 0.809505 0.068056 0.017448
0 0.346528 0.819922 0.068056 0.017448
0 0.214583 0.273047 0.035648 0.033073
0 0.626620 0.827083 0.072685 0.016146
0 0.734954 0.400651 0.067130 0.017448
0 0.140509 0.731380 0.026389 0.043490
0 0.623843 0.250911 0.076389 0.014844
0 0.462269 0.130859 0.077315 0.014323
0 0.510880 0.426693 0.063426 0.017448
0 0.899769 0.885026 0.063426 0.017448
0 0.544444 0.737891 0.019444 0.056510
0 0.554861 0.536719 0.021759 0.050000
0 0.233102 0.886328 0.026389 0.040885
0 0.649769 0.795182 0.072685 0.014844
0 0.896991 0.256120 0.030093 0.035677
0 0.536343 0.543880 0.021759 0.048698
0 0.341898 0.278255 0.086574 0.012240
0 0.355787 0.525651 0.021759 0.048698
0 0.177083 0.353516 0.062500 0.016927
0 0.448380 0.560417 0.031019 0.033854
0 0.726157 0.848568 0.058796 0.017448
0 0.939120 0.569922 0.031019 0.033073
0 0.679398 0.760026 0.057870 0.017448
0 0.649769 0.338151 0.081944 0.012240
0 0.855787 0.844661 0.021759 0.046094
0 0.253935 0.664974 0.021759 0.046094
0 0.925231 0.442057 0.058796 0.016927
0 0.314583 0.624349 0.057870 0.016927
0 0.834954 0.238281 0.026389 0.036458
0 0.220370 0.671484 0.019444 0.048698
0 0.957639 0.174089 0.021759 0.043490
0 0.304861 0.832943 0.077315 0.012240
0 0.027083 0.731380 0.021759 0.043490
0 0.253935 0.374609 0.021759 0.043490
0 0.941435 0.495703 0.026389 0.035677
0 0.358102 0.548828 0.054167 0.016927
0 0.753472 0.266536 0.030093 0.030469
0 0.579861 0.594401 0.062500 0.014323
0 0.587269 0.779557 0.058796 0.014844
0 0.436806 0.918880 0.017130 0.048698
0 0.253935 0.199870 0.049537 0.016927
0 0.498843 0.184505 0.030093 0.027865
0 0.138194 0.562109 0.068056 0.012240
0 0.598843 0.355078 0.017130 0.046094
0 0.811806 0.743099 0.017130 0.046094
0 0.418287 0.789714 0.054167 0.014323
0 0.296759 0.420182 0.051852 0.014844
0 0.681713 0.283464 0.062500 0.012240
0 0.068750 0.691016 0.077315 0.009635
0 0.726157 0.240495 0.077315 0.009635
0 0.968750 0.596354 0.025463 0.028646
0 0.374306 0.477214 0.077315 0.009115
0 0.790972 0.107422 0.077315 0.009115
0 0.299769 0.275651 0.057870 0.012240
0 0.890509 0.485286 0.072685 0.009635
0 0.061806 0.816016 0.017130 0.040885
0 0.193750 0.665365 0.021759 0.031250
0 0.579861 0.537370 0.016204 0.040885
0 0.144676 0.141536 0.016204 0.040885
0 0.672917 0.163672 0.054167 0.012240
0 0.009259 0.821224 0.018519 0.035677
0 0.735417 0.344661 0.068056 0.009635
0 0.828009 0.305599 0.068056 0.009635
0 0.390509 0.509766 0.017130 0.037760
0 0.651620 0.787109 0.067130 0.009115
0 0.734954 0.180339 0.067130 0.009115
0 0.589583 0.243099 0.063426 0.009635
0 0.139352 0.336849 0.061111 0.009635
0 0.885417 0.321224 0.016204 0.035677
0 0.712269 0.326432 0.058796 0.009635
0 0.209954 0.345964 0.017130 0.033073
0 0.260880 0.723568 0.017130 0.033073
0 0.700694 0.124609 0.044907 0.012240
0 0.654398 0.391536 0.054167 0.009635
0 0.939120 0.812109 0.012500 0.038281
0 0.811806 0.476172 0.017130 0.027865
0 0.186806 0.418880 0.017130 0.027865
0 0.054861 0.886328 0.012500 0.035677
0 0.359954 0.332943 0.057870 0.007031
0 0.915509 0.386068 0.020833 0.019531
0 0.146296 0.845964 0.010185 0.033073
0 0.126620 0.283464 0.026389 0.007031
