0 0.744676 0.260677 0.095833 0.112500
0 0.529398 0.543880 0.146759 0.043490
0 0.522454 0.237630 0.132870 0.045573
0 0.828009 0.344661 0.058796 0.087760
0 0.631250 0.899349 0.118981 0.040885
0 0.309491 0.247005 0.123611 0.033073
0 0.640509 0.532161 0.054167 0.066927
0 0.858102 0.611589 0.054167 0.064323
0 0.899769 0.248307 0.109722 0.030469
0 0.615046 0.278906 0.114352 0.029167
0 0.267824 0.450130 0.058796 0.053906
0 0.525926 0.887630 0.112037 0.027865
0 0.811806 0.482682 0.100463 0.030469
0 0.677546 0.416276 0.054167 0.053906
0 0.823380 0.170182 0.095833 0.030469
0 0.031713 0.521745 0.040278 0.072135
0 0.108102 0.623307 0.091204 0.030469
0 0.240046 0.404557 0.105093 0.025260
0 0.663657 0.688411 0.100463 0.025260
0 0.501620 0.576432 0.100463 0.025260
0 0.184491 0.805599 0.040278 0.061719
0 0.703009 0.336849 0.049537 0.046094
0 0.783565 0.568620 0.043981 0.051302
0 0.471528 0.899609 0.049537 0.045573
0 0.165509 0.391536 0.048611 0.046094
0 0.170602 0.840755 0.095833 0.022656
0 0.246991 0.698568 0.109722 0.019531
0 0.325231 0.684505 0.043981 0.048698
0 0.432176 0.619401 0.035648 0.059115
0 0.214583 0.278255 0.035648 0.059115
0 0.078009 0.735286 0.031019 0.066927
0 0.371991 0.352474 0.081944 0.025260
0 0.360417 0.698828 0.040278 0.051302
0 0.881250 0.197526 0.091204 0.022656
0 0.505787 0.824219 0.043981 0.046875
0 0.332639 0.618750 0.095833 0.021354
0 0.186806 0.447266 0.035648 0.053385
0 0.089583 0.488932 0.035648 0.053385
0 0.758565 0.519141 0.040278 0.046094
0 0.918287 0.269141 0.044907 0.040885
0 0.318750 0.521094 0.040278 0.044792
0 0.649306 0.256120 0.043981 0.040885
0 0.263194 0.502214 0.077315 0.022656
0 0.094213 0.543880 0.026389 0.064323
0 0.670602 0.899349 0.040278 0.040885
0 0.399769 0.300391 0.026389 0.061719
0 0.464583 0.482682 0.026389 0.061719
0 0.659028 0.639583 0.100463 0.016146
0 0.691435 0.123047 0.035648 0.045573
0 0.063657 0.141536 0.039352 0.040885
0 0.101157 0.461849 0.031019 0.051302
0 0.811343 0.275391 0.071759 0.022135
0 0.517824 0.099870 0.077315 0.020052
0 0.744676 0.750911 0.077315 0.020052
0 0.161343 0.425391 0.077315 0.020052
0 0.251620 0.663672 0.035648 0.043490
0 0.230324 0.193620 0.076389 0.020052
0 0.163194 0.171224 0.090278 0.016927
0 0.706481 0.799089 0.065741 0.022656
0 0.297222 0.740495 0.074074 0.020052
0 0.934491 0.353125 0.031019 0.047396
0 0.626620 0.203385 0.026389 0.055208
0 0.645139 0.745703 0.072685 0.020052
0 0.093056 0.608333 0.088889 0.016146
0 0.881250 0.358984 0.081944 0.017448
0 0.170602 0.586849 0.031019 0.046094
0 0.464120 0.278255 0.081019 0.017448
0 0.746528 0.327734 0.081019 0.017448
0 0.385880 0.698177 0.035648 0.039583
0 0.157870 0.626563 0.033333 0.042188
0 0.024769 0.608984 0.035648 0.038281
0 0.216898 0.894141 0.068056 0.020052
0 0.740046 0.801693 0.077315 0.017448
0 0.728472 0.179036 0.035648 0.037760
0 0.197917 0.569922 0.030093 0.043490
0 0.492361 0.332682 0.026389 0.048177
0 0.539815 0.251953 0.075000 0.016927
0 0.341898 0.227474 0.031019 0.040885
0 0.381250 0.137630 0.072685 0.017448
0 0.216435 0.586198 0.020833 0.060417
0 0.381250 0.274089 0.035648 0.035156
0 0.892824 0.587109 0.031019 0.040365
0 0.073380 0.224609 0.031019 0.040365
0 0.918287 0.750651 0.063426 0.019531
0 0.783565 0.363932 0.025463 0.048177
0 0.302546 0.424479 0.035648 0.033854
0 0.939120 0.444922 0.031019 0.038281
0 0.031713 0.715755 0.031019 0.038281
0 0.698380 0.538672 0.031019 0.038281
0 0.156713 0.124609 0.068056 0.017448
0 0.374306 0.668880 0.095833 0.012240
0 0.846528 0.812109 0.095833 0.012240
0 0.134259 0.766276 0.060185 0.019531
0 0.150926 0.506120 0.028704 0.040885
0 0.542130 0.318359 0.033333 0.035156
0 0.139352 0.405859 0.065741 0.017448
0 0.072917 0.383724 0.076389 0.014844
0 0.707639 0.292578 0.021759 0.051302
0 0.670602 0.787370 0.021759 0.051302
0 0.809491 0.409766 0.021759 0.051302
0 0.071065 0.509375 0.026389 0.042188
0 0.462269 0.393880 0.077315 0.014323
0 0.219213 0.390234 0.063426 0.017448
0 0.723843 0.761328 0.072685 0.014844
0 0.941435 0.334245 0.026389 0.040885
0 0.670602 0.710547 0.021759 0.048698
0 0.587269 0.642839 0.021759 0.048698
0 0.829167 0.079687 0.033333 0.031771
0 0.834491 0.728516 0.062500 0.016927
0 0.903241 0.622005 0.024074 0.043490
0 0.381250 0.293880 0.026389 0.038281
0 0.321065 0.447526 0.026389 0.038281
0 0.737731 0.543880 0.026389 0.038281
0 0.128935 0.310807 0.021759 0.046094
0 0.059491 0.350911 0.058796 0.016927
0 0.899306 0.106380 0.081019 0.012240
0 0.166667 0.612891 0.032407 0.030469
0 0.456481 0.603776 0.019444 0.048698
0 0.596528 0.744401 0.077315 0.012240
0 0.744676 0.350911 0.021759 0.042969
0 0.631713 0.756120 0.062500 0.014844
0 0.564815 0.590495 0.078704 0.011719
0 0.549074 0.674089 0.024074 0.038281
0 0.767361 0.278255 0.020833 0.043490
0 0.075231 0.209245 0.025463 0.035677
0 0.612731 0.608984 0.072685 0.012240
0 0.765509 0.493099 0.091204 0.009635
0 0.103472 0.879557 0.072685 0.011719
0 0.462963 0.408464 0.069444 0.012240
0 0.413194 0.470964 0.025463 0.033073
0 0.097685 0.404557 0.056481 0.014844
0 0.267824 0.314714 0.068056 0.012240
0 0.054861 0.483984 0.021759 0.038281
0 0.432870 0.266536 0.055556 0.014844
0 0.221528 0.777604 0.021759 0.036979
0 0.962269 0.222917 0.049537 0.016146
0 0.959954 0.695964 0.026389 0.029948
0 0.436806 0.103776 0.063426 0.012240
0 0.737731 0.827734 0.063426 0.012240
0 0.229630 0.285417 0.028704 0.026562
0 0.135880 0.891276 0.081944 0.009115
0 0.395139 0.489193 0.017130 0.043490
0 0.540509 0.670182 0.076389 0.009635
0 0.040972 0.339453 0.049537 0.014844
0 0.966898 0.145182 0.021759 0.032552
0 0.043287 0.435547 0.017130 0.040365
0 0.628472 0.838411 0.057870 0.011719
0 0.536343 0.177995 0.021759 0.030469
0 0.904398 0.301693 0.017130 0.038281
0 0.522454 0.571224 0.068056 0.009635
0 0.936806 0.148047 0.017130 0.038281
0 0.654398 0.099609 0.044907 0.014323
0 0.702546 0.493099 0.020833 0.030469
0 0.614583 0.557943 0.020833 0.029948
0 0.334954 0.600521 0.054167 0.010937
0 0.922454 0.310807 0.016204 0.035677
0 0.602315 0.644792 0.024074 0.023958
0 0.147454 0.456641 0.058796 0.009635
0 0.125463 0.572526 0.024074 0.022656
0 0.266204 0.891276 0.055556 0.009115
0 0.526620 0.013932 0.048611 0.009635
0 0.975463 0.004557 0.046296 0.006510
