0 0.825694 0.129818 0.156019 0.043490
0 0.371991 0.852474 0.081944 0.082552
0 0.179861 0.116797 0.142130 0.043490
0 0.693750 0.250651 0.132870 0.045573
0 0.040972 0.267188 0.077315 0.070833
0 0.767824 0.504818 0.068056 0.064323
0 0.181713 0.581641 0.118056 0.035677
0 0.108102 0.747005 0.054167 0.074740
0 0.853472 0.480078 0.063426 0.061719
0 0.434491 0.329036 0.105093 0.035677
0 0.508565 0.700130 0.040278 0.090365
0 0.534028 0.571224 0.118981 0.030469
0 0.885880 0.396745 0.054167 0.066927
0 0.714583 0.748047 0.054167 0.061198
0 0.051389 0.847266 0.042593 0.072135
0 0.490046 0.189062 0.095833 0.031771
0 0.578009 0.115495 0.095833 0.030469
0 0.846528 0.094401 0.114352 0.024740
0 0.154398 0.179297 0.100463 0.027865
0 0.751620 0.171484 0.100463 0.027865
0 0.325231 0.842057 0.043981 0.061719
0 0.154398 0.736979 0.054167 0.049479
0 0.487731 0.262630 0.044907 0.053906
0 0.277083 0.885026 0.105093 0.022656
0 0.821759 0.615495 0.037037 0.061719
0 0.249306 0.171484 0.040278 0.053906
0 0.862731 0.218359 0.035648 0.059115
0 0.205324 0.477214 0.035648 0.055990
0 0.885880 0.700130 0.044907 0.043490
0 0.703009 0.138932 0.077315 0.025260
0 0.899769 0.127214 0.044907 0.043490
0 0.133565 0.151953 0.077315 0.025260
0 0.682176 0.228776 0.081944 0.022656
0 0.297917 0.222266 0.044907 0.040885
0 0.441435 0.717057 0.072685 0.025260
0 0.221065 0.586198 0.076389 0.023958
0 0.728009 0.831641 0.043981 0.040885
0 0.552546 0.263281 0.035648 0.050000
0 0.448380 0.499609 0.040278 0.043490
0 0.834954 0.835286 0.035648 0.048177
0 0.763194 0.844661 0.040278 0.040885
0 0.922917 0.836849 0.035648 0.046094
0 0.203009 0.820312 0.040278 0.039062
0 0.207639 0.662370 0.077315 0.020052
0 0.513194 0.861589 0.040278 0.038281
0 0.876620 0.355078 0.072685 0.020052
0 0.760880 0.159766 0.072685 0.020052
0 0.853472 0.784766 0.072685 0.020052
0 0.192130 0.103776 0.083333 0.017448
0 0.341435 0.442057 0.122685 0.011719
0 0.414815 0.777604 0.088889 0.016146
0 0.640509 0.307943 0.072685 0.019531
0 0.915278 0.864193 0.078704 0.017448
0 0.316435 0.278255 0.035648 0.038281
0 0.559491 0.566016 0.068056 0.020052
0 0.925231 0.390234 0.077315 0.017448
0 0.057176 0.429948 0.026389 0.050000
0 0.881250 0.207943 0.026389 0.048698
0 0.403241 0.476172 0.033333 0.038281
0 0.117361 0.521745 0.063426 0.020052
0 0.221528 0.862891 0.031019 0.040885
0 0.675231 0.105078 0.031019 0.040885
0 0.707639 0.628516 0.031019 0.040885
0 0.890509 0.895443 0.072685 0.017448
0 0.484954 0.797135 0.067130 0.018750
0 0.478472 0.211589 0.063426 0.019531
0 0.654398 0.874609 0.035648 0.033073
0 0.260880 0.349609 0.081944 0.014323
0 0.258102 0.330339 0.067130 0.017448
0 0.146991 0.831641 0.057870 0.020052
0 0.163657 0.314714 0.026389 0.043490
0 0.167824 0.463151 0.034722 0.033073
0 0.506250 0.752214 0.091204 0.012240
0 0.068750 0.362630 0.077315 0.014323
0 0.365046 0.130859 0.077315 0.014323
0 0.642824 0.801693 0.031019 0.033073
0 0.133565 0.679297 0.058796 0.017448
0 0.595370 0.180599 0.028704 0.035677
0 0.839583 0.370052 0.054167 0.018750
0 0.499306 0.886328 0.068056 0.014844
0 0.578009 0.756120 0.021759 0.046094
0 0.348843 0.597266 0.017130 0.056510
0 0.432176 0.103516 0.081944 0.011719
0 0.788657 0.839453 0.026389 0.035677
0 0.756250 0.709245 0.063426 0.014844
0 0.427546 0.146745 0.026389 0.035677
0 0.728472 0.270182 0.054167 0.016927
0 0.063657 0.861849 0.020833 0.042969
0 0.036343 0.157161 0.021759 0.040885
0 0.233102 0.374609 0.026389 0.033073
0 0.376620 0.267578 0.026389 0.032552
0 0.479630 0.131120 0.056481 0.014844
0 0.369676 0.176693 0.021759 0.038281
0 0.749306 0.210547 0.068056 0.012240
0 0.513194 0.451432 0.021759 0.035677
0 0.246991 0.658464 0.063426 0.012240
0 0.568750 0.323828 0.021759 0.035677
0 0.964583 0.353776 0.026389 0.027865
0 0.986574 0.951172 0.024074 0.029948
0 0.151620 0.848568 0.057870 0.012240
0 0.927546 0.336849 0.044907 0.014844
0 0.962269 0.672786 0.021759 0.030469
0 0.286343 0.836849 0.068056 0.009635
0 0.954861 0.316016 0.043981 0.014844
0 0.389352 0.642839 0.051852 0.012240
0 0.397454 0.365885 0.058796 0.010417
0 0.659028 0.771745 0.063426 0.009635
0 0.689120 0.681901 0.021759 0.027865
0 0.790509 0.137630 0.048611 0.012240
0 0.571065 0.295182 0.054167 0.009635
0 0.749306 0.861589 0.021759 0.022656
0 0.781713 0.097266 0.049537 0.009635
0 0.126620 0.442969 0.017130 0.026562
0 0.061343 0.202734 0.016204 0.027865
0 0.193287 0.372005 0.011574 0.038281
0 0.081481 0.205339 0.019444 0.022656
0 0.455324 0.641536 0.017130 0.025260
0 0.587269 0.409766 0.040278 0.009635
0 0.773611 0.774349 0.014815 0.025260
0 0.547917 0.768490 0.035648 0.008333
