0 0.476157 0.748307 0.169907 0.040885
0 0.652083 0.181901 0.123611 0.033073
0 0.867361 0.885677 0.054167 0.070833
0 0.897454 0.672786 0.114352 0.030469
0 0.881250 0.732682 0.054167 0.061719
0 0.455324 0.640234 0.100463 0.033073
0 0.223843 0.862891 0.054167 0.051302
0 0.617361 0.381120 0.044907 0.061719
0 0.265509 0.550130 0.091204 0.029948
0 0.397454 0.719661 0.040278 0.066927
0 0.707639 0.882422 0.049537 0.053906
0 0.444213 0.389583 0.122685 0.021354
0 0.365046 0.426693 0.040278 0.064323
0 0.721528 0.125260 0.086574 0.029167
0 0.642824 0.602474 0.095833 0.025260
0 0.823380 0.207943 0.049537 0.048698
0 0.517824 0.457943 0.040278 0.059115
0 0.887731 0.439714 0.039352 0.059115
0 0.390509 0.310807 0.081944 0.025260
0 0.426389 0.792578 0.079630 0.025260
0 0.325231 0.758724 0.099537 0.020052
0 0.369676 0.092057 0.077315 0.025260
0 0.172917 0.559245 0.035648 0.053385
0 0.149769 0.670182 0.044907 0.040885
0 0.832176 0.608984 0.104167 0.017448
0 0.434491 0.184505 0.077315 0.022656
0 0.848843 0.650391 0.035648 0.048177
0 0.205324 0.400651 0.026389 0.064323
0 0.786343 0.746745 0.031019 0.053385
0 0.979630 0.483984 0.037963 0.043490
0 0.254630 0.661719 0.041667 0.039583
0 0.478472 0.288672 0.072685 0.022656
0 0.459954 0.150651 0.091204 0.017448
0 0.665972 0.636328 0.077315 0.020052
0 0.235417 0.247005 0.040278 0.038281
0 0.545602 0.812109 0.086574 0.017448
0 0.177083 0.189714 0.034722 0.043490
0 0.292824 0.504818 0.025463 0.059115
0 0.424074 0.757422 0.065741 0.022656
0 0.210648 0.357682 0.074074 0.020052
0 0.626620 0.258724 0.072685 0.020052
0 0.131250 0.766536 0.035648 0.040885
0 0.557176 0.472266 0.072685 0.020052
0 0.640046 0.674089 0.081019 0.017448
0 0.623843 0.188411 0.067130 0.020052
0 0.187963 0.334245 0.028704 0.046094
0 0.878935 0.697266 0.077315 0.016927
0 0.179861 0.883724 0.086574 0.014844
0 0.246991 0.120703 0.063426 0.020052
0 0.485417 0.316016 0.031019 0.040885
0 0.244676 0.175391 0.031019 0.040885
0 0.198380 0.623307 0.031019 0.040885
0 0.547454 0.270443 0.071759 0.017448
0 0.533565 0.332943 0.071759 0.017448
0 0.833796 0.819922 0.070370 0.017448
0 0.789120 0.636328 0.081019 0.014844
0 0.591898 0.135026 0.031019 0.038281
0 0.457639 0.429297 0.068056 0.017448
0 0.453009 0.352474 0.058796 0.020052
0 0.524769 0.735026 0.081944 0.014323
0 0.953009 0.637370 0.031019 0.037760
0 0.795602 0.714453 0.077315 0.014844
0 0.531713 0.188411 0.077315 0.014844
0 0.737269 0.306901 0.034722 0.033073
0 0.226157 0.400000 0.031019 0.036979
0 0.986574 0.706641 0.024074 0.046094
0 0.524769 0.205339 0.063426 0.017448
0 0.469213 0.724870 0.072685 0.014844
0 0.098843 0.802995 0.026389 0.040885
0 0.163657 0.289714 0.026389 0.040365
0 0.193750 0.583594 0.031019 0.034375
0 0.253935 0.361589 0.021759 0.048698
0 0.281713 0.200130 0.021759 0.048698
0 0.691435 0.078776 0.072685 0.014323
0 0.837269 0.545182 0.105093 0.009635
0 0.728472 0.200130 0.026389 0.038281
0 0.237731 0.215755 0.026389 0.038281
0 0.578009 0.602474 0.068056 0.014844
0 0.760880 0.700130 0.081944 0.012240
0 0.258565 0.093359 0.077315 0.012240
0 0.105787 0.267839 0.021759 0.043490
0 0.834954 0.745703 0.063426 0.014844
0 0.986574 0.640234 0.024074 0.038281
0 0.698380 0.666927 0.021759 0.042188
0 0.986574 0.294141 0.024074 0.037760
0 0.186806 0.142839 0.072685 0.012240
0 0.318750 0.826432 0.058796 0.014844
0 0.105324 0.443359 0.020833 0.040365
0 0.131250 0.847005 0.091204 0.009115
0 0.665972 0.700130 0.068056 0.012240
0 0.471528 0.650651 0.068056 0.012240
0 0.325694 0.451432 0.054167 0.014844
0 0.475000 0.340755 0.028704 0.027865
0 0.890509 0.197526 0.063426 0.012240
0 0.506250 0.098568 0.063426 0.012240
0 0.259722 0.468359 0.061111 0.012240
0 0.556019 0.593359 0.061111 0.012240
0 0.145139 0.830339 0.026389 0.027865
0 0.496991 0.624609 0.026389 0.027865
0 0.846528 0.435547 0.049537 0.014323
0 0.970370 0.348568 0.056481 0.012240
0 0.890046 0.639583 0.016204 0.042188
0 0.181713 0.222266 0.016204 0.040885
0 0.172454 0.459245 0.016204 0.040885
0 0.397454 0.896745 0.068056 0.009635
0 0.459954 0.856120 0.054167 0.011719
0 0.871991 0.638932 0.017130 0.035677
0 0.307176 0.217057 0.017130 0.035677
0 0.693750 0.603776 0.021759 0.027865
0 0.306019 0.844661 0.061111 0.009635
0 0.929861 0.274349 0.058796 0.009635
0 0.615046 0.108984 0.021759 0.022656
0 0.691435 0.775651 0.017130 0.027865
0 0.407407 0.599609 0.050926 0.009115
0 0.503472 0.671224 0.039352 0.011719
0 0.531713 0.876953 0.068056 0.006510
0 0.233102 0.141276 0.017130 0.024740
0 0.277083 0.283203 0.012500 0.032552
0 0.899306 0.662370 0.016204 0.014844
0 0.612731 0.030859 0.026389 0.007031
0 0.767824 0.996354 0.021759 0.005729
0 0.662500 0.997656 0.024074 0.003125
