0 0.951852 0.797786 0.093519 0.092969
0 0.943750 0.090104 0.077315 0.083854
0 0.885880 0.864193 0.146759 0.043490
0 0.941898 0.404557 0.043981 0.108594
0 0.853472 0.885026 0.137500 0.033073
0 0.665972 0.504167 0.151389 0.026562
0 0.198380 0.825130 0.114352 0.033073
0 0.684028 0.085547 0.113426 0.033073
0 0.570602 0.778255 0.053241 0.069531
0 0.421296 0.604427 0.106481 0.034375
0 0.411343 0.859635 0.105093 0.034375
0 0.657870 0.547135 0.116667 0.029167
0 0.147454 0.750911 0.058796 0.056510
0 0.219213 0.592057 0.044907 0.061719
0 0.271296 0.607422 0.037963 0.071615
0 0.843750 0.668880 0.043981 0.059115
0 0.103009 0.653255 0.034722 0.074740
0 0.959954 0.076432 0.044907 0.056510
0 0.823380 0.829036 0.040278 0.061719
0 0.515509 0.091797 0.091204 0.024740
0 0.719213 0.161719 0.044907 0.050000
0 0.355787 0.670182 0.077315 0.025260
0 0.121991 0.416927 0.035648 0.050000
0 0.559491 0.564453 0.077315 0.022135
0 0.159028 0.542578 0.081944 0.020052
0 0.981944 0.080339 0.033333 0.048698
0 0.647454 0.602474 0.031019 0.051302
0 0.390509 0.887630 0.091204 0.017448
0 0.795602 0.094661 0.105093 0.014844
0 0.714583 0.447526 0.026389 0.053906
0 0.167824 0.907161 0.090278 0.014844
0 0.508565 0.039974 0.086574 0.014844
0 0.098843 0.409766 0.026389 0.035677
0 0.904398 0.051693 0.026389 0.033073
0 0.038657 0.572526 0.017130 0.038281
0 0.635880 0.373307 0.017130 0.035677
0 0.098843 0.993099 0.044907 0.009635
0 0.869213 0.795182 0.011574 0.035677
