0 0.834954 0.862891 0.072685 0.072135
0 0.101157 0.719661 0.058796 0.082552
0 0.223843 0.215755 0.146759 0.027865
0 0.212269 0.913672 0.142130 0.027865
0 0.209954 0.365495 0.063426 0.061719
0 0.800231 0.119401 0.169907 0.022656
0 0.293287 0.284766 0.054167 0.061719
0 0.286343 0.603125 0.105093 0.031771
0 0.531713 0.611589 0.095833 0.033073
0 0.672917 0.220964 0.109722 0.027865
0 0.063657 0.635026 0.039352 0.074740
0 0.670602 0.691016 0.095833 0.030469
0 0.110417 0.886328 0.040278 0.072135
0 0.203009 0.457682 0.049537 0.058594
0 0.445602 0.517578 0.127315 0.022135
0 0.816435 0.678385 0.054167 0.052083
0 0.177546 0.394141 0.109722 0.025260
0 0.682176 0.331641 0.109722 0.025260
0 0.881250 0.266276 0.091204 0.029948
0 0.513194 0.838151 0.095833 0.027865
0 0.462269 0.154557 0.105093 0.025260
0 0.191435 0.123307 0.100463 0.025260
0 0.163657 0.446224 0.044907 0.056510
0 0.396991 0.765885 0.085648 0.029167
0 0.513889 0.720964 0.087963 0.027865
0 0.656713 0.633724 0.095833 0.025260
0 0.147454 0.491797 0.049537 0.048698
0 0.804861 0.510026 0.040278 0.059115
0 0.831481 0.582943 0.084259 0.027865
0 0.135880 0.836589 0.026389 0.087240
0 0.293287 0.149349 0.044907 0.051302
0 0.089583 0.455990 0.044907 0.050000
0 0.615046 0.692969 0.114352 0.018750
0 0.837269 0.910807 0.095833 0.022135
0 0.735417 0.167578 0.105093 0.020052
0 0.161343 0.610286 0.040278 0.051302
0 0.653935 0.542578 0.043981 0.046094
0 0.818750 0.304036 0.040278 0.048177
0 0.790972 0.261328 0.031019 0.061719
0 0.186806 0.817318 0.081944 0.022656
0 0.846528 0.179297 0.031019 0.059115
0 0.117361 0.563411 0.072685 0.025260
0 0.793287 0.836849 0.091204 0.020052
0 0.608102 0.585286 0.026389 0.069010
0 0.362731 0.321224 0.072685 0.024219
0 0.170602 0.723568 0.040278 0.043490
0 0.689120 0.148047 0.077315 0.022656
0 0.524769 0.531510 0.072685 0.023958
0 0.584954 0.796484 0.035648 0.048698
0 0.661343 0.170833 0.040278 0.042188
0 0.932176 0.400391 0.026389 0.063802
0 0.263194 0.336849 0.040278 0.040885
0 0.154398 0.528255 0.091204 0.017448
0 0.270139 0.491797 0.091204 0.017448
0 0.831481 0.349870 0.037963 0.040885
0 0.594213 0.497005 0.035648 0.043490
0 0.190972 0.324740 0.034722 0.044271
0 0.897454 0.408203 0.021759 0.069010
0 0.277083 0.788411 0.068056 0.022135
0 0.779398 0.107682 0.100463 0.014844
0 0.271991 0.720313 0.039352 0.036979
0 0.922917 0.713151 0.026389 0.053906
0 0.240046 0.110286 0.095833 0.014844
0 0.255787 0.201432 0.034722 0.040885
0 0.119213 0.618099 0.039352 0.035677
0 0.362731 0.538411 0.063426 0.022135
0 0.765046 0.552734 0.034722 0.040365
0 0.419444 0.340755 0.028704 0.048698
0 0.596528 0.199740 0.031019 0.044271
0 0.721528 0.856380 0.077315 0.017448
0 0.637731 0.155859 0.030093 0.043490
0 0.019676 0.761328 0.025463 0.051302
0 0.513194 0.805599 0.086574 0.014844
0 0.896296 0.283854 0.028704 0.044271
0 0.392824 0.693620 0.031019 0.040885
0 0.446065 0.898047 0.072685 0.017448
0 0.663657 0.778255 0.072685 0.017448
0 0.311343 0.450130 0.025463 0.048698
0 0.556713 0.204036 0.034722 0.035677
0 0.860417 0.162370 0.021759 0.056510
0 0.343750 0.809505 0.099537 0.012240
0 0.094213 0.543880 0.035648 0.033073
0 0.841898 0.068620 0.058796 0.020052
0 0.330324 0.207943 0.035648 0.033073
0 0.179861 0.486589 0.021759 0.053906
0 0.175231 0.282161 0.058796 0.020052
0 0.078009 0.822266 0.031019 0.037760
0 0.642361 0.108984 0.067130 0.017448
0 0.017824 0.206641 0.021759 0.051302
0 0.448380 0.211849 0.021759 0.051302
0 0.892824 0.326432 0.021759 0.051302
0 0.216898 0.727474 0.021759 0.051302
0 0.278935 0.439714 0.025463 0.043490
0 0.115046 0.417318 0.021759 0.050781
0 0.510880 0.254818 0.063426 0.017448
0 0.904398 0.590755 0.063426 0.017448
0 0.552546 0.562109 0.063426 0.017448
0 0.407407 0.360677 0.069444 0.015625
0 0.812963 0.541016 0.028704 0.037760
0 0.751620 0.120703 0.072685 0.014844
0 0.858102 0.224870 0.026389 0.040885
0 0.297917 0.875651 0.026389 0.040365
0 0.703009 0.192969 0.031019 0.034375
0 0.814120 0.465755 0.086574 0.012240
0 0.216898 0.512630 0.086574 0.012240
0 0.888194 0.627214 0.086574 0.012240
0 0.064120 0.525651 0.058796 0.017448
0 0.790972 0.153255 0.058796 0.017448
0 0.031713 0.541276 0.031019 0.033073
0 0.230787 0.553385 0.021759 0.046875
0 0.304861 0.558203 0.021759 0.046094
0 0.054861 0.331380 0.021759 0.045573
0 0.579861 0.161068 0.025463 0.038281
0 0.642824 0.766276 0.068056 0.014323
0 0.331481 0.520182 0.056481 0.016927
0 0.615046 0.671484 0.021759 0.043490
0 0.165972 0.773047 0.021759 0.043490
0 0.124306 0.296484 0.021759 0.043490
0 0.892824 0.572526 0.021759 0.043490
0 0.503935 0.843359 0.077315 0.012240
0 0.205324 0.797786 0.063426 0.014844
0 0.681713 0.361589 0.053241 0.017448
0 0.459954 0.547526 0.026389 0.035156
0 0.876620 0.197917 0.026389 0.033854
0 0.121991 0.236589 0.072685 0.012240
0 0.781713 0.409766 0.021759 0.040885
0 0.064120 0.586849 0.021759 0.040885
0 0.478472 0.512630 0.072685 0.012240
0 0.321065 0.628516 0.017130 0.051302
0 0.079861 0.851172 0.071759 0.012240
0 0.959954 0.465495 0.026389 0.032552
0 0.091898 0.767839 0.021759 0.038281
0 0.823380 0.220964 0.021759 0.038281
0 0.531713 0.220964 0.068056 0.012240
0 0.351157 0.556901 0.021759 0.038281
0 0.280093 0.235286 0.055556 0.014844
0 0.860417 0.345703 0.021759 0.037760
0 0.517361 0.262370 0.048611 0.016927
0 0.697222 0.809505 0.065741 0.012240
0 0.112731 0.493099 0.026389 0.030469
0 0.896991 0.158464 0.020833 0.038281
0 0.028935 0.481380 0.016204 0.048698
0 0.205324 0.172786 0.017130 0.046094
0 0.214583 0.607682 0.017130 0.046094
0 0.825694 0.809505 0.063426 0.012240
0 0.691435 0.645443 0.063426 0.012240
0 0.471528 0.696224 0.021759 0.035677
0 0.756250 0.658464 0.063426 0.012240
0 0.584954 0.249609 0.063426 0.012240
0 0.792824 0.214844 0.016204 0.046875
0 0.904398 0.530859 0.017130 0.043490
0 0.124306 0.135026 0.021759 0.033073
0 0.869213 0.372656 0.020833 0.034375
0 0.228009 0.358984 0.016204 0.043490
0 0.571065 0.120703 0.017130 0.040885
0 0.052546 0.206641 0.017130 0.040885
0 0.078009 0.788021 0.021759 0.031771
0 0.757407 0.575781 0.019444 0.034375
0 0.121991 0.214453 0.026389 0.025260
0 0.413657 0.580339 0.017130 0.038281
0 0.635880 0.374609 0.017130 0.038281
0 0.642824 0.818880 0.021759 0.029948
0 0.428704 0.606380 0.019444 0.033073
0 0.392824 0.828776 0.068056 0.009115
0 0.468750 0.197266 0.016204 0.037760
0 0.413657 0.542578 0.017130 0.035677
0 0.922917 0.566016 0.017130 0.035677
0 0.179398 0.192318 0.020833 0.027865
0 0.667130 0.391536 0.014815 0.035677
0 0.344213 0.297786 0.017130 0.030469
0 0.696065 0.385677 0.017130 0.029167
0 0.182176 0.138672 0.054167 0.009115
0 0.944907 0.538672 0.014815 0.033073
0 0.888194 0.226823 0.058796 0.008333
0 0.957639 0.168880 0.012500 0.038281
0 0.527083 0.013932 0.049537 0.009635
0 0.764352 0.362240 0.051852 0.008333
0 0.453009 0.765234 0.012500 0.032031
0 0.285880 0.429297 0.011574 0.033073
0 0.706481 0.546484 0.010185 0.033073
0 0.975000 0.004557 0.047222 0.006510
