0 0.237731 0.586849 0.091204 0.082552
0 0.518981 0.800130 0.135185 0.040365
0 0.105787 0.720964 0.058796 0.079948
0 0.230787 0.209245 0.114352 0.035677
0 0.128935 0.823828 0.058796 0.066927
0 0.070602 0.470964 0.062500 0.059115
0 0.792130 0.690365 0.061111 0.055208
0 0.429861 0.788672 0.040278 0.079948
0 0.071065 0.816016 0.044907 0.066927
0 0.312963 0.473958 0.047222 0.059896
0 0.557176 0.364193 0.100463 0.027865
0 0.128935 0.860286 0.031019 0.087760
0 0.554861 0.443620 0.040278 0.066927
0 0.334954 0.495703 0.100463 0.025260
0 0.172917 0.662109 0.044907 0.055990
0 0.059491 0.640234 0.031019 0.079948
0 0.383565 0.911068 0.132870 0.017448
0 0.828009 0.302995 0.040278 0.056510
0 0.506250 0.839193 0.091204 0.024740
0 0.201852 0.373307 0.047222 0.046094
0 0.318287 0.550391 0.085648 0.025260
0 0.437963 0.259766 0.093519 0.022135
0 0.885880 0.171484 0.091204 0.022656
0 0.528935 0.136328 0.034722 0.056510
0 0.878935 0.125911 0.077315 0.025260
0 0.538657 0.689714 0.035648 0.053906
0 0.742361 0.593359 0.035648 0.053906
0 0.337269 0.356120 0.086574 0.022135
0 0.549074 0.792318 0.075000 0.024740
0 0.606944 0.205339 0.042593 0.043490
0 0.103009 0.198828 0.090278 0.020052
0 0.675926 0.831641 0.087963 0.020052
0 0.579167 0.238932 0.079630 0.022135
0 0.226157 0.804297 0.040278 0.043490
0 0.920602 0.205339 0.077315 0.022656
0 0.918287 0.630469 0.072685 0.023958
0 0.290972 0.383724 0.086574 0.020052
0 0.270139 0.481380 0.035648 0.048698
0 0.494676 0.813411 0.086574 0.020052
0 0.369213 0.450130 0.039352 0.043490
0 0.241204 0.859635 0.070370 0.023958
0 0.860417 0.214453 0.040278 0.040885
0 0.270139 0.446224 0.081944 0.020052
0 0.181713 0.834245 0.081019 0.020052
0 0.409028 0.685547 0.035648 0.045573
0 0.035880 0.218359 0.030093 0.053906
0 0.165972 0.774349 0.031019 0.051302
0 0.149769 0.595964 0.026389 0.059115
0 0.081481 0.128516 0.037963 0.040885
0 0.936806 0.353776 0.035648 0.043490
0 0.203009 0.256120 0.077315 0.020052
0 0.027083 0.575130 0.031019 0.048698
0 0.665509 0.614193 0.039352 0.038281
0 0.716435 0.400651 0.039352 0.038281
0 0.639352 0.847917 0.070370 0.021354
0 0.659028 0.118099 0.100463 0.014844
0 0.659028 0.539974 0.072685 0.020052
0 0.767824 0.800130 0.021759 0.066406
0 0.079861 0.857682 0.071759 0.020052
0 0.434491 0.224870 0.031019 0.046094
0 0.709491 0.655859 0.081019 0.017448
0 0.140046 0.228776 0.081019 0.017448
0 0.084954 0.593099 0.026389 0.053385
0 0.311343 0.627865 0.034722 0.039583
0 0.609954 0.818880 0.030093 0.045573
0 0.844213 0.637630 0.035648 0.038281
0 0.573380 0.849870 0.021759 0.061719
0 0.832639 0.447526 0.031019 0.043490
0 0.439120 0.403255 0.077315 0.017448
0 0.334491 0.123307 0.090278 0.014844
0 0.264352 0.312109 0.024074 0.053906
0 0.029398 0.825130 0.026389 0.048698
0 0.061806 0.374609 0.026389 0.048698
0 0.871991 0.611589 0.026389 0.048698
0 0.105787 0.633724 0.086574 0.014844
0 0.432176 0.763932 0.035648 0.035677
0 0.196065 0.305599 0.035648 0.035677
0 0.436343 0.546484 0.025463 0.048698
0 0.649769 0.766276 0.063426 0.019531
0 0.802546 0.892839 0.100463 0.012240
0 0.161343 0.477214 0.021759 0.055990
0 0.619676 0.695312 0.031019 0.039062
0 0.832639 0.379818 0.068056 0.017448
0 0.721528 0.674089 0.068056 0.017448
0 0.221528 0.249609 0.068056 0.017448
0 0.140509 0.484635 0.026389 0.044792
0 0.628935 0.585547 0.021759 0.053906
0 0.920602 0.874609 0.095833 0.012240
0 0.216898 0.562109 0.021759 0.053906
0 0.793287 0.632422 0.035648 0.033073
0 0.380787 0.529557 0.025463 0.046094
0 0.233102 0.128255 0.081944 0.014323
0 0.491898 0.989844 0.062500 0.018750
0 0.954861 0.500260 0.062500 0.018750
0 0.278241 0.611328 0.024074 0.048177
0 0.365046 0.565755 0.058796 0.019531
0 0.142361 0.304297 0.020833 0.053906
0 0.406250 0.830078 0.094907 0.011719
0 0.714583 0.550391 0.026389 0.040885
0 0.774769 0.677995 0.026389 0.040885
0 0.881250 0.154557 0.072685 0.014844
0 0.131250 0.776953 0.026389 0.040885
0 0.434491 0.731380 0.086574 0.012240
0 0.015509 0.866146 0.026389 0.039583
0 0.939120 0.398047 0.031019 0.033073
0 0.448380 0.572526 0.031019 0.033073
0 0.309491 0.247005 0.058796 0.017448
0 0.262731 0.166016 0.085648 0.011719
0 0.809491 0.271745 0.021759 0.046094
0 0.244676 0.324479 0.031019 0.031771
0 0.731944 0.640234 0.079630 0.012240
0 0.165972 0.089193 0.068056 0.014323
0 0.939120 0.697526 0.021759 0.043490
0 0.057176 0.318620 0.063426 0.014844
0 0.922917 0.365495 0.026389 0.035677
0 0.284028 0.318620 0.026389 0.035677
0 0.876157 0.649089 0.016204 0.055990
0 0.268981 0.254818 0.051852 0.017448
0 0.425231 0.110286 0.021759 0.040885
0 0.909028 0.108333 0.054167 0.016146
0 0.865046 0.144141 0.058796 0.014844
0 0.559491 0.219661 0.058796 0.014844
0 0.487731 0.551953 0.026389 0.032552
0 0.913194 0.457943 0.025463 0.033073
0 0.527083 0.765234 0.021759 0.038281
0 0.031713 0.273047 0.021759 0.038281
0 0.346065 0.856380 0.067130 0.012240
0 0.822917 0.601172 0.067130 0.012240
0 0.809028 0.676432 0.030093 0.027344
0 0.443750 0.644792 0.021759 0.036979
0 0.137731 0.161068 0.020833 0.038281
0 0.230787 0.744141 0.068056 0.011719
0 0.925231 0.771745 0.021759 0.035677
0 0.478472 0.103776 0.063426 0.012240
0 0.936806 0.180339 0.054167 0.014323
0 0.283565 0.653906 0.025463 0.029167
0 0.424769 0.526693 0.020833 0.035156
0 0.142824 0.728776 0.021759 0.033073
0 0.795602 0.499609 0.021759 0.033073
0 0.457639 0.770182 0.021759 0.032552
0 0.499306 0.583984 0.077315 0.009115
0 0.770139 0.592057 0.017130 0.040885
0 0.100000 0.771745 0.019444 0.035677
0 0.800231 0.332292 0.021759 0.031771
0 0.459954 0.317969 0.081944 0.008333
0 0.287037 0.842057 0.069444 0.009635
0 0.612731 0.741797 0.054167 0.012240
0 0.087269 0.329036 0.021759 0.030469
0 0.605787 0.250911 0.021759 0.030469
0 0.895139 0.723568 0.017130 0.038281
0 0.409028 0.574479 0.017130 0.036979
0 0.184028 0.099870 0.057870 0.009635
0 0.362731 0.285807 0.017130 0.032552
0 0.246991 0.713411 0.017130 0.032552
0 0.769676 0.516536 0.016204 0.030469
0 0.094213 0.293880 0.017130 0.027865
0 0.526620 0.016536 0.048611 0.009635
0 0.399306 0.215755 0.016204 0.027865
0 0.284028 0.353776 0.063426 0.007031
0 0.071065 0.244401 0.035648 0.012240
0 0.396991 0.795182 0.011574 0.035677
0 0.059028 0.795182 0.011574 0.035677
0 0.146991 0.219661 0.020833 0.020052
0 0.418287 0.369792 0.017130 0.023438
0 0.221065 0.645182 0.011574 0.032552
0 0.096528 0.461849 0.012500 0.020052
