0 0.077546 0.568620 0.067130 0.087760
0 0.101157 0.420182 0.068056 0.072135
0 0.128935 0.852474 0.058796 0.082552
0 0.545602 0.870703 0.068056 0.066927
0 0.089583 0.826172 0.054167 0.071615
0 0.328009 0.567969 0.058796 0.065625
0 0.894676 0.882422 0.062500 0.059115
0 0.089583 0.172786 0.118981 0.030469
0 0.143981 0.584896 0.061111 0.057813
0 0.642361 0.243099 0.113426 0.030469
0 0.059491 0.711849 0.040278 0.077344
0 0.508102 0.494401 0.057870 0.053906
0 0.068750 0.460547 0.049537 0.059115
0 0.223843 0.472656 0.054167 0.052083
0 0.050926 0.309505 0.041667 0.064323
0 0.360417 0.850911 0.049537 0.053385
0 0.181019 0.495703 0.042593 0.056510
0 0.804861 0.194922 0.105093 0.022656
0 0.871991 0.233984 0.081944 0.027865
0 0.562963 0.825781 0.112037 0.018750
0 0.071065 0.818620 0.044907 0.046094
0 0.193750 0.459245 0.040278 0.051302
0 0.397454 0.814714 0.040278 0.048698
0 0.258565 0.517839 0.086574 0.022656
0 0.432176 0.832943 0.044907 0.043490
0 0.175231 0.868099 0.077315 0.025260
0 0.422917 0.577083 0.091204 0.021354
0 0.496991 0.762370 0.044907 0.042969
0 0.730787 0.826432 0.095833 0.020052
0 0.823380 0.175391 0.095833 0.020052
0 0.510880 0.183203 0.072685 0.025260
0 0.671296 0.322526 0.078704 0.022656
0 0.832639 0.140234 0.077315 0.022656
0 0.212269 0.637630 0.040278 0.043490
0 0.146991 0.564714 0.039352 0.043490
0 0.628935 0.276953 0.114352 0.014844
0 0.780093 0.812109 0.074074 0.022656
0 0.795602 0.261328 0.040278 0.040885
0 0.339583 0.358984 0.072685 0.022656
0 0.233102 0.509766 0.072685 0.022135
0 0.274306 0.385026 0.090278 0.017448
0 0.098380 0.581641 0.025463 0.061719
0 0.788657 0.325130 0.026389 0.059115
0 0.902083 0.351172 0.068056 0.022656
0 0.897454 0.379557 0.040278 0.037760
0 0.309491 0.299089 0.031019 0.048698
0 0.052546 0.792578 0.026389 0.056510
0 0.427546 0.715755 0.081944 0.017448
0 0.980324 0.717057 0.020833 0.066927
0 0.536343 0.382422 0.031019 0.043490
0 0.253935 0.582943 0.031019 0.043490
0 0.248148 0.172526 0.037963 0.035156
0 0.105324 0.622005 0.076389 0.017448
0 0.476157 0.594401 0.068056 0.019531
0 0.175231 0.232422 0.068056 0.019531
0 0.499306 0.441016 0.086574 0.014844
0 0.110417 0.779557 0.031019 0.040885
0 0.492361 0.797526 0.035648 0.035156
0 0.519676 0.312109 0.071759 0.017448
0 0.233102 0.732422 0.063426 0.019531
0 0.719213 0.682943 0.063426 0.019531
0 0.432176 0.747005 0.070833 0.017448
0 0.920602 0.649089 0.021759 0.055990
0 0.344213 0.316016 0.026389 0.046094
0 0.567593 0.725521 0.028704 0.042188
0 0.630093 0.202734 0.098148 0.012240
0 0.145139 0.310547 0.026389 0.045573
0 0.288657 0.318359 0.026389 0.045573
0 0.691435 0.437760 0.063426 0.018750
0 0.534028 0.732031 0.026389 0.044792
0 0.608102 0.304297 0.035648 0.033073
0 0.559491 0.140234 0.095833 0.012240
0 0.302546 0.332943 0.035648 0.033073
0 0.452546 0.684505 0.067130 0.017448
0 0.647454 0.650391 0.021759 0.053385
0 0.274769 0.358984 0.026389 0.043490
0 0.909028 0.569922 0.026389 0.043490
0 0.499306 0.397396 0.031019 0.036979
0 0.253935 0.342057 0.021759 0.051302
0 0.286343 0.258724 0.031019 0.035677
0 0.133565 0.433203 0.031019 0.035677
0 0.209954 0.698828 0.026389 0.040885
0 0.446065 0.645443 0.061574 0.017448
0 0.741898 0.357682 0.071759 0.014844
0 0.459954 0.177734 0.026389 0.040365
0 0.786343 0.385026 0.086574 0.012240
0 0.403935 0.282161 0.025463 0.040885
0 0.777083 0.267839 0.031019 0.033073
0 0.226157 0.231380 0.031019 0.033073
0 0.207639 0.267839 0.031019 0.033073
0 0.514352 0.821224 0.033333 0.030469
0 0.240046 0.412370 0.021759 0.046094
0 0.152083 0.360286 0.021759 0.046094
0 0.249306 0.202734 0.077315 0.012240
0 0.216898 0.408464 0.021759 0.043490
0 0.494676 0.991146 0.058796 0.016146
0 0.865046 0.559505 0.021759 0.043490
0 0.892824 0.504818 0.021759 0.043490
0 0.226157 0.334245 0.031019 0.030469
0 0.029398 0.500911 0.026389 0.035677
0 0.628472 0.103776 0.076389 0.012240
0 0.918287 0.841797 0.026389 0.035156
0 0.124306 0.764583 0.021759 0.042188
0 0.589583 0.184896 0.026389 0.033854
0 0.557176 0.663672 0.072685 0.012240
0 0.753935 0.279557 0.021759 0.040885
0 0.422454 0.499609 0.071759 0.012240
0 0.167130 0.776693 0.061111 0.014323
0 0.737269 0.654557 0.090278 0.009635
0 0.138194 0.678646 0.021759 0.039583
0 0.922917 0.299089 0.017130 0.048698
0 0.175231 0.356380 0.021759 0.038281
0 0.663194 0.481120 0.025463 0.032552
0 0.535880 0.124609 0.067130 0.012240
0 0.840741 0.588151 0.065741 0.012240
0 0.089583 0.263932 0.054167 0.014844
0 0.617361 0.662109 0.026389 0.029948
0 0.670139 0.780599 0.067130 0.011719
0 0.647454 0.594661 0.021759 0.035677
0 0.277083 0.883724 0.021759 0.035677
0 0.749306 0.680599 0.021759 0.035677
0 0.774769 0.398047 0.063426 0.012240
0 0.422917 0.379818 0.063426 0.012240
0 0.375463 0.534766 0.051852 0.014844
0 0.763194 0.464193 0.021759 0.035156
0 0.679861 0.135417 0.058796 0.013021
0 0.936343 0.383464 0.025463 0.029948
0 0.279398 0.442708 0.026389 0.028646
0 0.411343 0.368099 0.077315 0.009635
0 0.277083 0.907813 0.068056 0.010937
0 0.851157 0.648047 0.058796 0.012240
0 0.892824 0.595964 0.058796 0.012240
0 0.656713 0.771484 0.049537 0.014323
0 0.075231 0.502214 0.016204 0.043490
0 0.179861 0.698828 0.021759 0.030469
0 0.031713 0.232682 0.021759 0.030469
0 0.288657 0.174089 0.017130 0.038281
0 0.431713 0.211849 0.025463 0.025260
0 0.322222 0.868099 0.065741 0.009635
0 0.258565 0.681641 0.049537 0.011719
0 0.109954 0.478776 0.020833 0.027865
0 0.274306 0.604818 0.016204 0.035156
0 0.362731 0.611328 0.017130 0.032552
0 0.232639 0.554297 0.016204 0.033073
0 0.413657 0.545182 0.054167 0.009635
0 0.334954 0.813411 0.054167 0.009635
0 0.226157 0.145443 0.040278 0.012240
0 0.429861 0.776302 0.058796 0.008333
0 0.385880 0.616797 0.017130 0.027865
0 0.962731 0.004557 0.071759 0.006510
0 0.251620 0.655599 0.017130 0.027344
0 0.890509 0.659766 0.017130 0.025260
0 0.464583 0.834245 0.044907 0.009635
0 0.043287 0.184505 0.017130 0.022656
0 0.010880 0.551693 0.017130 0.022656
0 0.664815 0.796224 0.056481 0.006510
0 0.448380 0.520443 0.049537 0.007031
0 0.797454 0.694922 0.016204 0.017448
