0 0.628935 0.780208 0.058796 0.083854
0 0.149769 0.649349 0.054167 0.072135
0 0.774769 0.360286 0.109722 0.030469
0 0.728472 0.825130 0.100463 0.033073
0 0.802546 0.614193 0.100463 0.033073
0 0.279398 0.148047 0.054167 0.059115
0 0.341898 0.616797 0.095833 0.033073
0 0.842361 0.361589 0.094907 0.033073
0 0.608102 0.467057 0.100463 0.030469
0 0.156713 0.446224 0.049537 0.061719
0 0.052546 0.229818 0.100463 0.029948
0 0.558333 0.654557 0.047222 0.061719
0 0.452546 0.648698 0.094907 0.029167
0 0.476157 0.098568 0.049537 0.053906
0 0.825694 0.809505 0.109722 0.022656
0 0.214583 0.845964 0.044907 0.053906
0 0.466898 0.377214 0.049537 0.048698
0 0.234954 0.340755 0.085648 0.027865
0 0.147454 0.351172 0.105093 0.022656
0 0.721528 0.800391 0.114352 0.020052
0 0.056019 0.988542 0.107407 0.021354
0 0.575694 0.137630 0.081944 0.027865
0 0.552083 0.261328 0.090278 0.025260
0 0.086806 0.838151 0.030093 0.074740
0 0.388194 0.640885 0.040278 0.055208
0 0.177546 0.231120 0.044907 0.048177
0 0.214583 0.617839 0.109722 0.019531
0 0.332639 0.649349 0.105093 0.020052
0 0.534028 0.463151 0.091204 0.022656
0 0.052083 0.775651 0.034722 0.059115
0 0.438657 0.792578 0.039352 0.051302
0 0.466898 0.267839 0.114352 0.017448
0 0.508565 0.243099 0.077315 0.025260
0 0.279398 0.275391 0.035648 0.053385
0 0.024769 0.709896 0.044907 0.042188
0 0.297917 0.686198 0.044907 0.041667
0 0.788657 0.382422 0.081944 0.022656
0 0.587269 0.769141 0.040278 0.046094
0 0.388194 0.373307 0.040278 0.046094
0 0.626620 0.541276 0.081944 0.022656
0 0.779398 0.336849 0.044907 0.040885
0 0.339583 0.149349 0.044907 0.040885
0 0.654398 0.120703 0.072685 0.025260
0 0.779398 0.188411 0.072685 0.025260
0 0.589583 0.386328 0.118981 0.014844
0 0.487731 0.010026 0.100463 0.017448
0 0.633565 0.898047 0.077315 0.022656
0 0.522454 0.868099 0.086574 0.020052
0 0.578009 0.730078 0.114352 0.014844
0 0.226157 0.255859 0.086574 0.019531
0 0.351157 0.748047 0.040278 0.040365
0 0.716898 0.375260 0.040278 0.039583
0 0.498148 0.136328 0.037963 0.040885
0 0.200694 0.543880 0.035648 0.043490
0 0.800231 0.204036 0.077315 0.020052
0 0.557176 0.554948 0.081944 0.018750
0 0.619213 0.228776 0.067130 0.022656
0 0.795602 0.142839 0.031019 0.048698
0 0.665972 0.502214 0.031019 0.048698
0 0.332639 0.592057 0.031019 0.046094
0 0.233102 0.710547 0.081944 0.017448
0 0.216435 0.667578 0.094907 0.014844
0 0.785880 0.568359 0.020833 0.066406
0 0.168287 0.515234 0.035648 0.038281
0 0.756250 0.697526 0.035648 0.038281
0 0.406713 0.455339 0.031019 0.043490
0 0.480787 0.452734 0.077315 0.017448
0 0.869213 0.249609 0.076389 0.017448
0 0.501620 0.208984 0.091204 0.014323
0 0.659722 0.202734 0.074074 0.017448
0 0.628935 0.851172 0.105093 0.012240
0 0.510880 0.842057 0.063426 0.020052
0 0.874306 0.763932 0.031019 0.040885
0 0.543287 0.149089 0.063426 0.019531
0 0.686806 0.108984 0.100463 0.012240
0 0.767361 0.690755 0.030093 0.040365
0 0.788657 0.088802 0.063426 0.018750
0 0.865046 0.106380 0.031019 0.038281
0 0.693750 0.095964 0.068056 0.017448
0 0.559491 0.507422 0.031019 0.038281
0 0.742361 0.280599 0.100463 0.011719
0 0.522454 0.584245 0.058796 0.020052
0 0.470370 0.672786 0.028704 0.040885
0 0.281713 0.623958 0.031019 0.036979
0 0.588426 0.424740 0.033333 0.034375
0 0.415972 0.512370 0.095833 0.011719
0 0.880787 0.525651 0.025463 0.043490
0 0.038657 0.377214 0.063426 0.017448
0 0.223380 0.993750 0.099537 0.010937
0 0.538657 0.289974 0.072685 0.014844
0 0.074537 0.556901 0.061111 0.017448
0 0.814120 0.869141 0.031019 0.032552
0 0.626620 0.327734 0.081944 0.012240
0 0.369676 0.355078 0.021759 0.046094
0 0.446065 0.322526 0.081944 0.012240
0 0.719213 0.267839 0.081944 0.012240
0 0.034028 0.132161 0.026389 0.037760
0 0.531713 0.098307 0.058796 0.016927
0 0.121528 0.749609 0.081019 0.012240
0 0.642824 0.709245 0.031019 0.030469
0 0.409028 0.252214 0.054167 0.017448
0 0.450694 0.342057 0.026389 0.035677
0 0.534028 0.250911 0.063426 0.014844
0 0.846065 0.710547 0.076389 0.012240
0 0.446528 0.470964 0.053241 0.017448
0 0.270139 0.368359 0.026389 0.035156
0 0.381250 0.411068 0.072685 0.012240
0 0.091898 0.393880 0.021759 0.040365
0 0.078009 0.378255 0.021759 0.040365
0 0.203009 0.649349 0.058796 0.014844
0 0.672917 0.587891 0.026389 0.032552
0 0.351157 0.235026 0.058796 0.014323
0 0.107639 0.788672 0.025463 0.033073
0 0.626620 0.101172 0.017130 0.048698
0 0.388194 0.273047 0.021759 0.038281
0 0.415972 0.228776 0.068056 0.012240
0 0.707639 0.577734 0.021759 0.038281
0 0.253935 0.215755 0.068056 0.012240
0 0.498843 0.278255 0.067130 0.012240
0 0.531250 0.707943 0.020833 0.038281
0 0.649769 0.288672 0.063426 0.012240
0 0.626620 0.267839 0.063426 0.012240
0 0.828009 0.110286 0.021759 0.035677
0 0.256250 0.533464 0.017130 0.043490
0 0.392824 0.120703 0.077315 0.009635
0 0.545602 0.673698 0.021759 0.033854
0 0.777083 0.115495 0.049537 0.014844
0 0.536343 0.364193 0.058796 0.012240
0 0.112269 0.517839 0.016204 0.043490
0 0.867361 0.852474 0.017130 0.040885
0 0.789815 0.913672 0.056481 0.012240
0 0.665509 0.679297 0.020833 0.033073
0 0.536343 0.084245 0.021759 0.030469
0 0.684028 0.177995 0.067130 0.009635
0 0.362731 0.206641 0.017130 0.035677
0 0.723843 0.618099 0.017130 0.035677
0 0.645139 0.425391 0.063426 0.009635
0 0.510880 0.104427 0.072685 0.008333
0 0.575694 0.326172 0.017130 0.035156
0 0.027083 0.259766 0.049537 0.011719
0 0.774306 0.839453 0.016204 0.035677
0 0.121991 0.219401 0.063426 0.009115
0 0.362731 0.278255 0.017130 0.033073
0 0.233102 0.366797 0.017130 0.033073
0 0.647454 0.133724 0.058796 0.009635
0 0.408565 0.398047 0.016204 0.033073
0 0.760880 0.563411 0.054167 0.009635
0 0.432176 0.636328 0.017130 0.025260
0 0.684491 0.353776 0.012500 0.033073
0 0.200231 0.365495 0.016204 0.020052
0 0.538657 0.028255 0.026389 0.007031
0 0.006250 0.622266 0.007870 0.016927
0 0.505787 0.997656 0.025463 0.003125
