0 0.839583 0.856380 0.100463 0.111198
0 0.119676 0.218359 0.077315 0.090365
0 0.116204 0.860286 0.144444 0.046094
0 0.888194 0.145182 0.151389 0.042969
0 0.897454 0.349870 0.058796 0.066927
0 0.547917 0.133464 0.063426 0.061198
0 0.883565 0.187760 0.132870 0.029167
0 0.183333 0.775000 0.116667 0.031771
0 0.619676 0.443620 0.105093 0.030469
0 0.073380 0.765885 0.105093 0.029167
0 0.471528 0.530859 0.105093 0.027865
0 0.890509 0.409766 0.044907 0.061719
0 0.485417 0.691016 0.049537 0.051302
0 0.446065 0.217057 0.100463 0.025260
0 0.605787 0.784505 0.040278 0.061198
0 0.117361 0.322526 0.044907 0.053906
0 0.184491 0.525651 0.049537 0.048698
0 0.383565 0.101172 0.105093 0.022656
0 0.391667 0.444922 0.084259 0.027865
0 0.198380 0.888932 0.114352 0.020052
0 0.588426 0.472266 0.088889 0.025260
0 0.397454 0.890234 0.086574 0.022656
0 0.071065 0.678646 0.091204 0.021354
0 0.234954 0.602474 0.094907 0.020052
0 0.503935 0.844661 0.040278 0.046094
0 0.260880 0.741797 0.081944 0.022656
0 0.853472 0.420182 0.035648 0.051302
0 0.083796 0.637630 0.079630 0.022656
0 0.230787 0.681901 0.077315 0.022656
0 0.286343 0.726172 0.077315 0.022656
0 0.272454 0.679297 0.040278 0.043490
0 0.425231 0.297786 0.086574 0.020052
0 0.647454 0.498047 0.086574 0.019531
0 0.472685 0.175391 0.033333 0.050260
0 0.346528 0.481380 0.095833 0.017448
0 0.318750 0.305599 0.040278 0.040885
0 0.177546 0.792578 0.081944 0.020052
0 0.583796 0.723568 0.033333 0.048698
0 0.855787 0.099219 0.040278 0.039583
0 0.672454 0.832682 0.071759 0.022135
0 0.818750 0.217057 0.105093 0.014844
0 0.626620 0.523047 0.035648 0.043490
0 0.155556 0.590755 0.028704 0.053906
0 0.612731 0.184245 0.091204 0.016927
0 0.392824 0.314714 0.068056 0.022656
0 0.510880 0.344010 0.081944 0.018750
0 0.457176 0.792578 0.076389 0.020052
0 0.763194 0.366536 0.040278 0.037760
0 0.538657 0.818620 0.026389 0.056510
0 0.506250 0.161068 0.026389 0.053906
0 0.700694 0.134766 0.063426 0.022135
0 0.506250 0.412370 0.026389 0.051302
0 0.205324 0.513932 0.026389 0.051302
0 0.328009 0.603776 0.031019 0.043490
0 0.380787 0.273047 0.034722 0.038281
0 0.463426 0.480729 0.061111 0.021354
0 0.066435 0.611589 0.026389 0.048698
0 0.186806 0.319922 0.026389 0.048698
0 0.256250 0.305599 0.035648 0.035677
0 0.679861 0.439063 0.021759 0.057813
0 0.584491 0.095964 0.071759 0.017448
0 0.348380 0.279557 0.062500 0.020052
0 0.328009 0.706380 0.031019 0.040365
0 0.117361 0.453776 0.035648 0.035156
0 0.578009 0.892188 0.077315 0.016146
0 0.413657 0.901693 0.063426 0.019531
0 0.446065 0.774089 0.063426 0.019531
0 0.496991 0.892839 0.100463 0.012240
0 0.446065 0.253516 0.081944 0.014844
0 0.381250 0.727474 0.026389 0.046094
0 0.570602 0.158203 0.071759 0.016927
0 0.536343 0.870703 0.058796 0.020052
0 0.327546 0.456641 0.076389 0.014844
0 0.146991 0.852474 0.076389 0.014844
0 0.321065 0.155859 0.091204 0.012240
0 0.390509 0.508724 0.026389 0.040885
0 0.840741 0.301042 0.028704 0.036979
0 0.927083 0.409766 0.025463 0.040885
0 0.347685 0.397786 0.024074 0.042969
0 0.376620 0.595964 0.026389 0.038281
0 0.915972 0.469661 0.021759 0.046094
0 0.507407 0.210547 0.056481 0.017448
0 0.415972 0.110026 0.068056 0.014323
0 0.334954 0.761719 0.026389 0.036458
0 0.170602 0.239193 0.021759 0.043490
0 0.427546 0.834245 0.026389 0.035677
0 0.441435 0.823568 0.026389 0.035156
0 0.596065 0.853516 0.020833 0.042969
0 0.899306 0.883464 0.025463 0.035156
0 0.654398 0.821224 0.091204 0.009635
0 0.540972 0.185547 0.021759 0.040365
0 0.742361 0.882422 0.017130 0.048698
0 0.388194 0.465755 0.068056 0.012240
0 0.353472 0.816016 0.026389 0.030469
0 0.751620 0.511328 0.026389 0.030469
0 0.756250 0.472266 0.054167 0.014844
0 0.531713 0.711849 0.021759 0.035677
0 0.242361 0.098568 0.063426 0.012240
0 0.020139 0.408464 0.017130 0.043490
0 0.557176 0.780599 0.017130 0.042969
0 0.957639 0.117188 0.021759 0.033854
0 0.744676 0.105078 0.049537 0.014844
0 0.325694 0.871745 0.026389 0.027344
0 0.328009 0.465755 0.058796 0.012240
0 0.094213 0.875911 0.072685 0.009635
0 0.334491 0.811849 0.025463 0.027344
0 0.353009 0.675391 0.016204 0.040885
0 0.455324 0.704036 0.026389 0.025260
0 0.184491 0.370703 0.068056 0.009635
0 0.057176 0.274349 0.017130 0.035677
0 0.473843 0.558203 0.063426 0.009635
0 0.191435 0.120703 0.063426 0.009635
0 0.777083 0.119401 0.021759 0.027865
0 0.897454 0.124349 0.049537 0.011719
0 0.216898 0.901953 0.058796 0.009635
0 0.579861 0.783464 0.016204 0.033073
0 0.219213 0.808203 0.054167 0.009635
0 0.265046 0.699870 0.043981 0.011719
0 0.045602 0.835547 0.058796 0.007031
0 0.973380 0.186068 0.016204 0.024740
0 0.742361 0.319661 0.054167 0.006510
0 0.936806 0.888932 0.017130 0.020052
0 0.746991 0.789974 0.017130 0.020052
0 0.369676 0.120052 0.040278 0.008333
0 0.561806 0.041016 0.026389 0.006510
