0 0.540972 0.615495 0.225463 0.035677
0 0.781713 0.055990 0.068056 0.067708
0 0.850694 0.368099 0.131944 0.030469
0 0.529398 0.554297 0.044907 0.079948
0 0.649306 0.894792 0.108796 0.031771
0 0.869676 0.095964 0.105093 0.027865
0 0.066435 0.740495 0.035648 0.077344
0 0.895139 0.067318 0.109722 0.022656
0 0.840741 0.312109 0.102778 0.022656
0 0.871991 0.511328 0.044907 0.051302
0 0.975000 0.700130 0.047222 0.048698
0 0.117361 0.150651 0.035648 0.059115
0 0.147454 0.744141 0.031019 0.063802
0 0.244676 0.236589 0.040278 0.043490
0 0.172917 0.276953 0.035648 0.046094
0 0.473843 0.869401 0.091204 0.017448
0 0.274769 0.137630 0.128241 0.012240
0 0.096065 0.554036 0.067130 0.022135
0 0.413657 0.192318 0.026389 0.048698
0 0.126620 0.091406 0.026389 0.044792
0 0.159028 0.119401 0.026389 0.043490
0 0.300231 0.546484 0.021759 0.043490
0 0.823380 0.473307 0.021759 0.042969
0 0.515509 0.082943 0.072685 0.012240
0 0.716898 0.821224 0.058796 0.014844
0 0.140509 0.094661 0.017130 0.040885
0 0.746991 0.321224 0.026389 0.025260
0 0.939120 0.105078 0.021759 0.030469
0 0.494676 0.243099 0.068056 0.009635
0 0.684028 0.244141 0.048611 0.011719
0 0.368519 0.606120 0.047222 0.011719
0 0.990046 0.798828 0.012500 0.042969
0 0.196065 0.151953 0.017130 0.030469
0 0.762037 0.458984 0.056481 0.009115
