0 0.534028 0.619401 0.230093 0.053906
0 0.959954 0.618099 0.072685 0.139844
0 0.881250 0.070573 0.165278 0.034375
0 0.800231 0.538672 0.068056 0.074740
0 0.914815 0.809505 0.167593 0.027865
0 0.181713 0.823828 0.127315 0.035677
0 0.110417 0.765234 0.058796 0.059115
0 0.078009 0.387630 0.031019 0.105990
0 0.756250 0.071875 0.100463 0.031771
0 0.721528 0.560807 0.123611 0.025260
0 0.802546 0.141536 0.054167 0.056510
0 0.788194 0.625911 0.043981 0.066927
0 0.841898 0.099870 0.049537 0.056510
0 0.816435 0.066016 0.091204 0.030469
0 0.736574 0.439714 0.098148 0.027865
0 0.260417 0.120703 0.053241 0.051302
0 0.205324 0.615495 0.044907 0.056510
0 0.540972 0.230078 0.095833 0.025260
0 0.098843 0.532161 0.035648 0.066927
0 0.758565 0.210547 0.040278 0.059115
0 0.571065 0.043880 0.100463 0.022656
0 0.154398 0.559896 0.035648 0.059896
0 0.888194 0.377214 0.114352 0.017448
0 0.101157 0.812109 0.040278 0.048698
0 0.863889 0.878516 0.037963 0.051302
0 0.565972 0.561458 0.118056 0.016146
0 0.340741 0.250000 0.037963 0.049479
0 0.413657 0.168880 0.081944 0.022656
0 0.682176 0.534505 0.072685 0.024740
0 0.557176 0.096615 0.128241 0.013542
0 0.691435 0.306901 0.035648 0.048698
0 0.966898 0.574870 0.031019 0.053385
0 0.206481 0.502214 0.028704 0.053906
0 0.890509 0.009766 0.091204 0.016927
0 0.906713 0.338151 0.021759 0.064323
0 0.786343 0.259766 0.077315 0.016927
0 0.737731 0.127214 0.100463 0.012240
0 0.961806 0.772786 0.020833 0.058594
0 0.686343 0.230339 0.034722 0.035156
0 0.564120 0.062109 0.095833 0.012240
0 0.816435 0.320964 0.081944 0.014323
0 0.888194 0.275391 0.021759 0.053385
0 0.803704 0.485286 0.019444 0.056510
0 0.022454 0.522396 0.021759 0.047396
0 0.865046 0.560807 0.021759 0.040885
0 0.806713 0.705339 0.016204 0.048698
0 0.278935 0.045182 0.025463 0.030469
0 0.371991 0.086849 0.072685 0.009635
0 0.977315 0.802734 0.042593 0.014323
0 0.797454 0.440755 0.062500 0.009115
0 0.098843 0.993099 0.044907 0.009635
