0 0.755093 0.658203 0.181481 0.053385
0 0.246991 0.612240 0.156019 0.044792
0 0.714583 0.795182 0.063426 0.092969
0 0.216898 0.213151 0.123611 0.038281
0 0.934491 0.568620 0.049537 0.087760
0 0.617361 0.176693 0.118981 0.033073
0 0.809491 0.105078 0.058796 0.061719
0 0.716435 0.668880 0.104167 0.033073
0 0.280556 0.774349 0.047222 0.072135
0 0.828009 0.523047 0.049537 0.064323
0 0.168287 0.933203 0.100463 0.030469
0 0.114583 0.676693 0.131944 0.022656
0 0.105787 0.539974 0.095833 0.030469
0 0.450694 0.914974 0.091204 0.030469
0 0.809028 0.315365 0.113426 0.023958
0 0.565278 0.094661 0.088889 0.030469
0 0.142824 0.361589 0.114352 0.022656
0 0.023611 0.286068 0.047222 0.053906
0 0.628935 0.137630 0.049537 0.048698
0 0.092593 0.800391 0.050926 0.046094
0 0.821065 0.817318 0.081944 0.027865
0 0.214583 0.694922 0.035648 0.059115
0 0.540972 0.847005 0.040278 0.050781
0 0.770139 0.875651 0.081944 0.024740
0 0.309028 0.633464 0.039352 0.050781
0 0.462269 0.866797 0.086574 0.022656
0 0.828009 0.572526 0.086574 0.022656
0 0.084954 0.744401 0.044907 0.043490
0 0.470370 0.422786 0.037963 0.051302
0 0.739583 0.528255 0.085648 0.022656
0 0.177546 0.177995 0.128241 0.014844
0 0.475000 0.504557 0.084259 0.022135
0 0.659028 0.599870 0.044907 0.040885
0 0.196065 0.581641 0.091204 0.020052
0 0.802546 0.261068 0.035648 0.050781
0 0.181713 0.268490 0.071759 0.023958
0 0.674074 0.295182 0.084259 0.020052
0 0.881250 0.722917 0.035648 0.047396
0 0.235417 0.861589 0.031019 0.053906
0 0.128935 0.697526 0.095833 0.017448
0 0.098843 0.361589 0.072685 0.022656
0 0.483102 0.483984 0.072685 0.022656
0 0.415972 0.831641 0.040278 0.040885
0 0.795602 0.771745 0.040278 0.040885
0 0.186806 0.459245 0.081944 0.020052
0 0.906713 0.755859 0.040278 0.040365
0 0.589120 0.736589 0.071759 0.022656
0 0.487731 0.693359 0.026389 0.061198
0 0.473843 0.733724 0.072685 0.022135
0 0.427546 0.255859 0.081944 0.019531
0 0.232639 0.416276 0.090278 0.017448
0 0.156713 0.344661 0.105093 0.014844
0 0.184491 0.862891 0.077315 0.020052
0 0.328009 0.241797 0.068056 0.022656
0 0.771991 0.103776 0.067130 0.022656
0 0.350694 0.220964 0.085648 0.017448
0 0.715741 0.377214 0.037963 0.038281
0 0.427546 0.523047 0.081944 0.017448
0 0.078009 0.875911 0.031019 0.046094
0 0.811806 0.737891 0.026389 0.051302
0 0.605787 0.494401 0.031019 0.043490
0 0.177083 0.903255 0.034722 0.038281
0 0.507407 0.896745 0.028704 0.046094
0 0.663657 0.360938 0.035648 0.036979
0 0.402083 0.189714 0.031019 0.042448
0 0.326852 0.892839 0.075000 0.017448
0 0.750463 0.728776 0.033333 0.038281
0 0.936806 0.638932 0.035648 0.035677
0 0.547917 0.924089 0.072685 0.017448
0 0.784028 0.598568 0.072685 0.017448
0 0.895139 0.394792 0.026389 0.047396
0 0.084954 0.836589 0.035648 0.035156
0 0.561343 0.711849 0.034722 0.035677
0 0.608102 0.827734 0.100463 0.012240
0 0.175231 0.437109 0.031019 0.038281
0 0.874306 0.270443 0.031019 0.038281
0 0.121991 0.249349 0.100463 0.011719
0 0.441435 0.546224 0.035648 0.032552
0 0.818750 0.639974 0.068056 0.016927
0 0.744676 0.845703 0.068056 0.016927
0 0.550231 0.524089 0.058796 0.019531
0 0.438657 0.888932 0.076389 0.014844
0 0.841898 0.516536 0.021759 0.051302
0 0.193750 0.800130 0.021759 0.050781
0 0.339583 0.124609 0.063426 0.017448
0 0.205324 0.150651 0.063426 0.017448
0 0.510880 0.387630 0.063426 0.017448
0 0.797917 0.419792 0.026389 0.041667
0 0.913657 0.818620 0.026389 0.040885
0 0.876620 0.865495 0.026389 0.040885
0 0.915509 0.357682 0.030093 0.035677
0 0.601157 0.275651 0.086574 0.012240
0 0.500463 0.564063 0.033333 0.031771
0 0.267824 0.905859 0.058796 0.017448
0 0.057176 0.528255 0.026389 0.038281
0 0.401620 0.930599 0.067130 0.014844
0 0.151620 0.753516 0.067130 0.014844
0 0.929861 0.728516 0.058796 0.016927
0 0.867361 0.759375 0.026389 0.036979
0 0.837269 0.713151 0.021759 0.043490
0 0.212269 0.827734 0.077315 0.012240
0 0.753935 0.180599 0.031019 0.030469
0 0.434491 0.592057 0.031019 0.030469
0 0.637037 0.320964 0.065741 0.014323
0 0.885880 0.782161 0.063426 0.014844
0 0.371528 0.120703 0.062500 0.014844
0 0.147454 0.209896 0.021759 0.042188
0 0.976157 0.875260 0.031019 0.029167
0 0.360417 0.844661 0.021759 0.040885
0 0.096528 0.870703 0.021759 0.040885
0 0.329167 0.306250 0.024074 0.036979
0 0.971528 0.735026 0.021759 0.040365
0 0.197917 0.310156 0.030093 0.029167
0 0.837269 0.920182 0.058796 0.014844
0 0.909028 0.588151 0.026389 0.033073
0 0.697222 0.875651 0.028704 0.029948
0 0.334491 0.187109 0.025463 0.033073
0 0.052546 0.384375 0.026389 0.031771
0 0.184491 0.395443 0.021759 0.038281
0 0.605787 0.434505 0.021759 0.038281
0 0.137731 0.804297 0.020833 0.038281
0 0.376620 0.857682 0.017130 0.046094
0 0.427546 0.162370 0.081944 0.009635
0 0.792824 0.349870 0.053241 0.014844
0 0.948380 0.784505 0.021759 0.035156
0 0.873843 0.118099 0.020833 0.035677
0 0.552546 0.486328 0.063426 0.011719
0 0.668287 0.463151 0.026389 0.027865
0 0.671759 0.435807 0.024074 0.030469
0 0.582639 0.135026 0.021759 0.033073
0 0.726157 0.273047 0.058796 0.012240
0 0.336806 0.148047 0.057870 0.012240
0 0.409028 0.308203 0.017130 0.040885
0 0.821065 0.508724 0.017130 0.040885
0 0.135417 0.706641 0.071759 0.009635
0 0.219213 0.333333 0.017130 0.039062
0 0.103472 0.914714 0.072685 0.009115
0 0.881250 0.654557 0.026389 0.025260
0 0.325694 0.853776 0.054167 0.012240
0 0.436806 0.372005 0.017130 0.038281
0 0.786343 0.336849 0.068056 0.009635
0 0.719213 0.624609 0.017130 0.038281
0 0.343750 0.133464 0.071759 0.009115
0 0.765046 0.364193 0.053241 0.012240
0 0.212269 0.138672 0.068056 0.009115
0 0.547917 0.573828 0.063426 0.009635
0 0.135417 0.909766 0.062500 0.009635
0 0.376620 0.180339 0.017130 0.035156
0 0.910185 0.847005 0.065741 0.009115
0 0.315972 0.344661 0.016204 0.035677
0 0.927083 0.677995 0.016204 0.035677
0 0.663657 0.398047 0.017130 0.033073
0 0.867361 0.718359 0.017130 0.033073
0 0.409028 0.232682 0.017130 0.030469
0 0.223843 0.641536 0.017130 0.030469
0 0.825694 0.799089 0.017130 0.027865
0 0.885880 0.330339 0.017130 0.027865
0 0.131250 0.311849 0.017130 0.027344
0 0.721528 0.303646 0.021759 0.021354
0 0.682176 0.122005 0.035648 0.012240
0 0.376620 0.218359 0.035648 0.012240
0 0.894676 0.358333 0.016204 0.026562
0 0.788657 0.231120 0.017130 0.022135
0 0.920139 0.323828 0.011574 0.030469
0 0.422917 0.112240 0.017130 0.018750
0 0.652083 0.282161 0.012500 0.025260
0 0.284722 0.496745 0.046296 0.006510
0 0.494213 0.056901 0.020833 0.007031
