0 0.106944 0.744401 0.107407 0.116406
0 0.538657 0.619401 0.230093 0.048698
0 0.793287 0.139583 0.137500 0.042188
0 0.895139 0.068620 0.137500 0.035677
0 0.638194 0.133724 0.188426 0.025260
0 0.786343 0.780859 0.040278 0.079948
0 0.598843 0.778255 0.054167 0.053906
0 0.841898 0.842057 0.049537 0.056510
0 0.321065 0.224870 0.091204 0.030469
0 0.642824 0.164974 0.105093 0.025260
0 0.397454 0.296224 0.095833 0.027344
0 0.313657 0.323828 0.122685 0.020052
0 0.119676 0.614583 0.049537 0.049479
0 0.924769 0.041276 0.085648 0.027865
0 0.223843 0.622396 0.109722 0.018229
0 0.425231 0.262630 0.114352 0.017448
0 0.910880 0.812109 0.030093 0.064323
0 0.334491 0.485938 0.034722 0.052604
0 0.772454 0.821224 0.031019 0.056510
0 0.737731 0.806901 0.035648 0.048698
0 0.297917 0.409766 0.026389 0.061719
0 0.326852 0.444922 0.065741 0.022656
0 0.325694 0.360286 0.026389 0.051302
0 0.932176 0.116797 0.091204 0.012240
0 0.522454 0.224870 0.031019 0.035677
0 0.968056 0.051693 0.061111 0.017448
0 0.531713 0.155859 0.021759 0.048698
0 0.968056 0.105078 0.061111 0.014844
0 0.973843 0.659766 0.017130 0.051302
0 0.973843 0.155859 0.026389 0.033073
0 0.698380 0.461849 0.086574 0.009635
0 0.561343 0.579036 0.016204 0.046094
0 0.986574 0.778906 0.024074 0.029167
0 0.101157 0.993099 0.040278 0.009635
