0 0.538657 0.616797 0.230093 0.048698
0 0.845370 0.318359 0.176852 0.040365
0 0.848843 0.467057 0.072685 0.072135
0 0.751157 0.299089 0.155093 0.033073
0 0.378935 0.411068 0.114352 0.038281
0 0.829861 0.286068 0.108796 0.033073
0 0.827546 0.427995 0.057870 0.061719
0 0.633565 0.098568 0.114352 0.027865
0 0.115046 0.757422 0.040278 0.069531
0 0.094213 0.179688 0.044907 0.054688
0 0.259722 0.298828 0.088889 0.027344
0 0.767824 0.180599 0.049537 0.046094
0 0.721528 0.240495 0.040278 0.056510
0 0.830324 0.166276 0.100463 0.022656
0 0.227315 0.819661 0.079630 0.027344
0 0.851157 0.233724 0.095833 0.022135
0 0.951852 0.103776 0.093519 0.022656
0 0.981944 0.160156 0.033333 0.062500
0 0.786343 0.375911 0.132870 0.014844
0 0.255787 0.724870 0.034722 0.056510
0 0.876157 0.101172 0.043981 0.043490
0 0.302546 0.196875 0.044907 0.042188
0 0.944444 0.828776 0.023148 0.076823
0 0.885880 0.822266 0.026389 0.063802
0 0.485417 0.456641 0.077315 0.020052
0 0.890509 0.009375 0.091204 0.016146
0 0.865046 0.125911 0.095833 0.014844
0 0.918287 0.145182 0.081944 0.016927
0 0.825694 0.060807 0.091204 0.014844
0 0.899769 0.486589 0.100463 0.012240
0 0.954167 0.116797 0.070370 0.017448
0 0.216435 0.215495 0.104167 0.011719
0 0.652083 0.317318 0.095833 0.012240
0 0.156713 0.198828 0.021759 0.051302
0 0.788657 0.288672 0.063426 0.017448
0 0.117361 0.125651 0.026389 0.040365
0 0.455324 0.727214 0.072685 0.014323
0 0.929861 0.608984 0.021759 0.043490
0 0.765509 0.573828 0.017130 0.046094
0 0.973843 0.150651 0.017130 0.043490
0 0.922917 0.931901 0.044907 0.012240
0 0.098843 0.990495 0.044907 0.009635
0 0.156713 0.519531 0.012500 0.020833
