0 0.492361 0.464453 0.128241 0.030469
0 0.403241 0.355078 0.144444 0.025260
0 0.573380 0.614193 0.105093 0.033073
0 0.399306 0.108984 0.099537 0.033073
0 0.241204 0.462500 0.051852 0.063021
0 0.413657 0.588151 0.100463 0.027865
0 0.686806 0.209245 0.054167 0.051302
0 0.940972 0.146745 0.108796 0.025260
0 0.263194 0.173828 0.040278 0.063802
0 0.559491 0.530599 0.114352 0.022135
0 0.179861 0.404557 0.095833 0.025260
0 0.374306 0.442318 0.086574 0.027865
0 0.591898 0.247005 0.040278 0.059115
0 0.165972 0.536068 0.105093 0.022656
0 0.841435 0.114193 0.104167 0.022656
0 0.454167 0.425391 0.116667 0.020052
0 0.890509 0.568620 0.044907 0.051302
0 0.608102 0.394141 0.044907 0.051302
0 0.554861 0.230078 0.049537 0.046094
0 0.124306 0.555599 0.086574 0.025260
0 0.203009 0.278255 0.095833 0.022656
0 0.082639 0.624609 0.095833 0.022656
0 0.797917 0.577474 0.044907 0.048177
0 0.668981 0.164974 0.046296 0.046094
0 0.211111 0.778255 0.047222 0.043490
0 0.716435 0.474609 0.104167 0.019531
0 0.473380 0.375911 0.099537 0.020052
0 0.258565 0.101172 0.086574 0.022656
0 0.682176 0.564714 0.044907 0.043490
0 0.665972 0.295833 0.040278 0.047396
0 0.723380 0.365495 0.127315 0.014844
0 0.553241 0.459245 0.092593 0.020052
0 0.231944 0.812109 0.042593 0.043490
0 0.165972 0.140234 0.105093 0.017448
0 0.459954 0.120703 0.072685 0.025260
0 0.154398 0.821224 0.091204 0.020052
0 0.574537 0.661068 0.079630 0.022656
0 0.448380 0.857682 0.031019 0.056510
0 0.929398 0.133724 0.085648 0.020052
0 0.505787 0.666276 0.034722 0.048698
0 0.605787 0.559505 0.095833 0.017448
0 0.272454 0.193620 0.040278 0.040885
0 0.156713 0.763932 0.040278 0.040885
0 0.346528 0.891536 0.040278 0.040885
0 0.455324 0.146745 0.081944 0.020052
0 0.746991 0.573828 0.035648 0.046094
0 0.489583 0.193620 0.039352 0.040885
0 0.821065 0.539714 0.081944 0.019531
0 0.631250 0.247005 0.035648 0.043490
0 0.527083 0.513932 0.077315 0.020052
0 0.369676 0.171484 0.040278 0.038281
0 0.314120 0.890234 0.068056 0.022656
0 0.219213 0.737240 0.081944 0.018750
0 0.101157 0.819661 0.040278 0.037760
0 0.661343 0.499609 0.031019 0.048698
0 0.304861 0.697266 0.068056 0.022135
0 0.314120 0.757422 0.031019 0.047656
0 0.054861 0.171224 0.086574 0.016927
0 0.034722 0.517839 0.064815 0.022656
0 0.311806 0.654297 0.035648 0.040365
0 0.505787 0.497005 0.081019 0.017448
0 0.846528 0.453776 0.031019 0.045573
0 0.188657 0.263932 0.094907 0.014844
0 0.526620 0.313411 0.020833 0.066927
0 0.586111 0.585547 0.028704 0.048698
0 0.225000 0.710547 0.028704 0.048698
0 0.159028 0.585547 0.035648 0.038281
0 0.478472 0.635026 0.035648 0.038281
0 0.096528 0.295182 0.068056 0.020052
0 0.082639 0.158464 0.077315 0.017448
0 0.292130 0.396484 0.033333 0.040365
0 0.322222 0.805339 0.028704 0.045573
0 0.270139 0.683203 0.035648 0.035677
0 0.508565 0.709245 0.031019 0.040885
0 0.133565 0.180599 0.031019 0.040885
0 0.126620 0.225911 0.072685 0.016927
0 0.453009 0.747656 0.031019 0.039583
0 0.302546 0.265885 0.035648 0.034375
0 0.153241 0.664974 0.061111 0.020052
0 0.367361 0.108984 0.035648 0.033073
0 0.723843 0.132422 0.035648 0.033073
0 0.185185 0.868750 0.106481 0.010937
0 0.246991 0.267578 0.035648 0.032552
0 0.549769 0.589453 0.057870 0.020052
0 0.251620 0.377214 0.026389 0.043490
0 0.703009 0.121354 0.031019 0.036979
0 0.515509 0.095964 0.063426 0.017448
0 0.508102 0.448568 0.076389 0.014323
0 0.267824 0.760026 0.021759 0.048698
0 0.597222 0.101172 0.060185 0.017448
0 0.232639 0.576432 0.025463 0.040885
0 0.029398 0.439714 0.026389 0.038281
0 0.800231 0.223307 0.031019 0.032552
0 0.353472 0.642839 0.081944 0.012240
0 0.109259 0.753516 0.019444 0.051302
0 0.539815 0.111589 0.056481 0.017448
0 0.205324 0.823828 0.026389 0.035677
0 0.286343 0.762370 0.021759 0.042969
0 0.475694 0.483984 0.076389 0.012240
0 0.481944 0.788672 0.051852 0.017448
0 0.385880 0.866797 0.072685 0.012240
0 0.212269 0.605078 0.021759 0.040885
0 0.105787 0.487891 0.021759 0.040885
0 0.422917 0.554297 0.072685 0.012240
0 0.079861 0.611589 0.071759 0.012240
0 0.769676 0.092708 0.053241 0.016146
0 0.684028 0.532161 0.020833 0.040885
0 0.323380 0.525651 0.068056 0.012240
0 0.277083 0.439714 0.068056 0.012240
0 0.272454 0.270443 0.021759 0.038281
0 0.568750 0.088151 0.068056 0.012240
0 0.376157 0.141536 0.053241 0.014844
0 0.182176 0.317318 0.063426 0.012240
0 0.939120 0.323828 0.021759 0.035677
0 0.339583 0.137630 0.063426 0.012240
0 0.132407 0.428646 0.047222 0.016146
0 0.760880 0.559505 0.017130 0.043490
0 0.554398 0.318620 0.020833 0.035677
0 0.480324 0.560807 0.048611 0.014844
0 0.718750 0.085547 0.025463 0.027865
0 0.203009 0.722005 0.049537 0.014323
0 0.253935 0.844401 0.077315 0.009115
0 0.121991 0.779557 0.017130 0.040885
0 0.413657 0.563411 0.072685 0.009635
0 0.399769 0.664974 0.017130 0.040885
0 0.325694 0.175391 0.072685 0.009635
0 0.177546 0.704036 0.026389 0.025260
0 0.659028 0.543880 0.017130 0.038281
0 0.853472 0.233984 0.017130 0.038281
0 0.830324 0.507422 0.017130 0.038281
0 0.348843 0.752214 0.017130 0.038281
0 0.064120 0.347005 0.021759 0.029948
0 0.230324 0.229818 0.020833 0.029948
0 0.765046 0.280859 0.016204 0.038281
0 0.825231 0.585547 0.016204 0.038281
0 0.089583 0.206641 0.063426 0.009635
0 0.128935 0.412370 0.058796 0.009635
0 0.054861 0.826432 0.058796 0.009635
0 0.047917 0.317318 0.017130 0.033073
0 0.196065 0.577734 0.017130 0.033073
0 0.082639 0.446224 0.058796 0.009635
0 0.524769 0.530859 0.044907 0.012240
0 0.934491 0.300391 0.021759 0.025260
0 0.216898 0.659766 0.021759 0.025260
0 0.284028 0.790625 0.017130 0.031771
0 0.325694 0.599870 0.017130 0.030469
0 0.529398 0.232682 0.017130 0.030469
0 0.399306 0.120703 0.053241 0.009635
0 0.577546 0.573177 0.020833 0.023958
0 0.207176 0.336849 0.048611 0.009635
0 0.601157 0.141276 0.049537 0.009115
0 0.665972 0.462891 0.068056 0.006510
0 0.425231 0.831641 0.021759 0.020052
0 0.672917 0.105078 0.044907 0.009635
0 0.501620 0.741146 0.054167 0.005729
0 0.598843 0.189714 0.035648 0.007031
