0 0.859954 0.296484 0.039352 0.116406
0 0.601157 0.747656 0.123611 0.036979
0 0.337269 0.344661 0.040278 0.108594
0 0.152083 0.191016 0.142130 0.030469
0 0.244676 0.618099 0.151389 0.025260
0 0.781713 0.674089 0.123611 0.027865
0 0.256250 0.568359 0.054167 0.061198
0 0.472685 0.529557 0.107407 0.030469
0 0.781713 0.362891 0.105093 0.030469
0 0.741204 0.525000 0.116667 0.026562
0 0.051389 0.681901 0.051852 0.059115
0 0.853472 0.761068 0.054167 0.055990
0 0.911343 0.158464 0.105093 0.027865
0 0.588426 0.351562 0.116667 0.023438
0 0.068750 0.534766 0.040278 0.066927
0 0.517824 0.413672 0.151389 0.017448
0 0.219213 0.519141 0.044907 0.056510
0 0.681713 0.758724 0.099537 0.025260
0 0.703009 0.793880 0.086574 0.027865
0 0.348843 0.618099 0.035648 0.066927
0 0.371528 0.786068 0.043981 0.053906
0 0.133102 0.166276 0.039352 0.059115
0 0.906713 0.861589 0.095833 0.022656
0 0.818750 0.562109 0.040278 0.053906
0 0.341898 0.202734 0.095833 0.022656
0 0.175231 0.343359 0.123611 0.017448
0 0.756250 0.260026 0.035648 0.059115
0 0.311806 0.185807 0.081944 0.025260
0 0.501620 0.795182 0.081944 0.025260
0 0.079861 0.302995 0.043981 0.046094
0 0.288657 0.781250 0.109722 0.018229
0 0.572917 0.642839 0.085648 0.022656
0 0.524769 0.478776 0.109722 0.017448
0 0.568287 0.170182 0.094907 0.020052
0 0.500000 0.750651 0.041667 0.045573
0 0.703009 0.586849 0.040278 0.046094
0 0.406713 0.213151 0.077315 0.022656
0 0.884722 0.107682 0.042593 0.040885
0 0.225000 0.748568 0.037963 0.045573
0 0.582176 0.795182 0.085648 0.020052
0 0.344213 0.353776 0.026389 0.064323
0 0.064120 0.775651 0.031019 0.053906
0 0.684491 0.207943 0.095833 0.017448
0 0.457639 0.872005 0.095833 0.017448
0 0.307176 0.476172 0.072685 0.022656
0 0.661343 0.813411 0.040278 0.040885
0 0.175231 0.136328 0.040278 0.040885
0 0.641667 0.903255 0.093519 0.017448
0 0.565972 0.589453 0.081019 0.020052
0 0.447917 0.608984 0.030093 0.053906
0 0.378935 0.897786 0.095833 0.016927
0 0.172917 0.319922 0.091204 0.017448
0 0.670602 0.620703 0.077315 0.020052
0 0.425231 0.490495 0.077315 0.020052
0 0.925231 0.275651 0.040278 0.038281
0 0.128935 0.517839 0.031019 0.048698
0 0.411343 0.379818 0.086574 0.017448
0 0.138194 0.743099 0.031019 0.046094
0 0.890509 0.177734 0.072685 0.019531
0 0.253472 0.133724 0.094907 0.014844
0 0.100694 0.873307 0.030093 0.046094
0 0.066435 0.460547 0.035648 0.038281
0 0.765509 0.680599 0.091204 0.014844
0 0.397454 0.731380 0.031019 0.043490
0 0.531713 0.388672 0.068056 0.019531
0 0.377778 0.526953 0.065741 0.020052
0 0.809491 0.750911 0.086574 0.014844
0 0.453009 0.316016 0.086574 0.014844
0 0.918287 0.206641 0.063426 0.020052
0 0.515509 0.435807 0.063426 0.020052
0 0.619676 0.487891 0.031019 0.040885
0 0.087269 0.149349 0.031019 0.040885
0 0.528935 0.529557 0.062500 0.020052
0 0.026620 0.817318 0.020833 0.059115
0 0.751620 0.118099 0.026389 0.046094
0 0.603472 0.865234 0.026389 0.045573
0 0.934491 0.832943 0.031019 0.038281
0 0.309491 0.577734 0.031019 0.038281
0 0.219213 0.179297 0.035648 0.033073
0 0.672917 0.319922 0.026389 0.043490
0 0.165972 0.607682 0.021759 0.051302
0 0.145139 0.489193 0.091204 0.012240
0 0.253935 0.581641 0.031019 0.035677
0 0.575694 0.153255 0.063426 0.017448
0 0.895139 0.706641 0.026389 0.040885
0 0.800231 0.267839 0.021759 0.048698
0 0.332639 0.306901 0.031019 0.033073
0 0.693750 0.541276 0.031019 0.033073
0 0.781713 0.821224 0.068056 0.014844
0 0.670602 0.865495 0.068056 0.014844
0 0.418287 0.827734 0.026389 0.038281
0 0.207639 0.888932 0.021759 0.046094
0 0.077546 0.676693 0.030093 0.033073
0 0.552546 0.411719 0.072685 0.013542
0 0.230787 0.224219 0.021759 0.044792
0 0.964583 0.803646 0.026389 0.036979
0 0.055556 0.585547 0.078704 0.012240
0 0.617361 0.462891 0.081944 0.011719
0 0.105787 0.150651 0.021759 0.043490
0 0.101157 0.668880 0.021759 0.043490
0 0.149769 0.659766 0.026389 0.035677
0 0.962269 0.275391 0.021759 0.042969
0 0.598843 0.110026 0.026389 0.035156
0 0.837269 0.696875 0.021759 0.042188
0 0.293287 0.161068 0.072685 0.012240
0 0.388194 0.240495 0.021759 0.040885
0 0.654398 0.887630 0.072685 0.012240
0 0.186806 0.207682 0.072685 0.011719
0 0.714583 0.114193 0.017130 0.048698
0 0.804861 0.916016 0.049537 0.016927
0 0.837269 0.382422 0.021759 0.038281
0 0.244676 0.312109 0.021759 0.038281
0 0.642824 0.694922 0.021759 0.038281
0 0.721528 0.546484 0.021759 0.038281
0 0.152083 0.111589 0.068056 0.012240
0 0.892824 0.202474 0.068056 0.011719
0 0.442593 0.826432 0.019444 0.040885
0 0.471528 0.992448 0.058796 0.013542
0 0.807176 0.511328 0.017130 0.046094
0 0.091898 0.808203 0.021759 0.035677
0 0.250463 0.151953 0.051852 0.014844
0 0.098380 0.215755 0.062500 0.012240
0 0.681713 0.164974 0.016204 0.046094
0 0.700694 0.249609 0.017130 0.043490
0 0.168287 0.455078 0.063426 0.011719
0 0.279398 0.725911 0.017130 0.042969
0 0.865046 0.575781 0.086574 0.008333
0 0.412500 0.448828 0.075000 0.009635
0 0.165509 0.172786 0.020833 0.034635
0 0.688657 0.710547 0.057870 0.012240
0 0.945602 0.244401 0.016204 0.043490
0 0.621991 0.612891 0.017130 0.040885
0 0.742361 0.930599 0.072685 0.009635
0 0.612731 0.367839 0.017130 0.040365
0 0.450694 0.141536 0.026389 0.025260
0 0.492361 0.632422 0.017130 0.038281
0 0.841898 0.230078 0.068056 0.009635
0 0.469213 0.554297 0.017130 0.038281
0 0.328009 0.544531 0.077315 0.008333
0 0.634722 0.664974 0.042593 0.014844
0 0.783565 0.332943 0.016204 0.038281
0 0.899769 0.802995 0.063426 0.009635
0 0.746991 0.778255 0.054167 0.011198
0 0.385880 0.288672 0.017130 0.033073
0 0.663657 0.436849 0.017130 0.032552
0 0.306019 0.736979 0.014815 0.036458
0 0.665509 0.875651 0.057870 0.009115
0 0.038657 0.237891 0.017130 0.030469
0 0.501620 0.162370 0.017130 0.030469
0 0.719213 0.610026 0.017130 0.029948
0 0.480787 0.820312 0.021759 0.023438
0 0.351157 0.797786 0.049537 0.009635
0 0.443750 0.269141 0.021759 0.020052
0 0.200694 0.164974 0.017130 0.025260
0 0.121528 0.276953 0.016204 0.025260
0 0.971528 0.348828 0.012500 0.032552
0 0.753935 0.745703 0.040278 0.009635
0 0.659028 0.111589 0.054167 0.007031
0 0.426852 0.921224 0.055556 0.006510
