0 0.363889 0.015234 0.195370 0.027865
0 0.499306 0.648047 0.049537 0.085156
0 0.027083 0.706380 0.049537 0.071615
0 0.410185 0.498958 0.130556 0.026562
0 0.501620 0.710547 0.044907 0.074740
0 0.596528 0.388672 0.058796 0.055990
0 0.404398 0.642188 0.100463 0.031771
0 0.728472 0.228125 0.118981 0.026562
0 0.270139 0.795182 0.035648 0.087760
0 0.169444 0.819922 0.056481 0.053906
0 0.409028 0.726172 0.100463 0.027865
0 0.096528 0.357682 0.132870 0.020052
0 0.527083 0.198177 0.086574 0.029167
0 0.790972 0.250651 0.040278 0.061198
0 0.753935 0.399349 0.095833 0.025260
0 0.522454 0.372005 0.049537 0.048698
0 0.206019 0.464453 0.046296 0.051302
0 0.059491 0.857682 0.049537 0.046094
0 0.784028 0.668880 0.128241 0.017448
0 0.821065 0.913672 0.035648 0.059115
0 0.321065 0.750911 0.026389 0.077344
0 0.348843 0.761328 0.100463 0.020052
0 0.222222 0.387630 0.087963 0.022656
0 0.554861 0.700521 0.040278 0.049479
0 0.369676 0.322266 0.040278 0.048177
0 0.478009 0.632422 0.043981 0.043490
0 0.073380 0.795182 0.040278 0.046094
0 0.353472 0.913672 0.081944 0.022656
0 0.696065 0.302344 0.035648 0.050000
0 0.703009 0.653255 0.040278 0.043490
0 0.582639 0.628516 0.086574 0.020052
0 0.276620 0.503516 0.085648 0.020052
0 0.861574 0.219010 0.070370 0.023958
0 0.575694 0.174089 0.072685 0.022656
0 0.902083 0.633464 0.031019 0.050781
0 0.480787 0.787370 0.105093 0.014844
0 0.112731 0.718359 0.035648 0.043490
0 0.480787 0.525651 0.040278 0.038281
0 0.619676 0.692318 0.068056 0.022656
0 0.716435 0.857682 0.076389 0.020052
0 0.300231 0.275651 0.123611 0.012240
0 0.892824 0.497005 0.031019 0.048698
0 0.591435 0.260026 0.030093 0.048698
0 0.868519 0.442318 0.037963 0.038281
0 0.460417 0.586849 0.071759 0.020052
0 0.381250 0.741797 0.081944 0.017448
0 0.185185 0.558203 0.069444 0.020052
0 0.263194 0.795182 0.068056 0.020052
0 0.522454 0.724870 0.021759 0.061719
0 0.439120 0.447526 0.031019 0.043490
0 0.475694 0.606380 0.076389 0.017448
0 0.645139 0.225260 0.035648 0.036458
0 0.770139 0.901953 0.063426 0.020052
0 0.045602 0.495703 0.031019 0.040885
0 0.844213 0.166276 0.072685 0.017448
0 0.154398 0.775651 0.072685 0.017448
0 0.214583 0.502214 0.072685 0.017448
0 0.038657 0.694271 0.026389 0.047396
0 0.897454 0.182943 0.031019 0.040365
0 0.878935 0.757422 0.021759 0.053906
0 0.399769 0.689714 0.035648 0.033073
0 0.124306 0.417578 0.058796 0.020052
0 0.705324 0.187109 0.035648 0.033073
0 0.934028 0.119401 0.030093 0.038281
0 0.348380 0.114193 0.034722 0.033073
0 0.594213 0.588151 0.063426 0.017448
0 0.675231 0.191016 0.031019 0.035677
0 0.168287 0.918880 0.063426 0.017448
0 0.860417 0.303646 0.068056 0.016146
0 0.772454 0.507422 0.021759 0.048698
0 0.920602 0.450130 0.021759 0.048698
0 0.281713 0.895443 0.086574 0.012240
0 0.744676 0.260026 0.021759 0.048698
0 0.280556 0.494401 0.084259 0.012240
0 0.064120 0.372005 0.031019 0.033073
0 0.413657 0.333594 0.054167 0.018750
0 0.432176 0.601172 0.026389 0.038281
0 0.105787 0.381120 0.068056 0.014844
0 0.365046 0.789974 0.068056 0.014844
0 0.925231 0.350911 0.031019 0.032552
0 0.934028 0.207943 0.057870 0.017448
0 0.763194 0.263932 0.021759 0.046094
0 0.161343 0.659766 0.021759 0.046094
0 0.543287 0.822526 0.081944 0.012240
0 0.628935 0.479818 0.021759 0.045573
0 0.910880 0.135026 0.030093 0.033073
0 0.954861 0.372005 0.025463 0.038281
0 0.652083 0.496354 0.058796 0.016146
0 0.962269 0.671484 0.021759 0.043490
0 0.191435 0.737891 0.026389 0.035677
0 0.376620 0.899349 0.063426 0.014844
0 0.844213 0.365495 0.063426 0.014844
0 0.714583 0.599870 0.026389 0.035677
0 0.645833 0.293880 0.027778 0.033073
0 0.056713 0.758724 0.025463 0.035677
0 0.626620 0.661068 0.072685 0.012240
0 0.127778 0.636328 0.028704 0.030469
0 0.052546 0.416276 0.026389 0.033073
0 0.647454 0.466146 0.021759 0.039062
0 0.161343 0.616797 0.021759 0.038281
0 0.054861 0.642839 0.021759 0.038281
0 0.836806 0.325130 0.067130 0.012240
0 0.635417 0.535156 0.025463 0.031250
0 0.145139 0.802995 0.017130 0.046094
0 0.371991 0.779557 0.081944 0.009635
0 0.971528 0.193620 0.021759 0.035677
0 0.235417 0.292318 0.021759 0.035156
0 0.022454 0.876563 0.021759 0.034375
0 0.050231 0.558203 0.077315 0.009635
0 0.411343 0.375911 0.077315 0.009635
0 0.938657 0.571224 0.020833 0.035677
0 0.950694 0.470703 0.017130 0.042969
0 0.735417 0.481380 0.058796 0.012240
0 0.665972 0.650651 0.058796 0.012240
0 0.161343 0.747005 0.021759 0.033073
0 0.811806 0.399349 0.017130 0.040885
0 0.858102 0.550391 0.017130 0.040885
0 0.936806 0.271745 0.044907 0.014844
0 0.696065 0.456641 0.026389 0.025260
0 0.101157 0.451432 0.068056 0.009635
0 0.658565 0.724609 0.016204 0.040365
0 0.274769 0.634375 0.017130 0.036979
0 0.554398 0.750911 0.020833 0.030469
0 0.450694 0.800391 0.063426 0.009635
0 0.494676 0.189714 0.021759 0.027865
0 0.071065 0.615234 0.017130 0.035156
0 0.955324 0.744792 0.017130 0.033854
0 0.070602 0.473828 0.016204 0.035156
0 0.852315 0.598568 0.014815 0.038281
0 0.075694 0.707943 0.017130 0.033073
0 0.782176 0.467057 0.057870 0.009635
0 0.730787 0.146745 0.021759 0.025260
0 0.913657 0.197526 0.044907 0.012240
0 0.047454 0.879818 0.016204 0.033073
0 0.237731 0.654557 0.054167 0.009635
0 0.098843 0.556901 0.017130 0.027865
0 0.469213 0.198828 0.017130 0.025260
0 0.234954 0.824870 0.011574 0.016927
0 0.006250 0.674479 0.007870 0.015625
