0 0.534028 0.615495 0.230093 0.046094
0 0.846065 0.306901 0.178241 0.043490
0 0.814120 0.427344 0.068056 0.076042
0 0.214120 0.248307 0.062500 0.066927
0 0.808333 0.499609 0.102778 0.033073
0 0.295602 0.198177 0.058796 0.055208
0 0.779398 0.378516 0.128241 0.025260
0 0.478472 0.824479 0.100463 0.031771
0 0.876620 0.825130 0.044907 0.069531
0 0.381250 0.197526 0.044907 0.069531
0 0.693287 0.102214 0.104167 0.029948
0 0.756250 0.128516 0.100463 0.030469
0 0.860417 0.569922 0.105093 0.027865
0 0.804861 0.097266 0.095833 0.030469
0 0.844213 0.132422 0.044907 0.053906
0 0.265509 0.289323 0.091204 0.023958
0 0.876620 0.235937 0.100463 0.021354
0 0.714120 0.433203 0.034722 0.061719
0 0.895139 0.459245 0.026389 0.077344
0 0.830324 0.232682 0.100463 0.020052
0 0.550231 0.069661 0.040278 0.048177
0 0.848843 0.343359 0.035648 0.053906
0 0.782870 0.291927 0.135185 0.013542
0 0.932176 0.112891 0.091204 0.020052
0 0.890509 0.010026 0.091204 0.017448
0 0.920602 0.146484 0.031019 0.045573
0 0.789815 0.187109 0.028704 0.048698
0 0.198380 0.404557 0.021759 0.061719
0 0.961111 0.132422 0.075000 0.017448
0 0.598843 0.332682 0.109722 0.011719
0 0.258565 0.702734 0.021759 0.059115
0 0.758565 0.219661 0.021759 0.056510
0 0.110417 0.762891 0.021759 0.053385
0 0.909028 0.095964 0.026389 0.043490
0 0.986574 0.276693 0.024074 0.045573
0 0.341898 0.736589 0.086574 0.012240
0 0.153241 0.145443 0.024074 0.043490
0 0.263194 0.449479 0.021759 0.042188
0 0.748148 0.584245 0.019444 0.046094
0 0.659028 0.856380 0.063426 0.012240
0 0.968056 0.098568 0.061111 0.012240
0 0.462269 0.456641 0.077315 0.009635
0 0.922917 0.931901 0.044907 0.012240
0 0.444444 0.722005 0.055556 0.009115
0 0.098843 0.990495 0.044907 0.009635
