0 0.258565 0.282161 0.077315 0.072135
0 0.112269 0.676693 0.127315 0.038281
0 0.162500 0.705339 0.162963 0.022656
0 0.578009 0.646484 0.058796 0.061198
0 0.096065 0.804297 0.048611 0.069531
0 0.360417 0.763932 0.058796 0.056510
0 0.184491 0.590755 0.058796 0.053906
0 0.300231 0.480078 0.095833 0.030469
0 0.668287 0.340104 0.091204 0.031771
0 0.168287 0.887630 0.044907 0.059115
0 0.505787 0.376563 0.034722 0.073438
0 0.897454 0.805599 0.049537 0.051302
0 0.862731 0.421484 0.091204 0.027865
0 0.957639 0.149349 0.049537 0.051302
0 0.279398 0.233984 0.091204 0.027865
0 0.603472 0.821224 0.100463 0.025260
0 0.540972 0.476172 0.049537 0.048698
0 0.324537 0.227474 0.042593 0.056510
0 0.753472 0.282161 0.094907 0.025260
0 0.128472 0.603776 0.048611 0.048698
0 0.057176 0.875911 0.044907 0.051302
0 0.316435 0.292578 0.044907 0.051302
0 0.439120 0.709245 0.049537 0.046094
0 0.828704 0.671484 0.041667 0.048698
0 0.334954 0.183203 0.100463 0.020052
0 0.731944 0.138932 0.079630 0.025260
0 0.230787 0.140234 0.086574 0.022656
0 0.094213 0.622005 0.044907 0.043490
0 0.200694 0.887630 0.044907 0.043490
0 0.487731 0.640234 0.109722 0.017448
0 0.290972 0.757161 0.086574 0.022135
0 0.066435 0.571224 0.044907 0.040885
0 0.885880 0.724870 0.035648 0.051302
0 0.496528 0.209245 0.043981 0.040885
0 0.605787 0.276953 0.031019 0.056510
0 0.895139 0.116146 0.081944 0.021354
0 0.152083 0.813151 0.086574 0.019531
0 0.089583 0.917578 0.035648 0.046094
0 0.149769 0.300391 0.026389 0.061719
0 0.417824 0.676693 0.090278 0.017448
0 0.230787 0.553906 0.040278 0.039062
0 0.121991 0.554297 0.035648 0.043490
0 0.184491 0.228776 0.040278 0.038281
0 0.219213 0.376953 0.035648 0.042969
0 0.508565 0.504818 0.123611 0.012240
0 0.860417 0.226172 0.086574 0.017448
0 0.763194 0.265234 0.086574 0.017448
0 0.189120 0.184505 0.031019 0.048698
0 0.689120 0.284505 0.077315 0.019531
0 0.420602 0.618099 0.021759 0.066927
0 0.483102 0.110286 0.072685 0.020052
0 0.070602 0.539974 0.025463 0.056510
0 0.917824 0.516536 0.071759 0.020052
0 0.196065 0.749609 0.026389 0.053906
0 0.408565 0.124609 0.081019 0.017448
0 0.828009 0.607422 0.031019 0.045573
0 0.858102 0.183203 0.026389 0.051302
0 0.402083 0.795573 0.086574 0.015625
0 0.328009 0.801693 0.031019 0.043490
0 0.795139 0.175391 0.067130 0.020052
0 0.304861 0.779297 0.068056 0.019531
0 0.093750 0.545182 0.025463 0.051302
0 0.636574 0.855078 0.064815 0.020052
0 0.612269 0.414714 0.025463 0.050781
0 0.601157 0.199870 0.021759 0.058594
0 0.124306 0.427995 0.031019 0.040885
0 0.378935 0.612891 0.031019 0.040885
0 0.524769 0.890234 0.072685 0.017448
0 0.679861 0.381120 0.031019 0.040885
0 0.323380 0.867839 0.031019 0.040365
0 0.696759 0.242188 0.027778 0.044271
0 0.126620 0.660807 0.072685 0.016927
0 0.594213 0.112240 0.035648 0.034375
0 0.686806 0.151953 0.026389 0.046094
0 0.057176 0.144141 0.081944 0.014844
0 0.645139 0.149349 0.026389 0.046094
0 0.068750 0.799479 0.031019 0.039062
0 0.582176 0.698828 0.020833 0.056510
0 0.828009 0.260026 0.021759 0.053906
0 0.290972 0.378516 0.058796 0.020052
0 0.159028 0.265234 0.035648 0.033073
0 0.091898 0.481120 0.031019 0.037760
0 0.432176 0.661068 0.091204 0.012240
0 0.883565 0.916927 0.031019 0.035937
0 0.846528 0.245703 0.031019 0.035677
0 0.302546 0.715755 0.063426 0.017448
0 0.746991 0.844661 0.072685 0.014844
0 0.270139 0.836849 0.072685 0.014844
0 0.767824 0.242448 0.031019 0.034375
0 0.828009 0.525651 0.021759 0.048698
0 0.138194 0.736589 0.021759 0.048698
0 0.073380 0.353776 0.021759 0.048698
0 0.098843 0.197526 0.026389 0.038281
0 0.233102 0.489193 0.026389 0.038281
0 0.895139 0.559505 0.081944 0.012240
0 0.744676 0.485286 0.021759 0.046094
0 0.043287 0.153255 0.081944 0.012240
0 0.642361 0.532161 0.067130 0.014844
0 0.503472 0.727474 0.067130 0.014844
0 0.204861 0.700130 0.081019 0.012240
0 0.709954 0.314714 0.080093 0.012240
0 0.853009 0.726172 0.025463 0.038281
0 0.109954 0.532161 0.020833 0.046094
0 0.198380 0.856380 0.021759 0.043490
0 0.112731 0.718359 0.054167 0.017448
0 0.510880 0.232682 0.063426 0.014844
0 0.204861 0.732943 0.025463 0.035156
0 0.536343 0.115495 0.021759 0.040885
0 0.668287 0.896745 0.091204 0.009635
0 0.797917 0.390234 0.026389 0.033073
0 0.719213 0.335547 0.026389 0.033073
0 0.570602 0.111979 0.025463 0.033854
0 0.087269 0.502214 0.021759 0.038281
0 0.825694 0.321224 0.017130 0.046094
0 0.232639 0.644141 0.053241 0.014844
0 0.154398 0.361589 0.063426 0.012240
0 0.485417 0.151953 0.077315 0.009635
0 0.124306 0.647396 0.068056 0.010937
0 0.624306 0.299479 0.021759 0.033854
0 0.693750 0.643750 0.021759 0.033854
0 0.068750 0.404557 0.049537 0.014844
0 0.066435 0.843359 0.026389 0.027865
0 0.800231 0.194922 0.021759 0.033073
0 0.050231 0.835547 0.021759 0.033073
0 0.336806 0.234635 0.020833 0.034375
0 0.724537 0.300391 0.074074 0.009635
0 0.200694 0.498307 0.017130 0.040885
0 0.175231 0.847917 0.021759 0.031771
0 0.248148 0.136068 0.047222 0.014323
0 0.344213 0.167578 0.026389 0.025260
0 0.163657 0.525651 0.017130 0.038281
0 0.277083 0.579036 0.068056 0.009635
0 0.420602 0.118099 0.068056 0.009635
0 0.846528 0.214453 0.068056 0.009635
0 0.346065 0.638932 0.067130 0.009635
0 0.899306 0.165885 0.016204 0.039062
0 0.229630 0.631120 0.065741 0.009635
0 0.191435 0.691016 0.063426 0.009635
0 0.204167 0.227214 0.024074 0.024740
0 0.640046 0.198828 0.016204 0.035677
0 0.124306 0.564063 0.021759 0.026562
0 0.255787 0.242839 0.062500 0.009115
0 0.080324 0.754818 0.017130 0.033073
0 0.321065 0.119401 0.017130 0.033073
0 0.830324 0.205339 0.044907 0.012240
0 0.957639 0.188672 0.021759 0.024740
0 0.432176 0.368099 0.017130 0.030469
0 0.640509 0.279297 0.017130 0.029948
0 0.670602 0.164062 0.021759 0.023438
0 0.351157 0.377214 0.021759 0.022656
0 0.746991 0.235026 0.017130 0.024740
0 0.052546 0.485286 0.017130 0.020052
0 0.263889 0.750651 0.032407 0.009115
0 0.112731 0.288672 0.035648 0.007031
