0 0.190972 0.366797 0.210648 0.059115
0 0.339583 0.800391 0.257870 0.046094
0 0.297454 0.469010 0.099537 0.102083
0 0.540972 0.624609 0.216204 0.043490
0 0.905556 0.478776 0.186111 0.043490
0 0.175231 0.661068 0.068056 0.090365
0 0.728009 0.903255 0.173611 0.033073
0 0.215278 0.698568 0.064815 0.061198
0 0.443750 0.334635 0.058796 0.062500
0 0.927546 0.502214 0.118981 0.027865
0 0.281713 0.809505 0.142130 0.022656
0 0.418287 0.792969 0.100463 0.031250
0 0.295602 0.659766 0.105093 0.025260
0 0.830324 0.659766 0.100463 0.025260
0 0.975000 0.416016 0.047222 0.053385
0 0.222685 0.900651 0.088889 0.027865
0 0.565278 0.076432 0.088889 0.025260
0 0.956481 0.362891 0.084259 0.025260
0 0.716898 0.456380 0.040278 0.050781
0 0.954167 0.468099 0.088889 0.022135
0 0.815972 0.356380 0.034722 0.048698
0 0.571065 0.047786 0.081944 0.020052
0 0.906713 0.772786 0.021759 0.074219
0 0.050231 0.776953 0.031019 0.051302
0 0.084954 0.785807 0.026389 0.058594
0 0.564120 0.810807 0.021759 0.066927
0 0.290972 0.534115 0.105093 0.013542
0 0.855324 0.773698 0.020833 0.065625
0 0.963426 0.310156 0.070370 0.018750
0 0.922917 0.048438 0.035648 0.036979
0 0.142361 0.349870 0.085648 0.014844
0 0.498148 0.150391 0.075000 0.016927
0 0.557176 0.845964 0.100463 0.012240
0 0.147454 0.159766 0.021759 0.056510
0 0.196065 0.330339 0.091204 0.012240
0 0.899306 0.082943 0.090278 0.012240
0 0.687963 0.058854 0.084259 0.010937
0 0.621991 0.927995 0.054167 0.014844
0 0.232639 0.705078 0.016204 0.048177
0 0.292824 0.049089 0.062500 0.012240
0 0.483102 0.925391 0.054167 0.009635
0 0.246991 0.922786 0.044907 0.009635
0 0.096528 0.993099 0.040278 0.009635
0 0.534028 0.099870 0.017130 0.020052
