0 0.175231 0.576432 0.142130 0.046094
0 0.142824 0.386328 0.068056 0.072135
0 0.789815 0.308203 0.065741 0.061719
0 0.109954 0.830339 0.039352 0.100781
0 0.772454 0.892839 0.114352 0.027865
0 0.468750 0.526302 0.043981 0.070833
0 0.684491 0.279557 0.095833 0.030469
0 0.550231 0.360286 0.049537 0.056510
0 0.841898 0.282552 0.105093 0.026042
0 0.626620 0.132422 0.118981 0.022656
0 0.853009 0.749609 0.043981 0.059115
0 0.615046 0.269141 0.049537 0.051302
0 0.453009 0.274349 0.095833 0.025260
0 0.925231 0.762891 0.049537 0.048177
0 0.392824 0.827734 0.040278 0.059115
0 0.579861 0.408464 0.043981 0.053906
0 0.455324 0.309505 0.081944 0.027865
0 0.075694 0.136068 0.044907 0.050781
0 0.103009 0.602214 0.043981 0.050781
0 0.825694 0.619401 0.044907 0.048698
0 0.857639 0.907161 0.108796 0.020052
0 0.304398 0.267839 0.039352 0.053906
0 0.442593 0.345964 0.093519 0.022656
0 0.265509 0.636328 0.081944 0.025260
0 0.478472 0.748307 0.044907 0.046094
0 0.594213 0.808203 0.100463 0.020052
0 0.464583 0.193620 0.100463 0.020052
0 0.126620 0.875260 0.035648 0.055208
0 0.758565 0.116797 0.040278 0.048698
0 0.526620 0.086849 0.076389 0.025260
0 0.957639 0.657161 0.031019 0.061719
0 0.488889 0.154557 0.093519 0.020052
0 0.663657 0.420182 0.091204 0.020052
0 0.299769 0.784766 0.039352 0.046094
0 0.362731 0.248047 0.072685 0.024740
0 0.429861 0.132422 0.040278 0.043490
0 0.499306 0.801693 0.077315 0.022656
0 0.362731 0.390234 0.035648 0.048698
0 0.096528 0.321224 0.086574 0.020052
0 0.665509 0.476172 0.076389 0.022656
0 0.216898 0.713151 0.031019 0.053906
0 0.612731 0.379818 0.072685 0.022656
0 0.290972 0.844661 0.040278 0.040885
0 0.142824 0.753516 0.040278 0.040885
0 0.091898 0.349870 0.040278 0.040885
0 0.553241 0.108984 0.092593 0.017448
0 0.874306 0.602474 0.031019 0.051302
0 0.863889 0.628516 0.037963 0.040885
0 0.522454 0.821224 0.077315 0.020052
0 0.203009 0.898047 0.040278 0.038281
0 0.351157 0.885026 0.068056 0.022656
0 0.573380 0.869401 0.040278 0.038281
0 0.313657 0.166276 0.039352 0.038281
0 0.714120 0.314453 0.034722 0.042969
0 0.612731 0.198828 0.072685 0.020052
0 0.082639 0.193620 0.095833 0.014844
0 0.943750 0.557943 0.031019 0.045573
0 0.281250 0.167578 0.039352 0.035677
0 0.653241 0.364193 0.079630 0.017448
0 0.427546 0.870703 0.026389 0.051302
0 0.786343 0.504818 0.077315 0.017448
0 0.939120 0.332682 0.031019 0.042969
0 0.405093 0.312109 0.074074 0.017448
0 0.913657 0.296484 0.026389 0.048698
0 0.457639 0.211849 0.086574 0.014844
0 0.172917 0.808203 0.035648 0.035677
0 0.288657 0.310807 0.035648 0.035677
0 0.848843 0.136328 0.035648 0.035677
0 0.779398 0.654557 0.063426 0.020052
0 0.839583 0.095964 0.072685 0.017448
0 0.353472 0.180339 0.035648 0.035156
0 0.584954 0.651693 0.063426 0.019531
0 0.056713 0.368099 0.034722 0.035677
0 0.071065 0.220964 0.100463 0.012240
0 0.800231 0.162370 0.021759 0.056510
0 0.355787 0.849219 0.031019 0.039583
0 0.617361 0.554948 0.035648 0.034375
0 0.652083 0.857422 0.021759 0.055990
0 0.413657 0.907161 0.081944 0.014844
0 0.920602 0.385026 0.068056 0.017448
0 0.429861 0.762630 0.021759 0.053906
0 0.297917 0.240234 0.081944 0.014323
0 0.105787 0.439453 0.068056 0.016927
0 0.209954 0.778255 0.026389 0.043490
0 0.047917 0.642188 0.026389 0.042188
0 0.218750 0.306901 0.025463 0.043490
0 0.855787 0.320573 0.058796 0.018750
0 0.851157 0.799479 0.021759 0.049479
0 0.515509 0.873307 0.072685 0.014844
0 0.083796 0.632422 0.024074 0.043490
0 0.811343 0.123307 0.025463 0.040885
0 0.693750 0.887630 0.031019 0.033073
0 0.924769 0.260417 0.030093 0.033854
0 0.565278 0.326432 0.033333 0.030469
0 0.623148 0.231380 0.056481 0.017448
0 0.645139 0.738542 0.026389 0.036979
0 0.036343 0.658464 0.021759 0.043490
0 0.156713 0.684505 0.021759 0.043490
0 0.770139 0.689714 0.054167 0.017448
0 0.050231 0.508724 0.031019 0.030469
0 0.668287 0.830990 0.026389 0.034375
0 0.306481 0.899349 0.060185 0.014844
0 0.284028 0.614193 0.072685 0.012240
0 0.830324 0.688411 0.017130 0.051302
0 0.823380 0.355078 0.058796 0.014844
0 0.821065 0.569922 0.026389 0.033073
0 0.811806 0.400651 0.026389 0.033073
0 0.795602 0.792578 0.058796 0.014844
0 0.749306 0.475911 0.049537 0.016927
0 0.902083 0.340755 0.021759 0.038281
0 0.943750 0.257422 0.021759 0.038281
0 0.253935 0.827734 0.021759 0.038281
0 0.825694 0.375911 0.054167 0.014844
0 0.913657 0.698568 0.017130 0.045573
0 0.707639 0.339453 0.021759 0.035677
0 0.950231 0.740495 0.025463 0.030469
0 0.954861 0.649349 0.016204 0.046094
0 0.885880 0.103776 0.017130 0.043490
0 0.052546 0.491797 0.026389 0.027865
0 0.117361 0.724870 0.017130 0.040885
0 0.580324 0.443620 0.072685 0.009635
0 0.517824 0.321875 0.021759 0.031771
0 0.815278 0.243099 0.070370 0.009635
0 0.602315 0.120703 0.070370 0.009635
0 0.737731 0.729818 0.072685 0.009115
0 0.932176 0.857682 0.026389 0.025260
0 0.807176 0.257422 0.054167 0.012240
0 0.341898 0.758724 0.021759 0.030469
0 0.753935 0.146745 0.068056 0.009635
0 0.696065 0.753516 0.017130 0.035677
0 0.642361 0.153255 0.048611 0.012240
0 0.561343 0.711849 0.016204 0.035677
0 0.161343 0.332292 0.021759 0.026562
0 0.071065 0.629818 0.017130 0.033073
0 0.871296 0.572526 0.046296 0.012240
0 0.964120 0.265234 0.016204 0.033073
0 0.406713 0.094401 0.058796 0.009115
0 0.682176 0.625911 0.017130 0.025260
0 0.670602 0.593099 0.058796 0.006510
0 0.378935 0.780599 0.058796 0.006510
0 0.984722 0.006120 0.027778 0.009635
