0 0.121991 0.967708 0.239352 0.063021
0 0.084954 0.982682 0.165278 0.030469
0 0.293287 0.674479 0.128241 0.039062
0 0.686806 0.728776 0.054167 0.090365
0 0.133565 0.448828 0.049537 0.098177
0 0.161343 0.497656 0.132870 0.034375
0 0.573380 0.664974 0.123611 0.035677
0 0.316435 0.193359 0.137500 0.029948
0 0.864352 0.095703 0.120370 0.032552
0 0.564120 0.124609 0.058796 0.064323
0 0.534028 0.220964 0.109722 0.033073
0 0.823380 0.368099 0.058796 0.061719
0 0.848843 0.559505 0.054167 0.064323
0 0.242361 0.838151 0.109722 0.027865
0 0.367361 0.875911 0.146759 0.020052
0 0.047917 0.635417 0.044907 0.065104
0 0.858102 0.465755 0.054167 0.053906
0 0.240046 0.758724 0.114352 0.025260
0 0.052546 0.357682 0.035648 0.077344
0 0.088426 0.742448 0.107407 0.023958
0 0.144676 0.164323 0.043981 0.055208
0 0.777083 0.580339 0.049537 0.048698
0 0.119676 0.560807 0.031019 0.077344
0 0.290509 0.641536 0.094907 0.025260
0 0.578704 0.482682 0.050926 0.046094
0 0.311343 0.627214 0.081019 0.027865
0 0.721528 0.287109 0.049537 0.045573
0 0.133102 0.355078 0.048611 0.046094
0 0.043287 0.260026 0.044907 0.048698
0 0.771296 0.493099 0.047222 0.046094
0 0.355787 0.775651 0.095833 0.022656
0 0.284028 0.853776 0.035648 0.059115
0 0.341898 0.241797 0.077315 0.026823
0 0.066435 0.542578 0.081944 0.025260
0 0.642824 0.094661 0.077315 0.025260
0 0.487731 0.598568 0.044907 0.043490
0 0.548611 0.070573 0.101852 0.018750
0 0.316435 0.337500 0.044907 0.042188
0 0.696065 0.792969 0.044907 0.041667
0 0.827546 0.136979 0.039352 0.047396
0 0.392824 0.248307 0.040278 0.046094
0 0.906713 0.549089 0.031019 0.059115
0 0.103009 0.786068 0.081019 0.022656
0 0.186343 0.595313 0.034722 0.052604
0 0.517361 0.845964 0.104167 0.017448
0 0.743519 0.539974 0.121296 0.014844
0 0.522454 0.768490 0.040278 0.044792
0 0.158565 0.800391 0.043981 0.040885
0 0.245833 0.550391 0.088889 0.020052
0 0.721528 0.507422 0.077315 0.022656
0 0.834954 0.533464 0.035648 0.048698
0 0.540509 0.209245 0.085648 0.020052
0 0.797917 0.801432 0.035648 0.048177
0 0.290972 0.714453 0.114352 0.014844
0 0.216898 0.426042 0.040278 0.042188
0 0.108102 0.874609 0.072685 0.022656
0 0.603472 0.534766 0.035648 0.046094
0 0.182176 0.438411 0.081944 0.020052
0 0.350694 0.374609 0.030093 0.053906
0 0.316435 0.262630 0.091204 0.017448
0 0.441435 0.163672 0.035648 0.043490
0 0.927546 0.611589 0.035648 0.043490
0 0.615046 0.086849 0.077315 0.020052
0 0.696065 0.856120 0.035648 0.042969
0 0.434028 0.640234 0.067130 0.022656
0 0.453009 0.515234 0.031019 0.048698
0 0.578009 0.728776 0.086574 0.017448
0 0.153935 0.777995 0.034722 0.042969
0 0.310648 0.399349 0.024074 0.061719
0 0.425231 0.850911 0.086574 0.016927
0 0.461111 0.465495 0.037963 0.037760
0 0.297917 0.140234 0.081944 0.017448
0 0.915972 0.131120 0.095833 0.014844
0 0.071065 0.758464 0.072685 0.019531
0 0.068287 0.719661 0.094907 0.014844
0 0.653241 0.151953 0.070370 0.020052
0 0.184028 0.730078 0.039352 0.035677
0 0.948380 0.114193 0.031019 0.043490
0 0.128935 0.892839 0.077315 0.017448
0 0.577546 0.559896 0.030093 0.044271
0 0.084954 0.851172 0.026389 0.048698
0 0.705324 0.210286 0.026389 0.048177
0 0.149769 0.821224 0.035648 0.035677
0 0.256250 0.107682 0.063426 0.020052
0 0.258565 0.349870 0.031019 0.040885
0 0.542824 0.618099 0.062500 0.020052
0 0.047454 0.875911 0.034722 0.035677
0 0.784028 0.719661 0.026389 0.046094
0 0.046759 0.992448 0.088889 0.013542
0 0.323380 0.804297 0.068056 0.017448
0 0.406713 0.547786 0.058796 0.020052
0 0.376620 0.622005 0.035648 0.033073
0 0.577546 0.776302 0.085648 0.013542
0 0.529398 0.491797 0.026389 0.043490
0 0.552546 0.525651 0.026389 0.043490
0 0.885880 0.361589 0.091204 0.012240
0 0.399306 0.197526 0.025463 0.043490
0 0.203009 0.292578 0.031019 0.035677
0 0.038657 0.647135 0.026389 0.041667
0 0.579861 0.747005 0.062500 0.017448
0 0.297454 0.653255 0.062500 0.017448
0 0.353472 0.844401 0.026389 0.040365
0 0.383565 0.093359 0.086574 0.012240
0 0.689120 0.491797 0.086574 0.012240
0 0.689120 0.460547 0.021759 0.048698
0 0.453009 0.366797 0.086574 0.012240
0 0.651620 0.167318 0.030093 0.035156
0 0.402083 0.625000 0.031019 0.033854
0 0.332639 0.157161 0.068056 0.014844
0 0.510880 0.478776 0.026389 0.038281
0 0.939120 0.360286 0.021759 0.046094
0 0.174769 0.823828 0.020833 0.046094
0 0.887037 0.749349 0.056481 0.016927
0 0.572222 0.515234 0.019444 0.048698
0 0.527083 0.814714 0.077315 0.012240
0 0.351157 0.175391 0.031019 0.030469
0 0.506250 0.372005 0.054167 0.017448
0 0.751620 0.119401 0.054167 0.017448
0 0.756250 0.460286 0.054167 0.016927
0 0.804398 0.713151 0.020833 0.043490
0 0.413194 0.788411 0.053241 0.016927
0 0.425231 0.868099 0.058796 0.014844
0 0.336806 0.516536 0.057870 0.014844
0 0.230324 0.873307 0.057870 0.014844
0 0.896991 0.204036 0.057870 0.014844
0 0.337269 0.115234 0.058796 0.014323
0 0.263194 0.376953 0.049537 0.016927
0 0.485417 0.517839 0.021759 0.038281
0 0.411343 0.595964 0.068056 0.012240
0 0.193750 0.780599 0.021759 0.037760
0 0.057176 0.381120 0.026389 0.030469
0 0.038657 0.696224 0.026389 0.030469
0 0.246991 0.318620 0.026389 0.030469
0 0.543287 0.881120 0.081944 0.009635
0 0.212269 0.664974 0.021759 0.035677
0 0.656713 0.516536 0.021759 0.035677
0 0.847685 0.060807 0.051852 0.014844
0 0.061343 0.783464 0.062500 0.012240
0 0.570602 0.133724 0.016204 0.046094
0 0.084491 0.427995 0.016204 0.046094
0 0.469213 0.352214 0.081944 0.009115
0 0.436806 0.530859 0.017130 0.043490
0 0.225000 0.387370 0.019444 0.037760
0 0.346528 0.705339 0.058796 0.012240
0 0.771991 0.194922 0.057870 0.012240
0 0.696065 0.076432 0.072685 0.009635
0 0.203009 0.394141 0.021759 0.030469
0 0.540509 0.349870 0.067130 0.009635
0 0.899769 0.477083 0.017130 0.036458
0 0.663194 0.595964 0.016204 0.038281
0 0.071065 0.823568 0.017130 0.035156
0 0.029398 0.408854 0.017130 0.033854
0 0.790972 0.409766 0.058796 0.009635
0 0.459954 0.408464 0.017130 0.033073
0 0.179861 0.766536 0.021759 0.025260
0 0.941435 0.685807 0.017130 0.030469
0 0.228472 0.485286 0.017130 0.030469
0 0.216898 0.823177 0.021759 0.023958
0 0.301389 0.343099 0.014815 0.032552
0 0.494676 0.396745 0.049537 0.009635
0 0.385880 0.402995 0.017130 0.027344
0 0.147454 0.883464 0.049537 0.009115
0 0.748843 0.684505 0.011574 0.038281
0 0.066435 0.413672 0.017130 0.022656
0 0.322917 0.223568 0.011574 0.033073
0 0.561806 0.270443 0.054167 0.007031
0 0.103472 0.995052 0.044907 0.008333
0 0.480787 0.382161 0.049537 0.006510
0 0.552546 0.023047 0.026389 0.007031
