0 0.869676 0.845964 0.197685 0.043490
0 0.098843 0.982031 0.193056 0.034375
0 0.927546 0.171484 0.063426 0.069531
0 0.191435 0.355078 0.063426 0.066927
0 0.554861 0.911068 0.142130 0.027865
0 0.786343 0.076432 0.151389 0.025260
0 0.415972 0.193620 0.049537 0.066927
0 0.103472 0.861328 0.100463 0.032552
0 0.316435 0.816016 0.128241 0.025260
0 0.110417 0.174089 0.105093 0.027865
0 0.105787 0.499609 0.095833 0.027865
0 0.619676 0.141536 0.105093 0.025260
0 0.757407 0.881120 0.102778 0.025260
0 0.925231 0.209245 0.049537 0.051302
0 0.571065 0.323828 0.044907 0.056510
0 0.824537 0.813411 0.125926 0.020052
0 0.121991 0.823828 0.118981 0.020052
0 0.745833 0.899349 0.116667 0.020052
0 0.103472 0.708984 0.146759 0.014323
0 0.947222 0.888932 0.102778 0.020052
0 0.207639 0.129818 0.031019 0.064323
0 0.684491 0.262630 0.031019 0.064323
0 0.341898 0.136328 0.123611 0.014844
0 0.703009 0.136068 0.086574 0.019531
0 0.913657 0.413672 0.026389 0.059115
0 0.656713 0.551693 0.068056 0.022656
0 0.784028 0.166276 0.081944 0.017448
0 0.608102 0.099870 0.091204 0.014844
0 0.317593 0.425391 0.028704 0.046094
0 0.963426 0.280859 0.070370 0.017448
0 0.142824 0.202734 0.021759 0.043490
0 0.290972 0.375911 0.021759 0.040885
0 0.427546 0.707682 0.026389 0.032552
0 0.106944 0.382422 0.014815 0.048698
0 0.991204 0.090755 0.014815 0.048698
0 0.716898 0.895443 0.058796 0.012240
0 0.993519 0.079687 0.010185 0.026562
0 0.993519 0.711198 0.010185 0.018750
