0 0.142824 0.595703 0.142130 0.042969
0 0.595370 0.524349 0.167593 0.035677
0 0.834954 0.194922 0.128241 0.027865
0 0.804398 0.248307 0.113426 0.030469
0 0.953009 0.676693 0.049537 0.059115
0 0.920602 0.461849 0.049537 0.056510
0 0.975000 0.215755 0.047222 0.053906
0 0.228009 0.495703 0.043981 0.056510
0 0.402083 0.619401 0.049537 0.048698
0 0.355324 0.189714 0.085648 0.027865
0 0.915972 0.263281 0.123611 0.018750
0 0.645139 0.401953 0.035648 0.061719
0 0.133565 0.468359 0.040278 0.048698
0 0.177546 0.414974 0.072685 0.025260
0 0.876620 0.894141 0.091204 0.020052
0 0.251620 0.658464 0.035648 0.048698
0 0.061806 0.827734 0.026389 0.064323
0 0.978472 0.309505 0.026389 0.064323
0 0.897454 0.184505 0.021759 0.069531
0 0.186806 0.302734 0.026389 0.055990
0 0.959954 0.379818 0.026389 0.053906
0 0.920139 0.217057 0.020833 0.061719
0 0.756250 0.887630 0.035648 0.033073
0 0.401620 0.084245 0.076389 0.014844
0 0.383565 0.279557 0.068056 0.014844
0 0.447917 0.856120 0.030093 0.032552
0 0.409028 0.068620 0.063426 0.014844
0 0.821065 0.020443 0.072685 0.012240
0 0.985417 0.559896 0.021759 0.039062
0 0.855787 0.453776 0.054167 0.014323
0 0.353009 0.124609 0.062500 0.012240
0 0.823380 0.034766 0.077315 0.009635
0 0.968056 0.098307 0.061111 0.011719
0 0.802546 0.183203 0.072685 0.009635
0 0.098843 0.993099 0.044907 0.009635
