0 0.616898 0.162109 0.155093 0.035156
0 0.566435 0.722005 0.165278 0.029948
0 0.959954 0.367839 0.063426 0.076823
0 0.881250 0.637630 0.137500 0.033073
0 0.746991 0.220964 0.054167 0.074740
0 0.611574 0.551693 0.061111 0.064323
0 0.806713 0.873047 0.062500 0.061198
0 0.816435 0.830339 0.063426 0.059115
0 0.821065 0.170182 0.146759 0.025260
0 0.186806 0.420182 0.054167 0.066927
0 0.968056 0.287370 0.061111 0.056510
0 0.390509 0.164323 0.054167 0.063021
0 0.381250 0.332943 0.100463 0.033073
0 0.693750 0.386328 0.095833 0.030469
0 0.784028 0.778906 0.054167 0.050000
0 0.476157 0.209245 0.095833 0.025260
0 0.906713 0.611589 0.049537 0.048698
0 0.587269 0.812109 0.086574 0.027865
0 0.735417 0.870703 0.040278 0.056510
0 0.362269 0.796484 0.081019 0.027865
0 0.302083 0.412370 0.043981 0.051302
0 0.476157 0.236589 0.095833 0.022656
0 0.263194 0.327734 0.095833 0.022656
0 0.510880 0.280599 0.044907 0.048177
0 0.898148 0.459245 0.041667 0.051302
0 0.839583 0.901953 0.035648 0.056510
0 0.353472 0.438411 0.035648 0.056510
0 0.858102 0.500911 0.100463 0.020052
0 0.628935 0.323568 0.040278 0.045573
0 0.274769 0.297786 0.072685 0.025260
0 0.212269 0.103776 0.040278 0.043490
0 0.851157 0.741536 0.040278 0.042969
0 0.221528 0.435807 0.040278 0.040885
0 0.797917 0.287370 0.035648 0.046094
0 0.311343 0.476172 0.071759 0.022656
0 0.448380 0.262630 0.040278 0.038281
0 0.966898 0.577734 0.040278 0.038281
0 0.443750 0.655859 0.068056 0.022656
0 0.661343 0.778255 0.068056 0.022656
0 0.397454 0.770443 0.086574 0.017448
0 0.559028 0.687109 0.039352 0.038281
0 0.432176 0.112891 0.035648 0.040885
0 0.462269 0.329036 0.031019 0.046094
0 0.774769 0.275651 0.026389 0.053906
0 0.471528 0.284766 0.068056 0.020052
0 0.851157 0.236589 0.077315 0.017448
0 0.240046 0.249609 0.031019 0.043490
0 0.179398 0.888932 0.067130 0.020052
0 0.605787 0.394792 0.031019 0.042188
0 0.610417 0.554297 0.021759 0.059115
0 0.093056 0.439714 0.033333 0.038281
0 0.341898 0.289974 0.031019 0.040885
0 0.640046 0.133724 0.062500 0.020052
0 0.376157 0.183203 0.034722 0.035677
0 0.367361 0.360026 0.063426 0.019531
0 0.297917 0.519141 0.026389 0.046094
0 0.703704 0.705339 0.069444 0.017448
0 0.509259 0.511328 0.060185 0.020052
0 0.145139 0.222005 0.026389 0.045573
0 0.161343 0.483984 0.031019 0.038281
0 0.156713 0.864193 0.095833 0.012240
0 0.161343 0.512630 0.095833 0.012240
0 0.154398 0.442318 0.035648 0.033073
0 0.429398 0.783464 0.094907 0.012240
0 0.779398 0.363932 0.035648 0.032552
0 0.575694 0.142839 0.026389 0.043490
0 0.292130 0.870052 0.061111 0.018750
0 0.608102 0.371745 0.026389 0.042969
0 0.954861 0.619141 0.034722 0.032552
0 0.867361 0.783464 0.091204 0.012240
0 0.561806 0.090755 0.091204 0.012240
0 0.253935 0.381120 0.021759 0.051302
0 0.226157 0.392839 0.029167 0.038281
0 0.149769 0.129167 0.026389 0.042188
0 0.281713 0.701432 0.031019 0.035677
0 0.855787 0.701432 0.031019 0.035677
0 0.367361 0.086849 0.072685 0.014844
0 0.272454 0.194922 0.021759 0.048698
0 0.503935 0.150651 0.086574 0.012240
0 0.487731 0.547526 0.072685 0.014323
0 0.344213 0.687109 0.081944 0.012240
0 0.721528 0.480078 0.021759 0.046094
0 0.986574 0.279557 0.024074 0.040885
0 0.714583 0.634375 0.026389 0.036979
0 0.575694 0.176432 0.081944 0.011719
0 0.175231 0.223568 0.021759 0.043490
0 0.295602 0.220964 0.021759 0.043490
0 0.594213 0.235286 0.026389 0.035677
0 0.584954 0.107682 0.063426 0.014844
0 0.932176 0.448828 0.026389 0.035677
0 0.473843 0.401302 0.026389 0.034375
0 0.189120 0.347005 0.021759 0.040365
0 0.121991 0.598568 0.017130 0.048698
0 0.351157 0.614193 0.021759 0.038281
0 0.204861 0.231120 0.025463 0.032552
0 0.216435 0.525651 0.067130 0.012240
0 0.450694 0.881120 0.054167 0.014844
0 0.751620 0.680599 0.081944 0.009635
0 0.786343 0.724870 0.021759 0.035677
0 0.814120 0.610286 0.077315 0.009635
0 0.986574 0.685807 0.024074 0.030469
0 0.730787 0.241797 0.021759 0.033073
0 0.911343 0.200130 0.058796 0.012240
0 0.387731 0.280859 0.057870 0.012240
0 0.571065 0.896745 0.072685 0.009635
0 0.230787 0.553385 0.021759 0.031250
0 0.480787 0.131120 0.021759 0.030469
0 0.876620 0.619401 0.017130 0.038281
0 0.700694 0.767839 0.017130 0.038281
0 0.601157 0.435156 0.021759 0.029167
0 0.518981 0.695964 0.042593 0.014323
0 0.698380 0.215755 0.021759 0.027865
0 0.612269 0.524349 0.062500 0.009635
0 0.709954 0.104818 0.054167 0.009115
0 0.936806 0.663411 0.063426 0.006510
0 0.253935 0.560156 0.012500 0.029167
0 0.230787 0.601172 0.012500 0.027865
0 0.258102 0.672135 0.011574 0.029167
0 0.788657 0.216797 0.017130 0.019531
0 0.612731 0.030859 0.026389 0.007031
0 0.665509 0.997656 0.020833 0.003125
