0 0.858102 0.133724 0.137500 0.025260
0 0.119676 0.782161 0.049537 0.056510
0 0.321065 0.188411 0.091204 0.030469
0 0.104630 0.756120 0.047222 0.056510
0 0.064120 0.599870 0.049537 0.051302
0 0.068750 0.743099 0.049537 0.051302
0 0.072917 0.500911 0.122685 0.020052
0 0.218056 0.416016 0.088889 0.027344
0 0.582639 0.210286 0.086574 0.027344
0 0.047917 0.468359 0.081944 0.027865
0 0.534028 0.210547 0.081944 0.027865
0 0.209954 0.275651 0.100463 0.022656
0 0.114583 0.888932 0.048611 0.046094
0 0.117361 0.684505 0.044907 0.048698
0 0.163657 0.711849 0.081944 0.025260
0 0.709954 0.175391 0.081944 0.025260
0 0.807176 0.284766 0.081944 0.025260
0 0.205324 0.664974 0.044907 0.046094
0 0.418287 0.878516 0.035648 0.056510
0 0.035880 0.681901 0.030093 0.064323
0 0.665972 0.390234 0.031019 0.059115
0 0.610417 0.369401 0.031019 0.059115
0 0.274769 0.649349 0.072685 0.025260
0 0.362731 0.399349 0.072685 0.025260
0 0.307176 0.154557 0.044907 0.040885
0 0.559491 0.194922 0.077315 0.022656
0 0.878935 0.489193 0.077315 0.022656
0 0.045602 0.883724 0.086574 0.020052
0 0.267824 0.241797 0.095833 0.017448
0 0.365046 0.715104 0.077315 0.021354
0 0.128935 0.862891 0.040278 0.040885
0 0.464583 0.313411 0.109722 0.014844
0 0.409028 0.533464 0.091204 0.017448
0 0.464583 0.119401 0.091204 0.017448
0 0.306019 0.114193 0.070370 0.022656
0 0.284028 0.601172 0.026389 0.059115
0 0.297917 0.664974 0.072685 0.020052
0 0.429861 0.730078 0.031019 0.046094
0 0.279398 0.713151 0.026389 0.053906
0 0.395139 0.172786 0.026389 0.051302
0 0.758565 0.465755 0.031019 0.043490
0 0.189120 0.150651 0.077315 0.017448
0 0.554861 0.533464 0.031019 0.043490
0 0.455324 0.614193 0.109722 0.012240
0 0.491898 0.179297 0.034722 0.038281
0 0.212269 0.729818 0.086574 0.014323
0 0.093750 0.563411 0.034722 0.035677
0 0.605787 0.499609 0.021759 0.053906
0 0.804861 0.438411 0.058796 0.020052
0 0.466898 0.599219 0.086574 0.013542
0 0.697222 0.146745 0.028704 0.040885
0 0.249306 0.224870 0.077315 0.014844
0 0.313657 0.692057 0.030093 0.037760
0 0.498843 0.529297 0.057870 0.019531
0 0.429861 0.667578 0.021759 0.051302
0 0.693750 0.521745 0.021759 0.051302
0 0.566435 0.244401 0.091204 0.012240
0 0.089583 0.659766 0.072685 0.014844
0 0.351157 0.124609 0.086574 0.012240
0 0.742361 0.297135 0.026389 0.039583
0 0.272454 0.802995 0.021759 0.046094
0 0.013194 0.758724 0.021759 0.046094
0 0.050231 0.433203 0.031019 0.030469
0 0.219213 0.332943 0.054167 0.017448
0 0.913657 0.555599 0.026389 0.035677
0 0.321065 0.573828 0.026389 0.035677
0 0.582639 0.513281 0.031019 0.029167
0 0.255787 0.889323 0.016204 0.054688
0 0.087269 0.313411 0.021759 0.040885
0 0.922917 0.288672 0.026389 0.033073
0 0.161343 0.198177 0.021759 0.039583
0 0.300231 0.783464 0.021759 0.038281
0 0.203009 0.819922 0.021759 0.037240
0 0.277083 0.163021 0.021759 0.036979
0 0.168287 0.092057 0.081944 0.009635
0 0.140509 0.637630 0.063426 0.012240
0 0.976157 0.227214 0.021759 0.035156
0 0.119676 0.172786 0.077315 0.009635
0 0.399769 0.259766 0.063426 0.011719
0 0.656713 0.223568 0.021759 0.033073
0 0.351157 0.345964 0.021759 0.033073
0 0.113426 0.368099 0.074074 0.009635
0 0.182176 0.769141 0.017130 0.040885
0 0.152083 0.776953 0.021759 0.030469
0 0.175231 0.602474 0.021759 0.030469
0 0.078009 0.159766 0.021759 0.030469
0 0.659028 0.150651 0.054167 0.012240
0 0.138194 0.193620 0.021759 0.030469
0 0.385880 0.668880 0.017130 0.038281
0 0.654398 0.121745 0.054167 0.011719
0 0.767824 0.339193 0.068056 0.009115
0 0.385417 0.343359 0.016204 0.038281
0 0.135880 0.224870 0.063426 0.009635
0 0.394444 0.635026 0.046296 0.012240
0 0.691435 0.220312 0.017130 0.031771
0 0.454861 0.627214 0.043981 0.012240
0 0.526620 0.696224 0.020833 0.025260
0 0.159028 0.102474 0.054167 0.009635
0 0.139352 0.378516 0.051852 0.009635
0 0.135880 0.794922 0.017130 0.024740
0 0.515046 0.348568 0.053241 0.007031
0 0.112269 0.817318 0.016204 0.022656
