0 0.958796 0.651302 0.079630 0.081250
0 0.610417 0.322266 0.077315 0.074219
0 0.966898 0.432943 0.058796 0.071615
0 0.300231 0.712891 0.151389 0.027344
0 0.834954 0.551693 0.137500 0.027865
0 0.858102 0.661068 0.054167 0.064323
0 0.564120 0.872656 0.114352 0.029167
0 0.934491 0.810807 0.105093 0.030469
0 0.258565 0.508724 0.105093 0.030469
0 0.420602 0.793880 0.095833 0.033073
0 0.147454 0.380859 0.049537 0.061198
0 0.119676 0.155859 0.049537 0.059115
0 0.370833 0.373307 0.093519 0.030469
0 0.823380 0.218359 0.123611 0.022656
0 0.745833 0.270182 0.051852 0.053385
0 0.110417 0.542578 0.040278 0.066927
0 0.906713 0.421484 0.114352 0.022656
0 0.131250 0.848568 0.091204 0.027865
0 0.841898 0.099870 0.049537 0.051302
0 0.984259 0.206641 0.028704 0.087760
0 0.600694 0.206641 0.048611 0.051302
0 0.814120 0.521745 0.040278 0.061719
0 0.547917 0.483984 0.109722 0.022656
0 0.193750 0.884375 0.114352 0.021354
0 0.698380 0.831641 0.095833 0.025260
0 0.587269 0.323828 0.031019 0.077344
0 0.811806 0.191016 0.091204 0.025260
0 0.406713 0.089453 0.086574 0.025260
0 0.840741 0.842057 0.047222 0.046094
0 0.792824 0.094661 0.081019 0.025260
0 0.528935 0.200781 0.043981 0.044792
0 0.947222 0.691016 0.037963 0.051302
0 0.535185 0.912370 0.093519 0.020052
0 0.527083 0.438411 0.040278 0.046094
0 0.628935 0.540625 0.031019 0.057813
0 0.429861 0.898047 0.040278 0.043490
0 0.740046 0.809505 0.077315 0.022656
0 0.665972 0.718359 0.040278 0.043490
0 0.186806 0.358333 0.035648 0.047396
0 0.688657 0.110937 0.104167 0.016146
0 0.715741 0.179036 0.075000 0.022135
0 0.550231 0.383724 0.040278 0.040885
0 0.689120 0.893880 0.114352 0.014323
0 0.640509 0.675391 0.035648 0.046094
0 0.689120 0.158464 0.068056 0.022656
0 0.693750 0.098568 0.068056 0.022656
0 0.822917 0.814714 0.067130 0.022656
0 0.161343 0.247005 0.031019 0.048698
0 0.915972 0.676693 0.086574 0.017448
0 0.778935 0.239193 0.034722 0.043490
0 0.237731 0.459245 0.035648 0.040885
0 0.709954 0.592057 0.072685 0.020052
0 0.260417 0.558203 0.025463 0.056510
0 0.427546 0.352214 0.035648 0.040365
0 0.304861 0.433203 0.031019 0.046094
0 0.649306 0.793880 0.081019 0.017448
0 0.168287 0.487240 0.035648 0.039583
0 0.209954 0.250260 0.035648 0.039583
0 0.893981 0.585547 0.079630 0.017448
0 0.726157 0.542578 0.068056 0.020052
0 0.337269 0.720964 0.077315 0.017448
0 0.471528 0.223568 0.077315 0.017448
0 0.239583 0.128516 0.067130 0.020052
0 0.809491 0.675130 0.021759 0.061198
0 0.253935 0.142578 0.077315 0.016927
0 0.307176 0.608073 0.035648 0.036458
0 0.453009 0.297786 0.031019 0.040885
0 0.508102 0.420573 0.030093 0.041667
0 0.441435 0.266276 0.035648 0.035156
0 0.775926 0.649740 0.028704 0.041667
0 0.889352 0.360286 0.033333 0.035677
0 0.605787 0.171484 0.068056 0.017448
0 0.383565 0.648047 0.031019 0.038281
0 0.184028 0.644141 0.020833 0.056510
0 0.550231 0.194922 0.021759 0.053906
0 0.253935 0.407161 0.021759 0.051302
0 0.716898 0.615495 0.021759 0.051302
0 0.376620 0.525651 0.091204 0.012240
0 0.278241 0.383724 0.024074 0.046094
0 0.649769 0.269141 0.072685 0.014844
0 0.399769 0.461589 0.026389 0.040365
0 0.138194 0.236589 0.021759 0.048698
0 0.355787 0.791276 0.021759 0.048698
0 0.712269 0.769141 0.068056 0.014844
0 0.677546 0.541276 0.026389 0.038281
0 0.101157 0.495703 0.021759 0.046094
0 0.814120 0.607682 0.021759 0.046094
0 0.459954 0.594401 0.063426 0.014323
0 0.353472 0.436458 0.017130 0.052604
0 0.568750 0.550391 0.021759 0.040885
0 0.733102 0.913672 0.072685 0.012240
0 0.149769 0.118099 0.017130 0.051302
0 0.284028 0.153255 0.026389 0.033073
0 0.871991 0.562109 0.017130 0.048698
0 0.547917 0.306901 0.017130 0.048698
0 0.686806 0.637630 0.017130 0.048698
0 0.392824 0.107682 0.086574 0.009635
0 0.265509 0.166927 0.026389 0.031771
0 0.823380 0.749609 0.021759 0.038281
0 0.642824 0.210547 0.021759 0.038281
0 0.478472 0.368099 0.017130 0.046094
0 0.427546 0.473568 0.063426 0.012240
0 0.385880 0.869401 0.063426 0.012240
0 0.723843 0.556901 0.063426 0.012240
0 0.714120 0.386979 0.016204 0.047396
0 0.305556 0.887630 0.023148 0.033073
0 0.543287 0.358984 0.017130 0.043490
0 0.836806 0.472266 0.076389 0.009635
0 0.279398 0.306510 0.017130 0.041667
0 0.385880 0.138932 0.072685 0.009635
0 0.228472 0.217057 0.017130 0.040885
0 0.193750 0.228125 0.021759 0.031771
0 0.375000 0.680599 0.069444 0.009635
0 0.237731 0.170182 0.044907 0.014844
0 0.568750 0.701432 0.068056 0.009635
0 0.566435 0.727474 0.063426 0.009635
0 0.297917 0.589453 0.017130 0.035677
0 0.321065 0.390885 0.072685 0.008333
0 0.714583 0.797526 0.063426 0.009115
0 0.684491 0.304948 0.021759 0.025521
0 0.615046 0.464714 0.058796 0.009115
0 0.080324 0.463802 0.017130 0.029167
0 0.624306 0.901953 0.047685 0.009635
0 0.100694 0.145182 0.011574 0.037760
0 0.851157 0.382161 0.058796 0.006510
0 0.612731 0.030859 0.026389 0.007031
0 0.765509 0.996354 0.026389 0.005729
0 0.664815 0.997656 0.019444 0.003125
