0 0.538657 0.619401 0.230093 0.053906
0 0.399769 0.870703 0.156019 0.040885
0 0.968056 0.661068 0.061111 0.090365
0 0.809491 0.098568 0.068056 0.064323
0 0.876620 0.586849 0.128241 0.030469
0 0.285880 0.114193 0.057870 0.064323
0 0.073380 0.530859 0.049537 0.069531
0 0.612731 0.535156 0.054167 0.057292
0 0.566435 0.599870 0.118981 0.025260
0 0.583333 0.779557 0.097222 0.030469
0 0.790972 0.701432 0.031019 0.087760
0 0.804861 0.620443 0.040278 0.066406
0 0.165972 0.247005 0.105093 0.022656
0 0.476852 0.829036 0.050926 0.046094
0 0.970370 0.460547 0.047222 0.048698
0 0.288657 0.477474 0.044907 0.046094
0 0.455324 0.891536 0.100463 0.020052
0 0.841898 0.506120 0.031019 0.061719
0 0.408565 0.460938 0.034722 0.054688
0 0.626620 0.487891 0.035648 0.051302
0 0.126620 0.180339 0.072685 0.024740
0 0.728472 0.700781 0.035648 0.050000
0 0.306713 0.177995 0.118056 0.014844
0 0.226157 0.862891 0.086574 0.020052
0 0.943287 0.179297 0.094907 0.017448
0 0.140509 0.885026 0.026389 0.059115
0 0.455324 0.922786 0.100463 0.014844
0 0.077546 0.870703 0.039352 0.035677
0 0.795602 0.882422 0.031019 0.043490
0 0.559491 0.049089 0.077315 0.017448
0 0.913657 0.287630 0.026389 0.050781
0 0.216898 0.103776 0.105093 0.012240
0 0.862731 0.847266 0.063426 0.020052
0 0.134722 0.821224 0.024074 0.051302
0 0.325694 0.348568 0.100463 0.012240
0 0.369676 0.885026 0.095833 0.012240
0 0.263194 0.501953 0.021759 0.048177
0 0.591435 0.416016 0.020833 0.048177
0 0.557176 0.739193 0.054167 0.017448
0 0.554398 0.085547 0.076389 0.012240
0 0.565972 0.253516 0.090278 0.009635
0 0.624306 0.784766 0.086574 0.009635
0 0.152083 0.340755 0.021759 0.033073
0 0.177546 0.809505 0.017130 0.038281
0 0.098843 0.993099 0.044907 0.009635
