0 0.475694 0.637630 0.076389 0.074740
0 0.765509 0.513932 0.137500 0.030469
0 0.485417 0.760026 0.114352 0.033073
0 0.899769 0.236589 0.063426 0.059115
0 0.351157 0.436849 0.114352 0.032552
0 0.774769 0.673438 0.091204 0.031771
0 0.351157 0.375000 0.095833 0.028646
0 0.719213 0.260026 0.118981 0.022656
0 0.409028 0.614193 0.044907 0.059115
0 0.895139 0.142839 0.091204 0.027865
0 0.376620 0.633724 0.044907 0.056510
0 0.811806 0.119141 0.091204 0.027344
0 0.045602 0.230729 0.049537 0.047396
0 0.258565 0.368750 0.049537 0.047396
0 0.402083 0.299089 0.031019 0.074740
0 0.177546 0.709245 0.044907 0.051302
0 0.821065 0.214453 0.091204 0.025260
0 0.334954 0.635026 0.081944 0.027865
0 0.885880 0.293620 0.081944 0.027344
0 0.172917 0.498307 0.081944 0.025260
0 0.427546 0.349870 0.044907 0.046094
0 0.219213 0.822526 0.091204 0.022656
0 0.582639 0.728125 0.095833 0.021354
0 0.033565 0.625911 0.034722 0.056510
0 0.749306 0.379818 0.040278 0.048698
0 0.586806 0.524349 0.076389 0.025260
0 0.613889 0.704036 0.075000 0.025260
0 0.090278 0.192318 0.083333 0.022656
0 0.645139 0.891536 0.072685 0.025260
0 0.103472 0.412370 0.072685 0.025260
0 0.612731 0.422786 0.072685 0.025260
0 0.510880 0.422786 0.072685 0.025260
0 0.515509 0.493099 0.035648 0.051302
0 0.721528 0.332682 0.031019 0.058594
0 0.413194 0.873307 0.090278 0.020052
0 0.545602 0.557552 0.040278 0.044792
0 0.876157 0.404297 0.071759 0.024740
0 0.170602 0.676693 0.040278 0.043490
0 0.126620 0.554297 0.035648 0.048698
0 0.915972 0.704036 0.114352 0.014844
0 0.451852 0.206641 0.084259 0.020052
0 0.821065 0.530859 0.072685 0.022656
0 0.485417 0.567057 0.095833 0.016927
0 0.910880 0.342057 0.039352 0.040885
0 0.185648 0.523047 0.070370 0.022656
0 0.837269 0.816016 0.105093 0.014844
0 0.756250 0.327734 0.035648 0.043490
0 0.147454 0.715755 0.040278 0.038281
0 0.966898 0.398047 0.040278 0.038281
0 0.267824 0.444922 0.086574 0.017448
0 0.256250 0.750911 0.035648 0.040885
0 0.790972 0.750911 0.031019 0.046094
0 0.929861 0.592057 0.031019 0.046094
0 0.371991 0.129818 0.081944 0.017448
0 0.522454 0.217057 0.095833 0.014844
0 0.866204 0.885026 0.079630 0.017448
0 0.191435 0.257422 0.035648 0.038281
0 0.075694 0.326432 0.091204 0.014844
0 0.631250 0.586849 0.091204 0.014844
0 0.740046 0.582943 0.077315 0.017448
0 0.360417 0.702734 0.031019 0.043490
0 0.258565 0.616797 0.031019 0.043490
0 0.695602 0.728776 0.034722 0.038281
0 0.633565 0.784766 0.086574 0.014844
0 0.054861 0.492448 0.068056 0.018750
0 0.580324 0.394141 0.035648 0.035677
0 0.223843 0.204036 0.035648 0.035677
0 0.733102 0.905859 0.072685 0.017448
0 0.091898 0.175391 0.031019 0.040885
0 0.326389 0.412109 0.064815 0.019531
0 0.661343 0.815755 0.031019 0.040365
0 0.237269 0.756120 0.034722 0.035677
0 0.462269 0.368099 0.021759 0.056510
0 0.358102 0.724870 0.081944 0.014844
0 0.490046 0.247005 0.031019 0.038281
0 0.258565 0.135026 0.068056 0.017448
0 0.503935 0.150651 0.021759 0.053906
0 0.825694 0.203776 0.081944 0.014323
0 0.520139 0.802734 0.081944 0.014323
0 0.052546 0.687109 0.026389 0.043490
0 0.332639 0.896745 0.077315 0.014844
0 0.142824 0.214453 0.021759 0.051302
0 0.911343 0.459245 0.021759 0.051302
0 0.638194 0.550391 0.021759 0.051302
0 0.874306 0.605078 0.031019 0.035677
0 0.090741 0.650651 0.028704 0.038281
0 0.494213 0.649349 0.020833 0.051302
0 0.133102 0.677995 0.030093 0.035677
0 0.633565 0.916276 0.086574 0.012240
0 0.064120 0.832943 0.021759 0.048698
0 0.858102 0.562500 0.026389 0.039062
0 0.105787 0.736589 0.031019 0.033073
0 0.672917 0.296484 0.026389 0.038281
0 0.480787 0.513932 0.068056 0.014844
0 0.443750 0.605078 0.021759 0.046094
0 0.321759 0.398698 0.074074 0.013542
0 0.895139 0.340495 0.026389 0.037760
0 0.140509 0.154557 0.100463 0.009635
0 0.299769 0.097005 0.067130 0.014323
0 0.156713 0.877214 0.077315 0.012240
0 0.915972 0.804297 0.021759 0.043490
0 0.205324 0.663672 0.054167 0.017448
0 0.174074 0.223307 0.028704 0.032552
0 0.235417 0.259115 0.021759 0.041667
0 0.758565 0.501953 0.077315 0.011719
0 0.825694 0.172135 0.026389 0.034375
0 0.626620 0.288672 0.072685 0.012240
0 0.943750 0.516536 0.021759 0.040885
0 0.744676 0.766536 0.058796 0.014844
0 0.924769 0.683203 0.020833 0.040885
0 0.957176 0.435807 0.020833 0.040885
0 0.961806 0.370703 0.020833 0.040885
0 0.966898 0.793880 0.021759 0.038281
0 0.402083 0.702083 0.021759 0.036979
0 0.200694 0.365495 0.081944 0.009635
0 0.830324 0.276953 0.017130 0.046094
0 0.443750 0.146745 0.021759 0.035677
0 0.128935 0.615495 0.021759 0.035677
0 0.221528 0.575781 0.021759 0.034375
0 0.941435 0.569922 0.017130 0.043490
0 0.410185 0.780859 0.019444 0.038281
0 0.234954 0.508724 0.020833 0.035677
0 0.578009 0.210547 0.058796 0.012240
0 0.610417 0.114193 0.058796 0.012240
0 0.184954 0.431901 0.057870 0.012240
0 0.700231 0.330339 0.016204 0.043490
0 0.497454 0.920182 0.071759 0.009635
0 0.174769 0.457943 0.020833 0.033073
0 0.088426 0.599870 0.014815 0.046094
0 0.885880 0.271484 0.072685 0.009115
0 0.339583 0.224609 0.072685 0.009115
0 0.156713 0.284766 0.021759 0.030469
0 0.325694 0.780859 0.054167 0.012240
0 0.071065 0.762630 0.017130 0.038281
0 0.371991 0.767839 0.017130 0.038281
0 0.117361 0.490495 0.017130 0.035677
0 0.635880 0.360286 0.063426 0.009635
0 0.566435 0.175391 0.017130 0.035677
0 0.015509 0.683203 0.017130 0.035677
0 0.946065 0.776953 0.017130 0.035677
0 0.649769 0.651693 0.017130 0.035156
0 0.613426 0.367839 0.064815 0.009115
0 0.212269 0.381120 0.021759 0.025260
0 0.487731 0.542578 0.017130 0.030469
0 0.015509 0.821224 0.017130 0.030469
0 0.527083 0.140885 0.021759 0.023958
0 0.703009 0.299479 0.021759 0.023438
0 0.068750 0.645443 0.040278 0.012240
0 0.858102 0.637630 0.017130 0.027865
0 0.325694 0.541276 0.017130 0.027865
0 0.853472 0.181641 0.017130 0.027344
0 0.436806 0.262630 0.017130 0.026823
0 0.603472 0.500911 0.044907 0.009635
0 0.940972 0.263932 0.016204 0.025260
0 0.765509 0.203776 0.044907 0.009115
