0 0.263194 0.898047 0.188426 0.048698
0 0.221528 0.820573 0.179167 0.050000
0 0.251620 0.714453 0.044907 0.098177
0 0.785880 0.280859 0.113426 0.033073
0 0.140046 0.163672 0.053241 0.069531
0 0.441435 0.844401 0.035648 0.102865
0 0.929861 0.018880 0.137500 0.024740
0 0.314120 0.823828 0.095833 0.030469
0 0.603472 0.665625 0.054167 0.052604
0 0.825694 0.623307 0.054167 0.051302
0 0.233102 0.758724 0.054167 0.051302
0 0.918287 0.844401 0.054167 0.050781
0 0.140046 0.628516 0.043981 0.061719
0 0.668287 0.569922 0.044907 0.059115
0 0.453009 0.442318 0.040278 0.064323
0 0.432176 0.706641 0.044907 0.056510
0 0.606944 0.757422 0.088889 0.027865
0 0.383565 0.447526 0.086574 0.027865
0 0.082639 0.593099 0.086574 0.027344
0 0.101157 0.175391 0.049537 0.046094
0 0.124306 0.316016 0.049537 0.046094
0 0.550231 0.271745 0.040278 0.056510
0 0.865046 0.633984 0.040278 0.055990
0 0.784028 0.759766 0.081944 0.027344
0 0.700694 0.529557 0.035648 0.061719
0 0.552546 0.512630 0.044907 0.048698
0 0.290972 0.624609 0.095833 0.022656
0 0.844213 0.258724 0.044907 0.046094
0 0.154398 0.677995 0.044907 0.046094
0 0.594213 0.709245 0.044907 0.046094
0 0.411343 0.619401 0.086574 0.022656
0 0.128935 0.473568 0.086574 0.022656
0 0.760880 0.731380 0.044907 0.043490
0 0.121991 0.679297 0.044907 0.043490
0 0.862731 0.744401 0.044907 0.043490
0 0.943287 0.356380 0.039352 0.048698
0 0.526620 0.470703 0.085648 0.022135
0 0.534028 0.763281 0.100463 0.018750
0 0.883565 0.844401 0.040278 0.045573
0 0.288657 0.664974 0.044907 0.040885
0 0.566435 0.352474 0.044907 0.040885
0 0.233102 0.545182 0.035648 0.051302
0 0.645139 0.670182 0.035648 0.051302
0 0.684491 0.335286 0.031019 0.058594
0 0.163657 0.876953 0.081944 0.022135
0 0.325231 0.511328 0.034722 0.051302
0 0.920602 0.467057 0.086574 0.020052
0 0.661343 0.172786 0.086574 0.020052
0 0.433796 0.646484 0.087963 0.019531
0 0.591898 0.390885 0.040278 0.042188
0 0.168287 0.788021 0.026389 0.063021
0 0.373148 0.569922 0.037963 0.043490
0 0.078009 0.250911 0.040278 0.040885
0 0.395139 0.681901 0.072685 0.022656
0 0.073380 0.524349 0.040278 0.040885
0 0.288657 0.860286 0.081944 0.020052
0 0.353009 0.724870 0.034722 0.046094
0 0.591898 0.572917 0.068056 0.023438
0 0.307176 0.332943 0.091204 0.017448
0 0.425231 0.784766 0.031019 0.051302
0 0.751620 0.507422 0.026389 0.059115
0 0.230787 0.302995 0.077315 0.020052
0 0.559491 0.855078 0.077315 0.020052
0 0.888194 0.226172 0.068056 0.022656
0 0.059491 0.541276 0.040278 0.038281
0 0.651620 0.263932 0.076389 0.020052
0 0.128935 0.526693 0.077315 0.019531
0 0.895139 0.751563 0.035648 0.042188
0 0.553704 0.534505 0.075000 0.019531
0 0.904398 0.362891 0.035648 0.040885
0 0.473380 0.837240 0.034722 0.041667
0 0.078009 0.873307 0.031019 0.046094
0 0.570602 0.433203 0.034722 0.040885
0 0.226157 0.487630 0.031019 0.045573
0 0.025926 0.760026 0.028704 0.048698
0 0.698380 0.444922 0.031019 0.043490
0 0.332639 0.698828 0.021759 0.061719
0 0.251620 0.154297 0.026389 0.050781
0 0.249306 0.373307 0.086574 0.014844
0 0.179861 0.467057 0.086574 0.014844
0 0.828009 0.503516 0.086574 0.014844
0 0.774769 0.552995 0.063426 0.020052
0 0.611574 0.408203 0.033333 0.037760
0 0.344213 0.579688 0.026389 0.047396
0 0.225694 0.581641 0.030093 0.040885
0 0.483102 0.785807 0.072685 0.016927
0 0.777083 0.684505 0.068056 0.017448
0 0.119676 0.757422 0.031019 0.038281
0 0.483102 0.604818 0.081944 0.014323
0 0.376620 0.746745 0.035648 0.032552
0 0.184028 0.719661 0.057870 0.020052
0 0.165509 0.599219 0.020833 0.055208
0 0.508565 0.568359 0.058796 0.019531
0 0.290509 0.695964 0.057870 0.019531
0 0.119676 0.401953 0.031019 0.035677
0 0.316435 0.785807 0.091204 0.011719
0 0.053241 0.627214 0.027778 0.038281
0 0.087269 0.898047 0.021759 0.048698
0 0.795602 0.705339 0.086574 0.012240
0 0.091898 0.254818 0.031019 0.033073
0 0.094213 0.426693 0.026389 0.038281
0 0.941435 0.747005 0.026389 0.038281
0 0.763194 0.326432 0.068056 0.014844
0 0.084954 0.220964 0.081944 0.012240
0 0.619676 0.657161 0.021759 0.046094
0 0.704861 0.551432 0.025463 0.037760
0 0.193750 0.694922 0.021759 0.043490
0 0.175231 0.517839 0.021759 0.043490
0 0.221528 0.770443 0.021759 0.043490
0 0.078009 0.452734 0.021759 0.043490
0 0.272454 0.616797 0.077315 0.012240
0 0.925231 0.167578 0.031019 0.030469
0 0.918287 0.691016 0.063426 0.014844
0 0.769676 0.249609 0.053241 0.017448
0 0.273611 0.488932 0.024074 0.037760
0 0.422917 0.538672 0.072685 0.012240
0 0.357639 0.876563 0.081019 0.010937
0 0.432176 0.529557 0.017130 0.051302
0 0.214120 0.617448 0.025463 0.034375
0 0.742361 0.767839 0.026389 0.033073
0 0.918287 0.613932 0.026389 0.032552
0 0.719213 0.275391 0.072685 0.011719
0 0.810185 0.666276 0.069444 0.012240
0 0.950694 0.552995 0.017130 0.046094
0 0.246528 0.430599 0.053241 0.014844
0 0.436806 0.122005 0.063426 0.012240
0 0.445602 0.200130 0.062500 0.012240
0 0.209954 0.692318 0.017130 0.043490
0 0.105787 0.511328 0.077315 0.009635
0 0.561343 0.810547 0.081019 0.009115
0 0.594213 0.733984 0.026389 0.027865
0 0.703009 0.612891 0.049537 0.014844
0 0.437963 0.478125 0.065741 0.010937
0 0.476157 0.687109 0.021759 0.033073
0 0.883565 0.151693 0.049537 0.014323
0 0.767824 0.573568 0.077315 0.009115
0 0.293287 0.909766 0.072685 0.009635
0 0.774769 0.693620 0.072685 0.009635
0 0.390509 0.784766 0.017130 0.040885
0 0.084954 0.808203 0.072685 0.009635
0 0.024769 0.532161 0.017130 0.040885
0 0.190972 0.555599 0.071759 0.009635
0 0.381250 0.669792 0.026389 0.026042
0 0.246991 0.480078 0.026389 0.025260
0 0.284028 0.741797 0.054167 0.012240
0 0.351157 0.644141 0.021759 0.030469
0 0.309491 0.414974 0.068056 0.009635
0 0.654398 0.809245 0.054167 0.011719
0 0.698380 0.750260 0.021759 0.029167
0 0.681713 0.804297 0.016204 0.038281
0 0.119676 0.578776 0.068056 0.009115
0 0.635880 0.456641 0.017130 0.035677
0 0.663657 0.641276 0.017130 0.035156
0 0.739583 0.824870 0.020833 0.027344
0 0.543287 0.783464 0.017130 0.033073
0 0.075694 0.668880 0.017130 0.033073
0 0.159722 0.192318 0.046296 0.012240
0 0.862731 0.685547 0.017130 0.029948
0 0.744676 0.642839 0.021759 0.022656
0 0.216898 0.823177 0.058796 0.008333
0 0.545602 0.728516 0.012500 0.037760
0 0.494676 0.710547 0.058796 0.007031
0 0.119676 0.821224 0.040278 0.009635
0 0.760880 0.358984 0.017130 0.022656
0 0.186806 0.231380 0.054167 0.007031
0 0.467593 0.996354 0.050926 0.005729
0 0.860417 0.714193 0.031019 0.009115
0 0.559028 0.046484 0.020833 0.007031
0 0.731944 0.997656 0.014815 0.003125
