0 0.245833 0.829036 0.079630 0.113802
0 0.520139 0.541276 0.156019 0.038281
0 0.250463 0.883724 0.139815 0.040885
0 0.268981 0.192708 0.125926 0.039062
0 0.374306 0.801693 0.114352 0.038281
0 0.804861 0.773047 0.123611 0.033073
0 0.075694 0.715755 0.035648 0.100781
0 0.677546 0.331641 0.054167 0.061719
0 0.918287 0.731120 0.100463 0.032552
0 0.578009 0.262630 0.114352 0.027865
0 0.888194 0.795182 0.123611 0.025260
0 0.181713 0.649349 0.053241 0.056510
0 0.809491 0.525651 0.049537 0.059115
0 0.598843 0.754818 0.128241 0.022656
0 0.884722 0.369401 0.098148 0.027865
0 0.746991 0.595964 0.044907 0.059115
0 0.194907 0.800391 0.042593 0.061719
0 0.177546 0.827734 0.091204 0.027865
0 0.059491 0.545182 0.049537 0.051302
0 0.198380 0.550391 0.049537 0.051302
0 0.693750 0.289714 0.040278 0.061198
0 0.950694 0.312109 0.044907 0.053906
0 0.540972 0.901953 0.095833 0.025260
0 0.186806 0.374609 0.044907 0.053906
0 0.726157 0.799089 0.086574 0.027865
0 0.020139 0.506120 0.035648 0.066927
0 0.448380 0.491797 0.040278 0.059115
0 0.552546 0.547786 0.091204 0.025260
0 0.126620 0.873307 0.091204 0.025260
0 0.191435 0.473568 0.035648 0.064323
0 0.112731 0.533464 0.035648 0.064323
0 0.352315 0.706641 0.042593 0.051302
0 0.561343 0.661068 0.043981 0.048698
0 0.436806 0.635026 0.035648 0.059115
0 0.172917 0.414974 0.044907 0.046094
0 0.871991 0.562109 0.044907 0.043490
0 0.177546 0.122005 0.035648 0.053906
0 0.862269 0.226172 0.108796 0.017448
0 0.947222 0.348568 0.037963 0.048698
0 0.376620 0.657161 0.072685 0.025260
0 0.274769 0.894141 0.091204 0.020052
0 0.885880 0.830339 0.100463 0.017448
0 0.841898 0.819922 0.077315 0.022656
0 0.753935 0.431901 0.040278 0.043490
0 0.233102 0.603776 0.026389 0.064323
0 0.328009 0.498307 0.114352 0.014844
0 0.900926 0.275651 0.075000 0.022656
0 0.650926 0.753516 0.084259 0.020052
0 0.373843 0.674089 0.094907 0.017448
0 0.265509 0.675391 0.035648 0.046094
0 0.786343 0.420182 0.031019 0.051302
0 0.660185 0.368490 0.037963 0.041667
0 0.179398 0.602474 0.030093 0.051302
0 0.207176 0.658464 0.039352 0.038281
0 0.524769 0.576432 0.100463 0.014844
0 0.779398 0.487891 0.072685 0.020052
0 0.705324 0.472266 0.035648 0.040885
0 0.274769 0.745703 0.072685 0.020052
0 0.318750 0.532161 0.031019 0.046094
0 0.733102 0.111589 0.026389 0.053906
0 0.911343 0.756120 0.095833 0.014844
0 0.497685 0.434505 0.037037 0.038281
0 0.226157 0.724219 0.031019 0.044792
0 0.800231 0.214453 0.068056 0.020052
0 0.946065 0.681901 0.035648 0.038281
0 0.362731 0.894141 0.026389 0.051302
0 0.475694 0.398438 0.030093 0.044271
0 0.575231 0.911068 0.034722 0.038281
0 0.251620 0.696875 0.081944 0.016146
0 0.447917 0.271745 0.085648 0.014844
0 0.288657 0.399349 0.035648 0.035677
0 0.177546 0.730078 0.035648 0.035677
0 0.211574 0.421875 0.097222 0.013021
0 0.571065 0.163672 0.072685 0.017448
0 0.207639 0.364844 0.031019 0.039583
0 0.476157 0.530859 0.068056 0.017448
0 0.397454 0.223568 0.031019 0.038281
0 0.554861 0.424089 0.031019 0.038281
0 0.605787 0.386328 0.058796 0.020052
0 0.073380 0.611589 0.095833 0.012240
0 0.207639 0.197526 0.095833 0.012240
0 0.244676 0.136328 0.058796 0.020052
0 0.047917 0.679297 0.035648 0.033073
0 0.334954 0.392839 0.026389 0.043490
0 0.272454 0.524349 0.077315 0.014844
0 0.693750 0.654297 0.058796 0.019531
0 0.892361 0.089453 0.076389 0.014844
0 0.105787 0.467057 0.021759 0.051302
0 0.284028 0.351172 0.091204 0.012240
0 0.031713 0.198828 0.021759 0.051302
0 0.427546 0.257422 0.063426 0.017448
0 0.417130 0.192318 0.033333 0.033073
0 0.701852 0.145443 0.028704 0.038281
0 0.675231 0.255208 0.058796 0.018229
0 0.964583 0.279297 0.026389 0.040365
0 0.388889 0.293880 0.027778 0.038281
0 0.753935 0.267839 0.021759 0.048698
0 0.341898 0.338151 0.021759 0.048698
0 0.316435 0.382812 0.026389 0.039062
0 0.675231 0.798698 0.021759 0.046875
0 0.709954 0.541276 0.026389 0.038281
0 0.765509 0.374609 0.026389 0.038281
0 0.485417 0.615495 0.021759 0.046094
0 0.466898 0.844661 0.021759 0.046094
0 0.858102 0.444922 0.081944 0.012240
0 0.568750 0.116146 0.031019 0.031771
0 0.740046 0.328385 0.021759 0.044792
0 0.402778 0.625651 0.032407 0.029948
0 0.601852 0.614193 0.078704 0.012240
0 0.146991 0.516536 0.020833 0.046094
0 0.258565 0.319271 0.086574 0.010937
0 0.572222 0.602214 0.065741 0.014323
0 0.730787 0.378255 0.031019 0.029948
0 0.719213 0.751953 0.054167 0.016927
0 0.309491 0.232682 0.021759 0.040885
0 0.906713 0.479427 0.021759 0.039583
0 0.150926 0.413672 0.019444 0.043490
0 0.292130 0.432943 0.024074 0.035156
0 0.609954 0.098568 0.067130 0.012240
0 0.512037 0.240495 0.084259 0.009635
0 0.362731 0.555599 0.026389 0.030469
0 0.140509 0.309505 0.063426 0.012240
0 0.719213 0.738281 0.072685 0.010417
0 0.696065 0.710547 0.017130 0.043490
0 0.449537 0.909505 0.051852 0.014323
0 0.795602 0.340755 0.021759 0.033073
0 0.045139 0.582943 0.057870 0.012240
0 0.281713 0.574870 0.021759 0.032552
0 0.950694 0.644141 0.017130 0.040885
0 0.594213 0.219661 0.072685 0.009635
0 0.348843 0.433203 0.017130 0.040885
0 0.321065 0.250911 0.072685 0.009635
0 0.159028 0.180599 0.072685 0.009635
0 0.657870 0.196224 0.070370 0.009635
0 0.258565 0.364844 0.049537 0.013542
0 0.654398 0.641276 0.072685 0.009115
0 0.052546 0.598568 0.054167 0.012240
0 0.163657 0.611589 0.017130 0.038281
0 0.332176 0.092057 0.067130 0.009635
0 0.024769 0.761979 0.017130 0.036979
0 0.153935 0.723568 0.016204 0.038281
0 0.802083 0.181641 0.016204 0.037760
0 0.591898 0.145443 0.049537 0.012240
0 0.198380 0.411068 0.049537 0.012240
0 0.607639 0.582292 0.016204 0.036979
0 0.642824 0.670182 0.058796 0.009635
0 0.043287 0.429297 0.017130 0.033073
0 0.686806 0.517839 0.017130 0.033073
0 0.038657 0.528255 0.017130 0.033073
0 0.520139 0.013932 0.054167 0.009635
0 0.664815 0.914714 0.056481 0.009115
0 0.367361 0.362630 0.054167 0.009115
0 0.434491 0.080339 0.021759 0.022656
0 0.377778 0.399349 0.019444 0.025260
0 0.524306 0.298438 0.043981 0.010937
0 0.212269 0.112891 0.049537 0.009635
0 0.913657 0.335547 0.017130 0.027865
0 0.828009 0.326172 0.049537 0.009115
0 0.862731 0.461849 0.017130 0.025260
0 0.626157 0.911068 0.053241 0.007031
0 0.642824 0.179297 0.012500 0.012240
