0 0.100694 0.982031 0.196759 0.034375
0 0.473843 0.164974 0.146759 0.040885
0 0.395139 0.756120 0.128241 0.040885
0 0.476157 0.491797 0.132870 0.033073
0 0.330324 0.114193 0.118981 0.033073
0 0.177546 0.277995 0.063426 0.058594
0 0.457639 0.115495 0.058796 0.056510
0 0.159028 0.244401 0.100463 0.027865
0 0.209954 0.185807 0.091204 0.030469
0 0.782870 0.788411 0.098148 0.027344
0 0.490046 0.391536 0.105093 0.025260
0 0.579861 0.783464 0.053241 0.048698
0 0.619676 0.417318 0.049537 0.050781
0 0.506250 0.452734 0.044907 0.053906
0 0.112731 0.831641 0.091204 0.025260
0 0.418287 0.141536 0.091204 0.025260
0 0.682176 0.387630 0.100463 0.022656
0 0.909028 0.377865 0.118981 0.018750
0 0.631250 0.187760 0.091204 0.023958
0 0.236574 0.337891 0.079630 0.027344
0 0.640509 0.628516 0.044907 0.046094
0 0.543287 0.851562 0.044907 0.044271
0 0.124306 0.254818 0.040278 0.048698
0 0.605787 0.465755 0.040278 0.048698
0 0.832639 0.559505 0.040278 0.048698
0 0.235417 0.269141 0.077315 0.025260
0 0.582639 0.107682 0.077315 0.025260
0 0.550231 0.818620 0.077315 0.025260
0 0.496991 0.205339 0.044907 0.043490
0 0.362731 0.763932 0.072685 0.025260
0 0.844213 0.177995 0.044907 0.040885
0 0.631250 0.891536 0.035648 0.051302
0 0.348843 0.230078 0.118981 0.014844
0 0.787500 0.900391 0.079630 0.022135
0 0.420602 0.157161 0.086574 0.020052
0 0.799769 0.219661 0.030093 0.056510
0 0.608102 0.877214 0.026389 0.064323
0 0.590278 0.213151 0.074074 0.022656
0 0.707639 0.369401 0.095833 0.017448
0 0.059491 0.243099 0.040278 0.040885
0 0.409028 0.308203 0.081944 0.020052
0 0.793287 0.645182 0.072685 0.022135
0 0.645139 0.530599 0.072685 0.022135
0 0.862731 0.328385 0.035648 0.044792
0 0.321065 0.188151 0.109722 0.014323
0 0.429861 0.747005 0.068056 0.022656
0 0.490046 0.288672 0.068056 0.022656
0 0.499306 0.176693 0.068056 0.022656
0 0.934491 0.449870 0.040278 0.037760
0 0.318750 0.879818 0.086574 0.017448
0 0.763194 0.679297 0.086574 0.017448
0 0.943750 0.661068 0.031019 0.048698
0 0.767824 0.585286 0.068056 0.022135
0 0.720370 0.523047 0.084259 0.017448
0 0.721528 0.413411 0.086574 0.016927
0 0.862731 0.862891 0.072685 0.020052
0 0.409028 0.800391 0.035648 0.040885
0 0.177546 0.181901 0.081944 0.017448
0 0.534028 0.546224 0.063426 0.022135
0 0.547917 0.431641 0.063426 0.022135
0 0.943750 0.282161 0.068056 0.020052
0 0.890509 0.459245 0.026389 0.051302
0 0.501620 0.802995 0.026389 0.051302
0 0.878935 0.775651 0.077315 0.017448
0 0.313657 0.138932 0.067130 0.020052
0 0.858102 0.883464 0.091204 0.014323
0 0.624306 0.243099 0.086574 0.014844
0 0.163657 0.866797 0.026389 0.048698
0 0.693287 0.089453 0.085648 0.014844
0 0.314120 0.467057 0.031019 0.040885
0 0.649769 0.150651 0.072685 0.017448
0 0.756250 0.103776 0.072685 0.017448
0 0.640509 0.267839 0.072685 0.017448
0 0.696065 0.106380 0.100463 0.012240
0 0.556713 0.386068 0.062500 0.019531
0 0.809491 0.559505 0.031019 0.038281
0 0.675231 0.353776 0.031019 0.038281
0 0.568750 0.710547 0.031019 0.038281
0 0.786343 0.174089 0.021759 0.053906
0 0.652083 0.258724 0.077315 0.014844
0 0.096528 0.235937 0.031019 0.036979
0 0.452546 0.280599 0.067130 0.016927
0 0.336806 0.336589 0.057870 0.019531
0 0.341898 0.839453 0.021759 0.051302
0 0.531713 0.227474 0.021759 0.051302
0 0.684491 0.198828 0.021759 0.051302
0 0.927083 0.317318 0.090278 0.012240
0 0.525231 0.322526 0.090278 0.012240
0 0.198380 0.464453 0.031019 0.035677
0 0.288657 0.097266 0.072685 0.014844
0 0.617361 0.818620 0.026389 0.040885
0 0.315972 0.154297 0.071759 0.014323
0 0.763194 0.661068 0.031019 0.033073
0 0.756250 0.549089 0.026389 0.038281
0 0.594213 0.900651 0.026389 0.038281
0 0.522454 0.756120 0.068056 0.014844
0 0.971528 0.230078 0.021759 0.046094
0 0.920602 0.808203 0.021759 0.046094
0 0.885880 0.822786 0.026389 0.037760
0 0.049769 0.153255 0.030093 0.033073
0 0.962269 0.510026 0.021759 0.043490
0 0.716898 0.306901 0.021759 0.043490
0 0.640509 0.220964 0.054167 0.017448
0 0.404398 0.866797 0.054167 0.017448
0 0.390509 0.425391 0.026389 0.035677
0 0.117361 0.198828 0.026389 0.035677
0 0.941435 0.467057 0.026389 0.035677
0 0.825694 0.604818 0.026389 0.035156
0 0.922454 0.207943 0.053241 0.017448
0 0.799769 0.817318 0.020833 0.043490
0 0.973380 0.344661 0.025463 0.035677
0 0.596065 0.733724 0.020833 0.042969
0 0.749306 0.271745 0.021759 0.040885
0 0.534028 0.135026 0.072685 0.012240
0 0.832639 0.274089 0.021759 0.040365
0 0.931713 0.361589 0.071759 0.012240
0 0.385417 0.111589 0.025463 0.033073
0 0.520139 0.364193 0.017130 0.048698
0 0.572917 0.183854 0.076389 0.010937
0 0.267824 0.866797 0.068056 0.012240
0 0.512037 0.116797 0.065741 0.012240
0 0.682176 0.855078 0.054167 0.014844
0 0.420602 0.466797 0.086574 0.009115
0 0.751620 0.380859 0.026389 0.029948
0 0.751157 0.198828 0.025463 0.030469
0 0.621528 0.130859 0.053241 0.014323
0 0.107639 0.292578 0.016204 0.046094
0 0.339583 0.465755 0.017130 0.043490
0 0.073380 0.862891 0.077315 0.009635
0 0.848843 0.392839 0.017130 0.043490
0 0.466435 0.805599 0.020833 0.035677
0 0.609954 0.344922 0.020833 0.035156
0 0.790972 0.619401 0.058796 0.012240
0 0.413657 0.839063 0.017130 0.041667
0 0.425231 0.292318 0.077315 0.009115
0 0.925231 0.400391 0.021759 0.032552
0 0.725694 0.135026 0.057870 0.012240
0 0.765509 0.282161 0.017130 0.040885
0 0.746528 0.435807 0.016204 0.040885
0 0.751620 0.340755 0.017130 0.038281
0 0.700694 0.184505 0.017130 0.038281
0 0.885880 0.194922 0.017130 0.038281
0 0.422917 0.720964 0.017130 0.038281
0 0.633565 0.743099 0.021759 0.029427
0 0.795602 0.608984 0.049537 0.012240
0 0.825231 0.066016 0.062500 0.009635
0 0.814120 0.118099 0.021759 0.025260
0 0.945602 0.520443 0.016204 0.033073
0 0.719213 0.219661 0.017130 0.030469
0 0.691435 0.443620 0.017130 0.030469
0 0.870833 0.430599 0.051852 0.009635
0 0.931713 0.144141 0.016204 0.030469
0 0.179861 0.502214 0.068056 0.007031
0 0.892824 0.771745 0.049537 0.009635
0 0.267361 0.399349 0.048611 0.009635
0 0.591898 0.543229 0.021759 0.021354
0 0.909028 0.499609 0.063426 0.007031
0 0.957639 0.224870 0.012500 0.035677
0 0.197917 0.398047 0.011574 0.038281
0 0.862731 0.779557 0.044907 0.009635
0 0.115046 0.164974 0.040278 0.009635
0 0.355787 0.474609 0.012500 0.024740
