0 0.149769 0.788672 0.081944 0.090365
0 0.584491 0.112891 0.164352 0.040885
0 0.233102 0.650260 0.072685 0.091146
0 0.610417 0.326432 0.142130 0.035677
0 0.073380 0.142839 0.123611 0.038281
0 0.490046 0.493099 0.068056 0.066927
0 0.730787 0.258724 0.142130 0.030469
0 0.817593 0.593359 0.112037 0.038281
0 0.304861 0.402995 0.160648 0.022135
0 0.184491 0.731380 0.095833 0.033073
0 0.774769 0.801693 0.044907 0.069531
0 0.731944 0.908464 0.051852 0.059115
0 0.350694 0.230078 0.039352 0.077344
0 0.152083 0.378516 0.114352 0.025260
0 0.902083 0.159505 0.142130 0.019531
0 0.214583 0.571224 0.109722 0.025260
0 0.464583 0.658464 0.091204 0.027865
0 0.443750 0.722266 0.049537 0.051302
0 0.096528 0.563411 0.095833 0.025260
0 0.209954 0.250260 0.100463 0.023958
0 0.110417 0.587891 0.086574 0.027344
0 0.800231 0.248307 0.040278 0.056510
0 0.469213 0.576432 0.035648 0.061719
0 0.820602 0.858984 0.043981 0.048698
0 0.810185 0.550391 0.106481 0.020052
0 0.074537 0.850911 0.042593 0.048177
0 0.885880 0.499609 0.044907 0.043490
0 0.670602 0.498307 0.031019 0.061719
0 0.814120 0.136068 0.077315 0.024740
0 0.596528 0.350260 0.040278 0.046875
0 0.161343 0.339453 0.040278 0.046094
0 0.399769 0.758724 0.044907 0.040885
0 0.415509 0.434505 0.104167 0.017448
0 0.722685 0.176693 0.033333 0.053906
0 0.797454 0.899089 0.090278 0.019531
0 0.093056 0.878516 0.042593 0.040885
0 0.862731 0.133073 0.026389 0.065625
0 0.836806 0.517578 0.039352 0.042969
0 0.864583 0.822266 0.076389 0.022135
0 0.224537 0.430599 0.083333 0.020052
0 0.326852 0.319922 0.037963 0.043490
0 0.641667 0.491797 0.037963 0.043490
0 0.873148 0.326172 0.084259 0.019531
0 0.351157 0.480078 0.040278 0.040885
0 0.207639 0.839453 0.040278 0.040885
0 0.168287 0.537370 0.035648 0.046094
0 0.302546 0.300391 0.109722 0.014844
0 0.471528 0.802995 0.105093 0.014844
0 0.215741 0.743099 0.037963 0.040885
0 0.052546 0.588151 0.035648 0.043490
0 0.246991 0.885026 0.035648 0.043490
0 0.346528 0.896745 0.077315 0.020052
0 0.766667 0.650651 0.028704 0.053906
0 0.561806 0.848568 0.035648 0.043490
0 0.198380 0.687109 0.086574 0.017448
0 0.274769 0.769141 0.026389 0.056510
0 0.196065 0.712500 0.091204 0.016146
0 0.219213 0.232682 0.072685 0.020052
0 0.878935 0.763932 0.031019 0.046094
0 0.371991 0.879818 0.081944 0.017448
0 0.899769 0.310547 0.072685 0.019531
0 0.175231 0.200781 0.031019 0.044792
0 0.881250 0.382422 0.035648 0.038281
0 0.427546 0.842057 0.091204 0.014844
0 0.508565 0.597266 0.021759 0.061719
0 0.490046 0.874609 0.031019 0.043490
0 0.207639 0.130859 0.068056 0.019531
0 0.888194 0.671484 0.021759 0.059115
0 0.395139 0.666276 0.026389 0.048698
0 0.172454 0.616146 0.025463 0.050000
0 0.145139 0.693620 0.063426 0.020052
0 0.647454 0.829036 0.031019 0.040885
0 0.471528 0.506120 0.031019 0.040885
0 0.573380 0.899089 0.086574 0.014323
0 0.464583 0.676432 0.072685 0.016927
0 0.922917 0.456641 0.026389 0.046094
0 0.057176 0.250911 0.026389 0.046094
0 0.580324 0.559505 0.035648 0.033073
0 0.443287 0.487891 0.057870 0.020052
0 0.617361 0.483724 0.026389 0.042969
0 0.714120 0.379557 0.034722 0.032552
0 0.166667 0.272396 0.069444 0.016146
0 0.321065 0.866797 0.091204 0.012240
0 0.818750 0.519141 0.021759 0.051302
0 0.598843 0.148047 0.091204 0.012240
0 0.159028 0.489193 0.091204 0.012240
0 0.106944 0.699870 0.033333 0.032552
0 0.742361 0.847266 0.072685 0.014844
0 0.941435 0.230078 0.026389 0.040885
0 0.904398 0.422786 0.026389 0.040885
0 0.850694 0.276302 0.020833 0.050000
0 0.772454 0.270443 0.031019 0.033073
0 0.395139 0.518490 0.054167 0.018750
0 0.358102 0.668880 0.026389 0.038281
0 0.242361 0.603776 0.026389 0.038281
0 0.624306 0.895182 0.031019 0.032552
0 0.434028 0.853776 0.057870 0.017448
0 0.728472 0.838151 0.081944 0.012240
0 0.904398 0.261979 0.091204 0.010937
0 0.328009 0.758464 0.021759 0.045573
0 0.403935 0.861589 0.081019 0.012240
0 0.284028 0.366146 0.026389 0.036979
0 0.521991 0.662370 0.020833 0.046094
0 0.290972 0.129818 0.077315 0.012240
0 0.628935 0.533464 0.077315 0.012240
0 0.902083 0.528255 0.077315 0.012240
0 0.272454 0.321224 0.031019 0.030469
0 0.598843 0.614193 0.017130 0.053906
0 0.362731 0.810547 0.026389 0.035156
0 0.142361 0.530859 0.020833 0.043490
0 0.700231 0.742839 0.062500 0.014323
0 0.943750 0.310807 0.021759 0.040885
0 0.260880 0.271745 0.091204 0.009635
0 0.265509 0.821224 0.017130 0.051302
0 0.948380 0.432552 0.021759 0.039583
0 0.182176 0.783464 0.017130 0.048698
0 0.159028 0.295833 0.026389 0.031771
0 0.841898 0.564714 0.068056 0.012240
0 0.138194 0.338151 0.021759 0.038281
0 0.165509 0.924089 0.067130 0.012240
0 0.733102 0.125911 0.054167 0.014844
0 0.168287 0.904557 0.054167 0.014844
0 0.029398 0.862891 0.017130 0.046094
0 0.840741 0.578776 0.084259 0.009115
0 0.580324 0.851172 0.017130 0.043490
0 0.862731 0.728516 0.026389 0.027344
0 0.534028 0.360286 0.072685 0.009635
0 0.098843 0.259375 0.026389 0.026562
0 0.803704 0.492839 0.019444 0.035156
0 0.746528 0.443620 0.016204 0.040885
0 0.358102 0.832943 0.054167 0.012240
0 0.853472 0.856380 0.017130 0.038281
0 0.103472 0.898047 0.017130 0.038281
0 0.605787 0.662370 0.068056 0.009635
0 0.718750 0.116797 0.053241 0.012240
0 0.797454 0.868099 0.025463 0.025260
0 0.946065 0.712240 0.017130 0.036458
0 0.071065 0.526953 0.017130 0.035677
0 0.260880 0.177995 0.017130 0.035677
0 0.758565 0.137630 0.049537 0.012240
0 0.417824 0.272135 0.016204 0.036458
0 0.199537 0.791927 0.024074 0.023958
0 0.117361 0.890234 0.017130 0.033073
0 0.471528 0.191016 0.058796 0.009635
0 0.207176 0.146745 0.057870 0.009635
0 0.921759 0.417578 0.014815 0.035677
0 0.121991 0.730078 0.017130 0.030469
0 0.899306 0.550391 0.053241 0.009635
0 0.274769 0.498047 0.054167 0.009115
0 0.284491 0.578776 0.053241 0.009115
0 0.212269 0.287370 0.049537 0.009635
0 0.355787 0.931641 0.068056 0.006510
0 0.797454 0.127865 0.053241 0.008333
0 0.765509 0.120703 0.017130 0.025260
0 0.512731 0.824479 0.011574 0.036979
