0 0.119676 0.969010 0.234722 0.060417
0 0.084954 0.981380 0.165278 0.027865
0 0.746991 0.687109 0.109722 0.038281
0 0.631250 0.295182 0.128241 0.030469
0 0.527083 0.775651 0.040278 0.090365
0 0.182176 0.848568 0.109722 0.033073
0 0.097685 0.311458 0.061111 0.057813
0 0.714583 0.158854 0.054167 0.059896
0 0.786343 0.276953 0.049537 0.061719
0 0.860417 0.217057 0.049537 0.061719
0 0.529398 0.707943 0.054167 0.053906
0 0.103472 0.711589 0.109722 0.024740
0 0.752778 0.245703 0.047222 0.051302
0 0.337269 0.191016 0.095833 0.025260
0 0.263194 0.756120 0.095833 0.025260
0 0.318750 0.438411 0.040278 0.056510
0 0.487269 0.188151 0.090278 0.024740
0 0.071065 0.991146 0.137500 0.016146
0 0.744676 0.474219 0.040278 0.055208
0 0.258565 0.390234 0.040278 0.053906
0 0.427546 0.597917 0.044907 0.047396
0 0.619213 0.073828 0.141204 0.014844
0 0.290972 0.565755 0.031019 0.066406
0 0.624306 0.392839 0.114352 0.017448
0 0.469213 0.366797 0.109722 0.017448
0 0.263194 0.873307 0.040278 0.046094
0 0.540972 0.606380 0.105093 0.017448
0 0.133565 0.487630 0.040278 0.045573
0 0.246991 0.644141 0.072685 0.025260
0 0.797917 0.362891 0.072685 0.025260
0 0.547917 0.810807 0.044907 0.040885
0 0.663657 0.112891 0.072685 0.025260
0 0.462269 0.664974 0.086574 0.020052
0 0.733102 0.830339 0.035648 0.048698
0 0.469213 0.538411 0.035648 0.048177
0 0.665972 0.340755 0.031019 0.053906
0 0.240046 0.851172 0.095833 0.017448
0 0.133565 0.806901 0.031019 0.053906
0 0.598843 0.249609 0.072685 0.022656
0 0.571065 0.425391 0.081944 0.020052
0 0.664815 0.275651 0.093519 0.017448
0 0.151620 0.361589 0.030093 0.053906
0 0.601157 0.534115 0.086574 0.018750
0 0.293981 0.778255 0.092593 0.017448
0 0.638194 0.842057 0.031019 0.051302
0 0.027083 0.685547 0.031019 0.050781
0 0.371991 0.249609 0.035648 0.043490
0 0.103472 0.184505 0.035648 0.043490
0 0.203009 0.537370 0.077315 0.020052
0 0.567593 0.163672 0.028704 0.053906
0 0.365046 0.444922 0.040278 0.038281
0 0.815278 0.399349 0.033333 0.046094
0 0.036343 0.575130 0.031019 0.048698
0 0.105787 0.838151 0.031019 0.048698
0 0.411343 0.476172 0.086574 0.017448
0 0.205324 0.225521 0.035648 0.042188
0 0.867361 0.677995 0.026389 0.056510
0 0.765509 0.391536 0.035648 0.040885
0 0.343750 0.391536 0.034722 0.040885
0 0.098380 0.761328 0.034722 0.040885
0 0.054398 0.349870 0.039352 0.035677
0 0.665972 0.463802 0.031019 0.044792
0 0.341898 0.489844 0.031019 0.044792
0 0.941435 0.108984 0.035648 0.038281
0 0.543287 0.542578 0.026389 0.051302
0 0.678704 0.422786 0.037963 0.035677
0 0.480324 0.322526 0.076389 0.017448
0 0.581019 0.355078 0.064815 0.020052
0 0.420602 0.829036 0.086574 0.014844
0 0.464583 0.262630 0.026389 0.048698
0 0.256250 0.472266 0.063426 0.020052
0 0.645139 0.136328 0.063426 0.020052
0 0.395139 0.107682 0.063426 0.020052
0 0.223843 0.520443 0.072685 0.017448
0 0.567593 0.494401 0.019444 0.064323
0 0.380787 0.795182 0.062500 0.020052
0 0.503472 0.226172 0.020833 0.059115
0 0.536343 0.756120 0.021759 0.056510
0 0.700694 0.771745 0.026389 0.046094
0 0.964583 0.789974 0.026389 0.046094
0 0.080324 0.563411 0.026389 0.046094
0 0.575694 0.865495 0.081944 0.014844
0 0.402083 0.497005 0.031019 0.038281
0 0.246991 0.543880 0.035648 0.033073
0 0.496991 0.877214 0.035648 0.033073
0 0.211806 0.556901 0.067130 0.017448
0 0.503935 0.350911 0.068056 0.016927
0 0.816435 0.616797 0.026389 0.043490
0 0.728472 0.374609 0.026389 0.043490
0 0.422917 0.226172 0.091204 0.012240
0 0.608102 0.366797 0.091204 0.012240
0 0.478472 0.101823 0.081944 0.013542
0 0.536343 0.664974 0.031019 0.035677
0 0.490046 0.829036 0.031019 0.035677
0 0.920602 0.477214 0.031019 0.035156
0 0.709954 0.498307 0.026389 0.040885
0 0.549769 0.232682 0.020833 0.051302
0 0.915972 0.132422 0.086574 0.012240
0 0.332639 0.174089 0.086574 0.012240
0 0.925231 0.161068 0.086574 0.012240
0 0.284028 0.315365 0.026389 0.039583
0 0.353472 0.097005 0.072685 0.014323
0 0.751620 0.437109 0.026389 0.038281
0 0.096528 0.680599 0.021759 0.046094
0 0.561806 0.598568 0.081944 0.012240
0 0.415972 0.129557 0.058796 0.016927
0 0.726157 0.641276 0.021759 0.045573
0 0.203009 0.812109 0.077315 0.012240
0 0.228472 0.649349 0.063426 0.014844
0 0.767824 0.603516 0.021759 0.042969
0 0.800231 0.384766 0.021759 0.042969
0 0.385880 0.389974 0.054167 0.016927
0 0.556019 0.592057 0.061111 0.014844
0 0.628472 0.175781 0.057870 0.015625
0 0.628935 0.206641 0.021759 0.040885
0 0.353472 0.140234 0.072685 0.012240
0 0.790972 0.753516 0.021759 0.040885
0 0.775926 0.318620 0.028704 0.030469
0 0.457639 0.136328 0.058796 0.014844
0 0.909028 0.369141 0.026389 0.032552
0 0.575694 0.229036 0.026389 0.032552
0 0.365046 0.283203 0.021759 0.037760
0 0.358102 0.487891 0.026389 0.030469
0 0.952546 0.379818 0.020833 0.038281
0 0.494676 0.516927 0.021759 0.036458
0 0.781713 0.493490 0.021759 0.036458
0 0.209954 0.385026 0.063426 0.012240
0 0.499306 0.631120 0.021759 0.035677
0 0.786343 0.459245 0.021759 0.035677
0 0.339583 0.607422 0.054167 0.014323
0 0.189120 0.638672 0.021759 0.035156
0 0.181713 0.159766 0.016204 0.046094
0 0.888194 0.409766 0.077315 0.009635
0 0.747685 0.509375 0.027778 0.026562
0 0.068750 0.806901 0.021759 0.033073
0 0.462269 0.611589 0.021759 0.033073
0 0.175231 0.832943 0.021759 0.033073
0 0.228009 0.761328 0.071759 0.009635
0 0.828009 0.181641 0.058796 0.011719
0 0.660880 0.072266 0.057870 0.011719
0 0.750463 0.374609 0.024074 0.027865
0 0.274769 0.450130 0.054167 0.012240
0 0.441435 0.772135 0.063426 0.010417
0 0.716898 0.089453 0.068056 0.009635
0 0.061806 0.205339 0.017130 0.038281
0 0.072917 0.739844 0.048611 0.013542
0 0.799769 0.422135 0.048611 0.013542
0 0.500000 0.393880 0.069444 0.009115
0 0.920602 0.149089 0.068056 0.009115
0 0.843750 0.382422 0.016204 0.038281
0 0.529398 0.571224 0.063426 0.009635
0 0.538657 0.157161 0.017130 0.035677
0 0.216435 0.241797 0.048611 0.012240
0 0.392361 0.460547 0.020833 0.027865
0 0.378472 0.814453 0.048611 0.011719
0 0.728009 0.458594 0.016204 0.034375
0 0.955324 0.734245 0.017130 0.032552
0 0.304861 0.396745 0.021759 0.025260
0 0.331019 0.891536 0.055556 0.009635
0 0.496991 0.751953 0.044907 0.011719
0 0.108102 0.615495 0.054167 0.009635
0 0.223843 0.326432 0.054167 0.009635
0 0.288657 0.435547 0.054167 0.009115
0 0.508565 0.439714 0.021759 0.022656
0 0.424769 0.843359 0.020833 0.022656
0 0.899769 0.512370 0.017130 0.027344
0 0.957639 0.230078 0.021759 0.020052
0 0.816435 0.074870 0.063426 0.006510
0 0.684491 0.732031 0.012500 0.023958
0 0.520139 0.405859 0.017130 0.017448
0 0.550231 0.021745 0.031019 0.009635
