0 0.540509 0.697526 0.141204 0.043490
0 0.082639 0.985938 0.160648 0.026562
0 0.508565 0.205339 0.151389 0.027865
0 0.394676 0.491797 0.127315 0.033073
0 0.809491 0.778255 0.114352 0.033073
0 0.142824 0.555599 0.114352 0.030469
0 0.918287 0.460286 0.035648 0.079427
0 0.103472 0.123307 0.054167 0.051302
0 0.226157 0.189453 0.123611 0.022135
0 0.167824 0.313411 0.053241 0.051302
0 0.193750 0.547526 0.105093 0.024740
0 0.346528 0.116797 0.114352 0.022656
0 0.839583 0.381120 0.128241 0.020052
0 0.665972 0.778906 0.105093 0.023958
0 0.487731 0.429297 0.044907 0.053906
0 0.550231 0.767839 0.105093 0.022656
0 0.811806 0.625911 0.044907 0.051302
0 0.133565 0.649349 0.086574 0.025260
0 0.561806 0.736328 0.044907 0.048177
0 0.878935 0.423828 0.040278 0.053385
0 0.288194 0.614193 0.043981 0.048698
0 0.531713 0.137630 0.040278 0.052865
0 0.700694 0.659766 0.081944 0.025260
0 0.135880 0.206380 0.044907 0.045573
0 0.116204 0.844661 0.079630 0.025260
0 0.260880 0.499609 0.044907 0.043490
0 0.409028 0.611589 0.044907 0.043490
0 0.439120 0.362891 0.077315 0.025260
0 0.566435 0.788672 0.109722 0.017448
0 0.116898 0.512630 0.034722 0.053906
0 0.362731 0.374609 0.081944 0.022656
0 0.337269 0.756120 0.040278 0.046094
0 0.471528 0.767839 0.031019 0.059115
0 0.362731 0.771745 0.035648 0.051302
0 0.700231 0.485286 0.034722 0.051302
0 0.766667 0.414974 0.037963 0.046094
0 0.371991 0.567969 0.072685 0.023958
0 0.336806 0.420182 0.085648 0.020052
0 0.284028 0.550391 0.035648 0.046094
0 0.635880 0.836849 0.109722 0.014844
0 0.274306 0.485286 0.034722 0.046094
0 0.733102 0.108984 0.091204 0.017448
0 0.036343 0.503516 0.031019 0.051302
0 0.325231 0.850911 0.071759 0.022135
0 0.278935 0.581380 0.081019 0.019531
0 0.262731 0.795182 0.030093 0.051302
0 0.337269 0.327734 0.040278 0.038281
0 0.253935 0.420182 0.068056 0.022656
0 0.101157 0.163672 0.068056 0.022656
0 0.834954 0.322266 0.035648 0.042969
0 0.205324 0.732682 0.035648 0.040885
0 0.159028 0.726172 0.081944 0.017448
0 0.228472 0.499609 0.026389 0.053906
0 0.733102 0.564714 0.026389 0.053906
0 0.610417 0.672786 0.095833 0.014844
0 0.057176 0.353125 0.026389 0.052604
0 0.913657 0.280599 0.081944 0.016927
0 0.182176 0.236589 0.035648 0.038281
0 0.226157 0.860286 0.068056 0.020052
0 0.871991 0.104427 0.072685 0.018750
0 0.946065 0.392578 0.035648 0.037760
0 0.424074 0.419922 0.093519 0.014323
0 0.234259 0.625911 0.065741 0.020052
0 0.144676 0.229818 0.025463 0.050781
0 0.802546 0.723307 0.109722 0.011719
0 0.888194 0.215755 0.105093 0.012240
0 0.145139 0.421484 0.026389 0.048698
0 0.214583 0.683203 0.035648 0.035677
0 0.427546 0.168880 0.072685 0.017448
0 0.496528 0.318620 0.062500 0.020052
0 0.899769 0.521484 0.026389 0.045573
0 0.073380 0.114193 0.068056 0.017448
0 0.387037 0.136328 0.059259 0.020052
0 0.813657 0.084245 0.020833 0.056510
0 0.809491 0.684505 0.021759 0.053906
0 0.221528 0.155859 0.095833 0.012240
0 0.322917 0.256120 0.057870 0.020052
0 0.684491 0.079036 0.077315 0.014844
0 0.447917 0.824870 0.030093 0.037760
0 0.688657 0.444661 0.030093 0.037760
0 0.571065 0.827474 0.026389 0.042969
0 0.323380 0.685807 0.021759 0.051302
0 0.876620 0.150651 0.091204 0.012240
0 0.395139 0.728776 0.063426 0.017448
0 0.520139 0.543620 0.091204 0.011719
0 0.661343 0.455339 0.021759 0.048698
0 0.647454 0.108984 0.021759 0.048698
0 0.064120 0.314714 0.031019 0.033073
0 0.300231 0.731380 0.058796 0.017448
0 0.441435 0.293229 0.063426 0.016146
0 0.281713 0.089453 0.105093 0.009635
0 0.898611 0.709245 0.033333 0.030469
0 0.302546 0.822526 0.026389 0.038281
0 0.705324 0.356380 0.026389 0.038281
0 0.904398 0.181901 0.081944 0.012240
0 0.608102 0.890234 0.081944 0.012240
0 0.818750 0.420182 0.021759 0.046094
0 0.807176 0.519792 0.026389 0.036979
0 0.536343 0.307943 0.068056 0.014323
0 0.744676 0.778255 0.077315 0.012240
0 0.091898 0.396745 0.031019 0.030469
0 0.304861 0.477474 0.031019 0.030469
0 0.436806 0.099870 0.063426 0.014844
0 0.418287 0.333984 0.026389 0.035156
0 0.635417 0.309505 0.053241 0.017448
0 0.934491 0.503255 0.031019 0.029948
0 0.348380 0.203776 0.025463 0.035156
0 0.547917 0.632422 0.072685 0.012240
0 0.649769 0.520443 0.026389 0.033073
0 0.045602 0.131120 0.058796 0.014844
0 0.648611 0.075130 0.070370 0.012240
0 0.624306 0.146484 0.058796 0.014323
0 0.109954 0.765234 0.067130 0.012240
0 0.276620 0.161068 0.020833 0.038281
0 0.802546 0.482682 0.017130 0.046094
0 0.091898 0.618099 0.021759 0.035677
0 0.663657 0.163672 0.063426 0.012240
0 0.399769 0.785807 0.017130 0.042969
0 0.936806 0.804036 0.017130 0.042969
0 0.369676 0.438411 0.049537 0.014844
0 0.809491 0.206641 0.049537 0.014844
0 0.459954 0.116797 0.026389 0.027865
0 0.057176 0.275391 0.026389 0.027344
0 0.915509 0.168880 0.057870 0.012240
0 0.820602 0.748307 0.071759 0.009635
0 0.396296 0.793880 0.056481 0.012240
0 0.163194 0.180599 0.016204 0.040885
0 0.765509 0.193620 0.044907 0.014844
0 0.375463 0.315755 0.070370 0.009115
0 0.669444 0.607682 0.065741 0.009635
0 0.881250 0.340495 0.054167 0.011719
0 0.686806 0.628516 0.017130 0.035677
0 0.182176 0.490234 0.063426 0.009115
0 0.158565 0.737630 0.062500 0.009115
0 0.807176 0.327734 0.017130 0.033073
0 0.589583 0.462500 0.017130 0.031771
0 0.028935 0.304297 0.016204 0.033073
0 0.408565 0.655599 0.016204 0.032552
0 0.108102 0.717057 0.017130 0.030469
0 0.816435 0.227474 0.054167 0.009635
0 0.811806 0.193620 0.054167 0.009635
0 0.441435 0.272656 0.017130 0.028646
0 0.734954 0.349870 0.048611 0.009635
0 0.924769 0.719661 0.011574 0.035677
0 0.520139 0.478516 0.063426 0.006510
0 0.865046 0.218359 0.058796 0.007031
0 0.929861 0.256120 0.012500 0.030469
0 0.248843 0.449870 0.011574 0.032552
0 0.594213 0.023047 0.026389 0.007031
