0 0.508102 0.163672 0.178241 0.043490
0 0.100694 0.982031 0.196759 0.034375
0 0.195602 0.771745 0.164352 0.040885
0 0.537500 0.370703 0.070370 0.072135
0 0.451852 0.291276 0.139815 0.033073
0 0.594213 0.436849 0.063426 0.063802
0 0.172917 0.271745 0.063426 0.061719
0 0.885880 0.870703 0.128241 0.030469
0 0.793287 0.802734 0.109722 0.029948
0 0.679861 0.806901 0.031019 0.100781
0 0.478472 0.112891 0.054167 0.056510
0 0.478472 0.401953 0.100463 0.030469
0 0.554861 0.836849 0.095833 0.030469
0 0.701852 0.545182 0.112037 0.025260
0 0.816435 0.855078 0.091204 0.030469
0 0.228472 0.099870 0.109722 0.025260
0 0.890509 0.705078 0.100463 0.027344
0 0.229630 0.337500 0.102778 0.026562
0 0.569907 0.550391 0.088889 0.030469
0 0.689120 0.633724 0.105093 0.025260
0 0.154398 0.235286 0.100463 0.025260
0 0.661343 0.388932 0.123611 0.020052
0 0.656713 0.404557 0.095833 0.025260
0 0.786343 0.345964 0.086574 0.027865
0 0.405556 0.241536 0.084259 0.027344
0 0.612731 0.648047 0.035648 0.064323
0 0.179861 0.146745 0.049537 0.046094
0 0.105787 0.839453 0.086574 0.025260
0 0.271991 0.235286 0.085648 0.025260
0 0.726157 0.197526 0.031019 0.069531
0 0.524769 0.688411 0.081944 0.025260
0 0.325694 0.182552 0.109722 0.018750
0 0.945602 0.693620 0.043981 0.046094
0 0.522454 0.568620 0.077315 0.025260
0 0.802546 0.231380 0.044907 0.043490
0 0.610417 0.297786 0.077315 0.025260
0 0.230324 0.266536 0.076389 0.025260
0 0.515509 0.319922 0.109722 0.017448
0 0.848380 0.736589 0.043981 0.043490
0 0.573380 0.107422 0.077315 0.024740
0 0.121991 0.251563 0.044907 0.042188
0 0.621991 0.491797 0.081944 0.022656
0 0.436806 0.142839 0.081944 0.022656
0 0.316435 0.140234 0.081944 0.022656
0 0.765509 0.702734 0.081944 0.022656
0 0.240046 0.794531 0.077315 0.023958
0 0.494676 0.809505 0.031019 0.059115
0 0.920602 0.325130 0.105093 0.017448
0 0.804861 0.181901 0.031019 0.059115
0 0.871528 0.395443 0.081019 0.022656
0 0.362731 0.110286 0.072685 0.025260
0 0.839583 0.336849 0.035648 0.051302
0 0.193750 0.177995 0.086574 0.020052
0 0.420139 0.123307 0.113426 0.014844
0 0.883565 0.473568 0.031019 0.053906
0 0.649769 0.266536 0.081944 0.020052
0 0.714583 0.321224 0.035648 0.046094
0 0.682176 0.438411 0.109722 0.014844
0 0.644676 0.240495 0.081019 0.020052
0 0.137037 0.287370 0.037963 0.040885
0 0.733102 0.752214 0.035648 0.043490
0 0.513194 0.176693 0.068056 0.022656
0 0.515509 0.362891 0.026389 0.056510
0 0.513194 0.762370 0.086574 0.016927
0 0.612731 0.209245 0.072685 0.020052
0 0.888194 0.836849 0.031019 0.046094
0 0.610417 0.879818 0.021759 0.064323
0 0.358102 0.218099 0.118981 0.011719
0 0.550231 0.219661 0.021759 0.061719
0 0.700694 0.192318 0.026389 0.048698
0 0.154398 0.874349 0.026389 0.048177
0 0.964583 0.357682 0.035648 0.035677
0 0.390509 0.874609 0.072685 0.017448
0 0.246991 0.752214 0.072685 0.017448
0 0.397454 0.813411 0.031019 0.040885
0 0.582639 0.732682 0.031019 0.040885
0 0.823380 0.623307 0.031019 0.040885
0 0.153935 0.425000 0.034722 0.036458
0 0.802546 0.430339 0.063426 0.019531
0 0.781713 0.191016 0.021759 0.056510
0 0.941435 0.124349 0.072685 0.016927
0 0.848843 0.162370 0.026389 0.046094
0 0.598843 0.180599 0.081944 0.014844
0 0.825694 0.896745 0.081944 0.014844
0 0.446065 0.878516 0.026389 0.046094
0 0.959954 0.796875 0.035648 0.033854
0 0.311343 0.883724 0.081019 0.014844
0 0.888194 0.796484 0.068056 0.017448
0 0.781713 0.233984 0.031019 0.038281
0 0.328009 0.155859 0.095833 0.012240
0 0.638194 0.892839 0.021759 0.053906
0 0.392824 0.089453 0.077315 0.014844
0 0.522454 0.771745 0.077315 0.014844
0 0.925231 0.457292 0.031019 0.036979
0 0.248843 0.343099 0.067130 0.016927
0 0.677546 0.090755 0.091204 0.012240
0 0.427546 0.278255 0.091204 0.012240
0 0.763194 0.677734 0.031019 0.035156
0 0.203009 0.482422 0.031019 0.035156
0 0.376157 0.142839 0.062500 0.017448
0 0.612731 0.826432 0.026389 0.040885
0 0.281250 0.784766 0.030093 0.035677
0 0.373843 0.427995 0.030093 0.035677
0 0.299769 0.469661 0.030093 0.035677
0 0.927546 0.301432 0.091204 0.011719
0 0.332639 0.851172 0.021759 0.048698
0 0.834954 0.581641 0.026389 0.039844
0 0.073380 0.277995 0.021759 0.048177
0 0.896991 0.088802 0.020833 0.050000
0 0.240046 0.405859 0.058796 0.017448
0 0.330324 0.463151 0.026389 0.038281
0 0.933333 0.485026 0.028704 0.035156
0 0.709954 0.103125 0.091204 0.010937
0 0.941435 0.286719 0.072685 0.013542
0 0.323380 0.749609 0.021759 0.043490
0 0.554861 0.135026 0.077315 0.012240
0 0.839583 0.085547 0.054167 0.017448
0 0.471528 0.245703 0.031019 0.030469
0 0.862731 0.080339 0.054167 0.017448
0 0.797917 0.641536 0.063426 0.014844
0 0.605787 0.749349 0.021759 0.042969
0 0.929861 0.824479 0.021759 0.042188
0 0.096065 0.266276 0.030093 0.029948
0 0.918287 0.416276 0.072685 0.012240
0 0.929861 0.235286 0.021759 0.040885
0 0.672917 0.299089 0.026389 0.033073
0 0.749306 0.128516 0.058796 0.014844
0 0.646991 0.360677 0.020833 0.041667
0 0.126620 0.194661 0.026389 0.032552
0 0.658565 0.879818 0.025463 0.033073
0 0.674769 0.735938 0.076389 0.010937
0 0.461111 0.273047 0.065741 0.012240
0 0.094213 0.232682 0.026389 0.030469
0 0.116898 0.286068 0.016204 0.048698
0 0.415972 0.477214 0.086574 0.009115
0 0.807176 0.284766 0.017130 0.046094
0 0.524769 0.793880 0.063426 0.012240
0 0.427546 0.703776 0.054167 0.014323
0 0.856944 0.441016 0.051852 0.014844
0 0.746991 0.567318 0.017130 0.043490
0 0.200694 0.411068 0.017130 0.043490
0 0.069444 0.249609 0.060185 0.012240
0 0.633565 0.754818 0.021759 0.033073
0 0.765509 0.364193 0.054167 0.012240
0 0.598843 0.903255 0.017130 0.038281
0 0.737731 0.345964 0.017130 0.038281
0 0.325694 0.421484 0.017130 0.038281
0 0.760417 0.294922 0.016204 0.040365
0 0.461806 0.816016 0.020833 0.030469
0 0.741898 0.280599 0.016204 0.037760
0 0.656713 0.468359 0.021759 0.027865
0 0.689120 0.861589 0.049537 0.012240
0 0.790972 0.395443 0.049537 0.012240
0 0.795602 0.632422 0.049537 0.012240
0 0.452546 0.124609 0.048611 0.012240
0 0.955324 0.549089 0.017130 0.033073
0 0.608102 0.348568 0.017130 0.033073
0 0.760880 0.200130 0.017130 0.033073
0 0.897454 0.513932 0.058796 0.009635
0 0.429861 0.430339 0.056944 0.009115
0 0.730324 0.463151 0.011574 0.038281
0 0.089120 0.327734 0.062500 0.007031
0 0.121991 0.159766 0.044907 0.009635
0 0.817593 0.068359 0.047222 0.009115
0 0.871528 0.800391 0.043981 0.009635
0 0.702546 0.465755 0.011574 0.033073
