0 0.892824 0.882422 0.142130 0.048698
0 0.529398 0.898047 0.118981 0.038281
0 0.492361 0.414974 0.054167 0.066927
0 0.520139 0.265234 0.054167 0.064323
0 0.031713 0.692318 0.040278 0.079948
0 0.359954 0.358984 0.057870 0.053906
0 0.659028 0.875911 0.100463 0.030469
0 0.654398 0.701432 0.044907 0.066927
0 0.566435 0.268490 0.044907 0.065625
0 0.904398 0.635026 0.054167 0.053906
0 0.108102 0.606380 0.128241 0.022656
0 0.707639 0.196224 0.049537 0.056510
0 0.281713 0.638281 0.049537 0.055208
0 0.267824 0.763672 0.040278 0.066406
0 0.529398 0.497005 0.044907 0.059115
0 0.550231 0.843359 0.114352 0.022656
0 0.913657 0.681901 0.091204 0.027865
0 0.566435 0.614193 0.109722 0.022656
0 0.797917 0.590755 0.044907 0.053906
0 0.314120 0.525651 0.086574 0.027865
0 0.242361 0.219661 0.118981 0.020052
0 0.351157 0.544922 0.095833 0.024740
0 0.112731 0.256120 0.044907 0.051302
0 0.494676 0.316016 0.049537 0.046094
0 0.378935 0.474870 0.040278 0.056510
0 0.946065 0.858984 0.035648 0.059115
0 0.665972 0.224870 0.105093 0.020052
0 0.307176 0.226172 0.091204 0.022656
0 0.615046 0.842057 0.040278 0.051302
0 0.844213 0.659766 0.035648 0.056510
0 0.760880 0.118099 0.100463 0.020052
0 0.189120 0.391536 0.031019 0.061719
0 0.762037 0.595964 0.037963 0.048698
0 0.459954 0.539974 0.072685 0.025260
0 0.140509 0.883724 0.044907 0.040885
0 0.830324 0.318620 0.035648 0.051302
0 0.371991 0.248307 0.035648 0.051302
0 0.621528 0.176432 0.081019 0.022135
0 0.751620 0.822526 0.100463 0.017448
0 0.332639 0.455339 0.077315 0.022656
0 0.582639 0.878516 0.086574 0.020052
0 0.772454 0.142578 0.077315 0.022135
0 0.304861 0.385026 0.095833 0.017448
0 0.191435 0.446875 0.035648 0.046354
0 0.246991 0.207943 0.072685 0.022656
0 0.103472 0.393880 0.035648 0.045573
0 0.556713 0.685807 0.108796 0.014844
0 0.667824 0.237630 0.081019 0.019531
0 0.517824 0.136328 0.105093 0.014844
0 0.630093 0.210547 0.088889 0.017448
0 0.856944 0.590755 0.088889 0.017448
0 0.660185 0.797786 0.037963 0.040885
0 0.221065 0.391536 0.030093 0.051302
0 0.577546 0.663672 0.067130 0.022656
0 0.267361 0.510026 0.067130 0.022656
0 0.235417 0.847005 0.077315 0.019531
0 0.577546 0.122005 0.085648 0.017448
0 0.804861 0.439063 0.040278 0.036979
0 0.659028 0.115495 0.072685 0.020052
0 0.339583 0.157161 0.035648 0.040885
0 0.197917 0.254167 0.067130 0.021354
0 0.082639 0.482682 0.031019 0.046094
0 0.515509 0.597005 0.072685 0.019531
0 0.459954 0.701823 0.026389 0.052083
0 0.925231 0.461849 0.068056 0.020052
0 0.839583 0.366146 0.063426 0.021354
0 0.531713 0.767839 0.031019 0.043490
0 0.365046 0.780859 0.077315 0.017448
0 0.244676 0.392839 0.031019 0.043490
0 0.950231 0.696875 0.034722 0.036979
0 0.862731 0.566016 0.035648 0.035677
0 0.334954 0.706641 0.063426 0.020052
0 0.888194 0.513932 0.031019 0.040885
0 0.149306 0.358984 0.025463 0.048698
0 0.013194 0.769141 0.021759 0.056510
0 0.279398 0.826432 0.081944 0.014844
0 0.635880 0.331641 0.026389 0.046094
0 0.274769 0.493099 0.081944 0.014844
0 0.418287 0.574870 0.100463 0.011719
0 0.406713 0.601172 0.095833 0.012240
0 0.054861 0.257422 0.021759 0.053906
0 0.105787 0.201432 0.058796 0.020052
0 0.360417 0.748307 0.058796 0.020052
0 0.112269 0.325521 0.034722 0.033854
0 0.137037 0.305599 0.028704 0.040885
0 0.662037 0.368099 0.032407 0.035677
0 0.784028 0.338151 0.026389 0.043490
0 0.927546 0.556901 0.026389 0.043490
0 0.753935 0.521484 0.058796 0.019531
0 0.925231 0.409505 0.058796 0.019531
0 0.740046 0.196224 0.021759 0.051302
0 0.274769 0.478776 0.091204 0.012240
0 0.387037 0.563411 0.075000 0.014844
0 0.519676 0.455339 0.090278 0.012240
0 0.587269 0.786719 0.058796 0.018750
0 0.524769 0.420182 0.026389 0.040885
0 0.112731 0.521484 0.026389 0.040365
0 0.712269 0.508724 0.068056 0.014844
0 0.552546 0.687109 0.026389 0.038281
0 0.450231 0.372005 0.081019 0.012240
0 0.284028 0.398047 0.054167 0.017448
0 0.098843 0.545182 0.026389 0.035677
0 0.288657 0.128516 0.026389 0.035677
0 0.302546 0.370703 0.063426 0.014844
0 0.617361 0.727474 0.026389 0.035677
0 0.853472 0.868099 0.063426 0.014844
0 0.103472 0.435807 0.026389 0.035677
0 0.901620 0.560156 0.020833 0.044792
0 0.442593 0.174089 0.075000 0.012240
0 0.901620 0.283464 0.020833 0.043490
0 0.182176 0.356771 0.026389 0.033854
0 0.295602 0.344661 0.021759 0.040885
0 0.362731 0.836849 0.017130 0.051302
0 0.851157 0.276953 0.058796 0.014844
0 0.145139 0.137370 0.072685 0.011719
0 0.151620 0.782161 0.020833 0.040885
0 0.230787 0.472005 0.058796 0.014323
0 0.380787 0.271745 0.016204 0.051302
0 0.314120 0.267839 0.021759 0.038281
0 0.207639 0.101172 0.068056 0.012240
0 0.925231 0.728776 0.021759 0.038281
0 0.529398 0.332682 0.017130 0.048177
0 0.468750 0.603776 0.016204 0.048698
0 0.786343 0.422786 0.021759 0.035677
0 0.040972 0.485286 0.021759 0.035677
0 0.337269 0.618099 0.021759 0.035677
0 0.288657 0.172526 0.054167 0.014323
0 0.358102 0.622656 0.017130 0.044792
0 0.429861 0.360286 0.077315 0.009635
0 0.559028 0.485286 0.020833 0.035677
0 0.094213 0.262630 0.026389 0.027865
0 0.165972 0.304036 0.021759 0.032552
0 0.940972 0.278255 0.016204 0.043490
0 0.103472 0.162370 0.017130 0.040885
0 0.794444 0.691016 0.047222 0.014844
0 0.362731 0.162109 0.017130 0.040365
0 0.378472 0.202734 0.020833 0.033073
0 0.265509 0.887630 0.017130 0.038281
0 0.295602 0.651693 0.021759 0.029948
0 0.422917 0.420573 0.017130 0.036458
0 0.547454 0.408203 0.016204 0.037760
0 0.455324 0.110286 0.063426 0.009635
0 0.311806 0.589453 0.017130 0.035677
0 0.330324 0.568620 0.017130 0.035677
0 0.426389 0.546224 0.051852 0.011719
0 0.907407 0.829036 0.060185 0.009635
0 0.819907 0.666276 0.014815 0.038281
0 0.071065 0.523047 0.044907 0.012240
0 0.846528 0.213802 0.021759 0.023958
0 0.251620 0.242839 0.054167 0.009115
0 0.249306 0.332943 0.021759 0.022656
0 0.540509 0.348568 0.020833 0.022656
0 0.272454 0.138932 0.021759 0.020052
0 0.763194 0.463802 0.012500 0.034375
0 0.207176 0.177995 0.020833 0.020052
