0 0.376620 0.687109 0.072685 0.074740
0 0.571065 0.804297 0.118981 0.038281
0 0.172917 0.477474 0.117130 0.035677
0 0.249306 0.152995 0.151389 0.027344
0 0.156713 0.878516 0.132870 0.030469
0 0.589583 0.138932 0.044907 0.087760
0 0.306713 0.879818 0.108796 0.033073
0 0.621991 0.177995 0.035648 0.092969
0 0.367361 0.632422 0.100463 0.033073
0 0.344213 0.534766 0.100463 0.030469
0 0.117361 0.707292 0.109722 0.026562
0 0.084954 0.170182 0.091204 0.030469
0 0.762731 0.125911 0.048611 0.056510
0 0.147454 0.523047 0.095833 0.027865
0 0.557176 0.485938 0.118981 0.021354
0 0.932176 0.197526 0.109722 0.022656
0 0.843056 0.103516 0.088889 0.027344
0 0.786806 0.175391 0.094907 0.025260
0 0.297454 0.443620 0.034722 0.066927
0 0.418287 0.885677 0.044907 0.050000
0 0.624306 0.305599 0.031019 0.072135
0 0.804861 0.383724 0.086574 0.025260
0 0.422917 0.671484 0.044907 0.048698
0 0.591898 0.434505 0.095833 0.022656
0 0.207639 0.200130 0.095833 0.022656
0 0.381250 0.241146 0.128241 0.016146
0 0.492361 0.805599 0.044907 0.046094
0 0.575694 0.633464 0.081944 0.024740
0 0.209954 0.464453 0.100463 0.020052
0 0.737731 0.888932 0.100463 0.020052
0 0.161343 0.580339 0.040278 0.048698
0 0.369676 0.568620 0.095833 0.020052
0 0.490046 0.654297 0.077315 0.024740
0 0.517824 0.394141 0.075463 0.025260
0 0.281250 0.401953 0.030093 0.061719
0 0.874306 0.394141 0.040278 0.046094
0 0.198380 0.838802 0.077315 0.023958
0 0.453009 0.349609 0.040278 0.045573
0 0.909028 0.441016 0.044907 0.040885
0 0.038657 0.792578 0.044907 0.040885
0 0.424769 0.393490 0.076389 0.023958
0 0.221528 0.575130 0.040278 0.043490
0 0.522454 0.136328 0.086574 0.020052
0 0.817593 0.200130 0.075000 0.022656
0 0.492361 0.883724 0.081944 0.020052
0 0.567593 0.457943 0.033333 0.048698
0 0.675926 0.161068 0.069444 0.022656
0 0.536343 0.789974 0.077315 0.020052
0 0.193750 0.127214 0.040278 0.038281
0 0.804861 0.434505 0.040278 0.038281
0 0.114583 0.140234 0.067130 0.022656
0 0.272454 0.620443 0.077315 0.019531
0 0.127778 0.111589 0.065741 0.022656
0 0.730787 0.500911 0.031019 0.046094
0 0.189120 0.172786 0.095833 0.014844
0 0.052083 0.552995 0.034722 0.040885
0 0.797917 0.263281 0.035648 0.039583
0 0.756250 0.230729 0.063426 0.021354
0 0.142824 0.124609 0.077315 0.017448
0 0.365046 0.387630 0.077315 0.017448
0 0.494676 0.340755 0.077315 0.017448
0 0.256250 0.512370 0.035648 0.037760
0 0.851157 0.287109 0.068056 0.019531
0 0.047454 0.845964 0.034722 0.038281
0 0.963426 0.015885 0.070370 0.018750
0 0.277083 0.182161 0.077315 0.016927
0 0.256250 0.411068 0.026389 0.048698
0 0.219213 0.642839 0.026389 0.048698
0 0.067130 0.446224 0.027778 0.046094
0 0.256250 0.662370 0.063426 0.020052
0 0.462269 0.612891 0.031019 0.040885
0 0.262037 0.792578 0.084259 0.014844
0 0.145139 0.673177 0.026389 0.046875
0 0.936343 0.248307 0.034722 0.035677
0 0.300231 0.351172 0.031019 0.038281
0 0.064120 0.593359 0.021759 0.053906
0 0.443750 0.133724 0.058796 0.020052
0 0.126620 0.835547 0.035648 0.033073
0 0.624306 0.158203 0.021759 0.053385
0 0.737731 0.424089 0.026389 0.043490
0 0.906713 0.342057 0.077315 0.014844
0 0.031713 0.623047 0.021759 0.050781
0 0.851157 0.454036 0.031019 0.035677
0 0.047917 0.483073 0.026389 0.041667
0 0.339120 0.825130 0.062500 0.017448
0 0.790972 0.215755 0.086574 0.012240
0 0.466898 0.801693 0.031019 0.033073
0 0.698380 0.228516 0.058796 0.016927
0 0.915972 0.500260 0.031019 0.031771
0 0.392824 0.110286 0.031019 0.030469
0 0.848843 0.232682 0.026389 0.035677
0 0.132407 0.582682 0.019444 0.048177
0 0.332176 0.090755 0.076389 0.012240
0 0.901620 0.215755 0.076389 0.012240
0 0.206481 0.254818 0.075000 0.012240
0 0.620833 0.474870 0.061111 0.014844
0 0.151389 0.516536 0.060185 0.014844
0 0.339583 0.119401 0.072685 0.012240
0 0.270139 0.568620 0.017130 0.051302
0 0.478009 0.843359 0.071759 0.012240
0 0.649769 0.572526 0.026389 0.033073
0 0.890509 0.270443 0.026389 0.033073
0 0.321065 0.580339 0.017130 0.048698
0 0.749306 0.452734 0.068056 0.012240
0 0.235417 0.697526 0.021759 0.038281
0 0.239583 0.366797 0.067130 0.012240
0 0.193287 0.666276 0.067130 0.012240
0 0.543287 0.386328 0.054167 0.014844
0 0.177546 0.618099 0.054167 0.014844
0 0.672917 0.368750 0.072685 0.010937
0 0.603472 0.407161 0.081944 0.009635
0 0.471065 0.992448 0.057870 0.013542
0 0.196065 0.507422 0.063426 0.012240
0 0.108102 0.567969 0.026389 0.029167
0 0.545602 0.547135 0.021759 0.034375
0 0.513194 0.110286 0.049537 0.014844
0 0.304861 0.642839 0.021759 0.033073
0 0.469213 0.719661 0.072685 0.009635
0 0.159028 0.495703 0.072685 0.009635
0 0.388194 0.086849 0.068056 0.009635
0 0.948380 0.224870 0.068056 0.009635
0 0.765046 0.500911 0.043981 0.014844
0 0.168287 0.568359 0.026389 0.024740
0 0.215046 0.184505 0.053241 0.012240
0 0.677546 0.129557 0.017130 0.037760
0 0.357639 0.866797 0.016204 0.038281
0 0.258102 0.901693 0.067130 0.009115
0 0.485417 0.747005 0.049537 0.012240
0 0.940972 0.180599 0.062500 0.009635
0 0.082639 0.606120 0.021759 0.027344
0 0.443750 0.157161 0.058796 0.009635
0 0.527083 0.334245 0.058796 0.009635
0 0.343056 0.130859 0.061111 0.009115
0 0.117361 0.314714 0.044907 0.012240
0 0.608102 0.744401 0.044907 0.012240
0 0.346528 0.159766 0.049537 0.009635
0 0.038657 0.438411 0.017130 0.025260
0 0.350694 0.597266 0.011574 0.035677
0 0.561806 0.041016 0.026389 0.006510
