0 0.358102 0.651953 0.304167 0.072135
0 0.358102 0.605078 0.220833 0.061719
0 0.233102 0.568620 0.267130 0.046094
0 0.100694 0.982031 0.196759 0.034375
0 0.876620 0.416016 0.137500 0.048177
0 0.156250 0.817318 0.131944 0.043490
0 0.362269 0.081641 0.118056 0.040885
0 0.621991 0.786068 0.054167 0.079948
0 0.085648 0.368099 0.055556 0.077344
0 0.510417 0.172786 0.136574 0.030469
0 0.931019 0.653906 0.051852 0.076042
0 0.800231 0.191016 0.058796 0.066927
0 0.163194 0.250260 0.062500 0.060417
0 0.438657 0.365495 0.122685 0.030469
0 0.892824 0.133724 0.049537 0.072135
0 0.779398 0.766536 0.109722 0.030469
0 0.615046 0.831641 0.049537 0.066927
0 0.420602 0.266536 0.151389 0.020052
0 0.675231 0.793880 0.031019 0.095573
0 0.485417 0.529557 0.049537 0.056510
0 0.621991 0.120703 0.091204 0.030469
0 0.222685 0.771745 0.107407 0.025260
0 0.360417 0.122005 0.095833 0.027865
0 0.492361 0.153906 0.091204 0.029167
0 0.929861 0.495443 0.086574 0.029948
0 0.948380 0.715755 0.049537 0.048698
0 0.740046 0.392839 0.086574 0.027865
0 0.913657 0.467057 0.091204 0.025260
0 0.936806 0.425391 0.044907 0.051302
0 0.649769 0.455339 0.081944 0.027865
0 0.534028 0.801693 0.081944 0.027865
0 0.449074 0.896094 0.115741 0.018750
0 0.726157 0.775651 0.040278 0.053906
0 0.672917 0.269141 0.081944 0.025260
0 0.242361 0.172786 0.081944 0.025260
0 0.760880 0.437109 0.091204 0.022656
0 0.515046 0.599609 0.081019 0.024740
0 0.222222 0.164974 0.078704 0.025260
0 0.787500 0.391276 0.079630 0.024740
0 0.943750 0.843359 0.086574 0.022656
0 0.540972 0.245703 0.077315 0.025260
0 0.730787 0.464453 0.077315 0.025260
0 0.098843 0.382422 0.035648 0.053906
0 0.355787 0.761068 0.077315 0.024740
0 0.140509 0.211198 0.100463 0.018750
0 0.931019 0.293880 0.042593 0.043490
0 0.703009 0.543229 0.086574 0.021354
0 0.807176 0.784766 0.072685 0.025260
0 0.251620 0.572266 0.081944 0.022135
0 0.064120 0.150651 0.040278 0.043490
0 0.848843 0.726172 0.035648 0.048698
0 0.906713 0.744141 0.040278 0.042969
0 0.318750 0.147786 0.077315 0.022135
0 0.109259 0.834245 0.084259 0.020052
0 0.281713 0.869401 0.095833 0.017448
0 0.848843 0.141536 0.035648 0.046094
0 0.899769 0.868099 0.081944 0.020052
0 0.459954 0.407161 0.081944 0.020052
0 0.330324 0.183203 0.109722 0.014844
0 0.816435 0.206641 0.026389 0.061719
0 0.610417 0.800391 0.031019 0.051302
0 0.575694 0.697526 0.091204 0.017448
0 0.343750 0.426693 0.090278 0.017448
0 0.656713 0.414062 0.040278 0.039062
0 0.240046 0.308203 0.105093 0.014844
0 0.941435 0.189062 0.072685 0.021354
0 0.170602 0.198828 0.077315 0.020052
0 0.337269 0.159766 0.077315 0.020052
0 0.712269 0.386328 0.077315 0.020052
0 0.924769 0.379818 0.067130 0.022656
0 0.661343 0.210547 0.086574 0.017448
0 0.546065 0.301693 0.085648 0.017448
0 0.469213 0.829036 0.026389 0.056510
0 0.790972 0.902995 0.086574 0.016927
0 0.213426 0.871745 0.065741 0.022135
0 0.621991 0.395443 0.081944 0.017448
0 0.598843 0.220964 0.026389 0.053906
0 0.674769 0.292578 0.039352 0.035677
0 0.807176 0.317318 0.035648 0.038281
0 0.784028 0.349870 0.026389 0.051302
0 0.927546 0.112891 0.026389 0.051302
0 0.522454 0.741797 0.077315 0.017448
0 0.441435 0.806901 0.026389 0.048698
0 0.786343 0.206641 0.031019 0.040885
0 0.594213 0.153255 0.072685 0.017448
0 0.697917 0.427995 0.030093 0.040885
0 0.121991 0.237891 0.026389 0.046094
0 0.672917 0.711849 0.081944 0.014844
0 0.503935 0.468359 0.031019 0.038281
0 0.517824 0.786068 0.068056 0.017448
0 0.446065 0.220703 0.100463 0.011719
0 0.219213 0.248047 0.081944 0.014323
0 0.729630 0.732682 0.028704 0.040885
0 0.637731 0.085547 0.094907 0.012240
0 0.809028 0.741797 0.030093 0.038281
0 0.601157 0.146745 0.077315 0.014844
0 0.748148 0.114193 0.093519 0.012240
0 0.955324 0.137630 0.026389 0.043490
0 0.772454 0.680339 0.058796 0.019531
0 0.366898 0.200130 0.090278 0.012240
0 0.124306 0.271094 0.021759 0.050000
0 0.364583 0.847266 0.020833 0.051302
0 0.145139 0.440755 0.026389 0.040365
0 0.503472 0.242448 0.076389 0.013542
0 0.615046 0.720313 0.021759 0.047396
0 0.165972 0.115495 0.068056 0.014844
0 0.420602 0.511328 0.068056 0.014844
0 0.432176 0.241797 0.081944 0.012240
0 0.758565 0.552995 0.021759 0.046094
0 0.707639 0.352474 0.021759 0.046094
0 0.359954 0.258724 0.067130 0.014844
0 0.550231 0.181641 0.058796 0.016927
0 0.396991 0.317318 0.030093 0.033073
0 0.243519 0.151953 0.065741 0.014844
0 0.939120 0.503255 0.068056 0.014323
0 0.809491 0.648047 0.077315 0.012240
0 0.763194 0.662370 0.031019 0.030469
0 0.165972 0.157161 0.031019 0.030469
0 0.830324 0.592057 0.026389 0.035677
0 0.631250 0.885026 0.017130 0.053906
0 0.159028 0.348568 0.026389 0.033073
0 0.552546 0.121745 0.026389 0.032552
0 0.730324 0.334245 0.020833 0.040885
0 0.616204 0.306250 0.051852 0.016146
0 0.865046 0.817318 0.021759 0.038281
0 0.544444 0.260026 0.065741 0.012240
0 0.834954 0.883724 0.054167 0.014844
0 0.089120 0.489193 0.016204 0.048698
0 0.353472 0.883724 0.081944 0.009635
0 0.547917 0.668880 0.063426 0.012240
0 0.752778 0.304948 0.019444 0.039583
0 0.520833 0.751953 0.064815 0.011719
0 0.628935 0.292578 0.077315 0.009635
0 0.906713 0.782161 0.049537 0.014844
0 0.105787 0.463151 0.021759 0.033073
0 0.436343 0.176693 0.016204 0.043490
0 0.529398 0.368099 0.072685 0.009635
0 0.806713 0.620703 0.071759 0.009635
0 0.953009 0.235937 0.021759 0.031771
0 0.582639 0.288411 0.058796 0.011719
0 0.512731 0.194922 0.020833 0.033073
0 0.895139 0.105078 0.044907 0.014844
0 0.665972 0.112891 0.068056 0.009635
0 0.260417 0.206380 0.071759 0.009115
0 0.955324 0.771745 0.063426 0.009635
0 0.765046 0.232682 0.016204 0.035677
0 0.513194 0.771484 0.058796 0.009115
0 0.452546 0.719661 0.020833 0.025260
0 0.292824 0.110286 0.016204 0.030469
0 0.564120 0.904557 0.049537 0.009635
0 0.059028 0.263932 0.048611 0.009635
0 0.459954 0.427995 0.017130 0.025260
0 0.705324 0.789974 0.035648 0.009635
