0 0.067130 0.421224 0.074074 0.079427
0 0.034028 0.689714 0.054167 0.105990
0 0.330324 0.442969 0.128241 0.039583
0 0.894676 0.562500 0.071759 0.070312
0 0.348843 0.137630 0.137500 0.033073
0 0.778935 0.247005 0.062500 0.069531
0 0.054861 0.562109 0.049537 0.079948
0 0.623148 0.180599 0.102778 0.035677
0 0.198380 0.684505 0.095833 0.033073
0 0.633565 0.153255 0.095833 0.027865
0 0.541435 0.483984 0.043981 0.059115
0 0.149769 0.262630 0.091204 0.027865
0 0.617361 0.748307 0.100463 0.025260
0 0.591435 0.332943 0.039352 0.064323
0 0.185185 0.778255 0.087963 0.027865
0 0.237731 0.770443 0.044907 0.053906
0 0.735417 0.385026 0.086574 0.027865
0 0.441435 0.644141 0.044907 0.051302
0 0.858102 0.473568 0.081944 0.027865
0 0.233102 0.483724 0.081944 0.027344
0 0.645139 0.835547 0.044907 0.048698
0 0.800231 0.189453 0.095833 0.022135
0 0.205324 0.393880 0.081944 0.024740
0 0.413194 0.584245 0.099537 0.020052
0 0.485417 0.403255 0.086574 0.022656
0 0.582639 0.780859 0.086574 0.022656
0 0.645139 0.783464 0.044907 0.043490
0 0.251157 0.360938 0.090278 0.021354
0 0.593056 0.607422 0.098148 0.019531
0 0.223843 0.377865 0.100463 0.018750
0 0.883565 0.093359 0.105093 0.017448
0 0.177546 0.866536 0.081944 0.022135
0 0.911343 0.452734 0.077315 0.022656
0 0.179861 0.885026 0.077315 0.022656
0 0.693750 0.293880 0.040278 0.043490
0 0.263194 0.631120 0.086574 0.020052
0 0.073380 0.434245 0.031019 0.053385
0 0.645139 0.538672 0.072685 0.022656
0 0.228472 0.254818 0.072685 0.022656
0 0.411343 0.620703 0.040278 0.040885
0 0.612731 0.351172 0.091204 0.017448
0 0.851157 0.253516 0.031019 0.051302
0 0.302546 0.835547 0.091204 0.017448
0 0.344213 0.481380 0.091204 0.017448
0 0.580324 0.135417 0.026389 0.059896
0 0.630787 0.810547 0.081019 0.019531
0 0.790972 0.771484 0.031019 0.050781
0 0.191435 0.840755 0.035648 0.043490
0 0.726157 0.747005 0.040278 0.038281
0 0.415972 0.189714 0.068056 0.022656
0 0.152083 0.166276 0.068056 0.022656
0 0.300231 0.861589 0.040278 0.038281
0 0.781713 0.444922 0.040278 0.038281
0 0.337269 0.199870 0.040278 0.037760
0 0.406250 0.541276 0.067130 0.022656
0 0.374306 0.396484 0.077315 0.019531
0 0.429861 0.785807 0.068056 0.022135
0 0.400926 0.317318 0.065741 0.022656
0 0.811806 0.448828 0.035648 0.040885
0 0.596528 0.689063 0.068056 0.021354
0 0.270602 0.717057 0.071759 0.020052
0 0.703009 0.189714 0.026389 0.053906
0 0.756250 0.161068 0.035648 0.038281
0 0.784028 0.481380 0.035648 0.038281
0 0.471528 0.835547 0.031019 0.043490
0 0.804861 0.332943 0.077315 0.017448
0 0.883102 0.129818 0.076389 0.017448
0 0.834491 0.788672 0.034722 0.038281
0 0.790509 0.122005 0.030093 0.043490
0 0.777083 0.687109 0.021759 0.059115
0 0.205324 0.786068 0.072685 0.017448
0 0.603472 0.648047 0.072685 0.017448
0 0.837269 0.500911 0.031019 0.040885
0 0.446065 0.799089 0.072685 0.017448
0 0.682176 0.580339 0.072685 0.017448
0 0.730787 0.191016 0.031019 0.040885
0 0.704167 0.470703 0.033333 0.037760
0 0.311343 0.533464 0.071759 0.017448
0 0.344676 0.756120 0.062500 0.020052
0 0.682176 0.353516 0.072685 0.016927
0 0.361574 0.504818 0.070370 0.017448
0 0.644676 0.128255 0.062500 0.019531
0 0.249306 0.595964 0.068056 0.017448
0 0.226157 0.872005 0.068056 0.017448
0 0.355787 0.250911 0.058796 0.020052
0 0.119676 0.674089 0.095833 0.012240
0 0.931713 0.417318 0.025463 0.045573
0 0.443287 0.233984 0.030093 0.038281
0 0.304861 0.704036 0.077315 0.014844
0 0.749306 0.357682 0.077315 0.014844
0 0.652083 0.336589 0.077315 0.014323
0 0.110417 0.812760 0.021759 0.050000
0 0.422454 0.683203 0.071759 0.014844
0 0.546759 0.327474 0.088889 0.011719
0 0.786343 0.176693 0.058796 0.017448
0 0.637037 0.503516 0.028704 0.035677
0 0.253935 0.696224 0.105093 0.009635
0 0.589583 0.448177 0.054167 0.018750
0 0.402083 0.666016 0.031019 0.032552
0 0.353472 0.658464 0.081944 0.012240
0 0.381250 0.150651 0.081944 0.012240
0 0.771991 0.116146 0.020833 0.047396
0 0.127778 0.778255 0.056481 0.017448
0 0.412500 0.895443 0.079630 0.012240
0 0.406250 0.724870 0.020833 0.046094
0 0.675231 0.447526 0.077315 0.012240
0 0.411343 0.161068 0.077315 0.012240
0 0.756250 0.650651 0.054167 0.017448
0 0.906713 0.706641 0.031019 0.030469
0 0.054861 0.378516 0.031019 0.030469
0 0.233102 0.417578 0.063426 0.014844
0 0.311806 0.362891 0.026389 0.035677
0 0.390509 0.818620 0.026389 0.035677
0 0.524769 0.498307 0.026389 0.035677
0 0.191435 0.480078 0.026389 0.035677
0 0.758565 0.095703 0.021759 0.042969
0 0.590741 0.804297 0.075000 0.012240
0 0.229630 0.651953 0.093519 0.009635
0 0.473843 0.427083 0.026389 0.033854
0 0.624306 0.461589 0.021759 0.040365
0 0.288657 0.215755 0.026389 0.033073
0 0.054398 0.151953 0.020833 0.040885
0 0.906250 0.230078 0.020833 0.040885
0 0.740046 0.340495 0.049537 0.016927
0 0.485417 0.723568 0.021759 0.038281
0 0.309491 0.499349 0.021759 0.037760
0 0.316435 0.224219 0.026389 0.030729
0 0.515509 0.159766 0.026389 0.030469
0 0.640509 0.426693 0.063426 0.012240
0 0.066435 0.856380 0.063426 0.012240
0 0.045602 0.466406 0.021759 0.034375
0 0.260880 0.786068 0.026389 0.027865
0 0.811806 0.715104 0.017130 0.042188
0 0.165972 0.848568 0.021759 0.033073
0 0.834954 0.735286 0.017130 0.040885
0 0.270139 0.394141 0.072685 0.009635
0 0.353472 0.542578 0.017130 0.040885
0 0.531713 0.681641 0.058796 0.011719
0 0.733102 0.107682 0.026389 0.025260
0 0.612731 0.422786 0.026389 0.025260
0 0.823380 0.599870 0.021759 0.030469
0 0.499306 0.362891 0.021759 0.030469
0 0.253935 0.373307 0.068056 0.009635
0 0.790972 0.868099 0.068056 0.009635
0 0.461806 0.706641 0.020833 0.030469
0 0.978472 0.430208 0.017130 0.036458
0 0.501157 0.296484 0.016204 0.038281
0 0.758565 0.543620 0.049537 0.011719
0 0.770139 0.373047 0.063426 0.009115
0 0.278935 0.761068 0.016204 0.035156
0 0.418287 0.358984 0.017130 0.032031
0 0.549769 0.448568 0.057870 0.009115
0 0.506250 0.748307 0.054167 0.009635
0 0.742361 0.620703 0.054167 0.009635
0 0.084954 0.836849 0.017130 0.030469
0 0.359259 0.685807 0.051852 0.009635
0 0.922917 0.541016 0.017130 0.027344
0 0.811343 0.497005 0.016204 0.027865
0 0.478009 0.120703 0.043981 0.009635
0 0.218750 0.740495 0.043981 0.009635
0 0.896991 0.438411 0.039352 0.009635
0 0.765509 0.798828 0.017130 0.022135
0 0.142361 0.433203 0.011574 0.030469
0 0.561806 0.041016 0.026389 0.006510
