0 0.425231 0.657161 0.123611 0.035677
0 0.059491 0.700781 0.058796 0.073438
0 0.128935 0.193359 0.114352 0.035156
0 0.385880 0.399349 0.054167 0.072135
0 0.642824 0.237891 0.105093 0.035677
0 0.315972 0.890885 0.099537 0.034375
0 0.668287 0.227474 0.118981 0.025260
0 0.633565 0.200130 0.105093 0.027865
0 0.568750 0.715495 0.049537 0.058594
0 0.862731 0.254818 0.100463 0.027865
0 0.159028 0.808203 0.109722 0.025260
0 0.434491 0.598568 0.095833 0.027865
0 0.568750 0.825130 0.114352 0.022656
0 0.811806 0.576432 0.035648 0.072135
0 0.226157 0.474609 0.049537 0.050781
0 0.580324 0.273047 0.109722 0.022656
0 0.473843 0.720964 0.035648 0.069531
0 0.943750 0.351823 0.040278 0.060417
0 0.818750 0.177995 0.095833 0.025260
0 0.777083 0.131120 0.095833 0.025260
0 0.094213 0.335547 0.044907 0.053906
0 0.624306 0.874609 0.049537 0.048698
0 0.476157 0.405859 0.049537 0.048698
0 0.193750 0.392839 0.040278 0.059115
0 0.269444 0.266536 0.046296 0.051302
0 0.640046 0.385026 0.043981 0.053906
0 0.374306 0.251302 0.049537 0.046875
0 0.356481 0.473307 0.041667 0.053385
0 0.545602 0.863542 0.040278 0.052604
0 0.823380 0.427995 0.040278 0.051302
0 0.340046 0.551693 0.090278 0.022656
0 0.529398 0.146745 0.100463 0.020052
0 0.198380 0.458594 0.040278 0.050000
0 0.512037 0.639583 0.093519 0.021354
0 0.193750 0.667578 0.077315 0.025260
0 0.240046 0.219661 0.123611 0.014844
0 0.867361 0.485286 0.072685 0.025260
0 0.101157 0.577474 0.031019 0.058594
0 0.487731 0.180339 0.035648 0.050781
0 0.853472 0.559505 0.035648 0.048698
0 0.892361 0.376563 0.039352 0.042188
0 0.499306 0.350521 0.077315 0.021354
0 0.793287 0.805599 0.081944 0.020052
0 0.286343 0.323828 0.031019 0.051302
0 0.534028 0.736589 0.035648 0.043490
0 0.193750 0.250911 0.077315 0.020052
0 0.124306 0.176693 0.068056 0.022656
0 0.277083 0.387630 0.086574 0.017448
0 0.587269 0.860026 0.077315 0.019531
0 0.815972 0.213151 0.025463 0.059115
0 0.256250 0.581641 0.035648 0.040885
0 0.114583 0.218099 0.085648 0.016927
0 0.667824 0.548177 0.034722 0.041667
0 0.911343 0.571224 0.031019 0.046094
0 0.216898 0.630859 0.031019 0.045573
0 0.026620 0.719661 0.020833 0.066927
0 0.711574 0.636328 0.069444 0.020052
0 0.559491 0.125911 0.068056 0.020052
0 0.409028 0.278255 0.035648 0.038281
0 0.788657 0.329036 0.026389 0.051302
0 0.517824 0.413672 0.031019 0.043490
0 0.380787 0.274349 0.025463 0.051302
0 0.108796 0.623307 0.064815 0.020052
0 0.854167 0.590755 0.074074 0.017448
0 0.258565 0.204036 0.086574 0.014844
0 0.770139 0.167578 0.035648 0.035677
0 0.270139 0.448828 0.035648 0.035677
0 0.142824 0.555599 0.031019 0.040885
0 0.902083 0.524349 0.031019 0.040885
0 0.390509 0.570964 0.063426 0.019531
0 0.237731 0.412370 0.026389 0.046094
0 0.422917 0.573828 0.081944 0.014844
0 0.608102 0.306901 0.035648 0.033073
0 0.478472 0.861589 0.035648 0.033073
0 0.536343 0.680599 0.058796 0.020052
0 0.844213 0.702734 0.035648 0.033073
0 0.098843 0.520443 0.035648 0.033073
0 0.383565 0.827474 0.031019 0.037760
0 0.117361 0.306901 0.026389 0.043490
0 0.214120 0.778255 0.034722 0.033073
0 0.115046 0.378906 0.031019 0.036458
0 0.821065 0.670833 0.026389 0.042188
0 0.774769 0.400651 0.063426 0.017448
0 0.957176 0.626302 0.030093 0.036458
0 0.610417 0.448177 0.021759 0.050000
0 0.226157 0.232422 0.031019 0.035156
0 0.897454 0.284115 0.031019 0.034375
0 0.147454 0.364193 0.021759 0.048698
0 0.068750 0.648047 0.021759 0.048698
0 0.786343 0.390234 0.086574 0.012240
0 0.230787 0.512630 0.058796 0.017448
0 0.563657 0.213151 0.020833 0.048698
0 0.759722 0.685807 0.033333 0.030469
0 0.417130 0.144141 0.033333 0.030469
0 0.876620 0.158464 0.026389 0.038281
0 0.476157 0.801432 0.031019 0.032552
0 0.216898 0.409766 0.021759 0.046094
0 0.690278 0.181250 0.061111 0.016146
0 0.183333 0.455729 0.028704 0.033854
0 0.790972 0.649349 0.031019 0.030469
0 0.221528 0.120703 0.031019 0.030469
0 0.418287 0.383724 0.063426 0.014844
0 0.153241 0.455729 0.024074 0.039062
0 0.380787 0.491797 0.053241 0.017448
0 0.358102 0.610026 0.026389 0.035156
0 0.036343 0.211589 0.031019 0.029948
0 0.490046 0.445573 0.068056 0.013542
0 0.867361 0.274089 0.063426 0.014323
0 0.645139 0.599219 0.026389 0.034375
0 0.017361 0.513672 0.030093 0.029948
0 0.073380 0.503516 0.021759 0.040885
0 0.341898 0.615495 0.021759 0.040885
0 0.284028 0.103776 0.072685 0.012240
0 0.101157 0.481771 0.031019 0.028646
0 0.902083 0.597266 0.058796 0.014844
0 0.189120 0.302995 0.058796 0.014844
0 0.918287 0.533203 0.026389 0.032552
0 0.219213 0.098307 0.072685 0.011719
0 0.770139 0.667318 0.091204 0.009115
0 0.749306 0.361589 0.068056 0.012240
0 0.536343 0.319922 0.068056 0.012240
0 0.590741 0.253516 0.084259 0.009635
0 0.188657 0.765234 0.020833 0.038281
0 0.453009 0.478125 0.049537 0.016146
0 0.427546 0.370703 0.081944 0.009635
0 0.413657 0.539974 0.081944 0.009635
0 0.170139 0.356120 0.020833 0.037760
0 0.383565 0.605078 0.021759 0.035677
0 0.307176 0.226172 0.063426 0.012240
0 0.941435 0.495052 0.026389 0.029167
0 0.145139 0.676693 0.017130 0.043490
0 0.209491 0.620052 0.025463 0.029167
0 0.749306 0.283464 0.021759 0.033073
0 0.318750 0.267839 0.021759 0.033073
0 0.052083 0.793880 0.016204 0.043490
0 0.240046 0.149089 0.049537 0.014323
0 0.941435 0.399349 0.017130 0.040885
0 0.469213 0.568620 0.017130 0.040885
0 0.515509 0.141536 0.072685 0.009635
0 0.197222 0.695964 0.019444 0.035156
0 0.253935 0.339453 0.021759 0.030469
0 0.450694 0.523047 0.054167 0.012240
0 0.552546 0.494401 0.017130 0.038281
0 0.935648 0.369141 0.024074 0.027344
0 0.036343 0.641276 0.021759 0.029948
0 0.709954 0.436849 0.017130 0.037760
0 0.758102 0.480078 0.020833 0.030469
0 0.830324 0.162370 0.063426 0.009635
0 0.663657 0.433203 0.017130 0.035677
0 0.455324 0.662370 0.063426 0.009635
0 0.610417 0.689453 0.021759 0.027344
0 0.582176 0.194661 0.020833 0.027344
0 0.890509 0.674089 0.017130 0.033073
0 0.345370 0.657161 0.056481 0.009635
0 0.598380 0.778255 0.043981 0.012240
0 0.622454 0.498307 0.053241 0.009635
0 0.432176 0.779557 0.052315 0.009635
0 0.286343 0.124609 0.021759 0.022656
0 0.612269 0.662109 0.016204 0.029948
0 0.670139 0.483984 0.011574 0.033073
0 0.572917 0.239193 0.048611 0.007031
0 0.047917 0.178646 0.017130 0.017708
0 0.010417 0.543880 0.016204 0.017448
