0 0.075694 0.717057 0.091204 0.092969
0 0.402083 0.185807 0.077315 0.082552
0 0.554861 0.644141 0.169907 0.035677
0 0.277083 0.784766 0.077315 0.077344
0 0.940741 0.026693 0.115741 0.040365
0 0.399769 0.670182 0.118981 0.035677
0 0.675231 0.456641 0.123611 0.030469
0 0.578009 0.805599 0.049537 0.072135
0 0.645139 0.276953 0.044907 0.077344
0 0.091435 0.890234 0.048611 0.069531
0 0.659028 0.894792 0.100463 0.031771
0 0.142824 0.898047 0.114352 0.027865
0 0.228472 0.388021 0.044907 0.070312
0 0.260417 0.653255 0.043981 0.069531
0 0.047454 0.481380 0.043981 0.069531
0 0.843056 0.638932 0.098148 0.030469
0 0.288657 0.825130 0.044907 0.064323
0 0.659028 0.351172 0.044907 0.064323
0 0.376620 0.555599 0.091204 0.030469
0 0.707639 0.423438 0.095833 0.026562
0 0.078009 0.618099 0.049537 0.051302
0 0.145139 0.648047 0.091204 0.027865
0 0.946065 0.638672 0.044907 0.055990
0 0.792130 0.614193 0.088889 0.027865
0 0.253472 0.202083 0.150463 0.016146
0 0.964583 0.821224 0.035648 0.066927
0 0.746991 0.526953 0.091204 0.025260
0 0.501620 0.740495 0.044907 0.051302
0 0.501620 0.465755 0.044907 0.048698
0 0.328009 0.278255 0.040278 0.053906
0 0.478472 0.592057 0.081944 0.025260
0 0.297454 0.422786 0.081019 0.025260
0 0.189120 0.372005 0.031019 0.064323
0 0.480787 0.791276 0.040278 0.048698
0 0.355787 0.537370 0.095833 0.020052
0 0.858102 0.310807 0.044907 0.040885
0 0.311806 0.308203 0.072685 0.025260
0 0.400231 0.862891 0.090278 0.020052
0 0.138194 0.921484 0.040278 0.043490
0 0.463426 0.479427 0.070370 0.023958
0 0.366204 0.487240 0.070370 0.023958
0 0.911343 0.256120 0.040278 0.040885
0 0.043287 0.193620 0.026389 0.061719
0 0.918287 0.595964 0.026389 0.059115
0 0.721528 0.642839 0.040278 0.038281
0 0.065278 0.388672 0.033333 0.045573
0 0.443750 0.838151 0.086574 0.017448
0 0.152083 0.369401 0.031019 0.048698
0 0.351157 0.832682 0.068056 0.022135
0 0.862731 0.870703 0.100463 0.014844
0 0.939120 0.327083 0.040278 0.036979
0 0.793287 0.349609 0.026389 0.055990
0 0.836806 0.525651 0.020833 0.069531
0 0.084954 0.321224 0.035648 0.040885
0 0.909028 0.211849 0.035648 0.040885
0 0.853472 0.112630 0.035648 0.040365
0 0.221528 0.618099 0.031019 0.046094
0 0.522454 0.680599 0.095833 0.014844
0 0.677546 0.496745 0.063426 0.022135
0 0.279398 0.160807 0.081944 0.016927
0 0.550231 0.349870 0.068056 0.020052
0 0.047917 0.750911 0.026389 0.051302
0 0.543287 0.526953 0.026389 0.051302
0 0.068287 0.276953 0.067130 0.020052
0 0.575694 0.812760 0.026389 0.050000
0 0.707639 0.206641 0.086574 0.014844
0 0.128935 0.149349 0.086574 0.014844
0 0.825694 0.900651 0.072685 0.017448
0 0.902083 0.701432 0.031019 0.040885
0 0.681713 0.539974 0.034722 0.035677
0 0.594213 0.237891 0.081944 0.014844
0 0.913657 0.391536 0.026389 0.046094
0 0.124306 0.372396 0.031019 0.039062
0 0.110417 0.168880 0.031019 0.038281
0 0.082639 0.545182 0.058796 0.020052
0 0.198380 0.271745 0.058796 0.020052
0 0.143287 0.239193 0.067130 0.017448
0 0.605787 0.634766 0.068056 0.016927
0 0.774769 0.898047 0.026389 0.043490
0 0.395139 0.145443 0.026389 0.043490
0 0.038657 0.291276 0.026389 0.043490
0 0.348843 0.278255 0.026389 0.043490
0 0.152083 0.758724 0.021759 0.051302
0 0.860417 0.404297 0.077315 0.014323
0 0.207639 0.232422 0.077315 0.014323
0 0.892824 0.466797 0.077315 0.014323
0 0.186806 0.257422 0.063426 0.017448
0 0.916667 0.776042 0.032407 0.033854
0 0.341898 0.866797 0.086574 0.012240
0 0.874306 0.127214 0.021759 0.048698
0 0.888194 0.671484 0.021759 0.048698
0 0.522454 0.262630 0.021759 0.048698
0 0.204861 0.539974 0.025463 0.040885
0 0.453009 0.569922 0.031019 0.033073
0 0.522454 0.302995 0.068056 0.014844
0 0.860417 0.615495 0.068056 0.014844
0 0.538657 0.773047 0.026389 0.038281
0 0.119676 0.313411 0.021759 0.046094
0 0.767361 0.670182 0.067130 0.014844
0 0.936806 0.455599 0.026389 0.037760
0 0.707639 0.904297 0.068056 0.014323
0 0.108102 0.378906 0.026389 0.036458
0 0.604630 0.775651 0.028704 0.033073
0 0.828009 0.478776 0.077315 0.012240
0 0.726157 0.116797 0.077315 0.012240
0 0.411343 0.819922 0.077315 0.012240
0 0.302546 0.228776 0.054167 0.017448
0 0.260880 0.263932 0.063426 0.014844
0 0.131250 0.774349 0.026389 0.035677
0 0.167130 0.175781 0.024074 0.039062
0 0.789120 0.586849 0.062500 0.014844
0 0.503935 0.563151 0.031019 0.029948
0 0.126157 0.912370 0.025463 0.035677
0 0.542824 0.185807 0.025463 0.035677
0 0.853472 0.591406 0.026389 0.034375
0 0.612269 0.503255 0.062500 0.014323
0 0.052546 0.361589 0.026389 0.033073
0 0.452546 0.735286 0.020833 0.040885
0 0.366898 0.226172 0.025463 0.033073
0 0.453009 0.232682 0.086574 0.009635
0 0.494676 0.114193 0.068056 0.012240
0 0.929861 0.684505 0.021759 0.038281
0 0.740046 0.489193 0.021759 0.038281
0 0.434491 0.712891 0.021759 0.037760
0 0.517824 0.474870 0.021759 0.035677
0 0.487731 0.218359 0.063426 0.012240
0 0.128935 0.401693 0.021759 0.035156
0 0.312963 0.411719 0.056481 0.013542
0 0.652778 0.696875 0.069444 0.010937
0 0.212269 0.354427 0.021759 0.034375
0 0.735417 0.278646 0.021759 0.033854
0 0.059491 0.562500 0.021759 0.033854
0 0.691435 0.220964 0.026389 0.027865
0 0.887731 0.740234 0.020833 0.035156
0 0.074074 0.263672 0.050926 0.014323
0 0.510880 0.717057 0.017130 0.040885
0 0.821065 0.776953 0.017130 0.040885
0 0.197917 0.139974 0.057870 0.011719
0 0.580324 0.542578 0.026389 0.025260
0 0.402083 0.748307 0.021759 0.030469
0 0.790972 0.386328 0.068056 0.009635
0 0.959954 0.629818 0.017130 0.038281
0 0.739583 0.550391 0.067130 0.009635
0 0.529398 0.730078 0.017130 0.035677
0 0.193750 0.624609 0.049537 0.012240
0 0.732639 0.342057 0.016204 0.035677
0 0.057176 0.225911 0.017130 0.032552
0 0.802083 0.125260 0.016204 0.034375
0 0.678704 0.712891 0.047222 0.011719
0 0.020139 0.282552 0.017130 0.031250
0 0.353472 0.779557 0.054167 0.009635
0 0.624306 0.212500 0.021759 0.021354
0 0.864583 0.378255 0.048611 0.009115
0 0.476157 0.544922 0.012500 0.035156
0 0.865046 0.353516 0.012500 0.032552
0 0.862269 0.202734 0.053241 0.007031
0 0.506250 0.051693 0.026389 0.007031
