0 0.905556 0.387630 0.186111 0.048698
0 0.420602 0.574870 0.077315 0.095052
0 0.410185 0.683203 0.176852 0.025260
0 0.802546 0.197526 0.063426 0.069531
0 0.485417 0.168229 0.132870 0.031771
0 0.369676 0.175391 0.114352 0.035677
0 0.490046 0.485286 0.105093 0.035677
0 0.492361 0.442318 0.109722 0.033073
0 0.902083 0.723568 0.105093 0.033073
0 0.758565 0.845964 0.105093 0.033073
0 0.237731 0.727865 0.054167 0.062500
0 0.478472 0.381120 0.128241 0.025260
0 0.476157 0.513932 0.105093 0.030469
0 0.212269 0.563411 0.105093 0.030469
0 0.601157 0.730078 0.123611 0.025260
0 0.681713 0.762630 0.043981 0.069531
0 0.242361 0.486589 0.109722 0.027865
0 0.832639 0.576432 0.095833 0.030469
0 0.959954 0.358984 0.054167 0.053906
0 0.364583 0.092057 0.141204 0.020052
0 0.126620 0.503516 0.054167 0.051302
0 0.318750 0.677995 0.031019 0.087760
0 0.637037 0.774349 0.088889 0.030469
0 0.221528 0.361589 0.095833 0.027865
0 0.951852 0.848568 0.093519 0.027865
0 0.749306 0.381771 0.049537 0.052604
0 0.913657 0.309505 0.091204 0.027865
0 0.406713 0.597266 0.049537 0.051302
0 0.161343 0.347266 0.049537 0.051302
0 0.841204 0.748307 0.097222 0.025260
0 0.610417 0.411068 0.086574 0.027865
0 0.453009 0.622005 0.086574 0.027865
0 0.318287 0.439714 0.085648 0.027865
0 0.124306 0.569661 0.049537 0.048177
0 0.578009 0.153255 0.040278 0.059115
0 0.932176 0.240495 0.091204 0.025260
0 0.265509 0.416276 0.081944 0.027865
0 0.871991 0.476172 0.081944 0.027865
0 0.954167 0.443620 0.088889 0.025260
0 0.297917 0.572526 0.044907 0.048698
0 0.913657 0.855078 0.044907 0.046094
0 0.575694 0.706641 0.081944 0.025260
0 0.939120 0.885026 0.086574 0.022656
0 0.168287 0.666276 0.044907 0.043490
0 0.117361 0.637630 0.044907 0.043490
0 0.899769 0.515234 0.044907 0.043490
0 0.192593 0.714453 0.037963 0.051302
0 0.804861 0.717057 0.095833 0.020052
0 0.672917 0.497005 0.035648 0.053906
0 0.587269 0.646484 0.095833 0.019531
0 0.626157 0.218359 0.081019 0.022656
0 0.571065 0.675391 0.091204 0.020052
0 0.665509 0.519792 0.085648 0.021354
0 0.640509 0.167578 0.026389 0.066927
0 0.226157 0.318620 0.031019 0.056510
0 0.670602 0.700130 0.077315 0.022656
0 0.633565 0.343359 0.077315 0.022656
0 0.193750 0.236589 0.077315 0.022656
0 0.679861 0.801432 0.077315 0.022135
0 0.193287 0.336849 0.039352 0.040885
0 0.881250 0.700130 0.091204 0.017448
0 0.851157 0.297786 0.031019 0.051302
0 0.325694 0.129818 0.026389 0.059115
0 0.119213 0.232031 0.039352 0.039583
0 0.979630 0.875911 0.037963 0.040885
0 0.841898 0.374609 0.068056 0.022656
0 0.300231 0.220964 0.068056 0.022656
0 0.929861 0.530859 0.031019 0.048698
0 0.808333 0.786068 0.084259 0.017448
0 0.927546 0.756120 0.035648 0.040885
0 0.709954 0.675391 0.072685 0.020052
0 0.168287 0.411068 0.081944 0.017448
0 0.793287 0.869401 0.026389 0.053906
0 0.714583 0.898047 0.026389 0.053906
0 0.328009 0.162370 0.095833 0.014844
0 0.888194 0.341797 0.031019 0.045573
0 0.462269 0.144141 0.068056 0.020052
0 0.251620 0.167578 0.026389 0.051302
0 0.871991 0.758724 0.091204 0.014844
0 0.540972 0.323568 0.021759 0.061198
0 0.265509 0.715755 0.026389 0.048698
0 0.284028 0.517578 0.026389 0.048177
0 0.256250 0.459245 0.035648 0.035677
0 0.353472 0.868099 0.063426 0.020052
0 0.677546 0.214453 0.063426 0.020052
0 0.941435 0.288672 0.072685 0.017448
0 0.260880 0.822526 0.100463 0.012240
0 0.779398 0.762630 0.100463 0.012240
0 0.293287 0.547786 0.081944 0.014844
0 0.607639 0.113932 0.071759 0.016927
0 0.781713 0.709245 0.058796 0.020052
0 0.721065 0.694922 0.067130 0.017448
0 0.749306 0.878516 0.077315 0.014844
0 0.881250 0.676693 0.091204 0.012240
0 0.837269 0.534766 0.031019 0.035677
0 0.463426 0.823177 0.079630 0.013542
0 0.631250 0.715495 0.091204 0.011719
0 0.310648 0.510026 0.061111 0.017448
0 0.788194 0.167578 0.025463 0.040885
0 0.871528 0.227214 0.071759 0.014323
0 0.981944 0.250911 0.033333 0.030469
0 0.233102 0.145443 0.026389 0.038281
0 0.853472 0.145443 0.026389 0.038281
0 0.862731 0.804297 0.081944 0.012240
0 0.295602 0.389583 0.031019 0.031771
0 0.843750 0.322526 0.025463 0.038281
0 0.160185 0.166276 0.019444 0.048698
0 0.851157 0.608984 0.021759 0.043490
0 0.427083 0.500911 0.062500 0.014844
0 0.130787 0.713151 0.053241 0.017448
0 0.968750 0.097266 0.025463 0.035677
0 0.962269 0.477474 0.021759 0.040885
0 0.746991 0.127214 0.072685 0.012240
0 0.948380 0.594401 0.021759 0.040365
0 0.471528 0.599870 0.058796 0.014844
0 0.258102 0.120703 0.020833 0.040885
0 0.728935 0.725911 0.071759 0.011719
0 0.553704 0.457943 0.065741 0.012240
0 0.612731 0.685807 0.054167 0.014844
0 0.348843 0.563411 0.026389 0.030469
0 0.571065 0.750911 0.054167 0.014844
0 0.441435 0.107682 0.081944 0.009635
0 0.483102 0.791276 0.026389 0.027865
0 0.084491 0.687109 0.016204 0.043490
0 0.936806 0.355078 0.017130 0.040885
0 0.800231 0.658203 0.058796 0.011719
0 0.700694 0.557552 0.017130 0.039583
0 0.593750 0.447526 0.053241 0.012240
0 0.723843 0.483724 0.017130 0.037760
0 0.760417 0.544271 0.016204 0.039062
0 0.490741 0.638672 0.069444 0.009115
0 0.346065 0.118099 0.020833 0.030469
0 0.788194 0.673828 0.053241 0.011719
0 0.782870 0.524349 0.014815 0.040885
0 0.184491 0.752214 0.021759 0.027865
0 0.920602 0.413672 0.021759 0.027865
0 0.968056 0.269141 0.061111 0.009635
0 0.191435 0.503255 0.063426 0.009115
0 0.360417 0.136328 0.058796 0.009635
0 0.663657 0.168880 0.017130 0.033073
0 0.172917 0.619401 0.044907 0.012240
0 0.991204 0.500911 0.014815 0.035677
0 0.977315 0.806641 0.042593 0.011719
0 0.638194 0.737891 0.049537 0.009635
0 0.209954 0.477474 0.044907 0.009635
0 0.082639 0.244401 0.012500 0.033073
0 0.262731 0.392839 0.011574 0.033073
0 0.112731 0.387630 0.054167 0.007031
0 0.228472 0.530208 0.063426 0.005729
0 0.353472 0.241797 0.044907 0.007031
0 0.385417 0.348568 0.043981 0.007031
0 0.612731 0.030599 0.026389 0.006510
0 0.767824 0.997656 0.021759 0.003125
0 0.665509 0.997656 0.020833 0.003125
