0 0.871991 0.632422 0.156019 0.048698
0 0.821065 0.704036 0.128241 0.040885
0 0.189120 0.737891 0.114352 0.035677
0 0.485417 0.688411 0.132870 0.030469
0 0.885880 0.447526 0.118981 0.027865
0 0.216898 0.783464 0.142130 0.022656
0 0.091898 0.551693 0.058796 0.053906
0 0.608102 0.534766 0.054167 0.056510
0 0.876620 0.358984 0.054167 0.053906
0 0.082639 0.752214 0.040278 0.069531
0 0.523611 0.343359 0.051852 0.053906
0 0.297917 0.177995 0.054167 0.051302
0 0.566435 0.603776 0.156019 0.017448
0 0.404398 0.541667 0.054167 0.049479
0 0.714120 0.395443 0.053241 0.048698
0 0.846528 0.605729 0.095833 0.026562
0 0.112731 0.795182 0.044907 0.056510
0 0.735417 0.533464 0.086574 0.027865
0 0.466435 0.635026 0.048611 0.048698
0 0.823380 0.618750 0.049537 0.047396
0 0.339583 0.388932 0.091204 0.025260
0 0.175231 0.575781 0.040278 0.055208
0 0.605787 0.442969 0.031019 0.070833
0 0.814120 0.855078 0.086574 0.025260
0 0.638194 0.554297 0.095833 0.022656
0 0.844213 0.118099 0.044907 0.046094
0 0.341898 0.261328 0.040278 0.051302
0 0.698380 0.847005 0.105093 0.019531
0 0.811343 0.882422 0.090278 0.022656
0 0.384259 0.710547 0.115741 0.017448
0 0.765046 0.201432 0.099537 0.020052
0 0.779398 0.893880 0.100463 0.019531
0 0.415972 0.280859 0.040278 0.048698
0 0.024769 0.679297 0.044907 0.043490
0 0.795602 0.708984 0.077315 0.024740
0 0.828009 0.383724 0.040278 0.046094
0 0.825694 0.302995 0.044907 0.040885
0 0.700231 0.307943 0.071759 0.024740
0 0.046296 0.709245 0.087963 0.020052
0 0.152083 0.119401 0.077315 0.022656
0 0.859259 0.530859 0.037963 0.043490
0 0.777083 0.511328 0.040278 0.040885
0 0.219213 0.164323 0.035648 0.044792
0 0.091898 0.724870 0.031019 0.051302
0 0.556019 0.226172 0.088889 0.017448
0 0.781713 0.286068 0.068056 0.022656
0 0.249306 0.142839 0.068056 0.022656
0 0.462269 0.119401 0.040278 0.038281
0 0.328009 0.744401 0.086574 0.017448
0 0.161343 0.515234 0.031019 0.048698
0 0.698380 0.502214 0.086574 0.017448
0 0.360417 0.418880 0.086574 0.017448
0 0.359954 0.554297 0.039352 0.038281
0 0.043287 0.860286 0.072685 0.020052
0 0.476157 0.287370 0.031019 0.046094
0 0.557176 0.309505 0.026389 0.053906
0 0.425231 0.888932 0.068056 0.020052
0 0.464583 0.194922 0.035648 0.038281
0 0.534028 0.120703 0.026389 0.051302
0 0.834954 0.401953 0.026389 0.051302
0 0.587269 0.732682 0.021759 0.061719
0 0.582176 0.179297 0.076389 0.017448
0 0.075231 0.624609 0.034722 0.038281
0 0.931713 0.516536 0.025463 0.051302
0 0.670602 0.528255 0.105093 0.012240
0 0.471528 0.737891 0.086574 0.014844
0 0.311806 0.464453 0.063426 0.020052
0 0.367361 0.810807 0.063426 0.020052
0 0.390509 0.469661 0.035648 0.035677
0 0.219213 0.512630 0.072685 0.017448
0 0.332639 0.784766 0.031019 0.040885
0 0.251620 0.403255 0.072685 0.017448
0 0.925231 0.362891 0.031019 0.040885
0 0.896296 0.499609 0.028704 0.043490
0 0.598380 0.301693 0.025463 0.048698
0 0.274306 0.672786 0.034722 0.035677
0 0.425231 0.778255 0.031019 0.038281
0 0.656713 0.707943 0.031019 0.038281
0 0.409028 0.741797 0.035648 0.033073
0 0.515046 0.530208 0.071759 0.016146
0 0.628472 0.291276 0.030093 0.038281
0 0.821065 0.343359 0.063426 0.017448
0 0.457639 0.821224 0.031019 0.035677
0 0.279398 0.194922 0.063426 0.017448
0 0.696065 0.696224 0.072685 0.014844
0 0.811806 0.217057 0.072685 0.014844
0 0.909491 0.662370 0.071759 0.014844
0 0.740046 0.877214 0.086574 0.012240
0 0.277083 0.877214 0.021759 0.048698
0 0.549769 0.793880 0.085648 0.012240
0 0.251620 0.632422 0.017130 0.059115
0 0.209954 0.343359 0.026389 0.038281
0 0.265509 0.095964 0.026389 0.038281
0 0.651620 0.413021 0.020833 0.047396
0 0.289815 0.133724 0.065741 0.014844
0 0.388194 0.548177 0.031019 0.031250
0 0.404398 0.648047 0.054167 0.017448
0 0.645139 0.766536 0.063426 0.014844
0 0.862731 0.805599 0.063426 0.014844
0 0.272454 0.431641 0.021759 0.042969
0 0.492361 0.141276 0.026389 0.035156
0 0.057176 0.776042 0.026389 0.033854
0 0.351157 0.602474 0.021759 0.040885
0 0.307176 0.593359 0.072685 0.012240
0 0.198380 0.456380 0.021759 0.040365
0 0.299769 0.651953 0.057870 0.014844
0 0.035185 0.542578 0.056481 0.014844
0 0.750463 0.579688 0.075000 0.010937
0 0.325694 0.149349 0.026389 0.030469
0 0.383102 0.254818 0.020833 0.038281
0 0.387037 0.577734 0.028704 0.027865
0 0.785185 0.804297 0.028704 0.027865
0 0.314120 0.510677 0.058796 0.013542
0 0.118519 0.727214 0.019444 0.040365
0 0.159028 0.136068 0.054167 0.014323
0 0.177083 0.788672 0.062500 0.012240
0 0.020139 0.455339 0.017130 0.043490
0 0.755093 0.554297 0.061111 0.012240
0 0.554861 0.821224 0.077315 0.009635
0 0.501157 0.818359 0.016204 0.045573
0 0.536343 0.248307 0.049537 0.014844
0 0.867361 0.582943 0.026389 0.027865
0 0.207639 0.181901 0.021759 0.033073
0 0.464120 0.342057 0.071759 0.009635
0 0.304861 0.418229 0.021759 0.031771
0 0.246991 0.467057 0.026389 0.025260
0 0.358102 0.510026 0.017130 0.038281
0 0.147454 0.691016 0.068056 0.009635
0 0.080324 0.105729 0.017130 0.036979
0 0.216898 0.502214 0.049537 0.012240
0 0.357639 0.709245 0.062500 0.009635
0 0.779398 0.646484 0.017130 0.035156
0 0.275463 0.456380 0.064815 0.009115
0 0.552546 0.552083 0.017130 0.033854
0 0.306713 0.294922 0.016204 0.035156
0 0.478472 0.775651 0.017130 0.033073
0 0.478472 0.825130 0.017130 0.033073
0 0.638194 0.618099 0.021759 0.025260
0 0.101157 0.620443 0.021759 0.024740
0 0.390509 0.654557 0.054167 0.009635
0 0.534028 0.513932 0.054167 0.009635
0 0.558333 0.898047 0.042593 0.012240
0 0.426389 0.093359 0.042593 0.012240
0 0.508565 0.177995 0.012500 0.040885
0 0.337269 0.559505 0.021759 0.022656
0 0.799074 0.899349 0.047222 0.009635
0 0.099537 0.872005 0.037037 0.012240
0 0.485417 0.888932 0.021759 0.020052
0 0.464583 0.891536 0.017130 0.025260
0 0.534028 0.071224 0.017130 0.025260
0 0.545602 0.573177 0.049537 0.008333
0 0.072917 0.983984 0.039352 0.007031
0 0.531250 0.702734 0.011574 0.022656
0 0.584954 0.995052 0.026389 0.008333
0 0.328009 0.996354 0.021759 0.005729
