0 0.725000 0.248307 0.130556 0.040885
0 0.804861 0.926042 0.123611 0.042188
0 0.770139 0.285417 0.054167 0.068229
0 0.670602 0.335547 0.049537 0.069531
0 0.156713 0.231380 0.123611 0.027865
0 0.480787 0.731380 0.058796 0.053906
0 0.582639 0.412760 0.040278 0.072917
0 0.064120 0.497005 0.049537 0.059115
0 0.821065 0.181901 0.128241 0.022656
0 0.034028 0.689453 0.044907 0.063802
0 0.950694 0.830339 0.044907 0.059115
0 0.392824 0.743359 0.086574 0.029948
0 0.203009 0.868099 0.049537 0.051302
0 0.730787 0.384766 0.114352 0.022135
0 0.744676 0.299089 0.049537 0.048698
0 0.068750 0.426693 0.105093 0.022656
0 0.242361 0.399349 0.091204 0.025260
0 0.045602 0.305599 0.049537 0.046094
0 0.527083 0.420182 0.049537 0.046094
0 0.209954 0.801693 0.081944 0.027865
0 0.693750 0.422786 0.040278 0.056510
0 0.422917 0.233984 0.044907 0.048698
0 0.223843 0.465755 0.044907 0.048698
0 0.890509 0.746745 0.035648 0.058594
0 0.737731 0.211849 0.044907 0.046094
0 0.240046 0.243099 0.040278 0.051302
0 0.510880 0.457292 0.035648 0.057813
0 0.302546 0.295182 0.137500 0.014844
0 0.377778 0.306641 0.047222 0.042969
0 0.131250 0.379557 0.091204 0.022135
0 0.966898 0.543620 0.040278 0.048177
0 0.670602 0.477474 0.095833 0.020052
0 0.696065 0.343359 0.035648 0.053906
0 0.971528 0.839453 0.031019 0.061719
0 0.415972 0.701432 0.040278 0.046094
0 0.909028 0.166276 0.081944 0.022656
0 0.360417 0.916276 0.105093 0.017448
0 0.915972 0.617839 0.040278 0.045573
0 0.659028 0.513932 0.091204 0.020052
0 0.899769 0.133464 0.072685 0.024740
0 0.407407 0.401953 0.087963 0.020052
0 0.953009 0.467057 0.031019 0.056510
0 0.371991 0.174089 0.100463 0.017448
0 0.360417 0.752214 0.077315 0.022656
0 0.818750 0.338151 0.040278 0.043490
0 0.891667 0.207943 0.037963 0.043490
0 0.142824 0.795182 0.040278 0.040885
0 0.682176 0.657161 0.035648 0.046094
0 0.459954 0.800391 0.109722 0.014844
0 0.412500 0.608984 0.033333 0.048698
0 0.348380 0.770443 0.090278 0.017448
0 0.744676 0.709245 0.105093 0.014844
0 0.631250 0.905859 0.026389 0.059115
0 0.681019 0.211849 0.033333 0.046094
0 0.091898 0.900651 0.031019 0.048698
0 0.814120 0.681641 0.068056 0.022135
0 0.178704 0.412370 0.075000 0.020052
0 0.119676 0.849870 0.031019 0.046094
0 0.906713 0.459245 0.031019 0.046094
0 0.527083 0.516536 0.095833 0.014844
0 0.119676 0.164974 0.095833 0.014844
0 0.047917 0.173828 0.026389 0.053385
0 0.160880 0.670182 0.030093 0.046094
0 0.543287 0.146094 0.072685 0.018750
0 0.043287 0.831641 0.026389 0.051302
0 0.300231 0.551693 0.077315 0.017448
0 0.462269 0.179297 0.031019 0.043490
0 0.215741 0.174089 0.075000 0.017448
0 0.439120 0.616146 0.031019 0.042188
0 0.354167 0.352474 0.027778 0.046094
0 0.205324 0.431901 0.072685 0.017448
0 0.447917 0.711849 0.030093 0.040885
0 0.927083 0.272786 0.025463 0.048177
0 0.858102 0.852474 0.081944 0.014844
0 0.649769 0.844661 0.081944 0.014844
0 0.344213 0.620703 0.026389 0.046094
0 0.554861 0.689714 0.068056 0.017448
0 0.355787 0.154557 0.058796 0.020052
0 0.860417 0.435807 0.058796 0.020052
0 0.526620 0.886328 0.057870 0.020052
0 0.927546 0.450130 0.026389 0.043490
0 0.728472 0.286068 0.026389 0.043490
0 0.679398 0.727474 0.076389 0.014844
0 0.457639 0.651693 0.021759 0.050781
0 0.258565 0.498047 0.077315 0.014323
0 0.862731 0.236589 0.063426 0.017448
0 0.730787 0.172526 0.031019 0.035156
0 0.168287 0.819661 0.063426 0.016927
0 0.895139 0.216146 0.081944 0.013021
0 0.346528 0.786068 0.086574 0.012240
0 0.371528 0.264974 0.062500 0.016927
0 0.427546 0.193359 0.072685 0.014323
0 0.837269 0.733984 0.058796 0.017448
0 0.325694 0.793229 0.063426 0.016146
0 0.270139 0.650651 0.026389 0.038281
0 0.265509 0.150391 0.081944 0.011719
0 0.485417 0.752214 0.021759 0.043490
0 0.948380 0.562109 0.021759 0.043490
0 0.050231 0.629818 0.021759 0.043490
0 0.765509 0.520443 0.054167 0.017448
0 0.464583 0.493099 0.026389 0.035677
0 0.890509 0.331641 0.063426 0.014844
0 0.584954 0.579036 0.063426 0.014844
0 0.020139 0.482422 0.026389 0.035156
0 0.668981 0.179297 0.027778 0.033073
0 0.040972 0.559245 0.077315 0.011719
0 0.492361 0.215755 0.072685 0.012240
0 0.200694 0.900651 0.072685 0.012240
0 0.846528 0.573828 0.021759 0.040885
0 0.103472 0.184505 0.026389 0.033073
0 0.064120 0.338802 0.021759 0.039583
0 0.939120 0.393490 0.021759 0.039583
0 0.684491 0.685156 0.021759 0.039583
0 0.246991 0.590495 0.026389 0.032552
0 0.792824 0.568620 0.016204 0.051302
0 0.277083 0.931901 0.068056 0.012240
0 0.068750 0.819922 0.021759 0.038281
0 0.073380 0.674089 0.021759 0.038281
0 0.962269 0.676693 0.021759 0.038281
0 0.904398 0.420182 0.081944 0.009635
0 0.600694 0.309245 0.020833 0.037760
0 0.198380 0.204036 0.021759 0.035677
0 0.126620 0.116797 0.063426 0.012240
0 0.093750 0.735286 0.025463 0.030469
0 0.527083 0.724609 0.021759 0.035156
0 0.295602 0.878516 0.077315 0.009635
0 0.047917 0.442318 0.026389 0.027865
0 0.716898 0.125911 0.049537 0.014844
0 0.453009 0.809505 0.058796 0.012240
0 0.193750 0.674089 0.021759 0.033073
0 0.085648 0.459245 0.074074 0.009635
0 0.605787 0.662109 0.077315 0.009115
0 0.302083 0.720964 0.016204 0.043490
0 0.134722 0.596615 0.051852 0.013542
0 0.086806 0.840755 0.020833 0.033073
0 0.010417 0.750911 0.016204 0.040885
0 0.945602 0.344661 0.016204 0.040885
0 0.691435 0.357682 0.026389 0.025260
0 0.087269 0.662370 0.021759 0.030469
0 0.610417 0.688411 0.068056 0.009635
0 0.814120 0.529557 0.068056 0.009635
0 0.964583 0.247005 0.017130 0.038281
0 0.061806 0.876953 0.017130 0.037760
0 0.936806 0.728125 0.017130 0.036979
0 0.272454 0.862630 0.068056 0.009115
0 0.862269 0.637630 0.016204 0.038281
0 0.093750 0.340755 0.016204 0.038281
0 0.033565 0.614193 0.016204 0.038281
0 0.295602 0.637630 0.021759 0.027865
0 0.584954 0.499609 0.017130 0.033073
0 0.566435 0.349870 0.054167 0.009635
0 0.075231 0.305599 0.053241 0.009635
0 0.943287 0.197526 0.039352 0.012240
0 0.818750 0.227474 0.049537 0.009635
0 0.228472 0.298438 0.017130 0.026562
