0 0.281713 0.860286 0.068056 0.098177
0 0.899769 0.829036 0.146759 0.040885
0 0.216898 0.887370 0.068056 0.069010
0 0.788657 0.226172 0.063426 0.069531
0 0.855787 0.390234 0.049537 0.069531
0 0.816435 0.724870 0.054167 0.056510
0 0.906713 0.168880 0.105093 0.027865
0 0.802546 0.898047 0.054167 0.053906
0 0.289815 0.659766 0.056481 0.051302
0 0.608102 0.769141 0.054167 0.051302
0 0.741898 0.826432 0.053241 0.051302
0 0.716898 0.149349 0.040278 0.066927
0 0.850694 0.542578 0.122685 0.020052
0 0.900926 0.681901 0.037963 0.064323
0 0.371991 0.668880 0.044907 0.053906
0 0.346528 0.418880 0.086574 0.027865
0 0.612269 0.901953 0.118056 0.020052
0 0.478472 0.650651 0.081944 0.027865
0 0.746991 0.678255 0.044907 0.050781
0 0.786343 0.370703 0.086574 0.025260
0 0.117361 0.906901 0.035648 0.061198
0 0.493519 0.826432 0.047222 0.046094
0 0.751620 0.576432 0.081944 0.025260
0 0.483102 0.506120 0.044907 0.046094
0 0.471528 0.239193 0.114352 0.017448
0 0.638889 0.752214 0.087963 0.022656
0 0.915972 0.387630 0.040278 0.048698
0 0.189120 0.536068 0.040278 0.048698
0 0.212269 0.766536 0.077315 0.025260
0 0.397454 0.482682 0.077315 0.025260
0 0.164352 0.568620 0.092593 0.020052
0 0.078009 0.508724 0.040278 0.046094
0 0.501157 0.611589 0.081019 0.022656
0 0.848843 0.920182 0.044907 0.040885
0 0.839120 0.308594 0.043981 0.041667
0 0.364583 0.845964 0.030093 0.059115
0 0.506250 0.735286 0.118981 0.014844
0 0.043287 0.752865 0.072685 0.023958
0 0.422917 0.882161 0.035648 0.048177
0 0.562963 0.447526 0.075000 0.022656
0 0.478472 0.438411 0.035648 0.046094
0 0.256250 0.719661 0.026389 0.061719
0 0.251620 0.675130 0.081944 0.019531
0 0.941435 0.520443 0.035648 0.043490
0 0.050231 0.460547 0.068056 0.022656
0 0.642824 0.223568 0.068056 0.022656
0 0.605324 0.851172 0.067130 0.022656
0 0.703009 0.701172 0.077315 0.019531
0 0.293287 0.388932 0.026389 0.056510
0 0.834954 0.112630 0.035648 0.040365
0 0.334491 0.219661 0.071759 0.020052
0 0.785880 0.817969 0.076389 0.018750
0 0.353472 0.582943 0.081944 0.017448
0 0.163657 0.434505 0.081944 0.017448
0 0.297917 0.700130 0.081944 0.017448
0 0.818750 0.392839 0.114352 0.012240
0 0.659028 0.427083 0.035648 0.039062
0 0.098843 0.390234 0.035648 0.038281
0 0.205324 0.637630 0.035648 0.038281
0 0.869676 0.912370 0.068056 0.020052
0 0.672917 0.868099 0.091204 0.014844
0 0.494676 0.103776 0.077315 0.017448
0 0.744213 0.784766 0.067130 0.020052
0 0.732639 0.599870 0.090278 0.014844
0 0.841435 0.851172 0.030093 0.043490
0 0.050231 0.709896 0.031019 0.042188
0 0.670602 0.813411 0.086574 0.014844
0 0.499306 0.761328 0.086574 0.014844
0 0.175231 0.683203 0.086574 0.014844
0 0.140509 0.637630 0.026389 0.048698
0 0.705324 0.789974 0.063426 0.020052
0 0.156713 0.487891 0.021759 0.056510
0 0.314120 0.469010 0.031019 0.039583
0 0.802546 0.300130 0.026389 0.045573
0 0.160880 0.117448 0.030093 0.039583
0 0.031713 0.791276 0.031019 0.038281
0 0.360417 0.361589 0.031019 0.038281
0 0.723843 0.340755 0.035648 0.033073
0 0.091435 0.825130 0.067130 0.017448
0 0.860417 0.793620 0.031019 0.037760
0 0.429398 0.917578 0.057870 0.020052
0 0.290509 0.895443 0.030093 0.038281
0 0.547917 0.655859 0.026389 0.043490
0 0.920602 0.288021 0.031019 0.036979
0 0.289815 0.108984 0.028704 0.038281
0 0.109954 0.339453 0.030093 0.035677
0 0.131250 0.110026 0.026389 0.040365
0 0.235417 0.606380 0.021759 0.048698
0 0.837269 0.267578 0.021759 0.048177
0 0.119676 0.595964 0.031019 0.033073
0 0.925231 0.140234 0.058796 0.017448
0 0.091898 0.844661 0.068056 0.014844
0 0.172917 0.606380 0.026389 0.038281
0 0.774769 0.457943 0.026389 0.038281
0 0.209954 0.814714 0.081944 0.012240
0 0.881250 0.116797 0.081944 0.012240
0 0.934491 0.214453 0.021759 0.046094
0 0.193287 0.664974 0.067130 0.014844
0 0.326852 0.878516 0.065741 0.014844
0 0.040972 0.649349 0.031019 0.030469
0 0.911343 0.855078 0.031019 0.030469
0 0.781250 0.102474 0.030093 0.030469
0 0.675231 0.827474 0.077315 0.011719
0 0.226157 0.491536 0.077315 0.011719
0 0.371528 0.310547 0.025463 0.035156
0 0.698380 0.758724 0.021759 0.040885
0 0.645139 0.184505 0.072685 0.012240
0 0.723843 0.728776 0.072685 0.012240
0 0.209491 0.411068 0.071759 0.012240
0 0.277083 0.742839 0.021759 0.040365
0 0.790972 0.149349 0.058796 0.014844
0 0.540509 0.172786 0.057870 0.014844
0 0.168287 0.391276 0.091204 0.009115
0 0.748148 0.433203 0.019444 0.040885
0 0.417130 0.439714 0.024074 0.033073
0 0.052083 0.146745 0.053241 0.014844
0 0.404398 0.127214 0.063426 0.012240
0 0.325231 0.188411 0.016204 0.046094
0 0.399769 0.463151 0.026389 0.027865
0 0.726157 0.293620 0.021759 0.032552
0 0.297917 0.711849 0.072685 0.009635
0 0.334954 0.315755 0.017130 0.040365
0 0.197222 0.207943 0.056481 0.012240
0 0.272454 0.409766 0.021759 0.030469
0 0.476157 0.461849 0.068056 0.009635
0 0.020139 0.184505 0.017130 0.038281
0 0.385880 0.332943 0.017130 0.038281
0 0.228472 0.556641 0.017130 0.037760
0 0.881250 0.673828 0.017130 0.037760
0 0.964583 0.193620 0.017130 0.035677
0 0.584954 0.795182 0.063426 0.009635
0 0.190278 0.147786 0.051852 0.011719
0 0.334954 0.466797 0.017130 0.035156
0 0.462269 0.672786 0.058796 0.009635
0 0.563657 0.107422 0.057870 0.009115
0 0.334491 0.605078 0.016204 0.030469
0 0.282870 0.472917 0.014815 0.031771
0 0.952546 0.722266 0.048611 0.009635
0 0.448380 0.279557 0.012500 0.035677
0 0.885417 0.569922 0.016204 0.022656
0 0.008565 0.863932 0.012500 0.027344
