0 0.540972 0.619401 0.225463 0.043490
0 0.929861 0.137630 0.068056 0.111198
0 0.926389 0.878255 0.144444 0.040365
0 0.552546 0.731380 0.118981 0.033073
0 0.707639 0.642839 0.049537 0.069531
0 0.975000 0.718099 0.047222 0.069010
0 0.233102 0.099870 0.100463 0.030469
0 0.954167 0.089453 0.088889 0.030469
0 0.700694 0.233984 0.118981 0.022656
0 0.533565 0.853776 0.108796 0.022656
0 0.906250 0.517839 0.085648 0.027865
0 0.216898 0.491146 0.040278 0.057813
0 0.193750 0.194922 0.031019 0.069531
0 0.184491 0.413411 0.031019 0.069010
0 0.612731 0.510026 0.118981 0.017448
0 0.735417 0.067318 0.114352 0.017448
0 0.964583 0.826172 0.035648 0.055990
0 0.871991 0.172135 0.035648 0.055208
0 0.277083 0.135026 0.086574 0.022656
0 0.922917 0.497005 0.044907 0.043490
0 0.179861 0.134375 0.040278 0.042188
0 0.348843 0.073568 0.109722 0.014323
0 0.075694 0.473568 0.035648 0.043490
0 0.244676 0.353776 0.040278 0.038281
0 0.142824 0.223568 0.040278 0.038281
0 0.429861 0.405599 0.031019 0.048177
0 0.548380 0.149349 0.071759 0.020052
0 0.517824 0.536068 0.114352 0.012240
0 0.716898 0.080339 0.077315 0.017448
0 0.462269 0.372005 0.058796 0.017448
0 0.064120 0.541927 0.021759 0.044792
0 0.726157 0.885026 0.077315 0.012240
0 0.073380 0.292578 0.021759 0.040885
0 0.534028 0.043880 0.072685 0.012240
0 0.721528 0.909505 0.058796 0.014323
0 0.957639 0.129557 0.049537 0.016927
0 0.693287 0.103776 0.057870 0.012240
0 0.976157 0.176432 0.021759 0.032552
0 0.862731 0.625911 0.072685 0.009635
0 0.089583 0.715495 0.017130 0.032552
