0 0.357639 0.706641 0.108796 0.103385
0 0.543287 0.616797 0.220833 0.043490
0 0.670602 0.168880 0.169907 0.053906
0 0.494676 0.163672 0.188426 0.027865
0 0.924074 0.115495 0.149074 0.030469
0 0.135880 0.151953 0.063426 0.061719
0 0.929861 0.431901 0.058796 0.064323
0 0.626620 0.063411 0.109722 0.030469
0 0.709954 0.745703 0.044907 0.066927
0 0.205324 0.441016 0.137500 0.020052
0 0.346528 0.520833 0.049537 0.054688
0 0.777083 0.793229 0.040278 0.063021
0 0.432176 0.110286 0.035648 0.066927
0 0.251620 0.511328 0.091204 0.025260
0 0.494676 0.298438 0.086574 0.026562
0 0.626620 0.753516 0.026389 0.077344
0 0.788194 0.728516 0.025463 0.079427
0 0.734954 0.111589 0.085648 0.022656
0 0.811806 0.816667 0.044907 0.042188
0 0.161343 0.473568 0.031019 0.059115
0 0.659028 0.727474 0.044907 0.040885
0 0.228472 0.838151 0.072685 0.022656
0 0.520139 0.097266 0.081944 0.020052
0 0.402083 0.720964 0.021759 0.074740
0 0.253935 0.782552 0.021759 0.072917
0 0.635880 0.030859 0.091204 0.017448
0 0.436806 0.590755 0.026389 0.059115
0 0.679861 0.149349 0.095833 0.014844
0 0.383565 0.549089 0.021759 0.059115
0 0.635880 0.529557 0.026389 0.046094
0 0.733102 0.080078 0.026389 0.042969
0 0.740046 0.771745 0.021759 0.051302
0 0.653935 0.119141 0.025463 0.042969
0 0.897454 0.767839 0.021759 0.048698
0 0.436806 0.041276 0.026389 0.033073
0 0.230787 0.382422 0.021759 0.038281
0 0.418287 0.302995 0.017130 0.040885
0 0.527083 0.039974 0.021759 0.030469
0 0.730787 0.038672 0.021759 0.027865
