0 0.538657 0.616797 0.230093 0.048698
0 0.774769 0.292318 0.165278 0.055990
0 0.728472 0.381120 0.202315 0.040885
0 0.465741 0.383724 0.084259 0.077344
0 0.584491 0.442318 0.062500 0.090365
0 0.822222 0.231380 0.158333 0.027865
0 0.146991 0.843359 0.057870 0.069531
0 0.943287 0.724219 0.057870 0.065625
0 0.800231 0.487891 0.105093 0.035677
0 0.330324 0.833594 0.128241 0.029167
0 0.887731 0.756120 0.104167 0.035677
0 0.922917 0.207943 0.109722 0.027865
0 0.464583 0.802995 0.044907 0.066927
0 0.804861 0.850911 0.040278 0.069010
0 0.156250 0.205339 0.039352 0.069531
0 0.571759 0.159766 0.046296 0.056510
0 0.809491 0.124349 0.049537 0.048177
0 0.533565 0.441016 0.034722 0.066927
0 0.981944 0.158464 0.033333 0.069531
0 0.825231 0.724870 0.090278 0.025260
0 0.779398 0.382422 0.100463 0.022656
0 0.274769 0.855078 0.109722 0.020052
0 0.753935 0.188411 0.086574 0.025260
0 0.928704 0.144141 0.047222 0.046094
0 0.365046 0.241797 0.031019 0.069531
0 0.266667 0.295182 0.037963 0.051302
0 0.445602 0.490495 0.043981 0.040885
0 0.947222 0.879818 0.102778 0.017448
0 0.895139 0.151953 0.026389 0.066927
0 0.584954 0.233333 0.026389 0.057813
0 0.091898 0.791276 0.021759 0.069531
0 0.242361 0.693620 0.026389 0.056510
0 0.890509 0.007812 0.091204 0.015625
0 0.036343 0.692318 0.021759 0.064323
0 0.474537 0.184505 0.074074 0.017448
0 0.670602 0.066016 0.086574 0.014844
0 0.367361 0.800391 0.063426 0.020052
0 0.755093 0.680599 0.079630 0.014844
0 0.186806 0.858984 0.026389 0.043490
0 0.279398 0.674089 0.026389 0.043490
0 0.126620 0.106380 0.026389 0.043490
0 0.480787 0.119141 0.095833 0.011719
0 0.746528 0.280859 0.025463 0.043490
0 0.954167 0.114193 0.088889 0.012240
0 0.925231 0.219661 0.068056 0.014844
0 0.668287 0.046224 0.081944 0.011719
0 0.223843 0.192969 0.017130 0.044792
0 0.909028 0.112240 0.017130 0.044792
0 0.939120 0.183203 0.068056 0.009635
0 0.834954 0.319922 0.017130 0.038281
0 0.993519 0.080339 0.010185 0.027865
