0 0.254398 0.882422 0.215278 0.048698
0 0.302546 0.620703 0.091204 0.108594
0 0.155556 0.641536 0.167593 0.051302
0 0.735417 0.896745 0.132870 0.030469
0 0.330324 0.622005 0.035648 0.105990
0 0.823380 0.193620 0.114352 0.030469
0 0.133565 0.611589 0.058796 0.059115
0 0.594213 0.901953 0.118981 0.025260
0 0.119676 0.160417 0.105093 0.026562
0 0.741898 0.183203 0.090278 0.030469
0 0.437963 0.761979 0.102778 0.026562
0 0.091898 0.521745 0.040278 0.061719
0 0.642824 0.872656 0.123611 0.018750
0 0.888194 0.183203 0.049537 0.046094
0 0.851157 0.486589 0.095833 0.022656
0 0.814120 0.309245 0.040278 0.048177
0 0.274769 0.532161 0.128241 0.014844
0 0.314120 0.779297 0.031019 0.061198
0 0.874306 0.420182 0.123611 0.014844
0 0.476157 0.776953 0.114352 0.014844
0 0.575694 0.845313 0.100463 0.016146
0 0.806713 0.656901 0.025463 0.061198
0 0.984259 0.196615 0.028704 0.052083
0 0.812500 0.052995 0.092593 0.014844
0 0.973843 0.059505 0.035648 0.038281
0 0.527083 0.856380 0.105093 0.012240
0 0.316435 0.898047 0.100463 0.012240
0 0.223380 0.118099 0.081019 0.014844
0 0.464120 0.071224 0.071759 0.014844
0 0.143519 0.250911 0.069444 0.014844
0 0.228472 0.588151 0.026389 0.038281
0 0.538657 0.207682 0.081944 0.011719
0 0.263194 0.145443 0.077315 0.012240
0 0.538194 0.102474 0.062500 0.014844
0 0.318750 0.917318 0.086574 0.009115
0 0.955324 0.141276 0.017130 0.045573
0 0.955324 0.233984 0.017130 0.043490
0 0.019676 0.526693 0.016204 0.045573
0 0.492361 0.154557 0.072685 0.009635
0 0.459954 0.051693 0.054167 0.012240
0 0.587731 0.849219 0.076389 0.008333
0 0.631250 0.926432 0.054167 0.011719
0 0.496991 0.925130 0.054167 0.009115
0 0.593056 0.628516 0.045370 0.009635
0 0.096528 0.993099 0.040278 0.009635
0 0.987731 0.127214 0.017130 0.017448
