0 0.147454 0.181641 0.160648 0.037760
0 0.309028 0.707943 0.067130 0.069531
0 0.211806 0.636328 0.141204 0.030469
0 0.534722 0.203385 0.138889 0.029167
0 0.804861 0.420182 0.049537 0.077344
0 0.186806 0.593359 0.128241 0.027865
0 0.545602 0.224219 0.132870 0.023958
0 0.837269 0.180599 0.049537 0.061719
0 0.885880 0.844401 0.054167 0.055990
0 0.929861 0.198828 0.040278 0.072135
0 0.211111 0.662370 0.056481 0.051302
0 0.476157 0.455078 0.105093 0.027344
0 0.635880 0.348568 0.100463 0.027865
0 0.402083 0.709245 0.049537 0.056510
0 0.422917 0.614844 0.054167 0.050000
0 0.744676 0.257422 0.049537 0.048698
0 0.476157 0.828776 0.049537 0.045573
0 0.321065 0.171224 0.081944 0.027344
0 0.411343 0.523047 0.095833 0.022656
0 0.302083 0.533464 0.043981 0.048698
0 0.812963 0.869401 0.093519 0.022656
0 0.623148 0.479427 0.084259 0.023958
0 0.223843 0.368099 0.035648 0.056510
0 0.700231 0.200130 0.043981 0.043490
0 0.179861 0.509375 0.040278 0.047396
0 0.066435 0.827734 0.026389 0.069531
0 0.228472 0.847266 0.044907 0.040885
0 0.362731 0.909766 0.072685 0.025260
0 0.746991 0.855078 0.035648 0.051302
0 0.031713 0.502214 0.040278 0.043490
0 0.771991 0.606380 0.039352 0.043490
0 0.049769 0.312109 0.039352 0.043490
0 0.346528 0.852865 0.105093 0.015625
0 0.311806 0.271745 0.081944 0.020052
0 0.892824 0.686849 0.095833 0.016927
0 0.742361 0.372656 0.118981 0.013542
0 0.219213 0.135026 0.091204 0.017448
0 0.392824 0.796875 0.040278 0.039062
0 0.318750 0.839453 0.077315 0.020052
0 0.180324 0.263932 0.076389 0.020052
0 0.369676 0.252214 0.031019 0.048698
0 0.698380 0.819661 0.068056 0.022135
0 0.618519 0.538672 0.084259 0.017448
0 0.565278 0.185807 0.098148 0.014844
0 0.450694 0.709245 0.035648 0.040885
0 0.788657 0.775651 0.081944 0.017448
0 0.165972 0.164974 0.095833 0.014844
0 0.126620 0.616797 0.035648 0.038281
0 0.022454 0.306901 0.031019 0.043490
0 0.496991 0.155208 0.035648 0.036979
0 0.749306 0.152995 0.077315 0.016927
0 0.035880 0.181901 0.030093 0.043490
0 0.126620 0.455339 0.026389 0.048698
0 0.096991 0.677995 0.085648 0.014844
0 0.631250 0.836849 0.035648 0.035677
0 0.219213 0.155859 0.072685 0.017448
0 0.112269 0.663672 0.071759 0.017448
0 0.246528 0.189714 0.025463 0.048698
0 0.700231 0.782161 0.034722 0.035677
0 0.084954 0.153255 0.100463 0.012240
0 0.135880 0.395182 0.072685 0.016927
0 0.227315 0.567318 0.070370 0.017448
0 0.640509 0.516536 0.081944 0.014844
0 0.133565 0.145443 0.068056 0.017448
0 0.809491 0.598568 0.021759 0.053906
0 0.233102 0.736589 0.035648 0.033073
0 0.365046 0.524349 0.077315 0.014844
0 0.888194 0.326432 0.077315 0.014844
0 0.207176 0.468099 0.030093 0.037760
0 0.263194 0.274349 0.021759 0.051302
0 0.751620 0.892839 0.091204 0.012240
0 0.172917 0.573828 0.072685 0.014844
0 0.066435 0.409766 0.072685 0.014844
0 0.932176 0.144141 0.072685 0.014844
0 0.154398 0.817057 0.091204 0.011719
0 0.853472 0.237630 0.026389 0.040365
0 0.078009 0.757422 0.021759 0.048698
0 0.271296 0.523047 0.019444 0.053906
0 0.040972 0.427344 0.077315 0.013542
0 0.884722 0.413411 0.088889 0.011719
0 0.078009 0.262630 0.031019 0.033073
0 0.552546 0.306901 0.017130 0.059115
0 0.881250 0.398047 0.026389 0.038281
0 0.052546 0.280859 0.026389 0.038281
0 0.142824 0.097266 0.068056 0.014844
0 0.040972 0.342057 0.021759 0.046094
0 0.775463 0.476823 0.074074 0.013542
0 0.156713 0.428255 0.021759 0.045573
0 0.870833 0.903255 0.079630 0.012240
0 0.380787 0.739193 0.025463 0.038281
0 0.897454 0.832943 0.021759 0.043490
0 0.823380 0.827734 0.077315 0.012240
0 0.059491 0.595964 0.021759 0.043490
0 0.017824 0.340755 0.021759 0.043490
0 0.705324 0.150651 0.054167 0.017448
0 0.321065 0.110286 0.063426 0.014844
0 0.543287 0.506120 0.026389 0.035677
0 0.466898 0.166016 0.021759 0.042969
0 0.288194 0.881120 0.062500 0.014844
0 0.279398 0.238932 0.054167 0.016927
0 0.072917 0.365495 0.030093 0.030469
0 0.556019 0.164974 0.061111 0.014844
0 0.675231 0.248307 0.021759 0.040885
0 0.621991 0.171484 0.072685 0.012240
0 0.325694 0.754818 0.072685 0.012240
0 0.707639 0.219661 0.021759 0.040885
0 0.268519 0.145443 0.050926 0.017448
0 0.441435 0.405859 0.026389 0.033073
0 0.293287 0.587891 0.072685 0.011719
0 0.869676 0.278255 0.021759 0.038281
0 0.258102 0.429297 0.067130 0.012240
0 0.927546 0.756120 0.054167 0.014844
0 0.605787 0.380469 0.058796 0.013542
0 0.047454 0.536068 0.016204 0.048698
0 0.020139 0.219401 0.026389 0.029948
0 0.388194 0.631120 0.021759 0.035677
0 0.672917 0.706380 0.054167 0.014323
0 0.721528 0.375911 0.077315 0.009635
0 0.690278 0.470964 0.061111 0.012240
0 0.705324 0.121745 0.063426 0.011719
0 0.575694 0.606120 0.017130 0.042969
0 0.309491 0.807292 0.021759 0.033854
0 0.561806 0.801693 0.026389 0.027865
0 0.883565 0.262630 0.021759 0.033073
0 0.147454 0.343099 0.021759 0.032552
0 0.837269 0.569661 0.021759 0.032552
0 0.811343 0.366797 0.016204 0.043490
0 0.888194 0.363932 0.021759 0.032552
0 0.640509 0.784766 0.017130 0.040885
0 0.946065 0.831641 0.017130 0.040885
0 0.184028 0.358984 0.020833 0.033073
0 0.619676 0.718099 0.058796 0.011719
0 0.330324 0.200781 0.017130 0.039583
0 0.670602 0.352474 0.068056 0.009635
0 0.677546 0.629818 0.017130 0.038281
0 0.869676 0.532161 0.068056 0.009635
0 0.510417 0.602214 0.071759 0.009115
0 0.802546 0.310807 0.017130 0.035677
0 0.075694 0.539974 0.017130 0.035677
0 0.286343 0.301693 0.021759 0.027865
0 0.645139 0.576172 0.017130 0.035156
0 0.494213 0.865234 0.057870 0.009115
0 0.188657 0.583984 0.057870 0.009115
0 0.105787 0.403255 0.021759 0.022656
0 0.700694 0.455339 0.063426 0.007031
0 0.851157 0.460547 0.012500 0.033073
0 0.744676 0.167578 0.040278 0.009635
0 0.895139 0.705339 0.017130 0.022656
0 0.456481 0.382161 0.047222 0.006510
