0 0.889352 0.024089 0.218519 0.040365
0 0.061806 0.816016 0.081944 0.082552
0 0.600694 0.882161 0.141204 0.042969
0 0.054398 0.451432 0.057870 0.072135
0 0.860417 0.283464 0.105093 0.033073
0 0.050231 0.530859 0.049537 0.069531
0 0.953009 0.615495 0.049537 0.066927
0 0.418287 0.356380 0.054167 0.053906
0 0.922917 0.519531 0.054167 0.052083
0 0.825694 0.468359 0.100463 0.027865
0 0.810648 0.520182 0.051852 0.053385
0 0.594213 0.753255 0.054167 0.050781
0 0.684491 0.210547 0.095833 0.027865
0 0.847685 0.509375 0.042593 0.057813
0 0.814815 0.551693 0.106481 0.022656
0 0.860417 0.062109 0.086574 0.027865
0 0.307176 0.691016 0.091204 0.025260
0 0.828009 0.336849 0.114352 0.020052
0 0.205324 0.780859 0.044907 0.048698
0 0.878935 0.705599 0.040278 0.053385
0 0.578704 0.237891 0.106481 0.020052
0 0.272454 0.642188 0.040278 0.052604
0 0.832639 0.837500 0.040278 0.052604
0 0.669444 0.756120 0.139815 0.014844
0 0.344213 0.732682 0.044907 0.046094
0 0.219213 0.670182 0.035648 0.056510
0 0.490046 0.510026 0.040278 0.048698
0 0.567593 0.891536 0.075000 0.025260
0 0.200694 0.404297 0.035648 0.050781
0 0.116204 0.652344 0.042593 0.041667
0 0.057176 0.601172 0.100463 0.017448
0 0.126620 0.806901 0.100463 0.017448
0 0.175231 0.567318 0.040278 0.043490
0 0.744676 0.676693 0.040278 0.043490
0 0.647454 0.844401 0.086574 0.019531
0 0.362269 0.765234 0.025463 0.064323
0 0.677546 0.922786 0.035648 0.046094
0 0.415972 0.636979 0.031019 0.052604
0 0.381944 0.694922 0.037037 0.043490
0 0.611574 0.422786 0.079630 0.020052
0 0.874306 0.571224 0.077315 0.020052
0 0.758565 0.931901 0.040278 0.038281
0 0.758565 0.187109 0.068056 0.022656
0 0.087269 0.778255 0.068056 0.022656
0 0.121991 0.627865 0.081944 0.018750
0 0.132407 0.684245 0.028704 0.053385
0 0.925231 0.806901 0.031019 0.048698
0 0.485417 0.864193 0.031019 0.048698
0 0.537037 0.460547 0.083333 0.017448
0 0.652083 0.816667 0.068056 0.021354
0 0.033565 0.258724 0.025463 0.056510
0 0.202546 0.634115 0.039352 0.036458
0 0.501620 0.559505 0.081944 0.017448
0 0.060648 0.177995 0.070370 0.020052
0 0.571759 0.585286 0.037037 0.037760
0 0.075694 0.292578 0.026389 0.051302
0 0.809028 0.358984 0.030093 0.043490
0 0.513194 0.254818 0.021759 0.059115
0 0.638194 0.525391 0.021759 0.058594
0 0.906713 0.848307 0.021759 0.058594
0 0.448380 0.662109 0.031019 0.040365
0 0.575694 0.130859 0.035648 0.035156
0 0.452546 0.556901 0.020833 0.059115
0 0.799769 0.763932 0.030093 0.040885
0 0.519676 0.672526 0.034722 0.035156
0 0.279398 0.420833 0.109722 0.010937
0 0.388194 0.736589 0.031019 0.038281
0 0.837269 0.306901 0.031019 0.038281
0 0.721528 0.335547 0.095833 0.012240
0 0.844213 0.806250 0.072685 0.016146
0 0.517824 0.697266 0.031019 0.037760
0 0.716898 0.368099 0.077315 0.014844
0 0.753472 0.804036 0.030093 0.037760
0 0.902083 0.474870 0.021759 0.051302
0 0.325694 0.614193 0.091204 0.012240
0 0.288657 0.559505 0.063426 0.017448
0 0.216898 0.573177 0.077315 0.013542
0 0.822917 0.883073 0.076389 0.013542
0 0.020139 0.853776 0.026389 0.038281
0 0.795602 0.602474 0.021759 0.046094
0 0.214583 0.446615 0.063426 0.015625
0 0.887731 0.821224 0.020833 0.046094
0 0.896991 0.326432 0.020833 0.046094
0 0.240046 0.911068 0.077315 0.012240
0 0.184491 0.827734 0.021759 0.043490
0 0.402083 0.770443 0.077315 0.012240
0 0.957639 0.389974 0.021759 0.042969
0 0.020139 0.304297 0.017130 0.053906
0 0.735417 0.576432 0.095833 0.009635
0 0.394676 0.894141 0.062500 0.014844
0 0.927546 0.365234 0.026389 0.035156
0 0.782870 0.254818 0.075000 0.012240
0 0.269676 0.190755 0.025463 0.035156
0 0.917824 0.426693 0.071759 0.012240
0 0.786343 0.344661 0.058796 0.014844
0 0.885880 0.767839 0.026389 0.033073
0 0.066435 0.720703 0.026389 0.032552
0 0.911343 0.379818 0.021759 0.038281
0 0.078009 0.134766 0.021759 0.037760
0 0.832639 0.444661 0.021759 0.037760
0 0.126620 0.131120 0.054167 0.014844
0 0.706019 0.788672 0.064815 0.012240
0 0.116898 0.418880 0.016204 0.048698
0 0.473843 0.211849 0.081944 0.009635
0 0.598843 0.620703 0.017130 0.046094
0 0.244676 0.667578 0.021759 0.035677
0 0.665972 0.638932 0.021759 0.035677
0 0.065972 0.409505 0.053241 0.014323
0 0.328009 0.878516 0.077315 0.009635
0 0.951852 0.278255 0.061111 0.012240
0 0.878935 0.114193 0.021759 0.033073
0 0.191435 0.706641 0.017130 0.040885
0 0.589583 0.310807 0.017130 0.040885
0 0.325694 0.800391 0.072685 0.009635
0 0.561806 0.672786 0.017130 0.040885
0 0.094213 0.136328 0.017130 0.040885
0 0.186806 0.477474 0.026389 0.025260
0 0.281713 0.464453 0.068056 0.009635
0 0.825694 0.577734 0.017130 0.038281
0 0.459491 0.761068 0.071759 0.009115
0 0.608102 0.527995 0.017130 0.037760
0 0.876620 0.844661 0.017130 0.035677
0 0.214583 0.276953 0.017130 0.035677
0 0.293287 0.631120 0.063426 0.009635
0 0.115046 0.911068 0.049537 0.012240
0 0.876157 0.935807 0.062500 0.009635
0 0.820602 0.922135 0.016204 0.036979
0 0.968750 0.805599 0.016204 0.035677
0 0.432176 0.386068 0.063426 0.009115
0 0.561806 0.932943 0.063426 0.009115
0 0.150926 0.122005 0.047222 0.012240
0 0.714583 0.804297 0.017130 0.033073
0 0.645139 0.793880 0.044907 0.012240
0 0.874306 0.313151 0.058796 0.009115
0 0.939120 0.305339 0.058796 0.009115
0 0.540972 0.206380 0.058796 0.009115
0 0.769676 0.447266 0.016204 0.032552
0 0.844213 0.250911 0.017130 0.030469
0 0.152083 0.289974 0.049537 0.009635
0 0.010880 0.530599 0.017130 0.027344
0 0.739583 0.149349 0.048611 0.009635
0 0.504630 0.150651 0.055556 0.007031
0 0.552546 0.809245 0.017130 0.022135
0 0.952546 0.457292 0.011574 0.031771
0 0.695602 0.376563 0.062500 0.005729
0 0.543287 0.056901 0.026389 0.007031
0 0.193287 0.118099 0.011574 0.014844
