0 0.182176 0.616797 0.128241 0.038281
0 0.314120 0.153255 0.114352 0.038281
0 0.089583 0.498307 0.054167 0.077344
0 0.859954 0.974870 0.150463 0.025260
0 0.922917 0.591406 0.044907 0.076042
0 0.837269 0.851172 0.049537 0.059115
0 0.610417 0.358984 0.095833 0.027865
0 0.723843 0.245703 0.044907 0.056510
0 0.670139 0.827734 0.085648 0.027865
0 0.573380 0.194922 0.105093 0.022656
0 0.812963 0.786068 0.084259 0.027865
0 0.589583 0.869401 0.081944 0.027865
0 0.146991 0.560547 0.048611 0.045573
0 0.652083 0.197526 0.095833 0.022656
0 0.149769 0.373698 0.100463 0.020833
0 0.325694 0.342057 0.044907 0.046094
0 0.510880 0.228776 0.081944 0.022656
0 0.672917 0.853776 0.081944 0.022656
0 0.378935 0.843359 0.031019 0.059115
0 0.587269 0.433854 0.031019 0.055208
0 0.300231 0.275651 0.095833 0.017448
0 0.158565 0.394141 0.081019 0.020052
0 0.147454 0.125651 0.040278 0.040365
0 0.896991 0.451432 0.039352 0.040885
0 0.054861 0.263932 0.031019 0.051302
0 0.701157 0.390234 0.090278 0.017448
0 0.619676 0.559505 0.031019 0.048698
0 0.850000 0.891536 0.075000 0.020052
0 0.110417 0.275391 0.086574 0.016927
0 0.042824 0.636979 0.034722 0.042188
0 0.515509 0.172786 0.072685 0.020052
0 0.700694 0.840755 0.081944 0.017448
0 0.668287 0.372005 0.081944 0.017448
0 0.260880 0.854818 0.072685 0.019531
0 0.921065 0.797786 0.039352 0.035677
0 0.549769 0.834245 0.020833 0.066927
0 0.774769 0.410807 0.081944 0.016927
0 0.073380 0.714453 0.068056 0.020052
0 0.707639 0.107682 0.068056 0.020052
0 0.017824 0.952734 0.031019 0.043490
0 0.800231 0.654297 0.068056 0.019531
0 0.105787 0.680599 0.086574 0.014844
0 0.131250 0.349870 0.063426 0.020052
0 0.888194 0.284766 0.031019 0.040885
0 0.686806 0.597005 0.063426 0.019531
0 0.804398 0.448828 0.030093 0.040885
0 0.163657 0.852474 0.081944 0.014844
0 0.314120 0.853776 0.068056 0.017448
0 0.409028 0.594401 0.081944 0.014323
0 0.480324 0.322526 0.067130 0.017448
0 0.934491 0.442057 0.021759 0.053385
0 0.396296 0.608984 0.065741 0.017448
0 0.163657 0.728516 0.026389 0.042969
0 0.716435 0.873047 0.076389 0.014323
0 0.584954 0.496745 0.063426 0.016927
0 0.212269 0.528906 0.031019 0.034375
0 0.767824 0.231380 0.021759 0.048698
0 0.818750 0.676693 0.021759 0.048698
0 0.743519 0.152604 0.065741 0.016146
0 0.564120 0.148047 0.058796 0.017448
0 0.818750 0.283464 0.031019 0.033073
0 0.566435 0.294531 0.054167 0.018750
0 0.075694 0.830339 0.026389 0.038281
0 0.552083 0.786719 0.025463 0.039583
0 0.422917 0.152995 0.026389 0.037760
0 0.223843 0.376563 0.026389 0.036979
0 0.897454 0.766927 0.031019 0.031250
0 0.628472 0.636328 0.020833 0.046094
0 0.531713 0.817318 0.021759 0.043490
0 0.418287 0.930599 0.063426 0.014844
0 0.881250 0.597266 0.026389 0.035677
0 0.515509 0.687109 0.017130 0.053906
0 0.225694 0.417578 0.030093 0.030469
0 0.920139 0.298828 0.020833 0.042969
0 0.663657 0.809505 0.072685 0.012240
0 0.634722 0.418229 0.024074 0.036979
0 0.274769 0.394141 0.017130 0.051302
0 0.733102 0.892578 0.072685 0.011719
0 0.163657 0.668620 0.072685 0.011719
0 0.328009 0.167578 0.086574 0.009635
0 0.406713 0.127214 0.068056 0.012240
0 0.301852 0.614193 0.064815 0.012240
0 0.756250 0.282161 0.081944 0.009635
0 0.339120 0.194271 0.071759 0.010937
0 0.524769 0.742839 0.054167 0.014323
0 0.162500 0.209896 0.070370 0.010937
0 0.155556 0.225911 0.065741 0.011719
0 0.626620 0.681901 0.017130 0.043490
0 0.499306 0.500260 0.021759 0.034375
0 0.238426 0.136979 0.046296 0.016146
0 0.496528 0.152995 0.062500 0.011719
0 0.820602 0.356771 0.025463 0.028646
0 0.800231 0.898047 0.021759 0.033073
0 0.878472 0.840755 0.057870 0.012240
0 0.221065 0.176693 0.057870 0.012240
0 0.446065 0.269141 0.072685 0.009635
0 0.668287 0.256120 0.017130 0.040885
0 0.082639 0.548438 0.021759 0.031771
0 0.059028 0.546484 0.020833 0.033073
0 0.811806 0.878255 0.072685 0.009115
0 0.284028 0.828776 0.072685 0.009115
0 0.362731 0.235286 0.044907 0.014844
0 0.687963 0.669271 0.019444 0.033854
0 0.318750 0.779557 0.068056 0.009635
0 0.948380 0.768880 0.021759 0.029948
0 0.605787 0.474609 0.021759 0.029948
0 0.059491 0.143880 0.021759 0.029948
0 0.462269 0.359635 0.021759 0.029167
0 0.373843 0.529297 0.067130 0.009115
0 0.020139 0.769141 0.017130 0.035677
0 0.751620 0.331641 0.063426 0.009635
0 0.737269 0.670182 0.016204 0.035677
0 0.371528 0.632422 0.016204 0.033073
0 0.263194 0.654297 0.021759 0.024740
0 0.177546 0.201432 0.054167 0.009635
0 0.881250 0.248047 0.017130 0.029948
0 0.508102 0.463151 0.011574 0.038281
0 0.561806 0.132422 0.017130 0.017448
