0 0.082639 0.898047 0.077315 0.074740
0 0.867361 0.786068 0.109722 0.038281
0 0.297917 0.776953 0.109722 0.035677
0 0.219213 0.818620 0.146759 0.025260
0 0.390509 0.877214 0.118981 0.027865
0 0.306713 0.896745 0.108796 0.030469
0 0.693750 0.166276 0.095833 0.033073
0 0.557176 0.816016 0.156019 0.020052
0 0.902083 0.623307 0.040278 0.072135
0 0.214583 0.506771 0.091204 0.031771
0 0.068750 0.651953 0.049537 0.056510
0 0.027083 0.797526 0.049537 0.055990
0 0.344213 0.414974 0.109722 0.025260
0 0.309491 0.270443 0.049537 0.053906
0 0.263194 0.405859 0.114352 0.022656
0 0.281713 0.194922 0.086574 0.027865
0 0.633565 0.286068 0.049537 0.048698
0 0.295602 0.595313 0.049537 0.047396
0 0.244676 0.850260 0.049537 0.046875
0 0.709954 0.261328 0.109722 0.020052
0 0.610417 0.857682 0.086574 0.025260
0 0.439120 0.482682 0.086574 0.025260
0 0.436806 0.426693 0.035648 0.059115
0 0.547917 0.469661 0.081944 0.025260
0 0.939120 0.620703 0.040278 0.051302
0 0.240046 0.578776 0.040278 0.050781
0 0.302546 0.576172 0.044907 0.045573
0 0.797917 0.724609 0.081944 0.024740
0 0.621991 0.719661 0.100463 0.020052
0 0.402083 0.763281 0.040278 0.050000
0 0.121991 0.759766 0.044907 0.042969
0 0.540972 0.516536 0.095833 0.020052
0 0.450694 0.839453 0.026389 0.072135
0 0.601157 0.357422 0.031019 0.061198
0 0.322917 0.590495 0.039352 0.048177
0 0.325694 0.142839 0.081944 0.022656
0 0.302083 0.622005 0.081019 0.022656
0 0.237731 0.289974 0.044907 0.040885
0 0.242361 0.123307 0.035648 0.051302
0 0.575231 0.641276 0.071759 0.024740
0 0.804861 0.193620 0.031019 0.056510
0 0.364583 0.706641 0.030093 0.056510
0 0.877778 0.343359 0.075000 0.022656
0 0.368519 0.757422 0.037963 0.043490
0 0.267824 0.568620 0.040278 0.040885
0 0.513194 0.782161 0.040278 0.040885
0 0.082639 0.599609 0.040278 0.040365
0 0.852315 0.845964 0.033333 0.048698
0 0.061806 0.687109 0.035648 0.043490
0 0.721528 0.231380 0.040278 0.038281
0 0.628935 0.189453 0.040278 0.037760
0 0.811806 0.225521 0.035648 0.042188
0 0.066435 0.381120 0.026389 0.056510
0 0.809491 0.595052 0.040278 0.036458
0 0.743056 0.502214 0.064815 0.022656
0 0.561806 0.167578 0.072685 0.020052
0 0.140509 0.503516 0.035648 0.040885
0 0.237731 0.457943 0.081944 0.017448
0 0.256250 0.687109 0.026389 0.053906
0 0.235417 0.619141 0.021759 0.063802
0 0.635880 0.603776 0.035648 0.038281
0 0.649769 0.409766 0.026389 0.051302
0 0.737731 0.641536 0.026389 0.051302
0 0.682176 0.123958 0.063426 0.021354
0 0.828009 0.916276 0.077315 0.017448
0 0.128935 0.700130 0.077315 0.017448
0 0.950694 0.291016 0.035648 0.037760
0 0.476157 0.764974 0.031019 0.042969
0 0.061806 0.147396 0.035648 0.036979
0 0.661343 0.521745 0.086574 0.014844
0 0.080324 0.462891 0.026389 0.048177
0 0.260880 0.537370 0.063426 0.020052
0 0.307176 0.120703 0.035648 0.035677
0 0.814120 0.495703 0.031019 0.040885
0 0.388194 0.602474 0.031019 0.040885
0 0.089583 0.845964 0.072685 0.017448
0 0.022454 0.448568 0.031019 0.040365
0 0.385880 0.578776 0.035648 0.035156
0 0.032407 0.148047 0.032407 0.038281
0 0.443750 0.455078 0.105093 0.011719
0 0.677083 0.649349 0.034722 0.035677
0 0.662500 0.739193 0.070370 0.017448
0 0.233102 0.698828 0.026389 0.046094
0 0.172917 0.628516 0.026389 0.046094
0 0.807176 0.308203 0.081944 0.014844
0 0.793287 0.794271 0.035648 0.033854
0 0.786343 0.606380 0.031019 0.038281
0 0.147454 0.542578 0.058796 0.020052
0 0.483102 0.606380 0.035648 0.033073
0 0.197685 0.253255 0.060185 0.019531
0 0.670602 0.202474 0.031019 0.037760
0 0.531250 0.543880 0.067130 0.017448
0 0.420602 0.796224 0.068056 0.016927
0 0.332639 0.625911 0.077315 0.014844
0 0.903935 0.411068 0.034722 0.033073
0 0.406250 0.620703 0.076389 0.014844
0 0.107639 0.660807 0.034722 0.032552
0 0.719213 0.405859 0.091204 0.012240
0 0.436806 0.597917 0.026389 0.042188
0 0.697917 0.579427 0.020833 0.052083
0 0.503935 0.874609 0.086574 0.012240
0 0.591898 0.838151 0.086574 0.012240
0 0.582639 0.762630 0.021759 0.048698
0 0.425231 0.171484 0.086574 0.012240
0 0.457639 0.645443 0.086574 0.012240
0 0.720370 0.473568 0.019444 0.053906
0 0.365046 0.202734 0.058796 0.017448
0 0.309491 0.731120 0.086574 0.011719
0 0.429398 0.510026 0.057870 0.017448
0 0.490046 0.460286 0.031019 0.032552
0 0.938657 0.168880 0.057870 0.017448
0 0.369676 0.571224 0.021759 0.046094
0 0.443750 0.722266 0.021759 0.046094
0 0.483102 0.319922 0.081944 0.012240
0 0.359954 0.661068 0.030093 0.033073
0 0.434028 0.749609 0.030093 0.033073
0 0.963426 0.605078 0.024074 0.040885
0 0.307870 0.642839 0.055556 0.017448
0 0.159722 0.413672 0.055556 0.017448
0 0.443750 0.624609 0.077315 0.012240
0 0.156713 0.128516 0.031019 0.030469
0 0.524769 0.474870 0.063426 0.014844
0 0.209954 0.638932 0.026389 0.035677
0 0.492361 0.188151 0.026389 0.035156
0 0.759722 0.637630 0.024074 0.038281
0 0.901620 0.579036 0.030093 0.030469
0 0.598843 0.819922 0.072685 0.012240
0 0.584954 0.804297 0.072685 0.012240
0 0.459954 0.701432 0.017130 0.051302
0 0.899769 0.319922 0.026389 0.033073
0 0.858102 0.660807 0.026389 0.032552
0 0.112269 0.627214 0.025463 0.033073
0 0.654398 0.642188 0.026389 0.031771
0 0.406713 0.853776 0.068056 0.012240
0 0.874306 0.296224 0.021759 0.037760
0 0.668287 0.566016 0.026389 0.030469
0 0.605324 0.129818 0.020833 0.038281
0 0.712269 0.196224 0.021759 0.035677
0 0.200694 0.672135 0.017130 0.044792
0 0.138194 0.275000 0.068056 0.010937
0 0.804398 0.375911 0.076389 0.009635
0 0.771991 0.610286 0.048611 0.014844
0 0.869676 0.572526 0.021759 0.033073
0 0.142824 0.585547 0.021759 0.033073
0 0.709491 0.747005 0.016204 0.043490
0 0.598843 0.248307 0.072685 0.009635
0 0.973380 0.361328 0.016204 0.042969
0 0.928704 0.524349 0.019444 0.035677
0 0.476157 0.413411 0.058796 0.011719
0 0.476157 0.664974 0.021759 0.030469
0 0.115046 0.123958 0.058796 0.010937
0 0.522454 0.608984 0.021759 0.027865
0 0.659028 0.091797 0.063426 0.009115
0 0.161343 0.375911 0.058796 0.009635
0 0.487731 0.783464 0.017130 0.033073
0 0.314120 0.448828 0.058796 0.009635
0 0.191435 0.752214 0.044907 0.012240
0 0.172454 0.106380 0.043981 0.012240
0 0.973843 0.224870 0.017130 0.030469
0 0.591898 0.605078 0.049537 0.009635
0 0.124306 0.907161 0.049537 0.009635
0 0.156250 0.390234 0.020833 0.022656
0 0.871991 0.505078 0.017130 0.027344
0 0.395139 0.723568 0.017130 0.022656
0 0.846528 0.320964 0.040278 0.009115
0 0.516204 0.004818 0.046296 0.007031
