0 0.954167 0.852474 0.088889 0.150260
0 0.950231 0.339453 0.053241 0.072135
0 0.454861 0.770443 0.127315 0.027865
0 0.290972 0.680339 0.058796 0.055990
0 0.582639 0.680599 0.105093 0.030469
0 0.281250 0.835547 0.113426 0.027865
0 0.578472 0.359635 0.104167 0.029167
0 0.746991 0.228516 0.109722 0.027344
0 0.675231 0.151042 0.123611 0.023438
0 0.453009 0.215495 0.095833 0.027344
0 0.922454 0.700130 0.043981 0.059115
0 0.855787 0.334245 0.049537 0.051302
0 0.807870 0.377214 0.046296 0.053906
0 0.054861 0.343359 0.031019 0.079948
0 0.318750 0.779557 0.095833 0.025260
0 0.642824 0.560807 0.049537 0.046094
0 0.438657 0.667578 0.048611 0.046094
0 0.711111 0.836849 0.047222 0.046094
0 0.142824 0.166276 0.040278 0.053906
0 0.749306 0.775651 0.095833 0.022656
0 0.119676 0.632422 0.040278 0.053906
0 0.910880 0.288672 0.094907 0.022656
0 0.145139 0.735938 0.128241 0.016146
0 0.278935 0.599870 0.081019 0.025260
0 0.406713 0.640234 0.031019 0.064323
0 0.152083 0.698828 0.077315 0.025260
0 0.540509 0.861589 0.039352 0.048698
0 0.682176 0.854427 0.044907 0.042188
0 0.357639 0.260026 0.034722 0.053906
0 0.165972 0.782161 0.123611 0.014844
0 0.355787 0.184505 0.031019 0.059115
0 0.608102 0.105078 0.072685 0.025260
0 0.811806 0.735286 0.044907 0.040885
0 0.200694 0.631120 0.044907 0.040885
0 0.663657 0.740495 0.091204 0.020052
0 0.700694 0.771745 0.091204 0.020052
0 0.635880 0.791016 0.081944 0.022135
0 0.934028 0.404557 0.039352 0.046094
0 0.358102 0.453776 0.072685 0.024740
0 0.251620 0.702474 0.035648 0.048177
0 0.346528 0.728776 0.095833 0.017448
0 0.839583 0.494401 0.072685 0.022656
0 0.846528 0.292578 0.040278 0.040885
0 0.594213 0.573828 0.035648 0.046094
0 0.214583 0.737891 0.035648 0.046094
0 0.311343 0.414974 0.034722 0.046094
0 0.566435 0.651302 0.035648 0.044792
0 0.677546 0.611589 0.035648 0.043490
0 0.244676 0.857682 0.077315 0.020052
0 0.378935 0.648047 0.031019 0.048698
0 0.358102 0.693620 0.072685 0.020052
0 0.848843 0.649349 0.035648 0.040885
0 0.126620 0.873307 0.035648 0.040885
0 0.858102 0.696484 0.035648 0.040365
0 0.765509 0.749609 0.081944 0.017448
0 0.774769 0.710547 0.026389 0.053906
0 0.260185 0.372005 0.037037 0.038281
0 0.351157 0.115234 0.031019 0.045573
0 0.885417 0.137630 0.025463 0.053906
0 0.279398 0.901302 0.100463 0.013542
0 0.351157 0.401953 0.068056 0.020052
0 0.904398 0.353776 0.035648 0.038281
0 0.853472 0.758724 0.026389 0.051302
0 0.777083 0.502214 0.077315 0.017448
0 0.534028 0.799089 0.109722 0.012240
0 0.549769 0.591406 0.030093 0.044792
0 0.797917 0.837891 0.035648 0.037760
0 0.871528 0.733984 0.034722 0.038281
0 0.281713 0.767578 0.077315 0.016927
0 0.232639 0.360286 0.025463 0.051302
0 0.383565 0.545833 0.031019 0.042188
0 0.830324 0.694922 0.026389 0.048698
0 0.200694 0.797786 0.063426 0.020052
0 0.797454 0.706641 0.034722 0.035677
0 0.253472 0.807943 0.085648 0.014323
0 0.746991 0.873307 0.026389 0.046094
0 0.818750 0.314714 0.031019 0.038281
0 0.078009 0.129818 0.031019 0.038281
0 0.938657 0.572526 0.067130 0.017448
0 0.707176 0.804297 0.030093 0.038281
0 0.324537 0.358333 0.070370 0.016146
0 0.425231 0.482682 0.031019 0.035677
0 0.888194 0.325781 0.021759 0.050000
0 0.353472 0.789974 0.072685 0.014844
0 0.315278 0.184505 0.061111 0.017448
0 0.276620 0.796484 0.085648 0.012240
0 0.648611 0.813411 0.070370 0.014844
0 0.425231 0.420182 0.021759 0.046094
0 0.797917 0.535417 0.091204 0.010937
0 0.645139 0.840495 0.026389 0.037760
0 0.986574 0.797786 0.024074 0.040885
0 0.396991 0.787370 0.020833 0.046094
0 0.836806 0.737630 0.020833 0.045573
0 0.897454 0.438411 0.031019 0.030469
0 0.436806 0.791276 0.054167 0.017448
0 0.441435 0.382422 0.054167 0.017448
0 0.110417 0.644141 0.031019 0.030469
0 0.946065 0.144141 0.063426 0.014844
0 0.737731 0.663411 0.054167 0.016927
0 0.334954 0.887630 0.072685 0.012240
0 0.353472 0.707943 0.072685 0.012240
0 0.587269 0.636328 0.021759 0.040885
0 0.721528 0.753516 0.021759 0.040885
0 0.147454 0.719661 0.058796 0.014844
0 0.751620 0.710547 0.026389 0.033073
0 0.716898 0.097266 0.058796 0.014844
0 0.487731 0.509766 0.026389 0.032552
0 0.774769 0.811458 0.026389 0.031771
0 0.040972 0.637630 0.021759 0.038281
0 0.790972 0.306901 0.021759 0.038281
0 0.915972 0.624609 0.068056 0.012240
0 0.272454 0.822266 0.068056 0.011719
0 0.471528 0.992448 0.058796 0.013542
0 0.625463 0.648047 0.024074 0.033073
0 0.825231 0.448828 0.016204 0.046094
0 0.219213 0.267578 0.063426 0.011719
0 0.920602 0.441927 0.021759 0.033854
0 0.108102 0.361589 0.026389 0.027865
0 0.205324 0.160807 0.026389 0.027344
0 0.490046 0.416276 0.021759 0.033073
0 0.763194 0.788672 0.058796 0.012240
0 0.337269 0.763672 0.049537 0.014323
0 0.732639 0.835547 0.025463 0.027865
0 0.240046 0.891276 0.077315 0.009115
0 0.649769 0.128516 0.072685 0.009635
0 0.612731 0.714453 0.017130 0.040885
0 0.346528 0.207292 0.021759 0.031771
0 0.603009 0.597266 0.016204 0.040885
0 0.763194 0.185807 0.068056 0.009635
0 0.955324 0.827734 0.017130 0.038281
0 0.455324 0.650651 0.017130 0.038281
0 0.288657 0.356380 0.017130 0.038281
0 0.953009 0.131771 0.058796 0.010937
0 0.402083 0.182552 0.021759 0.029167
0 0.800926 0.916276 0.050926 0.012240
0 0.513194 0.132422 0.049537 0.012240
0 0.962269 0.538672 0.049537 0.012240
0 0.071065 0.789714 0.017130 0.035156
0 0.785185 0.592057 0.019444 0.030469
0 0.853472 0.228776 0.017130 0.033073
0 0.466898 0.170182 0.021759 0.025260
0 0.429861 0.592057 0.021759 0.025260
0 0.348380 0.650651 0.016204 0.033073
0 0.243056 0.873307 0.055556 0.009635
0 0.742361 0.802995 0.054167 0.009635
0 0.685648 0.086849 0.051852 0.009635
0 0.911343 0.853776 0.021759 0.022656
0 0.283565 0.261068 0.016204 0.029948
0 0.415972 0.808203 0.049537 0.009635
0 0.288657 0.194661 0.035648 0.011719
0 0.566435 0.144141 0.035648 0.009635
0 0.989583 0.186849 0.011574 0.027344
