0 0.538657 0.618099 0.230093 0.046094
0 0.112731 0.810547 0.081944 0.076823
0 0.809491 0.500911 0.151389 0.040885
0 0.620370 0.490495 0.134259 0.046094
0 0.589583 0.158464 0.054167 0.095573
0 0.699074 0.473568 0.115741 0.038281
0 0.249306 0.454036 0.058796 0.072135
0 0.561343 0.193620 0.136574 0.030469
0 0.959954 0.658464 0.063426 0.064323
0 0.663657 0.792578 0.128241 0.025260
0 0.693750 0.150651 0.058796 0.053906
0 0.193750 0.697526 0.095833 0.033073
0 0.311343 0.383724 0.043981 0.066927
0 0.834954 0.058203 0.137500 0.020052
0 0.774769 0.082943 0.091204 0.027865
0 0.633565 0.107682 0.040278 0.061719
0 0.318750 0.845313 0.031019 0.073438
0 0.105787 0.207943 0.031019 0.069531
0 0.443287 0.771745 0.104167 0.020052
0 0.351157 0.524089 0.105093 0.019531
0 0.825694 0.081380 0.081944 0.024740
0 0.417824 0.589193 0.081019 0.024740
0 0.267824 0.527604 0.031019 0.063021
0 0.918287 0.582292 0.026389 0.073438
0 0.174769 0.202083 0.039352 0.047396
0 0.851157 0.646745 0.040278 0.046094
0 0.267824 0.835547 0.031019 0.059115
0 0.552546 0.538672 0.100463 0.017448
0 0.390509 0.472005 0.109722 0.014323
0 0.844213 0.158464 0.035648 0.043490
0 0.860417 0.911068 0.086574 0.017448
0 0.552083 0.150651 0.034722 0.043490
0 0.784028 0.896745 0.026389 0.056510
0 0.874306 0.038411 0.114352 0.011719
0 0.663657 0.383464 0.072685 0.014323
0 0.267361 0.088151 0.020833 0.048698
0 0.108102 0.282813 0.017130 0.057813
0 0.746991 0.343359 0.017130 0.053906
0 0.913657 0.159505 0.026389 0.035156
0 0.108102 0.392839 0.017130 0.048698
0 0.103472 0.776953 0.063426 0.009635
0 0.657870 0.508724 0.061111 0.009635
