0 0.144676 0.961198 0.284722 0.076042
0 0.105787 0.979688 0.206944 0.039062
0 0.793287 0.383724 0.128241 0.035677
0 0.602315 0.849609 0.125926 0.035156
0 0.448380 0.345964 0.058796 0.074740
0 0.649769 0.267839 0.054167 0.059115
0 0.770139 0.339453 0.091204 0.030469
0 0.288657 0.365495 0.091204 0.030469
0 0.820602 0.128516 0.053241 0.051302
0 0.161343 0.611589 0.049537 0.053906
0 0.138194 0.683203 0.105093 0.025260
0 0.293287 0.648047 0.091204 0.027865
0 0.788657 0.435807 0.044907 0.056510
0 0.198380 0.274349 0.095833 0.025260
0 0.742361 0.473568 0.044907 0.053906
0 0.080324 0.515234 0.044907 0.053906
0 0.415972 0.602214 0.095833 0.024740
0 0.090741 0.549089 0.084259 0.027865
0 0.740046 0.857682 0.049537 0.046094
0 0.503935 0.472005 0.049537 0.045573
0 0.135880 0.784766 0.109722 0.020052
0 0.800231 0.579036 0.086574 0.025260
0 0.249306 0.272786 0.040278 0.053385
0 0.336111 0.500911 0.037963 0.056510
0 0.635880 0.171484 0.026389 0.079948
0 0.594213 0.784766 0.081944 0.025260
0 0.237731 0.552995 0.044907 0.046094
0 0.925231 0.472005 0.031019 0.066406
0 0.594213 0.373047 0.100463 0.019531
0 0.499306 0.280859 0.040278 0.048698
0 0.344907 0.719661 0.092593 0.020052
0 0.399769 0.370703 0.044907 0.040885
0 0.112731 0.714193 0.072685 0.024740
0 0.102315 0.769141 0.088889 0.020052
0 0.846528 0.207943 0.040278 0.043490
0 0.848843 0.539323 0.026389 0.065625
0 0.545602 0.743099 0.086574 0.020052
0 0.322917 0.608984 0.076389 0.022656
0 0.875000 0.292318 0.087963 0.019531
0 0.838426 0.834245 0.033333 0.051302
0 0.744676 0.628516 0.040278 0.040885
0 0.399306 0.810807 0.108796 0.014844
0 0.571065 0.356380 0.091204 0.017448
0 0.449074 0.839453 0.078704 0.020052
0 0.207639 0.237891 0.105093 0.014844
0 0.582639 0.008724 0.105093 0.014844
0 0.564120 0.092057 0.077315 0.020052
0 0.628935 0.308203 0.077315 0.020052
0 0.348843 0.546484 0.035648 0.043490
0 0.277083 0.168620 0.040278 0.037760
0 0.623843 0.858984 0.085648 0.017448
0 0.381250 0.490495 0.035648 0.040885
0 0.238426 0.637630 0.083333 0.017448
0 0.415972 0.302995 0.031019 0.046094
0 0.390509 0.319922 0.026389 0.053906
0 0.601157 0.232682 0.095833 0.014844
0 0.738889 0.271745 0.093519 0.014844
0 0.126620 0.884766 0.081944 0.016927
0 0.844213 0.260026 0.035648 0.038281
0 0.617361 0.629818 0.035648 0.038281
0 0.321065 0.392839 0.035648 0.038281
0 0.979630 0.177995 0.037963 0.035677
0 0.378935 0.629818 0.031019 0.043490
0 0.249306 0.444922 0.031019 0.043490
0 0.939120 0.122005 0.077315 0.017448
0 0.550231 0.424089 0.077315 0.017448
0 0.498148 0.636328 0.028704 0.046094
0 0.858102 0.786719 0.026389 0.050000
0 0.265509 0.505469 0.026389 0.050000
0 0.186806 0.444010 0.035648 0.036458
0 0.471065 0.741536 0.030093 0.042969
0 0.427546 0.253516 0.063426 0.020052
0 0.181713 0.822526 0.071759 0.017448
0 0.381250 0.537109 0.035648 0.035156
0 0.487731 0.116536 0.072685 0.016927
0 0.304861 0.705990 0.031019 0.039583
0 0.936806 0.420182 0.081944 0.014844
0 0.458333 0.581641 0.060185 0.020052
0 0.573380 0.455339 0.068056 0.017448
0 0.559954 0.213151 0.067130 0.017448
0 0.404398 0.851172 0.026389 0.043490
0 0.763194 0.836849 0.031019 0.035677
0 0.547454 0.122005 0.062500 0.017448
0 0.052546 0.771745 0.026389 0.040885
0 0.381250 0.373307 0.026389 0.040885
0 0.473843 0.506120 0.026389 0.040885
0 0.612731 0.094661 0.072685 0.014844
0 0.253472 0.792578 0.020833 0.051302
0 0.723380 0.300391 0.071759 0.014844
0 0.334491 0.802995 0.071759 0.014844
0 0.522454 0.398047 0.086574 0.012240
0 0.295602 0.468359 0.021759 0.048698
0 0.978009 0.573828 0.025463 0.040885
0 0.226157 0.202474 0.086574 0.011719
0 0.552546 0.580339 0.026389 0.038281
0 0.839583 0.499609 0.026389 0.038281
0 0.258565 0.660807 0.031019 0.032552
0 0.601157 0.206641 0.021759 0.046094
0 0.358102 0.911068 0.081944 0.012240
0 0.087269 0.435807 0.021759 0.046094
0 0.339583 0.463802 0.026389 0.036979
0 0.753935 0.236589 0.021759 0.043490
0 0.698380 0.438411 0.031019 0.030469
0 0.348843 0.431901 0.054167 0.017448
0 0.214583 0.293880 0.054167 0.017448
0 0.876620 0.119401 0.054167 0.017448
0 0.686806 0.099870 0.063426 0.014844
0 0.367361 0.192057 0.054167 0.016927
0 0.271991 0.390885 0.067130 0.013542
0 0.339583 0.080339 0.072685 0.012240
0 0.462269 0.867839 0.095833 0.009115
0 0.388194 0.875911 0.058796 0.014844
0 0.302546 0.749609 0.026389 0.033073
0 0.353472 0.298438 0.026389 0.031771
0 0.369676 0.129818 0.021759 0.038281
0 0.119676 0.497005 0.021759 0.038281
0 0.654398 0.618099 0.026389 0.030469
0 0.167824 0.194922 0.016204 0.048698
0 0.307176 0.823828 0.081944 0.009635
0 0.853472 0.094661 0.081944 0.009635
0 0.631250 0.188411 0.017130 0.046094
0 0.975694 0.608724 0.020833 0.037760
0 0.677546 0.184505 0.063426 0.012240
0 0.707639 0.485286 0.021759 0.035677
0 0.696065 0.656901 0.054167 0.014323
0 0.339583 0.297135 0.026389 0.029167
0 0.240046 0.150651 0.058796 0.012240
0 0.374306 0.470703 0.021759 0.032552
0 0.846528 0.591797 0.049537 0.014323
0 0.186806 0.159505 0.017130 0.040365
0 0.657407 0.636328 0.069444 0.009635
0 0.093750 0.584245 0.016204 0.040885
0 0.931713 0.888932 0.043981 0.014844
0 0.580324 0.554036 0.017130 0.037760
0 0.734954 0.552734 0.067130 0.009115
0 0.744676 0.116797 0.049537 0.012240
0 0.777083 0.309505 0.049537 0.012240
0 0.811806 0.629557 0.017130 0.032552
0 0.654398 0.120703 0.054167 0.009635
0 0.538657 0.263932 0.017130 0.030469
0 0.983102 0.329036 0.017130 0.030469
0 0.635880 0.248307 0.054167 0.009635
0 0.672917 0.391536 0.054167 0.009635
0 0.200694 0.591406 0.017130 0.029167
0 0.398611 0.490495 0.014815 0.030469
0 0.240046 0.847266 0.021759 0.020052
0 0.119676 0.587500 0.012500 0.031771
0 0.881944 0.171484 0.037037 0.007031
0 0.584954 0.025651 0.026389 0.007031
0 0.045602 0.004818 0.021759 0.007031
