0 0.147454 0.961198 0.290278 0.076042
0 0.106481 0.978125 0.208333 0.042188
0 0.090741 0.773047 0.084259 0.079948
0 0.522454 0.163672 0.077315 0.079948
0 0.520139 0.818359 0.146759 0.040365
0 0.770139 0.577734 0.063426 0.064323
0 0.157870 0.848568 0.116667 0.033073
0 0.350000 0.264583 0.112037 0.031771
0 0.109954 0.486589 0.104167 0.033073
0 0.346528 0.694922 0.151389 0.022656
0 0.434491 0.433854 0.105093 0.031771
0 0.638657 0.394531 0.122685 0.026042
0 0.286343 0.392188 0.095833 0.031771
0 0.473843 0.796484 0.100463 0.027865
0 0.397454 0.827734 0.095833 0.027865
0 0.365046 0.525651 0.049537 0.048698
0 0.638194 0.624609 0.049537 0.048698
0 0.793750 0.349870 0.118056 0.020052
0 0.645139 0.442318 0.081944 0.027865
0 0.885880 0.542318 0.091204 0.024740
0 0.370833 0.644141 0.088889 0.025260
0 0.154398 0.776953 0.109722 0.020052
0 0.260880 0.564714 0.044907 0.048698
0 0.885880 0.767839 0.044907 0.048698
0 0.852315 0.827734 0.042593 0.048698
0 0.487731 0.472266 0.044907 0.046094
0 0.721065 0.414974 0.039352 0.051302
0 0.121991 0.818620 0.035648 0.056510
0 0.434491 0.150391 0.040278 0.048177
0 0.246991 0.126823 0.044907 0.041667
0 0.598843 0.306901 0.081944 0.022656
0 0.925231 0.521745 0.040278 0.046094
0 0.927546 0.442318 0.026389 0.069531
0 0.895139 0.412370 0.044907 0.040885
0 0.432176 0.378516 0.044907 0.040885
0 0.186806 0.722266 0.091204 0.020052
0 0.587269 0.449870 0.105093 0.016927
0 0.177546 0.270443 0.100463 0.017448
0 0.103472 0.400651 0.035648 0.048698
0 0.756250 0.421484 0.035648 0.048698
0 0.383102 0.387630 0.039352 0.043490
0 0.873148 0.266536 0.084259 0.020052
0 0.851157 0.499349 0.031019 0.053385
0 0.179861 0.516536 0.040278 0.040885
0 0.784028 0.589453 0.035648 0.046094
0 0.604630 0.385026 0.070370 0.022656
0 0.116204 0.684505 0.070370 0.022656
0 0.679398 0.263672 0.039352 0.040365
0 0.773611 0.412109 0.033333 0.045573
0 0.487731 0.862891 0.100463 0.014844
0 0.904398 0.269141 0.072685 0.020052
0 0.390509 0.560807 0.035648 0.040885
0 0.177546 0.691016 0.072685 0.020052
0 0.532870 0.097266 0.070370 0.020052
0 0.425231 0.404557 0.068056 0.020052
0 0.760880 0.323828 0.091204 0.014844
0 0.471065 0.130859 0.067130 0.019531
0 0.605787 0.769141 0.086574 0.014844
0 0.427546 0.844661 0.063426 0.020052
0 0.256250 0.302995 0.035648 0.035677
0 0.566435 0.413672 0.072685 0.017448
0 0.704861 0.291276 0.071759 0.017448
0 0.256250 0.188151 0.035648 0.035156
0 0.742361 0.309505 0.070833 0.017448
0 0.589583 0.093099 0.072685 0.016927
0 0.341435 0.724609 0.085648 0.014323
0 0.084954 0.519141 0.026389 0.046094
0 0.344213 0.480078 0.026389 0.046094
0 0.659028 0.691016 0.081944 0.014844
0 0.506250 0.399349 0.081944 0.014844
0 0.399306 0.269141 0.081019 0.014844
0 0.962269 0.155859 0.031019 0.038281
0 0.376620 0.460286 0.035648 0.032552
0 0.110417 0.876953 0.095833 0.011719
0 0.730787 0.495703 0.021759 0.051302
0 0.751620 0.249609 0.091204 0.012240
0 0.524769 0.569922 0.063426 0.017448
0 0.698380 0.623307 0.031019 0.035677
0 0.939120 0.316016 0.031019 0.035677
0 0.503935 0.683203 0.031019 0.035677
0 0.468056 0.093359 0.033333 0.033073
0 0.252778 0.218359 0.028704 0.038281
0 0.528935 0.223568 0.062500 0.017448
0 0.358102 0.394141 0.026389 0.040885
0 0.307176 0.414974 0.026389 0.040885
0 0.151620 0.381120 0.030093 0.035677
0 0.393981 0.507812 0.024074 0.044271
0 0.318750 0.474219 0.031019 0.034375
0 0.966898 0.447526 0.021759 0.048698
0 0.193287 0.477214 0.030093 0.035156
0 0.152083 0.215495 0.021759 0.048177
0 0.751157 0.771484 0.025463 0.040365
0 0.365046 0.710547 0.031019 0.033073
0 0.355787 0.741797 0.031019 0.033073
0 0.420602 0.319922 0.031019 0.033073
0 0.596065 0.559115 0.030093 0.033854
0 0.665972 0.112891 0.068056 0.014844
0 0.839583 0.460286 0.026389 0.037760
0 0.080324 0.559245 0.081944 0.011719
0 0.337269 0.830339 0.077315 0.012240
0 0.895139 0.573828 0.026389 0.035677
0 0.344213 0.133724 0.026389 0.035677
0 0.587269 0.473307 0.077315 0.011719
0 0.412500 0.452734 0.051852 0.017448
0 0.557176 0.439714 0.072685 0.012240
0 0.466898 0.284766 0.021759 0.040885
0 0.957639 0.685807 0.021759 0.040885
0 0.486111 0.783464 0.050926 0.017448
0 0.204861 0.231380 0.071759 0.012240
0 0.215278 0.810156 0.064815 0.013542
0 0.656713 0.097266 0.058796 0.014844
0 0.797917 0.476172 0.026389 0.033073
0 0.689120 0.201432 0.058796 0.014844
0 0.389352 0.789974 0.088889 0.009635
0 0.564120 0.898047 0.068056 0.012240
0 0.517824 0.116797 0.068056 0.012240
0 0.701389 0.779557 0.055556 0.014844
0 0.283565 0.775651 0.016204 0.048698
0 0.437500 0.543880 0.064815 0.012240
0 0.154398 0.597005 0.026389 0.029948
0 0.855787 0.704036 0.021759 0.035677
0 0.860417 0.097266 0.077315 0.009635
0 0.498843 0.157161 0.076389 0.009635
0 0.197917 0.896745 0.076389 0.009635
0 0.365046 0.435807 0.049537 0.014844
0 0.221528 0.164974 0.049537 0.014844
0 0.296759 0.494401 0.014815 0.048698
0 0.216898 0.556901 0.058796 0.012240
0 0.642824 0.127214 0.058796 0.012240
0 0.255787 0.332943 0.025463 0.027865
0 0.119676 0.651693 0.077315 0.009115
0 0.284028 0.081641 0.072685 0.009635
0 0.329167 0.448177 0.051852 0.013542
0 0.096065 0.761068 0.076389 0.009115
0 0.348843 0.545833 0.026389 0.026562
0 0.612731 0.539714 0.017130 0.040365
0 0.149769 0.339193 0.072685 0.009115
0 0.311806 0.761328 0.026389 0.025260
0 0.899769 0.150651 0.054167 0.012240
0 0.425231 0.485286 0.021759 0.030469
0 0.172917 0.179297 0.017130 0.038281
0 0.691435 0.588151 0.017130 0.038281
0 0.772454 0.508724 0.068056 0.009635
0 0.279398 0.107422 0.026389 0.024740
0 0.367361 0.486328 0.017130 0.037760
0 0.404398 0.779297 0.044907 0.014323
0 0.679398 0.417578 0.020833 0.030469
0 0.542824 0.288672 0.016204 0.038281
0 0.726157 0.594401 0.068056 0.009115
0 0.390509 0.847266 0.017130 0.035677
0 0.339583 0.836198 0.072685 0.008333
0 0.527083 0.450130 0.021759 0.027865
0 0.920602 0.241797 0.021759 0.027865
0 0.656250 0.499609 0.048611 0.012240
0 0.834954 0.886068 0.063426 0.009115
0 0.415972 0.508724 0.021759 0.025260
0 0.767824 0.482682 0.021759 0.025260
0 0.493519 0.275651 0.019444 0.027865
0 0.279398 0.502865 0.017130 0.029167
0 0.661343 0.254818 0.021759 0.022656
0 0.880787 0.518490 0.016204 0.029167
0 0.300231 0.214844 0.021759 0.020833
0 0.277083 0.831641 0.021759 0.020052
0 0.279398 0.405859 0.017130 0.022656
0 0.587269 0.026953 0.031019 0.009635
0 0.993519 0.811458 0.010185 0.021354
0 0.043981 0.004167 0.027778 0.005729
0 0.995833 0.638932 0.005556 0.020052
