0 0.531713 0.616797 0.216204 0.048698
0 0.841435 0.375911 0.196759 0.046094
0 0.580324 0.331641 0.081944 0.098177
0 0.168287 0.851172 0.174537 0.043490
0 0.860417 0.876953 0.151389 0.048177
0 0.733102 0.184505 0.054167 0.085156
0 0.888194 0.835547 0.188426 0.022656
0 0.175231 0.814714 0.123611 0.033073
0 0.904398 0.654557 0.054167 0.066927
0 0.924074 0.184505 0.149074 0.022656
0 0.854630 0.167578 0.047222 0.061719
0 0.760880 0.403255 0.128241 0.022656
0 0.758102 0.517839 0.048611 0.059115
0 0.194907 0.860286 0.107407 0.025260
0 0.609954 0.899349 0.104167 0.025260
0 0.191435 0.345964 0.091204 0.027865
0 0.804398 0.362891 0.122685 0.020052
0 0.527778 0.042318 0.097222 0.024740
0 0.128935 0.840755 0.105093 0.022656
0 0.670602 0.275651 0.040278 0.059115
0 0.801389 0.188411 0.042593 0.051302
0 0.954167 0.161068 0.088889 0.022656
0 0.145139 0.296484 0.044907 0.043490
0 0.851157 0.700130 0.031019 0.059115
0 0.091898 0.696224 0.031019 0.056510
0 0.976157 0.064714 0.040278 0.043490
0 0.515509 0.098568 0.072685 0.022656
0 0.848843 0.133464 0.081944 0.019531
0 0.957639 0.274089 0.031019 0.050781
0 0.575694 0.173437 0.035648 0.042188
0 0.927083 0.608984 0.118056 0.012240
0 0.890509 0.008724 0.091204 0.014844
0 0.115046 0.309505 0.031019 0.043490
0 0.758102 0.043880 0.076389 0.017448
0 0.189120 0.235026 0.031019 0.040365
0 0.865046 0.326172 0.086574 0.014323
0 0.749306 0.198828 0.021759 0.056510
0 0.963426 0.447526 0.070370 0.017448
0 0.321065 0.532161 0.026389 0.046094
0 0.414352 0.102474 0.074074 0.014844
0 0.934491 0.114193 0.021759 0.048698
0 0.753472 0.072526 0.076389 0.012240
0 0.179861 0.491146 0.021759 0.042188
0 0.195602 0.731380 0.016204 0.053906
0 0.101157 0.643880 0.021759 0.040365
0 0.501620 0.519141 0.072685 0.009635
0 0.892361 0.167318 0.020833 0.029948
0 0.788194 0.142839 0.016204 0.038281
0 0.977315 0.133464 0.042593 0.014323
0 0.578009 0.672786 0.058796 0.009635
0 0.098843 0.993099 0.044907 0.009635
