0 0.538657 0.620703 0.230093 0.051302
0 0.446065 0.827734 0.054167 0.137240
0 0.367361 0.752214 0.081944 0.090365
0 0.862269 0.831641 0.071759 0.072135
0 0.968056 0.843359 0.061111 0.074740
0 0.821065 0.670182 0.054167 0.082552
0 0.213426 0.101823 0.172222 0.023958
0 0.922917 0.201432 0.063426 0.061719
0 0.240046 0.275391 0.114352 0.032552
0 0.858102 0.517839 0.128241 0.027865
0 0.358102 0.142839 0.156019 0.022656
0 0.520139 0.832943 0.054167 0.064323
0 0.575694 0.400651 0.054167 0.059115
0 0.875463 0.335286 0.042593 0.074219
0 0.249306 0.508724 0.049537 0.061719
0 0.309491 0.504818 0.049537 0.059115
0 0.763194 0.477474 0.114352 0.025260
0 0.582639 0.581641 0.123611 0.020052
0 0.207639 0.244401 0.105093 0.022656
0 0.645139 0.512630 0.035648 0.064323
0 0.568750 0.795182 0.114352 0.020052
0 0.643981 0.420182 0.042593 0.051302
0 0.705324 0.882161 0.044907 0.048177
0 0.446065 0.398047 0.044907 0.043490
0 0.832639 0.225911 0.040278 0.048177
0 0.797917 0.575130 0.035648 0.053906
0 0.295602 0.185807 0.123611 0.014844
0 0.392824 0.771745 0.031019 0.056510
0 0.116898 0.620703 0.025463 0.066927
0 0.142824 0.345964 0.031019 0.053906
0 0.436806 0.789974 0.026389 0.061719
0 0.260417 0.104818 0.081019 0.019531
0 0.746528 0.873307 0.034722 0.040885
0 0.214583 0.305599 0.091204 0.014844
0 0.746991 0.383464 0.026389 0.050781
0 0.947222 0.150651 0.093519 0.012240
0 0.334954 0.051693 0.063426 0.017448
0 0.578009 0.819922 0.086574 0.012240
0 0.455324 0.715755 0.081944 0.012240
0 0.786343 0.150651 0.021759 0.043490
0 0.434491 0.914974 0.031019 0.030469
0 0.418287 0.451432 0.017130 0.051302
0 0.156713 0.063411 0.077315 0.009635
0 0.986574 0.605078 0.024074 0.030469
0 0.947917 0.133464 0.076389 0.009115
0 0.101157 0.993099 0.040278 0.009635
