0 0.909028 0.573828 0.063426 0.077344
0 0.813657 0.278255 0.113426 0.038281
0 0.517824 0.400651 0.105093 0.033073
0 0.860417 0.236589 0.105093 0.033073
0 0.811806 0.479427 0.100463 0.034375
0 0.300231 0.254167 0.095833 0.031771
0 0.171759 0.852474 0.116667 0.025260
0 0.272454 0.444922 0.049537 0.059115
0 0.839583 0.570573 0.044907 0.060417
0 0.568750 0.883724 0.105093 0.025260
0 0.476157 0.827083 0.123611 0.021354
0 0.080324 0.877214 0.091204 0.027865
0 0.751157 0.111589 0.090278 0.027865
0 0.476157 0.554688 0.086574 0.028646
0 0.700694 0.413932 0.044907 0.053385
0 0.848380 0.671484 0.043981 0.053906
0 0.258565 0.339453 0.049537 0.046094
0 0.790972 0.573828 0.049537 0.046094
0 0.316435 0.674089 0.044907 0.048698
0 0.322222 0.511068 0.047222 0.045573
0 0.638194 0.291927 0.114352 0.018750
0 0.068750 0.722266 0.031019 0.066927
0 0.535880 0.272396 0.039352 0.052604
0 0.756250 0.506120 0.044907 0.046094
0 0.464583 0.478125 0.035648 0.057813
0 0.645139 0.682552 0.109722 0.018750
0 0.388194 0.874609 0.114352 0.017448
0 0.318750 0.482031 0.105093 0.018750
0 0.721528 0.288021 0.031019 0.063021
0 0.471528 0.282161 0.077315 0.025260
0 0.325694 0.778255 0.044907 0.043490
0 0.093750 0.479818 0.034722 0.055990
0 0.351157 0.683854 0.040278 0.047396
0 0.110417 0.735286 0.040278 0.046094
0 0.314120 0.855078 0.040278 0.046094
0 0.302546 0.094661 0.072685 0.025260
0 0.034028 0.758724 0.035648 0.051302
0 0.728472 0.744141 0.081944 0.022135
0 0.353472 0.654557 0.118981 0.014844
0 0.559491 0.577734 0.077315 0.022656
0 0.628935 0.525651 0.040278 0.043490
0 0.293287 0.599219 0.072685 0.023958
0 0.754630 0.224219 0.069444 0.023958
0 0.168287 0.909766 0.081944 0.020052
0 0.284028 0.719661 0.081944 0.020052
0 0.295602 0.782813 0.031019 0.052604
0 0.659028 0.594661 0.109722 0.014844
0 0.154398 0.807943 0.026389 0.061198
0 0.830324 0.520182 0.072685 0.022135
0 0.825694 0.875651 0.081944 0.019531
0 0.075694 0.586198 0.026389 0.060417
0 0.209954 0.567969 0.026389 0.060417
0 0.608102 0.892839 0.091204 0.017448
0 0.124306 0.610286 0.077315 0.020052
0 0.679398 0.653255 0.067130 0.022656
0 0.286343 0.115234 0.105093 0.014323
0 0.858102 0.439063 0.035648 0.042188
0 0.596065 0.663672 0.085648 0.017448
0 0.237269 0.693620 0.099537 0.014844
0 0.645139 0.631120 0.072685 0.020052
0 0.031713 0.618490 0.031019 0.046875
0 0.196065 0.544922 0.035648 0.040365
0 0.126620 0.283464 0.081944 0.017448
0 0.260880 0.793880 0.026389 0.053906
0 0.850694 0.829036 0.094907 0.014844
0 0.665509 0.271745 0.039352 0.035677
0 0.053241 0.320573 0.074074 0.018750
0 0.927546 0.762370 0.081944 0.016927
0 0.691435 0.438411 0.026389 0.051302
0 0.265509 0.743099 0.026389 0.051302
0 0.492361 0.988542 0.063426 0.021354
0 0.415972 0.228776 0.031019 0.043490
0 0.027083 0.401953 0.021759 0.061719
0 0.443750 0.267839 0.077315 0.017448
0 0.183333 0.500651 0.037963 0.035156
0 0.725694 0.796484 0.030093 0.043490
0 0.896991 0.431641 0.030093 0.042969
0 0.369676 0.434505 0.021759 0.059115
0 0.606944 0.215755 0.033333 0.038281
0 0.832176 0.297786 0.085648 0.014844
0 0.140509 0.872005 0.072685 0.017448
0 0.876620 0.313151 0.063426 0.019531
0 0.411343 0.317318 0.031019 0.038281
0 0.462269 0.176693 0.068056 0.017448
0 0.656713 0.786068 0.021759 0.053906
0 0.013194 0.541276 0.021759 0.053906
0 0.906713 0.291276 0.021759 0.053906
0 0.891667 0.860026 0.028704 0.040365
0 0.751620 0.278255 0.026389 0.043490
0 0.402083 0.886328 0.077315 0.014844
0 0.932176 0.228776 0.026389 0.043490
0 0.417824 0.494401 0.034722 0.033073
0 0.561343 0.622005 0.034722 0.033073
0 0.809491 0.328776 0.058796 0.019531
0 0.110417 0.446224 0.021759 0.051302
0 0.540972 0.618099 0.021759 0.051302
0 0.911343 0.146745 0.031019 0.035677
0 0.508565 0.298438 0.068056 0.016146
0 0.366898 0.403255 0.062500 0.017448
0 0.454861 0.098568 0.062500 0.017448
0 0.832639 0.395443 0.021759 0.048698
0 0.836806 0.364844 0.020833 0.050000
0 0.735417 0.543880 0.031019 0.033073
0 0.527083 0.102474 0.068056 0.014844
0 0.652083 0.081641 0.068056 0.014844
0 0.378472 0.387630 0.057870 0.017448
0 0.351620 0.483984 0.057870 0.017448
0 0.265509 0.494401 0.081944 0.012240
0 0.728472 0.825130 0.081944 0.012240
0 0.647454 0.568620 0.021759 0.046094
0 0.059028 0.511328 0.067130 0.014844
0 0.225694 0.202734 0.030093 0.033073
0 0.696065 0.540365 0.026389 0.036458
0 0.163194 0.707682 0.081019 0.011719
0 0.781713 0.497005 0.077315 0.012240
0 0.110417 0.694922 0.077315 0.012240
0 0.406713 0.166276 0.021759 0.043490
0 0.214583 0.891536 0.063426 0.014844
0 0.672917 0.879818 0.017130 0.053906
0 0.910185 0.844010 0.068519 0.013542
0 0.704167 0.518099 0.024074 0.037760
0 0.492361 0.528255 0.072685 0.012240
0 0.647454 0.711849 0.021759 0.040885
0 0.566435 0.102474 0.017130 0.051302
0 0.487269 0.661068 0.071759 0.012240
0 0.168981 0.737240 0.064815 0.013542
0 0.750463 0.754557 0.051852 0.016927
0 0.881250 0.694922 0.026389 0.033073
0 0.156713 0.404557 0.058796 0.014844
0 0.663657 0.338151 0.017130 0.048698
0 0.765509 0.366797 0.017130 0.048698
0 0.391667 0.491536 0.019444 0.042969
0 0.212269 0.765234 0.021759 0.038281
0 0.095370 0.363542 0.075000 0.010937
0 0.381250 0.285156 0.017130 0.046875
0 0.746991 0.164974 0.026389 0.030469
0 0.094213 0.740495 0.026389 0.030469
0 0.459954 0.115495 0.054167 0.014844
0 0.901620 0.582943 0.020833 0.038281
0 0.918287 0.715755 0.063426 0.012240
0 0.279398 0.642839 0.063426 0.012240
0 0.454861 0.590755 0.062500 0.012240
0 0.598843 0.818359 0.081944 0.009115
0 0.422917 0.606380 0.017130 0.043490
0 0.827546 0.162370 0.020833 0.035677
0 0.179861 0.603776 0.021759 0.033073
0 0.697917 0.135026 0.057870 0.012240
0 0.362269 0.233984 0.016204 0.043490
0 0.047917 0.680599 0.072685 0.009635
0 0.623843 0.607422 0.076389 0.009115
0 0.617361 0.523047 0.017130 0.038281
0 0.950694 0.267839 0.017130 0.038281
0 0.233102 0.255469 0.017130 0.034375
0 0.709491 0.224870 0.016204 0.035677
0 0.734954 0.207682 0.048611 0.011719
0 0.258102 0.308203 0.057870 0.009635
0 0.527083 0.013932 0.049537 0.009635
0 0.390509 0.351172 0.035648 0.012240
0 0.568750 0.648047 0.058796 0.007031
0 0.693287 0.258464 0.011574 0.035156
0 0.804861 0.360938 0.012500 0.031771
0 0.975000 0.004557 0.047222 0.006510
