0 0.659028 0.245703 0.128241 0.030469
0 0.583796 0.495703 0.107407 0.035677
0 0.304861 0.450130 0.049537 0.069531
0 0.227315 0.260026 0.098148 0.033073
0 0.906713 0.362630 0.049537 0.061198
0 0.654398 0.261328 0.118981 0.025260
0 0.740046 0.432552 0.040278 0.070833
0 0.163657 0.835547 0.035648 0.079948
0 0.897454 0.873307 0.049537 0.056510
0 0.373843 0.896745 0.048611 0.056510
0 0.332639 0.525651 0.049537 0.053906
0 0.420602 0.698828 0.049537 0.051302
0 0.723843 0.672786 0.044907 0.056510
0 0.146991 0.623698 0.048611 0.052083
0 0.491204 0.497005 0.051852 0.048698
0 0.615046 0.201432 0.040278 0.061719
0 0.142824 0.377214 0.086574 0.027865
0 0.802546 0.580078 0.044907 0.053385
0 0.534028 0.638932 0.091204 0.025260
0 0.897454 0.276953 0.040278 0.056510
0 0.607639 0.399349 0.043981 0.051302
0 0.182176 0.730078 0.035648 0.061719
0 0.699537 0.240234 0.088889 0.024740
0 0.649769 0.340755 0.044907 0.048698
0 0.568750 0.840755 0.095833 0.022656
0 0.844213 0.736328 0.035648 0.058594
0 0.934491 0.576432 0.031019 0.066927
0 0.021296 0.546484 0.042593 0.048698
0 0.858102 0.414974 0.081944 0.025260
0 0.307176 0.816016 0.035648 0.056510
0 0.304861 0.760026 0.040278 0.048698
0 0.397454 0.563411 0.077315 0.025260
0 0.306713 0.689714 0.043981 0.043490
0 0.061806 0.847266 0.026389 0.072135
0 0.762037 0.922786 0.075000 0.025260
0 0.702546 0.370443 0.076389 0.024740
0 0.760880 0.319922 0.081944 0.022656
0 0.892824 0.602214 0.040278 0.045573
0 0.288657 0.326432 0.072685 0.025260
0 0.348843 0.427995 0.044907 0.040885
0 0.135880 0.748307 0.072685 0.025260
0 0.851157 0.163411 0.105093 0.016927
0 0.378935 0.693359 0.031019 0.055990
0 0.825694 0.278255 0.035648 0.048698
0 0.596065 0.158464 0.076389 0.022656
0 0.397454 0.814714 0.031019 0.053906
0 0.333102 0.299089 0.094907 0.017448
0 0.571065 0.773047 0.072685 0.022656
0 0.815972 0.123307 0.034722 0.046094
0 0.672454 0.907161 0.025463 0.061719
0 0.043287 0.392839 0.026389 0.059115
0 0.744676 0.308203 0.105093 0.014844
0 0.605787 0.361589 0.068056 0.022656
0 0.420602 0.538672 0.068056 0.022656
0 0.953009 0.483984 0.031019 0.048698
0 0.793287 0.448177 0.026389 0.055208
0 0.760880 0.662370 0.035648 0.040885
0 0.200694 0.373307 0.035648 0.040885
0 0.774769 0.516536 0.035648 0.040885
0 0.427546 0.829036 0.072685 0.020052
0 0.721528 0.407161 0.031019 0.046094
0 0.397454 0.451172 0.031019 0.045573
0 0.499306 0.861589 0.114352 0.012240
0 0.469213 0.306641 0.081944 0.016927
0 0.207639 0.417578 0.068056 0.020052
0 0.941435 0.744401 0.035648 0.038281
0 0.388194 0.256120 0.068056 0.020052
0 0.353472 0.622005 0.035648 0.038281
0 0.932176 0.848568 0.035648 0.038281
0 0.270139 0.740495 0.026389 0.051302
0 0.492361 0.685807 0.091204 0.014844
0 0.128935 0.200130 0.031019 0.043490
0 0.601157 0.924089 0.077315 0.017448
0 0.443750 0.577734 0.031019 0.043490
0 0.867361 0.520182 0.035648 0.037760
0 0.228472 0.580599 0.035648 0.037760
0 0.103472 0.582292 0.035648 0.036979
0 0.719213 0.224609 0.091204 0.014323
0 0.830324 0.860286 0.035648 0.035677
0 0.209954 0.205339 0.072685 0.017448
0 0.152083 0.555599 0.031019 0.040885
0 0.309491 0.881120 0.031019 0.040885
0 0.626620 0.260677 0.063426 0.018750
0 0.212269 0.278255 0.068056 0.017448
0 0.346528 0.929297 0.031019 0.038281
0 0.375463 0.589453 0.079630 0.014844
0 0.895139 0.541276 0.035648 0.033073
0 0.144676 0.295182 0.025463 0.046094
0 0.787037 0.847266 0.078704 0.014844
0 0.128935 0.224870 0.077315 0.014844
0 0.726157 0.936849 0.095833 0.011719
0 0.135880 0.398047 0.091204 0.012240
0 0.515509 0.931901 0.091204 0.012240
0 0.770139 0.637630 0.091204 0.012240
0 0.784028 0.905859 0.091204 0.012240
0 0.246991 0.861589 0.063426 0.017448
0 0.065278 0.497005 0.033333 0.033073
0 0.075694 0.784766 0.026389 0.040885
0 0.263194 0.955339 0.086574 0.012240
0 0.540972 0.445182 0.021759 0.048177
0 0.314120 0.627214 0.031019 0.033073
0 0.318750 0.905599 0.086574 0.011719
0 0.839583 0.661068 0.026389 0.038281
0 0.434491 0.672786 0.021759 0.046094
0 0.027083 0.782161 0.021759 0.046094
0 0.767824 0.427995 0.021759 0.046094
0 0.325694 0.400651 0.081944 0.012240
0 0.629398 0.808203 0.067130 0.014844
0 0.402083 0.231120 0.058796 0.016927
0 0.503935 0.338802 0.021759 0.044792
0 0.530556 0.278906 0.019444 0.050000
0 0.661343 0.512630 0.021759 0.043490
0 0.781713 0.710547 0.021759 0.043490
0 0.561806 0.228776 0.054167 0.017448
0 0.353472 0.827734 0.054167 0.017448
0 0.668287 0.745703 0.063426 0.014844
0 0.575694 0.566016 0.026389 0.035677
0 0.029398 0.670182 0.026389 0.035677
0 0.089583 0.651693 0.026389 0.035156
0 0.797454 0.236589 0.053241 0.017448
0 0.392361 0.417578 0.030093 0.030469
0 0.050231 0.482682 0.021759 0.040885
0 0.249306 0.500911 0.021759 0.040885
0 0.392824 0.743099 0.021759 0.040885
0 0.948380 0.373307 0.021759 0.040885
0 0.427546 0.840755 0.072685 0.012240
0 0.177546 0.292578 0.017130 0.051302
0 0.094213 0.291276 0.026389 0.033073
0 0.345370 0.288672 0.050000 0.017448
0 0.675231 0.682943 0.058796 0.014323
0 0.075694 0.806250 0.026389 0.031771
0 0.693750 0.181901 0.068056 0.012240
0 0.096528 0.387630 0.068056 0.012240
0 0.121991 0.555599 0.026389 0.030469
0 0.388194 0.651693 0.086574 0.009115
0 0.760880 0.365495 0.017130 0.046094
0 0.427546 0.215755 0.063426 0.012240
0 0.803704 0.806901 0.061111 0.012240
0 0.177546 0.541276 0.017130 0.043490
0 0.628472 0.193620 0.020833 0.035677
0 0.078009 0.611589 0.021759 0.033073
0 0.123843 0.148047 0.057870 0.012240
0 0.918287 0.487891 0.017130 0.040885
0 0.783565 0.394141 0.071759 0.009635
0 0.890509 0.763672 0.017130 0.040365
0 0.552546 0.943359 0.072685 0.009115
0 0.677546 0.956641 0.026389 0.025260
0 0.251620 0.215755 0.054167 0.012240
0 0.517824 0.909766 0.068056 0.009635
0 0.392824 0.579036 0.068056 0.009635
0 0.235417 0.141276 0.021759 0.029948
0 0.848843 0.612891 0.017130 0.035677
0 0.084954 0.362891 0.017130 0.035677
0 0.517824 0.309505 0.049537 0.012240
0 0.271991 0.252214 0.020833 0.027865
0 0.286343 0.775000 0.021759 0.026562
0 0.704167 0.345964 0.014815 0.038281
0 0.212269 0.836849 0.058796 0.009635
0 0.236574 0.401693 0.061111 0.009115
0 0.168287 0.744401 0.044907 0.012240
0 0.510880 0.434505 0.044907 0.012240
0 0.624306 0.143880 0.058796 0.009115
0 0.367361 0.787109 0.017130 0.029948
0 0.300231 0.142839 0.040278 0.012240
0 0.091898 0.155859 0.068056 0.007031
0 0.457639 0.379818 0.068056 0.007031
0 0.543287 0.236589 0.017130 0.027865
0 0.952546 0.645443 0.011574 0.038281
0 0.769676 0.785807 0.016204 0.027344
0 0.205324 0.293880 0.035648 0.012240
0 0.121991 0.342057 0.044907 0.009635
