0 0.538657 0.616797 0.230093 0.048698
0 0.865046 0.414974 0.077315 0.103385
0 0.225694 0.180599 0.150463 0.046094
0 0.694907 0.893490 0.153704 0.044792
0 0.788657 0.213151 0.072685 0.085156
0 0.225694 0.868750 0.178241 0.031771
0 0.131250 0.249609 0.063426 0.064323
0 0.881250 0.148047 0.118981 0.033073
0 0.922917 0.209896 0.044907 0.073438
0 0.373843 0.530208 0.057870 0.052604
0 0.799769 0.485286 0.113426 0.025260
0 0.624306 0.106380 0.123611 0.022656
0 0.714583 0.391536 0.118981 0.020052
0 0.233102 0.566016 0.044907 0.051302
0 0.206481 0.806901 0.047222 0.048698
0 0.108102 0.312109 0.044907 0.048698
0 0.700694 0.362240 0.091204 0.023958
0 0.494676 0.564714 0.031019 0.069531
0 0.748843 0.158854 0.048611 0.044271
0 0.064120 0.853776 0.114352 0.017448
0 0.589583 0.358333 0.026389 0.073438
0 0.932176 0.810807 0.118981 0.014844
0 0.244213 0.323568 0.122685 0.014323
0 0.802546 0.275651 0.035648 0.048698
0 0.973843 0.138281 0.035648 0.044792
0 0.860417 0.446875 0.040278 0.039583
0 0.125463 0.575130 0.070370 0.022656
0 0.137731 0.139974 0.067130 0.022135
0 0.395139 0.146484 0.026389 0.055990
0 0.362269 0.569661 0.081019 0.016927
0 0.216435 0.645833 0.104167 0.013021
0 0.895139 0.170182 0.026389 0.051302
0 0.373148 0.437109 0.075000 0.017448
0 0.821065 0.179297 0.026389 0.043490
0 0.073380 0.461849 0.077315 0.014844
0 0.138194 0.455339 0.021759 0.043490
0 0.700694 0.796484 0.072685 0.012240
0 0.371991 0.136719 0.017130 0.046875
0 0.746991 0.877214 0.063426 0.012240
0 0.219213 0.220964 0.017130 0.043490
0 0.774306 0.228776 0.016204 0.043490
0 0.286343 0.344010 0.021759 0.029167
0 0.972685 0.241536 0.051852 0.006510
0 0.993519 0.769531 0.010185 0.026042
