0 0.543287 0.616797 0.220833 0.043490
0 0.093750 0.983333 0.182870 0.031771
0 0.939120 0.142839 0.068056 0.069531
0 0.608102 0.676693 0.063426 0.069531
0 0.970370 0.777604 0.056481 0.068229
0 0.860417 0.456641 0.049537 0.056510
0 0.913657 0.714193 0.054167 0.050781
0 0.540972 0.767839 0.095833 0.027865
0 0.168287 0.554297 0.044907 0.059115
0 0.706481 0.622005 0.112037 0.022656
0 0.237731 0.176693 0.035648 0.069531
0 0.279398 0.258073 0.044907 0.055208
0 0.624306 0.863932 0.105093 0.022135
0 0.631250 0.061849 0.100463 0.022135
0 0.309491 0.157161 0.086574 0.025260
0 0.466898 0.740495 0.040278 0.051302
0 0.135417 0.253906 0.043981 0.046875
0 0.471528 0.404557 0.040278 0.046094
0 0.571065 0.152604 0.081944 0.021354
0 0.195602 0.506771 0.025463 0.068229
0 0.411343 0.451432 0.040278 0.040885
0 0.348843 0.116797 0.072685 0.022656
0 0.959954 0.151953 0.035648 0.046094
0 0.480787 0.687109 0.068056 0.022656
0 0.881250 0.132422 0.081944 0.017448
0 0.855324 0.297526 0.030093 0.045573
0 0.624306 0.110286 0.068056 0.020052
0 0.793287 0.183854 0.081944 0.016146
0 0.066435 0.388281 0.026389 0.050000
0 0.072917 0.582943 0.030093 0.043490
0 0.829861 0.603776 0.090278 0.012240
0 0.138194 0.800391 0.031019 0.035677
0 0.786343 0.336589 0.021759 0.045573
0 0.830324 0.238542 0.017130 0.052604
0 0.522454 0.049089 0.068056 0.012240
0 0.850694 0.898047 0.067130 0.012240
0 0.793287 0.304297 0.017130 0.043490
0 0.233102 0.377214 0.017130 0.043490
0 0.145139 0.538672 0.017130 0.033073
