0 0.427546 0.030859 0.433796 0.059115
0 0.892130 0.024349 0.212963 0.040885
0 0.277083 0.775391 0.160648 0.037760
0 0.237731 0.597266 0.137500 0.035677
0 0.610417 0.848568 0.123611 0.038281
0 0.744676 0.633724 0.068056 0.061719
0 0.355787 0.814453 0.123611 0.032552
0 0.913657 0.545182 0.054167 0.072135
0 0.376620 0.013932 0.128241 0.025260
0 0.207639 0.494401 0.095833 0.033073
0 0.927546 0.284766 0.054167 0.056510
0 0.307176 0.193620 0.054167 0.056510
0 0.740046 0.300391 0.049537 0.061719
0 0.855324 0.555599 0.048611 0.061719
0 0.793287 0.258724 0.146759 0.020052
0 0.897454 0.713151 0.105093 0.027865
0 0.721528 0.187109 0.105093 0.027865
0 0.038657 0.155599 0.054167 0.053385
0 0.659028 0.208984 0.044907 0.061198
0 0.520139 0.707682 0.035648 0.074219
0 0.589120 0.740495 0.034722 0.072135
0 0.943750 0.429297 0.031019 0.079948
0 0.151620 0.658464 0.141204 0.017448
0 0.057176 0.263932 0.091204 0.025260
0 0.087269 0.224870 0.114352 0.020052
0 0.260880 0.012630 0.100463 0.022656
0 0.203009 0.220964 0.095833 0.022656
0 0.839583 0.472917 0.044907 0.047396
0 0.554861 0.494141 0.095833 0.022135
0 0.492361 0.900391 0.091204 0.022135
0 0.093056 0.149349 0.042593 0.046094
0 0.360417 0.139974 0.086574 0.022135
0 0.294444 0.691016 0.093519 0.020052
0 0.522454 0.284766 0.040278 0.046094
0 0.649769 0.926693 0.081944 0.022656
0 0.939120 0.776693 0.040278 0.045573
0 0.663657 0.297786 0.072685 0.025260
0 0.848843 0.829036 0.044907 0.040885
0 0.668287 0.167578 0.072685 0.025260
0 0.580324 0.644141 0.044907 0.040885
0 0.635880 0.266536 0.035648 0.051302
0 0.652083 0.330078 0.105093 0.016927
0 0.543287 0.158464 0.100463 0.017448
0 0.397454 0.681901 0.077315 0.022656
0 0.723380 0.786068 0.034722 0.048698
0 0.522454 0.916276 0.095833 0.017448
0 0.763194 0.368099 0.040278 0.040885
0 0.098843 0.745703 0.035648 0.046094
0 0.897454 0.355078 0.031019 0.051302
0 0.383565 0.880859 0.031019 0.050781
0 0.059491 0.813411 0.077315 0.020052
0 0.728472 0.884766 0.091204 0.016927
0 0.249306 0.450130 0.040278 0.038281
0 0.915972 0.603776 0.068056 0.022656
0 0.915509 0.855729 0.094907 0.016146
0 0.946065 0.578776 0.035648 0.040365
0 0.302546 0.536068 0.026389 0.053906
0 0.119676 0.683203 0.095833 0.014844
0 0.804398 0.563411 0.094907 0.014844
0 0.293287 0.306641 0.081944 0.016927
0 0.308333 0.345703 0.028704 0.048177
0 0.728472 0.361589 0.035648 0.038281
0 0.784028 0.271745 0.091204 0.014844
0 0.378935 0.504818 0.031019 0.043490
0 0.823380 0.869401 0.031019 0.043490
0 0.740046 0.447266 0.031019 0.042969
0 0.786343 0.774089 0.068056 0.019531
0 0.249306 0.158464 0.105093 0.012240
0 0.846528 0.394141 0.086574 0.014844
0 0.711111 0.521484 0.065741 0.019531
0 0.913657 0.651953 0.035648 0.035677
0 0.429398 0.798438 0.030093 0.042188
0 0.777083 0.849870 0.031019 0.040885
0 0.626620 0.806641 0.072685 0.016927
0 0.200694 0.396745 0.081944 0.014844
0 0.413657 0.542578 0.081944 0.014844
0 0.584954 0.435807 0.081944 0.014844
0 0.939120 0.241797 0.031019 0.038281
0 0.184491 0.908464 0.031019 0.038281
0 0.367361 0.301693 0.035648 0.033073
0 0.578472 0.857682 0.057870 0.020052
0 0.691435 0.864193 0.026389 0.043490
0 0.598843 0.548177 0.072685 0.015625
0 0.438657 0.406901 0.057870 0.019531
0 0.825231 0.694661 0.034722 0.032552
0 0.513194 0.381120 0.031019 0.035677
0 0.821065 0.235937 0.100463 0.010937
0 0.403241 0.189714 0.088889 0.012240
0 0.936806 0.136328 0.026389 0.040885
0 0.293287 0.912370 0.072685 0.014844
0 0.918287 0.633724 0.072685 0.014844
0 0.214583 0.717057 0.026389 0.040885
0 0.182176 0.128516 0.026389 0.040885
0 0.057176 0.238932 0.063426 0.016927
0 0.318750 0.367448 0.031019 0.034375
0 0.940278 0.540625 0.033333 0.031771
0 0.038194 0.753516 0.025463 0.040885
0 0.781713 0.401953 0.021759 0.046094
0 0.746991 0.691667 0.026389 0.036979
0 0.290972 0.451172 0.068056 0.014323
0 0.948380 0.413672 0.021759 0.043490
0 0.471528 0.217057 0.031019 0.030469
0 0.353472 0.211849 0.026389 0.035677
0 0.693287 0.464193 0.030093 0.029948
0 0.871528 0.271484 0.025463 0.035156
0 0.559491 0.138932 0.021759 0.040885
0 0.447917 0.007422 0.071759 0.012240
0 0.505787 0.814714 0.071759 0.012240
0 0.568750 0.112630 0.058796 0.014323
0 0.672454 0.144141 0.016204 0.051302
0 0.351157 0.431901 0.021759 0.038281
0 0.628935 0.139974 0.021759 0.037760
0 0.733102 0.323828 0.026389 0.030469
0 0.411343 0.169922 0.086574 0.009115
0 0.290972 0.623047 0.086574 0.009115
0 0.235417 0.261328 0.021759 0.035677
0 0.649769 0.362630 0.054167 0.014323
0 0.800231 0.485026 0.021759 0.035156
0 0.464120 0.585547 0.062500 0.012240
0 0.510880 0.723568 0.017130 0.043490
0 0.828009 0.204036 0.077315 0.009635
0 0.844213 0.429036 0.063426 0.011719
0 0.774769 0.689453 0.017130 0.042969
0 0.013194 0.398047 0.021759 0.033073
0 0.656713 0.309505 0.058796 0.012240
0 0.027083 0.538411 0.021759 0.032552
0 0.212269 0.465495 0.021759 0.032552
0 0.413194 0.560807 0.071759 0.009635
0 0.430556 0.769141 0.069444 0.009635
0 0.110417 0.256120 0.021759 0.030469
0 0.823380 0.526953 0.021759 0.030469
0 0.302546 0.111589 0.054167 0.012240
0 0.920602 0.188411 0.021759 0.030469
0 0.464583 0.521484 0.044907 0.014323
0 0.284028 0.551042 0.017130 0.036979
0 0.121528 0.520443 0.016204 0.038281
0 0.733102 0.664974 0.063426 0.009635
0 0.443287 0.273698 0.020833 0.029167
0 0.396991 0.892839 0.048611 0.012240
0 0.804398 0.801693 0.048611 0.012240
0 0.626620 0.507812 0.017130 0.033854
0 0.010417 0.631120 0.016204 0.035677
0 0.540972 0.183203 0.058796 0.009635
0 0.207639 0.302995 0.058796 0.009635
0 0.242361 0.666927 0.063426 0.008333
0 0.278241 0.900651 0.042593 0.012240
0 0.133565 0.895443 0.012500 0.038281
0 0.740046 0.912370 0.049537 0.009635
0 0.321065 0.283203 0.017130 0.027344
0 0.635880 0.707682 0.017130 0.027344
0 0.582176 0.391536 0.048611 0.009635
0 0.505787 0.338151 0.062500 0.007031
0 0.927546 0.618099 0.017130 0.025260
0 0.621991 0.725911 0.035648 0.011719
0 0.531713 0.702474 0.012500 0.032552
0 0.061343 0.515234 0.016204 0.022656
0 0.814815 0.168880 0.050926 0.007031
0 0.762731 0.756771 0.011574 0.021354
