0 0.540972 0.616797 0.216204 0.043490
0 0.336806 0.668880 0.067130 0.090365
0 0.125463 0.382422 0.070370 0.079948
0 0.080324 0.654557 0.072685 0.072135
0 0.360417 0.197266 0.068056 0.069010
0 0.094213 0.555599 0.063426 0.072135
0 0.888194 0.875911 0.114352 0.035677
0 0.096528 0.861589 0.114352 0.033073
0 0.939120 0.099870 0.049537 0.072135
0 0.108796 0.761328 0.138889 0.025260
0 0.388194 0.408464 0.095833 0.033073
0 0.770139 0.047135 0.165278 0.018750
0 0.696065 0.325130 0.100463 0.027865
0 0.619676 0.291276 0.095833 0.027865
0 0.165972 0.376563 0.049537 0.052604
0 0.654398 0.512630 0.035648 0.069531
0 0.339583 0.316016 0.035648 0.066927
0 0.515509 0.391536 0.118981 0.020052
0 0.587269 0.375911 0.049537 0.046094
0 0.223843 0.633464 0.044907 0.050781
0 0.535880 0.421224 0.094907 0.022135
0 0.290972 0.495703 0.031019 0.066927
0 0.172917 0.220964 0.044907 0.043490
0 0.422917 0.537370 0.026389 0.066927
0 0.748843 0.893880 0.122685 0.014323
0 0.322222 0.179948 0.028704 0.060417
0 0.202546 0.204036 0.030093 0.056510
0 0.665972 0.639583 0.105093 0.016146
0 0.489583 0.331641 0.104167 0.014844
0 0.809491 0.066016 0.095833 0.014844
0 0.978472 0.662370 0.026389 0.051302
0 0.105787 0.648047 0.021759 0.059115
0 0.899769 0.063151 0.035648 0.035156
0 0.198380 0.297786 0.021759 0.056510
0 0.332639 0.552995 0.021759 0.056510
0 0.309491 0.082292 0.021759 0.052604
0 0.170602 0.516536 0.021759 0.051302
0 0.054861 0.643880 0.021759 0.050781
0 0.223843 0.245703 0.026389 0.040885
0 0.359954 0.615495 0.067130 0.014844
0 0.557176 0.467057 0.063426 0.014844
0 0.307176 0.777995 0.072685 0.011719
0 0.984259 0.084896 0.028704 0.026562
0 0.570602 0.444661 0.016204 0.032552
0 0.362731 0.089453 0.017130 0.030469
0 0.829861 0.047526 0.053241 0.009115
