0 0.153935 0.572526 0.090278 0.100781
0 0.091898 0.982031 0.179167 0.034375
0 0.383565 0.015234 0.206944 0.027865
0 0.180556 0.814714 0.060185 0.095573
0 0.902083 0.875911 0.077315 0.072135
0 0.274306 0.582943 0.145833 0.033073
0 0.182176 0.870443 0.128241 0.035156
0 0.811806 0.779948 0.063426 0.067708
0 0.209954 0.185807 0.063426 0.061719
0 0.485417 0.319922 0.058796 0.064323
0 0.302546 0.199870 0.109722 0.032552
0 0.365046 0.883724 0.114352 0.030469
0 0.640509 0.015234 0.118981 0.027865
0 0.522454 0.515234 0.142130 0.022656
0 0.189120 0.338151 0.114352 0.027865
0 0.387731 0.727474 0.122685 0.025260
0 0.473843 0.468359 0.105093 0.027865
0 0.689120 0.110937 0.132870 0.021354
0 0.891204 0.138932 0.092593 0.030469
0 0.584954 0.302995 0.091204 0.030469
0 0.730787 0.515234 0.049537 0.053906
0 0.447222 0.635026 0.047222 0.053906
0 0.346528 0.822526 0.049537 0.048698
0 0.179861 0.504818 0.040278 0.059115
0 0.951852 0.614193 0.084259 0.027865
0 0.539352 0.503516 0.148148 0.014844
0 0.860417 0.795573 0.040278 0.052083
0 0.774769 0.478776 0.091204 0.022656
0 0.164815 0.900651 0.047222 0.043490
0 0.670139 0.621354 0.094907 0.021354
0 0.281250 0.737630 0.039352 0.050781
0 0.853472 0.598568 0.044907 0.043490
0 0.406713 0.566016 0.031019 0.061719
0 0.806713 0.655599 0.043981 0.042969
0 0.793287 0.726172 0.081944 0.022656
0 0.845370 0.512630 0.037963 0.048698
0 0.513194 0.366797 0.105093 0.017448
0 0.358102 0.138932 0.044907 0.040885
0 0.413657 0.125911 0.072685 0.025260
0 0.788194 0.110286 0.043981 0.040885
0 0.134722 0.011328 0.088889 0.020052
0 0.552546 0.452474 0.035648 0.048177
0 0.448380 0.395182 0.077315 0.022135
0 0.300231 0.889974 0.031019 0.053385
0 0.541667 0.672135 0.087963 0.018750
0 0.425231 0.485286 0.040278 0.040885
0 0.205324 0.868099 0.081944 0.020052
0 0.395139 0.761328 0.081944 0.020052
0 0.819907 0.155859 0.088889 0.017448
0 0.304861 0.485286 0.077315 0.020052
0 0.616204 0.402604 0.070370 0.021354
0 0.925231 0.574479 0.040278 0.036979
0 0.237269 0.576432 0.071759 0.020052
0 0.811806 0.440755 0.072685 0.019531
0 0.181713 0.377214 0.081019 0.017448
0 0.617361 0.689714 0.035648 0.038281
0 0.341898 0.625911 0.068056 0.020052
0 0.627315 0.601562 0.074074 0.018229
0 0.943750 0.728776 0.031019 0.043490
0 0.902083 0.903255 0.077315 0.017448
0 0.605787 0.864193 0.077315 0.017448
0 0.253935 0.614193 0.077315 0.017448
0 0.309491 0.887630 0.105093 0.012240
0 0.677546 0.758724 0.035648 0.035677
0 0.617361 0.521745 0.035648 0.035677
0 0.436806 0.670182 0.063426 0.020052
0 0.682176 0.136068 0.063426 0.019531
0 0.963426 0.879818 0.070370 0.017448
0 0.330324 0.426693 0.026389 0.043490
0 0.646991 0.806641 0.067130 0.016927
0 0.901620 0.869401 0.020833 0.053906
0 0.237731 0.145443 0.063426 0.017448
0 0.479167 0.732682 0.074074 0.014844
0 0.978472 0.666927 0.026389 0.041146
0 0.514352 0.575130 0.061111 0.017448
0 0.249306 0.642839 0.021759 0.048698
0 0.744676 0.317318 0.086574 0.012240
0 0.480787 0.661068 0.031019 0.033073
0 0.598843 0.991146 0.063426 0.016146
0 0.186806 0.752214 0.026389 0.038281
0 0.147454 0.602474 0.021759 0.046094
0 0.165972 0.416276 0.021759 0.043490
0 0.642824 0.119401 0.077315 0.012240
0 0.483102 0.615495 0.063426 0.014844
0 0.321065 0.456641 0.063426 0.014844
0 0.284028 0.810807 0.063426 0.014844
0 0.619676 0.227214 0.031019 0.029948
0 0.330324 0.740234 0.063426 0.014323
0 0.745833 0.550391 0.061111 0.014844
0 0.703009 0.188151 0.021759 0.040365
0 0.332176 0.603776 0.030093 0.027865
0 0.146296 0.687760 0.028704 0.029167
0 0.753935 0.587891 0.021759 0.037760
0 0.381250 0.503516 0.054167 0.014844
0 0.603472 0.753516 0.054167 0.014844
0 0.392824 0.534766 0.021759 0.035677
0 0.464583 0.713151 0.063426 0.012240
0 0.478472 0.520443 0.063426 0.012240
0 0.374306 0.396094 0.021759 0.034375
0 0.531713 0.743099 0.077315 0.009635
0 0.830324 0.093359 0.026389 0.027865
0 0.554398 0.487891 0.048611 0.014844
0 0.256250 0.834245 0.017130 0.040885
0 0.501620 0.821224 0.072685 0.009635
0 0.385417 0.743099 0.071759 0.009635
0 0.427546 0.575130 0.017130 0.038281
0 0.277083 0.474870 0.068056 0.009635
0 0.911343 0.112891 0.068056 0.009635
0 0.802083 0.170182 0.043981 0.014844
0 0.810648 0.629818 0.014815 0.043490
0 0.972685 0.400651 0.051852 0.012240
0 0.539352 0.125260 0.074074 0.008333
0 0.186806 0.172786 0.017130 0.035677
0 0.707639 0.437109 0.049537 0.012240
0 0.459491 0.491146 0.016204 0.036979
0 0.121528 0.436458 0.016204 0.036979
0 0.818750 0.355078 0.058796 0.009635
0 0.159028 0.655859 0.017130 0.033073
0 0.404398 0.153255 0.017130 0.033073
0 0.978472 0.543880 0.017130 0.033073
0 0.388194 0.336589 0.021759 0.024740
0 0.205324 0.705990 0.063426 0.008333
0 0.755093 0.438411 0.014815 0.035677
0 0.964583 0.740495 0.017130 0.030469
0 0.797917 0.414714 0.054167 0.009115
0 0.318750 0.788672 0.068056 0.007031
0 0.892824 0.494141 0.068056 0.006510
0 0.304398 0.255859 0.011574 0.035156
0 0.740046 0.397786 0.049537 0.006510
0 0.991204 0.444010 0.014815 0.020833
0 0.993519 0.793880 0.010185 0.022656
0 0.663657 0.038672 0.026389 0.007031
