0 0.309491 0.666276 0.058796 0.100781
0 0.186343 0.608984 0.118056 0.038281
0 0.453009 0.544922 0.058796 0.071615
0 0.200694 0.168880 0.118981 0.033073
0 0.098843 0.386328 0.063426 0.061719
0 0.251620 0.497005 0.128241 0.027865
0 0.598843 0.241797 0.128241 0.022656
0 0.644676 0.741797 0.053241 0.053906
0 0.193750 0.399089 0.105093 0.024740
0 0.220370 0.646745 0.102778 0.025260
0 0.105787 0.762630 0.040278 0.064323
0 0.633565 0.489193 0.086574 0.027865
0 0.571065 0.189714 0.100463 0.022656
0 0.534028 0.612891 0.081944 0.025260
0 0.147454 0.193359 0.142130 0.014323
0 0.766204 0.859375 0.037037 0.054688
0 0.846528 0.187760 0.040278 0.050000
0 0.029398 0.825781 0.035648 0.055208
0 0.784028 0.767839 0.044907 0.043490
0 0.802546 0.108984 0.044907 0.043490
0 0.879398 0.677995 0.076389 0.025260
0 0.198380 0.201432 0.095833 0.020052
0 0.279398 0.864193 0.109722 0.017448
0 0.503935 0.218099 0.086574 0.022135
0 0.193750 0.274089 0.077315 0.024740
0 0.434028 0.694271 0.039352 0.047396
0 0.800231 0.166276 0.105093 0.017448
0 0.214583 0.677995 0.035648 0.051302
0 0.434491 0.181901 0.040278 0.043490
0 0.749306 0.778255 0.040278 0.043490
0 0.253935 0.202734 0.040278 0.043490
0 0.082639 0.757422 0.040278 0.043490
0 0.026620 0.564714 0.039352 0.043490
0 0.314120 0.454427 0.040278 0.041667
0 0.100000 0.590755 0.037963 0.043490
0 0.804861 0.623307 0.040278 0.040885
0 0.691435 0.819922 0.072685 0.022656
0 0.334954 0.524349 0.035648 0.046094
0 0.885880 0.896745 0.081944 0.020052
0 0.445602 0.805599 0.034722 0.046094
0 0.399306 0.704036 0.034722 0.046094
0 0.816435 0.426693 0.035648 0.043490
0 0.184491 0.748307 0.077315 0.020052
0 0.328009 0.244401 0.040278 0.038281
0 0.290972 0.538672 0.031019 0.048698
0 0.328009 0.831380 0.077315 0.019531
0 0.118519 0.675391 0.075000 0.020052
0 0.082176 0.684505 0.085648 0.017448
0 0.502778 0.812109 0.084259 0.017448
0 0.566435 0.571224 0.072685 0.020052
0 0.614583 0.304036 0.085648 0.016927
0 0.869676 0.766536 0.031019 0.046094
0 0.084954 0.457943 0.081944 0.017448
0 0.367361 0.373047 0.072685 0.019531
0 0.574537 0.874609 0.079630 0.017448
0 0.931713 0.426693 0.025463 0.053906
0 0.441435 0.528255 0.035648 0.038281
0 0.024769 0.279557 0.026389 0.051302
0 0.307176 0.610286 0.026389 0.051302
0 0.018981 0.336849 0.037963 0.035677
0 0.823380 0.872005 0.077315 0.017448
0 0.800231 0.379818 0.031019 0.043490
0 0.756250 0.632161 0.035648 0.037760
0 0.743519 0.164974 0.065741 0.020052
0 0.670602 0.623958 0.031019 0.042188
0 0.580324 0.801693 0.026389 0.048698
0 0.066435 0.825130 0.026389 0.048698
0 0.080324 0.183203 0.035648 0.035677
0 0.080324 0.500911 0.035648 0.035677
0 0.132407 0.882161 0.075000 0.016927
0 0.795602 0.555599 0.031019 0.040885
0 0.957639 0.699479 0.021759 0.057813
0 0.121991 0.487630 0.026389 0.045573
0 0.693750 0.801693 0.031019 0.038281
0 0.078009 0.773047 0.068056 0.017448
0 0.091898 0.825130 0.021759 0.053906
0 0.392824 0.133724 0.058796 0.020052
0 0.080324 0.273047 0.035648 0.033073
0 0.670139 0.840755 0.067130 0.017448
0 0.341898 0.299349 0.031019 0.037760
0 0.614583 0.507422 0.030093 0.038281
0 0.367361 0.273047 0.026389 0.043490
0 0.392824 0.532161 0.077315 0.014844
0 0.040509 0.381120 0.076389 0.014844
0 0.186806 0.158464 0.091204 0.012240
0 0.672917 0.486589 0.063426 0.017448
0 0.068750 0.704036 0.031019 0.035677
0 0.480787 0.269141 0.031019 0.035677
0 0.621991 0.710547 0.063426 0.017448
0 0.116898 0.387370 0.025463 0.042969
0 0.807176 0.761328 0.026389 0.040885
0 0.052546 0.308203 0.026389 0.040885
0 0.471528 0.178646 0.031019 0.034375
0 0.193750 0.530859 0.021759 0.048698
0 0.293981 0.289714 0.074074 0.014323
0 0.091435 0.157812 0.094907 0.010937
0 0.464120 0.685807 0.025463 0.040885
0 0.424074 0.640234 0.084259 0.012240
0 0.494676 0.713151 0.058796 0.017448
0 0.059491 0.616797 0.031019 0.033073
0 0.272454 0.140234 0.058796 0.017448
0 0.325694 0.812109 0.026389 0.038281
0 0.443750 0.207682 0.031019 0.032552
0 0.883565 0.743099 0.021759 0.046094
0 0.054861 0.146745 0.021759 0.046094
0 0.240046 0.391536 0.021759 0.046094
0 0.719213 0.629557 0.026389 0.037760
0 0.663194 0.223568 0.081019 0.012240
0 0.325694 0.741146 0.026389 0.036979
0 0.857639 0.731380 0.025463 0.038281
0 0.142824 0.598568 0.077315 0.012240
0 0.142824 0.571875 0.058796 0.016146
0 0.126620 0.338151 0.054167 0.017448
0 0.290972 0.310807 0.031019 0.030469
0 0.399769 0.336849 0.063426 0.014844
0 0.906713 0.827474 0.021759 0.042969
0 0.503472 0.741146 0.057870 0.016146
0 0.638194 0.813151 0.031019 0.029948
0 0.208333 0.142578 0.078704 0.011719
0 0.056713 0.365495 0.025463 0.035677
0 0.897454 0.469661 0.021759 0.040885
0 0.360417 0.347266 0.021759 0.040885
0 0.189120 0.362891 0.021759 0.040885
0 0.383565 0.628516 0.058796 0.014844
0 0.209954 0.382422 0.026389 0.033073
0 0.134722 0.148047 0.070370 0.012240
0 0.858102 0.533203 0.026389 0.032552
0 0.189120 0.336589 0.058796 0.014323
0 0.501157 0.642839 0.025463 0.033073
0 0.374306 0.506120 0.086574 0.009635
0 0.193287 0.584896 0.076389 0.010937
0 0.432176 0.756771 0.026389 0.031771
0 0.577546 0.541276 0.030093 0.027865
0 0.874306 0.418880 0.021759 0.038281
0 0.605787 0.286068 0.068056 0.012240
0 0.724537 0.905859 0.064815 0.012240
0 0.911343 0.318359 0.086574 0.009115
0 0.311806 0.605078 0.081944 0.009635
0 0.075694 0.602474 0.017130 0.046094
0 0.385880 0.443620 0.017130 0.046094
0 0.411343 0.287370 0.021759 0.035677
0 0.635880 0.231380 0.063426 0.012240
0 0.439120 0.154557 0.021759 0.035677
0 0.182176 0.419922 0.054167 0.014323
0 0.383102 0.286719 0.020833 0.036979
0 0.544444 0.168620 0.065741 0.011719
0 0.223843 0.366797 0.017130 0.043490
0 0.073380 0.855078 0.077315 0.009635
0 0.598843 0.614193 0.026389 0.027865
0 0.242361 0.752214 0.026389 0.027865
0 0.221528 0.108984 0.058796 0.012240
0 0.953009 0.426693 0.021759 0.033073
0 0.594213 0.573568 0.072685 0.009115
0 0.619676 0.172786 0.068056 0.009635
0 0.883102 0.493490 0.020833 0.031250
0 0.313657 0.120703 0.067130 0.009635
0 0.448380 0.919922 0.068056 0.009115
0 0.646296 0.454688 0.056481 0.010937
0 0.948380 0.192318 0.049537 0.012240
0 0.075231 0.558594 0.016204 0.036458
0 0.936343 0.284766 0.016204 0.035677
0 0.302083 0.880859 0.062500 0.009115
0 0.670602 0.508464 0.058796 0.009115
0 0.813657 0.792578 0.020833 0.025260
0 0.862731 0.657161 0.017130 0.030469
0 0.911343 0.626953 0.068056 0.006510
0 0.871991 0.353776 0.035648 0.012240
0 0.834954 0.787370 0.017130 0.025260
0 0.112731 0.231380 0.017130 0.022656
0 0.638194 0.475911 0.058796 0.006510
0 0.816435 0.494401 0.017130 0.017448
