0 0.772454 0.313151 0.077315 0.087240
0 0.608102 0.349870 0.063426 0.087760
0 0.478472 0.800130 0.128241 0.040365
0 0.378472 0.334635 0.141204 0.026042
0 0.117361 0.788672 0.044907 0.074740
0 0.846065 0.161068 0.039352 0.085156
0 0.328009 0.714453 0.058796 0.056510
0 0.406713 0.454036 0.123611 0.025260
0 0.216898 0.129818 0.040278 0.069531
0 0.564120 0.512630 0.049537 0.053906
0 0.145139 0.547786 0.044907 0.056510
0 0.199537 0.658203 0.051852 0.048177
0 0.256250 0.526953 0.091204 0.025260
0 0.328009 0.141536 0.049537 0.046094
0 0.223843 0.726172 0.081944 0.027865
0 0.121991 0.170182 0.081944 0.025260
0 0.152083 0.795182 0.040278 0.051302
0 0.781713 0.175130 0.105093 0.019531
0 0.575231 0.148047 0.090278 0.022656
0 0.399769 0.671484 0.089352 0.022656
0 0.032870 0.498307 0.042593 0.046094
0 0.670602 0.327734 0.040278 0.048698
0 0.723843 0.648047 0.044907 0.043490
0 0.515509 0.503906 0.044907 0.041667
0 0.175231 0.321224 0.040278 0.046094
0 0.117361 0.357682 0.044907 0.040885
0 0.811806 0.383984 0.035648 0.050781
0 0.505093 0.241797 0.079630 0.022656
0 0.533565 0.112891 0.043981 0.040885
0 0.533565 0.383464 0.034722 0.050781
0 0.670602 0.586849 0.031019 0.056510
0 0.456481 0.379818 0.075000 0.022656
0 0.274769 0.758724 0.081944 0.020052
0 0.207639 0.847917 0.031019 0.052604
0 0.325694 0.671484 0.091204 0.017448
0 0.268981 0.163672 0.070370 0.022656
0 0.398148 0.491146 0.097222 0.016146
0 0.626620 0.356380 0.026389 0.059115
0 0.202546 0.355078 0.030093 0.051302
0 0.559491 0.155859 0.068056 0.022656
0 0.453009 0.434505 0.068056 0.022656
0 0.059491 0.749609 0.031019 0.048698
0 0.249306 0.640234 0.031019 0.048698
0 0.568287 0.129818 0.039352 0.038281
0 0.409028 0.162370 0.100463 0.014844
0 0.050231 0.652344 0.040278 0.036458
0 0.705324 0.631120 0.072685 0.020052
0 0.316435 0.170182 0.072685 0.020052
0 0.057176 0.576172 0.035648 0.040365
0 0.059491 0.185807 0.031019 0.046094
0 0.487731 0.629818 0.026389 0.053906
0 0.112269 0.463802 0.025463 0.055208
0 0.347685 0.330339 0.079630 0.017448
0 0.922454 0.356771 0.034722 0.039062
0 0.476157 0.590755 0.031019 0.043490
0 0.263194 0.452734 0.077315 0.017448
0 0.586806 0.554297 0.076389 0.017448
0 0.530556 0.177734 0.037963 0.035156
0 0.617361 0.421875 0.072685 0.018229
0 0.112731 0.134375 0.035648 0.036979
0 0.452546 0.571224 0.020833 0.061719
0 0.800231 0.209245 0.086574 0.014844
0 0.112269 0.608333 0.034722 0.036979
0 0.565972 0.354427 0.025463 0.050000
0 0.496991 0.271745 0.063426 0.020052
0 0.692130 0.537109 0.027778 0.045573
0 0.367361 0.813151 0.035648 0.035156
0 0.895139 0.198828 0.081944 0.014844
0 0.483102 0.755859 0.026389 0.045573
0 0.362731 0.794531 0.063426 0.018750
0 0.679861 0.181901 0.031019 0.038281
0 0.101157 0.642839 0.031019 0.038281
0 0.568750 0.105078 0.058796 0.020052
0 0.147454 0.696224 0.021759 0.051302
0 0.371991 0.873958 0.026389 0.042188
0 0.175231 0.711589 0.021759 0.050781
0 0.256250 0.694922 0.063426 0.017448
0 0.105787 0.711198 0.021759 0.050000
0 0.709954 0.612891 0.026389 0.040885
0 0.355787 0.622005 0.021759 0.048698
0 0.878935 0.247005 0.086574 0.012240
0 0.786343 0.163672 0.086574 0.012240
0 0.689120 0.392188 0.021759 0.047396
0 0.652083 0.079036 0.068056 0.014844
0 0.929861 0.519141 0.021759 0.046094
0 0.461806 0.464453 0.067130 0.014844
0 0.564120 0.486328 0.058796 0.016927
0 0.697917 0.496354 0.020833 0.047396
0 0.322917 0.378516 0.020833 0.046094
0 0.292824 0.496745 0.081019 0.011719
0 0.237731 0.877214 0.054167 0.017448
0 0.362731 0.743099 0.026389 0.035677
0 0.475694 0.194271 0.057870 0.016146
0 0.075231 0.521745 0.025463 0.035677
0 0.654398 0.681250 0.081944 0.010937
0 0.441435 0.507422 0.072685 0.012240
0 0.302546 0.077734 0.072685 0.012240
0 0.027083 0.581641 0.021759 0.040885
0 0.617361 0.202734 0.072685 0.012240
0 0.296296 0.773047 0.050926 0.017448
0 0.334491 0.653255 0.071759 0.012240
0 0.855787 0.479427 0.021759 0.039583
0 0.324074 0.417318 0.060185 0.014323
0 0.447917 0.860286 0.057870 0.014844
0 0.420602 0.841797 0.058796 0.014323
0 0.066435 0.416276 0.017130 0.048698
0 0.610417 0.879557 0.049537 0.016927
0 0.235417 0.408464 0.068056 0.012240
0 0.309491 0.705339 0.021759 0.038281
0 0.156713 0.142839 0.021759 0.038281
0 0.598843 0.645182 0.017130 0.048177
0 0.475694 0.474609 0.057870 0.014323
0 0.422917 0.263932 0.026389 0.030469
0 0.647454 0.139974 0.068056 0.011719
0 0.535880 0.455339 0.020833 0.038281
0 0.743519 0.336849 0.019444 0.040885
0 0.110417 0.821224 0.021759 0.035677
0 0.440278 0.184505 0.061111 0.012240
0 0.598843 0.361589 0.017130 0.043490
0 0.198380 0.638281 0.021759 0.034375
0 0.564120 0.450130 0.021759 0.033073
0 0.596528 0.666276 0.021759 0.033073
0 0.337269 0.106380 0.058796 0.012240
0 0.019676 0.497005 0.016204 0.043490
0 0.737269 0.119401 0.025463 0.027865
0 0.665972 0.649089 0.049537 0.014323
0 0.367361 0.555599 0.072685 0.009635
0 0.668287 0.447917 0.017130 0.039062
0 0.154398 0.601172 0.054167 0.012240
0 0.897454 0.086849 0.068056 0.009635
0 0.323380 0.430599 0.068056 0.009635
0 0.492361 0.129167 0.017130 0.036979
0 0.510880 0.151562 0.017130 0.036458
0 0.469213 0.404557 0.017130 0.035677
0 0.316435 0.099870 0.063426 0.009635
0 0.448380 0.330078 0.021759 0.027344
0 0.147454 0.829688 0.021759 0.026562
0 0.286343 0.526953 0.058796 0.009635
0 0.941435 0.569661 0.017130 0.032552
0 0.812963 0.183203 0.056481 0.009635
0 0.693287 0.289323 0.039352 0.013542
0 0.321065 0.201432 0.054167 0.009635
0 0.675231 0.258464 0.049537 0.009115
0 0.390509 0.183203 0.017130 0.025260
0 0.353009 0.857682 0.043981 0.009635
0 0.471528 0.115495 0.012500 0.030469
0 0.064120 0.981380 0.040278 0.007031
0 0.575694 0.995052 0.026389 0.008333
