0 0.887037 0.330339 0.075000 0.074740
0 0.621991 0.493099 0.128241 0.040885
0 0.365046 0.127214 0.132870 0.038281
0 0.536343 0.399349 0.123611 0.040885
0 0.564120 0.487891 0.068056 0.072135
0 0.779398 0.477474 0.044907 0.098177
0 0.427546 0.489193 0.063426 0.069531
0 0.191435 0.683203 0.118981 0.035677
0 0.735417 0.266536 0.114352 0.030469
0 0.730787 0.192318 0.058796 0.053906
0 0.610417 0.706641 0.095833 0.030469
0 0.781713 0.808203 0.049537 0.056510
0 0.228009 0.325781 0.053241 0.050000
0 0.388194 0.110286 0.049537 0.051302
0 0.108102 0.869141 0.109722 0.022135
0 0.448380 0.762630 0.049537 0.048698
0 0.822917 0.585547 0.085648 0.027865
0 0.596991 0.637630 0.085648 0.027865
0 0.632407 0.547786 0.093519 0.025260
0 0.830324 0.743099 0.044907 0.051302
0 0.200694 0.503516 0.044907 0.051302
0 0.744676 0.649349 0.049537 0.046094
0 0.401620 0.185807 0.039352 0.056510
0 0.624306 0.164323 0.040278 0.055208
0 0.311343 0.608724 0.081019 0.027344
0 0.203009 0.888932 0.086574 0.025260
0 0.148611 0.555599 0.042593 0.051302
0 0.561343 0.534766 0.043981 0.046094
0 0.205324 0.414974 0.035648 0.056510
0 0.261343 0.263672 0.043981 0.045573
0 0.439120 0.666276 0.114352 0.017448
0 0.846528 0.619401 0.040278 0.048698
0 0.286343 0.523047 0.040278 0.048698
0 0.679861 0.214453 0.095833 0.020052
0 0.332639 0.193620 0.031019 0.061719
0 0.265509 0.480729 0.044907 0.042188
0 0.109954 0.435807 0.030093 0.061719
0 0.411343 0.241797 0.105093 0.017448
0 0.258565 0.562109 0.105093 0.017448
0 0.418287 0.308203 0.072685 0.025260
0 0.895139 0.667578 0.072685 0.025260
0 0.830324 0.685807 0.035648 0.051302
0 0.861574 0.459245 0.042593 0.040885
0 0.403241 0.607682 0.042593 0.040885
0 0.477315 0.898047 0.098148 0.017448
0 0.490046 0.722917 0.105093 0.016146
0 0.485417 0.552995 0.040278 0.040885
0 0.834954 0.150651 0.072685 0.022656
0 0.743519 0.551693 0.093519 0.017448
0 0.367361 0.375911 0.109722 0.014844
0 0.316435 0.532161 0.026389 0.061719
0 0.392361 0.646745 0.039352 0.040885
0 0.705324 0.703776 0.081944 0.019531
0 0.838426 0.883724 0.079630 0.020052
0 0.824074 0.655859 0.041667 0.038281
0 0.677083 0.121745 0.071759 0.022135
0 0.186343 0.152995 0.034722 0.042969
0 0.318287 0.383464 0.076389 0.019531
0 0.774769 0.362891 0.035648 0.040885
0 0.867361 0.839453 0.035648 0.040885
0 0.382407 0.806901 0.037963 0.038281
0 0.278935 0.711849 0.071759 0.020052
0 0.263194 0.511328 0.031019 0.046094
0 0.068750 0.628516 0.031019 0.046094
0 0.392824 0.901953 0.095833 0.014844
0 0.942130 0.606380 0.037037 0.038281
0 0.272917 0.644141 0.094907 0.014844
0 0.661343 0.163672 0.021759 0.064323
0 0.508565 0.388932 0.068056 0.020052
0 0.240046 0.610286 0.068056 0.020052
0 0.383565 0.581641 0.068056 0.020052
0 0.617361 0.568620 0.091204 0.014844
0 0.971528 0.166276 0.031019 0.043490
0 0.496991 0.219401 0.026389 0.050781
0 0.557870 0.872005 0.074074 0.017448
0 0.816435 0.834245 0.035648 0.035677
0 0.297917 0.463151 0.072685 0.017448
0 0.314120 0.347005 0.031019 0.040365
0 0.427546 0.138672 0.063426 0.019531
0 0.693750 0.516536 0.021759 0.056510
0 0.103472 0.667578 0.081944 0.014844
0 0.807176 0.085547 0.035648 0.033073
0 0.110417 0.655859 0.095833 0.012240
0 0.897454 0.231380 0.021759 0.053906
0 0.883565 0.387630 0.021759 0.053906
0 0.334954 0.502214 0.035648 0.033073
0 0.184491 0.707943 0.095833 0.012240
0 0.677546 0.594661 0.035648 0.033073
0 0.290972 0.117448 0.086574 0.013542
0 0.290972 0.809245 0.068056 0.016927
0 0.383565 0.269141 0.077315 0.014844
0 0.383565 0.427995 0.077315 0.014844
0 0.698380 0.829688 0.031019 0.036979
0 0.645139 0.853125 0.026389 0.042188
0 0.948380 0.789714 0.021759 0.050781
0 0.371991 0.694922 0.063426 0.017448
0 0.793287 0.649349 0.026389 0.040885
0 0.159028 0.823828 0.072685 0.014844
0 0.770139 0.201432 0.072685 0.014844
0 0.679861 0.668229 0.031019 0.034375
0 0.716898 0.806901 0.021759 0.048698
0 0.226157 0.720964 0.058796 0.017448
0 0.776620 0.150651 0.020833 0.048698
0 0.777083 0.184245 0.086574 0.011719
0 0.446065 0.507422 0.026389 0.038281
0 0.846528 0.081641 0.068056 0.014844
0 0.559028 0.731380 0.057870 0.017448
0 0.531713 0.169922 0.021759 0.045573
0 0.892824 0.806250 0.021759 0.044792
0 0.471528 0.140234 0.021759 0.043490
0 0.256250 0.689714 0.054167 0.017448
0 0.765509 0.681901 0.054167 0.017448
0 0.170602 0.634766 0.021759 0.042969
0 0.105324 0.679297 0.076389 0.012240
0 0.684491 0.749349 0.077315 0.011719
0 0.258565 0.848307 0.077315 0.011719
0 0.605787 0.878516 0.021759 0.040885
0 0.415972 0.542578 0.058796 0.014844
0 0.601157 0.802995 0.058796 0.014844
0 0.330324 0.840755 0.026389 0.033073
0 0.246528 0.744141 0.071759 0.011719
0 0.191435 0.260026 0.017130 0.048698
0 0.728009 0.102474 0.016204 0.051302
0 0.374306 0.502214 0.068056 0.012240
0 0.384259 0.384375 0.050926 0.016146
0 0.214583 0.537370 0.054167 0.014844
0 0.515509 0.654557 0.054167 0.014844
0 0.614583 0.533464 0.020833 0.038281
0 0.237731 0.454036 0.017130 0.046094
0 0.478472 0.909766 0.081944 0.009635
0 0.170602 0.508724 0.021759 0.035677
0 0.568750 0.151953 0.049537 0.014844
0 0.513194 0.142578 0.021759 0.032552
0 0.288657 0.875911 0.017130 0.040885
0 0.339583 0.344661 0.017130 0.040885
0 0.789815 0.739193 0.056481 0.012240
0 0.348843 0.151693 0.072685 0.009115
0 0.932176 0.163672 0.054167 0.012240
0 0.763194 0.769141 0.021759 0.030469
0 0.489583 0.584896 0.020833 0.031771
0 0.179861 0.386328 0.068056 0.009635
0 0.256250 0.353776 0.017130 0.038281
0 0.392824 0.323828 0.068056 0.009635
0 0.352315 0.615495 0.042593 0.014844
0 0.867361 0.907161 0.017130 0.035677
0 0.744676 0.153255 0.049537 0.012240
0 0.712269 0.168880 0.021759 0.027865
0 0.621528 0.219661 0.062500 0.009635
0 0.848380 0.782161 0.016204 0.035677
0 0.480324 0.843359 0.020833 0.027865
0 0.922917 0.885026 0.017130 0.033073
0 0.814120 0.810547 0.021759 0.024740
0 0.334954 0.888932 0.054167 0.009635
0 0.307176 0.120703 0.054167 0.009635
0 0.663657 0.112891 0.054167 0.009635
0 0.198380 0.219401 0.049537 0.009115
0 0.571065 0.822526 0.035648 0.012240
0 0.483102 0.511328 0.044907 0.009635
0 0.784028 0.224870 0.017130 0.025260
0 0.563657 0.172786 0.020833 0.020052
0 0.561806 0.041016 0.026389 0.006510
