0 0.135880 0.265885 0.183796 0.050000
0 0.733102 0.642839 0.137500 0.038281
0 0.054861 0.751563 0.068056 0.068229
0 0.198380 0.827734 0.114352 0.033073
0 0.491898 0.818620 0.062500 0.056510
0 0.545602 0.014974 0.123611 0.027344
0 0.868056 0.822526 0.101852 0.033073
0 0.932176 0.365495 0.044907 0.072135
0 0.441435 0.524349 0.044907 0.066927
0 0.399769 0.719010 0.100463 0.029167
0 0.300231 0.532813 0.049537 0.057813
0 0.584954 0.365495 0.109722 0.025260
0 0.390046 0.675391 0.090278 0.030469
0 0.906713 0.683203 0.040278 0.066927
0 0.763194 0.322526 0.095833 0.027865
0 0.207639 0.490885 0.049537 0.052083
0 0.709954 0.470964 0.091204 0.027865
0 0.677546 0.308203 0.100463 0.025260
0 0.605787 0.469661 0.123611 0.020052
0 0.561806 0.632422 0.035648 0.069531
0 0.295602 0.726172 0.040278 0.059115
0 0.238889 0.270443 0.028704 0.079948
0 0.737269 0.206641 0.090278 0.025260
0 0.083796 0.520443 0.079630 0.027865
0 0.774769 0.306901 0.091204 0.022656
0 0.631250 0.613932 0.091204 0.022135
0 0.811806 0.144141 0.100463 0.020052
0 0.628935 0.160807 0.114352 0.016927
0 0.459954 0.693620 0.128241 0.014844
0 0.214583 0.383724 0.128241 0.014844
0 0.733102 0.667578 0.072685 0.025260
0 0.366898 0.394531 0.034722 0.052083
0 0.603009 0.800391 0.034722 0.051302
0 0.786343 0.387630 0.040278 0.043490
0 0.406713 0.541276 0.077315 0.022656
0 0.223380 0.385026 0.034722 0.048698
0 0.678704 0.202474 0.075000 0.022135
0 0.918287 0.896745 0.081944 0.020052
0 0.193750 0.302344 0.040278 0.039583
0 0.443750 0.383724 0.031019 0.051302
0 0.566435 0.757422 0.035648 0.043490
0 0.078009 0.202734 0.031019 0.048698
0 0.712269 0.434505 0.086574 0.017448
0 0.619676 0.434505 0.031019 0.048698
0 0.818750 0.426693 0.031019 0.048698
0 0.703009 0.489193 0.086574 0.017448
0 0.943287 0.156901 0.076389 0.019531
0 0.056019 0.490495 0.070370 0.020052
0 0.181713 0.550130 0.071759 0.019531
0 0.238889 0.468359 0.079630 0.017448
0 0.527083 0.263932 0.068056 0.020052
0 0.784028 0.743099 0.026389 0.051302
0 0.415972 0.330339 0.077315 0.017448
0 0.445602 0.123307 0.090278 0.014844
0 0.609954 0.374609 0.076389 0.017448
0 0.293287 0.435547 0.091204 0.014323
0 0.281713 0.651302 0.095833 0.013542
0 0.429861 0.443620 0.086574 0.014844
0 0.918287 0.271745 0.035648 0.035677
0 0.709954 0.597266 0.035648 0.035677
0 0.774306 0.360286 0.062500 0.020052
0 0.334954 0.689714 0.100463 0.012240
0 0.684491 0.597266 0.021759 0.056510
0 0.659028 0.561849 0.072685 0.016927
0 0.284028 0.457682 0.072685 0.016927
0 0.459954 0.107682 0.081944 0.014844
0 0.441435 0.599870 0.081944 0.014844
0 0.138889 0.748307 0.060185 0.020052
0 0.628935 0.900651 0.068056 0.017448
0 0.721528 0.707943 0.068056 0.017448
0 0.777083 0.097266 0.058796 0.020052
0 0.584954 0.490234 0.081944 0.014323
0 0.369213 0.361589 0.067130 0.017448
0 0.830324 0.505208 0.026389 0.044271
0 0.721528 0.125911 0.077315 0.014844
0 0.303241 0.345964 0.092593 0.012240
0 0.782407 0.474609 0.078704 0.014323
0 0.848843 0.606380 0.091204 0.012240
0 0.626620 0.887630 0.091204 0.012240
0 0.328009 0.300391 0.021759 0.051302
0 0.042130 0.009115 0.070370 0.015625
0 0.943750 0.219401 0.031019 0.035156
0 0.682176 0.360286 0.072685 0.014844
0 0.307176 0.404557 0.072685 0.014844
0 0.580324 0.464453 0.026389 0.040885
0 0.140509 0.492839 0.026389 0.040365
0 0.244676 0.286068 0.021759 0.048698
0 0.270833 0.583984 0.074074 0.014323
0 0.789815 0.491146 0.028704 0.036979
0 0.346065 0.156510 0.020833 0.050000
0 0.652083 0.644792 0.021759 0.047396
0 0.809491 0.080339 0.058796 0.017448
0 0.550231 0.270443 0.058796 0.017448
0 0.536343 0.123307 0.068056 0.014844
0 0.679861 0.698828 0.021759 0.046094
0 0.883565 0.357422 0.021759 0.045573
0 0.777083 0.273047 0.077315 0.012240
0 0.730787 0.275651 0.021759 0.043490
0 0.022454 0.455339 0.021759 0.043490
0 0.471528 0.627214 0.021759 0.043490
0 0.020139 0.847266 0.026389 0.035677
0 0.105324 0.814714 0.076389 0.012240
0 0.175231 0.495443 0.031019 0.029948
0 0.668287 0.241536 0.054167 0.016927
0 0.862731 0.322526 0.072685 0.012240
0 0.939120 0.133724 0.021759 0.040885
0 0.652083 0.383724 0.058796 0.014844
0 0.021991 0.584245 0.020833 0.040885
0 0.457639 0.256771 0.077315 0.010937
0 0.624306 0.570964 0.058796 0.014323
0 0.927546 0.217708 0.026389 0.031771
0 0.179861 0.262370 0.049537 0.016927
0 0.388194 0.142839 0.021759 0.038281
0 0.043287 0.639323 0.026389 0.031250
0 0.568750 0.113932 0.068056 0.011719
0 0.339120 0.481380 0.016204 0.048698
0 0.376620 0.099870 0.081944 0.009635
0 0.423380 0.487891 0.053241 0.014844
0 0.078009 0.404557 0.021759 0.035677
0 0.640509 0.226172 0.063426 0.012240
0 0.203009 0.180599 0.021759 0.035677
0 0.876157 0.448828 0.025463 0.030469
0 0.862269 0.209245 0.025463 0.030469
0 0.422454 0.347266 0.025463 0.030469
0 0.584954 0.726823 0.017130 0.044792
0 0.056713 0.283464 0.062500 0.012240
0 0.704167 0.082943 0.061111 0.012240
0 0.657870 0.262630 0.061111 0.012240
0 0.415972 0.562760 0.021759 0.034375
0 0.892824 0.344661 0.077315 0.009635
0 0.135880 0.340755 0.026389 0.027865
0 0.505093 0.437109 0.014815 0.048698
0 0.716898 0.921484 0.058796 0.012240
0 0.782870 0.619141 0.061111 0.011719
0 0.809491 0.499349 0.021759 0.032552
0 0.950694 0.237891 0.017130 0.040885
0 0.455324 0.247656 0.081944 0.008333
0 0.848843 0.285156 0.026389 0.026042
0 0.185648 0.446224 0.070370 0.009635
0 0.473843 0.669922 0.072685 0.009115
0 0.561343 0.696224 0.016204 0.040885
0 0.594213 0.348568 0.054167 0.012240
0 0.466898 0.467057 0.068056 0.009635
0 0.443287 0.586198 0.048611 0.013542
0 0.348843 0.246354 0.017130 0.036979
0 0.833796 0.116797 0.051852 0.012240
0 0.432176 0.565365 0.026389 0.023958
0 0.075694 0.269141 0.063426 0.009635
0 0.584954 0.414974 0.017130 0.035677
0 0.233102 0.248307 0.017130 0.035677
0 0.865046 0.176693 0.021759 0.027865
0 0.536343 0.437109 0.049537 0.012240
0 0.807176 0.168880 0.017130 0.033073
0 0.946065 0.293880 0.017130 0.033073
0 0.578472 0.256120 0.057870 0.009635
0 0.624306 0.417578 0.021759 0.025260
0 0.251620 0.480729 0.044907 0.010937
0 0.043287 0.176693 0.017130 0.027865
0 0.300231 0.443620 0.021759 0.020052
0 0.395139 0.552995 0.017130 0.025260
0 0.790509 0.287109 0.020833 0.019531
0 0.045139 0.604167 0.011574 0.033854
0 0.561806 0.041016 0.026389 0.006510
