0 0.890509 0.869401 0.117130 0.137240
0 0.191435 0.723568 0.081944 0.090365
0 0.093750 0.847266 0.127315 0.030469
0 0.728472 0.520443 0.054167 0.069531
0 0.769676 0.720703 0.043981 0.084635
0 0.596528 0.887630 0.160648 0.022656
0 0.564120 0.554297 0.058796 0.059115
0 0.913657 0.891536 0.035648 0.092969
0 0.288657 0.465755 0.054167 0.059115
0 0.346528 0.510026 0.095833 0.033073
0 0.807176 0.840755 0.174537 0.017448
0 0.975000 0.835547 0.047222 0.064323
0 0.177546 0.741797 0.054167 0.053906
0 0.682176 0.874609 0.054167 0.053906
0 0.278935 0.745703 0.034722 0.077344
0 0.403935 0.832943 0.034722 0.074740
0 0.679861 0.343359 0.040278 0.059115
0 0.117361 0.801693 0.035648 0.064323
0 0.837269 0.092057 0.040278 0.051302
0 0.638194 0.848568 0.031019 0.059115
0 0.096065 0.700130 0.030093 0.059115
0 0.251620 0.478516 0.035648 0.048177
0 0.939120 0.827734 0.031019 0.053906
0 0.186806 0.204036 0.026389 0.061719
0 0.807176 0.891536 0.109722 0.014844
0 0.625000 0.816016 0.078704 0.020052
0 0.075231 0.840495 0.090278 0.016927
0 0.559491 0.375260 0.077315 0.018750
0 0.478472 0.595964 0.026389 0.053906
0 0.865046 0.646745 0.021759 0.061719
0 0.853009 0.907161 0.090278 0.014844
0 0.965741 0.331641 0.065741 0.020052
0 0.578009 0.064714 0.105093 0.012240
0 0.318750 0.174089 0.095833 0.012240
0 0.240046 0.199870 0.031019 0.037760
0 0.117361 0.872005 0.091204 0.012240
0 0.184491 0.568620 0.021759 0.051302
0 0.915972 0.250911 0.021759 0.051302
0 0.557176 0.251563 0.100463 0.010937
0 0.954167 0.192318 0.088889 0.012240
0 0.054398 0.613932 0.020833 0.048177
0 0.654398 0.523047 0.026389 0.027865
0 0.381250 0.649349 0.072685 0.009635
0 0.959954 0.039974 0.026389 0.025260
0 0.293287 0.129167 0.017130 0.031771
0 0.277083 0.892578 0.068056 0.006510
0 0.098843 0.993099 0.044907 0.009635
