0 0.887037 0.025651 0.223148 0.043490
0 0.459954 0.635026 0.109722 0.038281
0 0.376620 0.373047 0.054167 0.076823
0 0.834491 0.632422 0.062500 0.064323
0 0.458796 0.515885 0.051852 0.076042
0 0.535880 0.555859 0.048611 0.066406
0 0.124306 0.559505 0.142130 0.022656
0 0.346528 0.542578 0.105093 0.030469
0 0.552546 0.123307 0.100463 0.030469
0 0.830324 0.844401 0.054167 0.055990
0 0.108102 0.375911 0.044907 0.066927
0 0.050231 0.593359 0.049537 0.059115
0 0.903935 0.446224 0.053241 0.051302
0 0.186806 0.759375 0.100463 0.026562
0 0.314120 0.643880 0.086574 0.029948
0 0.284028 0.263932 0.100463 0.025260
0 0.915972 0.830990 0.086574 0.029167
0 0.822222 0.679297 0.088889 0.027865
0 0.571065 0.904557 0.091204 0.025260
0 0.742361 0.911068 0.081944 0.027865
0 0.314120 0.180599 0.049537 0.046094
0 0.152083 0.511068 0.049537 0.045573
0 0.328009 0.476823 0.049537 0.044792
0 0.818750 0.887630 0.095833 0.022656
0 0.376620 0.599870 0.081944 0.025260
0 0.663657 0.758724 0.081944 0.025260
0 0.348380 0.706641 0.081019 0.025260
0 0.286343 0.348568 0.114352 0.017448
0 0.874306 0.866797 0.031019 0.064323
0 0.082639 0.608984 0.040278 0.048698
0 0.087269 0.491797 0.040278 0.048698
0 0.744676 0.774349 0.077315 0.025260
0 0.270139 0.825130 0.044907 0.043490
0 0.743519 0.651953 0.037963 0.051302
0 0.499306 0.594661 0.031019 0.061719
0 0.091898 0.891536 0.040278 0.046094
0 0.142824 0.310807 0.040278 0.046094
0 0.617361 0.645443 0.081944 0.022656
0 0.170602 0.525651 0.031019 0.059115
0 0.760880 0.441016 0.044907 0.040885
0 0.381250 0.584245 0.091204 0.020052
0 0.079167 0.150651 0.079630 0.022656
0 0.043287 0.726172 0.035648 0.048698
0 0.133565 0.469010 0.031019 0.055208
0 0.071065 0.679948 0.091204 0.018750
0 0.740046 0.753516 0.040278 0.040885
0 0.221528 0.583984 0.114352 0.014323
0 0.193750 0.668880 0.021759 0.074740
0 0.867361 0.244401 0.026389 0.059115
0 0.589120 0.300130 0.108796 0.014323
0 0.777083 0.925391 0.077315 0.020052
0 0.300231 0.892839 0.068056 0.022656
0 0.175231 0.233984 0.068056 0.022656
0 0.561806 0.658203 0.035648 0.042969
0 0.052546 0.289974 0.026389 0.056510
0 0.799074 0.309505 0.065741 0.022656
0 0.809491 0.777604 0.040278 0.036979
0 0.391667 0.523047 0.084259 0.017448
0 0.450694 0.534505 0.035648 0.040365
0 0.330324 0.916276 0.081944 0.017448
0 0.198380 0.526953 0.031019 0.046094
0 0.885880 0.780208 0.026389 0.052604
0 0.841898 0.816016 0.068056 0.020052
0 0.439120 0.125911 0.068056 0.020052
0 0.457176 0.847005 0.094907 0.014323
0 0.690972 0.122005 0.034722 0.038281
0 0.281713 0.138672 0.068056 0.019531
0 0.248148 0.708984 0.028704 0.045573
0 0.111574 0.895443 0.024074 0.053906
0 0.939120 0.619141 0.021759 0.058594
0 0.052546 0.782161 0.063426 0.020052
0 0.233102 0.133724 0.035648 0.035677
0 0.765509 0.861589 0.072685 0.017448
0 0.293287 0.392188 0.026389 0.047396
0 0.218519 0.555990 0.060185 0.020833
0 0.357639 0.207943 0.071759 0.017448
0 0.371991 0.505859 0.035648 0.035156
0 0.753472 0.813411 0.030093 0.040885
0 0.802546 0.243099 0.081944 0.014844
0 0.685648 0.362630 0.061111 0.019531
0 0.929398 0.323177 0.030093 0.039583
0 0.378935 0.439714 0.031019 0.038281
0 0.365046 0.676693 0.021759 0.053906
0 0.124306 0.263932 0.058796 0.020052
0 0.519676 0.651953 0.025463 0.046094
0 0.638194 0.102474 0.077315 0.014844
0 0.744676 0.930599 0.077315 0.014844
0 0.216898 0.801042 0.031019 0.036979
0 0.473843 0.770182 0.026389 0.042969
0 0.939120 0.383333 0.031019 0.036458
0 0.499306 0.899349 0.031019 0.035677
0 0.682176 0.299089 0.063426 0.017448
0 0.124306 0.667578 0.031019 0.035677
0 0.418287 0.191016 0.072685 0.014844
0 0.786343 0.348568 0.021759 0.048698
0 0.105787 0.192318 0.021759 0.048698
0 0.272454 0.874609 0.021759 0.048698
0 0.509259 0.788672 0.060185 0.017448
0 0.816435 0.940755 0.072685 0.014323
0 0.165972 0.321224 0.021759 0.046094
0 0.677083 0.871354 0.025463 0.038542
0 0.475694 0.501302 0.020833 0.046875
0 0.268981 0.681901 0.079630 0.012240
0 0.378935 0.127214 0.077315 0.012240
0 0.420602 0.564714 0.077315 0.012240
0 0.277083 0.205339 0.077315 0.012240
0 0.709954 0.911068 0.054167 0.017448
0 0.397454 0.420182 0.031019 0.030469
0 0.711111 0.412109 0.065741 0.014323
0 0.205324 0.454036 0.026389 0.035677
0 0.927083 0.799089 0.053241 0.017448
0 0.865046 0.867839 0.031019 0.029948
0 0.573380 0.887370 0.077315 0.011719
0 0.971528 0.345313 0.031019 0.029167
0 0.402083 0.820573 0.031019 0.029167
0 0.672917 0.150651 0.072685 0.012240
0 0.050231 0.393880 0.021759 0.040365
0 0.910185 0.689714 0.019444 0.043490
0 0.371991 0.154557 0.026389 0.030469
0 0.649769 0.930599 0.081944 0.009635
0 0.603472 0.865234 0.017130 0.045573
0 0.212269 0.485286 0.021759 0.035677
0 0.578009 0.547135 0.021759 0.034375
0 0.492361 0.291276 0.017130 0.043490
0 0.691435 0.611589 0.017130 0.043490
0 0.427546 0.861328 0.063426 0.011719
0 0.553704 0.464453 0.075000 0.009635
0 0.452546 0.726172 0.057870 0.012240
0 0.459954 0.704036 0.017130 0.040885
0 0.711806 0.245443 0.048611 0.014323
0 0.089583 0.172526 0.017130 0.040365
0 0.878935 0.428646 0.021759 0.031771
0 0.184491 0.744141 0.058796 0.011719
0 0.045139 0.179297 0.020833 0.033073
0 0.915972 0.198177 0.049537 0.013542
0 0.186806 0.909766 0.044907 0.014844
0 0.212269 0.605078 0.021759 0.030469
0 0.334954 0.762630 0.017130 0.038281
0 0.605324 0.305599 0.067130 0.009635
0 0.927546 0.777995 0.054167 0.011719
0 0.534028 0.834245 0.063426 0.009635
0 0.427546 0.495703 0.063426 0.009635
0 0.321065 0.506120 0.063426 0.009635
0 0.425231 0.827474 0.021759 0.027344
0 0.264352 0.227474 0.061111 0.009635
0 0.814120 0.451432 0.058796 0.009635
0 0.260880 0.837500 0.017130 0.031771
0 0.008565 0.772135 0.012500 0.041667
0 0.813657 0.797786 0.048611 0.009635
0 0.538657 0.319922 0.035648 0.012240
0 0.283565 0.521745 0.043981 0.009635
0 0.797917 0.164714 0.017130 0.024740
0 0.843750 0.624349 0.016204 0.022135
0 0.813657 0.288672 0.011574 0.027865
