0 0.911343 0.379818 0.132870 0.132031
0 0.332639 0.761328 0.077315 0.181510
0 0.538657 0.623047 0.220833 0.040365
0 0.429861 0.769141 0.151389 0.051302
0 0.197917 0.733984 0.085648 0.079948
0 0.385880 0.685807 0.054167 0.108594
0 0.901620 0.882422 0.131944 0.043490
0 0.804861 0.842057 0.169907 0.030469
0 0.675231 0.717057 0.123611 0.035677
0 0.344213 0.816016 0.054167 0.072135
0 0.598843 0.771745 0.109722 0.030469
0 0.758102 0.713151 0.104167 0.027865
0 0.767824 0.117839 0.114352 0.024740
0 0.402083 0.780859 0.095833 0.027865
0 0.075694 0.642839 0.044907 0.059115
0 0.314120 0.702734 0.040278 0.064323
0 0.746991 0.755469 0.137500 0.018750
0 0.705324 0.810547 0.100463 0.024740
0 0.785880 0.888672 0.048611 0.050781
0 0.249306 0.643880 0.123611 0.019531
0 0.707176 0.114193 0.085648 0.027865
0 0.887731 0.099870 0.039352 0.056510
0 0.218750 0.426432 0.034722 0.063802
0 0.802546 0.163672 0.044907 0.048698
0 0.924769 0.177734 0.039352 0.050781
0 0.693750 0.782161 0.095833 0.020052
0 0.528935 0.891276 0.118056 0.014323
0 0.108102 0.646484 0.035648 0.045573
0 0.887731 0.042578 0.076389 0.020052
0 0.816435 0.171484 0.035648 0.038281
0 0.740046 0.051693 0.031019 0.043490
0 0.067130 0.750911 0.027778 0.046094
0 0.409722 0.161068 0.101852 0.012240
0 0.855787 0.835547 0.068056 0.017448
0 0.246991 0.770443 0.026389 0.043490
0 0.084954 0.577734 0.063426 0.017448
0 0.635880 0.127214 0.081944 0.012240
0 0.073380 0.451432 0.021759 0.046094
0 0.160880 0.085286 0.076389 0.011719
0 0.862731 0.124609 0.017130 0.043490
0 0.803704 0.049089 0.056481 0.012240
0 0.626157 0.159766 0.016204 0.040885
0 0.633565 0.926693 0.049537 0.012240
0 0.096528 0.993099 0.040278 0.009635
