0 0.839583 0.181901 0.109722 0.121615
0 0.212269 0.860286 0.169907 0.051302
0 0.115046 0.089453 0.058796 0.103385
0 0.865046 0.157161 0.058796 0.072135
0 0.871991 0.641536 0.063426 0.061719
0 0.682176 0.610026 0.109722 0.035156
0 0.061806 0.767839 0.035648 0.095573
0 0.101157 0.114193 0.040278 0.069531
0 0.531250 0.572526 0.039352 0.064323
0 0.765509 0.890234 0.109722 0.022656
0 0.652083 0.333984 0.049537 0.045573
0 0.311806 0.141276 0.091204 0.024740
0 0.214583 0.196224 0.109722 0.020052
0 0.608102 0.427995 0.091204 0.020052
0 0.191435 0.267839 0.035648 0.048698
0 0.212269 0.401953 0.031019 0.046094
0 0.735417 0.566016 0.068056 0.020052
0 0.265509 0.515234 0.035648 0.038281
0 0.800231 0.220964 0.031019 0.043490
0 0.533565 0.146745 0.062500 0.020052
0 0.984259 0.809505 0.028704 0.043490
0 0.410648 0.145443 0.069444 0.017448
0 0.066435 0.793880 0.026389 0.043490
0 0.950694 0.411068 0.026389 0.043490
0 0.543287 0.236589 0.063426 0.017448
0 0.403935 0.519141 0.025463 0.035677
0 0.988889 0.658464 0.019444 0.043490
0 0.448380 0.073828 0.021759 0.030469
0 0.988889 0.180990 0.019444 0.031250
