0 0.339583 0.603776 0.081944 0.085156
0 0.915972 0.668620 0.114352 0.037760
0 0.082639 0.689714 0.049537 0.079948
0 0.434491 0.601172 0.058796 0.064323
0 0.897454 0.732682 0.040278 0.077344
0 0.554398 0.699870 0.113426 0.027344
0 0.521296 0.411068 0.047222 0.059115
0 0.561806 0.787370 0.109722 0.025260
0 0.770139 0.521094 0.054167 0.050000
0 0.422917 0.798828 0.118981 0.022135
0 0.432176 0.305599 0.128241 0.020052
0 0.608102 0.197526 0.109722 0.022656
0 0.698380 0.448828 0.095833 0.025260
0 0.432176 0.719661 0.044907 0.051302
0 0.686806 0.356380 0.081944 0.027865
0 0.052083 0.372005 0.034722 0.064323
0 0.269676 0.207682 0.081019 0.027344
0 0.714583 0.197526 0.044907 0.048698
0 0.758565 0.873307 0.086574 0.025260
0 0.286343 0.291276 0.040278 0.053906
0 0.582639 0.763932 0.105093 0.020052
0 0.543287 0.340755 0.091204 0.022656
0 0.179861 0.455339 0.040278 0.048698
0 0.205324 0.788672 0.044907 0.043490
0 0.443750 0.560807 0.077315 0.025260
0 0.953009 0.743099 0.031019 0.061719
0 0.830324 0.254167 0.044907 0.042188
0 0.258565 0.435807 0.040278 0.046094
0 0.353472 0.865495 0.072685 0.025260
0 0.909028 0.576432 0.072685 0.025260
0 0.617361 0.654557 0.091204 0.020052
0 0.932176 0.748307 0.026389 0.066927
0 0.501157 0.526693 0.034722 0.050781
0 0.670602 0.420182 0.086574 0.020052
0 0.665972 0.644141 0.114352 0.014844
0 0.512037 0.279557 0.084259 0.020052
0 0.110417 0.319922 0.095833 0.017448
0 0.390509 0.360286 0.035648 0.046094
0 0.610417 0.529297 0.040278 0.040365
0 0.624306 0.883724 0.077315 0.020052
0 0.559491 0.220964 0.068056 0.022656
0 0.193750 0.733984 0.068056 0.022656
0 0.221528 0.611589 0.068056 0.022656
0 0.318750 0.770443 0.040278 0.038281
0 0.843750 0.416276 0.034722 0.043490
0 0.656250 0.395443 0.039352 0.038281
0 0.020139 0.167318 0.035648 0.040365
0 0.862731 0.271484 0.035648 0.040365
0 0.869676 0.352474 0.031019 0.046094
0 0.909028 0.215755 0.026389 0.053906
0 0.029398 0.133073 0.035648 0.039583
0 0.419444 0.263281 0.075000 0.018750
0 0.441435 0.366536 0.063426 0.022135
0 0.744676 0.782161 0.068056 0.020052
0 0.797917 0.331641 0.026389 0.051302
0 0.152083 0.142839 0.077315 0.017448
0 0.730787 0.243750 0.031019 0.042188
0 0.959954 0.705339 0.026389 0.048698
0 0.594213 0.498307 0.035648 0.035677
0 0.570602 0.418880 0.071759 0.017448
0 0.770139 0.692969 0.035648 0.034375
0 0.304861 0.135026 0.031019 0.038281
0 0.529398 0.539323 0.026389 0.044792
0 0.392824 0.450130 0.058796 0.020052
0 0.913657 0.327734 0.035648 0.033073
0 0.421296 0.126953 0.069444 0.016927
0 0.038657 0.991146 0.072685 0.016146
0 0.603472 0.366797 0.026389 0.043490
0 0.332176 0.849870 0.076389 0.014844
0 0.123148 0.993750 0.102778 0.010937
0 0.216898 0.482682 0.021759 0.051302
0 0.434491 0.860026 0.077315 0.014323
0 0.772454 0.573828 0.031019 0.035677
0 0.543287 0.827734 0.063426 0.017448
0 0.858102 0.534766 0.026389 0.040885
0 0.756250 0.421224 0.063426 0.016927
0 0.256250 0.853516 0.063426 0.016927
0 0.038657 0.115234 0.026389 0.040365
0 0.417824 0.503516 0.071759 0.014844
0 0.828009 0.483984 0.021759 0.048698
0 0.124306 0.127214 0.086574 0.012240
0 0.540972 0.497005 0.021759 0.048698
0 0.893981 0.374609 0.024074 0.043490
0 0.175231 0.176693 0.058796 0.017448
0 0.689120 0.179297 0.058796 0.017448
0 0.925231 0.465755 0.058796 0.017448
0 0.494676 0.196224 0.068056 0.014844
0 0.145139 0.411068 0.026389 0.038281
0 0.429861 0.097266 0.068056 0.014844
0 0.071065 0.455339 0.026389 0.038281
0 0.568750 0.461589 0.021759 0.045573
0 0.582639 0.238932 0.058796 0.016927
0 0.619676 0.472005 0.021759 0.045573
0 0.619676 0.564714 0.021759 0.043490
0 0.591898 0.309505 0.021759 0.043490
0 0.128935 0.166276 0.021759 0.043490
0 0.240046 0.473568 0.021759 0.043490
0 0.529398 0.299089 0.054167 0.017448
0 0.858102 0.571224 0.063426 0.014844
0 0.177546 0.248307 0.026389 0.035677
0 0.513194 0.850911 0.077315 0.011719
0 0.728472 0.125651 0.063426 0.014323
0 0.402083 0.785807 0.077315 0.011719
0 0.603472 0.729427 0.026389 0.034375
0 0.478009 0.693359 0.025463 0.035156
0 0.897454 0.287370 0.021759 0.040885
0 0.476157 0.735286 0.021759 0.040885
0 0.691435 0.804297 0.072685 0.012240
0 0.260417 0.549089 0.071759 0.012240
0 0.948380 0.826432 0.058796 0.014844
0 0.934491 0.839453 0.058796 0.014844
0 0.932176 0.210807 0.026389 0.032552
0 0.635880 0.376953 0.072685 0.011719
0 0.142824 0.504818 0.021759 0.038281
0 0.804861 0.205339 0.021759 0.038281
0 0.753935 0.723568 0.068056 0.012240
0 0.082176 0.145443 0.067130 0.012240
0 0.700694 0.550391 0.026389 0.030469
0 0.709954 0.256120 0.054167 0.014844
0 0.654398 0.579036 0.026389 0.030469
0 0.196065 0.120964 0.026389 0.029948
0 0.050231 0.107682 0.021759 0.035677
0 0.929861 0.355078 0.021759 0.035677
0 0.380787 0.195964 0.053241 0.014323
0 0.899769 0.502214 0.017130 0.043490
0 0.733102 0.158464 0.017130 0.043490
0 0.285185 0.489193 0.019444 0.038281
0 0.661343 0.776953 0.049537 0.014844
0 0.929861 0.128516 0.049537 0.014844
0 0.212269 0.105078 0.049537 0.014844
0 0.841898 0.868099 0.049537 0.014844
0 0.334954 0.764974 0.026389 0.027344
0 0.165972 0.822526 0.058796 0.012240
0 0.281713 0.700130 0.021759 0.033073
0 0.464583 0.133724 0.072685 0.009635
0 0.348843 0.129167 0.063426 0.010937
0 0.570602 0.891536 0.071759 0.009635
0 0.815278 0.463151 0.024074 0.027865
0 0.288657 0.748047 0.072685 0.009115
0 0.448380 0.180599 0.068056 0.009635
0 0.189120 0.276953 0.068056 0.009635
0 0.272454 0.225521 0.058796 0.010937
0 0.580324 0.706641 0.063426 0.009635
0 0.601157 0.468359 0.021759 0.027865
0 0.512037 0.497005 0.047222 0.012240
0 0.946065 0.590755 0.017130 0.033073
0 0.833102 0.743099 0.057870 0.009635
0 0.774769 0.189714 0.017130 0.027865
0 0.355787 0.370703 0.049537 0.009635
0 0.686806 0.153255 0.017130 0.027865
0 0.755787 0.291927 0.016204 0.029167
0 0.510880 0.636328 0.044907 0.009635
0 0.571065 0.564714 0.054167 0.007031
0 0.189815 0.006120 0.032407 0.009635
0 0.707639 0.995052 0.031019 0.008333
