0 0.845370 0.491797 0.306481 0.095573
0 0.188657 0.529557 0.187500 0.051302
0 0.693750 0.171484 0.068056 0.079948
0 0.524769 0.900651 0.137500 0.033073
0 0.521991 0.696224 0.067130 0.066927
0 0.709954 0.603776 0.054167 0.069531
0 0.596528 0.502865 0.058796 0.060417
0 0.441435 0.629167 0.054167 0.057813
0 0.170139 0.390234 0.057870 0.053906
0 0.130093 0.387630 0.051852 0.059115
0 0.108102 0.800391 0.054167 0.056510
0 0.684028 0.871745 0.048611 0.058594
0 0.318750 0.892839 0.123611 0.022656
0 0.094213 0.442318 0.100463 0.027865
0 0.163657 0.571224 0.091204 0.030469
0 0.593750 0.881120 0.043981 0.061719
0 0.564120 0.580339 0.049537 0.048698
0 0.938657 0.374609 0.048611 0.048698
0 0.566435 0.749609 0.081944 0.027865
0 0.216898 0.417578 0.049537 0.046094
0 0.665972 0.417578 0.049537 0.046094
0 0.950694 0.145443 0.081944 0.027865
0 0.203009 0.738281 0.086574 0.026042
0 0.506250 0.483333 0.044907 0.047396
0 0.299074 0.287370 0.084259 0.025260
0 0.471528 0.761328 0.040278 0.051302
0 0.199537 0.336849 0.033333 0.061719
0 0.696065 0.432552 0.044907 0.044792
0 0.287037 0.323828 0.032407 0.061719
0 0.712269 0.843359 0.040278 0.048698
0 0.439120 0.926693 0.086574 0.022656
0 0.601157 0.197526 0.086574 0.022656
0 0.809491 0.216797 0.077315 0.024740
0 0.321759 0.636328 0.074074 0.025260
0 0.094213 0.864193 0.081944 0.022656
0 0.246991 0.179297 0.081944 0.022656
0 0.554861 0.633464 0.040278 0.045573
0 0.779398 0.808203 0.091204 0.020052
0 0.464583 0.917578 0.091204 0.020052
0 0.269676 0.704036 0.034722 0.051302
0 0.344213 0.460547 0.100463 0.017448
0 0.522454 0.342057 0.086574 0.020052
0 0.233102 0.325130 0.035648 0.048698
0 0.341898 0.732682 0.114352 0.014844
0 0.295602 0.418880 0.031019 0.053906
0 0.157870 0.186849 0.098148 0.016927
0 0.723843 0.098568 0.072685 0.022656
0 0.279398 0.244401 0.072685 0.022656
0 0.696065 0.409766 0.035648 0.046094
0 0.633565 0.698568 0.040278 0.040365
0 0.564120 0.175391 0.105093 0.014844
0 0.375463 0.757422 0.088889 0.017448
0 0.410880 0.284766 0.104167 0.014844
0 0.066435 0.559505 0.035648 0.043490
0 0.659028 0.387630 0.035648 0.043490
0 0.529398 0.491797 0.035648 0.043490
0 0.226157 0.213151 0.068056 0.022656
0 0.443750 0.799089 0.086574 0.017448
0 0.203009 0.291276 0.086574 0.017448
0 0.065972 0.249609 0.034722 0.043490
0 0.866204 0.926693 0.065741 0.022656
0 0.190972 0.159766 0.099537 0.014844
0 0.892824 0.392188 0.031019 0.047396
0 0.237731 0.248307 0.035648 0.040885
0 0.534028 0.827734 0.081944 0.017448
0 0.814120 0.339453 0.031019 0.046094
0 0.895139 0.278906 0.035648 0.039583
0 0.429861 0.447526 0.114352 0.012240
0 0.182176 0.481120 0.063426 0.022135
0 0.765509 0.728776 0.035648 0.038281
0 0.920602 0.120443 0.068056 0.019531
0 0.355787 0.747005 0.075463 0.017448
0 0.243519 0.711589 0.028704 0.045573
0 0.661343 0.205078 0.077315 0.016927
0 0.619676 0.771745 0.086574 0.014844
0 0.594213 0.650651 0.026389 0.048698
0 0.635880 0.468359 0.026389 0.048698
0 0.074537 0.358984 0.033333 0.038281
0 0.919444 0.322526 0.033333 0.038281
0 0.793287 0.881120 0.063426 0.020052
0 0.321065 0.864193 0.072685 0.017448
0 0.434491 0.862630 0.086574 0.014323
0 0.365046 0.718099 0.105093 0.011719
0 0.652083 0.342057 0.021759 0.056510
0 0.864583 0.185807 0.030093 0.040885
0 0.017361 0.732682 0.030093 0.040885
0 0.839583 0.894141 0.081944 0.014844
0 0.922917 0.849870 0.081944 0.014844
0 0.281713 0.723568 0.031019 0.038281
0 0.398611 0.360286 0.079630 0.014844
0 0.722685 0.769141 0.079630 0.014844
0 0.367361 0.418880 0.026389 0.043490
0 0.198380 0.826432 0.077315 0.014844
0 0.633565 0.860286 0.031019 0.035677
0 0.885880 0.135026 0.063426 0.017448
0 0.117361 0.196224 0.072685 0.014844
0 0.455324 0.813411 0.072685 0.014844
0 0.293287 0.519141 0.026389 0.040885
0 0.487731 0.667318 0.026389 0.040365
0 0.355787 0.304297 0.086574 0.012240
0 0.506250 0.245052 0.026389 0.039583
0 0.795602 0.911068 0.058796 0.017448
0 0.751620 0.543880 0.026389 0.038281
0 0.703009 0.373307 0.021759 0.046094
0 0.400926 0.533464 0.056481 0.017448
0 0.575694 0.680339 0.017130 0.055990
0 0.341435 0.266276 0.067130 0.014323
0 0.189120 0.174089 0.077315 0.012240
0 0.274769 0.297786 0.063426 0.014844
0 0.621991 0.300391 0.026389 0.035677
0 0.362731 0.839453 0.063426 0.014844
0 0.626157 0.431901 0.053241 0.017448
0 0.609954 0.530599 0.020833 0.042969
0 0.128935 0.118099 0.021759 0.040885
0 0.633565 0.307943 0.021759 0.040365
0 0.635880 0.840755 0.026389 0.033073
0 0.598843 0.588151 0.026389 0.033073
0 0.723843 0.793620 0.026389 0.032552
0 0.881250 0.340755 0.017130 0.048698
0 0.432176 0.767839 0.017130 0.048698
0 0.323380 0.756120 0.086574 0.009635
0 0.538657 0.366146 0.026389 0.031771
0 0.779398 0.202083 0.026389 0.031771
0 0.065972 0.810807 0.016204 0.051302
0 0.730787 0.171484 0.021759 0.038281
0 0.749306 0.093359 0.068056 0.012240
0 0.837269 0.286068 0.021759 0.038281
0 0.439120 0.425391 0.021759 0.035677
0 0.670602 0.826432 0.021759 0.035677
0 0.719213 0.555339 0.054167 0.014323
0 0.909028 0.336198 0.026389 0.029167
0 0.404398 0.421484 0.017130 0.043490
0 0.943750 0.138932 0.049537 0.014844
0 0.515509 0.455339 0.026389 0.027865
0 0.563657 0.163672 0.057870 0.012240
0 0.938657 0.176693 0.057870 0.012240
0 0.615741 0.783203 0.060185 0.011719
0 0.959954 0.329036 0.017130 0.040885
0 0.103472 0.331641 0.017130 0.040885
0 0.774769 0.247656 0.017130 0.039583
0 0.626620 0.130859 0.072685 0.009115
0 0.554861 0.810807 0.021759 0.030469
0 0.853472 0.908464 0.054167 0.012240
0 0.659028 0.590755 0.054167 0.012240
0 0.885880 0.114193 0.017130 0.038281
0 0.705324 0.690755 0.026389 0.024740
0 0.468750 0.239193 0.016204 0.038281
0 0.939120 0.351562 0.021759 0.028646
0 0.401620 0.315755 0.067130 0.009115
0 0.672454 0.340104 0.016204 0.036979
0 0.612731 0.213802 0.017130 0.034375
0 0.742361 0.184505 0.017130 0.033073
0 0.848843 0.328776 0.017130 0.029948
0 0.767824 0.353776 0.021759 0.022656
0 0.913657 0.280859 0.017130 0.027865
0 0.723380 0.542578 0.016204 0.025260
0 0.760417 0.397396 0.016204 0.023958
0 0.564120 0.041276 0.021759 0.007031
