0 0.091898 0.653255 0.068056 0.111198
0 0.744676 0.116146 0.142130 0.047396
0 0.246991 0.760026 0.183796 0.033073
0 0.105787 0.860286 0.068056 0.077344
0 0.634722 0.865495 0.116667 0.040885
0 0.374306 0.791276 0.058796 0.074740
0 0.441435 0.898958 0.165278 0.026042
0 0.117361 0.424089 0.063426 0.064323
0 0.422917 0.151693 0.109722 0.035156
0 0.525463 0.617448 0.111111 0.034375
0 0.746991 0.736328 0.044907 0.084635
0 0.221528 0.727474 0.132870 0.025260
0 0.926389 0.845964 0.144444 0.022656
0 0.560648 0.192057 0.098148 0.032552
0 0.689120 0.452474 0.114352 0.027344
0 0.271991 0.666276 0.057870 0.053906
0 0.525463 0.557943 0.055556 0.055990
0 0.598380 0.771745 0.118056 0.025260
0 0.182176 0.750260 0.118981 0.023958
0 0.884722 0.370703 0.042593 0.066927
0 0.922917 0.705339 0.035648 0.074740
0 0.762731 0.839193 0.085648 0.029948
0 0.624306 0.342057 0.049537 0.051302
0 0.221528 0.767839 0.123611 0.017448
0 0.093750 0.679297 0.034722 0.059115
0 0.409028 0.857682 0.100463 0.020052
0 0.265509 0.200130 0.081944 0.022656
0 0.316435 0.172786 0.044907 0.040885
0 0.071065 0.878516 0.072685 0.025260
0 0.376157 0.719661 0.090278 0.020052
0 0.084954 0.355078 0.035648 0.046094
0 0.950231 0.210286 0.090278 0.016927
0 0.434028 0.661719 0.094907 0.013542
0 0.765509 0.134766 0.100463 0.011719
0 0.795602 0.796224 0.021759 0.053385
0 0.675231 0.062109 0.086574 0.012240
0 0.293287 0.844661 0.017130 0.056510
0 0.263194 0.510417 0.021759 0.044271
0 0.855787 0.059505 0.021759 0.043490
0 0.545602 0.240234 0.095833 0.009115
0 0.339120 0.810807 0.025463 0.025260
0 0.295139 0.187760 0.020833 0.029167
0 0.098843 0.993099 0.044907 0.009635
