0 0.082639 0.865495 0.160648 0.051302
0 0.360417 0.885026 0.142130 0.033073
0 0.846528 0.673438 0.151389 0.026562
0 0.040972 0.233984 0.058796 0.064323
0 0.709954 0.856380 0.063426 0.059115
0 0.633102 0.856380 0.159722 0.022656
0 0.077546 0.988542 0.150463 0.021354
0 0.513194 0.858073 0.142130 0.020833
0 0.366204 0.182943 0.042593 0.066406
0 0.418287 0.718359 0.100463 0.027865
0 0.198380 0.491797 0.049537 0.053906
0 0.855787 0.872005 0.049537 0.053906
0 0.656713 0.573828 0.049537 0.051302
0 0.587269 0.454036 0.040278 0.061719
0 0.444907 0.679297 0.088889 0.027865
0 0.624306 0.670182 0.049537 0.046094
0 0.286343 0.576693 0.049537 0.045573
0 0.465741 0.507422 0.037963 0.059115
0 0.719213 0.095964 0.128241 0.017448
0 0.527083 0.633724 0.086574 0.025260
0 0.642361 0.591406 0.048611 0.044792
0 0.108102 0.337240 0.081944 0.026042
0 0.464583 0.396745 0.044907 0.046094
0 0.191435 0.193620 0.081944 0.025260
0 0.374306 0.352474 0.040278 0.051302
0 0.165972 0.495443 0.040278 0.050781
0 0.495833 0.561458 0.042593 0.047396
0 0.595370 0.114193 0.112037 0.017448
0 0.902083 0.628516 0.077315 0.025260
0 0.936806 0.502214 0.044907 0.043490
0 0.892824 0.581641 0.077315 0.025260
0 0.793287 0.491146 0.035648 0.052604
0 0.848843 0.231380 0.081944 0.022656
0 0.703009 0.247656 0.077315 0.023958
0 0.852315 0.757422 0.042593 0.043490
0 0.270139 0.691016 0.044907 0.040885
0 0.339583 0.546484 0.100463 0.017448
0 0.527083 0.681901 0.040278 0.043490
0 0.490046 0.243099 0.086574 0.020052
0 0.712269 0.329036 0.086574 0.020052
0 0.375463 0.320964 0.042593 0.040365
0 0.172917 0.454427 0.081944 0.020833
0 0.318750 0.329036 0.040278 0.040885
0 0.260880 0.457943 0.072685 0.022656
0 0.466898 0.740495 0.040278 0.040885
0 0.029398 0.769141 0.035648 0.046094
0 0.358102 0.276953 0.035648 0.046094
0 0.485417 0.462240 0.031019 0.052083
0 0.934491 0.680599 0.031019 0.051302
0 0.066435 0.478776 0.026389 0.059115
0 0.499306 0.642839 0.040278 0.038281
0 0.513194 0.723568 0.040278 0.038281
0 0.272454 0.772786 0.086574 0.016927
0 0.721528 0.179036 0.086574 0.016927
0 0.165509 0.728776 0.030093 0.048698
0 0.168287 0.605078 0.035648 0.040885
0 0.343750 0.355078 0.025463 0.056510
0 0.212269 0.592057 0.031019 0.046094
0 0.066435 0.205339 0.081944 0.017448
0 0.163657 0.780859 0.081944 0.017448
0 0.531713 0.480078 0.095833 0.014844
0 0.929861 0.542318 0.031019 0.045573
0 0.314120 0.513672 0.095833 0.014323
0 0.888194 0.844661 0.068056 0.020052
0 0.605787 0.201432 0.068056 0.020052
0 0.793287 0.646094 0.072685 0.018750
0 0.832639 0.869401 0.031019 0.043490
0 0.373148 0.459245 0.028704 0.046094
0 0.447917 0.554036 0.030093 0.042969
0 0.221528 0.102474 0.086574 0.014844
0 0.909028 0.293620 0.026389 0.048177
0 0.279398 0.633724 0.035648 0.035677
0 0.029398 0.706641 0.035648 0.035677
0 0.632407 0.620703 0.084259 0.014844
0 0.317130 0.655859 0.101852 0.012240
0 0.645139 0.632161 0.072685 0.016927
0 0.486574 0.260026 0.070370 0.017448
0 0.494676 0.143490 0.031019 0.039583
0 0.964583 0.411719 0.035648 0.034375
0 0.341898 0.872005 0.068056 0.017448
0 0.318750 0.783464 0.068056 0.017448
0 0.196065 0.543880 0.035648 0.033073
0 0.682176 0.457943 0.035648 0.033073
0 0.837269 0.564714 0.021759 0.053906
0 0.802083 0.902604 0.071759 0.016146
0 0.730787 0.606120 0.068056 0.016927
0 0.911343 0.771745 0.077315 0.014844
0 0.258565 0.292578 0.021759 0.051302
0 0.554861 0.693620 0.021759 0.051302
0 0.448380 0.128516 0.021759 0.051302
0 0.693750 0.604818 0.021759 0.050781
0 0.665972 0.654557 0.031019 0.035677
0 0.912963 0.642578 0.064815 0.016927
0 0.334954 0.836849 0.072685 0.014844
0 0.881250 0.802995 0.072685 0.014844
0 0.663657 0.243099 0.072685 0.014844
0 0.112731 0.698828 0.026389 0.040885
0 0.922917 0.103516 0.063426 0.016927
0 0.801389 0.158464 0.061111 0.017448
0 0.280556 0.494401 0.084259 0.012240
0 0.837269 0.702734 0.031019 0.033073
0 0.485417 0.188411 0.068056 0.014844
0 0.036343 0.539974 0.021759 0.046094
0 0.927546 0.473568 0.081944 0.012240
0 0.385880 0.851172 0.081944 0.012240
0 0.469213 0.311849 0.081944 0.011719
0 0.619676 0.408464 0.021759 0.043490
0 0.841898 0.335547 0.077315 0.012240
0 0.446065 0.473568 0.054167 0.017448
0 0.339583 0.793880 0.054167 0.017448
0 0.138194 0.472266 0.031019 0.030469
0 0.672917 0.151953 0.063426 0.014844
0 0.390509 0.524349 0.026389 0.035677
0 0.677546 0.511328 0.063426 0.014844
0 0.230787 0.291016 0.021759 0.042969
0 0.153241 0.668620 0.079630 0.011719
0 0.612731 0.825130 0.072685 0.012240
0 0.767824 0.185807 0.021759 0.040885
0 0.441435 0.757422 0.072685 0.012240
0 0.365046 0.307943 0.021759 0.040365
0 0.171759 0.404297 0.061111 0.014323
0 0.323380 0.276953 0.058796 0.014844
0 0.531713 0.829036 0.058796 0.014844
0 0.221528 0.602474 0.058796 0.014844
0 0.105787 0.799740 0.021759 0.039583
0 0.528935 0.187109 0.025463 0.033073
0 0.652083 0.696224 0.086574 0.009635
0 0.763194 0.215755 0.068056 0.012240
0 0.341898 0.635026 0.021759 0.038281
0 0.941435 0.291536 0.017130 0.048177
0 0.908565 0.522786 0.025463 0.032552
0 0.576852 0.398047 0.065741 0.012240
0 0.142824 0.402344 0.021759 0.036458
0 0.890509 0.136068 0.054167 0.014323
0 0.207639 0.614583 0.058796 0.013021
0 0.503935 0.742839 0.021759 0.035156
0 0.010880 0.713151 0.017130 0.043490
0 0.707176 0.349609 0.020833 0.035156
0 0.293287 0.306250 0.017130 0.042188
0 0.517824 0.304297 0.021759 0.033073
0 0.439120 0.783464 0.058796 0.012240
0 0.073380 0.397786 0.021759 0.032552
0 0.515046 0.106120 0.025463 0.027344
0 0.600694 0.522786 0.057870 0.011719
0 0.950231 0.558203 0.016204 0.040885
0 0.186806 0.222266 0.026389 0.025260
0 0.728009 0.151693 0.016204 0.040365
0 0.082639 0.588802 0.021759 0.029167
0 0.154398 0.909766 0.063426 0.009635
0 0.473843 0.618099 0.063426 0.009635
0 0.432176 0.287109 0.017130 0.035156
0 0.426389 0.776953 0.061111 0.009635
0 0.503935 0.222266 0.058796 0.009635
0 0.307176 0.712891 0.044907 0.011719
0 0.524769 0.615495 0.017130 0.025260
0 0.263194 0.189714 0.058796 0.007031
0 0.075694 0.236589 0.017130 0.022656
0 0.330324 0.300391 0.017130 0.020052
0 0.339583 0.995052 0.026389 0.008333
0 0.684491 0.997656 0.021759 0.003125
