0 0.550231 0.611589 0.151389 0.033073
0 0.887731 0.215755 0.057870 0.085156
0 0.697222 0.216406 0.065741 0.065625
0 0.522454 0.217057 0.068056 0.061719
0 0.376620 0.904557 0.109722 0.035677
0 0.321759 0.236589 0.064815 0.059115
0 0.230787 0.465495 0.058796 0.063802
0 0.557176 0.244401 0.063426 0.059115
0 0.181019 0.838151 0.107407 0.033073
0 0.609954 0.658464 0.104167 0.033073
0 0.473380 0.460547 0.118056 0.027865
0 0.600694 0.752214 0.113426 0.027865
0 0.758565 0.215104 0.114352 0.026562
0 0.160185 0.707682 0.056481 0.053385
0 0.431713 0.568620 0.118056 0.025260
0 0.549769 0.452734 0.104167 0.027865
0 0.159028 0.558203 0.100463 0.025260
0 0.591435 0.386068 0.048611 0.050781
0 0.323380 0.411068 0.086574 0.027865
0 0.781713 0.192318 0.132870 0.017448
0 0.557176 0.534766 0.091204 0.025260
0 0.487731 0.758724 0.044907 0.051302
0 0.175231 0.230078 0.049537 0.046094
0 0.348843 0.444922 0.081944 0.027865
0 0.637037 0.309245 0.037963 0.058594
0 0.771991 0.635677 0.048611 0.044792
0 0.341898 0.775391 0.040278 0.053385
0 0.839583 0.235937 0.044907 0.047396
0 0.667824 0.548828 0.043981 0.048177
0 0.427546 0.356380 0.118981 0.017448
0 0.640509 0.495703 0.035648 0.056510
0 0.163657 0.770443 0.044907 0.043490
0 0.478472 0.194922 0.044907 0.043490
0 0.057176 0.174089 0.081944 0.022656
0 0.626620 0.519141 0.072685 0.025260
0 0.696065 0.633724 0.044907 0.040885
0 0.251620 0.375911 0.035648 0.051302
0 0.223843 0.412370 0.091204 0.020052
0 0.353472 0.891276 0.091204 0.019531
0 0.075694 0.632422 0.100463 0.017448
0 0.091898 0.506120 0.031019 0.056510
0 0.159028 0.140234 0.100463 0.017448
0 0.440278 0.420182 0.116667 0.014844
0 0.487731 0.866146 0.035648 0.047396
0 0.448380 0.817318 0.031019 0.053906
0 0.709954 0.693620 0.109722 0.014844
0 0.071065 0.151693 0.081944 0.019531
0 0.208796 0.107682 0.079630 0.020052
0 0.737731 0.554948 0.035648 0.044792
0 0.299074 0.269531 0.037963 0.041667
0 0.464120 0.142839 0.090278 0.017448
0 0.714120 0.364193 0.127315 0.012240
0 0.179861 0.258724 0.077315 0.020052
0 0.550231 0.162370 0.077315 0.020052
0 0.267824 0.213151 0.040278 0.038281
0 0.484954 0.650651 0.039352 0.038281
0 0.538194 0.712891 0.034722 0.042969
0 0.502315 0.443620 0.074074 0.020052
0 0.530556 0.667578 0.028704 0.051302
0 0.522454 0.313411 0.021759 0.066927
0 0.075694 0.787370 0.035648 0.040885
0 0.229167 0.742839 0.074074 0.019531
0 0.698380 0.471615 0.105093 0.013542
0 0.253935 0.730339 0.031019 0.045573
0 0.795602 0.552083 0.031019 0.044271
0 0.330324 0.671484 0.035648 0.038281
0 0.692593 0.177995 0.037963 0.035677
0 0.925231 0.549089 0.031019 0.043490
0 0.295602 0.395443 0.031019 0.043490
0 0.621528 0.606380 0.034722 0.038281
0 0.556019 0.589453 0.088889 0.014844
0 0.518981 0.138932 0.065741 0.020052
0 0.277083 0.760026 0.021759 0.059115
0 0.578009 0.244141 0.021759 0.058594
0 0.709954 0.886328 0.063426 0.020052
0 0.631250 0.269141 0.063426 0.020052
0 0.071065 0.624609 0.072685 0.017448
0 0.723380 0.776953 0.034722 0.035677
0 0.487731 0.493099 0.081944 0.014844
0 0.846065 0.457292 0.030093 0.039583
0 0.078009 0.314714 0.068056 0.017448
0 0.749306 0.624609 0.031019 0.038281
0 0.328009 0.114193 0.095833 0.012240
0 0.242361 0.817318 0.035648 0.033073
0 0.410880 0.562109 0.094907 0.012240
0 0.117361 0.754167 0.026389 0.042188
0 0.281713 0.696224 0.031019 0.035677
0 0.302546 0.851172 0.063426 0.017448
0 0.427083 0.111589 0.062500 0.017448
0 0.809491 0.549740 0.031019 0.034375
0 0.679861 0.830339 0.021759 0.048698
0 0.525926 0.596615 0.056481 0.018750
0 0.698380 0.527995 0.021759 0.048177
0 0.811343 0.628516 0.025463 0.040885
0 0.277083 0.161068 0.031019 0.033073
0 0.045602 0.158464 0.058796 0.017448
0 0.617361 0.247005 0.026389 0.038281
0 0.344213 0.822526 0.026389 0.038281
0 0.057176 0.187109 0.081944 0.012240
0 0.469213 0.478776 0.081944 0.012240
0 0.582639 0.558854 0.086574 0.010937
0 0.753935 0.546484 0.021759 0.043490
0 0.027083 0.211849 0.031019 0.030469
0 0.214583 0.821224 0.026389 0.035677
0 0.668287 0.521745 0.026389 0.035677
0 0.501157 0.796484 0.053241 0.017448
0 0.309028 0.594661 0.030093 0.030469
0 0.223380 0.227474 0.025463 0.035677
0 0.240046 0.321615 0.021759 0.041667
0 0.697917 0.827734 0.020833 0.043490
0 0.115046 0.779557 0.021759 0.040885
0 0.098843 0.202734 0.072685 0.012240
0 0.832639 0.568620 0.021759 0.040885
0 0.422917 0.872005 0.072685 0.012240
0 0.142361 0.599609 0.020833 0.040365
0 0.466898 0.373307 0.086574 0.009635
0 0.360417 0.749349 0.049537 0.016927
0 0.263194 0.437109 0.068056 0.012240
0 0.421296 0.532813 0.050926 0.016146
0 0.725694 0.856380 0.020833 0.038281
0 0.471528 0.992448 0.058796 0.013542
0 0.368056 0.150651 0.064815 0.012240
0 0.358102 0.654557 0.081944 0.009635
0 0.668287 0.222005 0.026389 0.029948
0 0.506250 0.538672 0.063426 0.012240
0 0.573380 0.589453 0.021759 0.035677
0 0.399769 0.124609 0.063426 0.012240
0 0.667824 0.654297 0.025463 0.029948
0 0.652083 0.459245 0.077315 0.009635
0 0.409028 0.671484 0.017130 0.043490
0 0.371991 0.340495 0.063426 0.011719
0 0.661343 0.094661 0.049537 0.014844
0 0.610417 0.146745 0.049537 0.014844
0 0.233102 0.588151 0.026389 0.027865
0 0.297917 0.761979 0.017130 0.042188
0 0.212269 0.335547 0.058796 0.012240
0 0.078009 0.345964 0.021759 0.033073
0 0.200694 0.615495 0.017130 0.040885
0 0.029398 0.373307 0.017130 0.040885
0 0.719213 0.543229 0.026389 0.026562
0 0.702546 0.864193 0.020833 0.033073
0 0.539352 0.106380 0.055556 0.012240
0 0.380787 0.766536 0.016204 0.040885
0 0.045602 0.836849 0.068056 0.009635
0 0.034028 0.416016 0.017130 0.037760
0 0.074537 0.450130 0.051852 0.012240
0 0.332639 0.172526 0.068056 0.009115
0 0.189120 0.313151 0.068056 0.009115
0 0.742361 0.123307 0.017130 0.035677
0 0.552546 0.774349 0.063426 0.009635
0 0.469213 0.094661 0.063426 0.009635
0 0.307176 0.800391 0.017130 0.035677
0 0.311806 0.539974 0.063426 0.009635
0 0.184491 0.593359 0.021759 0.027865
0 0.547917 0.317318 0.017130 0.033073
0 0.603472 0.238932 0.017130 0.032552
0 0.652083 0.630859 0.021759 0.024740
0 0.652083 0.193359 0.021759 0.024740
0 0.830324 0.500911 0.017130 0.030469
0 0.584954 0.326172 0.017130 0.029948
0 0.128935 0.413672 0.068056 0.007031
0 0.635417 0.538411 0.016204 0.027344
0 0.221065 0.670182 0.020833 0.020052
0 0.066435 0.140234 0.017130 0.022656
0 0.547917 0.757422 0.054167 0.007031
0 0.404398 0.623307 0.017130 0.020052
0 0.128935 0.473568 0.012500 0.022656
