0 0.281250 0.799089 0.085648 0.111198
0 0.586111 0.463151 0.047222 0.079948
0 0.406250 0.498307 0.122685 0.030469
0 0.371528 0.330729 0.108796 0.033854
0 0.701852 0.378516 0.102778 0.030469
0 0.679861 0.124349 0.095833 0.032552
0 0.344213 0.883724 0.118981 0.025260
0 0.832639 0.141536 0.049537 0.056510
0 0.365046 0.377865 0.095833 0.029167
0 0.496991 0.756120 0.091204 0.030469
0 0.777083 0.888932 0.132870 0.020052
0 0.360417 0.149349 0.105093 0.025260
0 0.117361 0.740495 0.035648 0.072135
0 0.714120 0.508984 0.043981 0.050781
0 0.128935 0.015234 0.123611 0.017448
0 0.321759 0.575130 0.092593 0.022656
0 0.885880 0.827734 0.118981 0.017448
0 0.255093 0.774349 0.033333 0.061719
0 0.692593 0.598568 0.047222 0.043490
0 0.751620 0.845703 0.091204 0.022135
0 0.154398 0.646094 0.044907 0.044792
0 0.767824 0.612891 0.077315 0.025260
0 0.531713 0.521745 0.077315 0.025260
0 0.369676 0.758724 0.077315 0.025260
0 0.786343 0.876953 0.086574 0.022135
0 0.623148 0.244141 0.084259 0.022135
0 0.318750 0.720964 0.031019 0.059115
0 0.260880 0.735286 0.044907 0.040885
0 0.552546 0.099870 0.035648 0.051302
0 0.207176 0.404557 0.039352 0.046094
0 0.844213 0.264974 0.081944 0.022135
0 0.943750 0.586198 0.095833 0.018750
0 0.193750 0.274349 0.031019 0.056510
0 0.902083 0.597266 0.040278 0.040885
0 0.515509 0.894141 0.081944 0.020052
0 0.659028 0.323828 0.026389 0.061719
0 0.719213 0.138932 0.109722 0.014844
0 0.128935 0.537370 0.031019 0.051302
0 0.365046 0.206641 0.031019 0.051302
0 0.476157 0.691016 0.031019 0.051302
0 0.083333 0.577734 0.069444 0.022656
0 0.089583 0.465755 0.035648 0.043490
0 0.945602 0.627214 0.034722 0.043490
0 0.484259 0.110286 0.075000 0.020052
0 0.626620 0.706641 0.035648 0.040885
0 0.672454 0.625911 0.071759 0.020052
0 0.110417 0.180599 0.095833 0.014844
0 0.300231 0.632422 0.021759 0.064323
0 0.576852 0.203385 0.102778 0.013542
0 0.802546 0.645443 0.035648 0.038281
0 0.774769 0.507422 0.035648 0.038281
0 0.871991 0.497005 0.035648 0.038281
0 0.941435 0.269141 0.091204 0.014844
0 0.818750 0.439714 0.077315 0.017448
0 0.795602 0.851172 0.031019 0.043490
0 0.508565 0.403255 0.077315 0.017448
0 0.078009 0.439714 0.031019 0.043490
0 0.406713 0.840495 0.031019 0.042969
0 0.603472 0.670573 0.063426 0.020833
0 0.230324 0.645443 0.030093 0.043490
0 0.596065 0.452734 0.030093 0.042448
0 0.737731 0.752214 0.072685 0.017448
0 0.388194 0.663672 0.031019 0.040885
0 0.094213 0.547526 0.035648 0.035156
0 0.584954 0.559505 0.100463 0.012240
0 0.810648 0.739193 0.070370 0.017448
0 0.231944 0.537109 0.061111 0.019531
0 0.170602 0.525651 0.031019 0.038281
0 0.976157 0.476172 0.031019 0.038281
0 0.309491 0.236589 0.068056 0.017448
0 0.580324 0.486589 0.035648 0.033073
0 0.879630 0.993750 0.106481 0.010937
0 0.697917 0.720964 0.067130 0.017448
0 0.436343 0.242839 0.081019 0.014323
0 0.322917 0.503516 0.057870 0.020052
0 0.756250 0.819922 0.026389 0.043490
0 0.383565 0.506120 0.077315 0.014844
0 0.871528 0.171224 0.034722 0.032552
0 0.272454 0.250911 0.021759 0.051302
0 0.797454 0.228776 0.090278 0.012240
0 0.528935 0.101172 0.025463 0.043490
0 0.090741 0.507422 0.028704 0.038281
0 0.358102 0.295182 0.026389 0.040885
0 0.117361 0.267578 0.091204 0.011719
0 0.624306 0.627214 0.021759 0.048698
0 0.665972 0.536068 0.021759 0.048698
0 0.323380 0.637630 0.021759 0.048698
0 0.980787 0.379818 0.021759 0.048698
0 0.212269 0.494401 0.021759 0.048698
0 0.944907 0.338151 0.024074 0.043490
0 0.045139 0.344010 0.030093 0.034375
0 0.462269 0.507422 0.031019 0.033073
0 0.263194 0.369401 0.058796 0.017448
0 0.760880 0.166276 0.026389 0.038281
0 0.624306 0.217057 0.068056 0.014844
0 0.800231 0.168620 0.058796 0.016927
0 0.646991 0.603776 0.030093 0.033073
0 0.800231 0.616797 0.021759 0.043490
0 0.837269 0.619401 0.021759 0.043490
0 0.494676 0.189714 0.077315 0.012240
0 0.182176 0.898047 0.054167 0.017448
0 0.057176 0.500911 0.026389 0.035677
0 0.552546 0.693620 0.063426 0.014844
0 0.696065 0.842057 0.026389 0.035677
0 0.966898 0.758724 0.063426 0.014844
0 0.797917 0.123307 0.026389 0.035677
0 0.751620 0.714453 0.026389 0.035677
0 0.228472 0.611589 0.017130 0.053906
0 0.684028 0.748307 0.030093 0.030469
0 0.773148 0.195964 0.097222 0.009115
0 0.811806 0.754818 0.072685 0.012240
0 0.700231 0.095964 0.071759 0.012240
0 0.980787 0.206380 0.021759 0.040365
0 0.480324 0.084245 0.057870 0.014844
0 0.814120 0.208984 0.058796 0.014323
0 0.482639 0.849870 0.016204 0.051302
0 0.814120 0.314714 0.068056 0.012240
0 0.540972 0.741797 0.021759 0.038281
0 0.619213 0.090755 0.067130 0.012240
0 0.151620 0.111589 0.067130 0.012240
0 0.619213 0.294271 0.020833 0.039062
0 0.061806 0.532161 0.026389 0.030469
0 0.650926 0.411068 0.028704 0.027865
0 0.522454 0.711589 0.086574 0.009115
0 0.626620 0.659766 0.081944 0.009635
0 0.078009 0.352474 0.021759 0.035677
0 0.920602 0.362891 0.021759 0.035677
0 0.654398 0.249609 0.063426 0.012240
0 0.179861 0.625911 0.021759 0.035677
0 0.709954 0.215755 0.063426 0.012240
0 0.797917 0.498958 0.017130 0.044792
0 0.357639 0.680599 0.016204 0.046094
0 0.858102 0.369401 0.017130 0.043490
0 0.853472 0.747005 0.017130 0.043490
0 0.170139 0.391536 0.020833 0.035677
0 0.633565 0.547786 0.049537 0.014844
0 0.196065 0.336849 0.072685 0.009635
0 0.976157 0.457292 0.021759 0.031771
0 0.682176 0.489844 0.017130 0.039583
0 0.969213 0.838151 0.017130 0.038281
0 0.802546 0.546745 0.017130 0.037760
0 0.255787 0.629818 0.016204 0.038281
0 0.668287 0.274349 0.063426 0.009635
0 0.265509 0.159766 0.017130 0.035677
0 0.094213 0.818620 0.063426 0.009635
0 0.376620 0.404557 0.063426 0.009635
0 0.793287 0.274349 0.063426 0.009635
0 0.889352 0.748307 0.014815 0.040885
0 0.746991 0.732031 0.072685 0.008333
0 0.744676 0.473568 0.021759 0.027865
0 0.708796 0.779557 0.061111 0.009635
0 0.708796 0.167578 0.061111 0.009635
0 0.244213 0.163672 0.020833 0.027865
0 0.691435 0.238542 0.017130 0.031771
0 0.890509 0.089453 0.054167 0.009635
0 0.108102 0.401953 0.017130 0.030469
0 0.932176 0.735286 0.017130 0.030469
0 0.343750 0.107682 0.016204 0.030469
0 0.888194 0.076432 0.049537 0.009635
0 0.656713 0.137370 0.012500 0.037760
0 0.605787 0.193359 0.049537 0.009115
0 0.969213 0.236589 0.035648 0.012240
0 0.584954 0.590495 0.063426 0.006510
0 0.293287 0.148047 0.054167 0.007031
0 0.443750 0.204036 0.012500 0.030469
0 0.466898 0.663411 0.012500 0.027344
0 0.784028 0.727474 0.017130 0.020052
0 0.682176 0.823828 0.017130 0.020052
0 0.543287 0.334245 0.035648 0.009635
0 0.806713 0.079036 0.016204 0.020052
0 0.892361 0.278255 0.011574 0.022656
0 0.605787 0.997656 0.021759 0.003125
