0 0.536343 0.616536 0.234722 0.048177
0 0.809491 0.297786 0.169907 0.056510
0 0.157407 0.869792 0.152778 0.033854
0 0.936806 0.687109 0.054167 0.069531
0 0.825694 0.444922 0.063426 0.059115
0 0.777083 0.383724 0.132870 0.025260
0 0.293287 0.852474 0.146759 0.020052
0 0.819907 0.244401 0.162963 0.017448
0 0.369676 0.239193 0.040278 0.069531
0 0.975000 0.165625 0.047222 0.057813
0 0.101157 0.620443 0.105093 0.024740
0 0.165972 0.220703 0.040278 0.063802
0 0.505093 0.460547 0.107407 0.022656
0 0.258565 0.254818 0.040278 0.059115
0 0.266204 0.312500 0.046296 0.049479
0 0.531713 0.498307 0.049537 0.046094
0 0.730787 0.279557 0.040278 0.056510
0 0.828009 0.851172 0.031019 0.069531
0 0.290972 0.487630 0.086574 0.024740
0 0.645139 0.176693 0.035648 0.059115
0 0.837269 0.211849 0.040278 0.051302
0 0.181019 0.877865 0.107407 0.018750
0 0.253935 0.692318 0.031019 0.059115
0 0.112269 0.786068 0.025463 0.069531
0 0.820602 0.123047 0.043981 0.040365
0 0.432176 0.137630 0.035648 0.048698
0 0.295602 0.679036 0.040278 0.042969
0 0.133565 0.860286 0.105093 0.014844
0 0.881250 0.080339 0.035648 0.043490
0 0.068750 0.280859 0.021759 0.069531
0 0.890509 0.157161 0.026389 0.056510
0 0.736574 0.127865 0.107407 0.013542
0 0.915972 0.104427 0.031019 0.044792
0 0.950231 0.116146 0.081019 0.016146
0 0.543287 0.122656 0.091204 0.013542
0 0.850694 0.128516 0.057870 0.020052
0 0.105324 0.222266 0.020833 0.046094
0 0.927546 0.205339 0.072685 0.012240
0 0.915972 0.182943 0.086574 0.009115
0 0.232639 0.208594 0.016204 0.044792
0 0.439120 0.128516 0.021759 0.030469
0 0.696065 0.541016 0.017130 0.037760
0 0.436806 0.483984 0.017130 0.037240
0 0.022454 0.613932 0.040278 0.011719
0 0.098843 0.993099 0.044907 0.009635
0 0.228472 0.837891 0.063426 0.006510
