0 0.561806 0.549089 0.063426 0.064323
0 0.340278 0.776953 0.129630 0.030469
0 0.859954 0.629167 0.113426 0.031771
0 0.540972 0.736589 0.123611 0.027865
0 0.844213 0.478776 0.035648 0.090365
0 0.772454 0.200130 0.049537 0.064323
0 0.406713 0.111328 0.105093 0.027344
0 0.534028 0.154557 0.054167 0.051302
0 0.355787 0.257812 0.151389 0.018229
0 0.216898 0.707943 0.049537 0.053906
0 0.621528 0.515234 0.043981 0.059115
0 0.200694 0.843750 0.109722 0.023438
0 0.557176 0.862891 0.100463 0.025260
0 0.080324 0.456380 0.044907 0.055990
0 0.343750 0.714453 0.043981 0.056510
0 0.418750 0.911068 0.108796 0.022656
0 0.300231 0.633724 0.095833 0.025260
0 0.341898 0.444661 0.049537 0.048177
0 0.376157 0.480078 0.118056 0.020052
0 0.918287 0.810807 0.044907 0.051302
0 0.483102 0.866797 0.100463 0.022656
0 0.393981 0.197526 0.079630 0.027865
0 0.295602 0.894141 0.086574 0.025260
0 0.760880 0.640234 0.044907 0.048698
0 0.793287 0.676042 0.081944 0.026562
0 0.527083 0.465755 0.095833 0.022656
0 0.693750 0.653255 0.040278 0.053906
0 0.621991 0.458333 0.091204 0.023438
0 0.660880 0.392578 0.039352 0.053385
0 0.862731 0.552995 0.081944 0.025260
0 0.432176 0.835547 0.091204 0.022656
0 0.704861 0.202734 0.090278 0.022656
0 0.561806 0.361328 0.091204 0.022135
0 0.700694 0.733984 0.044907 0.043490
0 0.737731 0.418880 0.044907 0.043490
0 0.906713 0.185807 0.077315 0.025260
0 0.535880 0.418880 0.039352 0.048698
0 0.503935 0.399349 0.040278 0.046094
0 0.633565 0.468359 0.031019 0.059115
0 0.756250 0.860286 0.072685 0.025260
0 0.274769 0.448828 0.072685 0.025260
0 0.384028 0.441016 0.039352 0.046094
0 0.828009 0.187109 0.077315 0.022656
0 0.578009 0.273047 0.077315 0.022656
0 0.633565 0.314714 0.077315 0.022656
0 0.207639 0.632161 0.077315 0.022135
0 0.823380 0.325130 0.031019 0.053906
0 0.678704 0.444922 0.037963 0.043490
0 0.260880 0.705339 0.072685 0.022656
0 0.485417 0.758724 0.031019 0.051302
0 0.642824 0.776953 0.105093 0.014844
0 0.513194 0.816016 0.077315 0.020052
0 0.446065 0.514974 0.091204 0.016927
0 0.763194 0.778255 0.031019 0.048698
0 0.883102 0.319922 0.039352 0.038281
0 0.834954 0.121354 0.035648 0.042188
0 0.178704 0.218359 0.065741 0.022656
0 0.802546 0.167969 0.035648 0.041667
0 0.444444 0.372656 0.078704 0.018750
0 0.216898 0.605729 0.031019 0.047396
0 0.418287 0.144141 0.072685 0.020052
0 0.288194 0.385026 0.081019 0.017448
0 0.531250 0.766536 0.030093 0.046094
0 0.832639 0.250911 0.068056 0.020052
0 0.154398 0.489193 0.035648 0.038281
0 0.473843 0.435807 0.068056 0.020052
0 0.459954 0.508724 0.091204 0.014844
0 0.578009 0.551432 0.031019 0.042969
0 0.462269 0.201172 0.068056 0.019531
0 0.121528 0.497005 0.034722 0.038281
0 0.790972 0.575521 0.021759 0.059896
0 0.317593 0.148047 0.075000 0.017448
0 0.501620 0.595703 0.026389 0.048177
0 0.871991 0.224870 0.063426 0.020052
0 0.142824 0.597266 0.031019 0.040885
0 0.292824 0.409766 0.062500 0.020052
0 0.014352 0.718359 0.028704 0.043490
0 0.869676 0.719661 0.021759 0.056510
0 0.762731 0.558203 0.030093 0.040885
0 0.228472 0.878516 0.081944 0.014844
0 0.620370 0.924089 0.069444 0.017448
0 0.725694 0.552344 0.030093 0.039583
0 0.837269 0.622005 0.068056 0.017448
0 0.784028 0.525651 0.035648 0.033073
0 0.434028 0.171484 0.067130 0.017448
0 0.254630 0.477214 0.032407 0.035156
0 0.693750 0.378906 0.031019 0.036458
0 0.344213 0.572526 0.091204 0.012240
0 0.524769 0.558854 0.026389 0.042188
0 0.587269 0.425391 0.031019 0.035677
0 0.777083 0.693620 0.031019 0.035677
0 0.244213 0.412109 0.076389 0.014323
0 0.463426 0.338151 0.088889 0.012240
0 0.615046 0.627604 0.021759 0.049479
0 0.411343 0.739193 0.086574 0.012240
0 0.684491 0.681901 0.086574 0.012240
0 0.716898 0.838151 0.058796 0.017448
0 0.485417 0.233984 0.031019 0.033073
0 0.355787 0.355078 0.105093 0.009635
0 0.619676 0.172786 0.021759 0.046094
0 0.871991 0.846615 0.091204 0.010937
0 0.920602 0.285417 0.031019 0.031771
0 0.388194 0.609635 0.021759 0.044792
0 0.764352 0.116797 0.079630 0.012240
0 0.130787 0.655859 0.025463 0.038281
0 0.321065 0.113932 0.081944 0.011719
0 0.720370 0.905859 0.019444 0.048698
0 0.045602 0.650651 0.021759 0.043490
0 0.244676 0.127214 0.077315 0.012240
0 0.483102 0.284766 0.026389 0.035677
0 0.746991 0.097266 0.063426 0.014844
0 0.635880 0.378255 0.026389 0.035156
0 0.246991 0.367839 0.026389 0.035156
0 0.269676 0.187109 0.053241 0.017448
0 0.698380 0.695573 0.068056 0.013542
0 0.702546 0.450130 0.020833 0.043490
0 0.243056 0.504557 0.027778 0.032552
0 0.156250 0.326172 0.030093 0.029948
0 0.226157 0.745703 0.058796 0.014844
0 0.324537 0.220964 0.070370 0.012240
0 0.843750 0.343359 0.025463 0.033073
0 0.897454 0.213151 0.068056 0.012240
0 0.272454 0.546484 0.021759 0.038281
0 0.554861 0.645443 0.021759 0.038281
0 0.369676 0.879557 0.021759 0.037760
0 0.818750 0.277995 0.021759 0.037760
0 0.785880 0.129818 0.067130 0.012240
0 0.645139 0.123307 0.054167 0.014844
0 0.098843 0.276953 0.017130 0.046094
0 0.605324 0.337891 0.020833 0.037760
0 0.716435 0.124349 0.067130 0.011719
0 0.781250 0.388672 0.085648 0.009115
0 0.969213 0.175651 0.017130 0.045573
0 0.369676 0.157161 0.021759 0.035677
0 0.209491 0.490495 0.025463 0.030469
0 0.117361 0.216797 0.081944 0.009115
0 0.255787 0.664974 0.016204 0.046094
0 0.260417 0.240495 0.016204 0.046094
0 0.663657 0.655599 0.017130 0.042969
0 0.561806 0.663672 0.026389 0.027865
0 0.235417 0.530859 0.021759 0.033073
0 0.909028 0.170182 0.072685 0.009635
0 0.047917 0.297786 0.072685 0.009635
0 0.830324 0.472266 0.017130 0.040885
0 0.121991 0.709245 0.017130 0.040885
0 0.705324 0.552344 0.017130 0.039583
0 0.950694 0.681901 0.017130 0.038281
0 0.950231 0.453776 0.016204 0.040365
0 0.060648 0.723568 0.014815 0.043490
0 0.625463 0.289714 0.070370 0.009115
0 0.515509 0.715495 0.054167 0.011719
0 0.287500 0.275651 0.051852 0.012240
0 0.481944 0.538672 0.051852 0.012240
0 0.858102 0.282161 0.017130 0.035677
0 0.193750 0.752214 0.021759 0.027865
0 0.049074 0.138672 0.065741 0.009115
0 0.440278 0.500911 0.061111 0.009635
0 0.659028 0.797526 0.063426 0.009115
0 0.204861 0.472266 0.016204 0.035677
0 0.584954 0.801693 0.017130 0.033073
0 0.098843 0.502214 0.017130 0.033073
0 0.906713 0.532161 0.058796 0.009635
0 0.024306 0.411068 0.016204 0.033073
0 0.769676 0.338151 0.016204 0.033073
0 0.756250 0.495443 0.017130 0.029948
0 0.927546 0.477474 0.017130 0.029427
0 0.821065 0.519792 0.017130 0.026562
0 0.934491 0.159505 0.049537 0.009115
0 0.307176 0.808203 0.017130 0.025260
0 0.207639 0.116797 0.058796 0.007031
0 0.086806 0.588151 0.011574 0.033073
0 0.376620 0.493099 0.017130 0.020052
