0 0.091435 0.711849 0.057870 0.087760
0 0.244676 0.185807 0.114352 0.035677
0 0.915972 0.284766 0.114352 0.035677
0 0.251620 0.210547 0.118981 0.033073
0 0.605787 0.743099 0.058796 0.056510
0 0.580324 0.369401 0.100463 0.033073
0 0.881250 0.572526 0.118981 0.027865
0 0.767824 0.806641 0.049537 0.063802
0 0.131250 0.853776 0.035648 0.085156
0 0.471528 0.900651 0.132870 0.022656
0 0.066435 0.465755 0.054167 0.053906
0 0.795602 0.693620 0.049537 0.056510
0 0.089583 0.783464 0.035648 0.074740
0 0.918287 0.645443 0.091204 0.027865
0 0.347685 0.592708 0.051852 0.047396
0 0.309491 0.870703 0.095833 0.025260
0 0.406713 0.679297 0.049537 0.048698
0 0.688657 0.827734 0.085648 0.027865
0 0.155556 0.385026 0.047222 0.048698
0 0.834954 0.869401 0.081944 0.027865
0 0.207639 0.297786 0.049537 0.046094
0 0.460417 0.918880 0.127315 0.017448
0 0.325694 0.265234 0.044907 0.048698
0 0.186806 0.369141 0.044907 0.048177
0 0.147454 0.576432 0.040278 0.051302
0 0.469213 0.325130 0.091204 0.022656
0 0.422917 0.805339 0.044907 0.045573
0 0.274769 0.167578 0.100463 0.020052
0 0.315278 0.362891 0.079630 0.025260
0 0.221528 0.431901 0.031019 0.064323
0 0.575694 0.853776 0.026389 0.074740
0 0.126620 0.236589 0.044907 0.043490
0 0.170139 0.656250 0.039352 0.049479
0 0.212269 0.710286 0.040278 0.048177
0 0.323380 0.472917 0.040278 0.047396
0 0.624306 0.691016 0.040278 0.046094
0 0.612731 0.711849 0.035648 0.051302
0 0.091898 0.247005 0.077315 0.022656
0 0.240046 0.812109 0.040278 0.043490
0 0.749306 0.332943 0.077315 0.022656
0 0.330324 0.495052 0.072685 0.023958
0 0.735417 0.217057 0.086574 0.020052
0 0.265509 0.603776 0.035648 0.048698
0 0.193750 0.219661 0.086574 0.020052
0 0.510417 0.838802 0.071759 0.023958
0 0.929398 0.338151 0.039352 0.043490
0 0.528935 0.692318 0.034722 0.048698
0 0.508565 0.812109 0.095833 0.017448
0 0.267824 0.314714 0.031019 0.053906
0 0.508565 0.732682 0.040278 0.040885
0 0.318750 0.279557 0.040278 0.040885
0 0.358102 0.237891 0.035648 0.046094
0 0.899769 0.793620 0.072685 0.022135
0 0.903935 0.537370 0.034722 0.046094
0 0.874306 0.459245 0.031019 0.051302
0 0.283565 0.287109 0.034722 0.045573
0 0.138194 0.623047 0.031019 0.050781
0 0.193750 0.842057 0.077315 0.020052
0 0.087269 0.520443 0.040278 0.038281
0 0.744676 0.424089 0.068056 0.022656
0 0.096528 0.158464 0.068056 0.022656
0 0.142824 0.155859 0.021759 0.069531
0 0.281713 0.312109 0.031019 0.048698
0 0.311806 0.547786 0.100463 0.014844
0 0.197222 0.249609 0.065741 0.022656
0 0.422454 0.836849 0.099537 0.014844
0 0.807176 0.631120 0.035648 0.040885
0 0.081481 0.301693 0.037963 0.038281
0 0.920602 0.360286 0.031019 0.046094
0 0.100000 0.189453 0.084259 0.016927
0 0.440972 0.224870 0.034722 0.040885
0 0.226157 0.248307 0.068056 0.020052
0 0.182176 0.590755 0.035648 0.038281
0 0.800231 0.512370 0.031019 0.042969
0 0.802546 0.885417 0.100463 0.013021
0 0.235417 0.126953 0.077315 0.016927
0 0.466435 0.593099 0.076389 0.016927
0 0.441435 0.538672 0.026389 0.048698
0 0.439120 0.644141 0.031019 0.040885
0 0.219213 0.739193 0.072685 0.017448
0 0.642824 0.600521 0.021759 0.057813
0 0.785880 0.176693 0.020833 0.059115
0 0.015509 0.740495 0.026389 0.046094
0 0.080324 0.610286 0.026389 0.046094
0 0.668287 0.782161 0.081944 0.014844
0 0.381250 0.527214 0.026389 0.045573
0 0.290972 0.624609 0.031019 0.038281
0 0.186806 0.546484 0.035648 0.033073
0 0.853472 0.645443 0.035648 0.033073
0 0.149769 0.291276 0.026389 0.043490
0 0.779398 0.668880 0.026389 0.043490
0 0.932176 0.262630 0.026389 0.043490
0 0.165972 0.469661 0.021759 0.051302
0 0.054861 0.144141 0.021759 0.051302
0 0.848843 0.483333 0.026389 0.042188
0 0.494213 0.989844 0.057870 0.018750
0 0.117361 0.607682 0.026389 0.040885
0 0.828009 0.380469 0.077315 0.013542
0 0.862731 0.521094 0.026389 0.039583
0 0.140046 0.480078 0.025463 0.040885
0 0.743519 0.642839 0.084259 0.012240
0 0.804861 0.681901 0.031019 0.033073
0 0.959954 0.506771 0.063426 0.016146
0 0.207639 0.571224 0.021759 0.046094
0 0.837269 0.448828 0.021759 0.046094
0 0.874306 0.365495 0.021759 0.046094
0 0.309028 0.847266 0.067130 0.014844
0 0.237731 0.298828 0.026389 0.037760
0 0.061806 0.205990 0.026389 0.036979
0 0.038194 0.254818 0.025463 0.038281
0 0.233102 0.332031 0.026389 0.036458
0 0.265509 0.500521 0.026389 0.036458
0 0.575694 0.812109 0.054167 0.017448
0 0.617361 0.524349 0.063426 0.014844
0 0.408565 0.233984 0.053241 0.017448
0 0.871528 0.713802 0.016204 0.055208
0 0.739583 0.866536 0.076389 0.011719
0 0.233102 0.701432 0.017130 0.051302
0 0.830324 0.210547 0.026389 0.033073
0 0.328009 0.865495 0.058796 0.014844
0 0.867361 0.624609 0.026389 0.033073
0 0.665278 0.554297 0.069444 0.012240
0 0.286343 0.486589 0.021759 0.038281
0 0.958796 0.233594 0.024074 0.033854
0 0.777083 0.608333 0.021759 0.036979
0 0.469213 0.537370 0.026389 0.030469
0 0.524769 0.771745 0.017130 0.046094
0 0.293287 0.239193 0.063426 0.012240
0 0.925231 0.441016 0.021759 0.035677
0 0.466898 0.508464 0.021759 0.035156
0 0.121991 0.306901 0.017130 0.043490
0 0.035880 0.816667 0.067130 0.010937
0 0.370370 0.115234 0.050926 0.014323
0 0.425231 0.525651 0.021759 0.033073
0 0.337269 0.128255 0.077315 0.009115
0 0.895139 0.737891 0.017130 0.040885
0 0.094213 0.563411 0.017130 0.040885
0 0.574537 0.162370 0.070370 0.009635
0 0.420602 0.209245 0.021759 0.030469
0 0.272454 0.352474 0.068056 0.009635
0 0.061806 0.291276 0.017130 0.038281
0 0.409028 0.585547 0.017130 0.038281
0 0.490046 0.761979 0.058796 0.010937
0 0.906713 0.376563 0.021759 0.029167
0 0.441435 0.735286 0.063426 0.009635
0 0.214583 0.638932 0.017130 0.035677
0 0.385880 0.378516 0.063426 0.009635
0 0.061806 0.769141 0.017130 0.035677
0 0.360417 0.293620 0.021759 0.027344
0 0.272454 0.657813 0.021759 0.026562
0 0.422917 0.593359 0.017130 0.033073
0 0.013194 0.856380 0.012500 0.043490
0 0.269444 0.092057 0.055556 0.009635
0 0.348380 0.084245 0.053241 0.009635
0 0.786343 0.411068 0.021759 0.022656
0 0.382407 0.256120 0.019444 0.025260
0 0.526620 0.016536 0.048611 0.009635
0 0.731944 0.594661 0.014815 0.030469
0 0.449537 0.774349 0.014815 0.030469
0 0.388194 0.795182 0.012500 0.035677
0 0.832639 0.607031 0.049537 0.008333
0 0.140046 0.758724 0.016204 0.025260
0 0.894676 0.230078 0.016204 0.025260
0 0.146991 0.201172 0.020833 0.019531
0 0.486574 0.564714 0.014815 0.026823
