0 0.965741 0.722266 0.065741 0.098177
0 0.265046 0.291016 0.062500 0.074219
0 0.186806 0.862891 0.054167 0.082552
0 0.214583 0.440755 0.063426 0.061198
0 0.145139 0.677083 0.128241 0.028646
0 0.135880 0.869401 0.054167 0.064323
0 0.186806 0.590755 0.054167 0.064323
0 0.103472 0.795182 0.054167 0.061719
0 0.137731 0.597266 0.057870 0.056510
0 0.469213 0.392839 0.044907 0.069531
0 0.174769 0.446615 0.094907 0.031250
0 0.841898 0.198828 0.040278 0.072135
0 0.288657 0.709245 0.091204 0.030469
0 0.369676 0.185156 0.105093 0.023958
0 0.071759 0.569010 0.046296 0.052083
0 0.566435 0.199870 0.026389 0.084635
0 0.219213 0.773047 0.044907 0.048698
0 0.524769 0.219661 0.044907 0.046094
0 0.057176 0.865495 0.044907 0.046094
0 0.221528 0.503516 0.040278 0.051302
0 0.274769 0.881120 0.035648 0.056510
0 0.124306 0.700130 0.086574 0.022656
0 0.453009 0.599870 0.031019 0.061719
0 0.510880 0.148698 0.100463 0.018750
0 0.560185 0.755469 0.078704 0.023958
0 0.575694 0.890234 0.081944 0.022656
0 0.571065 0.845964 0.100463 0.017448
0 0.679861 0.231380 0.040278 0.043490
0 0.059491 0.470964 0.040278 0.043490
0 0.869676 0.283464 0.040278 0.043490
0 0.664815 0.256120 0.037963 0.046094
0 0.121991 0.546484 0.035648 0.048698
0 0.302546 0.554297 0.035648 0.048698
0 0.059028 0.168880 0.076389 0.022656
0 0.240046 0.133464 0.086574 0.019531
0 0.103472 0.610938 0.035648 0.047396
0 0.865046 0.108984 0.095833 0.017448
0 0.068750 0.530599 0.031019 0.053385
0 0.531713 0.696875 0.031019 0.052604
0 0.315972 0.770443 0.071759 0.022656
0 0.385417 0.694661 0.071759 0.022135
0 0.605787 0.429948 0.031019 0.050000
0 0.513194 0.857682 0.077315 0.020052
0 0.110417 0.747005 0.031019 0.048698
0 0.443750 0.119401 0.086574 0.017448
0 0.727315 0.323828 0.098148 0.014844
0 0.316435 0.296484 0.035648 0.040885
0 0.297917 0.749609 0.081944 0.017448
0 0.216898 0.696224 0.095833 0.014844
0 0.545139 0.513932 0.094907 0.014844
0 0.934491 0.328125 0.031019 0.044271
0 0.603472 0.213151 0.035648 0.038281
0 0.601157 0.289974 0.068056 0.020052
0 0.228472 0.868099 0.026389 0.051302
0 0.302546 0.217057 0.026389 0.051302
0 0.524769 0.637630 0.109722 0.012240
0 0.633565 0.180599 0.021759 0.061719
0 0.091898 0.300391 0.021759 0.061719
0 0.755787 0.289974 0.090278 0.014844
0 0.380787 0.636979 0.081019 0.016146
0 0.142824 0.316927 0.031019 0.041667
0 0.559491 0.740495 0.086574 0.014844
0 0.811806 0.603776 0.026389 0.048698
0 0.779398 0.191016 0.063426 0.020052
0 0.793287 0.664974 0.063426 0.020052
0 0.073380 0.792578 0.031019 0.040885
0 0.242361 0.934505 0.072685 0.017448
0 0.740046 0.190755 0.031019 0.040365
0 0.450694 0.671224 0.072685 0.016927
0 0.168287 0.518880 0.026389 0.045573
0 0.804861 0.197526 0.068056 0.017448
0 0.318750 0.872005 0.031019 0.038281
0 0.814120 0.241797 0.021759 0.053906
0 0.124306 0.711849 0.058796 0.020052
0 0.100694 0.668880 0.067130 0.017448
0 0.172917 0.900651 0.026389 0.043490
0 0.108102 0.523047 0.026389 0.043490
0 0.209954 0.744401 0.026389 0.043490
0 0.181713 0.760026 0.034722 0.033073
0 0.582176 0.267839 0.020833 0.053906
0 0.409028 0.793880 0.091204 0.012240
0 0.601157 0.162370 0.021759 0.051302
0 0.804861 0.104427 0.031019 0.034375
0 0.087269 0.366797 0.021759 0.048698
0 0.147454 0.728776 0.021759 0.048698
0 0.259722 0.497005 0.024074 0.043490
0 0.714583 0.106380 0.026389 0.038281
0 0.897454 0.501953 0.031019 0.032552
0 0.054861 0.826432 0.021759 0.046094
0 0.608102 0.113542 0.026389 0.036979
0 0.402083 0.590365 0.031019 0.031250
0 0.832639 0.444922 0.021759 0.043490
0 0.809491 0.122005 0.021759 0.043490
0 0.050231 0.805599 0.031019 0.030469
0 0.339583 0.823828 0.026389 0.035677
0 0.094213 0.537370 0.026389 0.035677
0 0.362731 0.844661 0.026389 0.035677
0 0.040509 0.155859 0.076389 0.012240
0 0.321759 0.595964 0.074074 0.012240
0 0.853472 0.129818 0.072685 0.012240
0 0.221528 0.641276 0.058796 0.014323
0 0.344213 0.390234 0.017130 0.048698
0 0.226157 0.110286 0.086574 0.009635
0 0.068750 0.924089 0.021759 0.038281
0 0.295602 0.132422 0.021759 0.038281
0 0.124306 0.556901 0.021759 0.038281
0 0.091898 0.470703 0.021759 0.037760
0 0.711111 0.364193 0.065741 0.012240
0 0.339583 0.316016 0.026389 0.030469
0 0.198380 0.685547 0.086574 0.009115
0 0.867361 0.579036 0.081944 0.009635
0 0.246528 0.235286 0.053241 0.014844
0 0.126157 0.641276 0.053241 0.014323
0 0.486574 0.248047 0.014815 0.050781
0 0.115046 0.417578 0.077315 0.009635
0 0.486111 0.655859 0.060185 0.012240
0 0.672917 0.390234 0.026389 0.027865
0 0.152083 0.353776 0.058796 0.012240
0 0.138194 0.207943 0.021759 0.033073
0 0.221528 0.629818 0.058796 0.012240
0 0.216898 0.119401 0.058796 0.012240
0 0.383565 0.824870 0.021759 0.032552
0 0.168287 0.472917 0.026389 0.026562
0 0.376620 0.899089 0.017130 0.040365
0 0.568287 0.108984 0.020833 0.033073
0 0.862731 0.146745 0.026389 0.025260
0 0.196065 0.848568 0.017130 0.038281
0 0.087269 0.748047 0.021759 0.029948
0 0.110417 0.401693 0.068056 0.009115
0 0.311806 0.115495 0.017130 0.035677
0 0.749306 0.340755 0.021759 0.027865
0 0.647454 0.291276 0.021759 0.027865
0 0.529398 0.364844 0.017130 0.034375
0 0.723380 0.241797 0.016204 0.033073
0 0.811806 0.318620 0.054167 0.009635
0 0.108102 0.222266 0.017130 0.030469
0 0.071065 0.711589 0.054167 0.009115
0 0.850694 0.163672 0.039352 0.012240
0 0.392824 0.167578 0.049537 0.009635
0 0.654398 0.898047 0.063426 0.007031
0 0.414815 0.251953 0.019444 0.022135
0 0.142824 0.252214 0.049537 0.007031
0 0.619213 0.177344 0.011574 0.029167
0 0.044444 0.480078 0.010185 0.025260
