0 0.080324 0.556901 0.156019 0.043490
0 0.100694 0.688802 0.159722 0.031250
0 0.720370 0.215104 0.112037 0.036979
0 0.765509 0.301432 0.137500 0.027344
0 0.545602 0.282161 0.114352 0.030469
0 0.948380 0.637630 0.040278 0.079948
0 0.075694 0.598307 0.054167 0.058594
0 0.225000 0.821224 0.102778 0.030469
0 0.209954 0.855078 0.054167 0.051302
0 0.601157 0.434505 0.095833 0.027865
0 0.777083 0.125911 0.049537 0.051302
0 0.943750 0.852474 0.049537 0.051302
0 0.640509 0.866797 0.091204 0.027865
0 0.146991 0.247656 0.085648 0.029167
0 0.040972 0.297786 0.040278 0.061719
0 0.137037 0.346615 0.130556 0.018750
0 0.091898 0.439714 0.086574 0.027865
0 0.925231 0.648047 0.049537 0.048698
0 0.566435 0.770182 0.044907 0.053385
0 0.018981 0.240495 0.037963 0.061719
0 0.156713 0.698828 0.151389 0.014844
0 0.459954 0.900651 0.044907 0.048698
0 0.369676 0.407161 0.086574 0.025260
0 0.121991 0.276953 0.081944 0.025260
0 0.844213 0.857682 0.081944 0.025260
0 0.300231 0.591406 0.040278 0.050000
0 0.899769 0.460547 0.044907 0.043490
0 0.915972 0.696224 0.077315 0.025260
0 0.249306 0.193620 0.040278 0.046094
0 0.059491 0.748307 0.040278 0.046094
0 0.823380 0.511589 0.040278 0.045573
0 0.797917 0.857682 0.072685 0.025260
0 0.626620 0.335286 0.081944 0.022135
0 0.126620 0.713151 0.100463 0.017448
0 0.767824 0.424089 0.040278 0.043490
0 0.142824 0.882422 0.040278 0.043490
0 0.258102 0.948828 0.030093 0.056510
0 0.758565 0.318359 0.086574 0.019531
0 0.411343 0.599870 0.040278 0.040885
0 0.459954 0.844661 0.081944 0.020052
0 0.084954 0.477474 0.035648 0.046094
0 0.832639 0.819271 0.031019 0.052604
0 0.189815 0.437109 0.041667 0.038281
0 0.806019 0.576172 0.079630 0.019531
0 0.230787 0.011328 0.077315 0.020052
0 0.337269 0.728776 0.031019 0.048698
0 0.156713 0.525651 0.031019 0.048698
0 0.172917 0.792578 0.072685 0.020052
0 0.874306 0.394531 0.031019 0.046875
0 0.198380 0.722005 0.031019 0.045573
0 0.145139 0.745052 0.035648 0.039583
0 0.878472 0.375911 0.039352 0.035677
0 0.784028 0.666016 0.063426 0.022135
0 0.635880 0.455339 0.035648 0.038281
0 0.388194 0.383724 0.068056 0.020052
0 0.284028 0.934505 0.035648 0.038281
0 0.726157 0.559505 0.077315 0.017448
0 0.068287 0.521745 0.067130 0.020052
0 0.973843 0.850130 0.026389 0.050781
0 0.853472 0.760026 0.026389 0.048698
0 0.186806 0.331641 0.035648 0.035677
0 0.436806 0.533464 0.072685 0.017448
0 0.411343 0.362891 0.031019 0.040885
0 0.841898 0.466797 0.031019 0.040365
0 0.612269 0.175391 0.062500 0.020052
0 0.093750 0.392839 0.025463 0.048698
0 0.774306 0.744401 0.025463 0.048698
0 0.392361 0.787370 0.030093 0.040885
0 0.131250 0.191016 0.026389 0.046094
0 0.759259 0.912370 0.060185 0.020052
0 0.522454 0.917578 0.058796 0.020052
0 0.601157 0.201432 0.058796 0.020052
0 0.728472 0.421484 0.035648 0.033073
0 0.397454 0.007422 0.095833 0.012240
0 0.101157 0.883724 0.058796 0.020052
0 0.128241 0.293229 0.069444 0.016146
0 0.068750 0.831641 0.021759 0.051302
0 0.478472 0.254818 0.063426 0.017448
0 0.839583 0.687109 0.063426 0.017448
0 0.876157 0.775391 0.025463 0.042969
0 0.313657 0.008464 0.076389 0.014323
0 0.527083 0.737630 0.031019 0.035156
0 0.744213 0.388281 0.057870 0.018750
0 0.793287 0.529557 0.026389 0.040885
0 0.357639 0.821224 0.071759 0.014844
0 0.198380 0.900651 0.021759 0.048698
0 0.050231 0.671484 0.021759 0.048698
0 0.587269 0.525391 0.021759 0.048177
0 0.388194 0.262630 0.058796 0.017448
0 0.054861 0.196224 0.021759 0.046094
0 0.932176 0.804948 0.072685 0.013542
0 0.426389 0.543880 0.079630 0.012240
0 0.779398 0.511979 0.026389 0.036979
0 0.369676 0.194010 0.031019 0.031250
0 0.101157 0.226172 0.021759 0.043490
0 0.448380 0.817318 0.077315 0.012240
0 0.878935 0.718359 0.021759 0.043490
0 0.147454 0.856380 0.021759 0.043490
0 0.017824 0.606380 0.021759 0.043490
0 0.103472 0.681901 0.054167 0.017448
0 0.598843 0.426693 0.054167 0.017448
0 0.047454 0.579688 0.025463 0.036979
0 0.848843 0.211849 0.063426 0.014844
0 0.473843 0.831641 0.063426 0.014844
0 0.124306 0.317057 0.021759 0.042969
0 0.858102 0.416276 0.017130 0.053906
0 0.531713 0.236328 0.077315 0.011719
0 0.110417 0.391536 0.021759 0.040885
0 0.413194 0.239193 0.071759 0.012240
0 0.326389 0.497656 0.064815 0.013542
0 0.723843 0.754818 0.026389 0.033073
0 0.270139 0.357031 0.017130 0.050000
0 0.417130 0.792578 0.024074 0.035677
0 0.517824 0.342057 0.086574 0.009635
0 0.786343 0.838151 0.068056 0.012240
0 0.790972 0.728776 0.021759 0.038281
0 0.785185 0.547526 0.056481 0.014323
0 0.315972 0.733984 0.016204 0.048698
0 0.784028 0.873307 0.081944 0.009635
0 0.913657 0.872005 0.063426 0.012240
0 0.240046 0.753255 0.021759 0.035156
0 0.255787 0.771484 0.025463 0.029948
0 0.819444 0.560807 0.050926 0.014844
0 0.556713 0.922786 0.016204 0.046094
0 0.478472 0.720964 0.017130 0.043490
0 0.108102 0.817318 0.017130 0.043490
0 0.760880 0.257161 0.063426 0.011719
0 0.540509 0.568620 0.076389 0.009635
0 0.767361 0.886328 0.076389 0.009635
0 0.536343 0.885026 0.058796 0.012240
0 0.436343 0.348568 0.016204 0.043490
0 0.203009 0.593099 0.021759 0.032552
0 0.459954 0.935807 0.017130 0.040885
0 0.071065 0.638932 0.017130 0.040885
0 0.267361 0.533464 0.020833 0.033073
0 0.029398 0.629818 0.017130 0.038281
0 0.554861 0.589453 0.068056 0.009635
0 0.807176 0.699870 0.017130 0.037760
0 0.112731 0.537370 0.017130 0.035677
0 0.013194 0.197526 0.021759 0.027865
0 0.076852 0.422786 0.061111 0.009635
0 0.853472 0.645833 0.017130 0.033854
0 0.397454 0.231120 0.049537 0.011719
0 0.810648 0.744401 0.014815 0.038281
0 0.897454 0.599870 0.058796 0.009635
0 0.895139 0.225911 0.017130 0.032552
0 0.010880 0.291016 0.017130 0.032552
0 0.390509 0.580339 0.044907 0.012240
0 0.358102 0.842057 0.054167 0.009635
0 0.746991 0.245703 0.054167 0.009635
0 0.242361 0.460547 0.072685 0.007031
0 0.820602 0.425391 0.053241 0.009635
0 0.755093 0.896745 0.051852 0.009635
0 0.830324 0.377214 0.017130 0.027865
0 0.675231 0.441016 0.049537 0.009635
0 0.475000 0.004818 0.065741 0.007031
0 0.634722 0.487891 0.014815 0.030469
0 0.725694 0.674089 0.011574 0.038281
0 0.216898 0.904557 0.021759 0.020052
0 0.108102 0.454036 0.017130 0.025260
0 0.133102 0.821224 0.011574 0.035677
0 0.822917 0.760677 0.011574 0.034375
0 0.730787 0.606380 0.012500 0.027865
0 0.008565 0.317708 0.012500 0.013021
