0 0.697917 0.140234 0.076389 0.079948
0 0.082639 0.779557 0.123611 0.040885
0 0.318287 0.853776 0.048611 0.100781
0 0.328009 0.270182 0.123611 0.037760
0 0.603472 0.114193 0.100463 0.033073
0 0.915972 0.241797 0.095833 0.033073
0 0.781713 0.595964 0.049537 0.059115
0 0.682176 0.847266 0.109722 0.025260
0 0.196065 0.123307 0.044907 0.061719
0 0.140509 0.575781 0.054167 0.050000
0 0.816435 0.289062 0.044907 0.059896
0 0.381250 0.835547 0.091204 0.027865
0 0.682176 0.672786 0.044907 0.056510
0 0.704861 0.872005 0.090278 0.027865
0 0.393981 0.355078 0.098148 0.025260
0 0.809491 0.844401 0.123611 0.019531
0 0.841898 0.918880 0.049537 0.048698
0 0.513194 0.728776 0.086574 0.027865
0 0.906713 0.435807 0.049537 0.046094
0 0.744676 0.414974 0.049537 0.046094
0 0.920602 0.362891 0.086574 0.025260
0 0.420602 0.194922 0.095833 0.022656
0 0.832639 0.296484 0.040278 0.053906
0 0.209954 0.561849 0.091204 0.022135
0 0.297917 0.159115 0.081944 0.023958
0 0.073380 0.309505 0.040278 0.048698
0 0.633565 0.619401 0.086574 0.022656
0 0.159028 0.595964 0.044907 0.043490
0 0.510880 0.765234 0.035648 0.053906
0 0.899306 0.523047 0.034722 0.053906
0 0.858102 0.318620 0.072685 0.025260
0 0.756250 0.821224 0.072685 0.025260
0 0.464583 0.743099 0.072685 0.025260
0 0.705324 0.235286 0.072685 0.025260
0 0.509722 0.817318 0.033333 0.053906
0 0.693287 0.594401 0.039352 0.045573
0 0.591898 0.330339 0.040278 0.043490
0 0.170602 0.874609 0.077315 0.022656
0 0.108102 0.754818 0.035648 0.048698
0 0.841898 0.795833 0.040278 0.042188
0 0.383102 0.647786 0.076389 0.022135
0 0.193750 0.523047 0.031019 0.053906
0 0.240046 0.266536 0.040278 0.040885
0 0.746991 0.802995 0.109722 0.014844
0 0.334954 0.707682 0.072685 0.022135
0 0.121991 0.526953 0.035648 0.045052
0 0.358102 0.674089 0.091204 0.017448
0 0.911343 0.604427 0.031019 0.050000
0 0.376620 0.837891 0.026389 0.058594
0 0.800231 0.244401 0.040278 0.038281
0 0.522454 0.345964 0.040278 0.038281
0 0.096528 0.541276 0.040278 0.038281
0 0.105787 0.572526 0.040278 0.038281
0 0.420602 0.593359 0.086574 0.017448
0 0.554398 0.737630 0.076389 0.019531
0 0.110417 0.605729 0.040278 0.036979
0 0.228472 0.339453 0.035648 0.040885
0 0.510880 0.250911 0.072685 0.020052
0 0.404398 0.430599 0.035648 0.040885
0 0.159028 0.740495 0.035648 0.040885
0 0.756250 0.360286 0.072685 0.020052
0 0.635417 0.732682 0.071759 0.020052
0 0.851157 0.187109 0.021759 0.064323
0 0.788194 0.906901 0.071759 0.019531
0 0.739583 0.610286 0.030093 0.046094
0 0.284028 0.907161 0.091204 0.014844
0 0.471528 0.785807 0.031019 0.042969
0 0.610417 0.569271 0.031019 0.042188
0 0.619676 0.875911 0.086574 0.014844
0 0.703009 0.823828 0.086574 0.014844
0 0.192593 0.891276 0.065741 0.019531
0 0.255093 0.510026 0.033333 0.038281
0 0.237731 0.644141 0.035648 0.035677
0 0.371991 0.542578 0.063426 0.020052
0 0.617361 0.456641 0.063426 0.020052
0 0.936806 0.381120 0.035648 0.035677
0 0.237731 0.486589 0.072685 0.017448
0 0.740046 0.313411 0.031019 0.040885
0 0.765509 0.508464 0.035648 0.035156
0 0.922917 0.768880 0.035648 0.035156
0 0.658565 0.917578 0.034722 0.035677
0 0.865046 0.709245 0.021759 0.056510
0 0.946065 0.292578 0.026389 0.046094
0 0.133565 0.692318 0.068056 0.017448
0 0.189120 0.325130 0.068056 0.017448
0 0.921759 0.499609 0.024074 0.048698
0 0.771991 0.719661 0.057870 0.020052
0 0.253472 0.167578 0.057870 0.020052
0 0.934491 0.745703 0.077315 0.014844
0 0.170602 0.375911 0.077315 0.014844
0 0.212269 0.388672 0.058796 0.019531
0 0.534028 0.515495 0.026389 0.042969
0 0.578009 0.599870 0.031019 0.035677
0 0.038657 0.277995 0.063426 0.016927
0 0.656713 0.754818 0.058796 0.017448
0 0.508565 0.701432 0.068056 0.014844
0 0.256250 0.731380 0.026389 0.038281
0 0.608102 0.192318 0.081944 0.012240
0 0.790972 0.287109 0.021759 0.045573
0 0.493519 0.707943 0.056481 0.017448
0 0.461111 0.434505 0.028704 0.033073
0 0.267824 0.556901 0.021759 0.043490
0 0.654398 0.770443 0.054167 0.017448
0 0.696065 0.740495 0.026389 0.035677
0 0.246991 0.667578 0.063426 0.014844
0 0.413657 0.467057 0.026389 0.035677
0 0.561806 0.099870 0.063426 0.014844
0 0.098843 0.331641 0.026389 0.035677
0 0.846528 0.694661 0.021759 0.042969
0 0.028241 0.898047 0.051852 0.017448
0 0.444444 0.857682 0.060185 0.014844
0 0.499306 0.649349 0.021759 0.040885
0 0.068750 0.521745 0.021759 0.040885
0 0.679861 0.388932 0.058796 0.014844
0 0.779398 0.866536 0.026389 0.032552
0 0.045602 0.632422 0.021759 0.038281
0 0.207639 0.736328 0.021759 0.037760
0 0.342593 0.689453 0.069444 0.011719
0 0.837269 0.104427 0.058796 0.013542
0 0.675231 0.789974 0.021759 0.035677
0 0.431713 0.110286 0.016204 0.046094
0 0.365046 0.298698 0.021759 0.033854
0 0.932176 0.124609 0.026389 0.027865
0 0.471528 0.323828 0.049537 0.014844
0 0.179861 0.492839 0.049537 0.014323
0 0.839583 0.664974 0.017130 0.040885
0 0.850000 0.560807 0.019444 0.035677
0 0.096065 0.629557 0.057870 0.011719
0 0.163657 0.271745 0.044907 0.014844
0 0.448380 0.685547 0.021759 0.029948
0 0.431713 0.918880 0.053241 0.012240
0 0.945602 0.398047 0.016204 0.038281
0 0.457639 0.628255 0.068056 0.009115
0 0.742361 0.388932 0.063426 0.009635
0 0.057176 0.568620 0.017130 0.035677
0 0.756250 0.180599 0.063426 0.009635
0 0.818750 0.666276 0.021759 0.027865
0 0.862731 0.417318 0.017130 0.035156
0 0.029398 0.595964 0.017130 0.033073
0 0.640509 0.145443 0.044907 0.012240
0 0.103472 0.427995 0.017130 0.030469
0 0.284722 0.810547 0.055556 0.009115
0 0.008565 0.614193 0.012500 0.038281
0 0.115046 0.660807 0.040278 0.011719
0 0.390509 0.619401 0.054167 0.007031
0 0.290509 0.490495 0.011574 0.030469
0 0.436806 0.154557 0.017130 0.020052
0 0.318750 0.171224 0.049537 0.006510
0 0.485417 0.656901 0.031019 0.009115
