0 0.241204 0.279557 0.061111 0.072135
0 0.365046 0.552995 0.049537 0.072135
0 0.318750 0.140234 0.049537 0.064323
0 0.721528 0.424089 0.058796 0.053906
0 0.691435 0.550391 0.091204 0.025260
0 0.168287 0.817318 0.026389 0.085156
0 0.808333 0.517839 0.093519 0.022656
0 0.086806 0.425391 0.076389 0.025260
0 0.404398 0.610286 0.072685 0.025260
0 0.040509 0.622005 0.030093 0.053906
0 0.267824 0.084245 0.077315 0.020052
0 0.223843 0.684505 0.035648 0.043490
0 0.448380 0.832943 0.068056 0.022656
0 0.635880 0.636328 0.026389 0.056510
0 0.034028 0.774349 0.035648 0.040885
0 0.094213 0.833984 0.072685 0.019531
0 0.677546 0.708594 0.035648 0.039583
0 0.112731 0.226172 0.035648 0.038281
0 0.078009 0.150651 0.031019 0.043490
0 0.033565 0.192318 0.034722 0.038281
0 0.466898 0.687109 0.068056 0.017448
0 0.024769 0.569922 0.035648 0.033073
0 0.355787 0.762370 0.031019 0.037760
0 0.521991 0.532813 0.030093 0.036979
0 0.615046 0.560807 0.031019 0.035677
0 0.337269 0.662109 0.031019 0.035156
0 0.682176 0.745443 0.026389 0.040365
0 0.427546 0.137370 0.081944 0.011719
0 0.045602 0.299089 0.021759 0.043490
0 0.397454 0.635026 0.077315 0.012240
0 0.061806 0.447526 0.054167 0.017448
0 0.733102 0.705339 0.054167 0.017448
0 0.117361 0.881771 0.017130 0.052604
0 0.603472 0.728776 0.072685 0.012240
0 0.013194 0.716797 0.021759 0.040365
0 0.487731 0.888932 0.054167 0.014844
0 0.464583 0.860286 0.054167 0.014844
0 0.483102 0.490495 0.054167 0.014844
0 0.209954 0.575130 0.063426 0.012240
0 0.230787 0.482422 0.021759 0.035156
0 0.073380 0.817057 0.058796 0.011719
0 0.151620 0.451432 0.020833 0.030469
0 0.325694 0.391536 0.017130 0.035677
0 0.293287 0.691016 0.054167 0.009635
