0 0.323380 0.696224 0.123611 0.113802
0 0.839583 0.754818 0.193056 0.064323
0 0.534028 0.622005 0.230093 0.043490
0 0.556713 0.719661 0.173611 0.056510
0 0.138889 0.741797 0.162037 0.043490
0 0.230324 0.819661 0.122685 0.037760
0 0.929861 0.753516 0.068056 0.066927
0 0.854630 0.254818 0.065741 0.064323
0 0.744676 0.385026 0.123611 0.033073
0 0.802546 0.883724 0.109722 0.035677
0 0.721065 0.857682 0.150463 0.025260
0 0.770833 0.151953 0.101852 0.035677
0 0.396991 0.151042 0.104167 0.033854
0 0.582176 0.736589 0.122685 0.027865
0 0.494676 0.784766 0.105093 0.030469
0 0.485417 0.861589 0.095833 0.033073
0 0.078009 0.623307 0.049537 0.061719
0 0.730787 0.150651 0.086574 0.027865
0 0.038657 0.818620 0.035648 0.061719
0 0.247685 0.632422 0.120370 0.017448
0 0.902083 0.419922 0.031019 0.066406
0 0.605787 0.817318 0.114352 0.017448
0 0.105787 0.642839 0.031019 0.064323
0 0.647454 0.891536 0.095833 0.020052
0 0.874306 0.456641 0.095833 0.020052
0 0.165972 0.195964 0.077315 0.024740
0 0.516204 0.896094 0.138889 0.013542
0 0.402083 0.776302 0.031019 0.060417
0 0.714583 0.064714 0.081944 0.022656
0 0.588426 0.476172 0.042593 0.043490
0 0.851157 0.109375 0.040278 0.044271
0 0.946065 0.654557 0.026389 0.066927
0 0.621991 0.783464 0.100463 0.017448
0 0.077546 0.250911 0.030093 0.056510
0 0.963426 0.146745 0.070370 0.020052
0 0.811806 0.238281 0.026389 0.052083
0 0.096528 0.552995 0.068056 0.020052
0 0.105787 0.241797 0.031019 0.043490
0 0.335648 0.773698 0.092593 0.013542
0 0.943750 0.201432 0.021759 0.056510
0 0.142824 0.841797 0.021759 0.055990
0 0.656713 0.866797 0.095833 0.012240
0 0.652083 0.193620 0.031019 0.035677
0 0.925231 0.119141 0.021759 0.042969
0 0.918287 0.181901 0.017130 0.053906
0 0.876620 0.150651 0.017130 0.048698
0 0.977315 0.079036 0.042593 0.014844
0 0.492361 0.929297 0.044907 0.012240
0 0.746528 0.073828 0.043981 0.009635
0 0.096065 0.993099 0.039352 0.009635
