0 0.735417 0.184505 0.179167 0.022656
0 0.784028 0.774349 0.054167 0.072135
0 0.374306 0.342057 0.105093 0.035677
0 0.970370 0.858984 0.056481 0.059115
0 0.527083 0.440755 0.049537 0.061198
0 0.751620 0.814714 0.054167 0.053906
0 0.334954 0.884375 0.091204 0.031771
0 0.137731 0.412370 0.113426 0.025260
0 0.227315 0.111589 0.042593 0.064323
0 0.587269 0.209245 0.105093 0.025260
0 0.864583 0.679948 0.039352 0.065625
0 0.723843 0.241797 0.091204 0.027865
0 0.920139 0.702734 0.048611 0.048698
0 0.957639 0.469661 0.040278 0.056510
0 0.612731 0.179297 0.044907 0.048698
0 0.619676 0.559505 0.040278 0.053906
0 0.788657 0.730078 0.044907 0.046094
0 0.482639 0.282161 0.043981 0.046094
0 0.135880 0.412109 0.035648 0.055990
0 0.846528 0.240495 0.077315 0.025260
0 0.871991 0.592057 0.128241 0.014844
0 0.832639 0.697526 0.031019 0.059115
0 0.422917 0.131120 0.072685 0.025260
0 0.486574 0.132422 0.033333 0.053906
0 0.371991 0.490495 0.118981 0.014844
0 0.587269 0.674089 0.040278 0.043490
0 0.721528 0.739193 0.040278 0.043490
0 0.962269 0.592057 0.040278 0.040885
0 0.133565 0.222005 0.031019 0.050781
0 0.415509 0.792578 0.104167 0.014844
0 0.450694 0.108984 0.035648 0.043490
0 0.851157 0.778255 0.068056 0.022656
0 0.679861 0.866797 0.068056 0.022656
0 0.718056 0.577083 0.070370 0.021354
0 0.767824 0.684245 0.031019 0.048177
0 0.899769 0.888932 0.026389 0.056510
0 0.786343 0.235286 0.021759 0.066927
0 0.286343 0.519531 0.031019 0.046875
0 0.413657 0.773047 0.081944 0.017448
0 0.230787 0.185807 0.031019 0.046094
0 0.200694 0.905859 0.081944 0.017448
0 0.426389 0.373307 0.070370 0.020052
0 0.698380 0.667578 0.068056 0.020052
0 0.777083 0.559245 0.077315 0.016927
0 0.302546 0.566406 0.035648 0.036458
0 0.865046 0.451432 0.086574 0.014844
0 0.196065 0.887630 0.072685 0.017448
0 0.436806 0.653255 0.072685 0.017448
0 0.503935 0.425391 0.031019 0.040885
0 0.258565 0.373958 0.021759 0.057813
0 0.594213 0.417318 0.035648 0.035156
0 0.172917 0.752214 0.100463 0.012240
0 0.793287 0.818620 0.026389 0.046094
0 0.668287 0.907161 0.081944 0.014844
0 0.230787 0.562500 0.031019 0.039062
0 0.700694 0.616406 0.026389 0.044271
0 0.219213 0.405599 0.035648 0.032552
0 0.446065 0.325130 0.026389 0.043490
0 0.371991 0.890234 0.026389 0.043490
0 0.374306 0.110286 0.077315 0.014844
0 0.196065 0.595964 0.026389 0.043490
0 0.834491 0.207943 0.034722 0.033073
0 0.473843 0.082943 0.091204 0.012240
0 0.721528 0.342057 0.021759 0.051302
0 0.459954 0.226172 0.063426 0.017448
0 0.661806 0.160417 0.067130 0.016146
0 0.811806 0.524349 0.026389 0.040885
0 0.172917 0.866536 0.091204 0.011719
0 0.988889 0.608984 0.019444 0.053906
0 0.874306 0.267839 0.031019 0.033073
0 0.434491 0.348568 0.031019 0.033073
0 0.443750 0.210286 0.086574 0.011719
0 0.230787 0.251953 0.031019 0.032552
0 0.321065 0.689714 0.081944 0.012240
0 0.490046 0.339193 0.021759 0.045573
0 0.818287 0.805599 0.020833 0.046094
0 0.165972 0.226172 0.021759 0.043490
0 0.082639 0.438411 0.031019 0.030469
0 0.654398 0.447526 0.054167 0.017448
0 0.223843 0.374609 0.054167 0.017448
0 0.214583 0.230078 0.063426 0.014844
0 0.527778 0.728516 0.078704 0.011719
0 0.270139 0.296224 0.054167 0.016927
0 0.337269 0.363932 0.077315 0.011719
0 0.828704 0.282161 0.060185 0.014844
0 0.865046 0.579036 0.021759 0.040885
0 0.681019 0.765234 0.070370 0.012240
0 0.559028 0.714453 0.057870 0.014844
0 0.309028 0.292578 0.020833 0.040885
0 0.617361 0.095703 0.072685 0.011719
0 0.113889 0.730078 0.056481 0.014844
0 0.869676 0.835547 0.068056 0.012240
0 0.168287 0.454036 0.026389 0.030469
0 0.285880 0.551693 0.020833 0.038281
0 0.858102 0.698568 0.026389 0.029948
0 0.579861 0.303646 0.016204 0.047396
0 0.255093 0.118099 0.051852 0.014844
0 0.945602 0.643880 0.053241 0.014323
0 0.832639 0.487891 0.077315 0.009635
0 0.198380 0.101172 0.058796 0.012240
0 0.293287 0.399740 0.017130 0.041667
0 0.483102 0.198568 0.072685 0.009115
0 0.584954 0.149349 0.026389 0.025260
0 0.157870 0.111979 0.014815 0.044271
0 0.353472 0.616797 0.017130 0.038281
0 0.256250 0.523047 0.017130 0.038281
0 0.596065 0.896745 0.067130 0.009635
0 0.186343 0.338802 0.016204 0.039583
0 0.098843 0.712891 0.054167 0.011719
0 0.971528 0.608724 0.021759 0.027344
0 0.910880 0.739193 0.048611 0.012240
0 0.444907 0.594661 0.061111 0.009635
0 0.297454 0.146745 0.016204 0.035677
0 0.699537 0.093359 0.024074 0.022656
0 0.986574 0.410807 0.024074 0.022135
0 0.668287 0.629557 0.054167 0.006510
0 0.263194 0.554297 0.012500 0.027865
0 0.314120 0.782813 0.012500 0.022917
0 0.232407 0.625911 0.027778 0.009635
0 0.612731 0.029297 0.026389 0.009115
0 0.988889 0.496745 0.019444 0.006510
0 0.665509 0.997656 0.020833 0.003125
