0 0.706481 0.592057 0.084259 0.077344
0 0.837269 0.194010 0.123611 0.041667
0 0.307176 0.154557 0.072685 0.066927
0 0.494213 0.516536 0.057870 0.077344
0 0.574074 0.283464 0.050926 0.079948
0 0.785185 0.243099 0.065741 0.061719
0 0.189120 0.548828 0.058796 0.058594
0 0.138194 0.779557 0.040278 0.082552
0 0.161343 0.443620 0.058796 0.056510
0 0.355787 0.628516 0.058796 0.056510
0 0.079861 0.504818 0.099537 0.033073
0 0.346528 0.681901 0.095833 0.033073
0 0.520139 0.373307 0.054167 0.056510
0 0.851157 0.879167 0.095833 0.031771
0 0.608102 0.818620 0.044907 0.066927
0 0.249306 0.207943 0.049537 0.059115
0 0.365046 0.711849 0.114352 0.025260
0 0.941435 0.595964 0.044907 0.064323
0 0.825694 0.508464 0.091204 0.029948
0 0.355787 0.279557 0.040278 0.066927
0 0.665972 0.878516 0.105093 0.025260
0 0.741898 0.401042 0.053241 0.049479
0 0.888194 0.261328 0.049537 0.051302
0 0.580324 0.431901 0.091204 0.027865
0 0.427546 0.525651 0.044907 0.053906
0 0.149769 0.136328 0.091204 0.025260
0 0.777083 0.798438 0.086574 0.026562
0 0.214120 0.253516 0.090278 0.025260
0 0.656713 0.304948 0.049537 0.044792
0 0.402083 0.577734 0.040278 0.053906
0 0.406250 0.483984 0.039352 0.053906
0 0.175231 0.170182 0.105093 0.020052
0 0.661343 0.267578 0.123611 0.016927
0 0.196065 0.378516 0.081944 0.025260
0 0.807176 0.459245 0.044907 0.046094
0 0.200694 0.870703 0.081944 0.025260
0 0.274769 0.483984 0.091204 0.022656
0 0.112269 0.358984 0.090278 0.022656
0 0.449074 0.624609 0.041667 0.048698
0 0.913657 0.914714 0.081944 0.024740
0 0.691435 0.391276 0.035648 0.055990
0 0.388194 0.913672 0.086574 0.022656
0 0.737731 0.369401 0.044907 0.043490
0 0.446065 0.150651 0.044907 0.043490
0 0.205324 0.905599 0.109722 0.016927
0 0.566435 0.608984 0.081944 0.022656
0 0.550231 0.523438 0.077315 0.023438
0 0.652083 0.640234 0.077315 0.022656
0 0.693750 0.697526 0.040278 0.043490
0 0.772454 0.533464 0.077315 0.022656
0 0.904398 0.582943 0.035648 0.048698
0 0.957639 0.350911 0.040278 0.042969
0 0.409028 0.819922 0.072685 0.022656
0 0.242361 0.706641 0.081944 0.020052
0 0.381250 0.185807 0.035648 0.046094
0 0.362731 0.870703 0.109722 0.014844
0 0.716898 0.810156 0.040278 0.039583
0 0.286343 0.198828 0.031019 0.051302
0 0.242361 0.278255 0.091204 0.017448
0 0.745833 0.777995 0.070370 0.022135
0 0.457639 0.237891 0.077315 0.020052
0 0.638194 0.322917 0.031019 0.049479
0 0.105324 0.526693 0.030093 0.050781
0 0.133102 0.624609 0.030093 0.048698
0 0.719907 0.241797 0.064815 0.022656
0 0.825694 0.336849 0.035648 0.040885
0 0.662500 0.536068 0.033333 0.043490
0 0.575694 0.241797 0.026389 0.053906
0 0.043981 0.533464 0.037037 0.038281
0 0.502083 0.588151 0.081019 0.017448
0 0.807176 0.658203 0.026389 0.053385
0 0.928704 0.470964 0.028704 0.048698
0 0.230787 0.842057 0.068056 0.020052
0 0.749306 0.727474 0.068056 0.020052
0 0.621991 0.533464 0.035648 0.038281
0 0.784028 0.284766 0.091204 0.014844
0 0.959954 0.421224 0.035648 0.037760
0 0.918287 0.110937 0.035648 0.036979
0 0.151620 0.094401 0.067130 0.019531
0 0.429861 0.652995 0.077315 0.016927
0 0.640509 0.788672 0.026389 0.048698
0 0.483102 0.719661 0.063426 0.020052
0 0.140509 0.802995 0.035648 0.035677
0 0.237731 0.305599 0.035648 0.035677
0 0.867361 0.472266 0.063426 0.020052
0 0.774769 0.321224 0.035648 0.035677
0 0.741898 0.741797 0.071759 0.017448
0 0.915972 0.316667 0.077315 0.016146
0 0.325694 0.718099 0.072685 0.016927
0 0.096528 0.701172 0.021759 0.055990
0 0.797454 0.333984 0.034722 0.035156
0 0.843750 0.134766 0.071759 0.016927
0 0.851157 0.858984 0.068056 0.017448
0 0.575694 0.357031 0.026389 0.044792
0 0.735417 0.207943 0.095833 0.012240
0 0.155556 0.576432 0.028704 0.040885
0 0.482639 0.690755 0.081019 0.014323
0 0.341435 0.521745 0.057870 0.020052
0 0.881250 0.121745 0.035648 0.032552
0 0.855324 0.814453 0.067130 0.016927
0 0.740046 0.298698 0.031019 0.036458
0 0.346528 0.477474 0.021759 0.051302
0 0.575694 0.444922 0.063426 0.017448
0 0.302546 0.741797 0.063426 0.017448
0 0.267824 0.638932 0.031019 0.035677
0 0.082639 0.258464 0.031019 0.035156
0 0.062269 0.918880 0.062500 0.017448
0 0.771991 0.100521 0.067130 0.016146
0 0.140509 0.227474 0.072685 0.014844
0 0.811806 0.401953 0.026389 0.040885
0 0.295602 0.780859 0.021759 0.048698
0 0.740046 0.676693 0.021759 0.048698
0 0.797917 0.716406 0.026389 0.039583
0 0.152083 0.210547 0.031019 0.033073
0 0.851157 0.098568 0.058796 0.017448
0 0.439120 0.192318 0.031019 0.033073
0 0.513194 0.741536 0.086574 0.011719
0 0.611574 0.254167 0.024074 0.042188
0 0.855787 0.717057 0.068056 0.014844
0 0.374306 0.487891 0.021759 0.046094
0 0.212269 0.322526 0.021759 0.043490
0 0.466898 0.442318 0.077315 0.012240
0 0.453009 0.247005 0.077315 0.012240
0 0.591898 0.582943 0.021759 0.043490
0 0.159028 0.291276 0.054167 0.017448
0 0.279398 0.523047 0.054167 0.017448
0 0.237269 0.141927 0.025463 0.036458
0 0.355787 0.745052 0.068056 0.013542
0 0.244213 0.597266 0.030093 0.030469
0 0.598843 0.328385 0.026389 0.034375
0 0.470370 0.548177 0.028704 0.031250
0 0.253935 0.641536 0.021759 0.040885
0 0.751620 0.661068 0.026389 0.033073
0 0.515509 0.567318 0.026389 0.033073
0 0.049769 0.704036 0.020833 0.040885
0 0.333796 0.409505 0.024074 0.035156
0 0.568750 0.796484 0.021759 0.038281
0 0.840741 0.543880 0.065741 0.012240
0 0.104630 0.184505 0.065741 0.012240
0 0.839583 0.318620 0.017130 0.046094
0 0.700694 0.326432 0.017130 0.046094
0 0.038657 0.474609 0.017130 0.045573
0 0.658565 0.662370 0.081019 0.009635
0 0.708796 0.506120 0.051852 0.014844
0 0.481944 0.396484 0.079630 0.009115
0 0.494676 0.218359 0.058796 0.012240
0 0.096528 0.622005 0.021759 0.033073
0 0.596528 0.116797 0.058796 0.012240
0 0.665972 0.779297 0.049537 0.014323
0 0.258565 0.189453 0.021759 0.032552
0 0.395139 0.240495 0.072685 0.009635
0 0.862731 0.683203 0.017130 0.040885
0 0.621991 0.102474 0.072685 0.009635
0 0.561806 0.667578 0.072685 0.009635
0 0.431019 0.368099 0.070370 0.009635
0 0.233102 0.663672 0.017130 0.038281
0 0.922917 0.666276 0.017130 0.038281
0 0.290972 0.495703 0.068056 0.009635
0 0.318750 0.321224 0.068056 0.009635
0 0.071065 0.431901 0.017130 0.038281
0 0.366898 0.394141 0.043981 0.014844
0 0.200231 0.411068 0.016204 0.038281
0 0.538194 0.168620 0.016204 0.037760
0 0.577546 0.736589 0.048611 0.012240
0 0.654398 0.258464 0.063426 0.009115
0 0.767824 0.449870 0.049537 0.011719
0 0.670139 0.200130 0.020833 0.027865
0 0.156713 0.872656 0.068056 0.008333
0 0.767824 0.906901 0.058796 0.009115
0 0.950694 0.555599 0.017130 0.030469
0 0.226157 0.434505 0.040278 0.012240
0 0.206481 0.573828 0.019444 0.025260
0 0.075694 0.681641 0.017130 0.027344
0 0.786343 0.670182 0.040278 0.009635
0 0.123148 0.589453 0.037963 0.009635
0 0.101157 0.144141 0.012500 0.025260
