0 0.104630 0.841797 0.084259 0.092448
0 0.096065 0.982031 0.187500 0.034375
0 0.233102 0.167578 0.072685 0.087760
0 0.328009 0.161068 0.077315 0.079948
0 0.763194 0.276042 0.142130 0.039062
0 0.760880 0.387630 0.118981 0.038281
0 0.670139 0.110286 0.122685 0.035677
0 0.397454 0.494141 0.049537 0.079427
0 0.616204 0.161068 0.042593 0.079948
0 0.790972 0.085547 0.114352 0.027865
0 0.042130 0.813151 0.051852 0.061198
0 0.582639 0.812109 0.058796 0.053906
0 0.540972 0.345964 0.105093 0.027865
0 0.557176 0.293880 0.054167 0.053906
0 0.242361 0.845964 0.044907 0.064323
0 0.075694 0.671484 0.035648 0.079948
0 0.334491 0.426693 0.043981 0.064323
0 0.469213 0.817318 0.100463 0.027865
0 0.633565 0.543880 0.095833 0.027865
0 0.790972 0.528906 0.040278 0.065625
0 0.633565 0.468359 0.086574 0.027865
0 0.701852 0.754818 0.047222 0.048698
0 0.633565 0.756120 0.049537 0.046094
0 0.823380 0.802734 0.049537 0.045573
0 0.295139 0.852474 0.039352 0.056510
0 0.939120 0.455990 0.040278 0.055208
0 0.140509 0.437109 0.044907 0.048698
0 0.608102 0.681641 0.044907 0.048177
0 0.399769 0.610938 0.044907 0.047396
0 0.667824 0.530859 0.034722 0.059115
0 0.845370 0.825130 0.047222 0.043490
0 0.807176 0.886328 0.137500 0.014844
0 0.241898 0.185807 0.043981 0.046094
0 0.904398 0.230078 0.100463 0.020052
0 0.957639 0.783464 0.040278 0.048698
0 0.459954 0.340755 0.044907 0.043490
0 0.145139 0.301693 0.044907 0.043490
0 0.633565 0.398698 0.077315 0.023958
0 0.193750 0.478776 0.031019 0.059115
0 0.381250 0.404557 0.072685 0.025260
0 0.765509 0.592057 0.044907 0.040885
0 0.557176 0.664974 0.044907 0.040885
0 0.559028 0.711849 0.039352 0.046094
0 0.686806 0.632422 0.100463 0.017448
0 0.514352 0.232682 0.042593 0.040885
0 0.487269 0.734635 0.071759 0.023958
0 0.353472 0.151953 0.026389 0.061719
0 0.547454 0.586849 0.108796 0.014844
0 0.209491 0.797786 0.108796 0.014844
0 0.811806 0.853516 0.072685 0.022135
0 0.589120 0.839453 0.034722 0.046094
0 0.564120 0.401693 0.031019 0.050781
0 0.150926 0.385026 0.028704 0.053906
0 0.214583 0.429297 0.035648 0.043490
0 0.448380 0.520443 0.040278 0.038281
0 0.869676 0.507422 0.040278 0.038281
0 0.915972 0.660807 0.068056 0.022135
0 0.103009 0.150391 0.034722 0.042969
0 0.663194 0.245703 0.099537 0.014844
0 0.293287 0.657161 0.035648 0.040885
0 0.862731 0.610286 0.035648 0.040885
0 0.323380 0.189062 0.068056 0.021354
0 0.652083 0.680599 0.031019 0.046094
0 0.418287 0.791927 0.035648 0.039583
0 0.398611 0.089453 0.070370 0.020052
0 0.527083 0.007422 0.114352 0.012240
0 0.235417 0.567708 0.031019 0.044271
0 0.286343 0.612891 0.068056 0.020052
0 0.411343 0.836849 0.068056 0.020052
0 0.534028 0.159766 0.091204 0.014844
0 0.714583 0.334245 0.026389 0.051302
0 0.953009 0.163672 0.031019 0.043490
0 0.578009 0.231380 0.077315 0.017448
0 0.290509 0.105078 0.067130 0.020052
0 0.496991 0.355729 0.035648 0.036979
0 0.050231 0.992448 0.095833 0.013542
0 0.543287 0.698828 0.063426 0.020052
0 0.456481 0.671224 0.075000 0.016927
0 0.910648 0.207943 0.101852 0.012240
0 0.792824 0.112891 0.062500 0.020052
0 0.110417 0.393880 0.086574 0.014323
0 0.381250 0.292578 0.026389 0.046094
0 0.105324 0.320573 0.030093 0.039583
0 0.176389 0.586849 0.033333 0.035677
0 0.513194 0.377214 0.068056 0.017448
0 0.068750 0.457943 0.031019 0.038281
0 0.087269 0.434505 0.021759 0.053906
0 0.557176 0.483984 0.035648 0.033073
0 0.869676 0.568620 0.058796 0.020052
0 0.086806 0.731380 0.094907 0.012240
0 0.806713 0.367839 0.025463 0.045573
0 0.501620 0.455078 0.035648 0.032552
0 0.867361 0.748958 0.026389 0.042188
0 0.367361 0.616797 0.063426 0.017448
0 0.755093 0.528255 0.033333 0.033073
0 0.896296 0.736589 0.028704 0.038281
0 0.043287 0.266536 0.026389 0.040885
0 0.682176 0.334245 0.026389 0.040885
0 0.526620 0.855078 0.020833 0.051302
0 0.207639 0.140885 0.031019 0.034375
0 0.654398 0.378255 0.072685 0.014323
0 0.661343 0.702734 0.031019 0.033073
0 0.841898 0.705339 0.031019 0.033073
0 0.200694 0.338151 0.026389 0.038281
0 0.086806 0.783464 0.057870 0.017448
0 0.390509 0.509766 0.026389 0.037760
0 0.387037 0.783464 0.056481 0.017448
0 0.300231 0.334896 0.031019 0.031771
0 0.264352 0.333594 0.024074 0.039583
0 0.635417 0.434245 0.081019 0.011719
0 0.818750 0.687109 0.021759 0.043490
0 0.524769 0.640234 0.054167 0.017448
0 0.117361 0.265234 0.054167 0.017448
0 0.163657 0.316016 0.026389 0.035677
0 0.149769 0.761328 0.063426 0.014844
0 0.844213 0.451172 0.026389 0.035156
0 0.612269 0.598568 0.053241 0.017448
0 0.175231 0.433203 0.021759 0.040885
0 0.272454 0.539974 0.021759 0.040885
0 0.163657 0.672786 0.091204 0.009635
0 0.449537 0.800130 0.061111 0.014323
0 0.286343 0.704036 0.058796 0.014844
0 0.371991 0.241797 0.026389 0.033073
0 0.591898 0.558203 0.058796 0.014844
0 0.505787 0.590104 0.053241 0.016146
0 0.730787 0.315104 0.021759 0.039062
0 0.499306 0.082943 0.068056 0.012240
0 0.328009 0.293880 0.068056 0.012240
0 0.957639 0.286068 0.021759 0.038281
0 0.841898 0.247005 0.021759 0.038281
0 0.314120 0.372005 0.021759 0.038281
0 0.284722 0.623307 0.055556 0.014844
0 0.413657 0.677995 0.026389 0.030469
0 0.608102 0.204036 0.081944 0.009635
0 0.146991 0.169141 0.020833 0.037760
0 0.758565 0.331641 0.021759 0.035677
0 0.154398 0.226172 0.063426 0.012240
0 0.455324 0.839193 0.054167 0.014323
0 0.253472 0.652604 0.020833 0.036979
0 0.649769 0.575130 0.017130 0.043490
0 0.409028 0.288672 0.017130 0.043490
0 0.722222 0.418880 0.060185 0.012240
0 0.346528 0.558203 0.049537 0.014844
0 0.184491 0.278255 0.021759 0.033073
0 0.784028 0.141536 0.017130 0.040885
0 0.404398 0.267188 0.026389 0.026562
0 0.160880 0.512630 0.020833 0.033073
0 0.191435 0.372656 0.017130 0.039583
0 0.607639 0.316016 0.016204 0.040885
0 0.339120 0.533464 0.053241 0.012240
0 0.274769 0.298828 0.017130 0.037760
0 0.577546 0.271745 0.067130 0.009635
0 0.946065 0.115234 0.044907 0.014323
0 0.190278 0.883724 0.042593 0.014844
0 0.765509 0.779557 0.017130 0.035677
0 0.903241 0.344661 0.014815 0.040885
0 0.306713 0.800130 0.016204 0.035156
0 0.436343 0.172526 0.062500 0.009115
0 0.790972 0.401953 0.058796 0.009635
0 0.242361 0.235937 0.017130 0.031771
0 0.418287 0.454036 0.017130 0.030469
0 0.818750 0.737891 0.012500 0.040885
0 0.103472 0.474609 0.017130 0.029948
0 0.556713 0.630859 0.016204 0.029948
0 0.216898 0.361328 0.021759 0.022135
0 0.958102 0.256120 0.048611 0.009635
0 0.153935 0.813411 0.016204 0.025260
0 0.182176 0.322266 0.017130 0.022135
0 0.559491 0.024349 0.031019 0.009635
0 0.209954 0.890234 0.017130 0.017448
0 0.754630 0.887630 0.041667 0.007031
0 0.601157 0.991536 0.031019 0.006510
