0 0.453704 0.681901 0.060185 0.069531
0 0.124306 0.922786 0.114352 0.030469
0 0.878472 0.707682 0.057870 0.058594
0 0.788657 0.735286 0.044907 0.072135
0 0.080324 0.730078 0.100463 0.030469
0 0.244676 0.728776 0.105093 0.027865
0 0.279398 0.220964 0.044907 0.064323
0 0.793287 0.265625 0.100463 0.028646
0 0.534028 0.301432 0.100463 0.027344
0 0.468750 0.430339 0.090278 0.029948
0 0.640509 0.247656 0.091204 0.029167
0 0.131250 0.794531 0.035648 0.070833
0 0.149769 0.416276 0.109722 0.022656
0 0.135880 0.477474 0.044907 0.051302
0 0.137037 0.843359 0.047222 0.048698
0 0.888194 0.870703 0.040278 0.056510
0 0.649306 0.367839 0.043981 0.050781
0 0.667130 0.231380 0.079630 0.027865
0 0.696065 0.271745 0.044907 0.046094
0 0.777083 0.652604 0.077315 0.026562
0 0.226157 0.344661 0.077315 0.025260
0 0.379630 0.199870 0.087963 0.022135
0 0.777083 0.243099 0.095833 0.020052
0 0.775926 0.193359 0.075000 0.024740
0 0.163194 0.857031 0.025463 0.070833
0 0.212269 0.546224 0.077315 0.022135
0 0.760417 0.309505 0.034722 0.048698
0 0.897454 0.832943 0.095833 0.017448
0 0.594213 0.857682 0.026389 0.061719
0 0.190972 0.304036 0.071759 0.022135
0 0.834954 0.392839 0.035648 0.043490
0 0.047917 0.161068 0.035648 0.043490
0 0.848843 0.382422 0.035648 0.043490
0 0.763194 0.862891 0.077315 0.020052
0 0.753935 0.463151 0.040278 0.038281
0 0.892361 0.364583 0.039352 0.039062
0 0.684028 0.905859 0.067130 0.022656
0 0.153935 0.806901 0.034722 0.043490
0 0.557176 0.245703 0.100463 0.014844
0 0.052546 0.826432 0.072685 0.020052
0 0.177546 0.714453 0.072685 0.020052
0 0.584954 0.916276 0.081944 0.017448
0 0.240046 0.237630 0.031019 0.045573
0 0.365046 0.250651 0.031019 0.045573
0 0.156250 0.532161 0.039352 0.035677
0 0.934491 0.657161 0.068056 0.020052
0 0.265509 0.543880 0.035648 0.038281
0 0.587269 0.386328 0.021759 0.061719
0 0.765046 0.437109 0.034722 0.038281
0 0.936806 0.165625 0.035648 0.036979
0 0.904398 0.536068 0.026389 0.048698
0 0.301389 0.748958 0.079630 0.016146
0 0.047917 0.623307 0.035648 0.035677
0 0.746991 0.907161 0.063426 0.020052
0 0.962269 0.196224 0.031019 0.040885
0 0.059491 0.618099 0.031019 0.040885
0 0.427083 0.254818 0.099537 0.012240
0 0.885880 0.592057 0.081944 0.014844
0 0.807176 0.616797 0.026389 0.043490
0 0.190972 0.854167 0.025463 0.044271
0 0.327546 0.780859 0.020833 0.053906
0 0.828009 0.865495 0.021759 0.051302
0 0.941435 0.142839 0.063426 0.017448
0 0.131250 0.569922 0.063426 0.017448
0 0.230787 0.149089 0.031019 0.035156
0 0.260880 0.796224 0.063426 0.016927
0 0.170602 0.575130 0.086574 0.012240
0 0.707639 0.317318 0.021759 0.048698
0 0.484259 0.260026 0.019444 0.053906
0 0.817593 0.207943 0.019444 0.053906
0 0.596528 0.168880 0.031019 0.033073
0 0.612731 0.119401 0.026389 0.038281
0 0.843750 0.272396 0.062500 0.016146
0 0.712269 0.481120 0.031019 0.032552
0 0.929861 0.451432 0.021759 0.046094
0 0.439120 0.180599 0.021759 0.046094
0 0.920139 0.608724 0.030093 0.032552
0 0.815278 0.898047 0.079630 0.012240
0 0.438657 0.125911 0.020833 0.046094
0 0.725694 0.261328 0.020833 0.046094
0 0.163657 0.691406 0.026389 0.036458
0 0.628935 0.176042 0.058796 0.016146
0 0.234259 0.908203 0.028704 0.032552
0 0.514352 0.187109 0.024074 0.038281
0 0.087269 0.381510 0.021759 0.041667
0 0.119213 0.887630 0.020833 0.043490
0 0.547454 0.125651 0.062500 0.014323
0 0.207639 0.120703 0.021759 0.040885
0 0.843056 0.817318 0.070370 0.012240
0 0.348843 0.913411 0.072685 0.011719
0 0.138194 0.315755 0.058796 0.014323
0 0.299074 0.521745 0.056481 0.014844
0 0.869676 0.892839 0.021759 0.038281
0 0.503935 0.168880 0.068056 0.012240
0 0.782870 0.785807 0.070370 0.011719
0 0.719213 0.334245 0.026389 0.030469
0 0.377778 0.839453 0.019444 0.040885
0 0.950694 0.323828 0.017130 0.046094
0 0.365046 0.821224 0.021759 0.035677
0 0.587269 0.219661 0.021759 0.035677
0 0.441435 0.270443 0.063426 0.012240
0 0.675231 0.284505 0.021759 0.035156
0 0.193287 0.435807 0.076389 0.009635
0 0.300231 0.164974 0.049537 0.014844
0 0.915972 0.309505 0.058796 0.012240
0 0.758565 0.641276 0.077315 0.009115
0 0.302546 0.362891 0.072685 0.009635
0 0.690972 0.340495 0.016204 0.042969
0 0.707639 0.107682 0.021759 0.030469
0 0.712269 0.141536 0.021759 0.030469
0 0.260417 0.115495 0.043981 0.014844
0 0.964583 0.509766 0.017130 0.037760
0 0.464120 0.185156 0.016204 0.039583
0 0.376620 0.166016 0.054167 0.011719
0 0.399769 0.422786 0.017130 0.035677
0 0.844213 0.461849 0.017130 0.035677
0 0.837269 0.194922 0.021759 0.027865
0 0.042824 0.847266 0.062500 0.009635
0 0.477315 0.118099 0.061111 0.009635
0 0.496991 0.110026 0.063426 0.009115
0 0.543287 0.232682 0.054167 0.009635
0 0.163657 0.365234 0.017130 0.029948
0 0.483796 0.146094 0.055556 0.008333
0 0.809491 0.666276 0.012500 0.033073
0 0.154398 0.338151 0.017130 0.022656
0 0.114583 0.183203 0.039352 0.009635
