0 0.068750 0.802995 0.077315 0.072135
0 0.225000 0.645443 0.130556 0.038281
0 0.499306 0.314714 0.058796 0.069531
0 0.281713 0.681250 0.040278 0.099479
0 0.809491 0.758724 0.058796 0.066927
0 0.149769 0.189714 0.156019 0.022656
0 0.675231 0.128516 0.114352 0.030469
0 0.711806 0.340755 0.104167 0.033073
0 0.381250 0.819922 0.100463 0.033073
0 0.589583 0.530859 0.100463 0.033073
0 0.714583 0.311849 0.100463 0.032552
0 0.124306 0.537370 0.095833 0.030469
0 0.700694 0.247005 0.054167 0.053906
0 0.913657 0.288672 0.100463 0.027865
0 0.415972 0.192318 0.049537 0.053906
0 0.578009 0.895443 0.114352 0.022656
0 0.797917 0.150651 0.146759 0.017448
0 0.883565 0.110286 0.049537 0.051302
0 0.583796 0.181901 0.088889 0.027865
0 0.743519 0.823828 0.047222 0.051302
0 0.179861 0.840495 0.049537 0.048177
0 0.611574 0.316667 0.088889 0.026562
0 0.049074 0.844661 0.037963 0.061719
0 0.927546 0.263932 0.091204 0.025260
0 0.311806 0.581641 0.091204 0.025260
0 0.473843 0.317318 0.035648 0.064323
0 0.411343 0.714193 0.049537 0.045573
0 0.470370 0.507812 0.047222 0.044271
0 0.422917 0.456641 0.081944 0.025260
0 0.746991 0.769141 0.044907 0.046094
0 0.348843 0.258724 0.044907 0.046094
0 0.785880 0.898698 0.085648 0.023958
0 0.933333 0.809505 0.037963 0.053906
0 0.542824 0.612891 0.081019 0.025260
0 0.635880 0.472266 0.100463 0.020052
0 0.881250 0.416276 0.044907 0.043490
0 0.777083 0.198828 0.077315 0.025260
0 0.105787 0.685547 0.077315 0.024740
0 0.189120 0.438411 0.040278 0.046094
0 0.212269 0.683203 0.040278 0.046094
0 0.383565 0.719661 0.040278 0.046094
0 0.183333 0.258464 0.075000 0.024740
0 0.404398 0.138932 0.072685 0.025260
0 0.200694 0.539974 0.035648 0.051302
0 0.318287 0.436849 0.039352 0.042969
0 0.337269 0.502214 0.031019 0.053906
0 0.802083 0.819922 0.071759 0.022656
0 0.109954 0.584245 0.039352 0.040885
0 0.751620 0.166016 0.072685 0.022135
0 0.829861 0.420182 0.034722 0.046094
0 0.098843 0.153255 0.091204 0.017448
0 0.198380 0.370703 0.105093 0.014844
0 0.427546 0.408464 0.035648 0.043490
0 0.244676 0.770443 0.040278 0.038281
0 0.911806 0.671484 0.067130 0.022656
0 0.087269 0.744401 0.031019 0.048698
0 0.198380 0.885026 0.086574 0.017448
0 0.133565 0.422526 0.077315 0.019531
0 0.462269 0.610286 0.031019 0.046094
0 0.596528 0.227474 0.095833 0.014844
0 0.806713 0.623307 0.034722 0.040885
0 0.957176 0.823828 0.039352 0.035677
0 0.580324 0.157161 0.091204 0.014844
0 0.762037 0.360286 0.037963 0.035677
0 0.536343 0.788672 0.077315 0.017448
0 0.133565 0.728776 0.031019 0.043490
0 0.066435 0.712891 0.035648 0.037760
0 0.100694 0.730078 0.020833 0.061719
0 0.795602 0.382422 0.021759 0.059115
0 0.390509 0.612891 0.063426 0.020052
0 0.154398 0.732682 0.035648 0.035677
0 0.071065 0.243099 0.035648 0.035677
0 0.955324 0.839453 0.035648 0.035677
0 0.839583 0.847266 0.063426 0.020052
0 0.149769 0.680599 0.063426 0.020052
0 0.084954 0.174089 0.072685 0.017448
0 0.712269 0.380859 0.031019 0.040365
0 0.594213 0.565755 0.063426 0.019531
0 0.762731 0.300391 0.030093 0.040885
0 0.196065 0.399349 0.081944 0.014844
0 0.390509 0.644141 0.081944 0.014844
0 0.274769 0.274349 0.081944 0.014844
0 0.149769 0.466797 0.026389 0.045573
0 0.888194 0.231380 0.031019 0.038281
0 0.786343 0.338151 0.068056 0.017448
0 0.124306 0.374609 0.031019 0.038281
0 0.624306 0.697526 0.068056 0.017448
0 0.332639 0.257422 0.031019 0.038281
0 0.453009 0.749609 0.031019 0.038281
0 0.874306 0.760026 0.021759 0.053906
0 0.686806 0.783203 0.035648 0.032552
0 0.906713 0.883724 0.077315 0.014844
0 0.390509 0.411068 0.026389 0.043490
0 0.679861 0.498307 0.077315 0.014844
0 0.753472 0.650391 0.067130 0.016927
0 0.904398 0.746354 0.026389 0.042188
0 0.323380 0.737630 0.021759 0.050781
0 0.413657 0.314714 0.063426 0.017448
0 0.808333 0.283464 0.028704 0.038281
0 0.453009 0.690755 0.031019 0.035156
0 0.603472 0.826432 0.026389 0.040885
0 0.779398 0.308203 0.026389 0.040885
0 0.647454 0.603776 0.021759 0.048698
0 0.586806 0.773698 0.020833 0.050000
0 0.670602 0.115495 0.068056 0.014844
0 0.244676 0.224870 0.021759 0.046094
0 0.707639 0.782161 0.021759 0.046094
0 0.626620 0.207943 0.081944 0.012240
0 0.804861 0.249349 0.058796 0.016927
0 0.068287 0.373958 0.020833 0.047396
0 0.184491 0.126562 0.086574 0.010937
0 0.152083 0.405208 0.058796 0.016146
0 0.230787 0.345964 0.021759 0.043490
0 0.670602 0.739193 0.021759 0.043490
0 0.318750 0.619401 0.077315 0.012240
0 0.223843 0.598568 0.054167 0.017448
0 0.594213 0.443620 0.063426 0.014844
0 0.182176 0.313411 0.026389 0.035677
0 0.804861 0.522786 0.021759 0.042969
0 0.788657 0.564714 0.017130 0.053906
0 0.487731 0.783203 0.054167 0.016927
0 0.510880 0.161068 0.072685 0.012240
0 0.624306 0.881120 0.086574 0.009635
0 0.290509 0.668229 0.076389 0.010937
0 0.846528 0.796224 0.049537 0.016927
0 0.605787 0.168880 0.068056 0.012240
0 0.286343 0.239193 0.068056 0.012240
0 0.165972 0.572526 0.068056 0.012240
0 0.832639 0.773047 0.021759 0.038281
0 0.841898 0.736589 0.021759 0.038281
0 0.563657 0.901953 0.085648 0.009635
0 0.139352 0.264974 0.070370 0.011719
0 0.668287 0.842448 0.026389 0.031250
0 0.126620 0.886328 0.054167 0.014844
0 0.547454 0.167578 0.053241 0.014844
0 0.226157 0.774349 0.021759 0.035677
0 0.406713 0.269141 0.021759 0.035677
0 0.681019 0.425391 0.051852 0.014844
0 0.084491 0.599870 0.016204 0.046094
0 0.573380 0.552995 0.077315 0.009635
0 0.828009 0.476172 0.021759 0.033073
0 0.209491 0.343359 0.016204 0.043490
0 0.920602 0.763672 0.049537 0.014323
0 0.848380 0.416276 0.016204 0.043490
0 0.207639 0.586589 0.077315 0.009115
0 0.184491 0.520182 0.058796 0.011719
0 0.284028 0.292578 0.026389 0.025260
0 0.659028 0.489193 0.054167 0.012240
0 0.846528 0.766536 0.021759 0.030469
0 0.827546 0.252865 0.048611 0.013542
0 0.667824 0.248307 0.043981 0.014844
0 0.134722 0.140234 0.051852 0.012240
0 0.843750 0.496745 0.016204 0.037760
0 0.084954 0.555599 0.017130 0.035677
0 0.330324 0.292578 0.017130 0.035677
0 0.925231 0.197526 0.049537 0.012240
0 0.700231 0.586849 0.016204 0.035677
0 0.726157 0.086849 0.058796 0.009635
0 0.280556 0.102474 0.056481 0.009635
0 0.760880 0.431250 0.017130 0.031771
0 0.279398 0.538672 0.072685 0.007031
0 0.662500 0.452734 0.014815 0.033073
0 0.691435 0.466146 0.017130 0.028646
0 0.943287 0.705339 0.011574 0.038281
0 0.779398 0.516536 0.044907 0.009635
0 0.378935 0.388021 0.012500 0.028646
0 0.446065 0.347917 0.035648 0.005729
