0 0.119676 0.274349 0.142130 0.040885
0 0.772454 0.416016 0.142130 0.037760
0 0.044444 0.741797 0.065741 0.064323
0 0.644676 0.279557 0.155093 0.025260
0 0.369676 0.193620 0.105093 0.035677
0 0.792130 0.362891 0.051852 0.066927
0 0.553704 0.684505 0.102778 0.033073
0 0.719213 0.300391 0.100463 0.030469
0 0.369676 0.753516 0.049537 0.056510
0 0.890046 0.809245 0.099537 0.027344
0 0.078009 0.493099 0.049537 0.051302
0 0.483102 0.327734 0.109722 0.022656
0 0.594213 0.603125 0.035648 0.068229
0 0.316435 0.541927 0.100463 0.023958
0 0.762731 0.757422 0.104167 0.022656
0 0.284028 0.339453 0.026389 0.082552
0 0.443750 0.719661 0.086574 0.025260
0 0.578009 0.448828 0.086574 0.025260
0 0.464583 0.403906 0.044907 0.044792
0 0.697222 0.196224 0.075000 0.025260
0 0.286343 0.487891 0.040278 0.046094
0 0.552546 0.512630 0.081944 0.022656
0 0.568750 0.407161 0.040278 0.046094
0 0.735417 0.291276 0.105093 0.017448
0 0.587269 0.291276 0.031019 0.059115
0 0.728472 0.154557 0.072685 0.025260
0 0.209954 0.889974 0.081944 0.022135
0 0.546296 0.896745 0.087963 0.020052
0 0.397454 0.267839 0.077315 0.022656
0 0.538657 0.421484 0.035648 0.048698
0 0.638194 0.558203 0.114352 0.014844
0 0.050231 0.749609 0.031019 0.053906
0 0.133565 0.209245 0.040278 0.040885
0 0.545602 0.443620 0.040278 0.040885
0 0.797917 0.188411 0.081944 0.020052
0 0.760880 0.862891 0.026389 0.061719
0 0.601157 0.777995 0.095833 0.016927
0 0.427546 0.107422 0.081944 0.019531
0 0.392824 0.693620 0.105093 0.014844
0 0.020139 0.780859 0.035648 0.043490
0 0.684491 0.452734 0.040278 0.038281
0 0.945602 0.408854 0.034722 0.044271
0 0.284028 0.152995 0.035648 0.042969
0 0.567130 0.581641 0.037037 0.040885
0 0.659028 0.727474 0.026389 0.056510
0 0.884028 0.169922 0.076389 0.019531
0 0.647454 0.410807 0.086574 0.016927
0 0.840741 0.380859 0.075000 0.019531
0 0.654398 0.568620 0.072685 0.020052
0 0.522454 0.604818 0.031019 0.045573
0 0.159028 0.387630 0.035648 0.038281
0 0.946065 0.200130 0.035648 0.038281
0 0.203009 0.601172 0.077315 0.017448
0 0.390509 0.900651 0.109722 0.012240
0 0.652083 0.510026 0.077315 0.017448
0 0.772454 0.672786 0.021759 0.061719
0 0.660880 0.395443 0.076389 0.017448
0 0.442593 0.437109 0.075000 0.017448
0 0.899769 0.214844 0.035648 0.036458
0 0.772454 0.425391 0.086574 0.014844
0 0.219213 0.383724 0.063426 0.020052
0 0.390509 0.276953 0.063426 0.020052
0 0.112731 0.469661 0.035648 0.035677
0 0.131250 0.767839 0.072685 0.017448
0 0.380093 0.392578 0.033333 0.037760
0 0.576852 0.722266 0.084259 0.014844
0 0.184491 0.435547 0.031019 0.040365
0 0.343750 0.672786 0.081019 0.014844
0 0.554861 0.481380 0.068056 0.017448
0 0.073380 0.314714 0.031019 0.038281
0 0.561806 0.114193 0.035648 0.033073
0 0.529861 0.525391 0.099537 0.011719
0 0.144676 0.580990 0.062500 0.018750
0 0.605787 0.402995 0.031019 0.037760
0 0.466898 0.121354 0.105093 0.010937
0 0.234954 0.296484 0.030093 0.038281
0 0.823380 0.144141 0.077315 0.014844
0 0.045139 0.718099 0.067130 0.016927
0 0.700694 0.177995 0.072685 0.014844
0 0.258565 0.431901 0.031019 0.033073
0 0.147454 0.845964 0.058796 0.017448
0 0.369676 0.720964 0.058796 0.017448
0 0.652083 0.532161 0.068056 0.014844
0 0.735417 0.343620 0.031019 0.032552
0 0.503472 0.267839 0.057870 0.017448
0 0.726157 0.641536 0.021759 0.046094
0 0.800231 0.610286 0.021759 0.046094
0 0.082176 0.573828 0.067130 0.014844
0 0.480787 0.580078 0.058796 0.016927
0 0.809491 0.528255 0.021759 0.043490
0 0.522454 0.705339 0.077315 0.012240
0 0.031713 0.592057 0.031019 0.030469
0 0.029398 0.667578 0.026389 0.035677
0 0.311806 0.493099 0.026389 0.035677
0 0.594213 0.326432 0.063426 0.014844
0 0.529398 0.886328 0.063426 0.014844
0 0.948380 0.112240 0.068056 0.013542
0 0.684491 0.236328 0.077315 0.011719
0 0.737731 0.487240 0.026389 0.034375
0 0.365046 0.136328 0.021759 0.040885
0 0.670602 0.112891 0.021759 0.040885
0 0.825694 0.551693 0.072685 0.012240
0 0.436343 0.702734 0.071759 0.012240
0 0.108102 0.872005 0.026389 0.033073
0 0.929861 0.878516 0.058796 0.014844
0 0.469213 0.992448 0.063426 0.013542
0 0.618519 0.490234 0.028704 0.029948
0 0.686343 0.916016 0.071759 0.011719
0 0.952546 0.715755 0.030093 0.027865
0 0.096528 0.798828 0.049537 0.016927
0 0.036343 0.861589 0.021759 0.038281
0 0.226157 0.257422 0.021759 0.038281
0 0.851157 0.273047 0.068056 0.012240
0 0.896991 0.481380 0.020833 0.038281
0 0.128935 0.555990 0.021759 0.036458
0 0.770139 0.323828 0.081944 0.009635
0 0.781250 0.498958 0.020833 0.036979
0 0.753935 0.445312 0.021759 0.033854
0 0.642824 0.220964 0.058796 0.012240
0 0.545602 0.911068 0.058796 0.012240
0 0.932176 0.357682 0.017130 0.040885
0 0.858102 0.287370 0.072685 0.009635
0 0.654398 0.201432 0.017130 0.040885
0 0.598380 0.737891 0.016204 0.040885
0 0.616898 0.664974 0.016204 0.040885
0 0.251157 0.808203 0.016204 0.040885
0 0.179861 0.719401 0.021759 0.029948
0 0.320602 0.306901 0.053241 0.012240
0 0.406713 0.552344 0.077315 0.008333
0 0.420602 0.608984 0.021759 0.027865
0 0.568750 0.389974 0.021759 0.027344
0 0.314120 0.399349 0.058796 0.009635
0 0.264352 0.448568 0.061111 0.009115
0 0.358102 0.653255 0.044907 0.012240
0 0.482639 0.227474 0.053241 0.009635
0 0.080324 0.659115 0.017130 0.029167
0 0.253935 0.483984 0.021759 0.022656
0 0.496991 0.405859 0.017130 0.027865
0 0.434028 0.795182 0.048611 0.009635
0 0.667130 0.480078 0.014815 0.030469
0 0.381250 0.636328 0.044907 0.009635
0 0.057176 0.006120 0.040278 0.009635
0 0.152083 0.224609 0.012500 0.029948
0 0.538657 0.125911 0.035648 0.009635
0 0.905556 0.236328 0.010185 0.032552
0 0.418287 0.564714 0.017130 0.017448
0 0.561806 0.041016 0.026389 0.006510
