0 0.887037 0.025651 0.223148 0.043490
0 0.154398 0.864193 0.091204 0.095573
0 0.123611 0.714844 0.152778 0.041667
0 0.492361 0.465755 0.128241 0.043490
0 0.094213 0.819922 0.063426 0.074740
0 0.890509 0.174089 0.128241 0.033073
0 0.936806 0.744401 0.054167 0.069531
0 0.269676 0.845964 0.108796 0.033073
0 0.862731 0.843359 0.128241 0.027865
0 0.196065 0.886328 0.054167 0.061719
0 0.406713 0.783203 0.095833 0.032552
0 0.830324 0.710547 0.054167 0.053906
0 0.807176 0.327734 0.054167 0.053906
0 0.635880 0.385026 0.044907 0.064323
0 0.730787 0.260026 0.049537 0.053906
0 0.274769 0.507422 0.091204 0.027865
0 0.652083 0.302995 0.095833 0.025260
0 0.337269 0.697526 0.049537 0.048698
0 0.748843 0.329036 0.094907 0.025260
0 0.709954 0.210547 0.081944 0.027865
0 0.179861 0.248307 0.040278 0.056510
0 0.413657 0.635026 0.100463 0.022656
0 0.913194 0.288672 0.081019 0.027865
0 0.608102 0.873307 0.044907 0.046094
0 0.031713 0.302995 0.040278 0.051302
0 0.809491 0.177995 0.040278 0.051302
0 0.840741 0.879557 0.047222 0.042969
0 0.071065 0.261068 0.035648 0.055990
0 0.536343 0.486589 0.086574 0.022656
0 0.029398 0.200130 0.044907 0.043490
0 0.541667 0.162370 0.041667 0.046094
0 0.519676 0.299089 0.034722 0.053906
0 0.038657 0.170182 0.072685 0.025260
0 0.547917 0.374349 0.026389 0.069010
0 0.096528 0.770443 0.040278 0.043490
0 0.888194 0.470964 0.031019 0.053906
0 0.311806 0.831641 0.035648 0.046094
0 0.848843 0.521094 0.035648 0.044792
0 0.381250 0.127214 0.091204 0.017448
0 0.091898 0.688411 0.077315 0.020052
0 0.871991 0.676693 0.035648 0.043490
0 0.277083 0.787370 0.077315 0.020052
0 0.179861 0.812109 0.040278 0.038281
0 0.387731 0.170182 0.076389 0.020052
0 0.763194 0.921484 0.086574 0.017448
0 0.758565 0.707943 0.031019 0.048698
0 0.272454 0.650651 0.086574 0.017448
0 0.858102 0.542969 0.035648 0.041667
0 0.907870 0.700130 0.033333 0.043490
0 0.057176 0.578776 0.035648 0.040365
0 0.448380 0.368099 0.031019 0.046094
0 0.888194 0.222266 0.031019 0.046094
0 0.133565 0.555599 0.031019 0.046094
0 0.608102 0.158203 0.081944 0.016927
0 0.742361 0.766536 0.026389 0.051302
0 0.797917 0.237891 0.026389 0.051302
0 0.443750 0.569922 0.031019 0.043490
0 0.128935 0.270443 0.077315 0.017448
0 0.625463 0.529557 0.088889 0.014844
0 0.334954 0.228125 0.035648 0.036979
0 0.436343 0.895182 0.034722 0.037760
0 0.927546 0.269141 0.063426 0.020052
0 0.277083 0.680599 0.031019 0.040885
0 0.198380 0.605078 0.031019 0.040885
0 0.332176 0.641536 0.030093 0.040885
0 0.034028 0.516536 0.026389 0.046094
0 0.490046 0.176693 0.068056 0.017448
0 0.110417 0.549089 0.021759 0.053906
0 0.318750 0.655859 0.021759 0.053906
0 0.126620 0.116797 0.035648 0.033073
0 0.037037 0.417318 0.060185 0.019531
0 0.922917 0.731380 0.026389 0.043490
0 0.156713 0.548438 0.021759 0.052604
0 0.197917 0.656901 0.057870 0.019531
0 0.654398 0.898047 0.091204 0.012240
0 0.125463 0.482682 0.024074 0.046094
0 0.094213 0.739193 0.063426 0.017448
0 0.934491 0.888281 0.058796 0.018750
0 0.580324 0.289974 0.026389 0.040885
0 0.137731 0.769141 0.020833 0.051302
0 0.249306 0.140234 0.086574 0.012240
0 0.948380 0.476172 0.021759 0.048698
0 0.101157 0.564453 0.021759 0.048177
0 0.770139 0.200781 0.026389 0.039583
0 0.862269 0.628516 0.025463 0.040885
0 0.851157 0.890234 0.031019 0.033073
0 0.235417 0.641536 0.068056 0.014844
0 0.816435 0.731380 0.081944 0.012240
0 0.563657 0.771745 0.067130 0.014844
0 0.772454 0.225521 0.031019 0.031771
0 0.371528 0.887630 0.025463 0.038281
0 0.299074 0.291276 0.019444 0.048698
0 0.936806 0.641276 0.026389 0.035156
0 0.149306 0.625911 0.025463 0.035677
0 0.816435 0.755469 0.026389 0.034375
0 0.232639 0.102214 0.062500 0.014323
0 0.818750 0.579036 0.021759 0.040885
0 0.277083 0.901953 0.021759 0.040885
0 0.885880 0.184505 0.072685 0.012240
0 0.096528 0.511328 0.021759 0.040885
0 0.915972 0.237630 0.021759 0.040365
0 0.360417 0.146745 0.058796 0.014844
0 0.443750 0.170182 0.058796 0.014844
0 0.642824 0.114844 0.021759 0.039583
0 0.929861 0.500260 0.021759 0.039583
0 0.358102 0.241146 0.026389 0.031771
0 0.712269 0.616797 0.021759 0.038281
0 0.837269 0.312109 0.021759 0.038281
0 0.882407 0.589453 0.084259 0.009635
0 0.800231 0.623958 0.021759 0.036979
0 0.795602 0.876302 0.021759 0.036458
0 0.959954 0.855078 0.017130 0.046094
0 0.755787 0.107682 0.053241 0.014844
0 0.874306 0.894141 0.021759 0.035677
0 0.664815 0.289714 0.084259 0.009115
0 0.841898 0.855078 0.077315 0.009635
0 0.946065 0.661068 0.017130 0.043490
0 0.179861 0.213151 0.021759 0.033073
0 0.827546 0.107031 0.020833 0.034375
0 0.295602 0.879167 0.021759 0.031771
0 0.411343 0.491536 0.058796 0.011719
0 0.763194 0.813411 0.021759 0.030469
0 0.809491 0.253516 0.021759 0.030469
0 0.822222 0.231120 0.019444 0.032552
0 0.399769 0.675391 0.063426 0.009635
0 0.871991 0.708984 0.063426 0.009115
0 0.612731 0.275651 0.017130 0.033073
0 0.684491 0.158203 0.012500 0.042969
0 0.404398 0.159766 0.054167 0.009635
0 0.608102 0.323568 0.017130 0.029948
0 0.908565 0.164974 0.053241 0.009635
0 0.147454 0.262630 0.040278 0.012240
0 0.047917 0.494401 0.017130 0.027865
0 0.575694 0.911068 0.063426 0.007031
0 0.072917 0.496745 0.011574 0.027344
