0 0.455324 0.844661 0.063426 0.087760
0 0.061806 0.821224 0.063426 0.082552
0 0.276620 0.674089 0.067130 0.064323
0 0.887731 0.652995 0.057870 0.074219
0 0.733102 0.648047 0.063426 0.059115
0 0.735417 0.095964 0.160648 0.022656
0 0.374306 0.769141 0.058796 0.061719
0 0.478472 0.901953 0.118981 0.030469
0 0.679398 0.246094 0.113426 0.031250
0 0.406713 0.774349 0.058796 0.056510
0 0.205324 0.619010 0.054167 0.052083
0 0.848843 0.252214 0.100463 0.027865
0 0.854630 0.349609 0.112037 0.024740
0 0.221065 0.409766 0.131944 0.020052
0 0.712269 0.844661 0.049537 0.051302
0 0.439120 0.170182 0.049537 0.051302
0 0.233102 0.827474 0.146759 0.016927
0 0.545602 0.135026 0.086574 0.027865
0 0.522454 0.747005 0.040278 0.059115
0 0.318750 0.573828 0.049537 0.046094
0 0.451852 0.654557 0.088889 0.025260
0 0.262731 0.778255 0.094907 0.022656
0 0.595370 0.306901 0.093519 0.022656
0 0.640509 0.711198 0.109722 0.018750
0 0.589583 0.870443 0.081944 0.024740
0 0.499306 0.775651 0.040278 0.048698
0 0.351157 0.688411 0.031019 0.061719
0 0.939120 0.202083 0.040278 0.047396
0 0.700231 0.140234 0.034722 0.053906
0 0.543287 0.530859 0.081944 0.022656
0 0.777083 0.696224 0.040278 0.046094
0 0.580324 0.636328 0.072685 0.025260
0 0.358102 0.308203 0.072685 0.025260
0 0.391667 0.901953 0.121296 0.014844
0 0.387731 0.419922 0.039352 0.045573
0 0.670602 0.731380 0.077315 0.022656
0 0.703009 0.497005 0.040278 0.043490
0 0.232639 0.476172 0.099537 0.017448
0 0.539815 0.405859 0.075000 0.022656
0 0.691435 0.623958 0.035648 0.047396
0 0.318750 0.595964 0.031019 0.053906
0 0.405556 0.874349 0.075000 0.022135
0 0.802546 0.498307 0.081944 0.020052
0 0.645139 0.628516 0.035648 0.046094
0 0.133565 0.479818 0.040278 0.040365
0 0.811806 0.841406 0.035648 0.044792
0 0.505093 0.352474 0.079630 0.020052
0 0.823380 0.719010 0.040278 0.039583
0 0.810185 0.439714 0.032407 0.048698
0 0.953009 0.245443 0.031019 0.050781
0 0.207639 0.492188 0.040278 0.039062
0 0.459954 0.728776 0.035648 0.043490
0 0.605324 0.347266 0.030093 0.051302
0 0.203009 0.330339 0.040278 0.038281
0 0.740046 0.809505 0.068056 0.022656
0 0.767824 0.437109 0.040278 0.038281
0 0.137731 0.562109 0.039352 0.038281
0 0.068287 0.184245 0.039352 0.037760
0 0.846065 0.330339 0.030093 0.048698
0 0.941435 0.651953 0.035648 0.040885
0 0.811806 0.336849 0.035648 0.040885
0 0.594213 0.555599 0.035648 0.040885
0 0.626620 0.631120 0.035648 0.040885
0 0.926389 0.705339 0.033333 0.043490
0 0.181713 0.698828 0.034722 0.040885
0 0.390046 0.485026 0.071759 0.019531
0 0.446065 0.603776 0.035648 0.038281
0 0.881250 0.447526 0.035648 0.038281
0 0.594213 0.855078 0.091204 0.014844
0 0.582639 0.754818 0.031019 0.043490
0 0.744676 0.451432 0.021759 0.061719
0 0.241204 0.862240 0.033333 0.039583
0 0.332176 0.626953 0.076389 0.016927
0 0.851157 0.180599 0.086574 0.014844
0 0.853472 0.651953 0.035648 0.035677
0 0.427546 0.628516 0.063426 0.020052
0 0.885880 0.401953 0.035648 0.035677
0 0.206481 0.106120 0.075000 0.016927
0 0.854630 0.286068 0.028704 0.043490
0 0.443750 0.263672 0.086574 0.014323
0 0.302083 0.504818 0.025463 0.048698
0 0.753472 0.412109 0.085648 0.014323
0 0.640509 0.821224 0.081944 0.014844
0 0.413657 0.828125 0.035648 0.033854
0 0.105787 0.546484 0.031019 0.038281
0 0.226157 0.541276 0.068056 0.017448
0 0.457639 0.629818 0.068056 0.017448
0 0.568750 0.105078 0.058796 0.020052
0 0.527083 0.822526 0.095833 0.012240
0 0.156713 0.468359 0.021759 0.053906
0 0.078009 0.418880 0.021759 0.053906
0 0.189120 0.387891 0.031019 0.037760
0 0.337269 0.787370 0.077315 0.014844
0 0.078009 0.208984 0.058796 0.019531
0 0.345370 0.591406 0.028704 0.039583
0 0.517361 0.600911 0.030093 0.037760
0 0.161343 0.677995 0.021759 0.051302
0 0.790972 0.719661 0.021759 0.051302
0 0.934028 0.629167 0.030093 0.036979
0 0.902083 0.237891 0.031019 0.035677
0 0.471528 0.818359 0.031019 0.035156
0 0.319444 0.200130 0.087963 0.012240
0 0.697222 0.261068 0.075000 0.014323
0 0.874306 0.830990 0.031019 0.034375
0 0.290972 0.106380 0.086574 0.012240
0 0.193750 0.679297 0.021759 0.048698
0 0.378935 0.569922 0.021759 0.048698
0 0.665972 0.799089 0.086574 0.012240
0 0.931713 0.360286 0.025463 0.040885
0 0.131250 0.533464 0.026389 0.038281
0 0.651620 0.322526 0.057870 0.017448
0 0.145139 0.260026 0.081944 0.012240
0 0.396991 0.724870 0.067130 0.014844
0 0.293287 0.732031 0.072685 0.013542
0 0.596528 0.239193 0.077315 0.012240
0 0.632407 0.687109 0.028704 0.033073
0 0.934491 0.590755 0.021759 0.043490
0 0.407870 0.217057 0.063889 0.014844
0 0.809491 0.154557 0.031019 0.030469
0 0.159028 0.506120 0.026389 0.035677
0 0.743056 0.386068 0.064815 0.014323
0 0.691435 0.413672 0.072685 0.012240
0 0.920602 0.279297 0.021759 0.040365
0 0.538657 0.676693 0.026389 0.033073
0 0.698380 0.683203 0.058796 0.014844
0 0.418287 0.429297 0.026389 0.033073
0 0.771991 0.524349 0.057870 0.014844
0 0.883102 0.141536 0.020833 0.040885
0 0.496991 0.577474 0.072685 0.011719
0 0.858102 0.767839 0.017130 0.048698
0 0.624306 0.809505 0.068056 0.012240
0 0.735417 0.710547 0.021759 0.038281
0 0.487731 0.702474 0.017130 0.048177
0 0.140509 0.829036 0.054167 0.014844
0 0.779398 0.810807 0.026389 0.030469
0 0.924769 0.460547 0.020833 0.038281
0 0.406250 0.340755 0.020833 0.038281
0 0.538194 0.213151 0.016204 0.048698
0 0.788657 0.222266 0.017130 0.046094
0 0.749306 0.839453 0.021759 0.035677
0 0.499306 0.204036 0.021759 0.035677
0 0.542824 0.784505 0.053241 0.014323
0 0.873148 0.215755 0.061111 0.012240
0 0.661343 0.227474 0.077315 0.009635
0 0.751620 0.655599 0.017130 0.042969
0 0.943750 0.166667 0.021759 0.033854
0 0.697222 0.613542 0.019444 0.036979
0 0.221065 0.511328 0.048611 0.014844
0 0.045602 0.765234 0.058796 0.012240
0 0.439120 0.135026 0.021759 0.033073
0 0.107639 0.304297 0.025463 0.027865
0 0.714583 0.769141 0.072685 0.009635
0 0.348843 0.633724 0.072685 0.009635
0 0.194907 0.200781 0.024074 0.029167
0 0.161343 0.270182 0.058796 0.011719
0 0.968750 0.308203 0.016204 0.040885
0 0.432176 0.480078 0.017130 0.035677
0 0.042824 0.166927 0.025463 0.023958
0 0.698380 0.905859 0.021759 0.027865
0 0.593750 0.649349 0.062500 0.009635
0 0.493519 0.615755 0.019444 0.029948
0 0.584954 0.594401 0.063426 0.009115
0 0.242361 0.332292 0.017130 0.031771
0 0.073380 0.229818 0.021759 0.024740
0 0.871991 0.324870 0.044907 0.011719
0 0.547917 0.573828 0.017130 0.030469
0 0.318750 0.468359 0.068056 0.007031
0 0.233102 0.705339 0.017130 0.027865
0 0.439120 0.552995 0.012500 0.035677
0 0.332639 0.800391 0.021759 0.020052
0 0.020139 0.779557 0.017130 0.025260
0 0.503935 0.796484 0.012500 0.033073
0 0.422917 0.741797 0.017130 0.022656
0 0.244676 0.556641 0.058796 0.006510
0 0.561806 0.043620 0.026389 0.006510
