0 0.387037 0.598568 0.158333 0.048698
0 0.547917 0.616797 0.063426 0.100781
0 0.663657 0.182552 0.072685 0.086458
0 0.866204 0.572526 0.070370 0.064323
0 0.826852 0.732682 0.102778 0.035677
0 0.179861 0.640234 0.058796 0.053906
0 0.670602 0.655859 0.058796 0.053906
0 0.186806 0.365495 0.054167 0.056510
0 0.337269 0.300391 0.095833 0.030469
0 0.251620 0.223568 0.054167 0.053906
0 0.385880 0.212891 0.054167 0.053385
0 0.899306 0.783464 0.053241 0.053906
0 0.534028 0.305599 0.091204 0.030469
0 0.466898 0.669922 0.049537 0.055990
0 0.767824 0.835547 0.114352 0.022656
0 0.415972 0.514323 0.049537 0.052083
0 0.547454 0.532161 0.099537 0.025260
0 0.483102 0.534505 0.044907 0.055990
0 0.367361 0.572266 0.109722 0.022135
0 0.598843 0.197526 0.081944 0.027865
0 0.355787 0.789974 0.049537 0.046094
0 0.568750 0.237891 0.049537 0.046094
0 0.499306 0.253516 0.040278 0.056510
0 0.446065 0.724219 0.091204 0.023958
0 0.270139 0.489844 0.091204 0.023958
0 0.499306 0.906901 0.151389 0.014323
0 0.327546 0.263932 0.085648 0.025260
0 0.880787 0.273047 0.043981 0.048698
0 0.668287 0.420182 0.044907 0.046094
0 0.034028 0.487891 0.044907 0.046094
0 0.295602 0.735286 0.040278 0.051302
0 0.506250 0.743099 0.137500 0.014844
0 0.844213 0.623047 0.044907 0.045573
0 0.071065 0.188151 0.044907 0.045573
0 0.385880 0.503516 0.035648 0.056510
0 0.696065 0.416276 0.035648 0.053906
0 0.485417 0.414974 0.031019 0.061719
0 0.353009 0.666276 0.043981 0.043490
0 0.799769 0.623307 0.094907 0.020052
0 0.441435 0.547786 0.091204 0.020052
0 0.413657 0.116536 0.081944 0.022135
0 0.237731 0.792318 0.072685 0.024740
0 0.810648 0.316667 0.042593 0.042188
0 0.578009 0.610286 0.031019 0.056510
0 0.619676 0.804297 0.077315 0.022656
0 0.235417 0.870703 0.086574 0.020052
0 0.328009 0.399349 0.086574 0.020052
0 0.351157 0.526953 0.086574 0.020052
0 0.225000 0.360026 0.037963 0.045573
0 0.480787 0.766276 0.086574 0.019531
0 0.597685 0.828385 0.070370 0.023958
0 0.258565 0.606380 0.095833 0.017448
0 0.167824 0.215104 0.034722 0.047396
0 0.765509 0.500911 0.035648 0.046094
0 0.765509 0.664974 0.035648 0.046094
0 0.721065 0.329036 0.039352 0.040885
0 0.850694 0.227474 0.039352 0.040885
0 0.128935 0.563411 0.105093 0.014844
0 0.855787 0.164974 0.077315 0.020052
0 0.742361 0.168880 0.035648 0.043490
0 0.323380 0.865495 0.077315 0.020052
0 0.741204 0.610026 0.107407 0.014323
0 0.703009 0.569922 0.068056 0.022656
0 0.462269 0.254818 0.040278 0.038281
0 0.365046 0.629818 0.086574 0.017448
0 0.911343 0.546224 0.068056 0.022135
0 0.739583 0.687109 0.039352 0.038281
0 0.256250 0.331641 0.100463 0.014844
0 0.140509 0.427995 0.035648 0.040885
0 0.672917 0.568620 0.072685 0.020052
0 0.057176 0.779557 0.035648 0.040885
0 0.091898 0.716797 0.021759 0.066406
0 0.830324 0.377865 0.035648 0.039583
0 0.905556 0.670833 0.037963 0.036979
0 0.293287 0.501953 0.063426 0.022135
0 0.598843 0.705078 0.081944 0.016927
0 0.177546 0.150391 0.081944 0.016927
0 0.235417 0.263932 0.068056 0.020052
0 0.723843 0.464453 0.026389 0.051302
0 0.605787 0.744401 0.077315 0.017448
0 0.409028 0.371745 0.035648 0.037760
0 0.709954 0.184245 0.035648 0.037760
0 0.571065 0.450781 0.035648 0.036979
0 0.795602 0.431250 0.031019 0.042188
0 0.045602 0.723568 0.021759 0.059115
0 0.091898 0.482682 0.086574 0.014844
0 0.443750 0.344661 0.086574 0.014844
0 0.212269 0.896745 0.086574 0.014844
0 0.154398 0.533464 0.026389 0.048698
0 0.943750 0.153906 0.068056 0.018750
0 0.080324 0.308203 0.063426 0.020052
0 0.240046 0.459245 0.031019 0.040885
0 0.718056 0.407813 0.033333 0.036979
0 0.876620 0.670182 0.026389 0.046094
0 0.874306 0.416276 0.031019 0.038281
0 0.656713 0.325130 0.031019 0.038281
0 0.605787 0.551693 0.031019 0.038281
0 0.073380 0.881120 0.058796 0.020052
0 0.427546 0.244401 0.035648 0.033073
0 0.328009 0.465755 0.095833 0.012240
0 0.265046 0.748307 0.025463 0.046094
0 0.598843 0.153255 0.026389 0.043490
0 0.712269 0.886328 0.021759 0.051302
0 0.627778 0.329036 0.019444 0.056510
0 0.461806 0.222656 0.030093 0.036458
0 0.064120 0.549740 0.021759 0.050000
0 0.149769 0.849870 0.026389 0.040885
0 0.941435 0.834245 0.072685 0.014844
0 0.667824 0.758724 0.071759 0.014844
0 0.767824 0.768490 0.031019 0.034375
0 0.329167 0.422786 0.070370 0.014844
0 0.605787 0.361589 0.031019 0.033073
0 0.517824 0.366797 0.031019 0.033073
0 0.230324 0.523047 0.020833 0.048698
0 0.175231 0.774349 0.021759 0.046094
0 0.093056 0.326432 0.024074 0.040885
0 0.936343 0.666276 0.025463 0.038281
0 0.874306 0.386328 0.031019 0.030469
0 0.763194 0.412370 0.031019 0.030469
0 0.279398 0.618099 0.063426 0.014844
0 0.381250 0.357682 0.063426 0.014844
0 0.941435 0.495703 0.026389 0.035677
0 0.038657 0.640234 0.017130 0.053906
0 0.302083 0.556901 0.053241 0.017448
0 0.908565 0.829036 0.062500 0.014844
0 0.601157 0.220312 0.021759 0.042188
0 0.642824 0.625911 0.021759 0.040885
0 0.314120 0.753516 0.021759 0.040885
0 0.121528 0.223568 0.071759 0.012240
0 0.753935 0.740495 0.058796 0.014844
0 0.709954 0.793880 0.026389 0.033073
0 0.469213 0.992448 0.063426 0.013542
0 0.807176 0.353516 0.026389 0.032552
0 0.876157 0.326432 0.016204 0.051302
0 0.925231 0.137370 0.049537 0.016927
0 0.311343 0.667578 0.016204 0.051302
0 0.624306 0.770443 0.021759 0.038281
0 0.966898 0.418880 0.021759 0.038281
0 0.559491 0.765234 0.068056 0.012240
0 0.554861 0.491797 0.021759 0.038281
0 0.753472 0.702734 0.067130 0.012240
0 0.906713 0.309245 0.021759 0.037760
0 0.543287 0.810807 0.054167 0.014844
0 0.193750 0.168620 0.068056 0.011719
0 0.851157 0.873047 0.086574 0.009115
0 0.365046 0.472005 0.086574 0.009115
0 0.235417 0.574219 0.021759 0.036458
0 0.167824 0.358984 0.016204 0.048698
0 0.284028 0.373307 0.081944 0.009635
0 0.779398 0.102474 0.017130 0.046094
0 0.705324 0.360286 0.017130 0.046094
0 0.277083 0.539974 0.021759 0.035677
0 0.617361 0.619401 0.017130 0.043490
0 0.723843 0.197526 0.017130 0.043490
0 0.454167 0.760026 0.061111 0.012240
0 0.542130 0.446224 0.024074 0.030469
0 0.240046 0.400651 0.058796 0.012240
0 0.684491 0.189714 0.021759 0.033073
0 0.969213 0.524740 0.017130 0.041667
0 0.260880 0.529557 0.017130 0.040885
0 0.432176 0.308203 0.072685 0.009635
0 0.626620 0.128516 0.072685 0.009635
0 0.271296 0.355078 0.019444 0.035677
0 0.165972 0.496094 0.021759 0.031250
0 0.432176 0.430599 0.026389 0.025260
0 0.450694 0.387630 0.017130 0.038281
0 0.804861 0.886328 0.068056 0.009635
0 0.945602 0.477214 0.016204 0.040365
0 0.256250 0.477214 0.026389 0.024740
0 0.346065 0.334245 0.067130 0.009635
0 0.687963 0.745703 0.065741 0.009635
0 0.756250 0.441016 0.017130 0.035677
0 0.496991 0.865495 0.063426 0.009635
0 0.797917 0.248307 0.017130 0.035677
0 0.744676 0.327734 0.021759 0.027865
0 0.117361 0.514193 0.017130 0.035156
0 0.883102 0.093359 0.020833 0.027865
0 0.334954 0.248047 0.063426 0.009115
0 0.207639 0.696224 0.058796 0.009635
0 0.471528 0.748307 0.058796 0.009635
0 0.635880 0.682161 0.017130 0.032552
0 0.411343 0.418880 0.012500 0.043490
0 0.184491 0.477214 0.058796 0.009115
0 0.412500 0.268880 0.014815 0.035156
0 0.753472 0.375651 0.020833 0.024740
0 0.606944 0.316016 0.014815 0.030469
0 0.881250 0.638281 0.017130 0.023958
0 0.473843 0.103516 0.017130 0.022135
0 0.744676 0.903255 0.040278 0.007031
