0 0.536343 0.616797 0.225463 0.048698
0 0.360417 0.105078 0.262500 0.035677
0 0.851157 0.297135 0.169907 0.055208
0 0.943750 0.204036 0.068056 0.103385
0 0.821065 0.437109 0.063426 0.079948
0 0.453009 0.830078 0.123611 0.037760
0 0.940278 0.107682 0.116667 0.035677
0 0.183333 0.235286 0.056481 0.066927
0 0.381250 0.842057 0.118981 0.030469
0 0.772454 0.462891 0.058796 0.058594
0 0.927083 0.120443 0.034722 0.097656
0 0.413194 0.427734 0.118056 0.024740
0 0.937963 0.308203 0.056481 0.051302
0 0.669444 0.282161 0.056481 0.051302
0 0.265509 0.875911 0.109722 0.025260
0 0.774306 0.370703 0.127315 0.020052
0 0.642824 0.365495 0.040278 0.061719
0 0.422454 0.098307 0.136574 0.016927
0 0.581481 0.176432 0.037963 0.058594
0 0.250463 0.370052 0.042593 0.050000
0 0.788657 0.268880 0.146759 0.014323
0 0.852315 0.132422 0.042593 0.048698
0 0.860417 0.152604 0.095833 0.021354
0 0.397454 0.046484 0.086574 0.022656
0 0.263194 0.195573 0.031019 0.060417
0 0.873148 0.187109 0.028704 0.064323
0 0.803704 0.239193 0.037963 0.048698
0 0.779398 0.136328 0.091204 0.020052
0 0.619676 0.131120 0.086574 0.020052
0 0.890509 0.200781 0.091204 0.018750
0 0.344213 0.280599 0.100463 0.016927
0 0.332639 0.852474 0.114352 0.014844
0 0.890509 0.010026 0.091204 0.017448
0 0.642824 0.081641 0.077315 0.020052
0 0.877778 0.564714 0.121296 0.012240
0 0.794444 0.189714 0.065741 0.022656
0 0.573380 0.120703 0.031019 0.046094
0 0.096065 0.768490 0.020833 0.068229
0 0.040972 0.655859 0.021759 0.064323
0 0.844213 0.237891 0.035648 0.035677
0 0.843750 0.603776 0.025463 0.048698
0 0.253935 0.702734 0.021759 0.048698
0 0.397454 0.069922 0.086574 0.012240
0 0.934028 0.145182 0.020833 0.048177
0 0.279398 0.118099 0.100463 0.009635
0 0.082639 0.205339 0.021759 0.038281
0 0.898611 0.224609 0.088889 0.009115
0 0.984259 0.223568 0.028704 0.027865
0 0.200694 0.302083 0.017130 0.044271
0 0.918287 0.092057 0.017130 0.040885
0 0.533565 0.339453 0.016204 0.035677
0 0.580324 0.038672 0.017130 0.033073
0 0.098843 0.990495 0.044907 0.009635
