0 0.832639 0.506120 0.123611 0.040885
0 0.258565 0.810807 0.123611 0.040885
0 0.851157 0.531250 0.142130 0.033854
0 0.635880 0.707943 0.109722 0.038281
0 0.464583 0.698568 0.054167 0.076823
0 0.742361 0.795833 0.063426 0.063021
0 0.079861 0.571224 0.108796 0.035677
0 0.411343 0.786068 0.114352 0.033073
0 0.473843 0.255208 0.109722 0.033854
0 0.136343 0.663672 0.062500 0.059115
0 0.508565 0.107682 0.058796 0.056510
0 0.392824 0.740495 0.105093 0.030469
0 0.093056 0.698828 0.051852 0.061719
0 0.703009 0.632422 0.049537 0.064323
0 0.244213 0.705339 0.094907 0.033073
0 0.746991 0.124609 0.137500 0.022656
0 0.374306 0.648047 0.095833 0.027865
0 0.684491 0.537370 0.105093 0.025260
0 0.601157 0.758724 0.095833 0.025260
0 0.425231 0.476172 0.049537 0.048698
0 0.693750 0.732682 0.049537 0.046094
0 0.628935 0.386328 0.049537 0.046094
0 0.628935 0.503516 0.040278 0.056510
0 0.140509 0.715755 0.100463 0.022656
0 0.679861 0.112891 0.105093 0.020052
0 0.164815 0.619792 0.047222 0.044271
0 0.038657 0.659766 0.044907 0.046094
0 0.696065 0.590755 0.091204 0.022656
0 0.907870 0.472266 0.079630 0.025260
0 0.330324 0.759375 0.118981 0.016146
0 0.441435 0.504557 0.035648 0.053385
0 0.584954 0.201432 0.044907 0.040885
0 0.422917 0.761328 0.072685 0.025260
0 0.422917 0.316016 0.044907 0.040885
0 0.253935 0.752865 0.095833 0.018750
0 0.645139 0.598958 0.035648 0.049479
0 0.652778 0.652995 0.078704 0.022135
0 0.642824 0.763932 0.086574 0.020052
0 0.073380 0.636068 0.086574 0.019531
0 0.149769 0.858333 0.035648 0.047396
0 0.465741 0.513021 0.037963 0.044271
0 0.834954 0.760026 0.072685 0.022656
0 0.385880 0.808203 0.081944 0.020052
0 0.091898 0.731380 0.132870 0.012240
0 0.112731 0.831380 0.081944 0.019531
0 0.811806 0.425781 0.035648 0.044271
0 0.755093 0.731380 0.088889 0.017448
0 0.591898 0.138932 0.077315 0.020052
0 0.897454 0.819922 0.031019 0.048698
0 0.538657 0.185807 0.035648 0.040885
0 0.746991 0.180599 0.072685 0.020052
0 0.269676 0.430599 0.071759 0.020052
0 0.453009 0.555599 0.031019 0.046094
0 0.082639 0.813151 0.031019 0.045573
0 0.362731 0.624349 0.063426 0.022135
0 0.118519 0.750911 0.093519 0.014844
0 0.828009 0.602474 0.068056 0.020052
0 0.478472 0.542578 0.026389 0.051302
0 0.878472 0.658464 0.020833 0.064323
0 0.881250 0.833984 0.026389 0.050781
0 0.674769 0.213151 0.076389 0.017448
0 0.336111 0.451432 0.065741 0.020052
0 0.828009 0.631510 0.031019 0.041667
0 0.765509 0.839453 0.035648 0.035677
0 0.538657 0.804297 0.072685 0.017448
0 0.795602 0.842057 0.031019 0.040885
0 0.450694 0.582943 0.072685 0.017448
0 0.186806 0.593359 0.072685 0.017448
0 0.730787 0.517188 0.077315 0.016146
0 0.297454 0.881120 0.034722 0.035677
0 0.836806 0.576432 0.030093 0.040885
0 0.823380 0.202734 0.068056 0.017448
0 0.457639 0.420182 0.058796 0.020052
0 0.020139 0.661068 0.035648 0.033073
0 0.774769 0.572526 0.035648 0.033073
0 0.839120 0.543880 0.034722 0.033073
0 0.337269 0.558203 0.021759 0.051302
0 0.621991 0.903255 0.091204 0.012240
0 0.362731 0.286068 0.063426 0.017448
0 0.711111 0.556901 0.028704 0.038281
0 0.242361 0.331641 0.026389 0.040885
0 0.126620 0.474870 0.026389 0.040885
0 0.455324 0.245703 0.072685 0.014844
0 0.735417 0.374609 0.021759 0.048698
0 0.763889 0.192318 0.060185 0.017448
0 0.733102 0.442318 0.026389 0.038281
0 0.934491 0.433203 0.068056 0.014844
0 0.813657 0.150651 0.057870 0.017448
0 0.784028 0.673438 0.091204 0.010937
0 0.774769 0.504167 0.091204 0.010937
0 0.169444 0.579036 0.065741 0.014844
0 0.855787 0.835547 0.021759 0.043490
0 0.165972 0.890234 0.077315 0.012240
0 0.309491 0.440755 0.031019 0.029948
0 0.611574 0.637630 0.051852 0.017448
0 0.538657 0.155859 0.072685 0.012240
0 0.581481 0.631120 0.028704 0.030469
0 0.508565 0.448828 0.058796 0.014844
0 0.476157 0.821224 0.058796 0.014844
0 0.464583 0.715104 0.026389 0.031771
0 0.832639 0.814714 0.021759 0.038281
0 0.809491 0.559245 0.021759 0.037760
0 0.515509 0.237891 0.054167 0.014844
0 0.624306 0.731120 0.068056 0.011719
0 0.547917 0.107422 0.017130 0.045573
0 0.277083 0.722266 0.021759 0.035677
0 0.045602 0.743099 0.077315 0.009635
0 0.152083 0.774349 0.077315 0.009635
0 0.897454 0.768490 0.021759 0.034375
0 0.807176 0.642578 0.017130 0.042969
0 0.517824 0.141536 0.049537 0.014844
0 0.953009 0.228776 0.021759 0.033073
0 0.934491 0.762630 0.021759 0.033073
0 0.341435 0.744401 0.057870 0.012240
0 0.612269 0.616797 0.025463 0.027865
0 0.070602 0.877214 0.016204 0.043490
0 0.464583 0.100521 0.026389 0.026562
0 0.839583 0.459245 0.044907 0.014844
0 0.809491 0.589453 0.021759 0.030469
0 0.758565 0.576432 0.021759 0.030469
0 0.865046 0.170182 0.021759 0.030469
0 0.656713 0.495703 0.021759 0.030469
0 0.152083 0.696224 0.068056 0.009635
0 0.323380 0.735286 0.068056 0.009635
0 0.538194 0.529557 0.043981 0.014844
0 0.184028 0.870703 0.020833 0.030469
0 0.038194 0.372005 0.016204 0.038281
0 0.918287 0.319922 0.017130 0.033073
0 0.941435 0.593359 0.017130 0.033073
0 0.899769 0.689714 0.017130 0.033073
0 0.652083 0.448828 0.058796 0.009635
0 0.543287 0.791276 0.044907 0.012240
0 0.790972 0.236589 0.077315 0.007031
0 0.382407 0.602474 0.056481 0.009635
0 0.677546 0.349870 0.054167 0.009635
0 0.855787 0.096354 0.021759 0.023438
0 0.175231 0.804297 0.012500 0.038281
0 0.549769 0.292578 0.048611 0.009635
0 0.455324 0.633724 0.044907 0.009635
0 0.370833 0.512630 0.014815 0.022656
0 0.663194 0.724870 0.034722 0.009635
