0 0.811806 0.183203 0.118981 0.040885
0 0.738889 0.366797 0.112037 0.033073
0 0.196065 0.869401 0.044907 0.079948
0 0.399306 0.353776 0.145833 0.022656
0 0.328009 0.242448 0.058796 0.055208
0 0.691435 0.215755 0.054167 0.053906
0 0.466898 0.425391 0.114352 0.025260
0 0.260880 0.174089 0.044907 0.064323
0 0.404398 0.580078 0.100463 0.027344
0 0.871991 0.108984 0.156019 0.017448
0 0.480324 0.460547 0.094907 0.027865
0 0.551389 0.228776 0.051852 0.048698
0 0.575694 0.523047 0.109722 0.022656
0 0.473843 0.377214 0.100463 0.022656
0 0.616898 0.394141 0.043981 0.051302
0 0.385880 0.436849 0.081944 0.027344
0 0.133565 0.176693 0.040278 0.053906
0 0.235417 0.449479 0.040278 0.052604
0 0.591898 0.248307 0.031019 0.066927
0 0.565972 0.304297 0.034722 0.059115
0 0.152778 0.425391 0.078704 0.025260
0 0.063657 0.174740 0.104167 0.018750
0 0.209954 0.778255 0.044907 0.043490
0 0.086806 0.616797 0.085648 0.022656
0 0.272454 0.771745 0.031019 0.061719
0 0.207639 0.279818 0.095833 0.019531
0 0.846528 0.459245 0.040278 0.046094
0 0.675231 0.287370 0.040278 0.046094
0 0.733102 0.217057 0.072685 0.025260
0 0.478472 0.099870 0.091204 0.020052
0 0.272454 0.099870 0.086574 0.020052
0 0.141667 0.391276 0.084259 0.019531
0 0.631250 0.205339 0.072685 0.022656
0 0.450694 0.148047 0.072685 0.022656
0 0.219213 0.732682 0.081944 0.020052
0 0.499306 0.193359 0.040278 0.040365
0 0.161343 0.529557 0.105093 0.014844
0 0.302546 0.645443 0.035648 0.043490
0 0.304398 0.745703 0.030093 0.051302
0 0.364583 0.174479 0.039352 0.039062
0 0.221528 0.700130 0.031019 0.048698
0 0.168287 0.141536 0.100463 0.014844
0 0.154398 0.814063 0.091204 0.016146
0 0.950694 0.162370 0.072685 0.020052
0 0.649769 0.245703 0.035648 0.040885
0 0.354630 0.452734 0.037963 0.038281
0 0.684491 0.498307 0.031019 0.046094
0 0.193750 0.263932 0.095833 0.014844
0 0.536343 0.307292 0.021759 0.065104
0 0.323380 0.806901 0.031019 0.043490
0 0.770139 0.213411 0.035648 0.037760
0 0.309028 0.886328 0.067130 0.020052
0 0.103009 0.817318 0.034722 0.038281
0 0.074074 0.782161 0.032407 0.040885
0 0.094213 0.491797 0.026389 0.048698
0 0.302546 0.271745 0.035648 0.035677
0 0.126157 0.226172 0.071759 0.017448
0 0.848843 0.227474 0.026389 0.046094
0 0.547454 0.459245 0.081019 0.014844
0 0.059491 0.819922 0.068056 0.017448
0 0.821065 0.091406 0.026389 0.044792
0 0.294444 0.394141 0.028704 0.040885
0 0.251620 0.264974 0.035648 0.032552
0 0.513194 0.446224 0.077315 0.014844
0 0.251620 0.374609 0.026389 0.043490
0 0.736111 0.473307 0.097222 0.011719
0 0.321065 0.616797 0.063426 0.017448
0 0.343750 0.108333 0.034722 0.031771
0 0.268981 0.674089 0.033333 0.033073
0 0.290972 0.765234 0.021759 0.048698
0 0.141667 0.652604 0.065741 0.016146
0 0.913657 0.094401 0.072685 0.014323
0 0.031713 0.510026 0.058796 0.017448
0 0.332639 0.636328 0.068056 0.014844
0 0.110417 0.748307 0.021759 0.046094
0 0.281250 0.435807 0.067130 0.014844
0 0.685648 0.460547 0.079630 0.012240
0 0.371991 0.140234 0.054167 0.017448
0 0.258565 0.584245 0.031019 0.030469
0 0.223843 0.842057 0.063426 0.014844
0 0.086806 0.601172 0.076389 0.012240
0 0.945602 0.573828 0.025463 0.035677
0 0.057176 0.349219 0.026389 0.034375
0 0.707176 0.120443 0.030093 0.029948
0 0.216898 0.649349 0.021759 0.040885
0 0.404398 0.556901 0.072685 0.012240
0 0.763194 0.271745 0.021759 0.040885
0 0.969213 0.253516 0.017130 0.051302
0 0.626620 0.179297 0.026389 0.033073
0 0.809491 0.245052 0.021759 0.036979
0 0.395139 0.115495 0.054167 0.014844
0 0.027083 0.441016 0.021759 0.035677
0 0.103472 0.206380 0.081944 0.009115
0 0.237731 0.556901 0.026389 0.027865
0 0.281713 0.282161 0.021759 0.033073
0 0.126620 0.776953 0.017130 0.040885
0 0.196065 0.568620 0.017130 0.040885
0 0.834954 0.513932 0.017130 0.040885
0 0.922917 0.355078 0.017130 0.040885
0 0.228009 0.322266 0.016204 0.042969
0 0.337269 0.134766 0.058796 0.011719
0 0.234954 0.231380 0.020833 0.033073
0 0.207639 0.818620 0.021759 0.030469
0 0.436806 0.507422 0.054167 0.012240
0 0.323380 0.175391 0.068056 0.009635
0 0.177546 0.698177 0.026389 0.023958
0 0.420602 0.544922 0.068056 0.009115
0 0.361111 0.150651 0.050926 0.012240
0 0.177546 0.771484 0.017130 0.035156
0 0.606944 0.146745 0.051852 0.009635
0 0.300231 0.194922 0.040278 0.012240
0 0.091898 0.442318 0.068056 0.007031
0 0.332639 0.516536 0.049537 0.009635
0 0.596528 0.138932 0.049537 0.009635
0 0.328009 0.592057 0.012500 0.035677
0 0.209954 0.334245 0.044907 0.009635
0 0.132407 0.408464 0.056481 0.007031
0 0.667824 0.104427 0.043981 0.008333
0 0.145139 0.457943 0.017130 0.017448
0 0.783565 0.563411 0.016204 0.014844
