0 0.501157 0.822526 0.062500 0.111198
0 0.875000 0.705339 0.069444 0.069531
0 0.672917 0.868099 0.156019 0.030469
0 0.848843 0.060547 0.063426 0.066406
0 0.638194 0.878516 0.095833 0.030469
0 0.765509 0.823828 0.109722 0.025260
0 0.108102 0.873307 0.035648 0.066927
0 0.749306 0.855078 0.114352 0.020052
0 0.571065 0.875651 0.044907 0.050781
0 0.825231 0.188411 0.043981 0.046094
0 0.350694 0.829036 0.094907 0.020052
0 0.109954 0.806901 0.104167 0.017448
0 0.091898 0.463151 0.040278 0.043490
0 0.948380 0.209635 0.040278 0.041667
0 0.828009 0.066667 0.031019 0.052604
0 0.863426 0.849609 0.101852 0.014323
0 0.964583 0.432292 0.026389 0.054688
0 0.478472 0.568620 0.091204 0.014844
0 0.978472 0.207943 0.026389 0.048698
0 0.677546 0.085547 0.072685 0.017448
0 0.435648 0.832943 0.070370 0.017448
0 0.858102 0.711849 0.026389 0.046094
0 0.728472 0.894141 0.081944 0.014844
0 0.307176 0.276953 0.081944 0.014844
0 0.818750 0.278906 0.021759 0.055208
0 0.679861 0.102474 0.058796 0.020052
0 0.198380 0.211849 0.077315 0.014844
0 0.071065 0.629818 0.026389 0.043490
0 0.436806 0.102734 0.072685 0.014323
0 0.871991 0.080339 0.081944 0.012240
0 0.892824 0.362891 0.021759 0.040885
0 0.936806 0.060807 0.017130 0.051302
0 0.913657 0.789974 0.091204 0.009635
0 0.809491 0.069922 0.021759 0.038281
0 0.653704 0.640234 0.055556 0.012240
0 0.853472 0.322526 0.017130 0.038281
0 0.816435 0.347005 0.026389 0.024740
0 0.728009 0.925391 0.043981 0.014844
0 0.869676 0.067318 0.021759 0.027865
0 0.968056 0.855078 0.061111 0.009635
0 0.096528 0.993099 0.040278 0.009635
