0 0.540972 0.618099 0.225463 0.046094
0 0.807176 0.107682 0.183796 0.040885
0 0.958796 0.099870 0.079630 0.092969
0 0.786343 0.163021 0.068056 0.063021
0 0.540509 0.839453 0.057870 0.072135
0 0.415972 0.220964 0.114352 0.027865
0 0.193287 0.663411 0.057870 0.053385
0 0.537500 0.228516 0.051852 0.058594
0 0.610417 0.210547 0.040278 0.074740
0 0.760880 0.829427 0.044907 0.065104
0 0.896991 0.098307 0.039352 0.074219
0 0.128472 0.858984 0.104167 0.027865
0 0.739583 0.852734 0.048611 0.058594
0 0.304861 0.508464 0.114352 0.024740
0 0.277083 0.543880 0.049537 0.053906
0 0.518981 0.082682 0.051852 0.048177
0 0.924769 0.043880 0.085648 0.027865
0 0.878935 0.852474 0.040278 0.056510
0 0.869676 0.151953 0.086574 0.025260
0 0.318750 0.383724 0.040278 0.051302
0 0.733102 0.067318 0.091204 0.022656
0 0.626620 0.126302 0.128241 0.015625
0 0.163194 0.506120 0.099537 0.020052
0 0.513889 0.266536 0.041667 0.046094
0 0.911343 0.175130 0.132870 0.014323
0 0.957639 0.163672 0.077315 0.022656
0 0.950694 0.082943 0.035648 0.048698
0 0.955324 0.856380 0.026389 0.064323
0 0.186343 0.549089 0.034722 0.048698
0 0.756250 0.138932 0.081944 0.020052
0 0.425231 0.271745 0.031019 0.051302
0 0.763194 0.076432 0.077315 0.020052
0 0.076852 0.680599 0.075000 0.020052
0 0.344213 0.420833 0.091204 0.016146
0 0.584491 0.530859 0.081019 0.017448
0 0.320602 0.046224 0.081019 0.016927
0 0.311806 0.069661 0.109722 0.011719
0 0.749306 0.045182 0.086574 0.014844
0 0.779398 0.343359 0.026389 0.048698
0 0.374306 0.727214 0.077315 0.014323
0 0.561806 0.090495 0.063426 0.016927
0 0.970370 0.145443 0.056481 0.017448
0 0.957639 0.059505 0.077315 0.012240
0 0.988889 0.209245 0.019444 0.040885
0 0.695602 0.168620 0.062500 0.011719
0 0.274306 0.433203 0.016204 0.035677
0 0.911343 0.615495 0.012500 0.035677
0 0.364583 0.726172 0.057870 0.007031
0 0.101157 0.993099 0.040278 0.009635
