0 0.580324 0.296484 0.146759 0.043490
0 0.822222 0.166667 0.065741 0.091146
0 0.066435 0.719922 0.054167 0.097656
0 0.736574 0.210286 0.135185 0.027344
0 0.508565 0.342448 0.058796 0.062500
0 0.219213 0.298438 0.054167 0.063021
0 0.503472 0.626563 0.057870 0.057813
0 0.271991 0.159766 0.057870 0.056510
0 0.596528 0.680599 0.031019 0.103385
0 0.138194 0.577734 0.058796 0.053906
0 0.255787 0.125911 0.099537 0.030469
0 0.787500 0.223307 0.135185 0.022135
0 0.644676 0.411458 0.053241 0.054688
0 0.362731 0.566667 0.044907 0.063021
0 0.450694 0.380208 0.044907 0.059896
0 0.881250 0.390234 0.035648 0.074740
0 0.594213 0.571224 0.044907 0.056510
0 0.300231 0.599870 0.095833 0.025260
0 0.073380 0.481380 0.049537 0.048698
0 0.601157 0.342057 0.040278 0.056510
0 0.705324 0.735026 0.091204 0.024740
0 0.197917 0.680599 0.048611 0.046094
0 0.335648 0.192057 0.046296 0.048177
0 0.119676 0.434505 0.095833 0.022656
0 0.170139 0.856380 0.122685 0.017448
0 0.367361 0.714453 0.044907 0.046094
0 0.571065 0.568620 0.044907 0.046094
0 0.406713 0.737891 0.040278 0.051302
0 0.703009 0.698828 0.040278 0.051302
0 0.652778 0.342057 0.032407 0.061719
0 0.749306 0.119141 0.086574 0.022135
0 0.184028 0.638932 0.094907 0.020052
0 0.883565 0.133724 0.040278 0.046094
0 0.203009 0.170833 0.086574 0.021354
0 0.655556 0.702734 0.037963 0.048698
0 0.135880 0.758724 0.044907 0.040885
0 0.450694 0.524349 0.072685 0.025260
0 0.140509 0.459245 0.044907 0.040885
0 0.743056 0.167318 0.074074 0.024740
0 0.302546 0.399349 0.091204 0.020052
0 0.816435 0.573828 0.035648 0.051302
0 0.775463 0.580339 0.037037 0.048698
0 0.454167 0.497005 0.079630 0.022656
0 0.517361 0.386068 0.039352 0.045573
0 0.450694 0.169531 0.091204 0.018750
0 0.767824 0.151953 0.114352 0.014844
0 0.492361 0.153255 0.072685 0.022656
0 0.284028 0.499609 0.072685 0.022656
0 0.543287 0.286068 0.072685 0.022656
0 0.508102 0.661719 0.076389 0.021354
0 0.695602 0.454427 0.034722 0.046875
0 0.779398 0.436849 0.072685 0.022135
0 0.561343 0.184505 0.090278 0.017448
0 0.647454 0.136328 0.105093 0.014844
0 0.355787 0.816016 0.077315 0.020052
0 0.830324 0.345964 0.035648 0.043490
0 0.854630 0.543880 0.028704 0.053906
0 0.485417 0.421484 0.040278 0.038281
0 0.147454 0.681901 0.040278 0.038281
0 0.943750 0.273047 0.040278 0.038281
0 0.591898 0.895443 0.086574 0.017448
0 0.524306 0.499609 0.034722 0.043490
0 0.293287 0.862891 0.072685 0.020052
0 0.183333 0.827474 0.065741 0.022135
0 0.816435 0.102214 0.035648 0.040365
0 0.036343 0.743099 0.031019 0.046094
0 0.418287 0.460547 0.081944 0.017448
0 0.686343 0.170182 0.034722 0.040885
0 0.156713 0.735286 0.021759 0.061719
0 0.249306 0.353776 0.031019 0.043490
0 0.415509 0.222005 0.067130 0.019531
0 0.225694 0.473568 0.030093 0.043490
0 0.270139 0.681510 0.026389 0.049479
0 0.885880 0.692318 0.026389 0.048698
0 0.325694 0.166276 0.072685 0.017448
0 0.288657 0.369401 0.072685 0.017448
0 0.064120 0.133724 0.031019 0.040885
0 0.510880 0.569922 0.072685 0.017448
0 0.505787 0.199219 0.081019 0.015625
0 0.584954 0.612891 0.026389 0.046094
0 0.492361 0.542578 0.081944 0.014844
0 0.368056 0.478776 0.027778 0.043490
0 0.367361 0.621354 0.109722 0.010937
0 0.124306 0.780859 0.031019 0.038281
0 0.108102 0.478776 0.035648 0.033073
0 0.193750 0.377214 0.021759 0.053906
0 0.399769 0.416276 0.035648 0.033073
0 0.855787 0.765234 0.095833 0.012240
0 0.828009 0.407161 0.058796 0.020052
0 0.575231 0.123307 0.025463 0.046094
0 0.855787 0.777995 0.068056 0.016927
0 0.388194 0.381120 0.077315 0.014844
0 0.771991 0.238932 0.067130 0.016927
0 0.119676 0.164714 0.021759 0.050781
0 0.274769 0.101172 0.063426 0.017448
0 0.297917 0.080339 0.063426 0.017448
0 0.547917 0.485286 0.026389 0.040885
0 0.932176 0.816016 0.026389 0.040885
0 0.746528 0.511979 0.025463 0.042188
0 0.911343 0.768490 0.031019 0.034375
0 0.907870 0.450130 0.061111 0.017448
0 0.193750 0.447266 0.021759 0.048177
0 0.078009 0.668880 0.031019 0.033073
0 0.490046 0.455339 0.031019 0.033073
0 0.906713 0.546484 0.031019 0.033073
0 0.781713 0.878516 0.068056 0.014844
0 0.767824 0.599870 0.068056 0.014844
0 0.103472 0.270443 0.026389 0.038281
0 0.078009 0.836849 0.021759 0.046094
0 0.867361 0.608984 0.081944 0.012240
0 0.427546 0.150651 0.081944 0.012240
0 0.521991 0.073828 0.067130 0.014844
0 0.785880 0.106380 0.030093 0.033073
0 0.568287 0.321224 0.020833 0.046094
0 0.234954 0.441016 0.020833 0.046094
0 0.043287 0.020443 0.054167 0.017448
0 0.455324 0.532161 0.063426 0.014844
0 0.927546 0.344661 0.026389 0.035677
0 0.554861 0.441016 0.095833 0.009635
0 0.508565 0.097005 0.031019 0.029948
0 0.233565 0.874609 0.053241 0.017448
0 0.915972 0.801042 0.021759 0.042188
0 0.575694 0.867839 0.063426 0.014323
0 0.073380 0.349870 0.021759 0.040885
0 0.189120 0.516536 0.021759 0.040885
0 0.091898 0.136328 0.021759 0.040885
0 0.485417 0.797786 0.021759 0.040885
0 0.545602 0.594401 0.058796 0.014323
0 0.677546 0.262630 0.017130 0.048698
0 0.117361 0.110937 0.026389 0.031771
0 0.112731 0.608333 0.026389 0.031771
0 0.369676 0.101172 0.068056 0.012240
0 0.696065 0.384115 0.017130 0.046875
0 0.414815 0.439714 0.065741 0.012240
0 0.740046 0.080078 0.068056 0.011719
0 0.756250 0.183203 0.081944 0.009635
0 0.932176 0.724870 0.017130 0.046094
0 0.274306 0.116797 0.062500 0.012240
0 0.413657 0.093750 0.026389 0.028646
0 0.642824 0.513932 0.077315 0.009635
0 0.686343 0.302344 0.016204 0.044792
0 0.177546 0.775000 0.017130 0.042188
0 0.142361 0.400651 0.020833 0.033073
0 0.643981 0.554948 0.079630 0.008333
0 0.108102 0.812109 0.054167 0.012240
0 0.735417 0.068620 0.068056 0.009635
0 0.052546 0.642839 0.017130 0.038281
0 0.344213 0.481380 0.017130 0.038281
0 0.209954 0.489193 0.017130 0.038281
0 0.913657 0.390234 0.017130 0.038281
0 0.445602 0.662109 0.016204 0.040365
0 0.278935 0.138932 0.043981 0.014844
0 0.177546 0.480078 0.017130 0.035677
0 0.274769 0.802995 0.017130 0.035677
0 0.392361 0.257422 0.048611 0.012240
0 0.515509 0.463151 0.044907 0.012240
0 0.690972 0.192318 0.016204 0.033073
0 0.198380 0.610026 0.058796 0.009115
0 0.506250 0.409766 0.017130 0.030469
0 0.325231 0.831641 0.016204 0.030469
0 0.087269 0.631120 0.012500 0.035677
0 0.096065 0.556901 0.011574 0.038281
0 0.469213 0.875911 0.017130 0.025260
0 0.640509 0.241797 0.054167 0.007031
0 0.468750 0.715755 0.016204 0.022656
0 0.408565 0.142187 0.062500 0.005729
0 0.575694 0.995052 0.026389 0.008333
0 0.006250 0.696484 0.007870 0.019531
