0 0.527083 0.644792 0.123611 0.031771
0 0.874306 0.138932 0.151389 0.025260
0 0.709954 0.625260 0.128241 0.029167
0 0.954167 0.625260 0.051852 0.070833
0 0.744676 0.339453 0.132870 0.025260
0 0.885417 0.248047 0.034722 0.092448
0 0.418287 0.812109 0.054167 0.059115
0 0.652083 0.666276 0.114352 0.027865
0 0.832639 0.530859 0.114352 0.027865
0 0.339583 0.493099 0.100463 0.030469
0 0.390509 0.658464 0.128241 0.022656
0 0.645139 0.134766 0.054167 0.053385
0 0.103472 0.150391 0.054167 0.053385
0 0.038657 0.564453 0.044907 0.063802
0 0.469213 0.524349 0.091204 0.030469
0 0.617361 0.511328 0.091204 0.030469
0 0.551389 0.715755 0.098148 0.027865
0 0.515509 0.375651 0.091204 0.029948
0 0.229630 0.297526 0.037963 0.071615
0 0.684491 0.122005 0.049537 0.053906
0 0.167130 0.675391 0.051852 0.051302
0 0.397917 0.524349 0.099537 0.025260
0 0.446065 0.741797 0.109722 0.022656
0 0.531713 0.149349 0.095833 0.025260
0 0.846528 0.116797 0.086574 0.027865
0 0.527083 0.455339 0.049537 0.048698
0 0.800231 0.674089 0.049537 0.048698
0 0.228472 0.736589 0.044907 0.048698
0 0.087269 0.132422 0.040278 0.053906
0 0.628472 0.174089 0.094907 0.022656
0 0.142824 0.554036 0.040278 0.053385
0 0.584954 0.832943 0.091204 0.022656
0 0.311806 0.474870 0.035648 0.056510
0 0.676389 0.489193 0.033333 0.059115
0 0.767824 0.638932 0.077315 0.025260
0 0.603472 0.590755 0.044907 0.043490
0 0.728472 0.819661 0.044907 0.042969
0 0.360417 0.545182 0.095833 0.020052
0 0.466898 0.897786 0.086574 0.022135
0 0.649769 0.853125 0.044907 0.042188
0 0.115046 0.574870 0.031019 0.058594
0 0.265509 0.127214 0.100463 0.017448
0 0.918287 0.666016 0.035648 0.048177
0 0.442593 0.686849 0.075000 0.022135
0 0.572917 0.890234 0.094907 0.017448
0 0.608102 0.108984 0.072685 0.022656
0 0.668287 0.691016 0.081944 0.020052
0 0.449074 0.582943 0.041667 0.038281
0 0.819907 0.085547 0.024074 0.064323
0 0.274769 0.267839 0.035648 0.043490
0 0.378472 0.608984 0.067130 0.022656
0 0.382407 0.638932 0.075000 0.020052
0 0.757407 0.258724 0.075000 0.020052
0 0.498843 0.166276 0.085648 0.017448
0 0.841898 0.379167 0.031019 0.047396
0 0.224537 0.502214 0.064815 0.022656
0 0.705324 0.616797 0.118981 0.012240
0 0.369676 0.781901 0.031019 0.045573
0 0.348843 0.177995 0.091204 0.014844
0 0.665972 0.711198 0.095833 0.013542
0 0.874306 0.631120 0.086574 0.014844
0 0.265509 0.567318 0.026389 0.048698
0 0.895139 0.084245 0.063426 0.020052
0 0.517824 0.860286 0.031019 0.040885
0 0.319907 0.329036 0.061111 0.020052
0 0.941435 0.464453 0.026389 0.046094
0 0.133565 0.483984 0.031019 0.038281
0 0.522454 0.282161 0.058796 0.020052
0 0.550231 0.506120 0.058796 0.020052
0 0.184491 0.582943 0.021759 0.053906
0 0.564120 0.671484 0.095833 0.012240
0 0.057176 0.171484 0.035648 0.033073
0 0.608102 0.919922 0.081944 0.014323
0 0.443287 0.468359 0.020833 0.053906
0 0.818750 0.211849 0.021759 0.051302
0 0.070602 0.728776 0.025463 0.043490
0 0.485417 0.482682 0.031019 0.035677
0 0.056713 0.473307 0.025463 0.042969
0 0.362731 0.654557 0.072685 0.014844
0 0.876620 0.151953 0.072685 0.014844
0 0.703009 0.475911 0.021759 0.048177
0 0.216898 0.621745 0.021759 0.048177
0 0.635880 0.716797 0.072685 0.014323
0 0.643981 0.569661 0.024074 0.042969
0 0.342593 0.431901 0.083333 0.012240
0 0.152083 0.901953 0.068056 0.014844
0 0.610417 0.761328 0.021759 0.046094
0 0.272454 0.305599 0.021759 0.046094
0 0.274769 0.396745 0.100463 0.009635
0 0.496528 0.835938 0.053241 0.018229
0 0.512731 0.792578 0.020833 0.046094
0 0.615046 0.405859 0.021759 0.043490
0 0.591898 0.124609 0.077315 0.012240
0 0.767824 0.650651 0.077315 0.012240
0 0.728472 0.482682 0.026389 0.035677
0 0.640509 0.490495 0.026389 0.035677
0 0.244213 0.624609 0.020833 0.043490
0 0.950694 0.089193 0.063426 0.014323
0 0.714120 0.572266 0.053241 0.016927
0 0.728472 0.702734 0.072685 0.012240
0 0.101157 0.399349 0.021759 0.040885
0 0.543287 0.179297 0.072685 0.012240
0 0.147454 0.107682 0.058796 0.014844
0 0.932176 0.684505 0.017130 0.048698
0 0.429861 0.296224 0.049537 0.016927
0 0.795602 0.080339 0.021759 0.038281
0 0.740046 0.226172 0.068056 0.012240
0 0.339583 0.745313 0.026389 0.031250
0 0.603472 0.644141 0.054167 0.014844
0 0.168287 0.162370 0.026389 0.030469
0 0.885880 0.313411 0.017130 0.046094
0 0.809491 0.175391 0.021759 0.035677
0 0.716898 0.443620 0.021759 0.035677
0 0.376620 0.830339 0.063426 0.012240
0 0.478009 0.451432 0.025463 0.030469
0 0.140509 0.912109 0.054167 0.014323
0 0.545602 0.683203 0.077315 0.009635
0 0.490046 0.110286 0.077315 0.009635
0 0.336806 0.769141 0.020833 0.035677
0 0.582639 0.405859 0.058796 0.012240
0 0.323380 0.707943 0.058796 0.012240
0 0.698380 0.853776 0.058796 0.012240
0 0.814120 0.136068 0.049537 0.014323
0 0.473380 0.822526 0.025463 0.027865
0 0.174074 0.248307 0.019444 0.035677
0 0.094213 0.188151 0.072685 0.009115
0 0.300231 0.745703 0.068056 0.009635
0 0.128935 0.263932 0.068056 0.009635
0 0.674769 0.773698 0.048611 0.013542
0 0.635880 0.602214 0.026389 0.024740
0 0.909028 0.541016 0.017130 0.037760
0 0.422917 0.560807 0.017130 0.035677
0 0.707176 0.531510 0.020833 0.029167
0 0.915972 0.267839 0.021759 0.027865
0 0.436806 0.565755 0.017130 0.035156
0 0.578009 0.420182 0.058796 0.009635
0 0.830324 0.723568 0.044907 0.012240
0 0.841898 0.774089 0.058796 0.009115
0 0.279398 0.723307 0.044907 0.011719
0 0.723843 0.511328 0.017130 0.030469
0 0.077546 0.875260 0.011574 0.036979
0 0.373148 0.589453 0.019444 0.020052
0 0.582176 0.093359 0.011574 0.033073
0 0.290972 0.568359 0.012500 0.029948
0 0.525231 0.088151 0.053241 0.007031
0 0.973843 0.409766 0.035648 0.009635
0 0.077546 0.385026 0.011574 0.027865
0 0.584491 0.490495 0.016204 0.020052
0 0.100694 0.297786 0.011574 0.025260
