0 0.795139 0.417578 0.206019 0.072135
0 0.536343 0.616797 0.234722 0.048698
0 0.806019 0.265234 0.162963 0.053906
0 0.242361 0.840755 0.128241 0.038281
0 0.802083 0.469661 0.071759 0.066927
0 0.936806 0.789974 0.063426 0.066927
0 0.880787 0.222266 0.164352 0.025260
0 0.089583 0.247005 0.063426 0.059115
0 0.791667 0.865495 0.060185 0.061719
0 0.422917 0.276953 0.054167 0.066927
0 0.881250 0.825781 0.044907 0.076042
0 0.721065 0.438411 0.057870 0.056510
0 0.121991 0.297526 0.054167 0.055990
0 0.571065 0.105078 0.044907 0.066927
0 0.527083 0.888932 0.095833 0.030469
0 0.929861 0.253516 0.095833 0.030469
0 0.943750 0.147786 0.040278 0.069010
0 0.753935 0.391536 0.132870 0.020052
0 0.891667 0.095964 0.037963 0.064323
0 0.272454 0.138932 0.095833 0.025260
0 0.589583 0.401953 0.035648 0.066927
0 0.552546 0.528255 0.044907 0.048698
0 0.616898 0.909766 0.108796 0.020052
0 0.809491 0.167578 0.040278 0.051302
0 0.814120 0.507422 0.031019 0.064323
0 0.949537 0.201432 0.098148 0.020052
0 0.735417 0.174089 0.086574 0.022656
0 0.464120 0.163021 0.043981 0.042188
0 0.605787 0.257422 0.031019 0.059115
0 0.524769 0.680599 0.035648 0.051302
0 0.751620 0.545182 0.091204 0.020052
0 0.212269 0.857682 0.114352 0.014844
0 0.832639 0.140234 0.095833 0.017448
0 0.890509 0.010026 0.091204 0.017448
0 0.272454 0.653255 0.031019 0.048698
0 0.194213 0.426693 0.030093 0.048698
0 0.344213 0.609635 0.035648 0.039583
0 0.769676 0.135677 0.025463 0.050000
0 0.429861 0.060807 0.077315 0.014844
0 0.209954 0.627214 0.026389 0.043490
0 0.837269 0.127214 0.086574 0.012240
0 0.221528 0.188151 0.021759 0.045573
0 0.800231 0.241797 0.021759 0.038281
0 0.265509 0.334896 0.017130 0.047396
0 0.561806 0.041276 0.026389 0.027865
0 0.490046 0.504557 0.058796 0.011719
0 0.098843 0.993099 0.044907 0.009635
