0 0.621991 0.697526 0.146759 0.038281
0 0.468750 0.662370 0.164352 0.030469
0 0.043287 0.498307 0.072685 0.066927
0 0.219213 0.879557 0.193056 0.022135
0 0.871991 0.245703 0.109722 0.035677
0 0.492361 0.809505 0.109722 0.033073
0 0.272454 0.802344 0.049537 0.070833
0 0.392824 0.894141 0.114352 0.030469
0 0.126620 0.249609 0.054167 0.064323
0 0.596528 0.803646 0.105093 0.031771
0 0.054861 0.589453 0.058796 0.056510
0 0.770139 0.819922 0.100463 0.033073
0 0.830324 0.905599 0.100463 0.032552
0 0.038657 0.382161 0.054167 0.058594
0 0.490046 0.273047 0.095833 0.033073
0 0.665509 0.913672 0.113426 0.027865
0 0.326852 0.436068 0.056481 0.055990
0 0.094213 0.490495 0.054167 0.056510
0 0.934491 0.127214 0.049537 0.059115
0 0.684491 0.595964 0.105093 0.027865
0 0.415972 0.542318 0.095833 0.029948
0 0.882407 0.398047 0.037963 0.074740
0 0.225000 0.398047 0.121296 0.022656
0 0.346528 0.566016 0.105093 0.025260
0 0.615046 0.435807 0.105093 0.025260
0 0.297917 0.748047 0.100463 0.024740
0 0.323380 0.853776 0.086574 0.027865
0 0.869213 0.752214 0.104167 0.022656
0 0.559028 0.184245 0.085648 0.027344
0 0.395139 0.811849 0.081944 0.027344
0 0.574537 0.536719 0.033333 0.065625
0 0.744676 0.585547 0.040278 0.053906
0 0.552546 0.672786 0.081944 0.025260
0 0.246991 0.579036 0.081944 0.025260
0 0.950231 0.498698 0.043981 0.046875
0 0.665972 0.577083 0.077315 0.026562
0 0.927546 0.698828 0.026389 0.077344
0 0.149769 0.789323 0.044907 0.044792
0 0.834954 0.627604 0.044907 0.044271
0 0.267824 0.606380 0.086574 0.022656
0 0.425231 0.872005 0.086574 0.022656
0 0.793287 0.278255 0.044907 0.043490
0 0.126620 0.197526 0.044907 0.043490
0 0.841898 0.883724 0.095833 0.020052
0 0.966898 0.302995 0.031019 0.061719
0 0.390509 0.643229 0.118981 0.015625
0 0.788657 0.150651 0.081944 0.022656
0 0.209954 0.269141 0.044907 0.040885
0 0.223843 0.180339 0.072685 0.024740
0 0.950231 0.381120 0.043981 0.040885
0 0.414815 0.508724 0.028704 0.061719
0 0.365046 0.756120 0.086574 0.020052
0 0.513194 0.159766 0.086574 0.020052
0 0.563657 0.142839 0.076389 0.022656
0 0.579861 0.109635 0.071759 0.023958
0 0.617361 0.239193 0.026389 0.064323
0 0.866898 0.840755 0.034722 0.048698
0 0.918287 0.301042 0.035648 0.047396
0 0.688657 0.618099 0.113426 0.014844
0 0.119676 0.736589 0.031019 0.053906
0 0.358102 0.473568 0.072685 0.022656
0 0.322222 0.659766 0.037963 0.040885
0 0.249306 0.493099 0.077315 0.020052
0 0.203009 0.552995 0.077315 0.020052
0 0.899769 0.501953 0.091204 0.016927
0 0.503935 0.559505 0.040278 0.038281
0 0.753935 0.257422 0.086574 0.017448
0 0.577546 0.620443 0.104167 0.014323
0 0.853472 0.401953 0.026389 0.056510
0 0.723843 0.204036 0.035648 0.040885
0 0.265509 0.625911 0.035648 0.040885
0 0.751620 0.209245 0.035648 0.040885
0 0.550231 0.469661 0.031019 0.046094
0 0.795602 0.664974 0.031019 0.046094
0 0.679861 0.370703 0.031019 0.046094
0 0.152083 0.297786 0.095833 0.014844
0 0.540972 0.602474 0.068056 0.020052
0 0.420602 0.592057 0.021759 0.061719
0 0.550231 0.887630 0.077315 0.017448
0 0.360417 0.089193 0.068056 0.019531
0 0.203009 0.211589 0.068056 0.019531
0 0.714583 0.748958 0.035648 0.036979
0 0.478009 0.771484 0.090278 0.014323
0 0.568750 0.749609 0.021759 0.059115
0 0.242361 0.433203 0.035648 0.035677
0 0.325694 0.407161 0.035648 0.035677
0 0.321065 0.170182 0.063426 0.020052
0 0.510880 0.723568 0.072685 0.017448
0 0.277083 0.763672 0.086574 0.014323
0 0.624306 0.714453 0.021759 0.056510
0 0.510880 0.901953 0.081944 0.014844
0 0.892824 0.674089 0.031019 0.038281
0 0.355787 0.689714 0.031019 0.038281
0 0.753935 0.273047 0.021759 0.053906
0 0.559491 0.707943 0.095833 0.012240
0 0.212269 0.460547 0.095833 0.012240
0 0.209954 0.606380 0.035648 0.033073
0 0.788657 0.481380 0.026389 0.043490
0 0.825694 0.408464 0.026389 0.043490
0 0.777083 0.899349 0.077315 0.014844
0 0.728009 0.437109 0.034722 0.033073
0 0.823380 0.564063 0.031019 0.036979
0 0.616898 0.512630 0.025463 0.043490
0 0.513194 0.491797 0.086574 0.012240
0 0.230787 0.145443 0.086574 0.012240
0 0.853009 0.193620 0.025463 0.040885
0 0.409028 0.214193 0.072685 0.014323
0 0.702315 0.475911 0.087963 0.011719
0 0.131250 0.413672 0.026389 0.038281
0 0.777083 0.446224 0.068056 0.014844
0 0.834954 0.296484 0.026389 0.038281
0 0.793287 0.627214 0.026389 0.038281
0 0.480787 0.526953 0.068056 0.014844
0 0.594213 0.395443 0.081944 0.012240
0 0.874306 0.789974 0.021759 0.046094
0 0.804861 0.378516 0.021759 0.046094
0 0.550231 0.845964 0.077315 0.012240
0 0.212269 0.108984 0.077315 0.012240
0 0.471528 0.743099 0.031019 0.030469
0 0.892824 0.214453 0.031019 0.030469
0 0.443750 0.373307 0.031019 0.030469
0 0.454861 0.605729 0.025463 0.036979
0 0.913657 0.808203 0.026389 0.035677
0 0.774769 0.396745 0.063426 0.014844
0 0.866898 0.224870 0.025463 0.035677
0 0.790972 0.529297 0.021759 0.040365
0 0.946065 0.481380 0.026389 0.033073
0 0.811806 0.345964 0.026389 0.033073
0 0.131250 0.209896 0.026389 0.031771
0 0.420602 0.124609 0.021759 0.038281
0 0.087269 0.239193 0.021759 0.038281
0 0.837269 0.689453 0.021759 0.037760
0 0.487731 0.417578 0.054167 0.014844
0 0.718056 0.400651 0.024074 0.033073
0 0.811806 0.612891 0.017130 0.046094
0 0.186806 0.443620 0.081944 0.009635
0 0.635417 0.569271 0.071759 0.010937
0 0.663657 0.710547 0.063426 0.012240
0 0.450694 0.444922 0.063426 0.012240
0 0.589583 0.588151 0.063426 0.012240
0 0.866898 0.539974 0.016204 0.046094
0 0.834954 0.775651 0.017130 0.043490
0 0.550231 0.548438 0.021759 0.034375
0 0.182176 0.754818 0.026389 0.027865
0 0.337269 0.530859 0.021759 0.033073
0 0.915972 0.632422 0.021759 0.033073
0 0.138194 0.567318 0.021759 0.033073
0 0.161343 0.260026 0.021759 0.033073
0 0.147454 0.284505 0.077315 0.009115
0 0.138194 0.526953 0.021759 0.030469
0 0.045602 0.664974 0.021759 0.030469
0 0.700694 0.390234 0.017130 0.038281
0 0.853009 0.526042 0.016204 0.039062
0 0.924769 0.206641 0.020833 0.030469
0 0.589583 0.860286 0.063426 0.009635
0 0.557176 0.217057 0.017130 0.035677
0 0.756250 0.521484 0.017130 0.035156
0 0.749306 0.736328 0.021759 0.027344
0 0.771296 0.573828 0.019444 0.030469
0 0.837269 0.433203 0.058796 0.009635
0 0.735417 0.521745 0.021759 0.025260
0 0.799769 0.219661 0.020833 0.025260
0 0.936806 0.581641 0.017130 0.030469
0 0.495833 0.214453 0.051852 0.009635
0 0.708796 0.175391 0.051852 0.009635
0 0.790972 0.296484 0.021759 0.022656
0 0.369676 0.523047 0.058796 0.007031
