0 0.149769 0.546484 0.174537 0.048698
0 0.837269 0.127214 0.068056 0.079948
0 0.869676 0.226823 0.058796 0.091667
0 0.742361 0.093359 0.118981 0.038281
0 0.844213 0.542578 0.063426 0.066927
0 0.709954 0.541276 0.109722 0.038281
0 0.450694 0.115495 0.109722 0.035677
0 0.758565 0.132422 0.123611 0.027865
0 0.728472 0.299089 0.100463 0.033073
0 0.758565 0.281510 0.058796 0.055208
0 0.202546 0.394141 0.104167 0.030469
0 0.668287 0.718099 0.054167 0.058594
0 0.758565 0.700130 0.095833 0.033073
0 0.196065 0.875911 0.044907 0.061719
0 0.151620 0.296484 0.030093 0.090365
0 0.939120 0.705339 0.049537 0.053906
0 0.950694 0.155208 0.044907 0.057813
0 0.505093 0.788672 0.088889 0.027865
0 0.800231 0.353776 0.086574 0.027865
0 0.946065 0.207682 0.044907 0.053385
0 0.425231 0.606120 0.086574 0.027344
0 0.441435 0.732682 0.044907 0.051302
0 0.547917 0.171484 0.100463 0.022656
0 0.329861 0.137630 0.099537 0.022656
0 0.712269 0.356380 0.040278 0.053906
0 0.860417 0.246745 0.040278 0.053385
0 0.608102 0.568359 0.035648 0.055990
0 0.795602 0.456641 0.077315 0.025260
0 0.596065 0.786068 0.085648 0.022656
0 0.807176 0.419141 0.044907 0.042969
0 0.172917 0.366536 0.044907 0.042969
0 0.684491 0.112891 0.095833 0.020052
0 0.730093 0.487891 0.074074 0.025260
0 0.534028 0.280859 0.081944 0.022656
0 0.177546 0.227474 0.072685 0.025260
0 0.427546 0.308203 0.072685 0.025260
0 0.904398 0.300391 0.035648 0.051302
0 0.964583 0.245703 0.035648 0.051302
0 0.240046 0.684505 0.040278 0.043490
0 0.527083 0.810807 0.086574 0.020052
0 0.550231 0.394141 0.086574 0.020052
0 0.853472 0.145443 0.035648 0.048698
0 0.670139 0.271745 0.030093 0.056510
0 0.762037 0.877214 0.028704 0.059115
0 0.205324 0.470964 0.072685 0.022656
0 0.652083 0.256120 0.040278 0.040885
0 0.358102 0.566016 0.081944 0.020052
0 0.311806 0.797526 0.035648 0.045573
0 0.642361 0.164974 0.039352 0.040885
0 0.865046 0.190365 0.040278 0.039583
0 0.491898 0.732031 0.034722 0.044792
0 0.078009 0.861589 0.040278 0.038281
0 0.730787 0.767839 0.086574 0.017448
0 0.536343 0.827734 0.086574 0.017448
0 0.142361 0.616797 0.030093 0.048698
0 0.281713 0.743099 0.021759 0.066927
0 0.145139 0.737891 0.035648 0.040885
0 0.786343 0.837240 0.031019 0.046875
0 0.948380 0.769792 0.068056 0.021354
0 0.828009 0.774349 0.031019 0.046094
0 0.383565 0.816016 0.031019 0.046094
0 0.749306 0.105078 0.095833 0.014844
0 0.078009 0.188411 0.068056 0.020052
0 0.344213 0.654557 0.026389 0.051302
0 0.758565 0.210547 0.077315 0.017448
0 0.915972 0.658464 0.031019 0.043490
0 0.707639 0.184505 0.031019 0.043490
0 0.290972 0.278255 0.031019 0.043490
0 0.494676 0.666276 0.031019 0.043490
0 0.906713 0.113932 0.077315 0.016927
0 0.398611 0.851172 0.033333 0.038281
0 0.819907 0.106380 0.033333 0.038281
0 0.052546 0.451432 0.035648 0.035677
0 0.404398 0.265234 0.072685 0.017448
0 0.193750 0.279557 0.031019 0.040885
0 0.677546 0.788672 0.072685 0.017448
0 0.927546 0.733333 0.026389 0.047396
0 0.677083 0.381120 0.062500 0.020052
0 0.927546 0.827734 0.100463 0.012240
0 0.697222 0.745052 0.065741 0.018750
0 0.441435 0.641536 0.081944 0.014844
0 0.844213 0.643880 0.026389 0.045573
0 0.471528 0.077734 0.068056 0.017448
0 0.434491 0.860286 0.058796 0.020052
0 0.219213 0.421484 0.035648 0.033073
0 0.346528 0.172786 0.077315 0.014844
0 0.959954 0.619401 0.026389 0.043490
0 0.209954 0.679297 0.026389 0.043490
0 0.746528 0.187109 0.034722 0.033073
0 0.804398 0.856380 0.020833 0.053906
0 0.156713 0.855078 0.021759 0.051302
0 0.145139 0.098568 0.091204 0.012240
0 0.786343 0.775651 0.058796 0.017448
0 0.964583 0.700130 0.026389 0.038281
0 0.714583 0.710547 0.026389 0.038281
0 0.461806 0.093359 0.057870 0.017448
0 0.376620 0.210547 0.081944 0.012240
0 0.073380 0.433203 0.021759 0.046094
0 0.834954 0.795573 0.063426 0.015625
0 0.221528 0.267839 0.021759 0.043490
0 0.096528 0.511328 0.031019 0.030469
0 0.693750 0.757161 0.077315 0.011719
0 0.855787 0.349870 0.021759 0.040885
0 0.866898 0.642839 0.016204 0.053906
0 0.858565 0.502214 0.071759 0.012240
0 0.094213 0.749609 0.026389 0.033073
0 0.144676 0.314453 0.016204 0.053385
0 0.635880 0.830078 0.026389 0.032552
0 0.177546 0.697266 0.026389 0.032552
0 0.631250 0.334896 0.026389 0.031771
0 0.420139 0.137370 0.030093 0.027344
0 0.367361 0.368099 0.054167 0.014844
0 0.866204 0.692318 0.024074 0.033073
0 0.807870 0.168880 0.064815 0.012240
0 0.751620 0.747005 0.063426 0.012240
0 0.313657 0.730729 0.020833 0.036979
0 0.561806 0.601172 0.017130 0.043490
0 0.654398 0.848568 0.017130 0.043490
0 0.524769 0.200130 0.026389 0.027865
0 0.527083 0.085547 0.058796 0.012240
0 0.878935 0.379818 0.021759 0.033073
0 0.198380 0.163411 0.021759 0.032552
0 0.589583 0.855078 0.044907 0.014844
0 0.448380 0.284766 0.068056 0.009635
0 0.978472 0.684505 0.017130 0.038281
0 0.538657 0.257422 0.017130 0.038281
0 0.164815 0.286068 0.019444 0.033073
0 0.853472 0.780599 0.054167 0.011719
0 0.844213 0.845703 0.054167 0.011719
0 0.950231 0.382422 0.016204 0.038281
0 0.230787 0.302734 0.068056 0.009115
0 0.843750 0.326432 0.062500 0.009635
0 0.948380 0.538932 0.021759 0.027344
0 0.799769 0.494401 0.020833 0.026823
0 0.615046 0.856380 0.012500 0.043490
0 0.918287 0.413672 0.044907 0.012240
0 0.871991 0.733073 0.017130 0.031250
0 0.239583 0.662370 0.020833 0.025260
0 0.554398 0.188411 0.020833 0.025260
0 0.626620 0.487891 0.054167 0.009635
0 0.976157 0.590755 0.040278 0.012240
0 0.554861 0.737891 0.031019 0.009635
