0 0.830324 0.849870 0.193056 0.035677
0 0.096528 0.982031 0.188426 0.034375
0 0.933333 0.814453 0.130556 0.037760
0 0.139352 0.855729 0.107407 0.036979
0 0.279398 0.106380 0.156019 0.022656
0 0.117361 0.802995 0.137500 0.025260
0 0.828009 0.818620 0.132870 0.025260
0 0.119676 0.130469 0.049537 0.065625
0 0.165972 0.260026 0.049537 0.064323
0 0.895139 0.095312 0.054167 0.057813
0 0.874306 0.679297 0.049537 0.053906
0 0.578009 0.148047 0.095833 0.027865
0 0.750463 0.139583 0.042593 0.057813
0 0.837269 0.268880 0.095833 0.024740
0 0.728472 0.313411 0.091204 0.025260
0 0.339583 0.124349 0.081944 0.027344
0 0.553704 0.316406 0.037963 0.057292
0 0.975000 0.081380 0.047222 0.045573
0 0.084954 0.848568 0.091204 0.022656
0 0.962269 0.584245 0.040278 0.051302
0 0.709954 0.875911 0.091204 0.020052
0 0.345370 0.162370 0.121296 0.014844
0 0.977315 0.230729 0.042593 0.042188
0 0.119213 0.734635 0.131944 0.013542
0 0.455324 0.137630 0.100463 0.017448
0 0.330324 0.413411 0.035648 0.048177
0 0.649769 0.177995 0.109722 0.014844
0 0.302546 0.395443 0.026389 0.059115
0 0.527083 0.173828 0.040278 0.037760
0 0.119213 0.840755 0.085648 0.017448
0 0.170139 0.120703 0.020833 0.066927
0 0.948380 0.842057 0.058796 0.020052
0 0.660880 0.541276 0.067130 0.017448
0 0.244213 0.868099 0.076389 0.014844
0 0.218750 0.244401 0.025463 0.043490
0 0.920602 0.911068 0.086574 0.012240
0 0.101157 0.256120 0.021759 0.046094
0 0.223843 0.888932 0.100463 0.009635
0 0.984259 0.135026 0.028704 0.033073
0 0.953009 0.061849 0.049537 0.016927
0 0.986574 0.775391 0.024074 0.027344
0 0.103472 0.389974 0.017130 0.037760
0 0.922917 0.207943 0.017130 0.033073
0 0.991204 0.806641 0.014815 0.022135
