0 0.640046 0.266927 0.136574 0.046875
0 0.545602 0.581641 0.049537 0.103385
0 0.508565 0.310807 0.123611 0.035677
0 0.728472 0.263932 0.063426 0.066927
0 0.422917 0.545182 0.137500 0.030469
0 0.633565 0.381120 0.058796 0.066927
0 0.126620 0.891536 0.128241 0.030469
0 0.953009 0.469401 0.049537 0.076823
0 0.628472 0.508724 0.104167 0.035677
0 0.285185 0.219661 0.056481 0.056510
0 0.656713 0.326172 0.049537 0.055990
0 0.865046 0.278255 0.049537 0.053906
0 0.436806 0.361589 0.035648 0.074740
0 0.330324 0.676693 0.044907 0.059115
0 0.401620 0.834245 0.131944 0.020052
0 0.844213 0.856380 0.091204 0.027865
0 0.198380 0.409766 0.049537 0.051302
0 0.318750 0.744401 0.049537 0.048698
0 0.902083 0.465755 0.049537 0.048698
0 0.168287 0.177995 0.118981 0.020052
0 0.821065 0.808854 0.146759 0.016146
0 0.255787 0.226172 0.043981 0.053906
0 0.487731 0.727474 0.091204 0.025260
0 0.436806 0.430599 0.091204 0.025260
0 0.473843 0.804297 0.035648 0.064323
0 0.330324 0.521484 0.044907 0.050781
0 0.240046 0.865495 0.086574 0.025260
0 0.281713 0.491797 0.095833 0.022656
0 0.582639 0.569922 0.040278 0.053906
0 0.154398 0.417578 0.044907 0.046094
0 0.677546 0.116797 0.091204 0.022656
0 0.253935 0.641276 0.105093 0.019531
0 0.820602 0.631120 0.043981 0.046094
0 0.852315 0.504818 0.098148 0.020052
0 0.288194 0.745703 0.034722 0.056510
0 0.924769 0.257812 0.039352 0.049479
0 0.814120 0.573828 0.095833 0.020052
0 0.547917 0.735286 0.128241 0.014844
0 0.487731 0.681901 0.081944 0.022656
0 0.540972 0.802995 0.040278 0.046094
0 0.318750 0.499609 0.105093 0.017448
0 0.404398 0.146745 0.072685 0.025260
0 0.464583 0.487891 0.072685 0.025260
0 0.344213 0.636328 0.091204 0.020052
0 0.600694 0.652604 0.085648 0.021354
0 0.176389 0.600521 0.042593 0.042188
0 0.304861 0.801693 0.077315 0.022656
0 0.462269 0.912370 0.086574 0.020052
0 0.131250 0.825130 0.035648 0.048698
0 0.244676 0.901953 0.086574 0.020052
0 0.515509 0.472656 0.035648 0.046875
0 0.090278 0.321224 0.083333 0.020052
0 0.159028 0.149349 0.081944 0.020052
0 0.057176 0.610286 0.035648 0.046094
0 0.040509 0.500911 0.039352 0.040885
0 0.193287 0.281901 0.039352 0.040365
0 0.103472 0.713151 0.035648 0.043490
0 0.457639 0.262630 0.068056 0.022656
0 0.142824 0.210547 0.040278 0.038281
0 0.767824 0.309505 0.068056 0.022656
0 0.240046 0.619401 0.068056 0.022656
0 0.485417 0.416276 0.040278 0.038281
0 0.929861 0.650391 0.040278 0.037760
0 0.707639 0.538411 0.068056 0.022135
0 0.671759 0.535417 0.070370 0.021354
0 0.603472 0.680599 0.100463 0.014844
0 0.663657 0.594661 0.026389 0.056510
0 0.087269 0.612891 0.021759 0.066927
0 0.128935 0.566016 0.031019 0.046094
0 0.723843 0.322135 0.035648 0.039062
0 0.765046 0.338802 0.034722 0.039583
0 0.672917 0.395443 0.035648 0.038281
0 0.851157 0.170182 0.068056 0.020052
0 0.709954 0.426693 0.035648 0.038281
0 0.376620 0.761328 0.026389 0.051302
0 0.383565 0.201432 0.021759 0.061719
0 0.152083 0.400391 0.031019 0.042969
0 0.649306 0.728776 0.034722 0.038281
0 0.653241 0.150651 0.033333 0.038281
0 0.848843 0.099870 0.035648 0.035677
0 0.587269 0.162109 0.031019 0.040365
0 0.329861 0.568620 0.062500 0.020052
0 0.307176 0.560547 0.063426 0.019531
0 0.446065 0.374609 0.100463 0.012240
0 0.855787 0.349870 0.021759 0.056510
0 0.119676 0.469010 0.031019 0.039583
0 0.203009 0.161068 0.068056 0.017448
0 0.309491 0.464453 0.058796 0.020052
0 0.480787 0.640234 0.021759 0.053906
0 0.781713 0.426432 0.031019 0.037760
0 0.697917 0.197526 0.030093 0.038281
0 0.947917 0.403255 0.030093 0.038281
0 0.760880 0.645443 0.091204 0.012240
0 0.249306 0.334245 0.031019 0.035677
0 0.698380 0.351172 0.021759 0.048698
0 0.383565 0.679297 0.021759 0.048698
0 0.945602 0.541016 0.090278 0.011719
0 0.596528 0.179297 0.031019 0.033073
0 0.885880 0.103776 0.026389 0.038281
0 0.832639 0.121745 0.031019 0.032552
0 0.524769 0.132422 0.081944 0.012240
0 0.601157 0.235286 0.021759 0.046094
0 0.957639 0.170182 0.021759 0.046094
0 0.194907 0.552995 0.024074 0.040885
0 0.260417 0.288672 0.025463 0.038281
0 0.814120 0.106380 0.021759 0.043490
0 0.402083 0.314714 0.077315 0.012240
0 0.207639 0.257422 0.077315 0.012240
0 0.179861 0.754818 0.021759 0.043490
0 0.031713 0.611589 0.021759 0.043490
0 0.459954 0.749609 0.054167 0.017448
0 0.036343 0.548828 0.021759 0.042969
0 0.169444 0.207682 0.028704 0.032552
0 0.419444 0.700130 0.075000 0.012240
0 0.642361 0.585547 0.020833 0.043490
0 0.589120 0.352474 0.025463 0.035677
0 0.307176 0.345964 0.072685 0.012240
0 0.529398 0.187109 0.072685 0.012240
0 0.316435 0.395443 0.072685 0.012240
0 0.118519 0.596615 0.065741 0.013542
0 0.788657 0.724870 0.017130 0.051302
0 0.172917 0.723307 0.026389 0.032552
0 0.346528 0.781901 0.058796 0.014323
0 0.899769 0.624609 0.017130 0.048698
0 0.184491 0.689714 0.021759 0.038281
0 0.439120 0.687109 0.068056 0.012240
0 0.897454 0.327474 0.021759 0.037760
0 0.596528 0.320182 0.021759 0.037760
0 0.427546 0.240495 0.026389 0.030469
0 0.471528 0.992448 0.058796 0.013542
0 0.929861 0.862630 0.086574 0.009115
0 0.418287 0.715755 0.063426 0.012240
0 0.770139 0.106380 0.017130 0.043490
0 0.582639 0.826432 0.049537 0.014844
0 0.268981 0.430339 0.079630 0.009115
0 0.522454 0.762630 0.058796 0.012240
0 0.309491 0.099609 0.077315 0.009115
0 0.121991 0.188411 0.072685 0.009635
0 0.399769 0.276953 0.017130 0.040885
0 0.714583 0.224609 0.017130 0.040365
0 0.830324 0.347266 0.026389 0.025260
0 0.883565 0.529557 0.021759 0.030469
0 0.246991 0.379818 0.017130 0.038281
0 0.267824 0.409766 0.068056 0.009635
0 0.508565 0.222266 0.068056 0.009635
0 0.756250 0.370964 0.026389 0.024740
0 0.396991 0.461849 0.067130 0.009635
0 0.253935 0.565365 0.021759 0.029167
0 0.366898 0.392839 0.016204 0.038281
0 0.892824 0.886068 0.068056 0.009115
0 0.561806 0.868099 0.063426 0.009635
0 0.612731 0.753516 0.063426 0.009635
0 0.536343 0.653255 0.049537 0.012240
0 0.196065 0.382422 0.017130 0.033073
0 0.522454 0.748307 0.058796 0.009635
0 0.223843 0.595964 0.017130 0.033073
0 0.733102 0.762630 0.017130 0.033073
0 0.871991 0.660807 0.017130 0.032552
0 0.413657 0.753906 0.017130 0.031250
0 0.498843 0.370443 0.057870 0.009115
0 0.918287 0.594401 0.017130 0.029948
0 0.355324 0.429297 0.011574 0.033073
