0 0.625463 0.253516 0.061111 0.066927
0 0.531713 0.171224 0.132870 0.027344
0 0.101157 0.511328 0.058796 0.061719
0 0.152083 0.483984 0.049537 0.069531
0 0.371991 0.629167 0.100463 0.031771
0 0.086111 0.575130 0.102778 0.027865
0 0.115046 0.271745 0.049537 0.056510
0 0.866898 0.899349 0.053241 0.051302
0 0.605787 0.358984 0.114352 0.022656
0 0.851157 0.732682 0.040278 0.061719
0 0.723843 0.782813 0.091204 0.026562
0 0.626620 0.421484 0.044907 0.053906
0 0.948380 0.184245 0.086574 0.027344
0 0.723843 0.235286 0.044907 0.051302
0 0.314120 0.458594 0.095833 0.023958
0 0.851157 0.839453 0.049537 0.046094
0 0.656713 0.624609 0.095833 0.022656
0 0.355787 0.343359 0.040278 0.053906
0 0.656250 0.664974 0.104167 0.020052
0 0.246991 0.266536 0.081944 0.025260
0 0.691435 0.187109 0.091204 0.022656
0 0.550231 0.787370 0.040278 0.051302
0 0.154398 0.172786 0.100463 0.020052
0 0.309491 0.642839 0.040278 0.048698
0 0.740046 0.890234 0.086574 0.022656
0 0.692593 0.533464 0.112037 0.017448
0 0.422917 0.353776 0.044907 0.043490
0 0.318750 0.120703 0.095833 0.020052
0 0.844213 0.710286 0.035648 0.053385
0 0.369676 0.779297 0.095833 0.019531
0 0.959954 0.227474 0.044907 0.040885
0 0.700694 0.573568 0.072685 0.024740
0 0.556713 0.544922 0.034722 0.050781
0 0.415972 0.451432 0.031019 0.056510
0 0.362731 0.395443 0.077315 0.022656
0 0.355787 0.487891 0.086574 0.020052
0 0.902083 0.585286 0.040278 0.042969
0 0.795602 0.105078 0.040278 0.040885
0 0.240046 0.240495 0.040278 0.040885
0 0.483102 0.487891 0.081944 0.020052
0 0.875463 0.108984 0.070370 0.022656
0 0.675231 0.641536 0.077315 0.020052
0 0.534028 0.413411 0.091204 0.016927
0 0.821065 0.452474 0.035648 0.042969
0 0.045602 0.314714 0.021759 0.069531
0 0.225694 0.385026 0.067130 0.022656
0 0.397454 0.249609 0.031019 0.048698
0 0.490046 0.460547 0.031019 0.048698
0 0.628472 0.481380 0.039352 0.038281
0 0.448380 0.160807 0.068056 0.022135
0 0.586806 0.119141 0.067130 0.022135
0 0.177546 0.379167 0.091204 0.016146
0 0.938657 0.619401 0.030093 0.048698
0 0.260880 0.295182 0.035648 0.040885
0 0.457176 0.691667 0.039352 0.036979
0 0.428704 0.187109 0.037963 0.038281
0 0.267824 0.742448 0.077315 0.018750
0 0.516667 0.789323 0.028704 0.050000
0 0.936806 0.692969 0.035648 0.039583
0 0.399769 0.161068 0.035648 0.038281
0 0.510880 0.559505 0.035648 0.038281
0 0.848380 0.239583 0.034722 0.039062
0 0.800231 0.437109 0.031019 0.043490
0 0.475694 0.175391 0.067130 0.020052
0 0.788657 0.385677 0.035648 0.036979
0 0.978009 0.298828 0.034722 0.037760
0 0.229630 0.153255 0.075000 0.017448
0 0.735417 0.616797 0.021759 0.059115
0 0.587269 0.631120 0.086574 0.014844
0 0.756250 0.358984 0.026389 0.048698
0 0.608102 0.427995 0.063426 0.020052
0 0.390509 0.534766 0.035648 0.035677
0 0.496991 0.532161 0.063426 0.020052
0 0.883565 0.654557 0.031019 0.040885
0 0.263194 0.623307 0.031019 0.040885
0 0.818750 0.269141 0.031019 0.040885
0 0.112731 0.459245 0.081944 0.014844
0 0.117361 0.183203 0.081944 0.014844
0 0.669444 0.439063 0.028704 0.042188
0 0.240046 0.455339 0.068056 0.017448
0 0.142824 0.219661 0.058796 0.020052
0 0.133565 0.159766 0.058796 0.020052
0 0.934491 0.867448 0.086574 0.013542
0 0.748843 0.098568 0.067130 0.017448
0 0.579167 0.529297 0.033333 0.035156
0 0.883565 0.267578 0.031019 0.037760
0 0.932176 0.775391 0.035648 0.032552
0 0.554861 0.149349 0.077315 0.014844
0 0.686806 0.705339 0.026389 0.043490
0 0.786343 0.209245 0.021759 0.051302
0 0.843056 0.205339 0.033333 0.033073
0 0.670139 0.146484 0.076389 0.014323
0 0.874306 0.623047 0.031019 0.035156
0 0.885880 0.146745 0.072685 0.014844
0 0.580324 0.644141 0.072685 0.014844
0 0.299074 0.438151 0.075000 0.014323
0 0.063657 0.672786 0.030093 0.035677
0 0.318287 0.706641 0.020833 0.051302
0 0.957639 0.336198 0.031019 0.034375
0 0.137731 0.556901 0.085648 0.012240
0 0.226157 0.710547 0.031019 0.033073
0 0.550231 0.619401 0.058796 0.017448
0 0.663657 0.700130 0.026389 0.038281
0 0.915972 0.112891 0.068056 0.014844
0 0.770139 0.588151 0.026389 0.038281
0 0.538194 0.338151 0.081019 0.012240
0 0.844213 0.610286 0.017130 0.056510
0 0.799769 0.907161 0.020833 0.046094
0 0.783565 0.707682 0.025463 0.037760
0 0.948380 0.132422 0.077315 0.012240
0 0.471528 0.447526 0.021759 0.043490
0 0.806713 0.179948 0.025463 0.036979
0 0.566435 0.329036 0.063426 0.014844
0 0.561806 0.758724 0.063426 0.014844
0 0.792130 0.536068 0.024074 0.038281
0 0.420139 0.806901 0.020833 0.043490
0 0.878935 0.735677 0.021759 0.041667
0 0.759722 0.477474 0.061111 0.014844
0 0.344213 0.744401 0.072685 0.012240
0 0.758565 0.500911 0.021759 0.040885
0 0.888194 0.185807 0.021759 0.040885
0 0.587269 0.261328 0.021759 0.040885
0 0.528935 0.489844 0.025463 0.034375
0 0.932176 0.255859 0.017130 0.050781
0 0.802546 0.301693 0.026389 0.033073
0 0.760880 0.226172 0.026389 0.033073
0 0.652083 0.162370 0.058796 0.014844
0 0.469213 0.992448 0.063426 0.013542
0 0.726157 0.293880 0.021759 0.038281
0 0.957639 0.317318 0.021759 0.038281
0 0.640509 0.737891 0.026389 0.030469
0 0.760880 0.537370 0.026389 0.030469
0 0.846528 0.291016 0.068056 0.011719
0 0.779398 0.427995 0.017130 0.046094
0 0.649769 0.325130 0.063426 0.012240
0 0.462269 0.224870 0.021759 0.035677
0 0.751620 0.696224 0.052315 0.014844
0 0.200231 0.279557 0.025463 0.030469
0 0.358102 0.685547 0.054167 0.014323
0 0.642824 0.386068 0.021759 0.035156
0 0.478009 0.659505 0.053241 0.014323
0 0.822917 0.097266 0.020833 0.035677
0 0.957639 0.852474 0.049537 0.014844
0 0.883565 0.136328 0.049537 0.014844
0 0.513194 0.715755 0.058796 0.012240
0 0.939120 0.715755 0.021759 0.033073
0 0.502315 0.670182 0.074074 0.009635
0 0.534722 0.513932 0.074074 0.009635
0 0.908565 0.231380 0.016204 0.043490
0 0.845370 0.446224 0.019444 0.035677
0 0.325694 0.487630 0.072685 0.009115
0 0.200694 0.196224 0.044907 0.014844
0 0.316435 0.806901 0.054167 0.012240
0 0.240046 0.732682 0.021759 0.030469
0 0.890509 0.689714 0.017130 0.038281
0 0.466898 0.768229 0.021759 0.028646
0 0.862269 0.335286 0.016204 0.037760
0 0.742361 0.506120 0.017130 0.035677
0 0.760880 0.112240 0.072685 0.008333
0 0.662500 0.097266 0.061111 0.009635
0 0.321065 0.375651 0.063426 0.009115
0 0.712269 0.334245 0.058796 0.009635
0 0.607639 0.221615 0.016204 0.034375
0 0.512037 0.186849 0.047222 0.011719
0 0.966898 0.352214 0.021759 0.024740
0 0.773611 0.323828 0.014815 0.035677
0 0.596528 0.114193 0.040278 0.012240
0 0.420602 0.128516 0.040278 0.009635
0 0.786343 0.832682 0.049537 0.006510
