0 0.851157 0.385026 0.068056 0.100781
0 0.638194 0.901953 0.132870 0.035677
0 0.892824 0.387630 0.058796 0.074740
0 0.723843 0.228776 0.109722 0.038281
0 0.860417 0.171224 0.142130 0.027344
0 0.888194 0.671484 0.058796 0.059115
0 0.196065 0.887630 0.118981 0.027865
0 0.892824 0.736589 0.058796 0.053906
0 0.781713 0.424089 0.058796 0.053906
0 0.677546 0.129818 0.109722 0.027865
0 0.105787 0.123047 0.049537 0.061198
0 0.693750 0.886328 0.095833 0.030469
0 0.520139 0.631771 0.091204 0.031771
0 0.182870 0.787370 0.092593 0.030469
0 0.425231 0.565365 0.095833 0.029167
0 0.109954 0.874609 0.122685 0.022656
0 0.297917 0.141276 0.137500 0.019531
0 0.411343 0.796484 0.049537 0.053906
0 0.388194 0.425391 0.049537 0.051302
0 0.406713 0.880469 0.105093 0.023958
0 0.509722 0.361589 0.107407 0.022656
0 0.233102 0.580339 0.044907 0.053906
0 0.885417 0.312109 0.034722 0.069531
0 0.598843 0.180599 0.091204 0.025260
0 0.441435 0.654297 0.044907 0.050781
0 0.453009 0.177995 0.040278 0.056510
0 0.822917 0.146745 0.048611 0.046094
0 0.788657 0.360286 0.035648 0.061719
0 0.346528 0.515234 0.040278 0.053906
0 0.790972 0.879818 0.040278 0.053906
0 0.605787 0.556641 0.040278 0.053385
0 0.490046 0.612891 0.105093 0.020052
0 0.571065 0.680599 0.044907 0.046094
0 0.883565 0.860026 0.040278 0.050781
0 0.427083 0.222266 0.099537 0.020052
0 0.406713 0.309505 0.086574 0.022656
0 0.487269 0.252214 0.043981 0.043490
0 0.321065 0.554297 0.081944 0.022656
0 0.274769 0.608984 0.081944 0.022656
0 0.392824 0.616797 0.105093 0.017448
0 0.459954 0.136328 0.072685 0.025260
0 0.677546 0.592057 0.035648 0.051302
0 0.814120 0.577734 0.077315 0.022656
0 0.431713 0.900651 0.099537 0.017448
0 0.314120 0.322266 0.040278 0.042969
0 0.070602 0.741536 0.099537 0.016927
0 0.532870 0.383073 0.070370 0.023958
0 0.506250 0.865234 0.035648 0.045573
0 0.070602 0.618099 0.034722 0.046094
0 0.422917 0.262630 0.091204 0.017448
0 0.528935 0.892578 0.071759 0.022135
0 0.092593 0.642839 0.069444 0.022656
0 0.800231 0.206641 0.105093 0.014844
0 0.179861 0.523047 0.040278 0.038281
0 0.790509 0.224870 0.076389 0.020052
0 0.351157 0.382422 0.086574 0.017448
0 0.105787 0.411068 0.031019 0.048698
0 0.730324 0.502214 0.039352 0.038281
0 0.890509 0.151953 0.100463 0.014844
0 0.424074 0.546484 0.065741 0.022656
0 0.913657 0.105078 0.035648 0.040885
0 0.265509 0.782161 0.035648 0.040885
0 0.404398 0.321224 0.072685 0.020052
0 0.219213 0.628516 0.072685 0.020052
0 0.955324 0.735286 0.035648 0.040885
0 0.456481 0.114193 0.037963 0.038281
0 0.603472 0.592318 0.035648 0.040365
0 0.476157 0.805599 0.031019 0.046094
0 0.554861 0.550391 0.031019 0.046094
0 0.795139 0.818620 0.039352 0.035677
0 0.422917 0.483333 0.063426 0.021354
0 0.428704 0.331641 0.037963 0.035677
0 0.828009 0.707943 0.031019 0.043490
0 0.913194 0.905859 0.034722 0.038281
0 0.802546 0.528255 0.026389 0.048698
0 0.735417 0.118099 0.031019 0.040885
0 0.459491 0.912370 0.062500 0.020052
0 0.697222 0.098307 0.028704 0.042969
0 0.903241 0.137630 0.070370 0.017448
0 0.193750 0.616797 0.031019 0.038281
0 0.614583 0.701432 0.020833 0.056510
0 0.434491 0.829036 0.058796 0.020052
0 0.135880 0.304297 0.035648 0.033073
0 0.531713 0.653255 0.095833 0.012240
0 0.781713 0.160807 0.021759 0.053385
0 0.128935 0.842708 0.031019 0.036979
0 0.920139 0.293880 0.020833 0.053906
0 0.250463 0.588542 0.033333 0.033854
0 0.698380 0.474870 0.021759 0.051302
0 0.406713 0.668880 0.021759 0.048698
0 0.744213 0.791276 0.085648 0.012240
0 0.820602 0.271745 0.025463 0.040885
0 0.578009 0.736589 0.031019 0.033073
0 0.466898 0.457943 0.031019 0.033073
0 0.115046 0.672786 0.068056 0.014844
0 0.348843 0.674089 0.026389 0.038281
0 0.851157 0.784766 0.021759 0.046094
0 0.203009 0.482682 0.021759 0.046094
0 0.554861 0.714453 0.021759 0.046094
0 0.839120 0.692318 0.025463 0.038281
0 0.355324 0.844661 0.020833 0.046094
0 0.651620 0.805339 0.020833 0.045573
0 0.628935 0.491146 0.086574 0.010937
0 0.911343 0.465755 0.021759 0.043490
0 0.522454 0.200130 0.021759 0.043490
0 0.490046 0.167578 0.031019 0.030469
0 0.811806 0.097266 0.026389 0.035677
0 0.501620 0.144141 0.026389 0.035677
0 0.876620 0.091797 0.026389 0.035156
0 0.160880 0.584245 0.030093 0.030469
0 0.589583 0.817318 0.072685 0.012240
0 0.763194 0.164974 0.021759 0.040885
0 0.795602 0.761068 0.058796 0.014323
0 0.830324 0.869401 0.017130 0.048698
0 0.667824 0.688411 0.016204 0.051302
0 0.392824 0.760026 0.021759 0.038281
0 0.929861 0.728516 0.021759 0.037760
0 0.533565 0.435156 0.016204 0.050000
0 0.251620 0.327734 0.017130 0.043490
0 0.422917 0.760026 0.026389 0.027865
0 0.328009 0.653255 0.021759 0.033073
0 0.811806 0.448828 0.017130 0.040885
0 0.915972 0.679297 0.021759 0.032031
0 0.844213 0.913021 0.063426 0.010937
0 0.524306 0.675391 0.071759 0.009635
0 0.231944 0.662370 0.070370 0.009635
0 0.584954 0.779557 0.026389 0.025260
0 0.881250 0.697526 0.017130 0.038281
0 0.464583 0.869401 0.017130 0.038281
0 0.820602 0.665234 0.016204 0.040365
0 0.198380 0.576172 0.021759 0.029948
0 0.260880 0.211589 0.044907 0.014323
0 0.334954 0.792578 0.063426 0.009635
0 0.751620 0.725130 0.017130 0.035156
0 0.804398 0.835547 0.048611 0.012240
0 0.621991 0.801042 0.054167 0.010937
0 0.278241 0.459245 0.061111 0.009635
0 0.770139 0.095964 0.017130 0.033073
0 0.244213 0.862240 0.067130 0.008333
0 0.244213 0.108984 0.076389 0.007031
0 0.661343 0.156901 0.058796 0.009115
0 0.481944 0.722266 0.014815 0.035677
0 0.399769 0.594401 0.054167 0.009115
0 0.642361 0.687109 0.011574 0.038281
0 0.228472 0.510026 0.035648 0.012240
0 0.562963 0.313151 0.047222 0.009115
0 0.642361 0.149089 0.020833 0.019531
0 0.151620 0.205729 0.011574 0.033854
0 0.397454 0.172786 0.012500 0.030469
0 0.952546 0.709245 0.011574 0.030469
0 0.040509 0.830339 0.048611 0.007031
0 0.371991 0.896745 0.035648 0.009635
0 0.311806 0.698828 0.035648 0.009635
0 0.649306 0.105078 0.034722 0.009635
0 0.975694 0.194531 0.011574 0.028646
0 0.385880 0.644141 0.033796 0.009635
