0 0.480787 0.847917 0.086574 0.089063
0 0.677546 0.579036 0.072685 0.098177
0 0.082639 0.885026 0.132870 0.033073
0 0.332639 0.216406 0.114352 0.034375
0 0.159028 0.300391 0.063426 0.061719
0 0.538657 0.736589 0.054167 0.069531
0 0.788657 0.292318 0.100463 0.035156
0 0.790972 0.437109 0.049537 0.069531
0 0.478472 0.896484 0.137500 0.024740
0 0.219213 0.614844 0.054167 0.060417
0 0.620833 0.228776 0.098148 0.033073
0 0.240046 0.825130 0.142130 0.022656
0 0.848843 0.168880 0.054167 0.059115
0 0.895139 0.513281 0.100463 0.029167
0 0.395139 0.774349 0.054167 0.051302
0 0.716898 0.843359 0.049537 0.053906
0 0.890509 0.644141 0.044907 0.056510
0 0.841898 0.323568 0.049537 0.050781
0 0.881250 0.249349 0.091204 0.027344
0 0.809491 0.844661 0.040278 0.061719
0 0.138194 0.350521 0.049537 0.050000
0 0.124306 0.839453 0.095833 0.025260
0 0.263194 0.416276 0.086574 0.027865
0 0.328009 0.572526 0.049537 0.048698
0 0.598843 0.534766 0.044907 0.051302
0 0.767824 0.404557 0.114352 0.020052
0 0.633565 0.545182 0.049537 0.046094
0 0.185185 0.870703 0.087963 0.025260
0 0.536343 0.526953 0.086574 0.025260
0 0.691435 0.603776 0.044907 0.048698
0 0.140509 0.431901 0.044907 0.048698
0 0.256250 0.860938 0.044907 0.047396
0 0.670602 0.131120 0.040278 0.051302
0 0.118519 0.635026 0.047222 0.043490
0 0.427546 0.253255 0.081944 0.024740
0 0.112731 0.784766 0.100463 0.020052
0 0.390509 0.709245 0.035648 0.056510
0 0.647454 0.700781 0.105093 0.018750
0 0.167824 0.635677 0.043981 0.044792
0 0.605787 0.872005 0.086574 0.022656
0 0.705324 0.481380 0.044907 0.043490
0 0.040972 0.675391 0.031019 0.061719
0 0.887037 0.346615 0.028704 0.065625
0 0.677546 0.720964 0.081944 0.022656
0 0.432176 0.869401 0.081944 0.022656
0 0.184491 0.708984 0.040278 0.045573
0 0.624306 0.625651 0.040278 0.045573
0 0.393981 0.832682 0.042593 0.042969
0 0.953009 0.125260 0.040278 0.044792
0 0.318750 0.507422 0.040278 0.043490
0 0.499306 0.326432 0.086574 0.020052
0 0.619676 0.292578 0.086574 0.020052
0 0.066435 0.702734 0.035648 0.048698
0 0.584491 0.627604 0.071759 0.023438
0 0.535880 0.380859 0.085648 0.019531
0 0.816435 0.486589 0.072685 0.022656
0 0.573380 0.245703 0.040278 0.040885
0 0.473843 0.650651 0.072685 0.022656
0 0.522454 0.592057 0.040278 0.040885
0 0.682176 0.787370 0.081944 0.020052
0 0.589583 0.323828 0.035648 0.046094
0 0.047917 0.774089 0.026389 0.061198
0 0.774306 0.685807 0.034722 0.046094
0 0.656713 0.555599 0.031019 0.051302
0 0.510880 0.856380 0.026389 0.059115
0 0.328009 0.591406 0.031019 0.050000
0 0.365046 0.641536 0.077315 0.020052
0 0.367361 0.838151 0.035648 0.043490
0 0.550231 0.478776 0.040278 0.038281
0 0.753935 0.549089 0.040278 0.038281
0 0.505787 0.778646 0.034722 0.044271
0 0.341898 0.624609 0.086574 0.017448
0 0.378935 0.472005 0.077315 0.019531
0 0.954861 0.244141 0.034722 0.042969
0 0.276620 0.580078 0.067130 0.022135
0 0.738889 0.646745 0.028704 0.051302
0 0.323380 0.158203 0.086574 0.016927
0 0.552546 0.175391 0.072685 0.020052
0 0.471528 0.724870 0.031019 0.046094
0 0.105787 0.719661 0.031019 0.046094
0 0.624306 0.857682 0.095833 0.014844
0 0.758565 0.442318 0.021759 0.064323
0 0.661343 0.316016 0.068056 0.020052
0 0.463426 0.396745 0.033333 0.040885
0 0.094213 0.302995 0.026389 0.051302
0 0.161343 0.413672 0.077315 0.017448
0 0.573380 0.166276 0.077315 0.017448
0 0.115046 0.160807 0.077315 0.016927
0 0.258565 0.482682 0.086574 0.014844
0 0.547917 0.502214 0.072685 0.017448
0 0.193750 0.159766 0.031019 0.040885
0 0.590741 0.741797 0.028704 0.043490
0 0.357639 0.681901 0.025463 0.048698
0 0.881250 0.089193 0.063426 0.019531
0 0.860417 0.763932 0.021759 0.056510
0 0.434491 0.834245 0.021759 0.056510
0 0.236574 0.170182 0.061111 0.020052
0 0.334954 0.787370 0.026389 0.046094
0 0.490046 0.819922 0.031019 0.038281
0 0.647454 0.619661 0.031019 0.037760
0 0.848843 0.635417 0.026389 0.044271
0 0.793287 0.705339 0.026389 0.043490
0 0.929861 0.164974 0.077315 0.014844
0 0.807176 0.723568 0.026389 0.043490
0 0.755787 0.590755 0.034722 0.033073
0 0.130093 0.393490 0.061111 0.018750
0 0.499306 0.698828 0.021759 0.051302
0 0.543287 0.825130 0.091204 0.012240
0 0.159028 0.736589 0.063426 0.017448
0 0.288194 0.465755 0.062500 0.017448
0 0.941435 0.188411 0.072685 0.014844
0 0.642824 0.669531 0.031019 0.034375
0 0.142824 0.101172 0.058796 0.017448
0 0.787500 0.266276 0.070370 0.014323
0 0.373843 0.447526 0.030093 0.033073
0 0.374306 0.560547 0.021759 0.045573
0 0.512731 0.204687 0.020833 0.047396
0 0.218056 0.187109 0.079630 0.012240
0 0.783565 0.218359 0.025463 0.038281
0 0.350694 0.586849 0.020833 0.046094
0 0.161343 0.174089 0.021759 0.043490
0 0.156713 0.127214 0.077315 0.012240
0 0.140509 0.084245 0.063426 0.014844
0 0.929861 0.715495 0.021759 0.042969
0 0.483102 0.350521 0.081944 0.010937
0 0.575694 0.098568 0.072685 0.012240
0 0.964583 0.584245 0.017130 0.051302
0 0.064120 0.360026 0.021759 0.040365
0 0.624306 0.196224 0.058796 0.014844
0 0.818750 0.347005 0.058796 0.014323
0 0.413194 0.603776 0.025463 0.033073
0 0.378935 0.386328 0.086574 0.009635
0 0.735417 0.245703 0.086574 0.009635
0 0.221528 0.150651 0.021759 0.038281
0 0.128935 0.676693 0.021759 0.038281
0 0.929861 0.306641 0.021759 0.037760
0 0.716435 0.757422 0.067130 0.012240
0 0.641667 0.802734 0.056481 0.014323
0 0.697222 0.654297 0.056481 0.014323
0 0.353472 0.654557 0.054167 0.014844
0 0.668287 0.297526 0.026389 0.029948
0 0.172917 0.481380 0.017130 0.043490
0 0.936806 0.492057 0.017130 0.042969
0 0.115046 0.861979 0.021759 0.033854
0 0.543287 0.666536 0.026389 0.027344
0 0.594213 0.224870 0.072685 0.009635
0 0.472685 0.525651 0.056481 0.012240
0 0.591898 0.644141 0.068056 0.009635
0 0.756250 0.832943 0.017130 0.038281
0 0.797917 0.794922 0.026389 0.024740
0 0.547917 0.783203 0.054167 0.011719
0 0.869676 0.219401 0.068056 0.009115
0 0.417824 0.473568 0.016204 0.038281
0 0.594213 0.271745 0.063426 0.009635
0 0.226157 0.666276 0.021759 0.027865
0 0.540509 0.155859 0.048611 0.012240
0 0.867361 0.276953 0.017130 0.030469
0 0.524769 0.800391 0.017130 0.030469
0 0.399769 0.416016 0.017130 0.027344
0 0.311806 0.142839 0.035648 0.012240
0 0.661343 0.089453 0.021759 0.020052
0 0.615046 0.214453 0.040278 0.009635
0 0.350000 0.273047 0.047222 0.007031
