0 0.522454 0.615495 0.188426 0.040885
0 0.547917 0.739193 0.174537 0.027865
0 0.575694 0.106380 0.109722 0.038281
0 0.288194 0.873958 0.118056 0.031771
0 0.689120 0.847266 0.105093 0.035677
0 0.246991 0.448828 0.054167 0.061719
0 0.249306 0.328385 0.058796 0.055208
0 0.284028 0.573568 0.054167 0.055990
0 0.911343 0.252214 0.169907 0.017448
0 0.143519 0.077734 0.106481 0.027865
0 0.977315 0.733333 0.042593 0.068229
0 0.193287 0.455339 0.048611 0.059115
0 0.628935 0.589453 0.031019 0.082552
0 0.829861 0.132422 0.043981 0.053906
0 0.943750 0.203385 0.095833 0.023958
0 0.756250 0.085547 0.128241 0.017448
0 0.862731 0.148438 0.035648 0.059896
0 0.984259 0.125911 0.028704 0.072135
0 0.177546 0.749870 0.044907 0.042969
0 0.506250 0.214453 0.026389 0.072135
0 0.739583 0.045182 0.094907 0.020052
0 0.557176 0.405599 0.035648 0.053385
0 0.876620 0.214453 0.072685 0.025260
0 0.940278 0.620703 0.116667 0.014844
0 0.316435 0.286068 0.035648 0.048698
0 0.812963 0.567318 0.075000 0.022656
0 0.235417 0.895443 0.095833 0.017448
0 0.130787 0.766536 0.034722 0.046094
0 0.528704 0.322526 0.120370 0.012240
0 0.885880 0.574479 0.091204 0.016146
0 0.610417 0.890234 0.114352 0.012240
0 0.539815 0.141927 0.084259 0.015625
0 0.204861 0.740495 0.025463 0.051302
0 0.246991 0.280859 0.026389 0.043490
0 0.187500 0.625911 0.074074 0.014844
0 0.927546 0.166927 0.026389 0.039583
0 0.638194 0.184505 0.058796 0.017448
0 0.103472 0.410807 0.026389 0.027344
0 0.933333 0.875911 0.056481 0.009635
0 0.959954 0.024089 0.035648 0.009115
