0 0.535880 0.619401 0.224537 0.043490
0 0.929861 0.778255 0.086574 0.079948
0 0.094213 0.982031 0.183796 0.034375
0 0.950694 0.669922 0.072685 0.066406
0 0.701852 0.478776 0.112037 0.038281
0 0.249306 0.470313 0.058796 0.068229
0 0.587269 0.207943 0.132870 0.027865
0 0.922454 0.879818 0.108796 0.033073
0 0.332639 0.844401 0.049537 0.071615
0 0.561806 0.164974 0.035648 0.092969
0 0.517824 0.498307 0.058796 0.056510
0 0.847222 0.567318 0.032407 0.085156
0 0.846065 0.055599 0.131944 0.020052
0 0.140509 0.824870 0.044907 0.058594
0 0.833102 0.102214 0.085648 0.029948
0 0.816435 0.084245 0.100463 0.025260
0 0.642361 0.810807 0.094907 0.025260
0 0.830324 0.152604 0.044907 0.052604
0 0.159028 0.736328 0.081944 0.027344
0 0.274769 0.826823 0.035648 0.062500
0 0.361574 0.546484 0.098148 0.022656
0 0.274769 0.544922 0.035648 0.061198
0 0.318750 0.369141 0.040278 0.053385
0 0.596528 0.115495 0.031019 0.066927
0 0.705324 0.175130 0.100463 0.019531
0 0.927546 0.571875 0.026389 0.073438
0 0.103472 0.201432 0.026389 0.072135
0 0.823380 0.873047 0.040278 0.045573
0 0.177546 0.201432 0.044907 0.040885
0 0.663657 0.383464 0.072685 0.024740
0 0.284028 0.153906 0.072685 0.023958
0 0.564120 0.538672 0.095833 0.017448
0 0.424769 0.593359 0.067130 0.022656
0 0.784028 0.894141 0.026389 0.056510
0 0.272454 0.084896 0.031019 0.047396
0 0.444907 0.504557 0.033333 0.042969
0 0.383102 0.493099 0.094907 0.014844
0 0.106481 0.816016 0.032407 0.040885
0 0.112731 0.288672 0.017130 0.059115
0 0.922917 0.042578 0.100463 0.009635
0 0.110417 0.783464 0.077315 0.012240
0 0.550231 0.123698 0.021759 0.041667
0 0.876157 0.651953 0.016204 0.051302
0 0.112731 0.409115 0.017130 0.044792
0 0.746528 0.343359 0.016204 0.043490
0 0.670602 0.508464 0.068056 0.009115
