0 0.068750 0.789974 0.077315 0.098177
0 0.221528 0.155208 0.058796 0.094271
0 0.635880 0.536068 0.128241 0.033073
0 0.922917 0.401302 0.109722 0.034375
0 0.365046 0.146745 0.105093 0.035677
0 0.656713 0.241797 0.095833 0.033073
0 0.643981 0.115495 0.042593 0.066927
0 0.579167 0.433203 0.088889 0.030469
0 0.781713 0.653255 0.142130 0.017448
0 0.510417 0.506771 0.090278 0.026562
0 0.527778 0.283464 0.097222 0.022656
0 0.853009 0.105078 0.108796 0.020052
0 0.811806 0.390885 0.109722 0.018750
0 0.899306 0.489193 0.090278 0.022656
0 0.552546 0.721354 0.044907 0.044271
0 0.550231 0.202734 0.086574 0.022656
0 0.258565 0.187109 0.040278 0.048698
0 0.443750 0.418229 0.040278 0.047396
0 0.505093 0.880208 0.079630 0.023438
0 0.418287 0.560807 0.044907 0.040885
0 0.876620 0.357682 0.044907 0.040885
0 0.080324 0.586849 0.035648 0.051302
0 0.270139 0.349870 0.091204 0.020052
0 0.830324 0.110286 0.035648 0.051302
0 0.163194 0.748307 0.043981 0.040885
0 0.140509 0.171484 0.100463 0.017448
0 0.422917 0.257422 0.035648 0.048698
0 0.112731 0.494401 0.072685 0.022656
0 0.040509 0.564714 0.030093 0.053906
0 0.814120 0.172526 0.040278 0.040365
0 0.771991 0.737240 0.085648 0.018750
0 0.580324 0.094401 0.081944 0.019531
0 0.216898 0.211198 0.040278 0.039583
0 0.579167 0.373307 0.033333 0.046094
0 0.510880 0.158203 0.035648 0.042969
0 0.828009 0.257422 0.031019 0.048698
0 0.179861 0.882422 0.086574 0.017448
0 0.327546 0.411068 0.039352 0.038281
0 0.797917 0.605469 0.035648 0.041667
0 0.068287 0.861328 0.067130 0.022135
0 0.293287 0.607682 0.035648 0.040885
0 0.593750 0.691016 0.071759 0.020052
0 0.649769 0.469401 0.035648 0.040365
0 0.374306 0.756120 0.031019 0.046094
0 0.353472 0.614193 0.081944 0.017448
0 0.466898 0.347266 0.095833 0.014844
0 0.491204 0.680599 0.070370 0.020052
0 0.253935 0.556901 0.031019 0.043490
0 0.457176 0.864193 0.076389 0.017448
0 0.292824 0.181901 0.034722 0.038281
0 0.531713 0.110026 0.068056 0.019531
0 0.881250 0.135026 0.026389 0.048698
0 0.786343 0.698828 0.086574 0.014844
0 0.182176 0.526953 0.063426 0.020052
0 0.744676 0.357682 0.031019 0.040885
0 0.149769 0.108984 0.072685 0.017448
0 0.677546 0.838151 0.072685 0.017448
0 0.193750 0.813411 0.031019 0.040885
0 0.746991 0.874609 0.072685 0.017448
0 0.779398 0.265234 0.072685 0.017448
0 0.281713 0.404557 0.084722 0.014844
0 0.219213 0.242839 0.035648 0.035156
0 0.311806 0.104818 0.063426 0.019531
0 0.140509 0.205078 0.072685 0.016927
0 0.448380 0.578385 0.031019 0.039583
0 0.154398 0.120703 0.081944 0.014844
0 0.755787 0.240885 0.025463 0.046875
0 0.251620 0.682552 0.063426 0.018750
0 0.142824 0.809505 0.031019 0.038281
0 0.517824 0.848568 0.068056 0.017448
0 0.427546 0.287109 0.081944 0.014323
0 0.277083 0.251953 0.021759 0.053385
0 0.561806 0.872005 0.026389 0.043490
0 0.168287 0.642839 0.026389 0.043490
0 0.344213 0.517188 0.026389 0.042188
0 0.453009 0.620052 0.058796 0.018750
0 0.774306 0.627214 0.062500 0.017448
0 0.017824 0.687760 0.031019 0.034375
0 0.138194 0.668880 0.031019 0.033073
0 0.913657 0.569922 0.026389 0.038281
0 0.580324 0.489193 0.026389 0.038281
0 0.767361 0.140234 0.057870 0.017448
0 0.321065 0.762630 0.081944 0.012240
0 0.485417 0.809245 0.058796 0.016927
0 0.216898 0.582682 0.058796 0.016927
0 0.209954 0.350521 0.026389 0.036979
0 0.385880 0.373307 0.017130 0.056510
0 0.096528 0.533464 0.021759 0.043490
0 0.304861 0.663672 0.021759 0.043490
0 0.378935 0.424089 0.021759 0.043490
0 0.170602 0.826432 0.031019 0.030469
0 0.404398 0.747005 0.054167 0.017448
0 0.371991 0.545182 0.026389 0.035677
0 0.422917 0.610286 0.026389 0.035677
0 0.355787 0.408203 0.021759 0.042969
0 0.561343 0.670182 0.062500 0.014844
0 0.153935 0.235286 0.025463 0.035677
0 0.211806 0.310547 0.030093 0.029948
0 0.170139 0.869141 0.076389 0.011719
0 0.786343 0.297786 0.021759 0.040885
0 0.300231 0.727214 0.095833 0.009115
0 0.223843 0.676693 0.026389 0.033073
0 0.133565 0.152995 0.049537 0.016927
0 0.115046 0.554297 0.021759 0.038281
0 0.142824 0.514974 0.021759 0.037760
0 0.682176 0.302995 0.026389 0.030469
0 0.071065 0.177995 0.017130 0.046094
0 0.763194 0.454036 0.021759 0.035677
0 0.156713 0.388932 0.021759 0.035677
0 0.284028 0.392839 0.063426 0.012240
0 0.758565 0.336849 0.021759 0.035677
0 0.782870 0.250911 0.051852 0.014844
0 0.538194 0.167578 0.016204 0.046094
0 0.829167 0.460547 0.061111 0.012240
0 0.756250 0.533464 0.017130 0.043490
0 0.407407 0.879818 0.060185 0.012240
0 0.603472 0.364193 0.026389 0.027865
0 0.362731 0.584245 0.017130 0.040885
0 0.054861 0.313411 0.021759 0.030469
0 0.628935 0.417578 0.021759 0.030469
0 0.295602 0.787370 0.068056 0.009635
0 0.377778 0.855078 0.065741 0.009635
0 0.196065 0.181641 0.054167 0.011719
0 0.209954 0.637370 0.054167 0.011719
0 0.175231 0.844401 0.068056 0.009115
0 0.896991 0.628255 0.067130 0.009115
0 0.899769 0.370703 0.017130 0.035677
0 0.471528 0.142839 0.021759 0.027865
0 0.489583 0.601172 0.048611 0.012240
0 0.020139 0.585938 0.017130 0.033854
0 0.314120 0.571224 0.058796 0.009635
0 0.418287 0.106380 0.044907 0.012240
0 0.441435 0.089453 0.054167 0.009635
0 0.178241 0.853125 0.046296 0.010937
0 0.670602 0.784115 0.058796 0.008333
0 0.521296 0.611328 0.056481 0.006510
0 0.659028 0.642839 0.044907 0.007031
0 0.047454 0.750260 0.016204 0.018750
