0 0.534028 0.214453 0.183796 0.051302
0 0.177546 0.258724 0.072685 0.066927
0 0.087269 0.213151 0.068056 0.069531
0 0.487731 0.329036 0.165278 0.025260
0 0.760880 0.845052 0.118981 0.031250
0 0.398611 0.874609 0.107407 0.027865
0 0.503935 0.737891 0.095833 0.030469
0 0.080324 0.674089 0.044907 0.064323
0 0.774769 0.543880 0.100463 0.027865
0 0.906250 0.872005 0.039352 0.069531
0 0.332176 0.791927 0.113426 0.023958
0 0.620833 0.391536 0.088889 0.030469
0 0.241204 0.192318 0.088889 0.027865
0 0.355787 0.679297 0.049537 0.048698
0 0.402083 0.595964 0.086574 0.027865
0 0.517361 0.700130 0.104167 0.022656
0 0.178704 0.478776 0.084259 0.027865
0 0.927546 0.129818 0.081944 0.027865
0 0.413657 0.463151 0.081944 0.027865
0 0.550231 0.562760 0.049537 0.044792
0 0.633565 0.520443 0.095833 0.022656
0 0.809491 0.120703 0.105093 0.020052
0 0.635880 0.768880 0.081944 0.024740
0 0.292130 0.631120 0.079630 0.025260
0 0.575694 0.773047 0.044907 0.043490
0 0.561806 0.148047 0.035648 0.053906
0 0.719213 0.113542 0.035648 0.052604
0 0.758565 0.636328 0.040278 0.046094
0 0.841898 0.142187 0.086574 0.021354
0 0.529398 0.414974 0.044907 0.040885
0 0.200694 0.218359 0.100463 0.017448
0 0.309491 0.843359 0.077315 0.022656
0 0.336806 0.720703 0.039352 0.042969
0 0.517361 0.804297 0.039352 0.042448
0 0.508565 0.586849 0.040278 0.040885
0 0.591898 0.893880 0.114352 0.014323
0 0.177546 0.097266 0.081944 0.020052
0 0.492361 0.802995 0.035648 0.046094
0 0.409028 0.566016 0.109722 0.014844
0 0.059491 0.650651 0.068056 0.022656
0 0.258565 0.892578 0.068056 0.022135
0 0.561806 0.483333 0.035648 0.042188
0 0.075694 0.701432 0.100463 0.014844
0 0.927546 0.237891 0.072685 0.020052
0 0.159028 0.152995 0.063426 0.022135
0 0.670139 0.539974 0.039352 0.035677
0 0.642824 0.597917 0.031019 0.044792
0 0.521991 0.896745 0.030093 0.046094
0 0.619676 0.795182 0.068056 0.020052
0 0.621991 0.286068 0.035648 0.038281
0 0.700694 0.388932 0.091204 0.014844
0 0.374306 0.132422 0.031019 0.043490
0 0.887731 0.797786 0.067130 0.020052
0 0.786343 0.655859 0.021759 0.059115
0 0.084954 0.783464 0.026389 0.048698
0 0.721528 0.453385 0.068056 0.018750
0 0.714583 0.750911 0.063426 0.020052
0 0.455324 0.183203 0.035648 0.035677
0 0.237731 0.584245 0.063426 0.020052
0 0.496991 0.840755 0.072685 0.017448
0 0.251620 0.473568 0.072685 0.017448
0 0.209491 0.140234 0.071759 0.017448
0 0.285185 0.593359 0.028704 0.043490
0 0.490046 0.771484 0.086574 0.014323
0 0.758565 0.211849 0.021759 0.056510
0 0.329861 0.266276 0.034722 0.035156
0 0.186806 0.875911 0.081944 0.014844
0 0.126620 0.844661 0.026389 0.046094
0 0.258565 0.278255 0.068056 0.017448
0 0.193750 0.442318 0.068056 0.017448
0 0.670602 0.133724 0.058796 0.020052
0 0.487731 0.497005 0.035648 0.033073
0 0.563657 0.638932 0.057870 0.020052
0 0.857639 0.642839 0.034722 0.033073
0 0.325694 0.176693 0.091204 0.012240
0 0.559491 0.758464 0.021759 0.050781
0 0.610417 0.156901 0.021759 0.050781
0 0.591898 0.730078 0.031019 0.035677
0 0.105787 0.545182 0.031019 0.035677
0 0.709954 0.642839 0.063426 0.017448
0 0.589120 0.441667 0.099537 0.010937
0 0.543287 0.667578 0.026389 0.040885
0 0.205324 0.461849 0.072685 0.014844
0 0.211806 0.620703 0.030093 0.035677
0 0.441435 0.323568 0.072685 0.014323
0 0.377778 0.362891 0.028704 0.035677
0 0.705324 0.793880 0.026389 0.038281
0 0.814120 0.532161 0.068056 0.014844
0 0.818750 0.870703 0.068056 0.014844
0 0.490046 0.422786 0.068056 0.014844
0 0.568750 0.611979 0.077315 0.013021
0 0.475694 0.874609 0.057870 0.017448
0 0.811806 0.215755 0.081944 0.012240
0 0.612731 0.746745 0.026389 0.037760
0 0.468750 0.101172 0.081019 0.012240
0 0.652083 0.478776 0.021759 0.043490
0 0.466898 0.110937 0.058796 0.016146
0 0.628935 0.885026 0.077315 0.012240
0 0.596528 0.356380 0.077315 0.012240
0 0.258565 0.636328 0.031019 0.030469
0 0.346528 0.576432 0.031019 0.030469
0 0.765509 0.422786 0.063426 0.014844
0 0.649306 0.694922 0.053241 0.017448
0 0.890509 0.252214 0.072685 0.012240
0 0.297917 0.132422 0.072685 0.012240
0 0.624306 0.714714 0.021759 0.040365
0 0.378935 0.774349 0.058796 0.014844
0 0.469213 0.992448 0.063426 0.013542
0 0.677546 0.718099 0.026389 0.032552
0 0.322917 0.818620 0.057870 0.014844
0 0.348843 0.908203 0.072685 0.011719
0 0.464120 0.655859 0.025463 0.033073
0 0.834491 0.670182 0.016204 0.051302
0 0.633565 0.408464 0.068056 0.012240
0 0.800231 0.249609 0.068056 0.012240
0 0.418287 0.248307 0.026389 0.030469
0 0.358102 0.737891 0.017130 0.046094
0 0.795139 0.512370 0.020833 0.037760
0 0.429861 0.404557 0.021759 0.035677
0 0.506250 0.095964 0.063426 0.012240
0 0.246991 0.106380 0.017130 0.043490
0 0.865046 0.103776 0.021759 0.033073
0 0.478472 0.297786 0.072685 0.009635
0 0.673611 0.353776 0.055556 0.012240
0 0.126620 0.806901 0.054167 0.012240
0 0.351157 0.204036 0.068056 0.009635
0 0.719213 0.267839 0.017130 0.038281
0 0.883565 0.641276 0.021759 0.029948
0 0.645139 0.347005 0.044907 0.014323
0 0.690278 0.361589 0.051852 0.012240
0 0.927083 0.184505 0.016204 0.038281
0 0.207176 0.862630 0.067130 0.009115
0 0.381250 0.847266 0.017130 0.035677
0 0.302546 0.194922 0.017130 0.033073
0 0.830324 0.483984 0.017130 0.033073
0 0.936343 0.825130 0.016204 0.033073
0 0.598380 0.679297 0.016204 0.033073
0 0.075694 0.547135 0.017130 0.029167
0 0.513194 0.680599 0.049537 0.009635
0 0.846528 0.581641 0.012500 0.030469
0 0.186806 0.338151 0.054167 0.007031
0 0.098380 0.827734 0.016204 0.022656
0 0.668287 0.783203 0.054167 0.006510
0 0.640509 0.422526 0.017130 0.019531
0 0.027083 0.524740 0.012500 0.026042
0 0.830324 0.444271 0.017130 0.016146
0 0.795602 0.309505 0.012500 0.017448
0 0.561806 0.041016 0.026389 0.006510
