0 0.887037 0.025651 0.223148 0.043490
0 0.649769 0.370703 0.128241 0.040885
0 0.182176 0.584245 0.072685 0.072135
0 0.135880 0.675391 0.128241 0.035677
0 0.264352 0.293229 0.061111 0.073438
0 0.552546 0.146484 0.054167 0.066406
0 0.177546 0.441016 0.109722 0.030469
0 0.459954 0.401693 0.054167 0.061198
0 0.742361 0.320573 0.128241 0.023958
0 0.826852 0.198177 0.047222 0.063021
0 0.617361 0.463151 0.044907 0.064323
0 0.665972 0.182552 0.114352 0.023958
0 0.522454 0.335547 0.049537 0.053906
0 0.128935 0.592057 0.049537 0.051302
0 0.369676 0.878255 0.040278 0.061198
0 0.233102 0.420182 0.035648 0.066927
0 0.236574 0.697526 0.135185 0.017448
0 0.586806 0.228125 0.048611 0.047396
0 0.764352 0.289974 0.088889 0.025260
0 0.538657 0.205078 0.026389 0.084635
0 0.119676 0.851172 0.040278 0.053906
0 0.247685 0.808203 0.046296 0.046094
0 0.709954 0.206641 0.044907 0.046094
0 0.127778 0.541276 0.037963 0.053906
0 0.119676 0.700130 0.086574 0.022656
0 0.061806 0.866797 0.044907 0.043490
0 0.462269 0.581380 0.031019 0.061198
0 0.480787 0.232031 0.031019 0.060417
0 0.926389 0.624609 0.042593 0.043490
0 0.344213 0.797786 0.044907 0.040885
0 0.663657 0.144141 0.035648 0.051302
0 0.374306 0.189714 0.077315 0.022656
0 0.512037 0.217057 0.037963 0.046094
0 0.235417 0.136328 0.086574 0.020052
0 0.716435 0.314714 0.076389 0.022656
0 0.888194 0.258724 0.040278 0.040885
0 0.059491 0.469661 0.040278 0.040885
0 0.066435 0.558203 0.035648 0.046094
0 0.288657 0.719401 0.081944 0.019531
0 0.145139 0.306250 0.035648 0.044792
0 0.707639 0.299089 0.086574 0.017448
0 0.309491 0.296224 0.031019 0.048177
0 0.096528 0.535417 0.031019 0.047396
0 0.752315 0.140885 0.037037 0.039583
0 0.668287 0.487891 0.035648 0.040885
0 0.770139 0.245703 0.072685 0.020052
0 0.216898 0.232682 0.031019 0.046094
0 0.807176 0.241797 0.026389 0.053906
0 0.737269 0.382422 0.081019 0.017448
0 0.312500 0.761979 0.064815 0.021354
0 0.084954 0.253516 0.026389 0.051302
0 0.499306 0.155859 0.077315 0.017448
0 0.293287 0.173828 0.035648 0.037760
0 0.561343 0.516536 0.090278 0.014844
0 0.939120 0.189453 0.031019 0.042969
0 0.943750 0.470703 0.031019 0.042969
0 0.096065 0.378516 0.020833 0.061719
0 0.065972 0.518490 0.025463 0.050000
0 0.794444 0.622396 0.028704 0.044271
0 0.093056 0.298177 0.024074 0.052083
0 0.047454 0.209245 0.034722 0.035677
0 0.233102 0.865495 0.026389 0.046094
0 0.117361 0.602474 0.026389 0.046094
0 0.323380 0.603776 0.068056 0.017448
0 0.149769 0.721615 0.026389 0.044792
0 0.216898 0.861589 0.021759 0.053906
0 0.615046 0.102474 0.058796 0.020052
0 0.860417 0.273047 0.021759 0.053906
0 0.179861 0.620703 0.058796 0.020052
0 0.110417 0.517839 0.021759 0.053906
0 0.427083 0.643490 0.062500 0.018750
0 0.049769 0.674089 0.067130 0.017448
0 0.174769 0.227474 0.057870 0.020052
0 0.296296 0.248307 0.032407 0.035677
0 0.200694 0.684505 0.091204 0.012240
0 0.853472 0.119401 0.091204 0.012240
0 0.790972 0.352474 0.031019 0.035677
0 0.278935 0.745052 0.081019 0.013542
0 0.059491 0.263281 0.021759 0.050000
0 0.306019 0.801432 0.033333 0.032552
0 0.193750 0.762630 0.031019 0.033073
0 0.207639 0.640234 0.058796 0.017448
0 0.226157 0.122005 0.058796 0.017448
0 0.642824 0.202734 0.058796 0.017448
0 0.304861 0.214453 0.021759 0.046094
0 0.064120 0.826432 0.021759 0.046094
0 0.240509 0.927995 0.067130 0.014844
0 0.089120 0.470703 0.025463 0.037760
0 0.045602 0.148047 0.077315 0.012240
0 0.068750 0.918880 0.021759 0.043490
0 0.256250 0.236589 0.054167 0.017448
0 0.902083 0.719661 0.031019 0.030469
0 0.219213 0.204036 0.063426 0.014844
0 0.848843 0.105078 0.063426 0.014844
0 0.679861 0.412109 0.031019 0.029948
0 0.490046 0.643490 0.068056 0.013542
0 0.344213 0.330990 0.026389 0.034375
0 0.204861 0.117839 0.062500 0.014323
0 0.321065 0.780859 0.072685 0.012240
0 0.087269 0.490495 0.021759 0.040885
0 0.853009 0.580990 0.025463 0.034375
0 0.316435 0.114193 0.026389 0.033073
0 0.959954 0.362240 0.017130 0.050000
0 0.154398 0.349219 0.063426 0.013542
0 0.571065 0.280859 0.017130 0.048698
0 0.165972 0.520443 0.021759 0.038281
0 0.768287 0.219401 0.057870 0.014323
0 0.214583 0.745703 0.017130 0.046094
0 0.608102 0.284505 0.054167 0.014323
0 0.483102 0.127865 0.091204 0.008333
0 0.543287 0.617839 0.081944 0.009115
0 0.265509 0.497005 0.017130 0.043490
0 0.861574 0.351823 0.014815 0.050000
0 0.235417 0.908464 0.058796 0.012240
0 0.142824 0.210286 0.021759 0.032552
0 0.063657 0.710547 0.057870 0.012240
0 0.589583 0.167578 0.017130 0.040885
0 0.106944 0.223958 0.024074 0.028646
0 0.843056 0.683203 0.014815 0.046094
0 0.793287 0.661719 0.017130 0.039583
0 0.414815 0.177734 0.047222 0.014323
0 0.816435 0.156901 0.072685 0.009115
0 0.853472 0.309505 0.017130 0.038281
0 0.756944 0.352214 0.018519 0.035156
0 0.316435 0.132161 0.054167 0.011719
0 0.920602 0.599219 0.021759 0.029167
0 0.536343 0.393229 0.021759 0.028646
0 0.131250 0.881120 0.017130 0.035677
0 0.647454 0.301693 0.021759 0.027865
0 0.876157 0.509375 0.016204 0.036979
0 0.304861 0.418229 0.021759 0.026562
0 0.449537 0.656901 0.061111 0.009115
0 0.733102 0.248307 0.017130 0.030469
0 0.514352 0.633724 0.051852 0.009635
0 0.744676 0.427995 0.049537 0.009635
0 0.948380 0.301693 0.012500 0.033073
0 0.631250 0.268490 0.044907 0.008333
0 0.336806 0.378906 0.011574 0.020833
