0 0.545602 0.396745 0.179167 0.051302
0 0.848843 0.269141 0.072685 0.066927
0 0.251620 0.659766 0.072685 0.066927
0 0.553704 0.771745 0.130556 0.035677
0 0.119676 0.204036 0.068056 0.061719
0 0.235417 0.740104 0.058796 0.065104
0 0.373843 0.344661 0.104167 0.035677
0 0.295602 0.738281 0.058796 0.062500
0 0.516667 0.529557 0.102778 0.035677
0 0.708796 0.239193 0.116667 0.027865
0 0.878935 0.439714 0.095833 0.033073
0 0.786343 0.491797 0.095833 0.033073
0 0.415972 0.728516 0.095833 0.032552
0 0.193750 0.222266 0.049537 0.061719
0 0.348380 0.370703 0.099537 0.030469
0 0.578009 0.683203 0.095833 0.030469
0 0.073380 0.675391 0.095833 0.030469
0 0.265509 0.172786 0.054167 0.051302
0 0.723843 0.314453 0.035648 0.074219
0 0.480324 0.253255 0.085648 0.029948
0 0.554861 0.336849 0.049537 0.051302
0 0.388194 0.524349 0.049537 0.051302
0 0.608102 0.773047 0.091204 0.027865
0 0.163657 0.659766 0.044907 0.056510
0 0.473843 0.791667 0.137500 0.018229
0 0.848843 0.192318 0.109722 0.022656
0 0.841898 0.218359 0.086574 0.027865
0 0.078009 0.129818 0.040278 0.059115
0 0.290972 0.657813 0.049537 0.047396
0 0.538657 0.461849 0.044907 0.051302
0 0.422917 0.588151 0.035648 0.064323
0 0.199537 0.660807 0.042593 0.053385
0 0.656713 0.714193 0.049537 0.045573
0 0.500463 0.224870 0.042593 0.051302
0 0.054861 0.525651 0.040278 0.053906
0 0.892361 0.881120 0.085648 0.025260
0 0.753935 0.726172 0.031019 0.069531
0 0.385880 0.569922 0.035648 0.059115
0 0.388194 0.112891 0.132870 0.014844
0 0.375463 0.388932 0.098148 0.020052
0 0.652083 0.562109 0.086574 0.022656
0 0.459954 0.752214 0.081944 0.022656
0 0.462269 0.895443 0.105093 0.017448
0 0.446065 0.115495 0.072685 0.025260
0 0.205324 0.730078 0.044907 0.040885
0 0.858102 0.495703 0.072685 0.025260
0 0.781713 0.179297 0.077315 0.022656
0 0.378935 0.214453 0.086574 0.020052
0 0.334954 0.681901 0.035648 0.048698
0 0.832639 0.113932 0.077315 0.022135
0 0.140046 0.512370 0.034722 0.048177
0 0.021296 0.778255 0.037963 0.043490
0 0.795602 0.099870 0.040278 0.040885
0 0.277083 0.581641 0.040278 0.040885
0 0.165972 0.623307 0.031019 0.051302
0 0.858102 0.832943 0.128241 0.012240
0 0.105787 0.601172 0.040278 0.038281
0 0.337269 0.502214 0.040278 0.038281
0 0.814120 0.712891 0.040278 0.037760
0 0.054861 0.832943 0.031019 0.048698
0 0.749306 0.639974 0.068056 0.022135
0 0.587269 0.304036 0.068056 0.022135
0 0.589583 0.118099 0.100463 0.014844
0 0.440278 0.471615 0.079630 0.018750
0 0.788657 0.589844 0.035648 0.041667
0 0.418287 0.276693 0.026389 0.055990
0 0.334491 0.412370 0.071759 0.020052
0 0.679861 0.521745 0.031019 0.046094
0 0.758565 0.751563 0.086574 0.016146
0 0.760880 0.299089 0.035648 0.038281
0 0.309028 0.399089 0.094907 0.014323
0 0.087269 0.288672 0.031019 0.043490
0 0.675231 0.193359 0.068056 0.019531
0 0.892824 0.430339 0.068056 0.019531
0 0.223380 0.726432 0.034722 0.037760
0 0.084954 0.435547 0.091204 0.014323
0 0.503935 0.141927 0.031019 0.041667
0 0.496528 0.924089 0.071759 0.017448
0 0.815972 0.851172 0.071759 0.017448
0 0.981944 0.163021 0.033333 0.036979
0 0.163657 0.550391 0.026389 0.046094
0 0.858102 0.391536 0.026389 0.046094
0 0.969213 0.295182 0.026389 0.046094
0 0.847685 0.539323 0.024074 0.050000
0 0.455324 0.312500 0.035648 0.033854
0 0.981944 0.347266 0.033333 0.035677
0 0.064120 0.900651 0.031019 0.038281
0 0.184491 0.747005 0.068056 0.017448
0 0.476157 0.736589 0.068056 0.017448
0 0.466898 0.129818 0.068056 0.017448
0 0.709954 0.909505 0.081944 0.014323
0 0.664815 0.633724 0.028704 0.040885
0 0.679398 0.661068 0.067130 0.017448
0 0.821065 0.166016 0.035648 0.032552
0 0.133102 0.632422 0.030093 0.038281
0 0.832639 0.383724 0.021759 0.051302
0 0.371528 0.681901 0.025463 0.043490
0 0.200694 0.616797 0.063426 0.017448
0 0.515509 0.473568 0.063426 0.017448
0 0.582639 0.532161 0.031019 0.035677
0 0.775926 0.793620 0.093519 0.011719
0 0.131250 0.410807 0.063426 0.016927
0 0.802546 0.905599 0.063426 0.016927
0 0.601157 0.662760 0.068056 0.015625
0 0.423380 0.652995 0.062500 0.016927
0 0.175231 0.488542 0.021759 0.047396
0 0.709954 0.302083 0.026389 0.039062
0 0.448380 0.231380 0.031019 0.033073
0 0.587269 0.158464 0.031019 0.033073
0 0.480324 0.622005 0.020833 0.048698
0 0.821065 0.567318 0.026389 0.038281
0 0.265509 0.520443 0.026389 0.038281
0 0.800231 0.339453 0.021759 0.046094
0 0.851157 0.422786 0.021759 0.046094
0 0.226157 0.649349 0.021759 0.046094
0 0.501620 0.840755 0.081944 0.012240
0 0.645139 0.832292 0.091204 0.010937
0 0.674074 0.271094 0.028704 0.034375
0 0.101157 0.562109 0.021759 0.043490
0 0.865046 0.627214 0.077315 0.012240
0 0.941435 0.202734 0.054167 0.017448
0 0.584954 0.730078 0.026389 0.035677
0 0.742361 0.571224 0.063426 0.014844
0 0.733102 0.454036 0.063426 0.014844
0 0.110417 0.712109 0.031019 0.029948
0 0.626157 0.254818 0.053241 0.017448
0 0.883565 0.662760 0.021759 0.041667
0 0.319907 0.615495 0.061111 0.014844
0 0.128935 0.467057 0.021759 0.040885
0 0.973843 0.516536 0.017130 0.051302
0 0.915509 0.684896 0.030093 0.028646
0 0.094213 0.491536 0.026389 0.032552
0 0.927546 0.337891 0.072685 0.011719
0 0.492361 0.332943 0.017130 0.048698
0 0.125463 0.687760 0.024074 0.034375
0 0.553241 0.102474 0.055556 0.014844
0 0.406250 0.408203 0.048611 0.016927
0 0.909028 0.370703 0.026389 0.030469
0 0.892824 0.330078 0.068056 0.011719
0 0.300231 0.774740 0.021759 0.036458
0 0.156713 0.138672 0.086574 0.009115
0 0.684491 0.461849 0.021759 0.035677
0 0.707639 0.279557 0.021759 0.035677
0 0.429861 0.732682 0.021759 0.035677
0 0.196065 0.414323 0.026389 0.029167
0 0.375000 0.438411 0.078704 0.009635
0 0.529398 0.909505 0.081944 0.009115
0 0.024306 0.406901 0.016204 0.045573
0 0.927083 0.510677 0.016204 0.044792
0 0.279398 0.759766 0.026389 0.027344
0 0.508565 0.444922 0.021759 0.033073
0 0.425231 0.444922 0.058796 0.012240
0 0.103472 0.180599 0.072685 0.009635
0 0.223843 0.326172 0.072685 0.009115
0 0.071065 0.739193 0.017130 0.038281
0 0.955324 0.413672 0.017130 0.038281
0 0.880787 0.258724 0.043981 0.014844
0 0.615046 0.326172 0.068056 0.009115
0 0.904398 0.646745 0.017130 0.035677
0 0.885880 0.271484 0.063426 0.009115
0 0.042824 0.534766 0.016204 0.035677
0 0.246528 0.242839 0.016204 0.035156
0 0.429861 0.461849 0.058796 0.009635
0 0.351157 0.709245 0.058796 0.009635
0 0.740046 0.631120 0.021759 0.025260
0 0.007407 0.817318 0.014815 0.033073
0 0.368519 0.459896 0.037963 0.010937
0 0.017361 0.720964 0.011574 0.033073
0 0.168287 0.238932 0.054167 0.006510
0 0.806713 0.662370 0.016204 0.020052
