0 0.869676 0.899349 0.169907 0.051302
0 0.859954 0.760417 0.076389 0.075521
0 0.777083 0.479427 0.114352 0.039583
0 0.770139 0.522786 0.109722 0.037760
0 0.125463 0.885026 0.061111 0.064323
0 0.098380 0.613542 0.053241 0.073438
0 0.089583 0.572526 0.063426 0.059115
0 0.543287 0.425391 0.109722 0.030469
0 0.383565 0.526953 0.058796 0.056510
0 0.197917 0.852474 0.057870 0.056510
0 0.452546 0.551693 0.094907 0.033073
0 0.904398 0.873307 0.100463 0.030469
0 0.709954 0.788672 0.109722 0.027865
0 0.159028 0.200130 0.165278 0.017448
0 0.116898 0.155859 0.043981 0.064323
0 0.663657 0.386328 0.091204 0.030469
0 0.048611 0.487630 0.092593 0.029948
0 0.564120 0.573828 0.040278 0.066927
0 0.668287 0.514583 0.100463 0.026562
0 0.631250 0.157161 0.128241 0.020052
0 0.584491 0.809245 0.090278 0.027344
0 0.056713 0.557943 0.043981 0.055990
0 0.221528 0.783464 0.049537 0.048698
0 0.600694 0.898047 0.085648 0.027865
0 0.794444 0.404557 0.093519 0.025260
0 0.427546 0.537370 0.091204 0.025260
0 0.444907 0.299089 0.042593 0.053906
0 0.841435 0.322526 0.030093 0.074740
0 0.360417 0.191016 0.086574 0.025260
0 0.915972 0.172786 0.086574 0.025260
0 0.679861 0.210547 0.095833 0.022656
0 0.743519 0.747656 0.047222 0.044792
0 0.097222 0.267839 0.041667 0.048698
0 0.348843 0.850911 0.091204 0.022135
0 0.172454 0.558854 0.034722 0.057813
0 0.232639 0.676042 0.043981 0.044792
0 0.573380 0.134115 0.040278 0.046875
0 0.524769 0.313411 0.072685 0.025260
0 0.163657 0.157161 0.035648 0.051302
0 0.133565 0.769141 0.031019 0.056510
0 0.643981 0.670182 0.042593 0.040885
0 0.279398 0.220964 0.035648 0.048698
0 0.751620 0.606120 0.035648 0.048177
0 0.313657 0.774349 0.030093 0.056510
0 0.642824 0.272396 0.040278 0.042188
0 0.270139 0.188411 0.081944 0.020052
0 0.790972 0.445964 0.040278 0.040365
0 0.325694 0.339193 0.035648 0.045573
0 0.693750 0.750911 0.031019 0.051302
0 0.086806 0.823568 0.039352 0.040365
0 0.730787 0.547526 0.031019 0.050781
0 0.142824 0.549089 0.040278 0.038281
0 0.230787 0.749609 0.068056 0.022656
0 0.441435 0.626563 0.026389 0.057813
0 0.436806 0.324479 0.026389 0.057813
0 0.669444 0.131120 0.075000 0.020052
0 0.770139 0.287370 0.026389 0.056510
0 0.350000 0.163672 0.065741 0.022656
0 0.336806 0.244401 0.030093 0.048698
0 0.203009 0.618099 0.031019 0.046094
0 0.265509 0.710286 0.026389 0.053385
0 0.330324 0.712891 0.026389 0.053385
0 0.943287 0.808203 0.039352 0.035677
0 0.635417 0.432943 0.071759 0.019531
0 0.921759 0.838151 0.079630 0.017448
0 0.758565 0.122396 0.031019 0.044271
0 0.790972 0.784766 0.068056 0.020052
0 0.527083 0.381120 0.068056 0.020052
0 0.654398 0.611589 0.035648 0.038281
0 0.781713 0.388932 0.068056 0.020052
0 0.182176 0.674089 0.035648 0.038281
0 0.735417 0.814714 0.077315 0.017448
0 0.249306 0.424089 0.077315 0.017448
0 0.226157 0.108984 0.077315 0.017448
0 0.205324 0.827474 0.035648 0.037760
0 0.746528 0.685807 0.090278 0.014844
0 0.499769 0.457943 0.076389 0.017448
0 0.354630 0.698568 0.037963 0.035156
0 0.582639 0.744141 0.031019 0.042969
0 0.788194 0.760026 0.034722 0.038281
0 0.515509 0.354818 0.091204 0.014323
0 0.580324 0.526953 0.063426 0.020052
0 0.733102 0.904557 0.063426 0.020052
0 0.954861 0.816016 0.034722 0.035677
0 0.591898 0.855078 0.021759 0.056510
0 0.436806 0.150391 0.072685 0.016927
0 0.425231 0.228776 0.068056 0.017448
0 0.161343 0.124609 0.068056 0.017448
0 0.675231 0.412370 0.058796 0.020052
0 0.466435 0.499609 0.030093 0.038281
0 0.502315 0.489193 0.064815 0.017448
0 0.267824 0.129557 0.095833 0.011719
0 0.108102 0.189714 0.091204 0.012240
0 0.540509 0.884766 0.020833 0.053385
0 0.910880 0.668229 0.030093 0.036979
0 0.480787 0.303255 0.031019 0.035156
0 0.733102 0.935807 0.072685 0.014844
0 0.284028 0.755859 0.026389 0.040365
0 0.212269 0.181901 0.086574 0.012240
0 0.554861 0.108984 0.086574 0.012240
0 0.707639 0.140234 0.058796 0.017448
0 0.647454 0.399349 0.068056 0.014844
0 0.751620 0.202734 0.026389 0.038281
0 0.973843 0.157812 0.026389 0.036979
0 0.415509 0.274089 0.067130 0.014323
0 0.735417 0.111589 0.021759 0.043490
0 0.744676 0.260026 0.021759 0.043490
0 0.175231 0.287370 0.031019 0.030469
0 0.677546 0.584245 0.026389 0.035677
0 0.903935 0.284375 0.025463 0.036458
0 0.346528 0.332292 0.021759 0.042188
0 0.890046 0.093359 0.071759 0.012240
0 0.633565 0.592057 0.058796 0.014844
0 0.601157 0.141536 0.058796 0.014844
0 0.719213 0.244401 0.026389 0.033073
0 0.464583 0.902995 0.072685 0.011719
0 0.878935 0.332682 0.049537 0.016927
0 0.508102 0.739193 0.030093 0.027865
0 0.309491 0.153255 0.068056 0.012240
0 0.237731 0.146745 0.026389 0.030469
0 0.464583 0.763932 0.017130 0.046094
0 0.797917 0.102214 0.026389 0.029948
0 0.234954 0.645182 0.020833 0.037760
0 0.608102 0.679297 0.063426 0.012240
0 0.633565 0.105078 0.021759 0.035677
0 0.696065 0.572526 0.017130 0.043490
0 0.591435 0.571224 0.020833 0.035677
0 0.711806 0.156901 0.020833 0.035156
0 0.522454 0.577734 0.058796 0.012240
0 0.404398 0.762630 0.026389 0.026823
0 0.895139 0.498307 0.017130 0.040885
0 0.862731 0.651953 0.017130 0.040885
0 0.714120 0.342057 0.016204 0.040885
0 0.404398 0.566016 0.044907 0.014844
0 0.811806 0.345703 0.017130 0.037760
0 0.671759 0.114193 0.051852 0.012240
0 0.765509 0.862891 0.063426 0.009635
0 0.809028 0.202734 0.048611 0.012240
0 0.513194 0.421224 0.049537 0.011719
0 0.207639 0.203385 0.068056 0.008333
0 0.387731 0.494141 0.048611 0.011719
0 0.043287 0.293229 0.017130 0.031771
0 0.566435 0.453385 0.063426 0.008333
0 0.867361 0.612891 0.017130 0.030469
0 0.547454 0.649349 0.016204 0.030469
0 0.611574 0.348568 0.014815 0.033073
0 0.378935 0.167578 0.049537 0.009635
0 0.213426 0.396484 0.051852 0.009115
0 0.392824 0.255859 0.049537 0.009115
0 0.975694 0.536068 0.011574 0.038281
0 0.767361 0.591797 0.020833 0.019531
0 0.640509 0.365234 0.017130 0.019531
0 0.893981 0.417578 0.033333 0.009635
0 0.006250 0.007422 0.007870 0.012240
