0 0.351157 0.593359 0.068056 0.095573
0 0.704167 0.714453 0.125926 0.040885
0 0.795139 0.541927 0.057870 0.060417
0 0.267361 0.872005 0.122685 0.027865
0 0.770139 0.459245 0.109722 0.030469
0 0.529398 0.115495 0.128241 0.025260
0 0.820602 0.366797 0.034722 0.085156
0 0.830324 0.210547 0.100463 0.027865
0 0.441435 0.198828 0.054167 0.051302
0 0.145139 0.874349 0.044907 0.058594
0 0.677083 0.705339 0.090278 0.027865
0 0.760880 0.362240 0.100463 0.023958
0 0.598843 0.795182 0.091204 0.025260
0 0.883565 0.844661 0.049537 0.046094
0 0.811806 0.727734 0.044907 0.050781
0 0.392824 0.802995 0.040278 0.056510
0 0.378935 0.760026 0.095833 0.022656
0 0.343750 0.857031 0.034722 0.060417
0 0.353472 0.813411 0.081944 0.025260
0 0.946065 0.838151 0.091204 0.022656
0 0.147454 0.814714 0.031019 0.064323
0 0.311343 0.836849 0.034722 0.056510
0 0.517824 0.554297 0.086574 0.022656
0 0.156713 0.266536 0.040278 0.046094
0 0.057176 0.847266 0.044907 0.040885
0 0.274769 0.157161 0.035648 0.051302
0 0.290509 0.813411 0.039352 0.046094
0 0.646991 0.806901 0.076389 0.022656
0 0.578009 0.280859 0.031019 0.053906
0 0.193287 0.388932 0.039352 0.040885
0 0.733102 0.158464 0.091204 0.017448
0 0.624306 0.193620 0.077315 0.020052
0 0.198380 0.493099 0.077315 0.020052
0 0.281250 0.552995 0.030093 0.051302
0 0.292824 0.722266 0.071759 0.020052
0 0.412500 0.389974 0.033333 0.042969
0 0.716898 0.571224 0.068056 0.020052
0 0.189120 0.653255 0.077315 0.017448
0 0.684491 0.116797 0.021759 0.059115
0 0.443750 0.780859 0.105093 0.012240
0 0.714583 0.263932 0.063426 0.020052
0 0.596528 0.860286 0.031019 0.040885
0 0.174074 0.352474 0.084259 0.014844
0 0.494676 0.211589 0.031019 0.040365
0 0.325231 0.286068 0.071759 0.017448
0 0.649769 0.371354 0.035648 0.034375
0 0.149769 0.740495 0.026389 0.046094
0 0.331019 0.498307 0.060185 0.020052
0 0.306713 0.220052 0.025463 0.046875
0 0.929861 0.326432 0.058796 0.020052
0 0.910880 0.865495 0.057870 0.020052
0 0.240046 0.188411 0.077315 0.014844
0 0.346528 0.702083 0.031019 0.036979
0 0.792130 0.816016 0.024074 0.046094
0 0.047454 0.510026 0.025463 0.043490
0 0.934491 0.709245 0.031019 0.035677
0 0.191435 0.249609 0.063426 0.017448
0 0.538194 0.215755 0.062500 0.017448
0 0.962269 0.469661 0.021759 0.046094
0 0.066435 0.423438 0.091204 0.010937
0 0.235417 0.433854 0.031019 0.031771
0 0.934491 0.345964 0.077315 0.012240
0 0.670602 0.417578 0.031019 0.030469
0 0.584954 0.392839 0.054167 0.017448
0 0.205324 0.831641 0.063426 0.014844
0 0.040972 0.751953 0.021759 0.042969
0 0.700694 0.640234 0.017130 0.053906
0 0.468750 0.547786 0.025463 0.035677
0 0.268981 0.271745 0.061111 0.014844
0 0.140046 0.673828 0.053241 0.016927
0 0.881250 0.892839 0.072685 0.012240
0 0.219213 0.366797 0.072685 0.012240
0 0.244676 0.568620 0.058796 0.014844
0 0.329861 0.160417 0.053241 0.016146
0 0.734954 0.092057 0.057870 0.014844
0 0.325694 0.616797 0.017130 0.048698
0 0.499306 0.150651 0.068056 0.012240
0 0.693750 0.426693 0.021759 0.038281
0 0.758565 0.812109 0.021759 0.038281
0 0.402083 0.181901 0.068056 0.012240
0 0.101157 0.392578 0.068056 0.011719
0 0.417824 0.273047 0.016204 0.048698
0 0.219213 0.422786 0.017130 0.046094
0 0.640509 0.765234 0.063426 0.012240
0 0.913657 0.572526 0.017130 0.043490
0 0.946065 0.603776 0.017130 0.043490
0 0.703009 0.379818 0.058796 0.012240
0 0.906713 0.286068 0.021759 0.033073
0 0.307870 0.644141 0.074074 0.009635
0 0.140509 0.532161 0.072685 0.009635
0 0.101157 0.845703 0.058796 0.011719
0 0.714583 0.847266 0.026389 0.025260
0 0.763194 0.769141 0.021759 0.030469
0 0.603472 0.327734 0.017130 0.038281
0 0.674769 0.748307 0.067130 0.009635
0 0.744676 0.789714 0.068056 0.009115
0 0.983102 0.769141 0.017130 0.035677
0 0.765046 0.386328 0.062500 0.009635
0 0.850694 0.819922 0.020833 0.027865
0 0.409028 0.164714 0.063426 0.009115
0 0.402083 0.860286 0.058796 0.009635
0 0.131250 0.460807 0.017130 0.032552
0 0.969213 0.377865 0.017130 0.029167
0 0.393981 0.356380 0.014815 0.033073
0 0.777083 0.291276 0.068056 0.007031
0 0.793287 0.580599 0.017130 0.027344
0 0.807176 0.438411 0.044907 0.009635
0 0.825694 0.413411 0.035648 0.011719
0 0.696065 0.278255 0.054167 0.007031
0 0.655556 0.524349 0.037963 0.009635
0 0.316435 0.277995 0.054167 0.006510
0 0.696065 0.333984 0.035648 0.009115
0 0.101157 0.989193 0.040278 0.007031
0 0.985417 0.004818 0.026389 0.007031
