0 0.096528 0.249609 0.179167 0.059115
0 0.385880 0.334245 0.118981 0.035677
0 0.571065 0.263932 0.109722 0.035677
0 0.272454 0.295182 0.049537 0.072135
0 0.339583 0.154557 0.054167 0.056510
0 0.579167 0.633464 0.098148 0.029948
0 0.859259 0.852474 0.093519 0.030469
0 0.286343 0.202734 0.123611 0.022656
0 0.784028 0.319922 0.100463 0.027865
0 0.534491 0.013932 0.108796 0.025260
0 0.332639 0.645182 0.123611 0.022135
0 0.855787 0.123047 0.086574 0.029948
0 0.163657 0.502214 0.091204 0.027865
0 0.284028 0.888932 0.100463 0.025260
0 0.911343 0.860286 0.040278 0.061719
0 0.615046 0.528255 0.086574 0.027865
0 0.874306 0.572526 0.086574 0.027865
0 0.204861 0.463151 0.043981 0.053906
0 0.781713 0.422526 0.049537 0.045573
0 0.899769 0.116797 0.044907 0.048698
0 0.888194 0.339453 0.086574 0.025260
0 0.540972 0.796484 0.040278 0.053906
0 0.874306 0.702734 0.040278 0.053906
0 0.221065 0.615495 0.085648 0.025260
0 0.701852 0.193620 0.084259 0.025260
0 0.344213 0.732682 0.081944 0.025260
0 0.159028 0.847266 0.044907 0.046094
0 0.686806 0.507422 0.091204 0.022656
0 0.425231 0.881380 0.040278 0.050781
0 0.825694 0.206641 0.100463 0.020052
0 0.352315 0.672786 0.098148 0.020052
0 0.696065 0.857422 0.100463 0.019531
0 0.679398 0.233984 0.085648 0.022656
0 0.300231 0.607682 0.095833 0.020052
0 0.258565 0.563411 0.040278 0.046094
0 0.487731 0.595964 0.081944 0.022656
0 0.226157 0.681901 0.031019 0.059115
0 0.140509 0.105078 0.072685 0.025260
0 0.098380 0.704036 0.090278 0.020052
0 0.440278 0.650391 0.079630 0.022135
0 0.635880 0.309505 0.100463 0.017448
0 0.455324 0.321875 0.081944 0.021354
0 0.101157 0.722266 0.086574 0.020052
0 0.399769 0.375911 0.035648 0.046094
0 0.094213 0.472266 0.035648 0.046094
0 0.858102 0.753255 0.081944 0.019531
0 0.237269 0.353776 0.090278 0.017448
0 0.804861 0.339453 0.077315 0.020052
0 0.779398 0.304297 0.035648 0.043490
0 0.524769 0.522786 0.091204 0.016927
0 0.610417 0.812109 0.068056 0.022656
0 0.493519 0.629557 0.028704 0.053385
0 0.915509 0.148047 0.067130 0.022656
0 0.871528 0.619401 0.034722 0.043490
0 0.821065 0.542578 0.026389 0.056510
0 0.350694 0.541016 0.039352 0.037760
0 0.367361 0.357682 0.035648 0.040885
0 0.265509 0.839453 0.035648 0.040885
0 0.596528 0.878516 0.095833 0.014844
0 0.487731 0.562109 0.026389 0.053906
0 0.293287 0.849219 0.035648 0.039583
0 0.036343 0.503516 0.068056 0.020052
0 0.358102 0.460547 0.035648 0.038281
0 0.138194 0.408464 0.031019 0.043490
0 0.265046 0.217708 0.062500 0.021354
0 0.228472 0.228125 0.081944 0.016146
0 0.050926 0.992448 0.097222 0.013542
0 0.130787 0.347266 0.025463 0.051302
0 0.480787 0.253255 0.086574 0.014323
0 0.480787 0.752865 0.031019 0.039583
0 0.439120 0.632422 0.068056 0.017448
0 0.337269 0.377214 0.068056 0.017448
0 0.249306 0.606380 0.031019 0.038281
0 0.763194 0.551693 0.031019 0.038281
0 0.552546 0.215495 0.100463 0.011719
0 0.351157 0.878516 0.058796 0.020052
0 0.895139 0.239193 0.035648 0.033073
0 0.906713 0.261328 0.058796 0.020052
0 0.735417 0.108984 0.095833 0.012240
0 0.143519 0.600911 0.069444 0.016927
0 0.640509 0.648047 0.026389 0.043490
0 0.527083 0.438411 0.077315 0.014844
0 0.763194 0.256120 0.077315 0.014844
0 0.392824 0.526693 0.058796 0.019531
0 0.821065 0.405859 0.091204 0.012240
0 0.135880 0.653255 0.063426 0.017448
0 0.538657 0.543880 0.063426 0.017448
0 0.450694 0.622005 0.063426 0.017448
0 0.170602 0.774349 0.031019 0.035677
0 0.556713 0.254818 0.062500 0.017448
0 0.825231 0.924089 0.062500 0.017448
0 0.592593 0.372005 0.087963 0.012240
0 0.409028 0.826432 0.026389 0.040885
0 0.334954 0.547786 0.026389 0.040885
0 0.038657 0.758724 0.072685 0.014844
0 0.455324 0.234375 0.081944 0.013021
0 0.809491 0.637630 0.086574 0.012240
0 0.161343 0.153255 0.021759 0.048698
0 0.184491 0.426693 0.021759 0.048698
0 0.439120 0.466406 0.077315 0.013542
0 0.589120 0.657161 0.025463 0.040885
0 0.870833 0.095703 0.024074 0.042969
0 0.165972 0.233984 0.058796 0.017448
0 0.402083 0.187109 0.031019 0.033073
0 0.061806 0.395443 0.026389 0.038281
0 0.550231 0.279557 0.068056 0.014844
0 0.653241 0.719401 0.070370 0.014323
0 0.784028 0.309505 0.081944 0.012240
0 0.487731 0.192318 0.081944 0.012240
0 0.080787 0.210547 0.081019 0.012240
0 0.626620 0.345313 0.026389 0.036979
0 0.793287 0.272786 0.081944 0.011719
0 0.609954 0.446224 0.020833 0.046094
0 0.913657 0.420573 0.026389 0.036458
0 0.667130 0.742448 0.024074 0.039583
0 0.716898 0.343359 0.021759 0.043490
0 0.557176 0.288672 0.054167 0.017448
0 0.179861 0.719401 0.031019 0.029948
0 0.687963 0.280859 0.075000 0.012240
0 0.904398 0.186849 0.054167 0.016927
0 0.617361 0.406250 0.026389 0.033854
0 0.147454 0.454036 0.021759 0.040885
0 0.765509 0.095964 0.072685 0.012240
0 0.356944 0.235937 0.024074 0.036979
0 0.529398 0.611589 0.026389 0.033073
0 0.736574 0.545182 0.024074 0.035677
0 0.385880 0.546224 0.026389 0.032552
0 0.503935 0.205339 0.068056 0.012240
0 0.308333 0.687109 0.065741 0.012240
0 0.082176 0.322526 0.020833 0.038281
0 0.605787 0.092708 0.049537 0.016146
0 0.948380 0.125911 0.021759 0.035677
0 0.478472 0.452734 0.063426 0.012240
0 0.478009 0.265234 0.062500 0.012240
0 0.495833 0.402604 0.024074 0.031771
0 0.417824 0.167318 0.025463 0.029948
0 0.418287 0.275651 0.017130 0.043490
0 0.682176 0.113281 0.017130 0.041667
0 0.115046 0.751953 0.021759 0.032552
0 0.552546 0.110286 0.072685 0.009635
0 0.756250 0.638932 0.017130 0.040885
0 0.918287 0.232682 0.017130 0.040885
0 0.427546 0.414974 0.072685 0.009635
0 0.061806 0.430599 0.044907 0.014844
0 0.089583 0.431901 0.017130 0.038281
0 0.399769 0.624609 0.017130 0.038281
0 0.570602 0.141536 0.043981 0.014844
0 0.425231 0.393490 0.021759 0.029167
0 0.904398 0.776953 0.017130 0.035677
0 0.626620 0.701432 0.017130 0.035677
0 0.399769 0.216797 0.017130 0.035156
0 0.667824 0.261328 0.062500 0.009635
0 0.394676 0.292578 0.016204 0.035677
0 0.144676 0.841797 0.016204 0.035156
0 0.574537 0.473568 0.014815 0.038281
0 0.689120 0.383724 0.058796 0.009635
0 0.434491 0.300130 0.058796 0.009115
0 0.645139 0.099870 0.017130 0.030469
0 0.622685 0.504557 0.018519 0.027344
0 0.913657 0.106380 0.017130 0.027865
0 0.918287 0.283464 0.017130 0.027865
0 0.462269 0.245703 0.049537 0.009635
0 0.160185 0.426693 0.019444 0.022656
0 0.758565 0.521745 0.012500 0.030469
0 0.597685 0.487240 0.042593 0.008333
0 0.010417 0.696615 0.016204 0.020833
0 0.008565 0.784505 0.012500 0.014323
0 0.995833 0.394141 0.005556 0.020052
0 0.300231 0.997656 0.021759 0.003125
