0 0.061806 0.727474 0.054167 0.098177
0 0.883565 0.826432 0.068056 0.061719
0 0.818750 0.137370 0.058796 0.063802
0 0.821759 0.641536 0.101852 0.035677
0 0.968056 0.770443 0.061111 0.059115
0 0.521296 0.640885 0.102778 0.034375
0 0.502778 0.442057 0.047222 0.069010
0 0.166667 0.639974 0.097222 0.032552
0 0.715741 0.499609 0.112037 0.027865
0 0.885880 0.717057 0.054167 0.051302
0 0.272454 0.254818 0.095833 0.027865
0 0.228009 0.647396 0.043981 0.057813
0 0.135880 0.662370 0.100463 0.025260
0 0.193750 0.806901 0.049537 0.048698
0 0.151620 0.148047 0.104167 0.022656
0 0.758565 0.184245 0.105093 0.022135
0 0.068750 0.300651 0.040278 0.055990
0 0.570602 0.515234 0.081019 0.027865
0 0.233102 0.228776 0.128241 0.017448
0 0.084954 0.607031 0.118981 0.018750
0 0.314120 0.392839 0.095833 0.022656
0 0.698380 0.153255 0.095833 0.022656
0 0.471065 0.467057 0.085648 0.025260
0 0.117361 0.794922 0.109722 0.019531
0 0.246991 0.375911 0.044907 0.046094
0 0.066435 0.467057 0.044907 0.046094
0 0.682176 0.693620 0.081944 0.025260
0 0.318750 0.779557 0.040278 0.051302
0 0.459954 0.818359 0.035648 0.055990
0 0.628935 0.253516 0.077315 0.025260
0 0.147454 0.167578 0.095833 0.020052
0 0.219213 0.474870 0.128241 0.014844
0 0.235417 0.397135 0.040278 0.046875
0 0.788657 0.321875 0.035648 0.052604
0 0.874306 0.874609 0.105093 0.017448
0 0.767361 0.520443 0.104167 0.017448
0 0.714120 0.211849 0.034722 0.051302
0 0.795602 0.831641 0.031019 0.056510
0 0.517824 0.265234 0.077315 0.022656
0 0.147454 0.236589 0.040278 0.043490
0 0.824537 0.469661 0.042593 0.040885
0 0.134722 0.534766 0.033333 0.051302
0 0.693750 0.309245 0.077315 0.022135
0 0.158565 0.582943 0.034722 0.048698
0 0.270139 0.340104 0.035648 0.047396
0 0.814120 0.322526 0.031019 0.053906
0 0.564120 0.299089 0.031019 0.053906
0 0.214583 0.270443 0.072685 0.022656
0 0.564120 0.183203 0.040278 0.040885
0 0.043287 0.284766 0.035648 0.046094
0 0.145139 0.810807 0.109722 0.014844
0 0.295602 0.659505 0.040278 0.040365
0 0.839583 0.773698 0.026389 0.060417
0 0.347685 0.524349 0.079630 0.020052
0 0.628935 0.217057 0.105093 0.014844
0 0.172917 0.385026 0.026389 0.059115
0 0.457639 0.477474 0.077315 0.020052
0 0.332639 0.330339 0.068056 0.022656
0 0.444213 0.317318 0.067130 0.022656
0 0.105324 0.885026 0.039352 0.038281
0 0.540509 0.194922 0.039352 0.038281
0 0.846528 0.697266 0.031019 0.048177
0 0.359954 0.153516 0.039352 0.037760
0 0.068750 0.201823 0.040278 0.036458
0 0.260417 0.324479 0.034722 0.042188
0 0.711806 0.385026 0.020833 0.069531
0 0.909028 0.219661 0.035648 0.040885
0 0.031713 0.500911 0.031019 0.046094
0 0.464583 0.757161 0.026389 0.053385
0 0.334954 0.252865 0.035648 0.039583
0 0.367361 0.242448 0.035648 0.039583
0 0.513194 0.325130 0.021759 0.064323
0 0.811806 0.624349 0.081944 0.016927
0 0.139352 0.620443 0.070370 0.019531
0 0.193750 0.250911 0.068056 0.020052
0 0.172917 0.625260 0.072685 0.018750
0 0.121991 0.724870 0.091204 0.014844
0 0.308333 0.172786 0.037963 0.035677
0 0.457639 0.223568 0.077315 0.017448
0 0.105787 0.260026 0.031019 0.043490
0 0.539815 0.368099 0.065741 0.020052
0 0.448380 0.534115 0.095833 0.013542
0 0.517824 0.128516 0.086574 0.014844
0 0.108102 0.351172 0.026389 0.048698
0 0.518981 0.788672 0.033333 0.038281
0 0.895139 0.287370 0.035648 0.035677
0 0.918287 0.164974 0.063426 0.020052
0 0.246991 0.869401 0.072685 0.017448
0 0.263194 0.120703 0.031019 0.040885
0 0.462269 0.133724 0.031019 0.040885
0 0.876157 0.207031 0.034722 0.036458
0 0.737731 0.103516 0.072685 0.016927
0 0.801389 0.649349 0.061111 0.020052
0 0.399769 0.810156 0.035648 0.034375
0 0.371991 0.805599 0.026389 0.046094
0 0.932176 0.459245 0.081944 0.014844
0 0.499306 0.569922 0.068056 0.017448
0 0.040972 0.760026 0.031019 0.038281
0 0.226157 0.181901 0.031019 0.038281
0 0.406713 0.685807 0.058796 0.020052
0 0.186343 0.395833 0.034722 0.033854
0 0.015046 0.732422 0.025463 0.045573
0 0.642824 0.381120 0.077315 0.014844
0 0.073380 0.144141 0.077315 0.014844
0 0.624306 0.177995 0.077315 0.014844
0 0.425231 0.610286 0.077315 0.014844
0 0.251157 0.731120 0.034722 0.032552
0 0.635880 0.231380 0.091204 0.012240
0 0.365046 0.857682 0.021759 0.051302
0 0.473843 0.114193 0.091204 0.012240
0 0.821065 0.395443 0.091204 0.012240
0 0.221528 0.237891 0.031019 0.035677
0 0.483102 0.163672 0.063426 0.017448
0 0.538657 0.175391 0.026389 0.040885
0 0.770139 0.547786 0.072685 0.014844
0 0.543287 0.730078 0.026389 0.040885
0 0.844213 0.552995 0.026389 0.040885
0 0.395139 0.733724 0.091204 0.011719
0 0.450694 0.332682 0.063426 0.016927
0 0.590741 0.757422 0.084259 0.012240
0 0.936806 0.755208 0.026389 0.039062
0 0.837269 0.207943 0.031019 0.033073
0 0.763194 0.416276 0.031019 0.033073
0 0.182176 0.887630 0.026389 0.038281
0 0.832639 0.250911 0.068056 0.014844
0 0.288657 0.510026 0.026389 0.038281
0 0.115046 0.305599 0.021759 0.046094
0 0.487269 0.343750 0.025463 0.039062
0 0.087269 0.547526 0.021759 0.045573
0 0.575231 0.780859 0.081019 0.012240
0 0.185648 0.606380 0.079630 0.012240
0 0.059028 0.834245 0.020833 0.046094
0 0.499306 0.590755 0.077315 0.012240
0 0.638194 0.517839 0.021759 0.043490
0 0.392824 0.185807 0.095833 0.009635
0 0.156713 0.119141 0.077315 0.011719
0 0.383565 0.762370 0.077315 0.011719
0 0.880093 0.448828 0.061111 0.014844
0 0.316435 0.450130 0.026389 0.033073
0 0.219213 0.488932 0.072685 0.011719
0 0.073380 0.817318 0.021759 0.038281
0 0.821065 0.167578 0.026389 0.030469
0 0.895139 0.599870 0.054167 0.014844
0 0.034028 0.369401 0.063426 0.012240
0 0.691435 0.184505 0.017130 0.043490
0 0.535880 0.612891 0.076389 0.009635
0 0.404398 0.332292 0.017130 0.042188
0 0.277083 0.145443 0.058796 0.012240
0 0.096528 0.220964 0.058796 0.012240
0 0.202546 0.322526 0.057870 0.012240
0 0.649769 0.556250 0.063426 0.010937
0 0.089120 0.508724 0.071759 0.009635
0 0.913657 0.557292 0.017130 0.039062
0 0.904398 0.180599 0.026389 0.025260
0 0.793287 0.431901 0.017130 0.038281
0 0.559491 0.558203 0.068056 0.009635
0 0.774306 0.468359 0.016204 0.038281
0 0.904398 0.149349 0.063426 0.009635
0 0.376620 0.133724 0.017130 0.035677
0 0.662500 0.708984 0.042593 0.014323
0 0.043981 0.783464 0.046296 0.012240
0 0.809491 0.706641 0.021759 0.025260
0 0.112731 0.192318 0.044907 0.012240
0 0.853472 0.154557 0.017130 0.030469
0 0.524306 0.730078 0.016204 0.030469
0 0.329861 0.263932 0.016204 0.030469
0 0.821065 0.543880 0.017130 0.027865
0 0.413657 0.231380 0.017130 0.027865
0 0.651620 0.419922 0.011574 0.040365
0 0.177546 0.495703 0.017130 0.025260
0 0.949537 0.507422 0.014815 0.027865
0 0.492361 0.213151 0.054167 0.007031
