0 0.531713 0.616797 0.225463 0.048698
0 0.950694 0.631120 0.081944 0.108594
0 0.892824 0.079687 0.160648 0.042188
0 0.198380 0.827734 0.132870 0.033073
0 0.712269 0.550391 0.114352 0.035677
0 0.890509 0.806901 0.137500 0.027865
0 0.791667 0.531901 0.050926 0.071615
0 0.108102 0.762630 0.054167 0.059115
0 0.545602 0.467708 0.095833 0.031771
0 0.659028 0.531901 0.091204 0.029948
0 0.545602 0.231380 0.095833 0.027865
0 0.726157 0.438411 0.105093 0.025260
0 0.834954 0.325781 0.109722 0.023958
0 0.367361 0.233984 0.044907 0.048698
0 0.770139 0.218359 0.035648 0.059115
0 0.557176 0.548438 0.118981 0.016146
0 0.089583 0.409766 0.026389 0.072135
0 0.846065 0.099870 0.030093 0.061719
0 0.888194 0.092057 0.040278 0.046094
0 0.737731 0.068620 0.091204 0.020052
0 0.762037 0.347005 0.093519 0.019531
0 0.103472 0.811458 0.035648 0.047396
0 0.828009 0.158464 0.031019 0.053906
0 0.234954 0.528255 0.030093 0.053906
0 0.157870 0.538672 0.024074 0.064323
0 0.890509 0.009766 0.091204 0.016927
0 0.693750 0.297786 0.031019 0.046094
0 0.080324 0.226172 0.026389 0.053906
0 0.906713 0.344661 0.021759 0.061719
0 0.984259 0.485286 0.028704 0.046094
0 0.953009 0.767839 0.021759 0.059115
0 0.873843 0.874609 0.020833 0.059115
0 0.663657 0.098568 0.100463 0.012240
0 0.804861 0.482682 0.021759 0.056510
0 0.571065 0.151953 0.081944 0.014844
0 0.804861 0.707943 0.021759 0.053906
0 0.684028 0.213151 0.030093 0.038281
0 0.781713 0.266536 0.077315 0.014844
0 0.887731 0.283464 0.020833 0.053906
0 0.087269 0.356380 0.031019 0.033073
0 0.564120 0.047526 0.068056 0.014323
0 0.557176 0.087891 0.081944 0.011719
0 0.755093 0.133464 0.098148 0.009115
0 0.207176 0.496745 0.020833 0.042969
0 0.841898 0.036068 0.021759 0.033073
0 0.795602 0.435547 0.068056 0.009115
0 0.098843 0.993099 0.044907 0.009635
