0 0.207639 0.616797 0.058796 0.053906
0 0.737731 0.267839 0.054167 0.053906
0 0.575694 0.799089 0.044907 0.064323
0 0.334954 0.622005 0.091204 0.027865
0 0.425231 0.105078 0.095833 0.025260
0 0.786343 0.719661 0.049537 0.046094
0 0.888194 0.862891 0.049537 0.046094
0 0.663657 0.158203 0.128241 0.016927
0 0.571065 0.250911 0.044907 0.046094
0 0.631250 0.430599 0.081944 0.025260
0 0.640509 0.598568 0.044907 0.043490
0 0.545602 0.610286 0.095833 0.020052
0 0.147454 0.615495 0.040278 0.046094
0 0.804861 0.654557 0.040278 0.046094
0 0.290972 0.565755 0.040278 0.045573
0 0.853472 0.782161 0.072685 0.025260
0 0.529398 0.206641 0.072685 0.025260
0 0.390509 0.198828 0.072685 0.025260
0 0.035880 0.321224 0.039352 0.046094
0 0.265509 0.332943 0.035648 0.048698
0 0.540972 0.679036 0.077315 0.022135
0 0.402083 0.793880 0.031019 0.053906
0 0.670602 0.573828 0.040278 0.040885
0 0.478472 0.588151 0.072685 0.022656
0 0.520139 0.124609 0.072685 0.022656
0 0.534028 0.383724 0.081944 0.020052
0 0.075694 0.138932 0.035648 0.046094
0 0.922917 0.564714 0.091204 0.017448
0 0.779398 0.129818 0.035648 0.043490
0 0.818750 0.177995 0.077315 0.020052
0 0.409028 0.129818 0.035648 0.043490
0 0.513194 0.161068 0.040278 0.038281
0 0.304861 0.848568 0.086574 0.017448
0 0.084954 0.779557 0.100463 0.014844
0 0.616898 0.283203 0.034722 0.042969
0 0.608102 0.483984 0.081944 0.017448
0 0.089583 0.261068 0.072685 0.019531
0 0.064120 0.179297 0.021759 0.064323
0 0.290972 0.519792 0.086574 0.016146
0 0.853472 0.476172 0.035648 0.038281
0 0.294444 0.373307 0.037963 0.035677
0 0.750463 0.845703 0.079630 0.016927
0 0.932176 0.463411 0.035648 0.037760
0 0.899306 0.804297 0.034722 0.038281
0 0.352315 0.271094 0.033333 0.039583
0 0.804861 0.202474 0.077315 0.016927
0 0.582639 0.108984 0.105093 0.012240
0 0.818750 0.383073 0.031019 0.039583
0 0.502315 0.008464 0.083333 0.014323
0 0.365046 0.547786 0.058796 0.020052
0 0.064120 0.363932 0.031019 0.037760
0 0.719213 0.291016 0.035648 0.032552
0 0.434028 0.625911 0.057870 0.020052
0 0.598843 0.128516 0.072685 0.014844
0 0.700694 0.662370 0.026389 0.040885
0 0.652083 0.267839 0.021759 0.048698
0 0.630093 0.008724 0.070370 0.014844
0 0.385880 0.308854 0.063426 0.016146
0 0.509722 0.254167 0.024074 0.042188
0 0.240046 0.008724 0.068056 0.014844
0 0.330324 0.236589 0.026389 0.038281
0 0.022454 0.591797 0.021759 0.045573
0 0.161343 0.131120 0.031019 0.030469
0 0.427546 0.141536 0.026389 0.035677
0 0.538657 0.912370 0.063426 0.014844
0 0.524769 0.534766 0.063426 0.014844
0 0.244213 0.408464 0.020833 0.043490
0 0.815972 0.427734 0.025463 0.035156
0 0.640509 0.439714 0.072685 0.012240
0 0.321065 0.205339 0.026389 0.033073
0 0.091898 0.516536 0.058796 0.014844
0 0.246991 0.884766 0.072685 0.011719
0 0.098380 0.500260 0.062500 0.013542
0 0.485417 0.556641 0.021759 0.037760
0 0.890509 0.521745 0.026389 0.030469
0 0.108102 0.222266 0.017130 0.046094
0 0.295602 0.677995 0.049537 0.014844
0 0.591435 0.357422 0.076389 0.009115
0 0.300231 0.204687 0.021759 0.031771
0 0.429861 0.574870 0.058796 0.011719
0 0.890509 0.294922 0.072685 0.009115
0 0.365046 0.146745 0.021759 0.030469
0 0.536343 0.081641 0.068056 0.009635
0 0.316435 0.301693 0.017130 0.038281
0 0.325694 0.434505 0.017130 0.038281
0 0.306713 0.242839 0.016204 0.040365
0 0.915972 0.544271 0.021759 0.028646
0 0.591898 0.560547 0.068056 0.009115
0 0.566435 0.300391 0.017130 0.035677
0 0.871991 0.344661 0.017130 0.035677
0 0.487731 0.490495 0.017130 0.035677
0 0.922917 0.813411 0.017130 0.035677
0 0.050231 0.872005 0.021759 0.027865
0 0.904398 0.462500 0.017130 0.034375
0 0.645139 0.318359 0.063426 0.009115
0 0.052083 0.534115 0.016204 0.034375
0 0.774769 0.445312 0.017130 0.028646
0 0.265046 0.107422 0.016204 0.029948
0 0.719213 0.603776 0.017130 0.027865
0 0.578009 0.349870 0.049537 0.009635
0 0.564120 0.163411 0.040278 0.011719
0 0.608102 0.514974 0.054167 0.006510
0 0.006250 0.700130 0.007870 0.019010
