0 0.790972 0.064714 0.169907 0.053906
0 0.155556 0.503516 0.093519 0.087760
0 0.670602 0.457943 0.077315 0.105990
0 0.674074 0.397786 0.065741 0.063802
0 0.821065 0.414974 0.109722 0.035677
0 0.975000 0.292578 0.047222 0.077344
0 0.223843 0.321224 0.054167 0.066927
0 0.559491 0.780859 0.105093 0.033073
0 0.522454 0.508724 0.040278 0.082552
0 0.610417 0.494141 0.049537 0.058594
0 0.677546 0.435807 0.054167 0.051302
0 0.567593 0.422135 0.112037 0.023958
0 0.814120 0.839453 0.132870 0.020052
0 0.587269 0.592057 0.105093 0.025260
0 0.772454 0.347917 0.123611 0.021354
0 0.102315 0.564714 0.042593 0.059115
0 0.584491 0.644531 0.043981 0.052083
0 0.177546 0.528255 0.044907 0.048698
0 0.253472 0.260677 0.048611 0.044792
0 0.506250 0.181901 0.109722 0.017448
0 0.795602 0.439714 0.031019 0.059115
0 0.858102 0.245052 0.035648 0.050000
0 0.966898 0.538672 0.040278 0.043490
0 0.656713 0.563411 0.086574 0.020052
0 0.850694 0.890234 0.076389 0.022656
0 0.294444 0.425130 0.037963 0.045573
0 0.700231 0.108984 0.034722 0.048698
0 0.448380 0.046484 0.068056 0.022656
0 0.156713 0.074479 0.040278 0.036979
0 0.746991 0.427995 0.035648 0.040885
0 0.619676 0.629818 0.021759 0.064323
0 0.272454 0.321224 0.068056 0.020052
0 0.615046 0.170182 0.021759 0.061719
0 0.896991 0.463151 0.076389 0.017448
0 0.144676 0.385026 0.025463 0.048698
0 0.696065 0.489193 0.026389 0.043490
0 0.281713 0.092057 0.077315 0.014844
0 0.311806 0.611589 0.091204 0.012240
0 0.528935 0.649349 0.071759 0.014844
0 0.988889 0.681901 0.019444 0.048698
0 0.110417 0.143880 0.021759 0.040365
0 0.181019 0.739193 0.070370 0.012240
0 0.424074 0.456380 0.093519 0.009115
0 0.871991 0.256120 0.017130 0.046094
0 0.633565 0.212240 0.068056 0.010417
0 0.661343 0.034766 0.021759 0.030469
0 0.098843 0.993099 0.044907 0.009635
0 0.323380 0.249609 0.049537 0.007031
