0 0.184028 0.839453 0.067130 0.108594
0 0.186343 0.219010 0.136574 0.044792
0 0.078009 0.653255 0.068056 0.069531
0 0.707176 0.162370 0.067130 0.061719
0 0.128935 0.620052 0.058796 0.060417
0 0.094213 0.714453 0.044907 0.077344
0 0.112731 0.607682 0.054167 0.061719
0 0.309491 0.395443 0.095833 0.033073
0 0.774769 0.504818 0.054167 0.058073
0 0.860417 0.576432 0.049537 0.061719
0 0.744676 0.275651 0.132870 0.022656
0 0.534028 0.702734 0.118981 0.022656
0 0.525926 0.528646 0.084259 0.028646
0 0.518519 0.207031 0.050926 0.046875
0 0.165972 0.387370 0.086574 0.027344
0 0.853009 0.896745 0.043981 0.051302
0 0.193287 0.537370 0.039352 0.056510
0 0.802546 0.474870 0.109722 0.020052
0 0.598843 0.597266 0.109722 0.020052
0 0.816435 0.218359 0.044907 0.048698
0 0.182870 0.628516 0.046296 0.046094
0 0.209954 0.558203 0.081944 0.025260
0 0.581481 0.189714 0.047222 0.043490
0 0.848380 0.435807 0.081019 0.025260
0 0.359259 0.280599 0.047222 0.042969
0 0.256250 0.808203 0.100463 0.020052
0 0.918981 0.401953 0.027778 0.072135
0 0.926389 0.446224 0.042593 0.046094
0 0.716898 0.335547 0.086574 0.022656
0 0.409028 0.322526 0.044907 0.043490
0 0.205324 0.760026 0.035648 0.053906
0 0.126620 0.707292 0.044907 0.042188
0 0.161343 0.636328 0.040278 0.046094
0 0.536343 0.196224 0.040278 0.046094
0 0.274769 0.342057 0.044907 0.040885
0 0.311806 0.623307 0.091204 0.020052
0 0.783565 0.677995 0.034722 0.051302
0 0.607639 0.544922 0.034722 0.050781
0 0.721528 0.481380 0.040278 0.043490
0 0.439120 0.286068 0.077315 0.022656
0 0.072917 0.556901 0.039352 0.043490
0 0.135880 0.814714 0.026389 0.064323
0 0.586111 0.688411 0.084259 0.020052
0 0.777083 0.890234 0.031019 0.053906
0 0.573380 0.232682 0.040278 0.040885
0 0.182176 0.472266 0.035648 0.046094
0 0.138194 0.849870 0.077315 0.020052
0 0.647454 0.447526 0.040278 0.038281
0 0.897454 0.872005 0.086574 0.017448
0 0.112731 0.482682 0.026389 0.056510
0 0.334954 0.894141 0.100463 0.014844
0 0.790972 0.856120 0.123611 0.011719
0 0.714120 0.248307 0.071759 0.020052
0 0.159028 0.323568 0.035648 0.040365
0 0.348843 0.314714 0.081944 0.017448
0 0.233102 0.733984 0.026389 0.053906
0 0.182176 0.115234 0.072685 0.019531
0 0.906713 0.094010 0.031019 0.044792
0 0.601852 0.398047 0.078704 0.017448
0 0.133565 0.750911 0.068056 0.020052
0 0.219213 0.348568 0.035648 0.038281
0 0.760880 0.398047 0.035648 0.038281
0 0.513194 0.250911 0.068056 0.020052
0 0.135880 0.550391 0.026389 0.051302
0 0.795602 0.391536 0.031019 0.040885
0 0.249306 0.269141 0.031019 0.040885
0 0.946065 0.258464 0.035648 0.035156
0 0.811343 0.076432 0.062500 0.020052
0 0.106944 0.308203 0.061111 0.020052
0 0.390509 0.506120 0.081944 0.014844
0 0.862731 0.222266 0.026389 0.046094
0 0.792824 0.110286 0.081019 0.014844
0 0.221528 0.499609 0.068056 0.017448
0 0.471528 0.409766 0.058796 0.020052
0 0.078009 0.282161 0.058796 0.020052
0 0.188657 0.356120 0.030093 0.037760
0 0.221065 0.514974 0.030093 0.037760
0 0.828009 0.840495 0.095833 0.011719
0 0.846528 0.357682 0.021759 0.051302
0 0.311806 0.713151 0.091204 0.012240
0 0.596528 0.787109 0.021759 0.050781
0 0.168287 0.885026 0.063426 0.017448
0 0.084491 0.442057 0.025463 0.042969
0 0.896296 0.234245 0.028704 0.037760
0 0.154398 0.133724 0.072685 0.014844
0 0.822222 0.805339 0.075000 0.014323
0 0.496991 0.563151 0.026389 0.040365
0 0.911343 0.325130 0.021759 0.048698
0 0.790972 0.543880 0.086574 0.012240
0 0.699537 0.569661 0.061111 0.016927
0 0.814120 0.249609 0.031019 0.033073
0 0.411343 0.646745 0.068056 0.014844
0 0.909028 0.163672 0.081944 0.012240
0 0.256250 0.478776 0.081944 0.012240
0 0.859954 0.099870 0.067130 0.014844
0 0.300231 0.456380 0.021759 0.045573
0 0.134722 0.296484 0.079630 0.012240
0 0.194907 0.760677 0.024074 0.039583
0 0.138194 0.262630 0.077315 0.012240
0 0.059491 0.236589 0.021759 0.043490
0 0.899769 0.581641 0.063426 0.014844
0 0.307176 0.232682 0.026389 0.035677
0 0.209954 0.675391 0.063426 0.014844
0 0.013194 0.798828 0.021759 0.042969
0 0.189120 0.586589 0.031019 0.029948
0 0.534722 0.838151 0.074074 0.012240
0 0.624306 0.666927 0.031019 0.029167
0 0.595370 0.573828 0.019444 0.046094
0 0.493056 0.535417 0.055556 0.016146
0 0.404398 0.340755 0.072685 0.012240
0 0.862731 0.323828 0.017130 0.051302
0 0.235417 0.349609 0.021759 0.040365
0 0.353009 0.648047 0.016204 0.053906
0 0.054861 0.701172 0.021759 0.040365
0 0.223843 0.583594 0.017130 0.050000
0 0.248148 0.620443 0.028704 0.029948
0 0.476157 0.625911 0.056944 0.014844
0 0.144676 0.606380 0.025463 0.033073
0 0.371991 0.577734 0.017130 0.048698
0 0.116898 0.438411 0.016204 0.051302
0 0.755787 0.087500 0.025463 0.031771
0 0.140509 0.375911 0.054167 0.014844
0 0.457639 0.594661 0.021759 0.035677
0 0.105787 0.250911 0.021759 0.035677
0 0.119676 0.732682 0.021759 0.035677
0 0.693750 0.588802 0.021759 0.034375
0 0.859954 0.636328 0.020833 0.035677
0 0.073380 0.390234 0.058796 0.012240
0 0.647454 0.778255 0.058796 0.012240
0 0.925231 0.809505 0.021759 0.033073
0 0.431713 0.218359 0.016204 0.043490
0 0.145139 0.487891 0.017130 0.040885
0 0.404398 0.881120 0.072685 0.009635
0 0.404398 0.219661 0.017130 0.040885
0 0.163657 0.479818 0.017130 0.040365
0 0.673611 0.624609 0.055556 0.012240
0 0.645833 0.617839 0.074074 0.009115
0 0.172454 0.784766 0.016204 0.040885
0 0.684028 0.797786 0.067130 0.009635
0 0.885880 0.376563 0.017130 0.036979
0 0.860417 0.292318 0.068056 0.009115
0 0.626620 0.206641 0.017130 0.035677
0 0.153935 0.357682 0.016204 0.035677
0 0.047917 0.835547 0.017130 0.033073
0 0.450694 0.642839 0.017130 0.033073
0 0.677546 0.538411 0.017130 0.032552
0 0.108102 0.097266 0.054167 0.009635
0 0.444444 0.265234 0.041667 0.012240
0 0.292824 0.289974 0.016204 0.030469
0 0.727315 0.189714 0.014815 0.033073
0 0.309491 0.510026 0.040278 0.012240
0 0.358102 0.291276 0.017130 0.027865
0 0.370833 0.647396 0.014815 0.031771
0 0.038657 0.447266 0.017130 0.027344
0 0.277083 0.511328 0.012500 0.025260
0 0.975000 0.004167 0.047222 0.005729
