0 0.925231 0.845964 0.123611 0.126823
0 0.538657 0.616797 0.230093 0.048698
0 0.601157 0.328385 0.058796 0.065625
0 0.850694 0.167318 0.048611 0.061198
0 0.159028 0.812109 0.100463 0.027865
0 0.797454 0.526302 0.043981 0.060417
0 0.804861 0.187760 0.049537 0.050000
0 0.350000 0.597266 0.093519 0.025260
0 0.844213 0.125651 0.044907 0.050781
0 0.826852 0.232682 0.084259 0.025260
0 0.126620 0.844010 0.109722 0.018750
0 0.688657 0.276693 0.039352 0.050781
0 0.645139 0.073568 0.100463 0.019531
0 0.932176 0.604818 0.100463 0.019531
0 0.233102 0.856120 0.081944 0.022135
0 0.534028 0.042318 0.072685 0.024740
0 0.720370 0.101172 0.037963 0.043490
0 0.890509 0.010026 0.091204 0.017448
0 0.438657 0.894141 0.104167 0.014844
0 0.191435 0.783464 0.035648 0.043490
0 0.762731 0.390234 0.122685 0.012240
0 0.631250 0.370703 0.100463 0.014844
0 0.332639 0.534766 0.031019 0.046094
0 0.979630 0.074479 0.037963 0.036979
0 0.825694 0.364193 0.109722 0.012240
0 0.887731 0.068620 0.067130 0.020052
0 0.638194 0.047786 0.086574 0.014844
0 0.082639 0.655859 0.021759 0.053906
0 0.513194 0.522786 0.068056 0.016927
0 0.143981 0.192708 0.024074 0.039062
0 0.714583 0.035807 0.026389 0.032552
0 0.888194 0.162370 0.021759 0.035677
0 0.730324 0.631510 0.020833 0.033854
0 0.779398 0.145443 0.017130 0.038281
0 0.098843 0.993099 0.044907 0.009635
0 0.991204 0.345964 0.014815 0.027865
0 0.662037 0.650391 0.050926 0.006510
0 0.109954 0.231380 0.011574 0.027865
