0 0.354630 0.157161 0.186111 0.056510
0 0.848380 0.842057 0.182870 0.046094
0 0.096528 0.982031 0.188426 0.034375
0 0.933333 0.878516 0.130556 0.040885
0 0.693287 0.887630 0.131944 0.038281
0 0.182176 0.804297 0.118981 0.038281
0 0.924074 0.165625 0.065741 0.063021
0 0.589583 0.085547 0.146759 0.022656
0 0.824537 0.813411 0.125926 0.025260
0 0.387731 0.140234 0.122685 0.022656
0 0.605324 0.147396 0.104167 0.026562
0 0.098843 0.719661 0.137500 0.020052
0 0.413194 0.179297 0.043981 0.059115
0 0.118519 0.827734 0.112037 0.022656
0 0.561806 0.318620 0.044907 0.056510
0 0.709491 0.172526 0.099537 0.024740
0 0.918287 0.206641 0.044907 0.051302
0 0.133565 0.333594 0.040278 0.055208
0 0.765046 0.332292 0.090278 0.021354
0 0.946065 0.529557 0.035648 0.051302
0 0.677546 0.250911 0.026389 0.061719
0 0.316435 0.419922 0.035648 0.045573
0 0.295602 0.174089 0.068056 0.022656
0 0.920602 0.898047 0.086574 0.017448
0 0.425231 0.885026 0.086574 0.017448
0 0.986574 0.789974 0.024074 0.061719
0 0.984259 0.657161 0.028704 0.051302
0 0.203009 0.113542 0.031019 0.047396
0 0.450231 0.567057 0.081019 0.016927
0 0.958796 0.845703 0.079630 0.016927
0 0.963426 0.125260 0.070370 0.018750
0 0.440972 0.695573 0.034722 0.034375
0 0.189120 0.325130 0.021759 0.053906
0 0.665972 0.546484 0.086574 0.012240
0 0.554861 0.106380 0.086574 0.012240
0 0.986574 0.085547 0.024074 0.043490
0 0.295602 0.382812 0.021759 0.039062
0 0.108102 0.386979 0.017130 0.047396
0 0.929861 0.211849 0.021759 0.035677
