0 0.089583 0.594661 0.072685 0.072135
0 0.490046 0.336849 0.132870 0.030469
0 0.853472 0.299089 0.035648 0.100781
0 0.873148 0.706380 0.037963 0.082031
0 0.735417 0.834245 0.095833 0.030469
0 0.624306 0.172786 0.095833 0.030469
0 0.853009 0.360938 0.108796 0.026562
0 0.216898 0.707943 0.040278 0.069531
0 0.374306 0.210547 0.123611 0.022656
0 0.784028 0.356380 0.091204 0.027865
0 0.226157 0.679036 0.049537 0.048177
0 0.663657 0.443620 0.091204 0.025260
0 0.441435 0.621745 0.035648 0.063802
0 0.395139 0.307552 0.035648 0.060417
0 0.603472 0.818359 0.044907 0.045573
0 0.145139 0.148698 0.035648 0.055208
0 0.302083 0.607682 0.034722 0.056510
0 0.443750 0.793880 0.086574 0.022656
0 0.684491 0.193620 0.095833 0.020052
0 0.524769 0.525391 0.035648 0.053385
0 0.760417 0.257422 0.034722 0.053906
0 0.256250 0.184505 0.081944 0.022656
0 0.300231 0.308203 0.040278 0.046094
0 0.339583 0.181901 0.081944 0.022656
0 0.485417 0.524349 0.040278 0.046094
0 0.385880 0.597266 0.044907 0.040885
0 0.603472 0.714453 0.044907 0.040885
0 0.111111 0.506120 0.032407 0.056510
0 0.922917 0.696224 0.035648 0.051302
0 0.605324 0.151953 0.122685 0.014844
0 0.830324 0.222005 0.072685 0.024740
0 0.297454 0.714453 0.034722 0.051302
0 0.922917 0.420182 0.026389 0.066927
0 0.360417 0.709245 0.031019 0.056510
0 0.307176 0.233984 0.035648 0.048698
0 0.704861 0.517839 0.034722 0.048698
0 0.763194 0.698828 0.040278 0.040885
0 0.767824 0.616536 0.095833 0.016927
0 0.131250 0.908464 0.091204 0.017448
0 0.415509 0.268880 0.039352 0.040365
0 0.115046 0.154818 0.031019 0.050781
0 0.341898 0.866797 0.068056 0.022656
0 0.672454 0.686849 0.090278 0.016927
0 0.216898 0.418880 0.086574 0.017448
0 0.790509 0.640234 0.039352 0.038281
0 0.381250 0.638932 0.100463 0.014844
0 0.881250 0.860286 0.100463 0.014844
0 0.494676 0.631510 0.040278 0.036458
0 0.360417 0.302995 0.031019 0.046094
0 0.302546 0.158464 0.081944 0.017448
0 0.513194 0.878516 0.095833 0.014844
0 0.429861 0.427995 0.095833 0.014844
0 0.307176 0.644141 0.035648 0.039844
0 0.348843 0.656510 0.035648 0.039583
0 0.662500 0.130859 0.070370 0.019531
0 0.920602 0.776953 0.068056 0.020052
0 0.922917 0.257422 0.035648 0.038281
0 0.251620 0.211849 0.026389 0.051302
0 0.388194 0.702734 0.031019 0.043490
0 0.919444 0.797526 0.037963 0.035156
0 0.721528 0.724609 0.068056 0.019531
0 0.568750 0.383464 0.068056 0.019531
0 0.882407 0.839453 0.088889 0.014844
0 0.617361 0.099609 0.091204 0.014323
0 0.841898 0.735938 0.031019 0.042188
0 0.603472 0.881120 0.063426 0.020052
0 0.182176 0.446224 0.063426 0.020052
0 0.487731 0.154557 0.035648 0.035677
0 0.737731 0.892839 0.072685 0.017448
0 0.749306 0.191016 0.031019 0.040885
0 0.179861 0.756120 0.031019 0.040885
0 0.510880 0.895443 0.072685 0.017448
0 0.911343 0.735286 0.031019 0.040885
0 0.980787 0.162109 0.031019 0.040365
0 0.853009 0.085547 0.071759 0.017448
0 0.816435 0.396484 0.035648 0.035156
0 0.184491 0.191667 0.077315 0.016146
0 0.635880 0.623047 0.063426 0.019531
0 0.193287 0.620703 0.030093 0.040885
0 0.314120 0.766276 0.021759 0.055990
0 0.760880 0.110286 0.026389 0.046094
0 0.074537 0.248698 0.033333 0.036458
0 0.740046 0.851172 0.031019 0.038281
0 0.147454 0.603776 0.021759 0.053906
0 0.466898 0.671484 0.021759 0.053906
0 0.797917 0.332943 0.035648 0.033073
0 0.612731 0.564714 0.035648 0.033073
0 0.759028 0.339453 0.057870 0.020052
0 0.248843 0.753516 0.057870 0.020052
0 0.193750 0.172786 0.077315 0.014844
0 0.615046 0.449870 0.095833 0.011719
0 0.670602 0.477214 0.021759 0.050781
0 0.837269 0.367839 0.077315 0.014323
0 0.351157 0.469401 0.077315 0.014323
0 0.665972 0.891536 0.031019 0.035677
0 0.473843 0.549089 0.063426 0.017448
0 0.143981 0.684505 0.033333 0.033073
0 0.248148 0.124349 0.093519 0.011719
0 0.746991 0.756120 0.072685 0.014844
0 0.554861 0.848568 0.021759 0.048698
0 0.112731 0.777865 0.026389 0.039062
0 0.494676 0.809505 0.058796 0.017448
0 0.142361 0.497005 0.020833 0.048698
0 0.490046 0.753516 0.021759 0.046094
0 0.177546 0.398047 0.081944 0.012240
0 0.892824 0.103125 0.031019 0.031771
0 0.615046 0.256771 0.031019 0.031771
0 0.397454 0.470313 0.031019 0.031771
0 0.883565 0.635026 0.021759 0.043490
0 0.976157 0.411068 0.021759 0.043490
0 0.795139 0.250260 0.020833 0.044792
0 0.042824 0.474870 0.062500 0.014844
0 0.885417 0.847266 0.062500 0.014844
0 0.538194 0.637630 0.053241 0.017448
0 0.689120 0.308854 0.021759 0.042188
0 0.501620 0.414714 0.063426 0.014323
0 0.286343 0.892578 0.077315 0.011719
0 0.758565 0.416016 0.077315 0.011719
0 0.145139 0.296484 0.072685 0.012240
0 0.091435 0.138932 0.020833 0.040885
0 0.712269 0.131771 0.077315 0.010937
0 0.179861 0.645443 0.021759 0.038281
0 0.341898 0.783464 0.021759 0.038281
0 0.115046 0.869401 0.021759 0.038281
0 0.584954 0.138932 0.054167 0.014844
0 0.256250 0.789974 0.017130 0.046094
0 0.080324 0.857682 0.017130 0.046094
0 0.927546 0.145443 0.063426 0.012240
0 0.281713 0.148047 0.058796 0.012240
0 0.703009 0.231380 0.021759 0.033073
0 0.730787 0.108724 0.021759 0.032552
0 0.228472 0.646745 0.017130 0.040885
0 0.159028 0.279557 0.026389 0.025260
0 0.483102 0.603776 0.017130 0.038281
0 0.436806 0.166276 0.017130 0.038281
0 0.918287 0.405859 0.017130 0.038281
0 0.024769 0.262630 0.017130 0.038281
0 0.130093 0.370703 0.042593 0.014844
0 0.242361 0.547786 0.017130 0.035677
0 0.096528 0.194922 0.049537 0.012240
0 0.728472 0.242839 0.017130 0.035156
0 0.591898 0.837891 0.021759 0.027344
0 0.756250 0.304688 0.017130 0.033854
0 0.772454 0.844661 0.058796 0.009635
0 0.603472 0.301693 0.017130 0.033073
0 0.638194 0.318620 0.021759 0.025260
0 0.256250 0.718099 0.044907 0.011719
0 0.691435 0.753516 0.054167 0.009635
0 0.176389 0.388932 0.051852 0.009635
0 0.914815 0.899349 0.051852 0.009635
0 0.260417 0.680599 0.016204 0.030469
0 0.883565 0.308203 0.049537 0.009635
0 0.670602 0.918620 0.068056 0.006510
0 0.777083 0.810156 0.049537 0.008333
0 0.815972 0.269141 0.016204 0.025260
0 0.595370 0.356380 0.056481 0.007031
0 0.006250 0.007422 0.007870 0.012240
