0 0.802083 0.209245 0.071759 0.066927
0 0.795602 0.340104 0.123611 0.031771
0 0.520139 0.835547 0.044907 0.085156
0 0.485417 0.286068 0.058796 0.064323
0 0.551389 0.132422 0.061111 0.059115
0 0.573380 0.615234 0.179167 0.019531
0 0.802546 0.720964 0.100463 0.033073
0 0.700694 0.115495 0.128241 0.025260
0 0.179861 0.864193 0.058796 0.053906
0 0.389352 0.720964 0.110185 0.027865
0 0.348843 0.123307 0.054167 0.056510
0 0.080324 0.155859 0.044907 0.064323
0 0.127315 0.680339 0.055556 0.050781
0 0.404398 0.589453 0.054167 0.051302
0 0.561806 0.349609 0.044907 0.055990
0 0.593750 0.676432 0.090278 0.027344
0 0.047917 0.722266 0.035648 0.066927
0 0.462269 0.166276 0.105093 0.022656
0 0.633565 0.489193 0.040278 0.059115
0 0.171296 0.714453 0.041667 0.056510
0 0.953009 0.761719 0.049537 0.046875
0 0.235417 0.167578 0.040278 0.056510
0 0.314120 0.344661 0.086574 0.025260
0 0.839583 0.220964 0.044907 0.048698
0 0.871991 0.612891 0.044907 0.046094
0 0.427546 0.622656 0.109722 0.018750
0 0.783565 0.218750 0.043981 0.044271
0 0.707639 0.888672 0.095833 0.019531
0 0.756250 0.129818 0.081944 0.022656
0 0.172917 0.161068 0.081944 0.022656
0 0.672917 0.603776 0.026389 0.069531
0 0.418287 0.291927 0.035648 0.050000
0 0.501157 0.722266 0.034722 0.051302
0 0.703009 0.135026 0.077315 0.022656
0 0.628935 0.110286 0.040278 0.040885
0 0.911343 0.563411 0.040278 0.040885
0 0.758565 0.279557 0.040278 0.040885
0 0.418287 0.848568 0.072685 0.022656
0 0.054861 0.302995 0.031019 0.051302
0 0.811806 0.640234 0.035648 0.043490
0 0.582639 0.081641 0.077315 0.020052
0 0.638194 0.317318 0.040278 0.038281
0 0.874306 0.872005 0.068056 0.022656
0 0.880093 0.842057 0.033333 0.046094
0 0.429861 0.395443 0.123611 0.012240
0 0.582639 0.569922 0.031019 0.048698
0 0.633102 0.838151 0.085648 0.017448
0 0.312500 0.209245 0.074074 0.020052
0 0.321065 0.519141 0.072685 0.020052
0 0.782407 0.443620 0.097222 0.014844
0 0.158565 0.334245 0.071759 0.020052
0 0.528241 0.530599 0.033333 0.042969
0 0.378935 0.667578 0.031019 0.046094
0 0.525926 0.257161 0.084259 0.016927
0 0.135880 0.170833 0.026389 0.052604
0 0.462269 0.508724 0.068056 0.020052
0 0.774769 0.689714 0.035648 0.038281
0 0.277083 0.444922 0.031019 0.043490
0 0.418287 0.465104 0.035648 0.036979
0 0.561343 0.289974 0.025463 0.051302
0 0.529398 0.820312 0.026389 0.049479
0 0.174074 0.250260 0.037963 0.034375
0 0.913657 0.483984 0.026389 0.048698
0 0.094213 0.641536 0.035648 0.035677
0 0.627778 0.764974 0.075000 0.016927
0 0.401620 0.084896 0.076389 0.016146
0 0.046759 0.599870 0.061111 0.020052
0 0.663657 0.477474 0.026389 0.046094
0 0.216898 0.831641 0.058796 0.020052
0 0.825694 0.166276 0.035648 0.033073
0 0.871991 0.330339 0.026389 0.043490
0 0.705324 0.434505 0.026389 0.043490
0 0.138194 0.584245 0.021759 0.051302
0 0.401620 0.192057 0.094907 0.011719
0 0.381250 0.493750 0.026389 0.042188
0 0.218056 0.472266 0.024074 0.046094
0 0.895139 0.806901 0.063426 0.017448
0 0.608102 0.499609 0.063426 0.017448
0 0.784028 0.141536 0.026389 0.040885
0 0.672917 0.110286 0.072685 0.014844
0 0.475694 0.102474 0.030093 0.035677
0 0.665972 0.283464 0.021759 0.048698
0 0.697917 0.148047 0.085648 0.012240
0 0.289815 0.555990 0.028704 0.036458
0 0.830324 0.627865 0.026389 0.039583
0 0.601157 0.554297 0.058796 0.017448
0 0.112731 0.622005 0.026389 0.038281
0 0.615046 0.258724 0.021759 0.046094
0 0.481481 0.366797 0.078704 0.012240
0 0.487731 0.676432 0.081944 0.011719
0 0.760880 0.613281 0.026389 0.036458
0 0.388194 0.869401 0.021759 0.043490
0 0.124306 0.429297 0.077315 0.012240
0 0.240046 0.788672 0.021759 0.043490
0 0.828009 0.849870 0.031019 0.030469
0 0.487269 0.537109 0.062500 0.014323
0 0.052083 0.133073 0.025463 0.034375
0 0.339583 0.475521 0.054167 0.016146
0 0.182176 0.874609 0.026389 0.033073
0 0.554861 0.878516 0.058796 0.014844
0 0.302083 0.434505 0.025463 0.033073
0 0.392824 0.520443 0.068056 0.012240
0 0.814120 0.382422 0.068056 0.012240
0 0.128935 0.088151 0.021759 0.038281
0 0.505787 0.143880 0.016204 0.050781
0 0.322917 0.095703 0.030093 0.027344
0 0.570602 0.648698 0.025463 0.031771
0 0.941435 0.750911 0.026389 0.030469
0 0.098843 0.131120 0.026389 0.030469
0 0.640509 0.289974 0.017130 0.046094
0 0.607639 0.160417 0.071759 0.010937
0 0.821065 0.701172 0.054167 0.014323
0 0.265046 0.127214 0.062500 0.012240
0 0.209491 0.727214 0.025463 0.029948
0 0.181713 0.441016 0.016204 0.046094
0 0.570602 0.172526 0.081019 0.009115
0 0.040509 0.021745 0.048611 0.014844
0 0.735417 0.122005 0.058796 0.012240
0 0.443750 0.252214 0.058796 0.012240
0 0.415972 0.869401 0.021759 0.033073
0 0.242361 0.487891 0.017130 0.040885
0 0.362269 0.230078 0.071759 0.009635
0 0.870139 0.733724 0.057870 0.011719
0 0.255787 0.873307 0.016204 0.040885
0 0.483102 0.836849 0.044907 0.014844
0 0.203009 0.136328 0.021759 0.030469
0 0.029398 0.684245 0.054167 0.011719
0 0.088426 0.585547 0.051852 0.012240
0 0.631250 0.610286 0.063426 0.009635
0 0.682176 0.201432 0.063426 0.009635
0 0.265509 0.847266 0.063426 0.009635
0 0.589583 0.909766 0.063426 0.009635
0 0.540509 0.614193 0.048611 0.012240
0 0.357639 0.396745 0.016204 0.035677
0 0.473380 0.852214 0.062500 0.009115
0 0.832639 0.138672 0.021759 0.024740
0 0.464120 0.278255 0.016204 0.033073
0 0.307176 0.110677 0.017130 0.031250
0 0.167130 0.594661 0.014815 0.035677
0 0.233102 0.625911 0.054167 0.009635
0 0.895139 0.159766 0.054167 0.009635
0 0.774769 0.201432 0.017130 0.030469
0 0.101157 0.734635 0.021759 0.023958
0 0.302083 0.482682 0.053241 0.009635
0 0.321065 0.695964 0.054167 0.009115
0 0.743519 0.168880 0.037963 0.012240
0 0.464583 0.813411 0.017130 0.025260
0 0.876620 0.744141 0.063426 0.006510
0 0.556019 0.231120 0.042593 0.006510
0 0.073380 0.983724 0.040278 0.006510
0 0.584954 0.994401 0.026389 0.007031
