0 0.152083 0.141536 0.179167 0.025260
0 0.226157 0.660417 0.142130 0.031771
0 0.216898 0.837891 0.049537 0.089844
0 0.200231 0.647396 0.127315 0.031771
0 0.455324 0.824479 0.044907 0.083854
0 0.265509 0.817318 0.054167 0.069531
0 0.325694 0.335547 0.063426 0.059115
0 0.146296 0.485026 0.056481 0.055990
0 0.628472 0.210547 0.094907 0.033073
0 0.216898 0.892578 0.058796 0.053385
0 0.396296 0.812760 0.056481 0.055208
0 0.043287 0.646484 0.054167 0.055990
0 0.075694 0.552995 0.091204 0.030469
0 0.238194 0.110286 0.108796 0.025260
0 0.589583 0.388672 0.091204 0.029948
0 0.330324 0.627214 0.091204 0.027865
0 0.255787 0.862891 0.043981 0.056510
0 0.503935 0.482682 0.095833 0.025260
0 0.478472 0.318620 0.035648 0.066927
0 0.501620 0.835547 0.081944 0.027865
0 0.098843 0.454036 0.146759 0.014844
0 0.087269 0.735286 0.031019 0.066927
0 0.665972 0.743099 0.040278 0.051302
0 0.192593 0.692318 0.047222 0.043490
0 0.860417 0.845313 0.095833 0.021354
0 0.607639 0.188411 0.081019 0.025260
0 0.402083 0.520443 0.086574 0.022656
0 0.485417 0.507422 0.040278 0.048698
0 0.142824 0.680599 0.077315 0.025260
0 0.054398 0.296484 0.039352 0.048698
0 0.350694 0.343359 0.039352 0.048698
0 0.633565 0.740495 0.040278 0.046094
0 0.848380 0.718099 0.034722 0.053385
0 0.871528 0.413021 0.043981 0.042188
0 0.483102 0.615495 0.072685 0.025260
0 0.924769 0.706641 0.039352 0.046094
0 0.486574 0.402604 0.042593 0.042188
0 0.265509 0.592057 0.118981 0.014844
0 0.189120 0.318620 0.031019 0.056510
0 0.490046 0.773047 0.077315 0.022656
0 0.462269 0.723568 0.077315 0.022656
0 0.337269 0.732422 0.031019 0.055990
0 0.170602 0.633724 0.114352 0.014844
0 0.550231 0.754818 0.031019 0.053906
0 0.020833 0.851172 0.027778 0.059115
0 0.855787 0.250911 0.040278 0.040885
0 0.508102 0.299089 0.030093 0.053906
0 0.510880 0.218750 0.035648 0.044271
0 0.175231 0.357682 0.105093 0.014844
0 0.346528 0.305599 0.077315 0.020052
0 0.612731 0.309505 0.035648 0.043490
0 0.378935 0.598568 0.068056 0.022656
0 0.855787 0.825130 0.040278 0.038281
0 0.578009 0.697266 0.040278 0.037760
0 0.304861 0.832943 0.031019 0.048698
0 0.584954 0.551693 0.081944 0.017448
0 0.883565 0.266797 0.031019 0.045573
0 0.561806 0.902995 0.081944 0.016927
0 0.947917 0.875911 0.030093 0.046094
0 0.126620 0.869401 0.035648 0.038281
0 0.466898 0.185807 0.068056 0.020052
0 0.325694 0.278255 0.035648 0.038281
0 0.075694 0.372005 0.035648 0.038281
0 0.236111 0.615495 0.064815 0.020052
0 0.818750 0.784766 0.086574 0.014844
0 0.404398 0.398047 0.072685 0.017448
0 0.330324 0.510677 0.026389 0.047396
0 0.561343 0.137630 0.071759 0.017448
0 0.478472 0.108724 0.072685 0.016927
0 0.236574 0.267839 0.070370 0.017448
0 0.436343 0.612240 0.034722 0.034375
0 0.190278 0.402995 0.070370 0.016927
0 0.328009 0.791276 0.031019 0.038281
0 0.628935 0.374609 0.031019 0.038281
0 0.642824 0.111589 0.068056 0.017448
0 0.888194 0.293880 0.068056 0.017448
0 0.471528 0.161068 0.031019 0.038281
0 0.290509 0.123307 0.057870 0.020052
0 0.913657 0.255078 0.035648 0.032552
0 0.703009 0.324870 0.068056 0.016927
0 0.114583 0.909766 0.076389 0.014844
0 0.105787 0.503516 0.021759 0.051302
0 0.508565 0.805599 0.031019 0.035677
0 0.101157 0.696224 0.031019 0.035677
0 0.790972 0.560547 0.031019 0.035156
0 0.242361 0.230078 0.026389 0.040885
0 0.050231 0.760026 0.021759 0.048698
0 0.661343 0.778255 0.086574 0.012240
0 0.494676 0.741797 0.086574 0.012240
0 0.540972 0.437109 0.058796 0.017448
0 0.762037 0.388932 0.028704 0.035677
0 0.728472 0.676042 0.063426 0.016146
0 0.684491 0.917578 0.068056 0.014844
0 0.307176 0.728776 0.026389 0.038281
0 0.391667 0.456641 0.102778 0.009635
0 0.240046 0.727214 0.021759 0.045573
0 0.323380 0.419922 0.021759 0.045573
0 0.647454 0.127214 0.077315 0.012240
0 0.265509 0.293880 0.054167 0.017448
0 0.922917 0.793880 0.054167 0.017448
0 0.353472 0.618099 0.063426 0.014844
0 0.612731 0.412370 0.063426 0.014844
0 0.823380 0.608724 0.021759 0.042969
0 0.068750 0.488932 0.021759 0.042969
0 0.749306 0.356120 0.077315 0.011719
0 0.758565 0.926432 0.077315 0.011719
0 0.079167 0.167578 0.061111 0.014844
0 0.830324 0.411719 0.026389 0.034375
0 0.315972 0.886068 0.062500 0.014323
0 0.064120 0.592057 0.021759 0.040885
0 0.795602 0.331641 0.021759 0.040885
0 0.899769 0.911068 0.072685 0.012240
0 0.797917 0.248307 0.017130 0.051302
0 0.411343 0.309505 0.068056 0.012240
0 0.830324 0.805599 0.026389 0.030469
0 0.015509 0.149349 0.026389 0.030469
0 0.728472 0.112891 0.054167 0.014844
0 0.859259 0.329036 0.019444 0.040885
0 0.640509 0.638932 0.081944 0.009635
0 0.140046 0.550391 0.053241 0.014844
0 0.077546 0.306641 0.020833 0.037760
0 0.103009 0.736328 0.016204 0.048177
0 0.158565 0.118099 0.081019 0.009635
0 0.746991 0.197526 0.063426 0.012240
0 0.330324 0.202734 0.063426 0.012240
0 0.319907 0.248307 0.051852 0.014844
0 0.653935 0.140234 0.062500 0.012240
0 0.057176 0.200130 0.017130 0.043490
0 0.763194 0.617448 0.021759 0.034375
0 0.818750 0.349219 0.021759 0.034375
0 0.807176 0.395182 0.017130 0.042969
0 0.723843 0.416276 0.026389 0.027865
0 0.628935 0.416276 0.058796 0.012240
0 0.737731 0.829036 0.017130 0.040885
0 0.020139 0.287370 0.017130 0.040885
0 0.510880 0.625911 0.072685 0.009635
0 0.677546 0.813151 0.017130 0.040365
0 0.468750 0.118099 0.071759 0.009635
0 0.899769 0.636068 0.017130 0.040365
0 0.921759 0.763021 0.051852 0.013021
0 0.038657 0.169922 0.026389 0.024740
0 0.582639 0.534115 0.077315 0.008333
0 0.432176 0.285807 0.054167 0.011719
0 0.075694 0.766276 0.017130 0.035156
0 0.156250 0.529557 0.057870 0.009635
0 0.851157 0.386068 0.021759 0.024740
0 0.056713 0.431641 0.016204 0.032552
0 0.339583 0.412370 0.017130 0.030469
0 0.333796 0.166276 0.014815 0.033073
0 0.929861 0.590755 0.012500 0.038281
0 0.580324 0.426693 0.063426 0.007031
0 0.494213 0.218359 0.011574 0.038281
0 0.450694 0.785807 0.063426 0.006510
0 0.707176 0.815755 0.011574 0.035156
0 0.425231 0.331641 0.040278 0.009635
0 0.939120 0.630859 0.012500 0.029948
0 0.068287 0.406250 0.011574 0.026042
