0 0.362731 0.983333 0.156019 0.031771
0 0.847685 0.761328 0.125926 0.035677
0 0.443287 0.582943 0.057870 0.064323
0 0.029398 0.035156 0.054167 0.067708
0 0.360417 0.489844 0.058796 0.060417
0 0.396296 0.273047 0.056481 0.059115
0 0.096065 0.016536 0.104167 0.030469
0 0.705324 0.541276 0.044907 0.059115
0 0.624306 0.459245 0.049537 0.051302
0 0.918287 0.579036 0.100463 0.025260
0 0.642824 0.123307 0.095833 0.025260
0 0.277083 0.744401 0.086574 0.027865
0 0.554861 0.365234 0.049537 0.045573
0 0.441435 0.453125 0.044907 0.049479
0 0.196065 0.528255 0.044907 0.048698
0 0.825694 0.364193 0.091204 0.022656
0 0.652083 0.163672 0.040278 0.048698
0 0.837269 0.523047 0.040278 0.048698
0 0.642824 0.683203 0.077315 0.025260
0 0.749306 0.219661 0.077315 0.025260
0 0.189120 0.422786 0.095833 0.020052
0 0.837269 0.466406 0.040278 0.047396
0 0.466435 0.762370 0.085648 0.022135
0 0.971528 0.653255 0.040278 0.043490
0 0.624306 0.667578 0.086574 0.020052
0 0.665972 0.279297 0.086574 0.019531
0 0.977315 0.578385 0.042593 0.039583
0 0.396991 0.454688 0.039352 0.042188
0 0.360417 0.613542 0.077315 0.021354
0 0.691435 0.607682 0.081944 0.020052
0 0.953009 0.159505 0.040278 0.040365
0 0.690972 0.646745 0.034722 0.046094
0 0.330324 0.510026 0.026389 0.059115
0 0.436343 0.704688 0.071759 0.021354
0 0.897454 0.325130 0.031019 0.048698
0 0.358102 0.389583 0.035648 0.042188
0 0.509259 0.531510 0.078704 0.018750
0 0.871991 0.608984 0.081944 0.017448
0 0.582176 0.318620 0.039352 0.035677
0 0.119213 0.597005 0.030093 0.045573
0 0.564120 0.289974 0.068056 0.020052
0 0.295602 0.680599 0.068056 0.020052
0 0.969213 0.114193 0.035648 0.038281
0 0.740046 0.388672 0.068056 0.019531
0 0.786343 0.162370 0.086574 0.014844
0 0.911343 0.724870 0.086574 0.014844
0 0.388194 0.885677 0.031019 0.041146
0 0.733102 0.714453 0.063426 0.020052
0 0.277083 0.404557 0.021759 0.056510
0 0.483102 0.749609 0.100463 0.012240
0 0.328009 0.370443 0.021759 0.055990
0 0.927083 0.807943 0.062500 0.019531
0 0.256250 0.704036 0.026389 0.046094
0 0.520139 0.146745 0.081944 0.014844
0 0.834954 0.388932 0.026389 0.046094
0 0.580324 0.989844 0.063426 0.018750
0 0.360417 0.322526 0.031019 0.038281
0 0.455324 0.541927 0.026389 0.044792
0 0.153241 0.451432 0.079630 0.014844
0 0.910880 0.870703 0.020833 0.056510
0 0.273611 0.783464 0.024074 0.048698
0 0.781713 0.324870 0.031019 0.037760
0 0.866898 0.617839 0.081019 0.014323
0 0.318750 0.564453 0.068056 0.016927
0 0.584954 0.174089 0.026389 0.043490
0 0.637731 0.545182 0.076389 0.014844
0 0.800231 0.110677 0.031019 0.036458
0 0.778935 0.423828 0.034722 0.032552
0 0.534028 0.567318 0.063426 0.017448
0 0.739583 0.537760 0.030093 0.036458
0 0.228009 0.819922 0.062500 0.017448
0 0.223843 0.839453 0.072685 0.014844
0 0.890509 0.414714 0.026389 0.040365
0 0.596528 0.812109 0.086574 0.012240
0 0.200231 0.646745 0.025463 0.040885
0 0.273148 0.831641 0.069444 0.014844
0 0.508565 0.382161 0.086574 0.011719
0 0.313657 0.608984 0.020833 0.048698
0 0.427546 0.387630 0.026389 0.038281
0 0.675231 0.711849 0.068056 0.014844
0 0.540972 0.748307 0.021759 0.046094
0 0.712269 0.642188 0.031019 0.031771
0 0.488889 0.704036 0.065741 0.014844
0 0.133565 0.494792 0.021759 0.044271
0 0.737731 0.426432 0.081944 0.011719
0 0.332639 0.645443 0.077315 0.012240
0 0.309491 0.228776 0.021759 0.043490
0 0.439120 0.825130 0.021759 0.043490
0 0.397454 0.142839 0.021759 0.043490
0 0.677546 0.335547 0.054167 0.017448
0 0.580324 0.693620 0.026389 0.035677
0 0.307176 0.493099 0.026389 0.035677
0 0.714583 0.182943 0.026389 0.035156
0 0.121528 0.327734 0.053241 0.017448
0 0.447917 0.897786 0.076389 0.011719
0 0.341898 0.141536 0.021759 0.040885
0 0.705324 0.491797 0.072685 0.012240
0 0.867361 0.858984 0.026389 0.033073
0 0.739583 0.154557 0.057870 0.014844
0 0.765509 0.608724 0.026389 0.032552
0 0.937500 0.279557 0.027778 0.030469
0 0.554398 0.260026 0.030093 0.027865
0 0.841898 0.228776 0.021759 0.038281
0 0.350000 0.369792 0.028704 0.028646
0 0.454861 0.342057 0.053241 0.014844
0 0.913657 0.185156 0.091204 0.008333
0 0.763194 0.300391 0.077315 0.009635
0 0.663194 0.582682 0.062500 0.011719
0 0.545602 0.913672 0.021759 0.033073
0 0.228009 0.629818 0.025463 0.027865
0 0.802083 0.437109 0.016204 0.043490
0 0.686806 0.592057 0.072685 0.009635
0 0.259722 0.637630 0.024074 0.027865
0 0.425231 0.566016 0.021759 0.030469
0 0.415509 0.524349 0.067130 0.009635
0 0.098380 0.353776 0.016204 0.038281
0 0.723380 0.728776 0.016204 0.038281
0 0.422917 0.920182 0.063426 0.009635
0 0.934491 0.481380 0.049537 0.012240
0 0.968056 0.552995 0.061111 0.009635
0 0.858102 0.729818 0.063426 0.009115
0 0.297454 0.331641 0.016204 0.035677
0 0.256250 0.314714 0.044907 0.012240
0 0.940278 0.088151 0.042593 0.012240
0 0.690972 0.289974 0.053241 0.009635
0 0.895139 0.440755 0.054167 0.009115
0 0.972685 0.456380 0.051852 0.009115
0 0.631250 0.151953 0.044907 0.009635
0 0.609259 0.789714 0.047222 0.009115
0 0.809491 0.338151 0.012500 0.033073
0 0.140509 0.173437 0.017130 0.022917
0 0.638194 0.036068 0.031019 0.007031
0 0.993519 0.383724 0.010185 0.014844
0 0.995833 0.229818 0.005556 0.019531
0 0.995833 0.775651 0.005556 0.012240
