0 0.378935 0.829036 0.058796 0.092969
0 0.334954 0.585547 0.063426 0.064323
0 0.434491 0.131120 0.114352 0.035677
0 0.763194 0.358073 0.114352 0.031250
0 0.847685 0.245443 0.042593 0.071615
0 0.450694 0.188411 0.091204 0.030469
0 0.251620 0.670182 0.054167 0.051302
0 0.589120 0.698828 0.090278 0.030469
0 0.700231 0.890234 0.118056 0.022656
0 0.837269 0.830339 0.095833 0.027865
0 0.457639 0.817318 0.114352 0.022656
0 0.302546 0.795182 0.035648 0.072135
0 0.179861 0.564453 0.040278 0.063802
0 0.547917 0.654557 0.044907 0.056510
0 0.235417 0.294922 0.049537 0.050781
0 0.234954 0.821224 0.039352 0.061719
0 0.219213 0.726172 0.044907 0.053906
0 0.133565 0.887630 0.049537 0.048698
0 0.596528 0.864193 0.086574 0.027865
0 0.121528 0.520443 0.043981 0.053906
0 0.174769 0.286068 0.048611 0.048698
0 0.883565 0.338151 0.132870 0.017448
0 0.311343 0.709245 0.043981 0.051302
0 0.212269 0.112240 0.049537 0.044792
0 0.392824 0.763932 0.086574 0.025260
0 0.927546 0.177995 0.044907 0.046094
0 0.959954 0.396745 0.044907 0.046094
0 0.402083 0.852214 0.040278 0.050781
0 0.424769 0.496354 0.076389 0.026562
0 0.682176 0.687760 0.044907 0.044792
0 0.033565 0.649089 0.025463 0.076823
0 0.668287 0.840755 0.044907 0.043490
0 0.682176 0.291276 0.035648 0.053906
0 0.040972 0.258724 0.031019 0.061719
0 0.101157 0.353125 0.086574 0.021354
0 0.353472 0.352474 0.072685 0.025260
0 0.376620 0.474870 0.072685 0.025260
0 0.561806 0.555599 0.044907 0.040885
0 0.120833 0.476172 0.079630 0.022656
0 0.082176 0.523047 0.030093 0.059115
0 0.144676 0.792578 0.034722 0.051302
0 0.621991 0.567318 0.035648 0.048698
0 0.353472 0.499609 0.072685 0.022656
0 0.774769 0.677995 0.035648 0.046094
0 0.205324 0.576432 0.035648 0.046094
0 0.186806 0.233984 0.035648 0.043490
0 0.517824 0.608984 0.040278 0.038281
0 0.369676 0.640234 0.040278 0.038281
0 0.922454 0.507812 0.034722 0.044271
0 0.747685 0.769141 0.101852 0.014844
0 0.399769 0.375911 0.100463 0.014844
0 0.752778 0.122005 0.065741 0.022656
0 0.932176 0.578385 0.026389 0.055208
0 0.682176 0.706641 0.035648 0.040885
0 0.146296 0.512370 0.065741 0.022135
0 0.285185 0.366797 0.037963 0.038281
0 0.383565 0.542578 0.031019 0.046094
0 0.691435 0.239193 0.081944 0.017448
0 0.848843 0.793620 0.063426 0.022135
0 0.957176 0.232682 0.039352 0.035677
0 0.057176 0.485938 0.026389 0.052604
0 0.554861 0.784766 0.068056 0.020052
0 0.064120 0.305339 0.068056 0.019531
0 0.443750 0.703385 0.068056 0.018750
0 0.927546 0.771745 0.063426 0.020052
0 0.448380 0.750911 0.031019 0.040885
0 0.140509 0.348568 0.072685 0.017448
0 0.740741 0.503255 0.087963 0.014323
0 0.797454 0.097266 0.062500 0.020052
0 0.197222 0.452474 0.028704 0.042969
0 0.918287 0.489844 0.035648 0.034375
0 0.420602 0.814714 0.021759 0.053906
0 0.874306 0.301432 0.031019 0.037760
0 0.610417 0.912370 0.077315 0.014844
0 0.871991 0.851172 0.026389 0.043490
0 0.061806 0.233984 0.026389 0.043490
0 0.601157 0.406901 0.058796 0.019531
0 0.714120 0.322526 0.034722 0.033073
0 0.415972 0.543229 0.031019 0.036979
0 0.473843 0.223568 0.091204 0.012240
0 0.638194 0.428646 0.068056 0.016146
0 0.686343 0.901953 0.071759 0.014844
0 0.903935 0.664974 0.071759 0.014844
0 0.277083 0.465755 0.086574 0.012240
0 0.809491 0.796224 0.021759 0.048177
0 0.865046 0.768229 0.031019 0.033854
0 0.463426 0.362891 0.070370 0.014844
0 0.337269 0.692318 0.058796 0.017448
0 0.578009 0.300391 0.068056 0.014844
0 0.473843 0.473568 0.026389 0.038281
0 0.799769 0.112891 0.067130 0.014844
0 0.495833 0.795182 0.024074 0.040885
0 0.855787 0.599219 0.021759 0.044792
0 0.193750 0.136068 0.068056 0.014323
0 0.344213 0.849870 0.100463 0.009635
0 0.300231 0.404948 0.031019 0.031250
0 0.559491 0.491797 0.021759 0.043490
0 0.318750 0.116797 0.021759 0.043490
0 0.279398 0.590755 0.054167 0.017448
0 0.117361 0.314714 0.054167 0.017448
0 0.422917 0.717057 0.063426 0.014844
0 0.631250 0.347266 0.026389 0.035677
0 0.790972 0.293620 0.021759 0.042969
0 0.215046 0.161068 0.053241 0.017448
0 0.358565 0.144141 0.062500 0.014844
0 0.337269 0.217708 0.021759 0.042188
0 0.387037 0.105078 0.065741 0.013802
0 0.222685 0.362891 0.061111 0.014844
0 0.233102 0.181901 0.072685 0.012240
0 0.462269 0.625911 0.021759 0.040885
0 0.159028 0.494401 0.026389 0.033073
0 0.724537 0.369141 0.074074 0.011719
0 0.796759 0.620703 0.024074 0.035677
0 0.450694 0.521094 0.063426 0.013542
0 0.207639 0.668229 0.077315 0.010937
0 0.045602 0.520443 0.021759 0.038281
0 0.888194 0.767839 0.021759 0.038281
0 0.647454 0.720964 0.021759 0.038281
0 0.108102 0.102474 0.054167 0.014844
0 0.061806 0.607682 0.026389 0.030469
0 0.973843 0.154557 0.026389 0.030469
0 0.635417 0.616797 0.016204 0.048698
0 0.107639 0.705339 0.016204 0.048698
0 0.767361 0.866536 0.067130 0.011719
0 0.290972 0.641536 0.021759 0.035677
0 0.874306 0.521745 0.021759 0.035677
0 0.394676 0.273047 0.062500 0.012240
0 0.605787 0.464453 0.077315 0.009635
0 0.723843 0.293880 0.026389 0.027865
0 0.939120 0.675391 0.049537 0.014844
0 0.448380 0.929297 0.058796 0.012240
0 0.252778 0.506510 0.019444 0.036458
0 0.112731 0.657161 0.017130 0.040885
0 0.917824 0.454688 0.016204 0.042188
0 0.179861 0.196615 0.021759 0.031250
0 0.093750 0.691016 0.016204 0.040885
0 0.737731 0.131120 0.044907 0.014844
0 0.735417 0.589453 0.021759 0.030469
0 0.881250 0.629818 0.017130 0.038281
0 0.330324 0.661068 0.017130 0.038281
0 0.686806 0.759375 0.017130 0.036979
0 0.395139 0.703385 0.026389 0.023958
0 0.510880 0.386328 0.017130 0.035677
0 0.728472 0.099870 0.063426 0.009635
0 0.668287 0.467057 0.063426 0.009635
0 0.126620 0.172786 0.063426 0.009635
0 0.330324 0.784766 0.017130 0.035677
0 0.205324 0.821224 0.017130 0.035677
0 0.170602 0.403255 0.021759 0.027865
0 0.565972 0.430990 0.016204 0.036458
0 0.245833 0.537370 0.061111 0.009635
0 0.071065 0.667318 0.063426 0.009115
0 0.080324 0.266276 0.063426 0.009115
0 0.603472 0.361589 0.017130 0.033073
0 0.284028 0.288672 0.017130 0.033073
0 0.381250 0.517839 0.044907 0.012240
0 0.233102 0.546224 0.054167 0.006510
0 0.472222 0.997656 0.032407 0.003125
