0 0.760880 0.140885 0.100463 0.102083
0 0.589583 0.675391 0.118981 0.040885
0 0.355787 0.072526 0.058796 0.064323
0 0.485417 0.504818 0.058796 0.064323
0 0.621991 0.817969 0.118981 0.029167
0 0.700694 0.503516 0.044907 0.066927
0 0.098380 0.863542 0.108796 0.026562
0 0.225694 0.389583 0.039352 0.068229
0 0.945602 0.155599 0.043981 0.058594
0 0.311343 0.512630 0.034722 0.069531
0 0.737731 0.597266 0.035648 0.066927
0 0.152083 0.178646 0.049537 0.047396
0 0.584954 0.375911 0.091204 0.025260
0 0.191435 0.868099 0.109722 0.020052
0 0.309491 0.071875 0.040278 0.052604
0 0.427546 0.568620 0.081944 0.025260
0 0.357639 0.463151 0.034722 0.059115
0 0.603472 0.280599 0.091204 0.022135
0 0.258565 0.478516 0.031019 0.063802
0 0.434491 0.407161 0.123611 0.014844
0 0.198380 0.270443 0.031019 0.059115
0 0.202546 0.075130 0.039352 0.043490
0 0.399769 0.444922 0.026389 0.059115
0 0.405556 0.608724 0.028704 0.053385
0 0.337269 0.090755 0.021759 0.064323
0 0.128935 0.097266 0.021759 0.061719
0 0.595370 0.556901 0.102778 0.012240
0 0.133565 0.316667 0.021759 0.057813
0 0.445602 0.418880 0.071759 0.017448
0 0.237731 0.788021 0.109722 0.010937
0 0.082639 0.760026 0.068056 0.017448
0 0.626620 0.531510 0.081944 0.013542
0 0.267361 0.070964 0.076389 0.014323
0 0.425231 0.338151 0.086574 0.012240
0 0.091435 0.123047 0.020833 0.045573
0 0.108102 0.227474 0.017130 0.046094
0 0.279398 0.558203 0.017130 0.046094
0 0.646991 0.058203 0.048611 0.014844
0 0.596528 0.228776 0.058796 0.012240
0 0.647454 0.037370 0.049537 0.009635
