0 0.949537 0.124609 0.098148 0.095573
0 0.906713 0.826432 0.142130 0.046094
0 0.096528 0.982031 0.188426 0.034375
0 0.371991 0.877214 0.063426 0.074740
0 0.131250 0.862891 0.118981 0.035677
0 0.219213 0.688411 0.109722 0.035677
0 0.185648 0.328385 0.107407 0.034375
0 0.834954 0.661068 0.054167 0.059115
0 0.911343 0.226172 0.058796 0.053906
0 0.839120 0.167578 0.099537 0.030469
0 0.984259 0.670182 0.028704 0.098177
0 0.935648 0.840495 0.125926 0.022135
0 0.894676 0.323828 0.108796 0.025260
0 0.258565 0.302344 0.040278 0.065625
0 0.214583 0.414974 0.044907 0.056510
0 0.662500 0.413672 0.042593 0.059115
0 0.233102 0.750911 0.035648 0.061719
0 0.499306 0.545182 0.086574 0.025260
0 0.977315 0.242839 0.042593 0.050781
0 0.293287 0.387630 0.035648 0.059115
0 0.721528 0.248958 0.077315 0.026562
0 0.114583 0.148047 0.085648 0.022656
0 0.311806 0.310807 0.026389 0.072135
0 0.468750 0.559505 0.108796 0.017448
0 0.596528 0.568620 0.086574 0.020052
0 0.809028 0.105078 0.085648 0.020052
0 0.693750 0.316016 0.031019 0.046094
0 0.228009 0.569922 0.025463 0.053906
0 0.376620 0.472266 0.026389 0.051302
0 0.383565 0.159766 0.021759 0.061719
0 0.707639 0.164714 0.021759 0.061198
0 0.834954 0.858333 0.026389 0.050000
0 0.788657 0.896745 0.081944 0.014844
0 0.181713 0.888932 0.071759 0.014844
0 0.547917 0.861589 0.017130 0.059115
0 0.558333 0.892839 0.075000 0.012240
0 0.608102 0.179036 0.054167 0.016927
0 0.135880 0.461849 0.017130 0.051302
0 0.104167 0.312760 0.018519 0.039583
0 0.409028 0.753516 0.017130 0.040885
0 0.242361 0.073828 0.072685 0.009635
