0 0.446065 0.146745 0.165278 0.040885
0 0.751620 0.741797 0.146759 0.038281
0 0.133565 0.222917 0.058796 0.094271
0 0.281713 0.590104 0.132870 0.036979
0 0.646991 0.192969 0.131944 0.034375
0 0.677546 0.767839 0.156019 0.027865
0 0.918287 0.556901 0.063426 0.059115
0 0.571065 0.516536 0.054167 0.066927
0 0.550231 0.684505 0.105093 0.033073
0 0.480324 0.328776 0.057870 0.055990
0 0.216898 0.618099 0.105093 0.030469
0 0.156713 0.180599 0.095833 0.030469
0 0.786343 0.097266 0.095833 0.030469
0 0.337269 0.521745 0.114352 0.025260
0 0.744676 0.436458 0.105093 0.026562
0 0.418287 0.761328 0.054167 0.051302
0 0.108102 0.516276 0.054167 0.050781
0 0.708796 0.560807 0.051852 0.051302
0 0.765509 0.396484 0.044907 0.055990
0 0.787500 0.476172 0.088889 0.027865
0 0.777778 0.447526 0.087963 0.027865
0 0.716898 0.358333 0.049537 0.047396
0 0.774769 0.263932 0.044907 0.051302
0 0.895139 0.318620 0.044907 0.051302
0 0.108102 0.642839 0.035648 0.064323
0 0.547917 0.390885 0.044907 0.050000
0 0.777083 0.321224 0.086574 0.025260
0 0.813657 0.413672 0.094907 0.022656
0 0.286343 0.362891 0.040278 0.051302
0 0.525463 0.185807 0.092593 0.020052
0 0.721528 0.175391 0.040278 0.046094
0 0.885880 0.181901 0.026389 0.069531
0 0.904398 0.727474 0.035648 0.051302
0 0.946065 0.310807 0.035648 0.051302
0 0.328704 0.200130 0.078704 0.022656
0 0.457639 0.378516 0.031019 0.056510
0 0.933333 0.232422 0.037963 0.045573
0 0.313657 0.733984 0.039352 0.043490
0 0.429861 0.154557 0.114352 0.014844
0 0.200694 0.408464 0.072685 0.022656
0 0.126620 0.153255 0.072685 0.022656
0 0.321065 0.138672 0.081944 0.019531
0 0.631250 0.232031 0.035648 0.044792
0 0.814120 0.513281 0.040278 0.039583
0 0.633565 0.459245 0.077315 0.020052
0 0.082639 0.196224 0.077315 0.020052
0 0.881250 0.166016 0.091204 0.016927
0 0.153241 0.644141 0.033333 0.046094
0 0.281250 0.836849 0.076389 0.020052
0 0.535880 0.478776 0.067130 0.022656
0 0.226157 0.799089 0.086574 0.017448
0 0.524306 0.313411 0.099537 0.014844
0 0.647454 0.774349 0.095833 0.014844
0 0.733102 0.700130 0.026389 0.053906
0 0.633565 0.159766 0.095833 0.014844
0 0.920602 0.480078 0.095833 0.014844
0 0.524769 0.267839 0.026389 0.053906
0 0.404398 0.239193 0.035648 0.038281
0 0.450694 0.770443 0.035648 0.038281
0 0.098843 0.181901 0.035648 0.038281
0 0.689120 0.673828 0.031019 0.042969
0 0.313657 0.892839 0.030093 0.043490
0 0.858102 0.664974 0.063426 0.020052
0 0.191435 0.090755 0.072685 0.017448
0 0.084491 0.217057 0.062500 0.020052
0 0.536343 0.207292 0.077315 0.016146
0 0.770139 0.204036 0.081944 0.014844
0 0.691435 0.355078 0.026389 0.046094
0 0.811806 0.368099 0.026389 0.046094
0 0.885880 0.250260 0.063426 0.018750
0 0.774769 0.469010 0.063426 0.018750
0 0.828009 0.273047 0.031019 0.038281
0 0.642361 0.719010 0.085648 0.013542
0 0.582176 0.300391 0.057870 0.020052
0 0.531250 0.467057 0.057870 0.020052
0 0.865046 0.311198 0.021759 0.052083
0 0.434028 0.691016 0.076389 0.014844
0 0.586111 0.347266 0.075000 0.014844
0 0.519676 0.616797 0.090278 0.012240
0 0.448380 0.657161 0.031019 0.035677
0 0.601157 0.375911 0.031019 0.035677
0 0.153935 0.420833 0.034722 0.031771
0 0.947222 0.632422 0.028704 0.038281
0 0.515509 0.407161 0.072685 0.014844
0 0.848843 0.754557 0.091204 0.011719
0 0.917824 0.396745 0.071759 0.014844
0 0.600000 0.262630 0.019444 0.053906
0 0.152083 0.246745 0.021759 0.048177
0 0.647454 0.569922 0.031019 0.033073
0 0.691435 0.304297 0.026389 0.038281
0 0.943750 0.420182 0.068056 0.014844
0 0.608102 0.207943 0.081944 0.012240
0 0.311806 0.697526 0.081944 0.012240
0 0.406713 0.823828 0.021759 0.046094
0 0.663657 0.174089 0.081944 0.012240
0 0.633565 0.787109 0.068056 0.014323
0 0.859954 0.209245 0.020833 0.046094
0 0.832639 0.322526 0.021759 0.043490
0 0.253935 0.153255 0.021759 0.043490
0 0.115046 0.413672 0.021759 0.043490
0 0.390509 0.718359 0.054167 0.017448
0 0.557176 0.532161 0.026389 0.035677
0 0.205324 0.110286 0.063426 0.014844
0 0.760880 0.495703 0.063426 0.014844
0 0.749306 0.231120 0.021759 0.042969
0 0.900926 0.191667 0.028704 0.031771
0 0.116204 0.280859 0.051852 0.017448
0 0.542824 0.335286 0.053241 0.016927
0 0.036343 0.493099 0.021759 0.040885
0 0.307176 0.127214 0.072685 0.012240
0 0.473843 0.457943 0.072685 0.012240
0 0.909028 0.436458 0.054167 0.016146
0 0.531250 0.115495 0.057870 0.014844
0 0.911343 0.781901 0.058796 0.014323
0 0.043287 0.379818 0.017130 0.048698
0 0.128935 0.226172 0.021759 0.038281
0 0.654398 0.292318 0.017130 0.045573
0 0.781713 0.305599 0.021759 0.035677
0 0.209954 0.262630 0.063426 0.012240
0 0.536343 0.511068 0.021759 0.035156
0 0.267824 0.753255 0.021759 0.035156
0 0.393519 0.571224 0.078704 0.009635
0 0.141667 0.496354 0.028704 0.026562
0 0.227315 0.210547 0.061111 0.012240
0 0.677546 0.233984 0.017130 0.043490
0 0.837269 0.187500 0.021759 0.033854
0 0.411343 0.901953 0.049537 0.014844
0 0.232639 0.460286 0.062500 0.011719
0 0.911343 0.226172 0.021759 0.033073
0 0.656713 0.330339 0.021759 0.033073
0 0.211111 0.172526 0.075000 0.009115
0 0.862731 0.075130 0.054167 0.012240
0 0.911343 0.308203 0.021759 0.030469
0 0.763194 0.297786 0.021759 0.030469
0 0.983102 0.780208 0.017130 0.036979
0 0.620833 0.728776 0.051852 0.012240
0 0.825694 0.076172 0.063426 0.009115
0 0.200694 0.159505 0.063426 0.009115
0 0.816435 0.608984 0.017130 0.033073
0 0.665509 0.532161 0.057870 0.009635
0 0.557176 0.286068 0.044907 0.012240
0 0.746528 0.348568 0.016204 0.033073
0 0.931713 0.303385 0.016204 0.031250
0 0.146991 0.145443 0.039352 0.012240
0 0.194444 0.391276 0.050926 0.009115
0 0.332176 0.652995 0.067130 0.006510
0 0.489583 0.266536 0.030093 0.009635
