0 0.631944 0.767188 0.138889 0.042188
0 0.050231 0.329036 0.058796 0.098177
0 0.767824 0.496094 0.123611 0.036458
0 0.619676 0.684505 0.123611 0.033073
0 0.922917 0.019792 0.151389 0.026562
0 0.387731 0.900651 0.113426 0.033073
0 0.797917 0.364193 0.109722 0.033073
0 0.693750 0.390234 0.058796 0.059115
0 0.777083 0.444922 0.058796 0.053906
0 0.399769 0.832682 0.044907 0.069010
0 0.230787 0.656901 0.123611 0.024740
0 0.740046 0.547786 0.049537 0.056510
0 0.652083 0.388932 0.049537 0.056510
0 0.436806 0.464453 0.044907 0.061719
0 0.941435 0.310547 0.044907 0.061198
0 0.256250 0.740234 0.035648 0.076823
0 0.610417 0.654557 0.049537 0.051302
0 0.939120 0.435156 0.049537 0.050000
0 0.749306 0.912370 0.095833 0.025260
0 0.638194 0.499349 0.086574 0.027344
0 0.316435 0.680339 0.044907 0.050781
0 0.378935 0.730078 0.040278 0.056510
0 0.153935 0.908464 0.127315 0.017448
0 0.536343 0.844661 0.086574 0.025260
0 0.456481 0.607682 0.047222 0.046094
0 0.117361 0.512630 0.035648 0.059115
0 0.337269 0.753516 0.040278 0.051302
0 0.929861 0.542578 0.077315 0.025260
0 0.559491 0.396745 0.077315 0.025260
0 0.206481 0.172786 0.037963 0.051302
0 0.513194 0.524349 0.040278 0.046094
0 0.410185 0.648047 0.037963 0.048698
0 0.911343 0.767839 0.031019 0.059115
0 0.409028 0.373307 0.044907 0.040885
0 0.543287 0.808203 0.072685 0.025260
0 0.608102 0.777995 0.081944 0.022135
0 0.503935 0.583333 0.077315 0.023438
0 0.453009 0.212240 0.086574 0.020833
0 0.260417 0.558203 0.034722 0.051302
0 0.281713 0.627214 0.077315 0.022656
0 0.654398 0.866536 0.100463 0.016927
0 0.506944 0.715755 0.074074 0.022656
0 0.647454 0.840104 0.077315 0.021354
0 0.582639 0.418620 0.095833 0.016927
0 0.499306 0.558203 0.031019 0.051302
0 0.503935 0.743099 0.031019 0.051302
0 0.800231 0.279557 0.077315 0.020052
0 0.471528 0.417578 0.077315 0.020052
0 0.057176 0.247005 0.035648 0.043490
0 0.843056 0.198828 0.033333 0.046094
0 0.799769 0.293880 0.067130 0.022656
0 0.841898 0.908464 0.086574 0.017448
0 0.772454 0.460547 0.031019 0.048698
0 0.531713 0.375651 0.077315 0.019531
0 0.152083 0.607682 0.021759 0.066927
0 0.443287 0.361589 0.020833 0.069531
0 0.953009 0.776953 0.031019 0.046094
0 0.704861 0.727474 0.034722 0.040885
0 0.853472 0.314453 0.026389 0.053385
0 0.584491 0.599609 0.071759 0.019531
0 0.802546 0.103516 0.081944 0.016927
0 0.834491 0.405859 0.025463 0.053906
0 0.307176 0.717057 0.026389 0.051302
0 0.358102 0.818620 0.026389 0.051302
0 0.045602 0.411068 0.031019 0.043490
0 0.559491 0.684505 0.031019 0.043490
0 0.530093 0.647396 0.083333 0.016146
0 0.707176 0.211849 0.067130 0.020052
0 0.302083 0.761979 0.062500 0.021354
0 0.325231 0.515234 0.034722 0.038281
0 0.545139 0.444922 0.104167 0.012240
0 0.617361 0.717057 0.035648 0.035677
0 0.683333 0.103516 0.075000 0.016927
0 0.230787 0.808854 0.114352 0.010937
0 0.682870 0.351562 0.037037 0.033854
0 0.945602 0.351172 0.025463 0.048698
0 0.635880 0.811849 0.072685 0.016927
0 0.691435 0.566016 0.026389 0.046094
0 0.223843 0.417318 0.026389 0.045573
0 0.310648 0.589453 0.033333 0.035677
0 0.273611 0.524349 0.033333 0.035677
0 0.096528 0.687109 0.031019 0.038281
0 0.448380 0.635026 0.021759 0.053906
0 0.064120 0.191016 0.058796 0.020052
0 0.432176 0.546484 0.035648 0.033073
0 0.355787 0.351172 0.095833 0.012240
0 0.221528 0.378516 0.058796 0.020052
0 0.691435 0.802734 0.081944 0.014323
0 0.475694 0.507422 0.067130 0.017448
0 0.809491 0.814453 0.021759 0.053385
0 0.369676 0.912370 0.077315 0.014844
0 0.797917 0.689714 0.026389 0.043490
0 0.478472 0.747005 0.026389 0.043490
0 0.304861 0.105078 0.077315 0.014844
0 0.059491 0.524349 0.021759 0.051302
0 0.221528 0.753255 0.021759 0.050781
0 0.330324 0.788672 0.063426 0.017448
0 0.797917 0.779948 0.026389 0.041667
0 0.393519 0.421484 0.087963 0.012240
0 0.177546 0.443620 0.026389 0.040885
0 0.200694 0.698828 0.026389 0.040885
0 0.867361 0.753516 0.026389 0.040885
0 0.522454 0.926693 0.086574 0.012240
0 0.332639 0.487240 0.077315 0.013542
0 0.449537 0.809505 0.024074 0.043490
0 0.830324 0.734635 0.026389 0.039583
0 0.074074 0.410417 0.032407 0.031771
0 0.925231 0.520443 0.031019 0.033073
0 0.888194 0.822526 0.031019 0.033073
0 0.238426 0.452734 0.083333 0.012240
0 0.253935 0.675391 0.068056 0.014844
0 0.707639 0.433203 0.068056 0.014844
0 0.753935 0.149349 0.068056 0.014844
0 0.165972 0.706641 0.021759 0.046094
0 0.308333 0.775651 0.056481 0.017448
0 0.198380 0.495052 0.021759 0.044792
0 0.344213 0.613932 0.081944 0.011719
0 0.312500 0.490495 0.064815 0.014844
0 0.156713 0.296484 0.077315 0.012240
0 0.834954 0.770443 0.054167 0.017448
0 0.677546 0.701432 0.026389 0.035677
0 0.691435 0.922786 0.063426 0.014844
0 0.402083 0.560547 0.031019 0.029948
0 0.071528 0.797786 0.062500 0.014844
0 0.684491 0.489844 0.021759 0.042188
0 0.110417 0.244141 0.077315 0.011719
0 0.105324 0.635026 0.020833 0.043490
0 0.242361 0.351172 0.072685 0.012240
0 0.758565 0.727474 0.058796 0.014844
0 0.869676 0.162370 0.058796 0.014844
0 0.364583 0.482682 0.020833 0.040885
0 0.038657 0.512630 0.017130 0.048698
0 0.730787 0.658464 0.068056 0.012240
0 0.448380 0.129818 0.068056 0.012240
0 0.346528 0.411068 0.068056 0.012240
0 0.235417 0.504818 0.021759 0.038281
0 0.731944 0.778906 0.061111 0.013542
0 0.865046 0.702474 0.021759 0.037760
0 0.387731 0.689453 0.030093 0.027344
0 0.304861 0.457292 0.049537 0.016146
0 0.038194 0.840755 0.016204 0.048698
0 0.230787 0.735677 0.021759 0.036458
0 0.922917 0.696224 0.081944 0.009635
0 0.404398 0.701432 0.017130 0.046094
0 0.047917 0.352214 0.017130 0.045573
0 0.248843 0.362240 0.057870 0.013542
0 0.459954 0.111589 0.063426 0.012240
0 0.022454 0.537109 0.021759 0.035156
0 0.394676 0.202734 0.062500 0.012240
0 0.226852 0.132422 0.060185 0.012240
0 0.853472 0.788411 0.026389 0.027344
0 0.068750 0.767839 0.021759 0.033073
0 0.443750 0.707943 0.021759 0.033073
0 0.777083 0.629557 0.021759 0.032552
0 0.846528 0.858724 0.058796 0.011719
0 0.737731 0.685547 0.072685 0.009115
0 0.496991 0.602214 0.072685 0.009115
0 0.561806 0.615495 0.026389 0.025260
0 0.145139 0.207943 0.054167 0.012240
0 0.367361 0.655859 0.017130 0.038281
0 0.721528 0.698828 0.068056 0.009635
0 0.448380 0.097266 0.068056 0.009635
0 0.737269 0.810156 0.016204 0.039583
0 0.716898 0.386068 0.068056 0.009115
0 0.873148 0.298438 0.019444 0.031771
0 0.093750 0.660807 0.016204 0.037760
0 0.362731 0.701432 0.017130 0.035677
0 0.374306 0.455339 0.049537 0.012240
0 0.179398 0.535807 0.020833 0.027344
0 0.219213 0.700130 0.017130 0.033073
0 0.746991 0.640234 0.017130 0.033073
0 0.563657 0.471615 0.067130 0.008333
0 0.515046 0.702734 0.043981 0.012240
0 0.538657 0.761328 0.054167 0.009635
0 0.888194 0.288672 0.021759 0.022656
0 0.943750 0.128255 0.012500 0.035156
0 0.332176 0.673828 0.011574 0.032552
0 0.899769 0.149349 0.035648 0.009635
0 0.362731 0.571224 0.035648 0.009635
0 0.473380 0.996354 0.034722 0.005729
0 0.557176 0.049089 0.026389 0.007031
