0 0.191435 0.722266 0.146759 0.051302
0 0.860417 0.662109 0.058796 0.076823
0 0.365046 0.515885 0.068056 0.065625
0 0.082639 0.200521 0.068056 0.065104
0 0.646296 0.199479 0.112037 0.036979
0 0.797917 0.904557 0.156019 0.025260
0 0.553704 0.759115 0.121296 0.031250
0 0.272454 0.394141 0.105093 0.030469
0 0.894676 0.869401 0.034722 0.090365
0 0.654398 0.252214 0.137500 0.022656
0 0.141204 0.361849 0.046296 0.063802
0 0.828009 0.840755 0.049537 0.059115
0 0.591435 0.602214 0.094907 0.029948
0 0.881250 0.443620 0.054167 0.051302
0 0.052546 0.713802 0.044907 0.060417
0 0.571065 0.645443 0.118981 0.022656
0 0.071065 0.605729 0.044907 0.057813
0 0.311343 0.812109 0.053241 0.048698
0 0.214583 0.916927 0.137500 0.018750
0 0.131250 0.805599 0.035648 0.072135
0 0.786343 0.664974 0.049537 0.051302
0 0.021991 0.700130 0.039352 0.064323
0 0.547917 0.410807 0.146759 0.016927
0 0.346528 0.564714 0.086574 0.027865
0 0.645139 0.868099 0.044907 0.051302
0 0.584491 0.862630 0.043981 0.050781
0 0.186806 0.693620 0.035648 0.061719
0 0.329861 0.687109 0.043981 0.048698
0 0.544444 0.632422 0.093519 0.022656
0 0.196065 0.858984 0.091204 0.022656
0 0.295602 0.744010 0.040278 0.049479
0 0.721528 0.520443 0.086574 0.022656
0 0.029398 0.515234 0.035648 0.053906
0 0.540972 0.899349 0.095833 0.020052
0 0.705324 0.692057 0.109722 0.016927
0 0.458796 0.671484 0.042593 0.043490
0 0.652083 0.178646 0.086574 0.021354
0 0.902083 0.466797 0.040278 0.045573
0 0.686806 0.667578 0.072685 0.025260
0 0.807176 0.571224 0.091204 0.020052
0 0.422454 0.893880 0.034722 0.050781
0 0.517824 0.818620 0.031019 0.056510
0 0.119676 0.562760 0.031019 0.055208
0 0.284028 0.837500 0.035648 0.047396
0 0.184028 0.528906 0.030093 0.055208
0 0.760880 0.756120 0.081944 0.020052
0 0.858102 0.125911 0.026389 0.061719
0 0.381250 0.526302 0.035648 0.044792
0 0.557176 0.885026 0.091204 0.017448
0 0.705324 0.374609 0.035648 0.043490
0 0.094213 0.765234 0.035648 0.043490
0 0.373843 0.782161 0.030093 0.051302
0 0.934491 0.762630 0.068056 0.022656
0 0.244676 0.520443 0.040278 0.038281
0 0.878935 0.270443 0.031019 0.048698
0 0.052083 0.166276 0.034722 0.043490
0 0.615046 0.908203 0.068056 0.022135
0 0.128935 0.564453 0.123611 0.011719
0 0.575694 0.810807 0.072685 0.020052
0 0.414815 0.543880 0.037963 0.038281
0 0.123843 0.658724 0.030093 0.048177
0 0.862731 0.435547 0.035648 0.040365
0 0.094213 0.273047 0.081944 0.017448
0 0.223843 0.372005 0.081944 0.017448
0 0.432176 0.278255 0.026389 0.053906
0 0.828009 0.899349 0.095833 0.014844
0 0.383565 0.364844 0.031019 0.044792
0 0.418287 0.426693 0.035648 0.038281
0 0.177546 0.612891 0.026389 0.051302
0 0.580324 0.123307 0.091204 0.014844
0 0.275926 0.620703 0.065741 0.020052
0 0.809491 0.259766 0.077315 0.016927
0 0.549769 0.834245 0.085648 0.014844
0 0.043287 0.836849 0.063426 0.020052
0 0.249306 0.595313 0.114352 0.010937
0 0.496528 0.881120 0.034722 0.035677
0 0.746528 0.810807 0.034722 0.035677
0 0.788657 0.401953 0.026389 0.046094
0 0.152083 0.116536 0.031019 0.037760
0 0.668287 0.793620 0.035648 0.032552
0 0.052546 0.762630 0.026389 0.043490
0 0.189815 0.806901 0.023148 0.048698
0 0.841898 0.649349 0.021759 0.051302
0 0.087269 0.930599 0.031019 0.035677
0 0.538657 0.220964 0.063426 0.017448
0 0.087269 0.146745 0.031019 0.035677
0 0.471528 0.914974 0.031019 0.035677
0 0.758565 0.426042 0.068056 0.016146
0 0.015509 0.401953 0.026389 0.040885
0 0.251620 0.568880 0.026389 0.040365
0 0.749306 0.319922 0.086574 0.012240
0 0.767361 0.926693 0.085648 0.012240
0 0.387731 0.896094 0.020833 0.050000
0 0.413657 0.742839 0.072685 0.014323
0 0.115046 0.720964 0.058796 0.017448
0 0.767824 0.547786 0.068056 0.014844
0 0.205324 0.629818 0.026389 0.038281
0 0.892824 0.792578 0.021759 0.046094
0 0.920602 0.849870 0.021759 0.046094
0 0.818750 0.719661 0.021759 0.046094
0 0.885417 0.538672 0.081019 0.012240
0 0.938657 0.640234 0.030093 0.033073
0 0.293287 0.900391 0.081944 0.011719
0 0.690972 0.306641 0.025463 0.037760
0 0.478009 0.501563 0.025463 0.036979
0 0.093750 0.123307 0.062500 0.014844
0 0.140509 0.708984 0.063426 0.014323
0 0.419444 0.123307 0.061111 0.014844
0 0.834954 0.808854 0.081944 0.010937
0 0.506944 0.141536 0.060185 0.014844
0 0.804861 0.920182 0.058796 0.014844
0 0.841898 0.295182 0.058796 0.014844
0 0.251157 0.639974 0.071759 0.011719
0 0.029398 0.601172 0.017130 0.048698
0 0.959491 0.508724 0.016204 0.051302
0 0.827546 0.358984 0.030093 0.027865
0 0.832639 0.473568 0.068056 0.012240
0 0.515509 0.593620 0.017130 0.048177
0 0.300926 0.545182 0.055556 0.014844
0 0.318750 0.113932 0.068056 0.011719
0 0.031713 0.854427 0.058796 0.013542
0 0.334491 0.780859 0.016204 0.048698
0 0.209954 0.542578 0.017130 0.046094
0 0.437269 0.412370 0.053241 0.014844
0 0.703009 0.829036 0.021759 0.035677
0 0.587269 0.539323 0.021759 0.034375
0 0.075694 0.765234 0.026389 0.027865
0 0.465741 0.641536 0.075000 0.009635
0 0.221528 0.166276 0.058796 0.012240
0 0.147454 0.905859 0.058796 0.012240
0 0.934491 0.132422 0.021759 0.033073
0 0.208796 0.121745 0.014815 0.048177
0 0.360417 0.177734 0.049537 0.014323
0 0.904398 0.810807 0.017130 0.040885
0 0.112731 0.907161 0.017130 0.040885
0 0.307176 0.532161 0.072685 0.009635
0 0.812963 0.792578 0.047222 0.014844
0 0.510417 0.472266 0.071759 0.009635
0 0.789352 0.226172 0.055556 0.012240
0 0.853472 0.231771 0.017130 0.039062
0 0.149769 0.156901 0.072685 0.009115
0 0.036343 0.758724 0.021759 0.030469
0 0.420602 0.500911 0.068056 0.009635
0 0.973843 0.228776 0.017130 0.038281
0 0.528935 0.297526 0.016204 0.040365
0 0.080324 0.436849 0.017130 0.037760
0 0.172917 0.292578 0.063426 0.009635
0 0.946065 0.904557 0.017130 0.035677
0 0.056713 0.216797 0.016204 0.035156
0 0.571759 0.402995 0.046296 0.011719
0 0.741898 0.296484 0.016204 0.033073
0 0.390509 0.321615 0.017130 0.031250
0 0.774769 0.268880 0.054167 0.009115
0 0.258102 0.848568 0.011574 0.038281
0 0.961806 0.438151 0.011574 0.035156
0 0.865046 0.845313 0.012500 0.031771
0 0.790972 0.120703 0.040278 0.009635
