0 0.897454 0.105078 0.086574 0.103385
0 0.096528 0.982031 0.188426 0.034375
0 0.172917 0.420182 0.072685 0.066927
0 0.802546 0.577734 0.063426 0.069531
0 0.728472 0.534766 0.063426 0.061719
0 0.829167 0.573828 0.061111 0.056510
0 0.736574 0.480078 0.042593 0.077344
0 0.253935 0.451432 0.105093 0.030469
0 0.453009 0.707943 0.095833 0.033073
0 0.478472 0.650651 0.044907 0.069531
0 0.476157 0.584245 0.095833 0.030469
0 0.975000 0.513672 0.047222 0.061198
0 0.107639 0.338151 0.043981 0.064323
0 0.890509 0.633464 0.054167 0.050781
0 0.580324 0.535417 0.044907 0.055208
0 0.878935 0.807943 0.123611 0.019531
0 0.698380 0.585547 0.049537 0.048698
0 0.446065 0.058203 0.091204 0.025260
0 0.365046 0.224609 0.040278 0.055990
0 0.399769 0.119401 0.044907 0.043490
0 0.811343 0.686849 0.034722 0.053385
0 0.277083 0.073828 0.123611 0.014844
0 0.520139 0.662370 0.026389 0.066927
0 0.485417 0.170573 0.105093 0.015625
0 0.686343 0.395443 0.090278 0.017448
0 0.358102 0.358984 0.026389 0.059115
0 0.427546 0.778255 0.081944 0.017448
0 0.513194 0.502214 0.021759 0.064323
0 0.755093 0.605078 0.061111 0.020052
0 0.809491 0.463151 0.095833 0.012240
0 0.332639 0.832943 0.021759 0.048698
0 0.165972 0.109635 0.021759 0.044792
0 0.066435 0.191016 0.026389 0.035677
0 0.161343 0.261328 0.021759 0.040885
0 0.684491 0.284766 0.077315 0.009635
0 0.986574 0.589844 0.024074 0.026042
0 0.241204 0.058203 0.061111 0.009635
0 0.985417 0.085547 0.021759 0.022656
0 0.402083 0.563802 0.012500 0.036458
