0 0.115046 0.983333 0.225463 0.031771
0 0.252778 0.168880 0.056481 0.095573
0 0.263194 0.775651 0.068056 0.069531
0 0.558333 0.323828 0.065741 0.061719
0 0.203009 0.631120 0.058796 0.066927
0 0.288657 0.523698 0.044907 0.081250
0 0.411343 0.516536 0.114352 0.030469
0 0.939120 0.103776 0.105093 0.033073
0 0.476157 0.823828 0.105093 0.030469
0 0.265509 0.483984 0.109722 0.027865
0 0.813657 0.752214 0.131944 0.022656
0 0.273611 0.412370 0.098148 0.030469
0 0.399769 0.598568 0.054167 0.053906
0 0.184491 0.581641 0.049537 0.056510
0 0.404398 0.441016 0.054167 0.051302
0 0.543287 0.446224 0.109722 0.025260
0 0.927546 0.805599 0.109722 0.025260
0 0.670602 0.334245 0.040278 0.066927
0 0.490046 0.749609 0.095833 0.027865
0 0.346528 0.639583 0.160648 0.016146
0 0.353472 0.164974 0.100463 0.025260
0 0.790972 0.687760 0.105093 0.023958
0 0.883565 0.258724 0.123611 0.020052
0 0.635880 0.753516 0.118981 0.020052
0 0.341898 0.496745 0.049537 0.048177
0 0.115046 0.452734 0.031019 0.074740
0 0.931019 0.418880 0.125926 0.017448
0 0.515509 0.361328 0.128241 0.016927
0 0.635880 0.449479 0.081944 0.026562
0 0.428704 0.097266 0.139815 0.014844
0 0.821065 0.705990 0.109722 0.018750
0 0.496991 0.158203 0.091204 0.022135
0 0.883565 0.513932 0.077315 0.025260
0 0.603472 0.628906 0.044907 0.041667
0 0.566435 0.426693 0.081944 0.022656
0 0.540972 0.684505 0.105093 0.017448
0 0.677546 0.524349 0.072685 0.025260
0 0.413657 0.732682 0.072685 0.025260
0 0.668287 0.714453 0.091204 0.020052
0 0.325231 0.302995 0.090278 0.020052
0 0.309028 0.119792 0.039352 0.044271
0 0.723843 0.478776 0.035648 0.048698
0 0.517824 0.529557 0.040278 0.040885
0 0.649769 0.622005 0.072685 0.022656
0 0.223843 0.330339 0.072685 0.022656
0 0.645139 0.696224 0.081944 0.020052
0 0.918287 0.355078 0.026389 0.061719
0 0.984259 0.451432 0.028704 0.056510
0 0.147454 0.368099 0.031019 0.051302
0 0.876620 0.158464 0.035648 0.043490
0 0.843750 0.905208 0.071759 0.021354
0 0.596528 0.213151 0.086574 0.017448
0 0.781713 0.831380 0.105093 0.014323
0 0.814120 0.861328 0.068056 0.022135
0 0.182176 0.224870 0.026389 0.056510
0 0.871991 0.244401 0.081944 0.017448
0 0.483102 0.138672 0.072685 0.019531
0 0.670602 0.161068 0.021759 0.064323
0 0.101157 0.263932 0.068056 0.020052
0 0.844213 0.804297 0.035648 0.038281
0 0.871991 0.819922 0.035648 0.038281
0 0.142361 0.237891 0.067130 0.020052
0 0.758565 0.561849 0.031019 0.042969
0 0.913194 0.577734 0.034722 0.038281
0 0.689120 0.739193 0.105093 0.012240
0 0.330324 0.442318 0.026389 0.048698
0 0.878935 0.214453 0.086574 0.014844
0 0.809491 0.164974 0.086574 0.014844
0 0.598843 0.730078 0.035648 0.035677
0 0.219213 0.519141 0.035648 0.035677
0 0.871991 0.326432 0.035648 0.035677
0 0.663657 0.671484 0.072685 0.017448
0 0.365046 0.722005 0.031019 0.040365
0 0.126157 0.340755 0.025463 0.048698
0 0.686806 0.195964 0.063426 0.019531
0 0.538194 0.728776 0.099537 0.012240
0 0.760880 0.393880 0.026389 0.045573
0 0.763194 0.257422 0.068056 0.017448
0 0.233102 0.689714 0.035648 0.033073
0 0.568750 0.754818 0.021759 0.053906
0 0.246991 0.210547 0.035648 0.033073
0 0.938657 0.869401 0.067130 0.017448
0 0.348380 0.103776 0.034722 0.033073
0 0.650926 0.642839 0.065741 0.017448
0 0.237731 0.595964 0.091204 0.012240
0 0.221528 0.818620 0.031019 0.035677
0 0.566435 0.886328 0.026389 0.040885
0 0.540509 0.753516 0.030093 0.035677
0 0.540972 0.536458 0.031019 0.033854
0 0.370833 0.198828 0.070370 0.014844
0 0.304861 0.421484 0.031019 0.033073
0 0.545602 0.621745 0.086574 0.011719
0 0.330324 0.148047 0.081944 0.012240
0 0.476157 0.641536 0.021759 0.046094
0 0.476157 0.566016 0.021759 0.046094
0 0.536343 0.576172 0.021759 0.045573
0 0.904398 0.728516 0.081944 0.011719
0 0.598380 0.788411 0.081019 0.011719
0 0.439120 0.572526 0.077315 0.012240
0 0.163657 0.282161 0.026389 0.035677
0 0.440972 0.317318 0.053241 0.017448
0 0.329861 0.839453 0.025463 0.035677
0 0.545139 0.702083 0.076389 0.010937
0 0.709954 0.151302 0.026389 0.031771
0 0.101157 0.486589 0.021759 0.038281
0 0.605787 0.197526 0.068056 0.012240
0 0.635880 0.659766 0.054167 0.014844
0 0.117361 0.474870 0.026389 0.030469
0 0.300231 0.330078 0.068056 0.011719
0 0.179861 0.387370 0.068056 0.011719
0 0.224537 0.411068 0.064815 0.012240
0 0.105324 0.244141 0.020833 0.037760
0 0.911343 0.146745 0.021759 0.035677
0 0.207639 0.344661 0.077315 0.009635
0 0.871991 0.194922 0.026389 0.027865
0 0.540972 0.470964 0.021759 0.033073
0 0.337269 0.129818 0.058796 0.012240
0 0.744676 0.143880 0.077315 0.009115
0 0.501620 0.547786 0.017130 0.040885
0 0.494676 0.711849 0.068056 0.009635
0 0.689120 0.795182 0.068056 0.009635
0 0.594213 0.692057 0.017130 0.037760
0 0.811343 0.465104 0.016204 0.036979
0 0.811806 0.128255 0.063426 0.009115
0 0.514352 0.556901 0.014815 0.038281
0 0.464120 0.676432 0.016204 0.032552
0 0.214583 0.151953 0.017130 0.030469
0 0.977315 0.095964 0.042593 0.012240
0 0.972685 0.709245 0.051852 0.009635
0 0.844213 0.587891 0.017130 0.027344
0 0.991204 0.496094 0.014815 0.026042
0 0.612731 0.030859 0.026389 0.007031
0 0.767824 0.997656 0.021759 0.003125
0 0.665509 0.997656 0.020833 0.003125
