0 0.392824 0.326432 0.169907 0.051302
0 0.772454 0.579688 0.068056 0.063021
0 0.756250 0.628516 0.063426 0.061719
0 0.830324 0.694922 0.063426 0.059115
0 0.855787 0.763932 0.058796 0.061719
0 0.203009 0.355078 0.049537 0.072135
0 0.781713 0.698828 0.049537 0.072135
0 0.550231 0.727474 0.114352 0.030469
0 0.365046 0.762630 0.105093 0.033073
0 0.744676 0.786068 0.040278 0.074740
0 0.371991 0.068620 0.118981 0.025260
0 0.851157 0.571224 0.095833 0.030469
0 0.126620 0.223307 0.044907 0.063802
0 0.448380 0.657161 0.040278 0.066927
0 0.543287 0.556901 0.044907 0.059115
0 0.531713 0.616536 0.049537 0.053385
0 0.688657 0.632422 0.048611 0.053906
0 0.890046 0.724870 0.043981 0.056510
0 0.786343 0.256120 0.123611 0.020052
0 0.525926 0.797786 0.047222 0.051302
0 0.596528 0.478776 0.049537 0.048698
0 0.767824 0.825781 0.123611 0.018750
0 0.534028 0.249609 0.035648 0.064323
0 0.828009 0.614844 0.095833 0.023958
0 0.314120 0.318620 0.086574 0.025260
0 0.591898 0.543620 0.031019 0.069010
0 0.709491 0.717057 0.081019 0.025260
0 0.649769 0.559505 0.044907 0.043490
0 0.979630 0.241797 0.037963 0.048698
0 0.510417 0.118099 0.118056 0.014844
0 0.814120 0.145443 0.095833 0.017448
0 0.501620 0.539974 0.026389 0.056510
0 0.983102 0.081641 0.026389 0.051302
0 0.420139 0.559245 0.020833 0.053385
0 0.809028 0.106380 0.057870 0.017448
0 0.362731 0.301693 0.017130 0.053906
0 0.381250 0.292578 0.017130 0.051302
0 0.446065 0.146484 0.017130 0.045573
0 0.316435 0.847266 0.017130 0.035677
0 0.082639 0.197266 0.021759 0.027344
0 0.328009 0.482682 0.012500 0.040885
