0 0.402083 0.560807 0.058796 0.072135
0 0.388194 0.908464 0.132870 0.027865
0 0.809491 0.483724 0.123611 0.027344
0 0.855787 0.204036 0.105093 0.030469
0 0.925231 0.788672 0.058796 0.053906
0 0.540972 0.662370 0.095833 0.030469
0 0.436806 0.629557 0.035648 0.069010
0 0.281713 0.855078 0.049537 0.046094
0 0.050231 0.836849 0.049537 0.046094
0 0.054861 0.466797 0.031019 0.071615
0 0.536343 0.884375 0.132870 0.016146
0 0.600694 0.398047 0.094907 0.022656
0 0.746991 0.808203 0.044907 0.046094
0 0.735417 0.552995 0.040278 0.051302
0 0.621991 0.172526 0.081944 0.024740
0 0.152083 0.886979 0.123611 0.016146
0 0.346528 0.585547 0.040278 0.048698
0 0.698380 0.144141 0.077315 0.025260
0 0.334954 0.210547 0.044907 0.043490
0 0.165972 0.146745 0.095833 0.020052
0 0.644676 0.361589 0.081019 0.022656
0 0.918287 0.560807 0.072685 0.025260
0 0.758565 0.637630 0.040278 0.043490
0 0.942593 0.870703 0.037963 0.046094
0 0.297917 0.379818 0.035648 0.048698
0 0.587269 0.693620 0.086574 0.020052
0 0.693750 0.461849 0.086574 0.020052
0 0.134722 0.295182 0.033333 0.051302
0 0.084491 0.916276 0.071759 0.022656
0 0.251620 0.598307 0.072685 0.022135
0 0.876620 0.460547 0.035648 0.043490
0 0.679861 0.638932 0.077315 0.020052
0 0.128935 0.205339 0.068056 0.022656
0 0.865046 0.655859 0.068056 0.022656
0 0.759722 0.443620 0.033333 0.046094
0 0.466898 0.783203 0.040278 0.037760
0 0.103009 0.387630 0.034722 0.043490
0 0.043287 0.688151 0.026389 0.055990
0 0.827546 0.605729 0.039352 0.036979
0 0.365046 0.725521 0.068056 0.021354
0 0.115046 0.258724 0.031019 0.046094
0 0.961111 0.015885 0.075000 0.018750
0 0.337269 0.353776 0.077315 0.017448
0 0.564120 0.674089 0.077315 0.017448
0 0.575694 0.122005 0.026389 0.048698
0 0.223843 0.556250 0.026389 0.047396
0 0.454861 0.131120 0.062500 0.020052
0 0.487269 0.556901 0.025463 0.048698
0 0.876620 0.543880 0.100463 0.012240
0 0.777083 0.747005 0.068056 0.017448
0 0.073380 0.342057 0.077315 0.014844
0 0.404398 0.452734 0.091204 0.012240
0 0.344213 0.426693 0.091204 0.012240
0 0.899769 0.252214 0.063426 0.017448
0 0.686806 0.267839 0.063426 0.017448
0 0.186806 0.916276 0.063426 0.017448
0 0.628472 0.823568 0.076389 0.014323
0 0.450694 0.210286 0.091204 0.011719
0 0.186806 0.563151 0.026389 0.040365
0 0.966898 0.536068 0.021759 0.048698
0 0.804861 0.127214 0.021759 0.048698
0 0.497454 0.751953 0.062500 0.016927
0 0.748148 0.248307 0.070370 0.014844
0 0.545602 0.122005 0.031019 0.033073
0 0.855787 0.353776 0.031019 0.033073
0 0.441435 0.289323 0.054167 0.018750
0 0.591435 0.538672 0.057870 0.017448
0 0.216435 0.441016 0.067130 0.014844
0 0.762731 0.283464 0.030093 0.033073
0 0.388194 0.662109 0.021759 0.045573
0 0.399769 0.148698 0.072685 0.013542
0 0.216898 0.119401 0.077315 0.012240
0 0.226157 0.853776 0.021759 0.043490
0 0.696065 0.510026 0.054167 0.017448
0 0.598843 0.758724 0.063426 0.014844
0 0.160880 0.629818 0.076389 0.012240
0 0.561343 0.745703 0.062500 0.014844
0 0.186806 0.388672 0.063426 0.014323
0 0.306713 0.680339 0.062500 0.014323
0 0.056713 0.779297 0.062500 0.014323
0 0.714583 0.299479 0.026389 0.033854
0 0.534028 0.200130 0.072685 0.012240
0 0.737731 0.926693 0.072685 0.012240
0 0.066435 0.749609 0.072685 0.012240
0 0.721528 0.482682 0.058796 0.014844
0 0.624769 0.198828 0.057870 0.014844
0 0.753935 0.556901 0.021759 0.038281
0 0.610417 0.103776 0.068056 0.012240
0 0.690972 0.664714 0.090278 0.009115
0 0.457176 0.356380 0.067130 0.012240
0 0.098843 0.709245 0.026389 0.030469
0 0.441435 0.898047 0.063426 0.012240
0 0.288657 0.192318 0.063426 0.012240
0 0.751620 0.156901 0.054167 0.014323
0 0.464583 0.187760 0.026389 0.029167
0 0.952546 0.513021 0.020833 0.033854
0 0.381250 0.933203 0.072685 0.009635
0 0.540972 0.897786 0.058796 0.011719
0 0.563657 0.549740 0.020833 0.031771
0 0.552546 0.460547 0.017130 0.038281
0 0.239583 0.375911 0.067130 0.009635
0 0.887731 0.516536 0.020833 0.030469
0 0.355787 0.669531 0.021759 0.029167
0 0.655556 0.249609 0.051852 0.012240
0 0.911343 0.270443 0.049537 0.012240
0 0.290972 0.659766 0.058796 0.009635
0 0.591898 0.326432 0.058796 0.009635
0 0.677546 0.185807 0.054167 0.009635
0 0.496991 0.120443 0.017130 0.029948
0 0.566435 0.589193 0.017130 0.029948
0 0.531713 0.283464 0.040278 0.012240
0 0.128935 0.789974 0.021759 0.020052
0 0.443750 0.109635 0.012500 0.034375
0 0.149769 0.401953 0.044907 0.009635
0 0.413657 0.299089 0.017130 0.022656
0 0.508102 0.476172 0.011574 0.033073
0 0.851157 0.119141 0.058796 0.006510
0 0.065972 0.360286 0.034722 0.009635
0 0.008565 0.009766 0.012500 0.016927
0 0.564120 0.041276 0.021759 0.007031
