0 0.684954 0.200130 0.067130 0.069531
0 0.818287 0.455078 0.122685 0.037760
0 0.773611 0.713802 0.116667 0.036979
0 0.675231 0.888932 0.058796 0.066927
0 0.714583 0.404557 0.063426 0.061719
0 0.855787 0.365495 0.049537 0.066927
0 0.760880 0.775651 0.118981 0.027865
0 0.395139 0.167578 0.044907 0.072135
0 0.439120 0.331641 0.105093 0.030469
0 0.735417 0.756120 0.105093 0.030469
0 0.073380 0.559505 0.049537 0.059115
0 0.376620 0.153255 0.044907 0.064323
0 0.860417 0.899349 0.040278 0.066927
0 0.325694 0.564714 0.044907 0.059115
0 0.464583 0.171224 0.044907 0.058594
0 0.837269 0.797526 0.086574 0.029948
0 0.920602 0.339193 0.086574 0.029948
0 0.115046 0.659766 0.049537 0.051302
0 0.259722 0.312109 0.088889 0.027865
0 0.476157 0.650651 0.086574 0.027865
0 0.530556 0.376302 0.037963 0.062500
0 0.537037 0.563411 0.050926 0.046094
0 0.862731 0.722917 0.109722 0.021354
0 0.147454 0.779948 0.049537 0.046875
0 0.469213 0.614193 0.100463 0.022656
0 0.149306 0.551693 0.099537 0.022656
0 0.390509 0.792578 0.109722 0.020052
0 0.434491 0.786068 0.095833 0.022656
0 0.415972 0.424089 0.123611 0.017448
0 0.366898 0.458984 0.081019 0.024740
0 0.902083 0.670182 0.077315 0.025260
0 0.154398 0.483984 0.044907 0.043490
0 0.549074 0.526953 0.037963 0.051302
0 0.112731 0.189714 0.035648 0.053906
0 0.503935 0.120443 0.132870 0.014323
0 0.311343 0.283464 0.043981 0.043490
0 0.607639 0.792578 0.127315 0.014844
0 0.278935 0.775651 0.034722 0.053906
0 0.256944 0.545182 0.092593 0.020052
0 0.318750 0.802995 0.040278 0.046094
0 0.040972 0.206380 0.040278 0.045573
0 0.598843 0.636328 0.044907 0.040885
0 0.146991 0.102474 0.039352 0.046094
0 0.161343 0.322526 0.040278 0.043490
0 0.735417 0.649349 0.086574 0.020052
0 0.242361 0.124609 0.026389 0.064323
0 0.216898 0.140234 0.095833 0.017448
0 0.753935 0.137630 0.031019 0.053906
0 0.453009 0.737891 0.040278 0.040885
0 0.057176 0.778255 0.072685 0.022656
0 0.589583 0.778255 0.072685 0.022656
0 0.547917 0.654557 0.081944 0.020052
0 0.597685 0.741797 0.070370 0.022656
0 0.642824 0.158854 0.086574 0.018229
0 0.800231 0.344661 0.077315 0.020052
0 0.654398 0.815365 0.081944 0.018750
0 0.063657 0.148047 0.067130 0.022656
0 0.304398 0.520443 0.067130 0.022656
0 0.230787 0.713151 0.031019 0.048698
0 0.705324 0.206641 0.026389 0.056510
0 0.128935 0.872656 0.040278 0.036979
0 0.564120 0.679036 0.086574 0.016927
0 0.955324 0.177995 0.072685 0.020052
0 0.289815 0.734635 0.028704 0.050000
0 0.442593 0.520443 0.112037 0.012240
0 0.954861 0.276302 0.034722 0.039583
0 0.147454 0.539974 0.068056 0.020052
0 0.910185 0.240495 0.037963 0.035677
0 0.665972 0.106380 0.077315 0.017448
0 0.226157 0.853776 0.031019 0.043490
0 0.240046 0.788672 0.031019 0.043490
0 0.323380 0.172786 0.021759 0.061719
0 0.288657 0.349219 0.026389 0.050000
0 0.909028 0.100521 0.035648 0.036979
0 0.809028 0.849609 0.067130 0.019531
0 0.568750 0.377474 0.077315 0.016927
0 0.147454 0.728776 0.105093 0.012240
0 0.913657 0.369401 0.026389 0.048698
0 0.621991 0.478776 0.026389 0.048698
0 0.534028 0.228516 0.026389 0.048177
0 0.777083 0.542578 0.031019 0.040885
0 0.959491 0.148047 0.071759 0.017448
0 0.195602 0.610286 0.034722 0.035677
0 0.353472 0.094010 0.035648 0.034375
0 0.158565 0.610026 0.034722 0.035156
0 0.718750 0.326432 0.081019 0.014844
0 0.075694 0.307552 0.026389 0.044792
0 0.815278 0.831641 0.079630 0.014844
0 0.468056 0.405208 0.107407 0.010937
0 0.297917 0.150651 0.035648 0.033073
0 0.360417 0.377214 0.095833 0.012240
0 0.300231 0.223568 0.095833 0.012240
0 0.719213 0.835286 0.035648 0.032552
0 0.568750 0.457682 0.068056 0.016927
0 0.052546 0.747005 0.026389 0.043490
0 0.233102 0.200130 0.026389 0.043490
0 0.101157 0.501563 0.021759 0.052604
0 0.760417 0.614193 0.034722 0.033073
0 0.677546 0.623958 0.026389 0.042188
0 0.696065 0.271745 0.026389 0.040885
0 0.471065 0.261328 0.020833 0.051302
0 0.267824 0.345964 0.021759 0.048698
0 0.471528 0.374609 0.086574 0.012240
0 0.193750 0.869141 0.021759 0.048177
0 0.040509 0.851823 0.076389 0.013542
0 0.818750 0.692318 0.031019 0.033073
0 0.693287 0.582943 0.020833 0.048698
0 0.505787 0.501563 0.062500 0.016146
0 0.957639 0.210286 0.031019 0.032552
0 0.360417 0.329036 0.021759 0.046094
0 0.487731 0.806901 0.081944 0.012240
0 0.330324 0.439714 0.081944 0.012240
0 0.751620 0.556641 0.026389 0.037760
0 0.450231 0.481380 0.081019 0.012240
0 0.053241 0.494401 0.055556 0.017448
0 0.280556 0.613932 0.056481 0.016927
0 0.295602 0.653255 0.077315 0.012240
0 0.582639 0.108984 0.077315 0.012240
0 0.679861 0.456641 0.031019 0.030469
0 0.654398 0.325130 0.054167 0.017448
0 0.427546 0.763932 0.063426 0.014844
0 0.149306 0.174089 0.053241 0.017448
0 0.327546 0.672786 0.030093 0.030469
0 0.676389 0.513932 0.061111 0.014844
0 0.909028 0.830339 0.072685 0.012240
0 0.087269 0.727474 0.021759 0.040885
0 0.675231 0.352474 0.021759 0.040885
0 0.788657 0.483724 0.026389 0.032552
0 0.267361 0.568620 0.057870 0.014844
0 0.589583 0.671224 0.072685 0.011719
0 0.397454 0.102214 0.058796 0.014323
0 0.797917 0.595964 0.017130 0.048698
0 0.246528 0.743099 0.016204 0.051302
0 0.642824 0.559505 0.021759 0.038281
0 0.601157 0.171484 0.068056 0.012240
0 0.138194 0.161068 0.068056 0.012240
0 0.932176 0.355469 0.026389 0.031250
0 0.857407 0.744401 0.064815 0.012240
0 0.348843 0.670182 0.017130 0.046094
0 0.200694 0.654297 0.026389 0.029948
0 0.672454 0.172526 0.053241 0.014323
0 0.281713 0.235286 0.077315 0.009635
0 0.733102 0.603516 0.017130 0.042969
0 0.082176 0.115234 0.020833 0.035156
0 0.367361 0.376563 0.017130 0.042188
0 0.402083 0.140234 0.021759 0.033073
0 0.806713 0.108984 0.016204 0.043490
0 0.494213 0.390234 0.057870 0.012240
0 0.344213 0.123307 0.017130 0.040885
0 0.186806 0.427995 0.017130 0.040885
0 0.515509 0.206641 0.017130 0.040885
0 0.371991 0.860286 0.072685 0.009635
0 0.096065 0.258464 0.076389 0.009115
0 0.784028 0.566016 0.044907 0.014844
0 0.068287 0.680599 0.067130 0.009635
0 0.663657 0.408724 0.017130 0.037760
0 0.149769 0.647786 0.017130 0.037760
0 0.657870 0.460547 0.014815 0.043490
0 0.314120 0.404297 0.068056 0.009115
0 0.621991 0.399349 0.063426 0.009635
0 0.640509 0.193620 0.063426 0.009635
0 0.156713 0.148047 0.049537 0.012240
0 0.186343 0.302734 0.016204 0.035156
0 0.760417 0.875651 0.016204 0.035156
0 0.407176 0.258724 0.057870 0.009635
0 0.953009 0.745703 0.021759 0.025260
0 0.286343 0.550130 0.058796 0.009115
0 0.584491 0.741797 0.016204 0.033073
0 0.517361 0.448828 0.020833 0.025260
0 0.858102 0.248307 0.017130 0.030469
0 0.258565 0.843359 0.021759 0.022656
0 0.614583 0.705339 0.039352 0.012240
0 0.184491 0.122266 0.021759 0.022135
0 0.480787 0.099870 0.049537 0.009635
0 0.334954 0.737500 0.017130 0.026042
0 0.830324 0.427734 0.044907 0.009115
0 0.788657 0.430339 0.017130 0.019531
0 0.170602 0.094661 0.031019 0.009635
