0 0.836111 0.283203 0.176852 0.042969
0 0.716898 0.881120 0.151389 0.035677
0 0.441435 0.829036 0.118981 0.035677
0 0.913657 0.600911 0.054167 0.069010
0 0.566435 0.323177 0.063426 0.057813
0 0.566435 0.504818 0.109722 0.033073
0 0.207176 0.334245 0.057870 0.061719
0 0.918287 0.224219 0.054167 0.065625
0 0.390509 0.640234 0.100463 0.033073
0 0.214120 0.252214 0.043981 0.074740
0 0.591898 0.614193 0.058796 0.053906
0 0.260880 0.620443 0.118981 0.024740
0 0.277083 0.511328 0.040278 0.072135
0 0.390046 0.603776 0.053241 0.053906
0 0.260417 0.810547 0.090278 0.029948
0 0.619676 0.569661 0.049537 0.053385
0 0.899769 0.036068 0.091204 0.027865
0 0.525926 0.465104 0.047222 0.052604
0 0.678704 0.446224 0.093519 0.025260
0 0.707176 0.549089 0.104167 0.022656
0 0.272454 0.551042 0.049537 0.047396
0 0.899769 0.345964 0.081944 0.027865
0 0.721528 0.400391 0.132870 0.016927
0 0.770139 0.731380 0.044907 0.048698
0 0.877778 0.582943 0.028704 0.074740
0 0.145139 0.641536 0.081944 0.025260
0 0.975000 0.861589 0.047222 0.043490
0 0.399769 0.341797 0.100463 0.019531
0 0.399769 0.492839 0.100463 0.019531
0 0.279398 0.684505 0.081944 0.022656
0 0.927546 0.106380 0.081944 0.022656
0 0.895139 0.408464 0.026389 0.069531
0 0.790972 0.166276 0.105093 0.017448
0 0.760880 0.516536 0.072685 0.025260
0 0.280556 0.261979 0.084259 0.021354
0 0.617361 0.679297 0.100463 0.017448
0 0.795602 0.075130 0.077315 0.022656
0 0.462269 0.632422 0.077315 0.022656
0 0.779398 0.140234 0.035648 0.048698
0 0.466898 0.680599 0.086574 0.020052
0 0.131250 0.340755 0.035648 0.048698
0 0.161343 0.522396 0.040278 0.042188
0 0.818750 0.726172 0.031019 0.053906
0 0.491898 0.473307 0.034722 0.048177
0 0.763194 0.597266 0.040278 0.040885
0 0.876620 0.261328 0.081944 0.020052
0 0.316435 0.795182 0.035648 0.046094
0 0.179861 0.735026 0.040278 0.040365
0 0.946065 0.314453 0.072685 0.022135
0 0.682176 0.520182 0.072685 0.022135
0 0.777778 0.677083 0.087963 0.018229
0 0.958796 0.805599 0.079630 0.020052
0 0.848843 0.697526 0.091204 0.017448
0 0.823380 0.816016 0.031019 0.051302
0 0.446065 0.788672 0.091204 0.017448
0 0.579861 0.358984 0.090278 0.017448
0 0.404398 0.491797 0.035648 0.043490
0 0.772454 0.101172 0.068056 0.022656
0 0.707639 0.181901 0.068056 0.022656
0 0.582639 0.718359 0.123611 0.012240
0 0.869676 0.205339 0.031019 0.048698
0 0.128935 0.462891 0.068056 0.022135
0 0.100694 0.491797 0.039352 0.038281
0 0.963426 0.126562 0.070370 0.021354
0 0.707176 0.627214 0.085648 0.017448
0 0.369676 0.678646 0.040278 0.036979
0 0.455324 0.602474 0.072685 0.020052
0 0.652083 0.756120 0.031019 0.046094
0 0.693287 0.587500 0.030093 0.047396
0 0.346528 0.515234 0.114352 0.012240
0 0.635880 0.629818 0.035648 0.038281
0 0.675231 0.641536 0.068056 0.020052
0 0.663657 0.145443 0.035648 0.038281
0 0.186806 0.158464 0.035648 0.038281
0 0.540972 0.131120 0.068056 0.020052
0 0.777083 0.835547 0.077315 0.017448
0 0.406250 0.282161 0.067130 0.020052
0 0.366204 0.733984 0.107407 0.012240
0 0.373148 0.607682 0.065741 0.020052
0 0.682176 0.292318 0.091204 0.014323
0 0.510880 0.622005 0.026389 0.048698
0 0.323380 0.443620 0.086574 0.014844
0 0.587269 0.836849 0.031019 0.040885
0 0.390509 0.306901 0.072685 0.017448
0 0.589583 0.486589 0.072685 0.017448
0 0.705324 0.640234 0.072685 0.017448
0 0.103009 0.407161 0.034722 0.035677
0 0.331481 0.537370 0.061111 0.020052
0 0.580324 0.193620 0.081944 0.014844
0 0.796759 0.218099 0.070370 0.016927
0 0.703009 0.372005 0.031019 0.038281
0 0.471528 0.502214 0.031019 0.038281
0 0.147454 0.680599 0.058796 0.020052
0 0.927546 0.398047 0.035648 0.033073
0 0.733102 0.110026 0.081944 0.014323
0 0.619213 0.202734 0.067130 0.017448
0 0.966898 0.647786 0.021759 0.053385
0 0.450694 0.554297 0.026389 0.043490
0 0.701852 0.767839 0.065741 0.017448
0 0.986574 0.600521 0.024074 0.047396
0 0.697917 0.240495 0.076389 0.014844
0 0.962269 0.454036 0.021759 0.051302
0 0.265509 0.286068 0.063426 0.017448
0 0.803009 0.211849 0.071759 0.014844
0 0.830324 0.125651 0.026389 0.040365
0 0.911343 0.215755 0.031019 0.033073
0 0.897454 0.483984 0.031019 0.033073
0 0.825694 0.606380 0.026389 0.038281
0 0.758565 0.808203 0.068056 0.014844
0 0.520139 0.778255 0.026389 0.038281
0 0.494213 0.206641 0.067130 0.014844
0 0.559491 0.536719 0.021759 0.044792
0 0.332639 0.591406 0.021759 0.044792
0 0.461806 0.313411 0.020833 0.046094
0 0.297454 0.468099 0.025463 0.037760
0 0.564120 0.645443 0.077315 0.012240
0 0.425231 0.434505 0.021759 0.043490
0 0.212269 0.885026 0.077315 0.012240
0 0.256250 0.355078 0.026389 0.035677
0 0.295602 0.860286 0.095833 0.009635
0 0.505787 0.414974 0.062500 0.014844
0 0.429861 0.569271 0.021759 0.042188
0 0.412500 0.664974 0.061111 0.014844
0 0.782407 0.464453 0.060185 0.014844
0 0.809491 0.407161 0.021759 0.040885
0 0.888194 0.185807 0.021759 0.040885
0 0.205324 0.115495 0.017130 0.051302
0 0.520139 0.230078 0.017130 0.051302
0 0.288657 0.375911 0.017130 0.051302
0 0.515046 0.797786 0.090278 0.009635
0 0.476157 0.651953 0.058796 0.014844
0 0.883565 0.535417 0.077315 0.010937
0 0.633102 0.366797 0.030093 0.027865
0 0.649769 0.820964 0.091204 0.009115
0 0.153935 0.235286 0.016204 0.051302
0 0.507407 0.556901 0.065741 0.012240
0 0.288657 0.177995 0.026389 0.030469
0 0.517824 0.132161 0.068056 0.011719
0 0.237269 0.135026 0.016204 0.048698
0 0.193750 0.378516 0.021759 0.035677
0 0.365046 0.159766 0.021759 0.035677
0 0.851157 0.097266 0.021759 0.035677
0 0.867361 0.465755 0.017130 0.043490
0 0.950694 0.603776 0.017130 0.043490
0 0.496991 0.185807 0.072685 0.009635
0 0.638194 0.580078 0.058796 0.011719
0 0.769444 0.308203 0.046296 0.014844
0 0.603472 0.224870 0.026389 0.025260
0 0.649769 0.189714 0.054167 0.012240
0 0.459954 0.436849 0.054167 0.011719
0 0.623843 0.766276 0.067130 0.009115
0 0.675926 0.616146 0.023148 0.026562
0 0.316435 0.417578 0.017130 0.035677
0 0.237731 0.901953 0.063426 0.009635
0 0.830324 0.823828 0.017130 0.035677
0 0.865046 0.116797 0.049537 0.012240
0 0.282870 0.241797 0.014815 0.038281
0 0.409028 0.273047 0.044907 0.012240
0 0.749306 0.380859 0.021759 0.024740
0 0.270139 0.162370 0.017130 0.030469
0 0.652083 0.345964 0.040278 0.012240
0 0.788194 0.852214 0.053241 0.009115
0 0.164815 0.270443 0.037963 0.012240
0 0.909028 0.666276 0.017130 0.022656
0 0.621991 0.478516 0.054167 0.006510
0 0.979630 0.360026 0.037963 0.009115
0 0.153241 0.822266 0.051852 0.006510
0 0.993519 0.640234 0.010185 0.012240
0 0.665509 0.997656 0.020833 0.003125
