0 0.924537 0.020443 0.148148 0.027865
0 0.700694 0.529297 0.054167 0.066406
0 0.242361 0.717057 0.044907 0.077344
0 0.434491 0.702734 0.058796 0.059115
0 0.508565 0.569922 0.105093 0.033073
0 0.681019 0.285807 0.125926 0.027344
0 0.383565 0.435547 0.114352 0.029948
0 0.439120 0.834245 0.040278 0.077344
0 0.685648 0.349870 0.033333 0.087760
0 0.135880 0.424089 0.054167 0.053906
0 0.589583 0.858984 0.044907 0.064323
0 0.818750 0.560807 0.049537 0.056510
0 0.726157 0.356771 0.040278 0.065104
0 0.749306 0.233984 0.114352 0.022656
0 0.367361 0.845964 0.091204 0.027865
0 0.735417 0.810807 0.049537 0.051302
0 0.161343 0.885677 0.105093 0.023958
0 0.409028 0.737891 0.044907 0.051302
0 0.274769 0.789974 0.044907 0.051302
0 0.830324 0.510026 0.100463 0.022656
0 0.590741 0.391536 0.047222 0.046094
0 0.411343 0.825130 0.040278 0.053906
0 0.869676 0.116797 0.095833 0.022656
0 0.898611 0.619401 0.042593 0.048698
0 0.670602 0.740495 0.040278 0.051302
0 0.168287 0.791276 0.026389 0.074740
0 0.534028 0.463802 0.081944 0.023958
0 0.165972 0.689714 0.040278 0.048698
0 0.540972 0.498307 0.040278 0.046094
0 0.531713 0.728776 0.031019 0.059115
0 0.453009 0.439714 0.031019 0.059115
0 0.080324 0.409766 0.044907 0.040885
0 0.142824 0.599870 0.031019 0.056510
0 0.647454 0.520182 0.077315 0.022135
0 0.596528 0.751563 0.105093 0.016146
0 0.571759 0.627214 0.074074 0.022656
0 0.628935 0.414974 0.040278 0.040885
0 0.800231 0.443620 0.040278 0.040885
0 0.084954 0.282161 0.081944 0.020052
0 0.292824 0.847266 0.081019 0.020052
0 0.436343 0.351562 0.034722 0.044271
0 0.480787 0.720703 0.040278 0.037760
0 0.420602 0.778255 0.031019 0.048698
0 0.184491 0.759766 0.068056 0.022135
0 0.867361 0.433203 0.026389 0.056510
0 0.948380 0.381120 0.021759 0.066927
0 0.756250 0.735286 0.035648 0.040885
0 0.371991 0.743099 0.035648 0.040885
0 0.737269 0.901953 0.071759 0.020052
0 0.645139 0.773047 0.081944 0.017448
0 0.596528 0.302995 0.031019 0.046094
0 0.596065 0.763932 0.094907 0.014844
0 0.885417 0.388672 0.034722 0.040365
0 0.891667 0.201172 0.070370 0.019531
0 0.540972 0.698828 0.068056 0.020052
0 0.807176 0.701432 0.026389 0.051302
0 0.328009 0.693620 0.021759 0.061719
0 0.359954 0.786068 0.020833 0.064323
0 0.052546 0.696875 0.035648 0.036979
0 0.434028 0.636068 0.067130 0.019531
0 0.888194 0.881120 0.086574 0.014844
0 0.862731 0.736589 0.026389 0.048698
0 0.540972 0.878516 0.086574 0.014844
0 0.223843 0.530599 0.026389 0.048177
0 0.200694 0.513932 0.035648 0.035677
0 0.473843 0.757422 0.072685 0.017448
0 0.753935 0.651953 0.031019 0.040885
0 0.270139 0.296484 0.072685 0.017448
0 0.517824 0.657161 0.031019 0.040885
0 0.797917 0.793229 0.026389 0.047396
0 0.719213 0.656901 0.035648 0.035156
0 0.244213 0.568620 0.030093 0.040885
0 0.214583 0.560156 0.035648 0.034375
0 0.214583 0.477474 0.026389 0.046094
0 0.589583 0.412370 0.081944 0.014844
0 0.256250 0.669531 0.063426 0.018750
0 0.165972 0.447526 0.068056 0.017448
0 0.753935 0.585547 0.068056 0.017448
0 0.265509 0.390234 0.035648 0.033073
0 0.909028 0.658464 0.035648 0.033073
0 0.748843 0.510677 0.020833 0.055208
0 0.626620 0.220964 0.026389 0.043490
0 0.339583 0.796484 0.026389 0.043490
0 0.191435 0.700130 0.026389 0.043490
0 0.216898 0.193359 0.058796 0.019531
0 0.927083 0.369401 0.025463 0.043490
0 0.587269 0.719661 0.031019 0.035677
0 0.440972 0.206641 0.071759 0.014844
0 0.788657 0.623047 0.026389 0.040365
0 0.389352 0.413672 0.061111 0.017448
0 0.619676 0.671484 0.021759 0.048698
0 0.221065 0.763672 0.020833 0.050781
0 0.278935 0.644141 0.025463 0.040885
0 0.527083 0.192318 0.058796 0.017448
0 0.846528 0.270443 0.031019 0.033073
0 0.175231 0.562109 0.031019 0.033073
0 0.648611 0.461849 0.033333 0.030469
0 0.499306 0.274349 0.068056 0.014844
0 0.115046 0.677995 0.068056 0.014844
0 0.737731 0.773047 0.026389 0.038281
0 0.235417 0.470703 0.031019 0.032552
0 0.112731 0.218099 0.026389 0.037760
0 0.251620 0.902995 0.081944 0.011719
0 0.084491 0.468099 0.025463 0.037760
0 0.767824 0.572526 0.077315 0.012240
0 0.529398 0.418880 0.017130 0.053906
0 0.096065 0.414974 0.030093 0.030469
0 0.009722 0.816016 0.019444 0.046094
0 0.501620 0.595964 0.072685 0.012240
0 0.182176 0.541276 0.072685 0.012240
0 0.621528 0.785417 0.081019 0.010937
0 0.948380 0.631510 0.031019 0.028646
0 0.135880 0.720964 0.026389 0.033073
0 0.281713 0.732682 0.058796 0.014844
0 0.809491 0.269141 0.058796 0.014844
0 0.679861 0.615495 0.058796 0.014844
0 0.295139 0.513932 0.020833 0.040885
0 0.612269 0.543880 0.025463 0.033073
0 0.564120 0.802734 0.058796 0.014323
0 0.015509 0.840104 0.026389 0.031771
0 0.869676 0.642578 0.021759 0.037760
0 0.762731 0.559505 0.067130 0.012240
0 0.146991 0.369141 0.048611 0.016927
0 0.344213 0.745703 0.026389 0.030469
0 0.192130 0.155859 0.064815 0.012240
0 0.538657 0.493099 0.081944 0.009635
0 0.487731 0.899349 0.081944 0.009635
0 0.344213 0.711589 0.026389 0.029948
0 0.149769 0.494401 0.063426 0.012240
0 0.566435 0.593359 0.017130 0.043490
0 0.075694 0.223568 0.026389 0.027865
0 0.665972 0.817318 0.021759 0.033073
0 0.147454 0.505859 0.077315 0.009115
0 0.218750 0.692318 0.016204 0.043490
0 0.436806 0.545573 0.026389 0.026042
0 0.700694 0.753516 0.026389 0.025260
0 0.441435 0.748307 0.026389 0.025260
0 0.503935 0.677995 0.021759 0.030469
0 0.716435 0.189062 0.020833 0.031771
0 0.244676 0.362891 0.068056 0.009635
0 0.147454 0.355078 0.068056 0.009635
0 0.153935 0.900651 0.053241 0.012240
0 0.469213 0.498958 0.017130 0.036979
0 0.590741 0.360286 0.065741 0.009635
0 0.348843 0.386328 0.063426 0.009635
0 0.070602 0.659766 0.016204 0.035677
0 0.177546 0.468359 0.017130 0.033073
0 0.740046 0.102474 0.058796 0.009635
0 0.228472 0.619401 0.017130 0.033073
0 0.043287 0.335547 0.017130 0.033073
0 0.137731 0.459245 0.057870 0.009635
0 0.885880 0.173828 0.044907 0.011719
0 0.784028 0.396745 0.017130 0.030469
0 0.746991 0.912370 0.054167 0.009635
0 0.466898 0.685156 0.021759 0.023958
0 0.941435 0.534505 0.017130 0.029948
0 0.510417 0.703776 0.053241 0.009115
0 0.844213 0.231641 0.017130 0.027344
0 0.343750 0.635026 0.016204 0.027865
0 0.234954 0.414714 0.039352 0.009115
0 0.135880 0.472917 0.054167 0.005729
0 0.466898 0.996354 0.049537 0.005729
