0 0.103472 0.979427 0.202315 0.039583
0 0.855324 0.603776 0.076389 0.069531
0 0.917130 0.517839 0.125926 0.038281
0 0.165509 0.152995 0.057870 0.074219
0 0.774769 0.576432 0.063426 0.061719
0 0.841898 0.741797 0.132870 0.027865
0 0.112731 0.612891 0.035648 0.082552
0 0.385880 0.286068 0.054167 0.053906
0 0.253935 0.722266 0.095833 0.030469
0 0.253935 0.894141 0.114352 0.025260
0 0.793287 0.448828 0.054167 0.051302
0 0.797454 0.368099 0.090278 0.030469
0 0.926389 0.711849 0.107407 0.025260
0 0.069907 0.014974 0.098148 0.027344
0 0.293287 0.398047 0.044907 0.059115
0 0.258565 0.761068 0.086574 0.029948
0 0.209954 0.847266 0.128241 0.020052
0 0.575000 0.012630 0.111111 0.022656
0 0.899306 0.690755 0.127315 0.019531
0 0.397454 0.373047 0.040278 0.061198
0 0.615046 0.787370 0.095833 0.025260
0 0.182176 0.879557 0.044907 0.053385
0 0.871991 0.111979 0.100463 0.023438
0 0.760880 0.343359 0.081944 0.027865
0 0.140509 0.494401 0.081944 0.027865
0 0.693750 0.409766 0.086574 0.025260
0 0.947222 0.274349 0.084259 0.025260
0 0.876620 0.551042 0.128241 0.016146
0 0.552546 0.396745 0.044907 0.046094
0 0.512037 0.351172 0.047222 0.043490
0 0.479630 0.358984 0.037963 0.053906
0 0.172917 0.557943 0.044907 0.045573
0 0.807176 0.429948 0.044907 0.044792
0 0.101157 0.722917 0.031019 0.063021
0 0.293287 0.288672 0.035648 0.053906
0 0.693750 0.527344 0.040278 0.046875
0 0.190278 0.457943 0.107407 0.017448
0 0.873148 0.177995 0.093519 0.020052
0 0.358102 0.875260 0.044907 0.041146
0 0.446065 0.633724 0.044907 0.040885
0 0.608102 0.267578 0.081944 0.022135
0 0.979630 0.657161 0.037963 0.046094
0 0.456481 0.451432 0.037963 0.046094
0 0.422917 0.604427 0.072685 0.023958
0 0.633565 0.681641 0.077315 0.022135
0 0.531713 0.319271 0.040278 0.042188
0 0.403935 0.476172 0.034722 0.048698
0 0.631250 0.116797 0.072685 0.022656
0 0.642824 0.490495 0.040278 0.040885
0 0.279398 0.441016 0.035648 0.046094
0 0.163657 0.920182 0.081944 0.020052
0 0.098843 0.862891 0.035648 0.046094
0 0.360417 0.521745 0.031019 0.051302
0 0.246991 0.431901 0.026389 0.059115
0 0.131250 0.655859 0.035648 0.043490
0 0.978472 0.752214 0.035648 0.043490
0 0.156713 0.806901 0.068056 0.022656
0 0.110417 0.299089 0.040278 0.038281
0 0.662037 0.608724 0.069444 0.022135
0 0.619676 0.082943 0.086574 0.017448
0 0.878935 0.080339 0.086574 0.017448
0 0.434491 0.556250 0.031019 0.047396
0 0.307176 0.339453 0.035648 0.040885
0 0.793287 0.490234 0.035648 0.040365
0 0.369676 0.412370 0.031019 0.046094
0 0.950694 0.530859 0.081944 0.017448
0 0.881250 0.595964 0.026389 0.053906
0 0.017824 0.024089 0.031019 0.045573
0 0.188657 0.745703 0.030093 0.046094
0 0.411343 0.532161 0.068056 0.020052
0 0.733102 0.403255 0.035648 0.038281
0 0.131250 0.437109 0.035648 0.038281
0 0.422454 0.319922 0.034722 0.038281
0 0.499306 0.563151 0.068056 0.019531
0 0.090741 0.365495 0.028704 0.046094
0 0.668287 0.632422 0.026389 0.048698
0 0.686806 0.730078 0.035648 0.035677
0 0.325694 0.368099 0.035648 0.035677
0 0.110417 0.677995 0.031019 0.040885
0 0.204861 0.409766 0.034722 0.035677
0 0.455324 0.826432 0.081944 0.014844
0 0.154398 0.667578 0.026389 0.046094
0 0.524769 0.753516 0.026389 0.046094
0 0.561806 0.989844 0.063426 0.018750
0 0.619676 0.325130 0.068056 0.017448
0 0.510880 0.309505 0.035648 0.033073
0 0.883565 0.869141 0.021759 0.053385
0 0.322917 0.821224 0.057870 0.020052
0 0.480787 0.535807 0.068056 0.016927
0 0.362731 0.164323 0.026389 0.042188
0 0.617361 0.664323 0.081944 0.013542
0 0.818750 0.714193 0.077315 0.014323
0 0.753472 0.159505 0.076389 0.014323
0 0.487731 0.513932 0.026389 0.040885
0 0.557176 0.776953 0.072685 0.014844
0 0.573380 0.700130 0.031019 0.033073
0 0.146991 0.447917 0.030093 0.033854
0 0.281250 0.606380 0.057870 0.017448
0 0.309491 0.146745 0.021759 0.046094
0 0.324537 0.637630 0.079630 0.012240
0 0.417130 0.720964 0.079630 0.012240
0 0.753935 0.421484 0.021759 0.043490
0 0.341898 0.767839 0.021759 0.043490
0 0.776620 0.783464 0.076389 0.012240
0 0.366898 0.614193 0.053241 0.017448
0 0.691435 0.745443 0.063426 0.014323
0 0.844213 0.390885 0.026389 0.034375
0 0.696065 0.142839 0.072685 0.012240
0 0.559491 0.201432 0.021759 0.040885
0 0.483102 0.606380 0.026389 0.033073
0 0.973843 0.137630 0.026389 0.033073
0 0.784028 0.082682 0.072685 0.011719
0 0.341898 0.431250 0.077315 0.010937
0 0.527083 0.181901 0.021759 0.038281
0 0.642361 0.577734 0.067130 0.012240
0 0.946065 0.641536 0.026389 0.030469
0 0.594213 0.120703 0.026389 0.030469
0 0.223380 0.709245 0.053241 0.014844
0 0.647454 0.219661 0.021759 0.035677
0 0.163657 0.780859 0.063426 0.012240
0 0.762037 0.150000 0.047222 0.016146
0 0.756250 0.388021 0.026389 0.028646
0 0.061806 0.864193 0.017130 0.043490
0 0.712269 0.110286 0.077315 0.009635
0 0.742361 0.309505 0.017130 0.043490
0 0.723843 0.543880 0.026389 0.027865
0 0.466435 0.624609 0.057870 0.012240
0 0.256250 0.672786 0.072685 0.009635
0 0.427546 0.769141 0.072685 0.009635
0 0.442593 0.843359 0.056481 0.012240
0 0.846065 0.853125 0.020833 0.031771
0 0.251620 0.697526 0.017130 0.038281
0 0.492361 0.319010 0.017130 0.036458
0 0.283565 0.650651 0.016204 0.038281
0 0.353472 0.357682 0.017130 0.035677
0 0.540509 0.153255 0.048611 0.012240
0 0.991204 0.473568 0.014815 0.038281
0 0.208333 0.667318 0.060185 0.009115
0 0.522454 0.657161 0.021759 0.025260
0 0.745833 0.493490 0.014815 0.036458
0 0.621991 0.360286 0.054167 0.009635
0 0.569907 0.555339 0.014815 0.029948
0 0.510880 0.912370 0.044907 0.009635
0 0.557176 0.541276 0.017130 0.022656
0 0.237731 0.587891 0.017130 0.022135
0 0.981944 0.782161 0.033333 0.009635
0 0.615046 0.034766 0.031019 0.009635
0 0.432176 0.997656 0.017130 0.003125
