0 0.351157 0.071224 0.243981 0.051302
0 0.538657 0.619401 0.230093 0.053906
0 0.240046 0.321224 0.077315 0.072135
0 0.253935 0.521745 0.142130 0.035677
0 0.816435 0.870443 0.063426 0.066406
0 0.436806 0.135026 0.118981 0.033073
0 0.723843 0.331641 0.109722 0.035677
0 0.367361 0.878516 0.137500 0.025260
0 0.346528 0.418880 0.049537 0.069531
0 0.659028 0.288672 0.118981 0.027865
0 0.447917 0.469661 0.057870 0.056510
0 0.463426 0.357682 0.098148 0.030469
0 0.311806 0.173828 0.054167 0.053385
0 0.253935 0.797526 0.095833 0.029948
0 0.903241 0.218359 0.162963 0.017448
0 0.971528 0.836849 0.049537 0.056510
0 0.628935 0.472266 0.049537 0.056510
0 0.538657 0.392839 0.118981 0.022656
0 0.193750 0.485026 0.040278 0.066406
0 0.693750 0.602865 0.049537 0.052083
0 0.712269 0.375911 0.031019 0.077344
0 0.615046 0.771745 0.114352 0.020052
0 0.395139 0.180599 0.109722 0.020052
0 0.723843 0.450130 0.026389 0.079948
0 0.561806 0.480469 0.026389 0.078125
0 0.722685 0.592057 0.042593 0.046094
0 0.979630 0.329036 0.037963 0.051302
0 0.693750 0.504818 0.031019 0.059115
0 0.450694 0.066016 0.044907 0.040885
0 0.228472 0.348568 0.072685 0.022656
0 0.258102 0.258724 0.039352 0.040885
0 0.640509 0.166276 0.091204 0.017448
0 0.721528 0.549089 0.031019 0.048698
0 0.890509 0.008724 0.091204 0.014844
0 0.078009 0.125911 0.021759 0.061719
0 0.665509 0.559505 0.076389 0.017448
0 0.341898 0.513932 0.086574 0.014844
0 0.568287 0.260026 0.067130 0.017448
0 0.645139 0.427995 0.072685 0.014844
0 0.964583 0.124609 0.026389 0.038281
0 0.728472 0.319922 0.081944 0.012240
0 0.217593 0.636328 0.060185 0.014844
0 0.432176 0.659505 0.091204 0.009115
0 0.631250 0.201432 0.063426 0.009635
0 0.100694 0.993099 0.039352 0.009635
0 0.993519 0.220052 0.010185 0.031250
