0 0.883565 0.668880 0.114352 0.111198
0 0.872685 0.552995 0.092593 0.098177
0 0.781713 0.455339 0.086574 0.095573
0 0.851157 0.483984 0.132870 0.043490
0 0.610417 0.226172 0.068056 0.064323
0 0.094213 0.137370 0.054167 0.079427
0 0.700694 0.404557 0.054167 0.077344
0 0.105787 0.616797 0.058796 0.064323
0 0.346528 0.849870 0.095833 0.030469
0 0.859954 0.783203 0.039352 0.069010
0 0.935648 0.214453 0.125926 0.020052
0 0.189120 0.466406 0.049537 0.050000
0 0.772454 0.114583 0.105093 0.023438
0 0.609954 0.606380 0.048611 0.048698
0 0.809028 0.528255 0.113426 0.017448
0 0.846528 0.637630 0.040278 0.048698
0 0.892824 0.425391 0.031019 0.061719
0 0.946065 0.287370 0.072685 0.025260
0 0.332639 0.254818 0.077315 0.022656
0 0.951852 0.262630 0.093519 0.017448
0 0.958796 0.691016 0.079630 0.020052
0 0.614583 0.239193 0.039352 0.038281
0 0.811806 0.433203 0.026389 0.051302
0 0.246528 0.086849 0.090278 0.014844
0 0.584954 0.346615 0.035648 0.036979
0 0.888194 0.008724 0.086574 0.014844
0 0.115046 0.852474 0.086574 0.014844
0 0.740046 0.542578 0.021759 0.056510
0 0.961111 0.402604 0.075000 0.016146
0 0.239583 0.296484 0.067130 0.017448
0 0.647454 0.301432 0.031019 0.032552
0 0.714120 0.515234 0.025463 0.038281
0 0.968056 0.131120 0.061111 0.014844
0 0.890509 0.852474 0.017130 0.051302
0 0.970370 0.237891 0.056481 0.014844
0 0.939120 0.207943 0.068056 0.012240
0 0.860417 0.093359 0.021759 0.038281
0 0.175231 0.375651 0.086574 0.009115
0 0.228009 0.068359 0.081019 0.009115
0 0.214583 0.511979 0.017130 0.042188
0 0.677083 0.741797 0.016204 0.043490
0 0.802083 0.757422 0.016204 0.043490
0 0.265509 0.123307 0.072685 0.009635
0 0.571065 0.680599 0.017130 0.040885
0 0.855324 0.036068 0.020833 0.033073
0 0.239583 0.374609 0.048611 0.012240
0 0.890509 0.490495 0.017130 0.030469
0 0.603009 0.442057 0.071759 0.006510
0 0.691435 0.929297 0.035648 0.012240
0 0.098843 0.993099 0.044907 0.009635
