0 0.362731 0.014974 0.193056 0.027344
0 0.647454 0.498307 0.058796 0.082552
0 0.547454 0.789974 0.118056 0.040885
0 0.797917 0.424740 0.118981 0.039583
0 0.795602 0.641536 0.040278 0.108594
0 0.082639 0.573828 0.142130 0.030469
0 0.212269 0.624609 0.049537 0.085156
0 0.163657 0.774349 0.063426 0.061719
0 0.453009 0.477474 0.160648 0.020052
0 0.751620 0.443620 0.054167 0.056510
0 0.483102 0.821224 0.118981 0.025260
0 0.735417 0.171484 0.123611 0.022656
0 0.172917 0.602474 0.044907 0.061719
0 0.200694 0.394141 0.044907 0.056510
0 0.885880 0.784766 0.044907 0.056510
0 0.853472 0.486589 0.044907 0.053906
0 0.270139 0.614193 0.044907 0.053906
0 0.346528 0.536068 0.049537 0.048698
0 0.927546 0.339193 0.044907 0.050781
0 0.694907 0.814714 0.079630 0.027865
0 0.117361 0.163672 0.044907 0.048698
0 0.932176 0.891536 0.081944 0.025260
0 0.422917 0.844661 0.044907 0.046094
0 0.469213 0.542578 0.081944 0.025260
0 0.920602 0.435807 0.040278 0.051302
0 0.244676 0.804297 0.086574 0.022656
0 0.527083 0.668880 0.086574 0.022656
0 0.763194 0.382422 0.040278 0.048698
0 0.668287 0.559505 0.044907 0.043490
0 0.066435 0.173437 0.091204 0.021354
0 0.899769 0.674089 0.035648 0.053906
0 0.596528 0.191016 0.040278 0.046094
0 0.207639 0.737891 0.040278 0.046094
0 0.376620 0.480078 0.072685 0.025260
0 0.411343 0.884766 0.105093 0.016927
0 0.777083 0.181901 0.040278 0.043490
0 0.274769 0.289323 0.072685 0.023958
0 0.265046 0.543880 0.099537 0.017448
0 0.913657 0.111589 0.035648 0.048698
0 0.203009 0.810807 0.086574 0.020052
0 0.552546 0.379818 0.035648 0.048698
0 0.160880 0.137630 0.039352 0.043490
0 0.828009 0.189453 0.077315 0.022135
0 0.689120 0.491146 0.040278 0.042188
0 0.619676 0.166276 0.095833 0.017448
0 0.047917 0.693620 0.081944 0.020052
0 0.478009 0.731380 0.071759 0.022656
0 0.265509 0.169922 0.026389 0.061198
0 0.697917 0.621745 0.030093 0.053385
0 0.885880 0.125260 0.035648 0.044792
0 0.269676 0.666276 0.090278 0.017448
0 0.523611 0.405599 0.070370 0.022135
0 0.095370 0.500911 0.037963 0.040885
0 0.513194 0.136328 0.077315 0.020052
0 0.323380 0.224870 0.077315 0.020052
0 0.109954 0.204036 0.076389 0.020052
0 0.607639 0.286068 0.034722 0.043490
0 0.112731 0.219010 0.109722 0.013542
0 0.719213 0.495703 0.035648 0.040885
0 0.740046 0.151953 0.095833 0.014844
0 0.459491 0.773047 0.025463 0.053906
0 0.619676 0.362891 0.068056 0.020052
0 0.696065 0.756120 0.091204 0.014844
0 0.811806 0.125911 0.091204 0.014844
0 0.311806 0.336849 0.091204 0.014844
0 0.221528 0.905859 0.077315 0.017448
0 0.878935 0.262630 0.077315 0.017448
0 0.349537 0.243490 0.083333 0.015625
0 0.653241 0.686458 0.061111 0.021354
0 0.830324 0.310807 0.035648 0.035677
0 0.418287 0.515234 0.072685 0.017448
0 0.862731 0.861589 0.072685 0.017448
0 0.320602 0.895443 0.071759 0.017448
0 0.357639 0.601172 0.025463 0.048698
0 0.216898 0.123047 0.086574 0.014323
0 0.358102 0.413672 0.100463 0.012240
0 0.920139 0.647786 0.020833 0.058594
0 0.248148 0.397396 0.075000 0.016146
0 0.855787 0.340755 0.031019 0.038281
0 0.508565 0.485286 0.077315 0.014844
0 0.360417 0.805339 0.058796 0.019531
0 0.203009 0.439063 0.031019 0.036979
0 0.555324 0.214193 0.057870 0.019531
0 0.510880 0.864193 0.063426 0.017448
0 0.411343 0.722266 0.031019 0.035677
0 0.517361 0.182943 0.076389 0.014323
0 0.054861 0.367839 0.031019 0.035156
0 0.152083 0.641276 0.031019 0.035156
0 0.538657 0.151953 0.072685 0.014844
0 0.390509 0.121745 0.091204 0.011719
0 0.527083 0.163672 0.086574 0.012240
0 0.323380 0.556641 0.021759 0.048177
0 0.486574 0.592057 0.070370 0.014844
0 0.614583 0.197526 0.020833 0.048698
0 0.661343 0.162370 0.068056 0.014844
0 0.693750 0.547786 0.068056 0.014844
0 0.179861 0.587891 0.031019 0.032552
0 0.101157 0.658203 0.031019 0.032552
0 0.948380 0.164974 0.021759 0.046094
0 0.785880 0.561849 0.030093 0.032552
0 0.464583 0.902995 0.081944 0.011719
0 0.447917 0.491146 0.030093 0.031771
0 0.165972 0.618099 0.031019 0.030469
0 0.564120 0.644141 0.031019 0.030469
0 0.415972 0.164974 0.031019 0.030469
0 0.501620 0.414974 0.063426 0.014844
0 0.936806 0.873307 0.063426 0.014844
0 0.043287 0.469661 0.026389 0.035677
0 0.535880 0.926693 0.076389 0.012240
0 0.771991 0.833594 0.020833 0.044792
0 0.399306 0.524349 0.062500 0.014844
0 0.096065 0.745443 0.030093 0.029948
0 0.828009 0.675391 0.021759 0.040885
0 0.140509 0.159766 0.017130 0.051302
0 0.292130 0.134766 0.075000 0.011719
0 0.059491 0.524089 0.021759 0.040365
0 0.615046 0.677995 0.058796 0.014844
0 0.457639 0.859635 0.021759 0.039583
0 0.293287 0.798828 0.026389 0.032552
0 0.645139 0.277995 0.026389 0.032552
0 0.939120 0.252214 0.068056 0.012240
0 0.615046 0.733984 0.021759 0.038281
0 0.707639 0.903255 0.068056 0.012240
0 0.565972 0.370443 0.016204 0.050781
0 0.934028 0.288672 0.020833 0.038281
0 0.346528 0.392578 0.068056 0.011719
0 0.430556 0.919922 0.055556 0.014323
0 0.677083 0.427995 0.053241 0.014844
0 0.200231 0.651953 0.025463 0.030469
0 0.565972 0.335547 0.062500 0.012240
0 0.263194 0.354818 0.021759 0.035156
0 0.432176 0.614193 0.017130 0.043490
0 0.631250 0.572526 0.026389 0.027865
0 0.115046 0.687109 0.021759 0.033073
0 0.554861 0.491797 0.021759 0.033073
0 0.684491 0.345964 0.021759 0.033073
0 0.703009 0.107422 0.077315 0.009115
0 0.370370 0.134766 0.060185 0.011719
0 0.520139 0.826432 0.072685 0.009635
0 0.487731 0.219661 0.072685 0.009635
0 0.941435 0.617839 0.017130 0.040365
0 0.397454 0.793229 0.021759 0.031771
0 0.878935 0.389974 0.058796 0.011719
0 0.983102 0.248698 0.026389 0.026042
0 0.060648 0.836849 0.070370 0.009635
0 0.834954 0.133464 0.072685 0.009115
0 0.223843 0.302995 0.026389 0.025260
0 0.059491 0.659766 0.021759 0.030469
0 0.753935 0.230078 0.068056 0.009635
0 0.649306 0.216797 0.016204 0.040365
0 0.596065 0.894141 0.067130 0.009635
0 0.315278 0.860286 0.065741 0.009635
0 0.175926 0.197526 0.050926 0.012240
0 0.274769 0.217057 0.063426 0.009635
0 0.328009 0.720964 0.021759 0.027865
0 0.244676 0.694922 0.021759 0.027865
0 0.318750 0.747005 0.049537 0.012240
0 0.443287 0.390234 0.048611 0.012240
0 0.020139 0.741797 0.017130 0.033073
0 0.464583 0.714453 0.017130 0.030469
0 0.793287 0.334245 0.054167 0.009635
0 0.344213 0.693620 0.054167 0.009635
0 0.153241 0.465755 0.042593 0.012240
0 0.348380 0.258724 0.053241 0.009635
0 0.751620 0.560156 0.017130 0.029167
0 0.552083 0.555599 0.016204 0.030469
0 0.411343 0.655859 0.021759 0.022656
0 0.290972 0.161068 0.040278 0.012240
0 0.485417 0.687109 0.068056 0.007031
0 0.464583 0.171224 0.017130 0.027344
0 0.457176 0.266536 0.020833 0.020052
0 0.749306 0.122005 0.012500 0.033073
0 0.564120 0.041016 0.021759 0.006510
