0 0.900926 0.862891 0.195370 0.066927
0 0.096528 0.982031 0.188426 0.034375
0 0.936806 0.209896 0.063426 0.063021
0 0.404398 0.226172 0.054167 0.069531
0 0.670602 0.885026 0.160648 0.022656
0 0.117361 0.872005 0.100463 0.033073
0 0.112731 0.166276 0.109722 0.027865
0 0.126157 0.485286 0.090278 0.030469
0 0.804861 0.170182 0.105093 0.025260
0 0.855787 0.805339 0.123611 0.019531
0 0.939120 0.168620 0.049537 0.048177
0 0.172917 0.804036 0.081944 0.027344
0 0.591435 0.348307 0.039352 0.053385
0 0.142824 0.843359 0.114352 0.017448
0 0.464583 0.106380 0.035648 0.053906
0 0.692593 0.276953 0.028704 0.061719
0 0.094213 0.688411 0.118981 0.014844
0 0.929861 0.898698 0.123611 0.013542
0 0.182176 0.383073 0.035648 0.044792
0 0.121991 0.388281 0.035648 0.044792
0 0.635417 0.132422 0.081019 0.017448
0 0.459954 0.561458 0.081944 0.016146
0 0.661343 0.102474 0.086574 0.014844
0 0.228472 0.147396 0.026389 0.047396
0 0.633565 0.880859 0.086574 0.014323
0 0.290972 0.382812 0.021759 0.054688
0 0.688657 0.896745 0.076389 0.014844
0 0.561806 0.119401 0.091204 0.012240
0 0.152083 0.220312 0.021759 0.042188
0 0.533565 0.857031 0.016204 0.055208
0 0.420602 0.712891 0.021759 0.027344
