0 0.536343 0.618099 0.225463 0.051302
0 0.929861 0.370703 0.077315 0.077344
0 0.730787 0.453776 0.123611 0.040365
0 0.728472 0.284115 0.118981 0.039583
0 0.887037 0.579036 0.047222 0.077344
0 0.510880 0.778906 0.109722 0.029167
0 0.763194 0.088151 0.049537 0.064323
0 0.918287 0.138932 0.146759 0.020052
0 0.371528 0.808203 0.090278 0.030469
0 0.138194 0.792578 0.049537 0.051302
0 0.484954 0.442318 0.104167 0.022656
0 0.567593 0.851172 0.084259 0.027865
0 0.297917 0.899349 0.091204 0.025260
0 0.682176 0.148047 0.081944 0.027865
0 0.535880 0.198828 0.030093 0.066927
0 0.311343 0.839453 0.099537 0.020052
0 0.267361 0.275651 0.039352 0.048698
0 0.390046 0.858984 0.108796 0.017448
0 0.529398 0.316667 0.044907 0.042188
0 0.793287 0.122005 0.081944 0.022656
0 0.464583 0.321224 0.072685 0.025260
0 0.881250 0.110286 0.072685 0.025260
0 0.973843 0.068620 0.035648 0.051302
0 0.939120 0.616797 0.040278 0.043490
0 0.744676 0.442318 0.095833 0.017448
0 0.770139 0.461849 0.081944 0.020052
0 0.778241 0.792578 0.079630 0.020052
0 0.581019 0.546224 0.037037 0.042969
0 0.981944 0.610547 0.033333 0.045573
0 0.830324 0.085286 0.063426 0.022135
0 0.890509 0.008464 0.091204 0.014323
0 0.061806 0.375000 0.026389 0.049479
0 0.935648 0.291016 0.024074 0.053385
0 0.943750 0.068620 0.031019 0.040885
0 0.360417 0.064714 0.068056 0.017448
0 0.082639 0.533464 0.021759 0.048698
0 0.564120 0.090495 0.086574 0.011719
0 0.813657 0.461849 0.020833 0.046094
0 0.619676 0.074870 0.068056 0.011719
0 0.649306 0.464193 0.025463 0.029948
0 0.601157 0.120443 0.077315 0.009115
0 0.904398 0.487891 0.017130 0.040885
0 0.640046 0.274089 0.071759 0.009115
0 0.857639 0.753516 0.043981 0.014844
0 0.098843 0.993099 0.044907 0.009635
0 0.897454 0.211198 0.012500 0.029167
