0 0.816435 0.541016 0.183796 0.037760
0 0.543287 0.851172 0.128241 0.027865
0 0.126620 0.366797 0.054167 0.059115
0 0.703009 0.681901 0.114352 0.027865
0 0.096528 0.595964 0.040278 0.074740
0 0.096065 0.892578 0.104167 0.027344
0 0.154398 0.528255 0.100463 0.027865
0 0.839583 0.590755 0.100463 0.027865
0 0.513194 0.661068 0.095833 0.027865
0 0.793287 0.753516 0.044907 0.056510
0 0.290509 0.741797 0.048611 0.048698
0 0.351157 0.608073 0.049537 0.046875
0 0.402083 0.149349 0.049537 0.046094
0 0.942593 0.855078 0.047222 0.046094
0 0.686343 0.866797 0.043981 0.048698
0 0.936343 0.652604 0.043981 0.047396
0 0.209954 0.485286 0.044907 0.046094
0 0.235417 0.552995 0.040278 0.051302
0 0.837269 0.105729 0.077315 0.026562
0 0.216898 0.654297 0.040278 0.050781
0 0.049769 0.672786 0.030093 0.066927
0 0.439120 0.111589 0.114352 0.017448
0 0.837269 0.483984 0.040278 0.048698
0 0.249306 0.528255 0.040278 0.048698
0 0.521991 0.377214 0.039352 0.048698
0 0.663657 0.744141 0.035648 0.053385
0 0.675231 0.412109 0.095833 0.019531
0 0.740046 0.373307 0.123611 0.014844
0 0.505093 0.434505 0.079630 0.022656
0 0.506250 0.207943 0.100463 0.017448
0 0.858102 0.184505 0.100463 0.017448
0 0.165972 0.145443 0.077315 0.022656
0 0.443750 0.181901 0.040278 0.043490
0 0.368519 0.633724 0.037963 0.046094
0 0.212269 0.360286 0.086574 0.020052
0 0.418287 0.674089 0.035648 0.048698
0 0.271991 0.413672 0.076389 0.022656
0 0.311343 0.494401 0.034722 0.048698
0 0.485417 0.877214 0.095833 0.017448
0 0.904398 0.138932 0.081944 0.020052
0 0.518981 0.520443 0.033333 0.048698
0 0.446065 0.271484 0.081944 0.019531
0 0.515509 0.892839 0.128241 0.012240
0 0.268981 0.434245 0.070370 0.022135
0 0.323380 0.365495 0.077315 0.020052
0 0.957639 0.119401 0.040278 0.038281
0 0.813657 0.715755 0.067130 0.022656
0 0.480787 0.405859 0.086574 0.017448
0 0.735417 0.141276 0.077315 0.019531
0 0.578009 0.113542 0.040278 0.036979
0 0.867361 0.111589 0.081944 0.017448
0 0.906713 0.211849 0.095833 0.014844
0 0.939120 0.164974 0.095833 0.014844
0 0.851157 0.932943 0.095833 0.014323
0 0.390046 0.473307 0.081019 0.016927
0 0.919444 0.604688 0.065741 0.020833
0 0.064120 0.735286 0.068056 0.020052
0 0.840741 0.195573 0.037963 0.034375
0 0.293287 0.184505 0.026389 0.048698
0 0.237269 0.722917 0.034722 0.036979
0 0.612731 0.745703 0.063426 0.020052
0 0.485417 0.750911 0.031019 0.040885
0 0.417824 0.316016 0.062500 0.020052
0 0.411343 0.774089 0.031019 0.040365
0 0.737731 0.597005 0.063426 0.019531
0 0.797454 0.676042 0.025463 0.047396
0 0.388194 0.543880 0.068056 0.017448
0 0.145139 0.733984 0.035648 0.033073
0 0.172917 0.715755 0.035648 0.033073
0 0.054861 0.526693 0.058796 0.019531
0 0.214583 0.766536 0.026389 0.040885
0 0.705324 0.789974 0.026389 0.040885
0 0.418287 0.500911 0.026389 0.040885
0 0.681713 0.595313 0.025463 0.042188
0 0.045139 0.383724 0.020833 0.051302
0 0.540972 0.793880 0.086574 0.012240
0 0.124306 0.869401 0.086574 0.012240
0 0.709491 0.625911 0.025463 0.040885
0 0.554861 0.741797 0.058796 0.017448
0 0.499306 0.218359 0.058796 0.017448
0 0.508565 0.671224 0.086574 0.011719
0 0.084491 0.814714 0.025463 0.038281
0 0.131250 0.185807 0.063426 0.014844
0 0.443287 0.752865 0.020833 0.042188
0 0.453009 0.860286 0.058796 0.014844
0 0.626620 0.517839 0.026389 0.033073
0 0.946065 0.385026 0.026389 0.033073
0 0.469213 0.992448 0.063426 0.013542
0 0.867361 0.796224 0.072685 0.011719
0 0.841898 0.814714 0.068056 0.012240
0 0.540509 0.757422 0.067130 0.012240
0 0.260880 0.198828 0.054167 0.014844
0 0.547917 0.730078 0.026389 0.030469
0 0.737731 0.329036 0.026389 0.030469
0 0.459954 0.914974 0.081944 0.009635
0 0.223843 0.909766 0.081944 0.009635
0 0.251620 0.379818 0.063426 0.012240
0 0.258565 0.784766 0.021759 0.035677
0 0.071065 0.335547 0.026389 0.027865
0 0.496528 0.585286 0.062500 0.011719
0 0.721528 0.843359 0.021759 0.033073
0 0.264352 0.157161 0.014815 0.046094
0 0.469907 0.202734 0.055556 0.012240
0 0.825694 0.284766 0.026389 0.025260
0 0.647454 0.201432 0.068056 0.009635
0 0.108102 0.614193 0.017130 0.038281
0 0.369676 0.516536 0.068056 0.009635
0 0.429861 0.576172 0.021759 0.029948
0 0.358102 0.420182 0.063426 0.009635
0 0.165972 0.767839 0.021759 0.027865
0 0.242361 0.797526 0.017130 0.035156
0 0.126157 0.396484 0.016204 0.035156
0 0.205324 0.171484 0.017130 0.033073
0 0.556713 0.588542 0.016204 0.033854
0 0.147454 0.715755 0.021759 0.022656
0 0.348843 0.246354 0.044907 0.010937
0 0.788194 0.573568 0.053241 0.009115
0 0.491898 0.123307 0.034722 0.009635
0 0.218056 0.391536 0.033333 0.009635
0 0.008565 0.008724 0.012500 0.014844
0 0.561343 0.041016 0.025463 0.006510
