0 0.536343 0.620703 0.225463 0.046094
0 0.417130 0.774349 0.125926 0.040885
0 0.784028 0.853776 0.128241 0.038281
0 0.862731 0.802995 0.118981 0.040885
0 0.331944 0.881771 0.060185 0.068229
0 0.693750 0.908464 0.179167 0.022656
0 0.348843 0.805599 0.100463 0.030469
0 0.314120 0.623047 0.031019 0.097656
0 0.846528 0.476172 0.132870 0.022656
0 0.480787 0.869401 0.105093 0.027865
0 0.788194 0.710547 0.053241 0.053906
0 0.154398 0.119401 0.100463 0.027865
0 0.837269 0.543880 0.095833 0.027865
0 0.781713 0.078385 0.086574 0.029167
0 0.151620 0.894141 0.048611 0.051302
0 0.954167 0.251563 0.088889 0.026562
0 0.273611 0.685156 0.042593 0.055208
0 0.904398 0.267839 0.081944 0.027865
0 0.853009 0.246745 0.081019 0.027344
0 0.809491 0.378516 0.040278 0.051302
0 0.253935 0.163672 0.086574 0.022656
0 0.481944 0.896484 0.098148 0.019531
0 0.288657 0.516276 0.128241 0.014323
0 0.482639 0.849870 0.090278 0.020052
0 0.255787 0.555599 0.034722 0.051302
0 0.409028 0.774349 0.109722 0.014844
0 0.168287 0.148698 0.100463 0.013542
0 0.101157 0.508724 0.021759 0.051302
0 0.337269 0.142839 0.031019 0.033073
0 0.656713 0.256120 0.068056 0.014844
0 0.964583 0.066016 0.026389 0.035677
0 0.453009 0.172786 0.021759 0.035677
0 0.969213 0.283464 0.017130 0.043490
0 0.492361 0.929297 0.054167 0.012240
0 0.631250 0.927734 0.044907 0.014323
0 0.075231 0.374609 0.016204 0.033073
0 0.986574 0.240495 0.014815 0.035677
0 0.991204 0.129818 0.014815 0.033073
0 0.098843 0.993099 0.044907 0.009635
