0 0.757407 0.584245 0.139815 0.046094
0 0.564120 0.241797 0.132870 0.043490
0 0.075694 0.420182 0.072685 0.072135
0 0.090741 0.861589 0.056481 0.079948
0 0.814120 0.125911 0.123611 0.030469
0 0.240046 0.120703 0.142130 0.025260
0 0.979630 0.959896 0.037963 0.078646
0 0.101157 0.690365 0.049537 0.055208
0 0.860417 0.827734 0.049537 0.053906
0 0.851157 0.188411 0.049537 0.051302
0 0.645139 0.894141 0.100463 0.025260
0 0.665972 0.240495 0.049537 0.046094
0 0.897454 0.485286 0.049537 0.046094
0 0.420602 0.840755 0.040278 0.053906
0 0.915972 0.237891 0.105093 0.020052
0 0.510880 0.812109 0.091204 0.022656
0 0.756250 0.852474 0.100463 0.020052
0 0.351157 0.767839 0.086574 0.022656
0 0.652083 0.709245 0.077315 0.025260
0 0.253935 0.164974 0.095833 0.020052
0 0.925231 0.737891 0.031019 0.061719
0 0.402083 0.810547 0.031019 0.061198
0 0.581481 0.230078 0.093519 0.020052
0 0.045602 0.865495 0.040278 0.046094
0 0.080324 0.579036 0.044907 0.040885
0 0.237731 0.365495 0.035648 0.051302
0 0.189815 0.009766 0.106481 0.016927
0 0.590741 0.735677 0.037963 0.046875
0 0.102315 0.851823 0.033333 0.052604
0 0.628935 0.783464 0.077315 0.022656
0 0.094213 0.551693 0.035648 0.048698
0 0.270139 0.338151 0.035648 0.048698
0 0.162963 0.668880 0.074074 0.022656
0 0.728472 0.416667 0.091204 0.018229
0 0.096528 0.457682 0.031019 0.053385
0 0.077546 0.283464 0.094907 0.017448
0 0.163194 0.299089 0.071759 0.022656
0 0.054861 0.347266 0.031019 0.051302
0 0.300231 0.661068 0.040278 0.038281
0 0.730787 0.186849 0.040278 0.037760
0 0.147454 0.457943 0.031019 0.048698
0 0.253935 0.728125 0.031019 0.047396
0 0.464583 0.881120 0.035648 0.040885
0 0.766667 0.332943 0.037963 0.038281
0 0.367361 0.107422 0.100463 0.014323
0 0.851157 0.391536 0.031019 0.046094
0 0.656713 0.789974 0.095833 0.014844
0 0.712269 0.349870 0.095833 0.014844
0 0.362731 0.887630 0.109722 0.012240
0 0.263194 0.874609 0.077315 0.017448
0 0.945602 0.809505 0.034722 0.038281
0 0.904398 0.867708 0.035648 0.036458
0 0.163657 0.226172 0.026389 0.048698
0 0.918287 0.092057 0.063426 0.020052
0 0.293287 0.438411 0.063426 0.020052
0 0.119676 0.136328 0.031019 0.040885
0 0.591898 0.396745 0.031019 0.040885
0 0.358102 0.387630 0.072685 0.017448
0 0.800231 0.524349 0.031019 0.040885
0 0.857639 0.244401 0.025463 0.048698
0 0.852315 0.290625 0.033333 0.036979
0 0.904398 0.573828 0.026389 0.046094
0 0.959954 0.709245 0.026389 0.046094
0 0.178704 0.367448 0.088889 0.013542
0 0.425231 0.317318 0.031019 0.038281
0 0.786343 0.541276 0.068056 0.017448
0 0.712269 0.878516 0.058796 0.020052
0 0.573380 0.323828 0.058796 0.020052
0 0.594213 0.877214 0.035648 0.033073
0 0.783565 0.138672 0.081019 0.014323
0 0.818287 0.723568 0.030093 0.038281
0 0.578009 0.763932 0.031019 0.035677
0 0.691435 0.805599 0.072685 0.014844
0 0.473843 0.256120 0.026389 0.040885
0 0.339583 0.198828 0.026389 0.040885
0 0.216898 0.512630 0.086574 0.012240
0 0.966898 0.171484 0.021759 0.048698
0 0.315278 0.908203 0.088889 0.011719
0 0.049769 0.182552 0.076389 0.013542
0 0.499306 0.762630 0.058796 0.017448
0 0.721528 0.282161 0.068056 0.014844
0 0.152083 0.558203 0.068056 0.014844
0 0.170602 0.526953 0.068056 0.014844
0 0.168287 0.343359 0.026389 0.038281
0 0.767824 0.300391 0.068056 0.014844
0 0.311806 0.241797 0.081944 0.012240
0 0.797917 0.700130 0.081944 0.012240
0 0.031713 0.757422 0.021759 0.043490
0 0.536343 0.590755 0.021759 0.043490
0 0.506250 0.334245 0.063426 0.014844
0 0.256250 0.198828 0.026389 0.035677
0 0.590741 0.210547 0.075000 0.012240
0 0.207176 0.254818 0.020833 0.043490
0 0.679861 0.116536 0.077315 0.011719
0 0.751620 0.127214 0.072685 0.012240
0 0.207639 0.091797 0.021759 0.040365
0 0.579167 0.271484 0.061111 0.014323
0 0.959954 0.418880 0.026389 0.033073
0 0.867361 0.866797 0.026389 0.033073
0 0.502778 0.745443 0.028704 0.029948
0 0.795139 0.172786 0.057870 0.014844
0 0.564120 0.107422 0.058796 0.014323
0 0.466898 0.736589 0.021759 0.038281
0 0.508565 0.106380 0.021759 0.038281
0 0.057176 0.123307 0.026389 0.030469
0 0.700694 0.438411 0.054167 0.014844
0 0.346528 0.119141 0.068056 0.011719
0 0.726157 0.069661 0.068056 0.011719
0 0.407870 0.128516 0.079630 0.009635
0 0.539120 0.194922 0.062500 0.012240
0 0.677546 0.266276 0.081944 0.009115
0 0.790972 0.773698 0.021759 0.034375
0 0.830324 0.497005 0.017130 0.043490
0 0.385880 0.254818 0.017130 0.043490
0 0.757407 0.804297 0.019444 0.038281
0 0.809491 0.812500 0.021759 0.033854
0 0.568750 0.806901 0.021759 0.033073
0 0.547454 0.421484 0.016204 0.043490
0 0.927546 0.491797 0.017130 0.038281
0 0.584491 0.218359 0.053241 0.012240
0 0.344213 0.592708 0.017130 0.036979
0 0.047917 0.571615 0.017130 0.036458
0 0.936806 0.412370 0.017130 0.035677
0 0.029398 0.467057 0.017130 0.035677
0 0.207639 0.176432 0.021759 0.027344
0 0.198380 0.482682 0.058796 0.009635
0 0.740046 0.099870 0.021759 0.025260
0 0.640509 0.198828 0.054167 0.009635
0 0.601157 0.817057 0.021759 0.022135
0 0.934028 0.356380 0.011574 0.038281
0 0.948380 0.451172 0.012500 0.035156
0 0.640509 0.625260 0.017130 0.023958
0 0.733102 0.780859 0.017130 0.022656
0 0.591898 0.301432 0.049537 0.006510
0 0.603472 0.997656 0.026389 0.003125
