0 0.538657 0.616797 0.230093 0.048698
0 0.712269 0.146745 0.068056 0.072135
0 0.797917 0.593359 0.063426 0.069531
0 0.306713 0.148698 0.043981 0.081250
0 0.073380 0.736589 0.040278 0.064323
0 0.542824 0.289974 0.034722 0.072135
0 0.126157 0.173177 0.090278 0.026042
0 0.721528 0.340755 0.123611 0.017448
0 0.204167 0.470964 0.088889 0.022656
0 0.804861 0.390885 0.040278 0.044792
0 0.800231 0.193620 0.021759 0.072135
0 0.304861 0.622656 0.114352 0.013542
0 0.196065 0.799089 0.035648 0.043490
0 0.078009 0.128516 0.031019 0.046094
0 0.712269 0.172786 0.068056 0.020052
0 0.485417 0.322526 0.105093 0.012240
0 0.975000 0.338151 0.019444 0.064323
0 0.221528 0.628516 0.021759 0.056510
0 0.800231 0.577734 0.031019 0.038281
0 0.179861 0.360286 0.105093 0.009635
0 0.784028 0.059505 0.026389 0.038281
0 0.970370 0.809245 0.056481 0.016927
0 0.744213 0.228516 0.076389 0.011719
0 0.064120 0.529297 0.021759 0.040365
0 0.906250 0.490495 0.020833 0.040885
0 0.378472 0.852214 0.057870 0.014323
0 0.804861 0.909766 0.021759 0.035677
0 0.418287 0.227214 0.081944 0.009115
0 0.492361 0.297786 0.072685 0.009635
0 0.459491 0.055599 0.071759 0.009635
0 0.857639 0.055599 0.062500 0.009635
0 0.198380 0.107682 0.058796 0.009635
