0 0.107639 0.978125 0.210648 0.042188
0 0.601157 0.214453 0.132870 0.035677
0 0.537500 0.163672 0.070370 0.064323
0 0.645139 0.719661 0.063426 0.061719
0 0.902083 0.122005 0.058796 0.059115
0 0.540972 0.826432 0.132870 0.025260
0 0.184491 0.874609 0.114352 0.027865
0 0.851157 0.452734 0.058796 0.053906
0 0.397454 0.799089 0.049537 0.059115
0 0.568750 0.490495 0.049537 0.056510
0 0.782870 0.461849 0.088889 0.030469
0 0.272454 0.614193 0.049537 0.053906
0 0.418287 0.876953 0.091204 0.027344
0 0.675231 0.766536 0.123611 0.020052
0 0.851157 0.533464 0.086574 0.027865
0 0.126620 0.340495 0.044907 0.053385
0 0.119676 0.472005 0.031019 0.076823
0 0.334954 0.193620 0.118981 0.020052
0 0.265509 0.769141 0.118981 0.020052
0 0.410880 0.705339 0.085648 0.027865
0 0.744676 0.317318 0.105093 0.022656
0 0.654398 0.280859 0.081944 0.027865
0 0.089583 0.734635 0.044907 0.050000
0 0.330324 0.614193 0.044907 0.048698
0 0.152083 0.502214 0.040278 0.053906
0 0.677546 0.810807 0.081944 0.025260
0 0.230787 0.740495 0.040278 0.051302
0 0.165509 0.360286 0.039352 0.051302
0 0.378935 0.460547 0.086574 0.022656
0 0.906713 0.411068 0.086574 0.022656
0 0.284028 0.387630 0.044907 0.043490
0 0.543287 0.608984 0.044907 0.043490
0 0.278241 0.662370 0.088889 0.020052
0 0.697917 0.721615 0.094907 0.018750
0 0.954167 0.667318 0.042593 0.040365
0 0.179861 0.747005 0.095833 0.017448
0 0.843056 0.518490 0.088889 0.018750
0 0.471528 0.711849 0.040278 0.040885
0 0.603472 0.599870 0.035648 0.046094
0 0.471528 0.805599 0.031019 0.051302
0 0.159028 0.853776 0.091204 0.017448
0 0.383565 0.424740 0.040278 0.039583
0 0.878472 0.781901 0.039352 0.040365
0 0.566435 0.382422 0.026389 0.059115
0 0.660880 0.782161 0.104167 0.014844
0 0.749306 0.386328 0.077315 0.020052
0 0.091898 0.774349 0.077315 0.020052
0 0.513194 0.263932 0.077315 0.020052
0 0.568750 0.551693 0.040278 0.038281
0 0.137037 0.548828 0.028704 0.053385
0 0.762731 0.148047 0.067130 0.022656
0 0.235417 0.804297 0.086574 0.017448
0 0.084954 0.655208 0.035648 0.042188
0 0.045602 0.795833 0.031019 0.047396
0 0.538657 0.084245 0.072685 0.020052
0 0.770139 0.297786 0.035648 0.040885
0 0.578009 0.693620 0.031019 0.046094
0 0.427546 0.582943 0.026389 0.053906
0 0.080324 0.877865 0.035648 0.039583
0 0.844213 0.481120 0.063426 0.022135
0 0.835417 0.146484 0.071759 0.019531
0 0.515509 0.330339 0.035648 0.038281
0 0.319907 0.357682 0.033333 0.040885
0 0.159028 0.821224 0.026389 0.051302
0 0.675231 0.135026 0.077315 0.017448
0 0.223843 0.488932 0.035648 0.037760
0 0.705324 0.429036 0.035648 0.037760
0 0.227315 0.575781 0.024074 0.055208
0 0.340741 0.281901 0.037963 0.035156
0 0.089583 0.481120 0.026389 0.048177
0 0.399769 0.443620 0.063426 0.020052
0 0.154398 0.623307 0.063426 0.020052
0 0.728472 0.842057 0.035648 0.035677
0 0.770139 0.508724 0.063426 0.020052
0 0.506250 0.844661 0.063426 0.020052
0 0.295602 0.730078 0.031019 0.040885
0 0.968750 0.842057 0.034722 0.035677
0 0.552546 0.285807 0.072685 0.016927
0 0.316435 0.857682 0.081944 0.014844
0 0.543287 0.888932 0.081944 0.014844
0 0.679861 0.866797 0.021759 0.053906
0 0.583796 0.007161 0.098148 0.011719
0 0.402083 0.542318 0.058796 0.019531
0 0.197917 0.497005 0.020833 0.053906
0 0.913657 0.153255 0.091204 0.012240
0 0.476157 0.755859 0.077315 0.014323
0 0.638194 0.375911 0.031019 0.035677
0 0.868056 0.927995 0.074074 0.014844
0 0.692593 0.312109 0.028704 0.038281
0 0.284028 0.107682 0.072685 0.014844
0 0.825694 0.776693 0.026389 0.040365
0 0.258565 0.387630 0.021759 0.048698
0 0.963426 0.503516 0.070370 0.014844
0 0.796296 0.409766 0.069444 0.014844
0 0.457639 0.213151 0.058796 0.017448
0 0.679861 0.105078 0.021759 0.046094
0 0.707176 0.217057 0.067130 0.014844
0 0.128935 0.205078 0.058796 0.016927
0 0.300231 0.262240 0.031019 0.031250
0 0.601157 0.241797 0.077315 0.012240
0 0.728472 0.663672 0.054167 0.017448
0 0.186343 0.200130 0.053241 0.017448
0 0.251620 0.510417 0.026389 0.033854
0 0.404398 0.114193 0.072685 0.012240
0 0.290972 0.555599 0.021759 0.040885
0 0.508565 0.299479 0.031019 0.028646
0 0.272454 0.831641 0.058796 0.014844
0 0.297917 0.608984 0.026389 0.033073
0 0.182176 0.814063 0.026389 0.031771
0 0.476157 0.244141 0.049537 0.016927
0 0.211806 0.845964 0.030093 0.027865
0 0.240046 0.345964 0.021759 0.038281
0 0.559491 0.903255 0.068056 0.012240
0 0.964120 0.872005 0.016204 0.048698
0 0.659028 0.513672 0.026389 0.029948
0 0.395139 0.300651 0.026389 0.029948
0 0.975694 0.796224 0.020833 0.037760
0 0.774306 0.267839 0.062500 0.012240
0 0.196065 0.223177 0.026389 0.028646
0 0.756250 0.760026 0.017130 0.043490
0 0.728472 0.465755 0.017130 0.043490
0 0.307176 0.213151 0.026389 0.027865
0 0.832639 0.567318 0.021759 0.033073
0 0.078009 0.137630 0.058796 0.012240
0 0.689120 0.617839 0.077315 0.009115
0 0.432176 0.084245 0.072685 0.009635
0 0.552546 0.451432 0.026389 0.025260
0 0.693750 0.586849 0.068056 0.009635
0 0.371991 0.739193 0.017130 0.038281
0 0.446065 0.423828 0.017130 0.037760
0 0.580324 0.202474 0.054167 0.011719
0 0.795602 0.091797 0.068056 0.009115
0 0.554861 0.318359 0.068056 0.009115
0 0.093750 0.418880 0.016204 0.038281
0 0.348843 0.834245 0.063426 0.009635
0 0.915972 0.286068 0.021759 0.027865
0 0.547454 0.539062 0.025463 0.023438
0 0.240046 0.692057 0.021759 0.027344
0 0.385417 0.355469 0.016204 0.036458
0 0.922917 0.865234 0.063426 0.009115
0 0.172917 0.726172 0.017130 0.033073
0 0.978472 0.231120 0.017130 0.032552
0 0.721528 0.525651 0.012500 0.043490
0 0.588426 0.166276 0.014815 0.033073
0 0.809028 0.080339 0.057870 0.007031
0 0.234954 0.882422 0.057870 0.007031
0 0.427546 0.623307 0.017130 0.020052
0 0.628935 0.023047 0.021759 0.007031
