0 0.105787 0.978125 0.206944 0.042188
0 0.325231 0.407813 0.062500 0.068229
0 0.605787 0.652344 0.068056 0.062500
0 0.268981 0.795182 0.107407 0.035677
0 0.149769 0.549089 0.054167 0.069531
0 0.496991 0.679297 0.054167 0.069531
0 0.446065 0.792578 0.044907 0.082552
0 0.859259 0.396745 0.056481 0.056510
0 0.126620 0.701432 0.100463 0.030469
0 0.133565 0.389974 0.040278 0.074219
0 0.515046 0.795833 0.053241 0.052604
0 0.779398 0.880859 0.091204 0.029948
0 0.170602 0.396484 0.040278 0.066406
0 0.374306 0.618750 0.095833 0.026562
0 0.464583 0.119401 0.091204 0.027865
0 0.577546 0.215104 0.113426 0.021354
0 0.392824 0.728776 0.049537 0.048698
0 0.341898 0.460547 0.049537 0.048698
0 0.615046 0.835547 0.049537 0.048698
0 0.918287 0.349870 0.091204 0.025260
0 0.774769 0.779557 0.044907 0.051302
0 0.858102 0.463151 0.081944 0.027865
0 0.665972 0.443620 0.049537 0.046094
0 0.675231 0.860026 0.114352 0.019531
0 0.550231 0.760026 0.095833 0.022656
0 0.235417 0.840755 0.040278 0.053906
0 0.714120 0.614193 0.043981 0.048698
0 0.392824 0.195964 0.086574 0.024740
0 0.222685 0.466406 0.042593 0.050000
0 0.853472 0.743099 0.035648 0.056510
0 0.531713 0.280859 0.086574 0.022656
0 0.772454 0.331641 0.077315 0.025260
0 0.215741 0.093359 0.084259 0.022656
0 0.881250 0.611589 0.081944 0.022656
0 0.763194 0.369401 0.105093 0.017448
0 0.770139 0.138932 0.072685 0.025260
0 0.515509 0.430599 0.044907 0.040885
0 0.765509 0.644141 0.044907 0.040885
0 0.219907 0.740234 0.092593 0.019531
0 0.508565 0.568620 0.031019 0.056510
0 0.564120 0.468359 0.040278 0.043490
0 0.719213 0.275651 0.035648 0.048698
0 0.617361 0.185156 0.091204 0.018750
0 0.629630 0.605078 0.041667 0.040885
0 0.956481 0.183203 0.084259 0.020052
0 0.782407 0.283464 0.041667 0.038281
0 0.601157 0.443620 0.031019 0.051302
0 0.177083 0.851172 0.090278 0.017448
0 0.735417 0.680599 0.105093 0.014844
0 0.705324 0.225521 0.072685 0.021354
0 0.575694 0.567318 0.035648 0.043490
0 0.219213 0.270443 0.035648 0.043490
0 0.962269 0.611589 0.040278 0.038281
0 0.272454 0.385026 0.040278 0.038281
0 0.772454 0.481380 0.040278 0.038281
0 0.117361 0.767578 0.035648 0.042969
0 0.726157 0.733984 0.123611 0.012240
0 0.906713 0.517839 0.031019 0.048698
0 0.955324 0.329036 0.072685 0.020052
0 0.876620 0.761328 0.035648 0.040885
0 0.054861 0.716406 0.021759 0.065625
0 0.432176 0.278255 0.081944 0.017448
0 0.455324 0.385026 0.026389 0.053906
0 0.457176 0.438411 0.039352 0.035677
0 0.172917 0.803646 0.026389 0.052604
0 0.638194 0.661719 0.031019 0.044792
0 0.749306 0.177995 0.068056 0.020052
0 0.696065 0.196224 0.091204 0.014844
0 0.068750 0.184505 0.031019 0.043490
0 0.760880 0.347005 0.091204 0.014323
0 0.850000 0.140234 0.075000 0.017448
0 0.110417 0.472917 0.031019 0.042188
0 0.617361 0.263021 0.026389 0.049479
0 0.726157 0.810807 0.086574 0.014844
0 0.448380 0.490495 0.086574 0.014844
0 0.628472 0.569271 0.030093 0.042188
0 0.378935 0.422786 0.031019 0.040885
0 0.468750 0.853776 0.025463 0.048698
0 0.575694 0.781901 0.063426 0.019531
0 0.464583 0.224609 0.063426 0.019531
0 0.311806 0.844922 0.026389 0.045573
0 0.753935 0.502214 0.031019 0.038281
0 0.142824 0.864193 0.068056 0.017448
0 0.675231 0.528255 0.031019 0.038281
0 0.413657 0.395443 0.035648 0.033073
0 0.473843 0.598568 0.035648 0.033073
0 0.402083 0.813411 0.058796 0.020052
0 0.852315 0.360026 0.033333 0.035156
0 0.184028 0.485286 0.057870 0.020052
0 0.429861 0.176432 0.068056 0.016927
0 0.295602 0.112891 0.077315 0.014844
0 0.288657 0.731380 0.026389 0.043490
0 0.323380 0.185547 0.058796 0.019531
0 0.255787 0.502214 0.034722 0.033073
0 0.397454 0.555990 0.031019 0.036458
0 0.550231 0.368099 0.021759 0.051302
0 0.550231 0.683203 0.021759 0.051302
0 0.825231 0.317318 0.025463 0.043490
0 0.240046 0.563411 0.031019 0.035677
0 0.420602 0.592057 0.031019 0.035677
0 0.584954 0.095964 0.063426 0.017448
0 0.796759 0.439714 0.033333 0.033073
0 0.668287 0.112891 0.026389 0.040885
0 0.464583 0.797786 0.026389 0.040885
0 0.441435 0.612891 0.072685 0.014844
0 0.716435 0.464453 0.020833 0.051302
0 0.385880 0.367839 0.026389 0.040365
0 0.735417 0.635026 0.021759 0.048698
0 0.642824 0.395443 0.086574 0.012240
0 0.610417 0.676432 0.021759 0.048177
0 0.302546 0.323177 0.026389 0.039583
0 0.892824 0.567318 0.031019 0.033073
0 0.749306 0.541276 0.031019 0.033073
0 0.420602 0.689714 0.031019 0.033073
0 0.429861 0.318620 0.068056 0.014844
0 0.790972 0.224870 0.068056 0.014844
0 0.212269 0.774349 0.021759 0.046094
0 0.975694 0.844661 0.020833 0.046094
0 0.406713 0.879818 0.077315 0.012240
0 0.290972 0.678646 0.058796 0.016146
0 0.624306 0.515234 0.021759 0.043490
0 0.927546 0.090755 0.054167 0.017448
0 0.925231 0.399349 0.031019 0.030469
0 0.959954 0.448828 0.063426 0.014844
0 0.293287 0.480078 0.026389 0.035677
0 0.931713 0.470964 0.053241 0.017448
0 0.295602 0.529297 0.031019 0.029948
0 0.763194 0.415625 0.021759 0.042188
0 0.189120 0.810156 0.031019 0.029167
0 0.769676 0.208984 0.025463 0.035156
0 0.571065 0.114193 0.072685 0.012240
0 0.381250 0.890234 0.072685 0.012240
0 0.723843 0.575130 0.072685 0.012240
0 0.344213 0.879818 0.072685 0.012240
0 0.816435 0.711849 0.017130 0.051302
0 0.862731 0.512630 0.026389 0.033073
0 0.366204 0.347266 0.024074 0.035677
0 0.309491 0.234375 0.021759 0.039062
0 0.274306 0.256120 0.016204 0.051302
0 0.337269 0.733984 0.068056 0.012240
0 0.795602 0.832943 0.068056 0.012240
0 0.684491 0.905859 0.068056 0.012240
0 0.631250 0.349870 0.026389 0.030469
0 0.145139 0.321224 0.054167 0.014844
0 0.820602 0.608984 0.016204 0.048698
0 0.297454 0.797786 0.053241 0.014844
0 0.236574 0.339453 0.079630 0.009635
0 0.371528 0.249609 0.062500 0.012240
0 0.406713 0.458984 0.021759 0.035156
0 0.807176 0.330078 0.026389 0.027344
0 0.865046 0.429297 0.058796 0.012240
0 0.374306 0.262630 0.058796 0.012240
0 0.793287 0.698828 0.017130 0.040885
0 0.101157 0.384375 0.021759 0.031771
0 0.304861 0.882161 0.058796 0.011719
0 0.800231 0.076432 0.068056 0.009635
0 0.536343 0.318359 0.068056 0.009115
0 0.524769 0.500911 0.063426 0.009635
0 0.566435 0.158464 0.017130 0.033073
0 0.473843 0.469661 0.017130 0.030469
0 0.321065 0.349870 0.054167 0.009635
0 0.978009 0.301302 0.016204 0.031250
0 0.670602 0.648047 0.021759 0.022656
0 0.207176 0.363542 0.011574 0.036979
0 0.582176 0.309245 0.057870 0.006510
0 0.037037 0.006120 0.032407 0.009635
