0 0.353472 0.866797 0.183796 0.048698
0 0.663657 0.808203 0.193056 0.035677
0 0.089583 0.709245 0.063426 0.061719
0 0.390509 0.353776 0.063426 0.059115
0 0.378935 0.792578 0.058796 0.056510
0 0.131250 0.293880 0.054167 0.059115
0 0.065972 0.191667 0.053241 0.052604
0 0.196065 0.784766 0.109722 0.025260
0 0.793287 0.795182 0.100463 0.025260
0 0.689815 0.787370 0.125000 0.020052
0 0.216898 0.226823 0.049537 0.050000
0 0.672917 0.735677 0.035648 0.067708
0 0.457639 0.564714 0.049537 0.048698
0 0.932176 0.776953 0.091204 0.025260
0 0.302546 0.123307 0.091204 0.025260
0 0.409028 0.405859 0.081944 0.027865
0 0.802546 0.898047 0.100463 0.022656
0 0.906713 0.512630 0.123611 0.017448
0 0.696065 0.564714 0.118981 0.017448
0 0.121991 0.549089 0.118981 0.017448
0 0.777083 0.513932 0.031019 0.066927
0 0.737731 0.233984 0.091204 0.022656
0 0.240046 0.500651 0.040278 0.050781
0 0.094213 0.473307 0.091204 0.022135
0 0.557176 0.557552 0.044907 0.044792
0 0.307176 0.627865 0.044907 0.044792
0 0.610417 0.385026 0.114352 0.017448
0 0.128935 0.157161 0.077315 0.025260
0 0.689120 0.594661 0.040278 0.046094
0 0.383565 0.483984 0.105093 0.017448
0 0.246991 0.206641 0.072685 0.025260
0 0.205324 0.571224 0.072685 0.025260
0 0.672917 0.469661 0.044907 0.040885
0 0.920602 0.317318 0.040278 0.043490
0 0.855787 0.572526 0.040278 0.043490
0 0.124306 0.180599 0.086574 0.020052
0 0.300231 0.786068 0.075463 0.022656
0 0.656713 0.442318 0.031019 0.053906
0 0.928704 0.707943 0.037963 0.043490
0 0.888194 0.332292 0.031019 0.052604
0 0.638194 0.685807 0.105093 0.014844
0 0.949537 0.575130 0.024074 0.064323
0 0.723843 0.418880 0.035648 0.043490
0 0.851157 0.162370 0.077315 0.020052
0 0.124306 0.210547 0.040278 0.038281
0 0.332639 0.379818 0.068056 0.022656
0 0.434491 0.181901 0.040278 0.038281
0 0.178704 0.265885 0.037963 0.039583
0 0.918287 0.511328 0.026389 0.056510
0 0.149769 0.172786 0.100463 0.014844
0 0.323380 0.212500 0.040278 0.036979
0 0.654398 0.105078 0.035648 0.040885
0 0.168981 0.374609 0.083333 0.017448
0 0.806019 0.411068 0.033333 0.043490
0 0.575231 0.646745 0.071759 0.020052
0 0.251620 0.367839 0.072685 0.019531
0 0.810648 0.922786 0.070370 0.020052
0 0.499306 0.452734 0.021759 0.064323
0 0.862731 0.462891 0.063426 0.022135
0 0.899769 0.801693 0.035648 0.038281
0 0.142824 0.244141 0.031019 0.042969
0 0.306713 0.608984 0.034722 0.038281
0 0.757407 0.830990 0.037963 0.034375
0 0.844213 0.760026 0.026389 0.048698
0 0.258565 0.800391 0.086574 0.014844
0 0.447917 0.455339 0.020833 0.059115
0 0.855787 0.245052 0.031019 0.039583
0 0.848843 0.192969 0.035648 0.034375
0 0.538657 0.510026 0.035648 0.033073
0 0.149769 0.526693 0.081944 0.014323
0 0.522454 0.170182 0.077315 0.014844
0 0.409028 0.512630 0.026389 0.043490
0 0.230787 0.151953 0.077315 0.014844
0 0.726157 0.646745 0.021759 0.051302
0 0.047917 0.608333 0.026389 0.042188
0 0.948380 0.120703 0.031019 0.035677
0 0.086111 0.392839 0.028704 0.038281
0 0.279398 0.441016 0.072685 0.014844
0 0.760880 0.612891 0.026389 0.040885
0 0.878935 0.671484 0.021759 0.048698
0 0.253935 0.171484 0.086574 0.012240
0 0.773611 0.369401 0.024074 0.043490
0 0.751620 0.578385 0.026389 0.039583
0 0.889352 0.267578 0.024074 0.042969
0 0.290972 0.398047 0.031019 0.033073
0 0.897454 0.898047 0.058796 0.017448
0 0.657870 0.409766 0.033333 0.030469
0 0.904398 0.705339 0.026389 0.038281
0 0.355787 0.271745 0.068056 0.014844
0 0.788657 0.562109 0.026389 0.038281
0 0.284028 0.733984 0.081944 0.012240
0 0.820602 0.296484 0.025463 0.038281
0 0.809491 0.358073 0.031019 0.031250
0 0.552546 0.527995 0.081944 0.011719
0 0.822917 0.576432 0.020833 0.046094
0 0.581481 0.218099 0.056481 0.016927
0 0.698380 0.140234 0.077315 0.012240
0 0.193750 0.730078 0.031019 0.030469
0 0.737731 0.336849 0.026389 0.035677
0 0.673611 0.322266 0.055556 0.016927
0 0.100000 0.220703 0.028704 0.032552
0 0.934491 0.211589 0.031019 0.029948
0 0.369213 0.669531 0.067130 0.013542
0 0.492361 0.188151 0.063426 0.014323
0 0.903241 0.151953 0.061111 0.014844
0 0.700694 0.825130 0.072685 0.012240
0 0.823380 0.727474 0.021759 0.040885
0 0.929861 0.243099 0.021759 0.040885
0 0.334954 0.666276 0.072685 0.012240
0 0.863889 0.300130 0.019444 0.045573
0 0.377778 0.106380 0.019444 0.043490
0 0.402083 0.214453 0.086574 0.009635
0 0.874306 0.749609 0.021759 0.038281
0 0.818750 0.093359 0.021759 0.038281
0 0.527083 0.864193 0.068056 0.012240
0 0.503472 0.638932 0.085648 0.009635
0 0.269676 0.651953 0.053241 0.014844
0 0.542824 0.352474 0.081019 0.009635
0 0.621991 0.362630 0.054167 0.014323
0 0.661343 0.906901 0.021759 0.035156
0 0.216898 0.453385 0.021759 0.034375
0 0.619676 0.441016 0.049537 0.014844
0 0.737269 0.293880 0.016204 0.043490
0 0.609954 0.236589 0.020833 0.033073
0 0.823380 0.180599 0.021759 0.030469
0 0.957639 0.355078 0.068056 0.009635
0 0.260417 0.604427 0.016204 0.036979
0 0.561806 0.605729 0.017130 0.031771
0 0.152083 0.818359 0.058796 0.009115
0 0.418287 0.651693 0.017130 0.029948
0 0.756250 0.487630 0.017130 0.029948
0 0.478472 0.225911 0.017130 0.027344
0 0.590741 0.601172 0.037963 0.012240
0 0.883102 0.689714 0.011574 0.038281
0 0.492361 0.263932 0.017130 0.025260
0 0.182176 0.146745 0.044907 0.009635
0 0.418287 0.120443 0.044907 0.009115
0 0.658565 0.161068 0.016204 0.022656
0 0.564120 0.714193 0.040278 0.009115
0 0.674074 0.340495 0.042593 0.006510
