0 0.693750 0.388932 0.197685 0.035677
0 0.163657 0.212500 0.109722 0.036979
0 0.763194 0.348568 0.049537 0.069531
0 0.311806 0.148047 0.100463 0.033073
0 0.902083 0.382161 0.049537 0.063802
0 0.640509 0.598568 0.109722 0.027865
0 0.156713 0.821224 0.049537 0.061719
0 0.608102 0.205339 0.054167 0.053906
0 0.433333 0.130469 0.047222 0.060417
0 0.737731 0.599870 0.091204 0.030469
0 0.405093 0.437500 0.092593 0.028646
0 0.323380 0.564063 0.049537 0.052604
0 0.240046 0.463151 0.114352 0.022656
0 0.094213 0.862891 0.044907 0.056510
0 0.471528 0.375260 0.049537 0.050000
0 0.939120 0.866536 0.049537 0.048177
0 0.101157 0.275651 0.105093 0.022656
0 0.744676 0.383464 0.095833 0.024740
0 0.640509 0.888932 0.044907 0.051302
0 0.351157 0.249609 0.095833 0.022656
0 0.554861 0.552344 0.086574 0.023958
0 0.522454 0.469661 0.040278 0.051302
0 0.892824 0.798438 0.077315 0.026562
0 0.617361 0.646745 0.035648 0.056510
0 0.270139 0.805599 0.035648 0.056510
0 0.476157 0.608984 0.086574 0.022656
0 0.054861 0.861589 0.040278 0.048698
0 0.049074 0.567318 0.037963 0.048698
0 0.524769 0.526953 0.072685 0.025260
0 0.395139 0.123307 0.035648 0.051302
0 0.223843 0.744401 0.035648 0.048698
0 0.770139 0.247396 0.026389 0.065104
0 0.920139 0.122005 0.039352 0.043490
0 0.661343 0.252214 0.095833 0.017448
0 0.216435 0.132422 0.094907 0.017448
0 0.867361 0.863151 0.035648 0.045573
0 0.098380 0.239193 0.071759 0.022656
0 0.265046 0.230078 0.081019 0.020052
0 0.413194 0.813411 0.108796 0.014844
0 0.065278 0.510026 0.070370 0.022656
0 0.645139 0.858594 0.035648 0.044271
0 0.462269 0.550391 0.077315 0.020052
0 0.170602 0.244401 0.068056 0.022656
0 0.295139 0.507422 0.067130 0.022656
0 0.505787 0.249609 0.025463 0.059115
0 0.279398 0.086849 0.100463 0.014844
0 0.596065 0.338151 0.030093 0.048698
0 0.483102 0.628516 0.035648 0.040885
0 0.177546 0.873307 0.035648 0.040885
0 0.603472 0.717057 0.035648 0.040885
0 0.272454 0.709635 0.031019 0.046875
0 0.128935 0.515885 0.077315 0.018750
0 0.320602 0.490495 0.071759 0.020052
0 0.681713 0.879818 0.025463 0.053906
0 0.418287 0.224870 0.026389 0.051302
0 0.084954 0.480078 0.026389 0.051302
0 0.198380 0.452734 0.077315 0.017448
0 0.545602 0.629818 0.031019 0.043490
0 0.295602 0.207943 0.031019 0.043490
0 0.624306 0.793880 0.077315 0.017448
0 0.758102 0.791276 0.020833 0.064323
0 0.883565 0.905859 0.021759 0.059115
0 0.390509 0.595964 0.026389 0.048698
0 0.743519 0.198177 0.028704 0.044792
0 0.811806 0.847266 0.035648 0.035677
0 0.455324 0.477474 0.035648 0.035677
0 0.145139 0.717057 0.063426 0.020052
0 0.876620 0.508724 0.035648 0.035677
0 0.561806 0.740495 0.063426 0.020052
0 0.471528 0.396745 0.031019 0.040885
0 0.187269 0.318620 0.062500 0.020052
0 0.049074 0.752214 0.028704 0.043490
0 0.774769 0.485026 0.063426 0.019531
0 0.124306 0.474870 0.021759 0.056510
0 0.795602 0.663672 0.031019 0.038281
0 0.115046 0.872005 0.031019 0.038281
0 0.628935 0.108984 0.068056 0.017448
0 0.323380 0.299089 0.031019 0.038281
0 0.920602 0.765234 0.068056 0.017448
0 0.413657 0.409505 0.081944 0.014323
0 0.515509 0.775651 0.026389 0.043490
0 0.480324 0.462891 0.030093 0.037760
0 0.378472 0.389974 0.030093 0.037760
0 0.780556 0.288411 0.065741 0.016927
0 0.765046 0.640234 0.025463 0.043490
0 0.084954 0.099870 0.072685 0.014844
0 0.409028 0.831641 0.072685 0.014844
0 0.635880 0.474870 0.026389 0.040885
0 0.520139 0.399349 0.072685 0.014844
0 0.844213 0.430599 0.026389 0.040885
0 0.802083 0.618099 0.071759 0.014844
0 0.050231 0.421484 0.021759 0.048698
0 0.318750 0.767839 0.021759 0.048698
0 0.240046 0.840104 0.021759 0.047396
0 0.367361 0.478776 0.081944 0.012240
0 0.360417 0.878516 0.021759 0.046094
0 0.274769 0.491797 0.081944 0.012240
0 0.325694 0.684766 0.026389 0.037760
0 0.371991 0.332292 0.026389 0.036979
0 0.610417 0.124609 0.077315 0.012240
0 0.128935 0.325130 0.021759 0.043490
0 0.346528 0.774349 0.031019 0.030469
0 0.855787 0.769141 0.031019 0.030469
0 0.234259 0.477214 0.065741 0.014323
0 0.913657 0.373307 0.026389 0.035677
0 0.826852 0.660807 0.019444 0.048177
0 0.315972 0.429297 0.053241 0.017448
0 0.190972 0.198828 0.062500 0.014844
0 0.857639 0.167578 0.062500 0.014844
0 0.255093 0.629818 0.051852 0.017448
0 0.712269 0.802995 0.021759 0.040885
0 0.145139 0.650651 0.072685 0.012240
0 0.542824 0.176693 0.016204 0.053906
0 0.286343 0.547786 0.058796 0.014844
0 0.200694 0.853516 0.026389 0.032552
0 0.808333 0.648047 0.019444 0.043490
0 0.059491 0.483984 0.068056 0.012240
0 0.675231 0.799089 0.068056 0.012240
0 0.328009 0.218359 0.068056 0.012240
0 0.184491 0.405599 0.021759 0.037760
0 0.785880 0.114193 0.067130 0.012240
0 0.922917 0.323828 0.054167 0.014844
0 0.471528 0.992448 0.058796 0.013542
0 0.209491 0.506120 0.053241 0.014844
0 0.300231 0.675391 0.021759 0.035677
0 0.459954 0.520443 0.063426 0.012240
0 0.603472 0.148047 0.063426 0.012240
0 0.659028 0.646484 0.054167 0.014323
0 0.205324 0.100911 0.063426 0.011719
0 0.825694 0.901953 0.072685 0.009635
0 0.575694 0.159766 0.017130 0.040885
0 0.334954 0.831641 0.017130 0.040885
0 0.450694 0.696224 0.017130 0.040885
0 0.154398 0.477474 0.017130 0.040885
0 0.344213 0.616146 0.063426 0.010937
0 0.742361 0.888932 0.026389 0.025260
0 0.564120 0.594661 0.068056 0.009635
0 0.589120 0.368099 0.043981 0.014844
0 0.297454 0.657161 0.025463 0.025260
0 0.348843 0.522396 0.017130 0.036979
0 0.417130 0.860286 0.042593 0.014844
0 0.777083 0.466797 0.068056 0.009115
0 0.487731 0.529557 0.063426 0.009635
0 0.459954 0.284766 0.017130 0.035677
0 0.259722 0.262370 0.051852 0.011719
0 0.777083 0.528255 0.049537 0.012240
0 0.314120 0.405859 0.049537 0.012240
0 0.902546 0.192318 0.048611 0.012240
0 0.708796 0.568620 0.061111 0.009635
0 0.899306 0.599870 0.016204 0.035677
0 0.591435 0.666276 0.020833 0.027865
0 0.934491 0.581641 0.058796 0.009635
0 0.272454 0.159766 0.058796 0.009635
0 0.876620 0.647396 0.017130 0.031771
0 0.661343 0.626563 0.049537 0.010937
0 0.712269 0.275000 0.049537 0.010937
0 0.466898 0.641276 0.021759 0.024740
0 0.318750 0.864844 0.058796 0.008333
0 0.223843 0.843359 0.017130 0.027865
0 0.348380 0.740495 0.043981 0.009635
0 0.677546 0.856380 0.017130 0.022656
0 0.021991 0.408203 0.011574 0.032552
0 0.443750 0.104427 0.012500 0.029167
0 0.424769 0.761328 0.011574 0.030469
0 0.910880 0.829036 0.011574 0.030469
0 0.782870 0.802995 0.033333 0.009635
0 0.172917 0.543880 0.044907 0.007031
0 0.600000 0.883333 0.010185 0.026042
0 0.952546 0.502865 0.011574 0.018750
0 0.561806 0.041016 0.026389 0.006510
0 0.065741 0.003516 0.027778 0.004427
