0 0.601157 0.899349 0.151389 0.051302
0 0.756250 0.894141 0.137500 0.046094
0 0.413657 0.224870 0.072685 0.072135
0 0.089583 0.865234 0.072685 0.071615
0 0.263194 0.137630 0.132870 0.038281
0 0.425231 0.792578 0.105093 0.035677
0 0.593750 0.163672 0.127315 0.027865
0 0.427546 0.834245 0.109722 0.030469
0 0.797917 0.782161 0.100463 0.030469
0 0.626620 0.547786 0.100463 0.030469
0 0.293287 0.176693 0.109722 0.027865
0 0.292824 0.297786 0.099537 0.030469
0 0.381944 0.587500 0.092593 0.031771
0 0.790509 0.927995 0.141204 0.020052
0 0.675231 0.326432 0.049537 0.056510
0 0.330324 0.461849 0.054167 0.051302
0 0.911343 0.840755 0.049537 0.053906
0 0.351157 0.141536 0.049537 0.051302
0 0.518981 0.385026 0.051852 0.048698
0 0.883565 0.732422 0.049537 0.050781
0 0.354167 0.413672 0.046296 0.053906
0 0.531713 0.750521 0.095833 0.026042
0 0.651620 0.461849 0.122685 0.020052
0 0.506250 0.632422 0.044907 0.053906
0 0.698380 0.528255 0.049537 0.048698
0 0.871991 0.783464 0.081944 0.027865
0 0.561806 0.335547 0.081944 0.027865
0 0.508565 0.258464 0.049537 0.045573
0 0.800231 0.831641 0.086574 0.025260
0 0.758565 0.231380 0.095833 0.022656
0 0.226157 0.655859 0.040278 0.053906
0 0.504630 0.335286 0.078704 0.027344
0 0.915972 0.891536 0.105093 0.020052
0 0.082176 0.627214 0.030093 0.069531
0 0.146991 0.177995 0.104167 0.020052
0 0.904398 0.349870 0.044907 0.046094
0 0.749306 0.631120 0.040278 0.051302
0 0.777083 0.578385 0.040278 0.050000
0 0.182870 0.403255 0.046296 0.043490
0 0.265509 0.198568 0.035648 0.055990
0 0.161343 0.526953 0.132870 0.014844
0 0.762731 0.744401 0.085648 0.022656
0 0.800231 0.330339 0.031019 0.059115
0 0.841898 0.450130 0.031019 0.059115
0 0.661343 0.194922 0.105093 0.017448
0 0.432176 0.887630 0.100463 0.017448
0 0.170602 0.304297 0.077315 0.022656
0 0.922917 0.607031 0.026389 0.065625
0 0.337269 0.275651 0.031019 0.053906
0 0.834954 0.579036 0.035648 0.046094
0 0.392824 0.735938 0.031019 0.052604
0 0.767824 0.412109 0.040278 0.040365
0 0.161343 0.411719 0.086574 0.018750
0 0.165972 0.432552 0.086574 0.018750
0 0.533565 0.799089 0.090278 0.017448
0 0.480787 0.717057 0.077315 0.020052
0 0.571065 0.413672 0.035648 0.043490
0 0.633565 0.658464 0.040278 0.038281
0 0.837269 0.723568 0.040278 0.038281
0 0.382407 0.151693 0.037963 0.040365
0 0.267824 0.114193 0.086574 0.017448
0 0.766667 0.388281 0.037963 0.039583
0 0.240046 0.156510 0.077315 0.018750
0 0.959954 0.860026 0.035648 0.040365
0 0.913657 0.674089 0.026389 0.053906
0 0.515509 0.567057 0.026389 0.053385
0 0.471065 0.405859 0.113426 0.012240
0 0.529398 0.172135 0.100463 0.013542
0 0.811806 0.866797 0.035648 0.038281
0 0.490046 0.179297 0.077315 0.017448
0 0.253935 0.483984 0.077315 0.017448
0 0.902083 0.379818 0.031019 0.043490
0 0.230787 0.220312 0.031019 0.042188
0 0.797917 0.375000 0.026389 0.049479
0 0.869676 0.154557 0.086574 0.014844
0 0.871991 0.478516 0.026389 0.048177
0 0.691435 0.789974 0.035648 0.035677
0 0.469213 0.507422 0.072685 0.017448
0 0.686343 0.399349 0.062500 0.020052
0 0.063657 0.162370 0.030093 0.040885
0 0.906250 0.800391 0.030093 0.040885
0 0.858102 0.680599 0.026389 0.046094
0 0.219213 0.506120 0.081944 0.014844
0 0.525926 0.647396 0.028704 0.042188
0 0.321065 0.265625 0.035648 0.033854
0 0.728472 0.589193 0.026389 0.045573
0 0.707176 0.347266 0.020833 0.056510
0 0.559491 0.159766 0.058796 0.020052
0 0.784028 0.322526 0.035648 0.033073
0 0.152083 0.289974 0.077315 0.014844
0 0.161343 0.144141 0.077315 0.014844
0 0.443750 0.781510 0.031019 0.036979
0 0.824074 0.136979 0.069444 0.016146
0 0.323380 0.368099 0.021759 0.051302
0 0.314120 0.675391 0.021759 0.051302
0 0.420602 0.709245 0.021759 0.051302
0 0.361574 0.258724 0.024074 0.046094
0 0.545602 0.558203 0.031019 0.035677
0 0.598843 0.585547 0.063426 0.017448
0 0.600000 0.530859 0.028704 0.038281
0 0.948380 0.235937 0.068056 0.016146
0 0.714583 0.589453 0.026389 0.040885
0 0.654398 0.506120 0.072685 0.014844
0 0.290972 0.767839 0.086574 0.012240
0 0.230787 0.608984 0.021759 0.048698
0 0.378935 0.447526 0.021759 0.048698
0 0.328009 0.783464 0.058796 0.017448
0 0.698380 0.635026 0.031019 0.033073
0 0.490046 0.193620 0.068056 0.014844
0 0.672917 0.129818 0.081944 0.012240
0 0.660880 0.170182 0.067130 0.014844
0 0.286343 0.367448 0.021759 0.044792
0 0.185648 0.710547 0.079630 0.012240
0 0.540972 0.385026 0.021759 0.043490
0 0.411343 0.287370 0.031019 0.030469
0 0.737731 0.459245 0.026389 0.035677
0 0.659028 0.586849 0.026389 0.035677
0 0.948380 0.733073 0.021759 0.041667
0 0.811343 0.576432 0.025463 0.035677
0 0.176389 0.464453 0.061111 0.014844
0 0.973843 0.282161 0.017130 0.051302
0 0.330324 0.579036 0.017130 0.051302
0 0.693750 0.300130 0.021759 0.040365
0 0.874306 0.633464 0.021759 0.040365
0 0.755093 0.924089 0.070370 0.012240
0 0.469213 0.992448 0.063426 0.013542
0 0.221528 0.562109 0.021759 0.038281
0 0.712269 0.437109 0.021759 0.038281
0 0.119676 0.840755 0.068056 0.012240
0 0.517824 0.442057 0.021759 0.037760
0 0.691435 0.279557 0.026389 0.030469
0 0.446065 0.485286 0.081944 0.009635
0 0.906713 0.097266 0.021759 0.035677
0 0.310648 0.331641 0.051852 0.014844
0 0.515046 0.525651 0.062500 0.012240
0 0.468056 0.840104 0.024074 0.031771
0 0.830324 0.931901 0.061574 0.012240
0 0.427546 0.447526 0.017130 0.043490
0 0.948380 0.666927 0.021759 0.034375
0 0.390509 0.569922 0.017130 0.043490
0 0.688657 0.558203 0.076389 0.009635
0 0.742361 0.389974 0.017130 0.042969
0 0.865046 0.360286 0.049537 0.014844
0 0.957639 0.184505 0.058796 0.012240
0 0.670139 0.856380 0.057870 0.012240
0 0.936343 0.791276 0.016204 0.043490
0 0.499306 0.310547 0.077315 0.009115
0 0.126620 0.784766 0.072685 0.009635
0 0.645139 0.320964 0.017130 0.040365
0 0.781713 0.730729 0.021759 0.031771
0 0.198380 0.806641 0.058796 0.011719
0 0.079861 0.560807 0.016204 0.040885
0 0.024769 0.687109 0.017130 0.038281
0 0.765509 0.288672 0.017130 0.038281
0 0.203009 0.318620 0.068056 0.009635
0 0.825694 0.335286 0.017130 0.037760
0 0.159028 0.159766 0.063426 0.009635
0 0.120833 0.206641 0.024074 0.025260
0 0.816435 0.737240 0.017130 0.034375
0 0.755093 0.092057 0.061111 0.009635
0 0.557176 0.385677 0.017130 0.034375
0 0.797454 0.524089 0.016204 0.035156
0 0.682176 0.364193 0.017130 0.033073
0 0.836806 0.266536 0.020833 0.025260
0 0.496528 0.474870 0.016204 0.030469
0 0.258565 0.602474 0.049537 0.009635
0 0.284028 0.677604 0.017130 0.026042
0 0.686806 0.680599 0.017130 0.025260
0 0.605787 0.671224 0.058796 0.006510
0 0.286343 0.632422 0.012500 0.027865
0 0.439120 0.088151 0.049537 0.007031
