0 0.314120 0.791276 0.068056 0.111198
0 0.626620 0.861589 0.063426 0.074740
0 0.478472 0.374609 0.109722 0.033073
0 0.360417 0.267839 0.151389 0.022656
0 0.564120 0.228125 0.105093 0.031771
0 0.409028 0.228516 0.146759 0.022135
0 0.860417 0.175391 0.123611 0.025260
0 0.550231 0.110286 0.095833 0.030469
0 0.834954 0.877214 0.054167 0.053906
0 0.552546 0.813411 0.091204 0.030469
0 0.117361 0.835547 0.091204 0.027865
0 0.649769 0.322526 0.109722 0.022656
0 0.311806 0.329688 0.035648 0.068229
0 0.253935 0.771745 0.086574 0.025260
0 0.633565 0.342057 0.086574 0.025260
0 0.216898 0.334245 0.086574 0.025260
0 0.604630 0.597266 0.037963 0.056510
0 0.964583 0.227214 0.026389 0.076823
0 0.572222 0.340495 0.037963 0.053385
0 0.063657 0.357682 0.039352 0.051302
0 0.057176 0.797786 0.035648 0.056510
0 0.510880 0.888932 0.100463 0.020052
0 0.059491 0.768490 0.040278 0.050000
0 0.841898 0.408464 0.086574 0.022656
0 0.675231 0.737891 0.095833 0.020052
0 0.897454 0.279557 0.040278 0.046094
0 0.772454 0.836849 0.040278 0.046094
0 0.726157 0.329036 0.040278 0.046094
0 0.536343 0.336849 0.040278 0.046094
0 0.649769 0.185807 0.072685 0.025260
0 0.934491 0.618099 0.031019 0.056510
0 0.332639 0.763932 0.031019 0.056510
0 0.897454 0.575130 0.077315 0.022656
0 0.280556 0.706641 0.037963 0.046094
0 0.760880 0.879818 0.035648 0.048698
0 0.846065 0.142839 0.076389 0.022656
0 0.501157 0.844010 0.071759 0.023958
0 0.330324 0.366797 0.026389 0.064323
0 0.170602 0.318620 0.040278 0.040885
0 0.939120 0.414974 0.040278 0.040885
0 0.714583 0.438411 0.081944 0.020052
0 0.760880 0.378516 0.081944 0.020052
0 0.959954 0.727474 0.035648 0.046094
0 0.807176 0.763932 0.081944 0.020052
0 0.825694 0.706641 0.026389 0.061719
0 0.902083 0.233333 0.031019 0.052604
0 0.505093 0.086849 0.079630 0.020052
0 0.860417 0.394141 0.077315 0.020052
0 0.929861 0.398047 0.040278 0.038281
0 0.230787 0.684505 0.068056 0.022656
0 0.642361 0.754818 0.067130 0.022656
0 0.874306 0.708203 0.040278 0.037760
0 0.392824 0.220964 0.086574 0.017448
0 0.522454 0.852214 0.077315 0.019531
0 0.617361 0.193620 0.100463 0.014844
0 0.718056 0.881120 0.024074 0.061719
0 0.957639 0.160156 0.040278 0.036458
0 0.709954 0.361589 0.118981 0.012240
0 0.362731 0.724870 0.035648 0.040885
0 0.589583 0.886328 0.035648 0.040885
0 0.928704 0.377214 0.037963 0.038281
0 0.249306 0.151953 0.095833 0.014844
0 0.864583 0.550391 0.039352 0.035677
0 0.583796 0.779297 0.070370 0.019531
0 0.330324 0.263932 0.091204 0.014844
0 0.663194 0.764974 0.034722 0.037760
0 0.438657 0.094661 0.085648 0.014844
0 0.737731 0.631120 0.063426 0.020052
0 0.401620 0.143490 0.067130 0.018750
0 0.473380 0.192318 0.071759 0.017448
0 0.804398 0.851172 0.020833 0.059115
0 0.943750 0.341406 0.031019 0.039583
0 0.749306 0.412370 0.058796 0.020052
0 0.689120 0.661068 0.095833 0.012240
0 0.197222 0.232682 0.028704 0.040885
0 0.753935 0.134766 0.031019 0.037760
0 0.909028 0.085286 0.035648 0.032552
0 0.932176 0.525391 0.035648 0.032552
0 0.527083 0.211849 0.077315 0.014844
0 0.684491 0.219661 0.077315 0.014844
0 0.779398 0.348568 0.026389 0.043490
0 0.360417 0.149089 0.058796 0.019531
0 0.839583 0.257161 0.026389 0.042969
0 0.672917 0.699870 0.026389 0.042969
0 0.034028 0.840755 0.063426 0.017448
0 0.226157 0.234635 0.058796 0.018750
0 0.925231 0.759375 0.068056 0.016146
0 0.586806 0.198568 0.076389 0.014323
0 0.631250 0.167578 0.072685 0.014844
0 0.205324 0.847266 0.072685 0.014844
0 0.186806 0.797786 0.026389 0.040885
0 0.358102 0.126953 0.091204 0.011719
0 0.878935 0.252214 0.021759 0.048698
0 0.471528 0.348568 0.031019 0.033073
0 0.615046 0.523047 0.058796 0.017448
0 0.515509 0.492448 0.054167 0.018750
0 0.105787 0.683203 0.021759 0.046094
0 0.205324 0.124609 0.081944 0.012240
0 0.094213 0.090104 0.091204 0.010937
0 0.031713 0.279297 0.021759 0.045573
0 0.932176 0.241146 0.026389 0.036979
0 0.441435 0.160807 0.081944 0.011719
0 0.355324 0.326172 0.067130 0.014323
0 0.327546 0.886068 0.020833 0.045573
0 0.540972 0.775651 0.021759 0.043490
0 0.883565 0.114193 0.021759 0.043490
0 0.749306 0.795182 0.031019 0.030469
0 0.633565 0.240495 0.031019 0.030469
0 0.421065 0.817318 0.076389 0.012240
0 0.811806 0.491536 0.054167 0.016927
0 0.133565 0.157161 0.021759 0.040885
0 0.384722 0.115234 0.061111 0.014323
0 0.628935 0.305599 0.058796 0.014844
0 0.904398 0.504818 0.026389 0.033073
0 0.168287 0.244401 0.026389 0.033073
0 0.459954 0.843099 0.026389 0.032552
0 0.663657 0.486328 0.026389 0.032552
0 0.172917 0.194661 0.072685 0.011719
0 0.450231 0.329036 0.016204 0.051302
0 0.212269 0.254818 0.068056 0.012240
0 0.406713 0.192318 0.021759 0.038281
0 0.934491 0.801432 0.021759 0.037760
0 0.457176 0.132161 0.030093 0.027344
0 0.790509 0.335547 0.020833 0.038281
0 0.925231 0.884766 0.068056 0.011719
0 0.966898 0.207031 0.021759 0.036458
0 0.756250 0.847266 0.017130 0.046094
0 0.817593 0.218099 0.028704 0.027344
0 0.520139 0.280859 0.063426 0.012240
0 0.110417 0.870703 0.021759 0.035677
0 0.756250 0.085547 0.063426 0.012240
0 0.469213 0.511068 0.054167 0.014323
0 0.608102 0.100911 0.017130 0.042969
0 0.608102 0.358984 0.026389 0.027865
0 0.801389 0.307943 0.024074 0.029948
0 0.790972 0.108984 0.058796 0.012240
0 0.082639 0.260026 0.058796 0.012240
0 0.786343 0.710547 0.058796 0.012240
0 0.068287 0.684505 0.020833 0.033073
0 0.839583 0.625651 0.072685 0.009115
0 0.529398 0.269141 0.026389 0.025260
0 0.784028 0.692318 0.054167 0.012240
0 0.865046 0.081641 0.068056 0.009635
0 0.959491 0.245443 0.016204 0.040365
0 0.672917 0.511068 0.044907 0.014323
0 0.290972 0.284115 0.021759 0.029167
0 0.659722 0.401953 0.064815 0.009635
0 0.855787 0.715755 0.021759 0.027865
0 0.626620 0.273047 0.017130 0.033073
0 0.080324 0.348568 0.017130 0.033073
0 0.726157 0.112630 0.058796 0.009115
0 0.703009 0.763672 0.021759 0.024740
0 0.946065 0.692318 0.063426 0.007031
0 0.746991 0.248307 0.017130 0.025260
0 0.760880 0.218359 0.017130 0.022656
0 0.137731 0.770443 0.011574 0.033073
0 0.677083 0.179297 0.016204 0.022656
