0 0.529398 0.616797 0.248611 0.048698
0 0.839583 0.291276 0.165278 0.053906
0 0.287500 0.195964 0.162963 0.035156
0 0.246991 0.851172 0.156019 0.027865
0 0.911343 0.644141 0.058796 0.066927
0 0.168287 0.230078 0.054167 0.072135
0 0.792824 0.483984 0.108796 0.033073
0 0.816435 0.253516 0.165278 0.020052
0 0.045602 0.870443 0.058796 0.055990
0 0.568750 0.174089 0.058796 0.053906
0 0.834954 0.844661 0.044907 0.066927
0 0.450694 0.448828 0.118981 0.025260
0 0.135417 0.620703 0.053241 0.051302
0 0.778241 0.383724 0.125926 0.020052
0 0.219213 0.174089 0.044907 0.053906
0 0.818750 0.123958 0.049537 0.047396
0 0.834954 0.222266 0.044907 0.051302
0 0.330324 0.119401 0.081944 0.027865
0 0.378935 0.222266 0.031019 0.066927
0 0.252778 0.330990 0.037963 0.050000
0 0.937963 0.115495 0.121296 0.014844
0 0.883565 0.162370 0.031019 0.056510
0 0.867361 0.134375 0.081944 0.021354
0 0.300926 0.680859 0.041667 0.040365
0 0.078009 0.754818 0.031019 0.053906
0 0.270139 0.857682 0.109722 0.014844
0 0.890509 0.010026 0.091204 0.017448
0 0.115046 0.780859 0.021759 0.069531
0 0.128935 0.110937 0.031019 0.047396
0 0.251620 0.697266 0.026389 0.053385
0 0.979630 0.829688 0.037963 0.036979
0 0.402083 0.499609 0.031019 0.043490
0 0.249306 0.260417 0.021759 0.059896
0 0.274306 0.170182 0.034722 0.035677
0 0.429861 0.607682 0.058796 0.020052
0 0.568750 0.127214 0.095833 0.012240
0 0.912500 0.210547 0.084259 0.012240
0 0.124306 0.318620 0.021759 0.046094
0 0.927083 0.093359 0.025463 0.038281
0 0.693750 0.498307 0.021759 0.040885
0 0.704861 0.273047 0.016204 0.053906
0 0.749306 0.131120 0.086574 0.009635
0 0.068287 0.280859 0.030093 0.027865
0 0.869213 0.358984 0.020833 0.038281
0 0.964583 0.236589 0.063426 0.012240
0 0.098843 0.990495 0.044907 0.009635
