0 0.118519 0.969010 0.232407 0.060417
0 0.074537 0.683203 0.079630 0.087760
0 0.168981 0.183203 0.083333 0.082552
0 0.406713 0.791927 0.132870 0.044792
0 0.760880 0.653255 0.063426 0.079948
0 0.069907 0.463151 0.070370 0.064323
0 0.082639 0.981380 0.160648 0.027865
0 0.258565 0.224219 0.114352 0.034375
0 0.837269 0.272786 0.132870 0.027344
0 0.740046 0.260677 0.049537 0.065625
0 0.250463 0.869401 0.051852 0.059115
0 0.545139 0.472266 0.048611 0.061719
0 0.057176 0.207943 0.054167 0.053906
0 0.617361 0.141536 0.044907 0.061719
0 0.084954 0.732682 0.100463 0.025260
0 0.278241 0.767839 0.088889 0.027865
0 0.235417 0.410417 0.040278 0.057813
0 0.302546 0.265234 0.044907 0.048698
0 0.281713 0.342057 0.086574 0.025260
0 0.874306 0.469661 0.105093 0.020052
0 0.284028 0.202734 0.091204 0.022656
0 0.709954 0.456380 0.044907 0.045573
0 0.404398 0.230078 0.035648 0.056510
0 0.311343 0.597005 0.043981 0.045573
0 0.165972 0.754818 0.114352 0.017448
0 0.402083 0.412370 0.095833 0.020052
0 0.071065 0.992448 0.137500 0.013542
0 0.885880 0.382422 0.081944 0.022656
0 0.598843 0.273047 0.081944 0.022656
0 0.471528 0.278255 0.105093 0.017448
0 0.638194 0.438151 0.040278 0.045573
0 0.307176 0.852474 0.035648 0.051302
0 0.679861 0.640885 0.040278 0.043750
0 0.598843 0.109635 0.072685 0.023958
0 0.605093 0.603776 0.097222 0.017448
0 0.225000 0.602474 0.084259 0.020052
0 0.124306 0.538672 0.031019 0.053906
0 0.439120 0.093359 0.095833 0.017448
0 0.054861 0.425391 0.040278 0.040885
0 0.420602 0.873307 0.040278 0.040885
0 0.441435 0.329036 0.081944 0.020052
0 0.124306 0.810807 0.031019 0.051302
0 0.533565 0.345964 0.090278 0.017448
0 0.579861 0.812760 0.034722 0.044792
0 0.932176 0.340755 0.035648 0.043490
0 0.448380 0.688411 0.077315 0.020052
0 0.091435 0.898047 0.067130 0.022656
0 0.811806 0.566016 0.100463 0.014844
0 0.957639 0.788021 0.040278 0.036979
0 0.448380 0.527604 0.040278 0.036979
0 0.756250 0.470052 0.035648 0.041667
0 0.527546 0.119141 0.067130 0.022135
0 0.512731 0.804036 0.067130 0.022135
0 0.022454 0.683203 0.021759 0.066927
0 0.246991 0.269141 0.035648 0.040885
0 0.695602 0.191016 0.071759 0.020052
0 0.154398 0.245052 0.035648 0.039583
0 0.576852 0.462500 0.037963 0.036979
0 0.827546 0.365495 0.039352 0.035677
0 0.089583 0.306250 0.026389 0.052604
0 0.915509 0.168229 0.085648 0.016146
0 0.429861 0.849609 0.095833 0.014323
0 0.631250 0.564714 0.035648 0.038281
0 0.199537 0.649349 0.033333 0.040885
0 0.152083 0.155859 0.031019 0.043490
0 0.770139 0.366797 0.026389 0.048698
0 0.015509 0.767839 0.026389 0.048698
0 0.325694 0.368099 0.035648 0.035677
0 0.663657 0.534766 0.035648 0.035677
0 0.566435 0.197526 0.072685 0.017448
0 0.807870 0.594401 0.027778 0.045573
0 0.314120 0.105729 0.077315 0.016146
0 0.274769 0.173828 0.072685 0.016927
0 0.420602 0.599219 0.031019 0.039583
0 0.770139 0.589453 0.026389 0.046094
0 0.844213 0.188411 0.026389 0.046094
0 0.369676 0.132422 0.068056 0.017448
0 0.763194 0.539974 0.058796 0.020052
0 0.425231 0.775651 0.095833 0.012240
0 0.286343 0.696224 0.058796 0.020052
0 0.346528 0.239193 0.095833 0.012240
0 0.537037 0.567057 0.069444 0.016927
0 0.897454 0.146094 0.086574 0.013542
0 0.267824 0.293620 0.031019 0.037760
0 0.228472 0.348568 0.026389 0.043490
0 0.512731 0.401953 0.076389 0.014844
0 0.297917 0.788672 0.091204 0.012240
0 0.110417 0.378516 0.021759 0.051302
0 0.684491 0.360286 0.031019 0.035677
0 0.846528 0.506120 0.021759 0.050260
0 0.429861 0.826172 0.031019 0.035156
0 0.716898 0.412109 0.031019 0.035156
0 0.179861 0.440755 0.031019 0.035156
0 0.432176 0.342057 0.072685 0.014844
0 0.730787 0.458594 0.031019 0.034375
0 0.753935 0.640234 0.021759 0.048698
0 0.596528 0.588151 0.086574 0.012240
0 0.462269 0.437109 0.086574 0.012240
0 0.229630 0.549740 0.056481 0.018750
0 0.355787 0.119401 0.058796 0.017448
0 0.355787 0.457943 0.031019 0.033073
0 0.203009 0.589453 0.105093 0.009635
0 0.876620 0.663672 0.017130 0.059115
0 0.909028 0.442318 0.026389 0.038281
0 0.221065 0.769141 0.067130 0.014844
0 0.529398 0.192578 0.026389 0.037760
0 0.211111 0.564714 0.056481 0.017448
0 0.484954 0.152995 0.030093 0.032552
0 0.473843 0.529297 0.017130 0.055990
0 0.786343 0.757422 0.021759 0.043490
0 0.165972 0.832943 0.021759 0.043490
0 0.485417 0.502214 0.021759 0.043490
0 0.698380 0.347266 0.031019 0.030469
0 0.890509 0.157161 0.063426 0.014844
0 0.309491 0.681641 0.077315 0.011719
0 0.540972 0.506120 0.021759 0.040885
0 0.260880 0.507422 0.072685 0.012240
0 0.566435 0.080339 0.072685 0.012240
0 0.302546 0.145443 0.072685 0.012240
0 0.198380 0.296875 0.031019 0.028646
0 0.459954 0.243099 0.017130 0.051302
0 0.913194 0.569922 0.016204 0.053906
0 0.189120 0.266536 0.058796 0.014844
0 0.175231 0.366797 0.068056 0.012240
0 0.438657 0.471615 0.020833 0.039583
0 0.258102 0.590495 0.030093 0.027344
0 0.315972 0.418229 0.025463 0.031771
0 0.797917 0.097005 0.054167 0.014323
0 0.482639 0.472266 0.025463 0.030469
0 0.721528 0.766276 0.021759 0.035156
0 0.065278 0.757422 0.061111 0.012240
0 0.402083 0.312760 0.086574 0.008333
0 0.263194 0.529297 0.077315 0.009115
0 0.240046 0.655599 0.021759 0.032552
0 0.446065 0.154557 0.017130 0.040885
0 0.649769 0.896745 0.072685 0.009635
0 0.689120 0.743750 0.021759 0.031771
0 0.947917 0.408464 0.020833 0.033073
0 0.503935 0.530599 0.058796 0.011719
0 0.858796 0.441016 0.046296 0.014844
0 0.922917 0.214453 0.026389 0.025260
0 0.388194 0.284766 0.021759 0.030469
0 0.575694 0.135026 0.054167 0.012240
0 0.668287 0.565755 0.026389 0.024740
0 0.174074 0.564453 0.019444 0.032552
0 0.392361 0.435547 0.067130 0.009115
0 0.927083 0.119141 0.016204 0.037760
0 0.450694 0.076432 0.063426 0.009635
0 0.677546 0.683854 0.054167 0.010937
0 0.594213 0.070964 0.063426 0.009115
0 0.066435 0.332943 0.017130 0.033073
0 0.781713 0.170182 0.058796 0.009635
0 0.547917 0.619141 0.017130 0.032552
0 0.057176 0.822266 0.017130 0.032552
0 0.760880 0.090755 0.044907 0.012240
0 0.490046 0.787109 0.058796 0.009115
0 0.420602 0.107422 0.058796 0.009115
0 0.792824 0.079036 0.053241 0.009635
0 0.259259 0.461198 0.060185 0.008333
0 0.418287 0.404297 0.017130 0.024740
0 0.802546 0.283203 0.063426 0.006510
0 0.510880 0.229818 0.044907 0.009115
0 0.329861 0.477474 0.016204 0.025260
0 0.892361 0.115234 0.039352 0.009115
0 0.598843 0.766536 0.035648 0.009635
