0 0.536343 0.618099 0.234722 0.051302
0 0.786343 0.295182 0.169907 0.051302
0 0.300231 0.168229 0.142130 0.047396
0 0.814120 0.429297 0.058796 0.074740
0 0.828009 0.235286 0.160648 0.025260
0 0.351157 0.831380 0.132870 0.029948
0 0.522454 0.463151 0.114352 0.033073
0 0.175231 0.849870 0.049537 0.072135
0 0.770139 0.379167 0.128241 0.026562
0 0.970370 0.809505 0.056481 0.059115
0 0.946065 0.711849 0.044907 0.072135
0 0.300231 0.855078 0.142130 0.020052
0 0.977315 0.160807 0.042593 0.063802
0 0.128935 0.127214 0.095833 0.027865
0 0.627778 0.197526 0.047222 0.053906
0 0.742361 0.280859 0.044907 0.053906
0 0.163194 0.215104 0.034722 0.063021
0 0.105324 0.793620 0.030093 0.069010
0 0.765509 0.191016 0.081944 0.025260
0 0.272454 0.302734 0.040278 0.050781
0 0.362731 0.239193 0.026389 0.074740
0 0.811806 0.849870 0.026389 0.072135
0 0.858102 0.123307 0.072685 0.025260
0 0.284028 0.683203 0.035648 0.051302
0 0.745833 0.118750 0.107407 0.016146
0 0.895139 0.151302 0.026389 0.060417
0 0.856944 0.322526 0.070370 0.022656
0 0.890509 0.010026 0.091204 0.017448
0 0.920602 0.201432 0.105093 0.014844
0 0.927546 0.122005 0.026389 0.059115
0 0.860417 0.066016 0.077315 0.020052
0 0.937963 0.227474 0.075000 0.020052
0 0.251620 0.701172 0.026389 0.055990
0 0.515509 0.123307 0.091204 0.014844
0 0.909028 0.771484 0.091204 0.014323
0 0.913657 0.068620 0.035648 0.035677
0 0.965741 0.116797 0.065741 0.017448
0 0.913657 0.108724 0.026389 0.042969
0 0.379630 0.416276 0.032407 0.033073
0 0.235417 0.201432 0.021759 0.046094
0 0.498843 0.188411 0.067130 0.014844
0 0.448380 0.489193 0.021759 0.043490
0 0.934491 0.183203 0.086574 0.009635
0 0.066435 0.245703 0.026389 0.030469
0 0.216898 0.848568 0.012500 0.038281
0 0.098843 0.993099 0.044907 0.009635
