0 0.911343 0.554948 0.114352 0.039583
0 0.765509 0.327734 0.118981 0.033073
0 0.391667 0.401042 0.056481 0.065104
0 0.774769 0.417578 0.054167 0.066927
0 0.566435 0.411068 0.118981 0.027865
0 0.582639 0.776953 0.105093 0.030469
0 0.170602 0.569922 0.105093 0.027865
0 0.615046 0.489193 0.049537 0.059115
0 0.538657 0.496354 0.035648 0.078646
0 0.209954 0.349870 0.044907 0.061719
0 0.902083 0.077734 0.114352 0.022656
0 0.602315 0.589453 0.098148 0.025260
0 0.078009 0.467057 0.040278 0.056510
0 0.610417 0.641276 0.040278 0.055990
0 0.480787 0.185807 0.105093 0.020052
0 0.626620 0.094661 0.100463 0.020052
0 0.686806 0.474219 0.044907 0.044792
0 0.828009 0.400651 0.086574 0.022656
0 0.608102 0.073828 0.072685 0.025260
0 0.984259 0.407161 0.028704 0.061719
0 0.774769 0.051693 0.100463 0.017448
0 0.635417 0.623307 0.025463 0.066927
0 0.299769 0.438411 0.039352 0.040885
0 0.871991 0.193359 0.081944 0.019531
0 0.878935 0.853776 0.040278 0.038281
0 0.459954 0.444271 0.026389 0.057813
0 0.890509 0.008724 0.091204 0.014844
0 0.115046 0.745443 0.068056 0.019531
0 0.179861 0.090755 0.105093 0.012240
0 0.112731 0.317318 0.026389 0.048698
0 0.954167 0.307552 0.088889 0.013542
0 0.774769 0.025651 0.091204 0.012240
0 0.733102 0.401953 0.026389 0.040885
0 0.330324 0.620703 0.100463 0.009635
0 0.494676 0.640234 0.077315 0.012240
0 0.182176 0.058203 0.081944 0.009635
0 0.742361 0.158464 0.063426 0.012240
0 0.640509 0.204036 0.072685 0.009635
0 0.112731 0.198828 0.017130 0.040885
0 0.251620 0.344661 0.063426 0.009635
0 0.295139 0.254818 0.048611 0.007031
