0 0.640509 0.330339 0.137500 0.038281
0 0.309028 0.290365 0.122685 0.041667
0 0.883102 0.282161 0.131944 0.035677
0 0.139352 0.336849 0.125926 0.030469
0 0.698380 0.887891 0.132870 0.027344
0 0.524306 0.836849 0.118056 0.030469
0 0.490046 0.213151 0.040278 0.079948
0 0.892361 0.632422 0.057870 0.053906
0 0.445602 0.211849 0.053241 0.056510
0 0.925231 0.242839 0.049537 0.055990
0 0.640509 0.458984 0.044907 0.061198
0 0.237731 0.610026 0.091204 0.029948
0 0.311806 0.129818 0.091204 0.027865
0 0.413194 0.470703 0.090278 0.027344
0 0.655093 0.560547 0.120370 0.019531
0 0.762731 0.606380 0.131944 0.017448
0 0.663657 0.864193 0.081944 0.027865
0 0.288194 0.274349 0.090278 0.025260
0 0.645139 0.180599 0.035648 0.061719
0 0.135880 0.571224 0.035648 0.061719
0 0.766667 0.313411 0.047222 0.046094
0 0.366898 0.503255 0.108796 0.019531
0 0.631250 0.722266 0.044907 0.046094
0 0.339583 0.485286 0.081944 0.025260
0 0.655556 0.650651 0.047222 0.043490
0 0.411343 0.278255 0.040278 0.048698
0 0.436806 0.280859 0.044907 0.043490
0 0.121991 0.259375 0.026389 0.073438
0 0.376157 0.885677 0.081019 0.023958
0 0.096528 0.407161 0.040278 0.046094
0 0.790972 0.872656 0.077315 0.023958
0 0.900926 0.582943 0.037963 0.048698
0 0.235417 0.533464 0.031019 0.059115
0 0.899306 0.823828 0.043981 0.040885
0 0.809491 0.137630 0.040278 0.043490
0 0.529398 0.372656 0.072685 0.023958
0 0.126157 0.291927 0.034722 0.050000
0 0.601157 0.266536 0.086574 0.020052
0 0.719213 0.538672 0.072685 0.022656
0 0.971528 0.263932 0.040278 0.040885
0 0.147454 0.810807 0.040278 0.040885
0 0.779398 0.209245 0.081944 0.020052
0 0.568287 0.160807 0.094907 0.016927
0 0.293287 0.176693 0.091204 0.017448
0 0.858102 0.179297 0.091204 0.017448
0 0.823380 0.855078 0.077315 0.020052
0 0.619676 0.806901 0.040278 0.038281
0 0.392824 0.256771 0.040278 0.036979
0 0.656250 0.405599 0.067130 0.022135
0 0.909028 0.201432 0.035648 0.040885
0 0.348843 0.368099 0.035648 0.040885
0 0.863889 0.340755 0.037963 0.038281
0 0.610417 0.776953 0.095833 0.014844
0 0.964583 0.306641 0.026389 0.053385
0 0.949537 0.610026 0.098148 0.014323
0 0.771296 0.117448 0.075000 0.018750
0 0.601157 0.185807 0.068056 0.020052
0 0.350000 0.175391 0.037963 0.035677
0 0.369676 0.421484 0.077315 0.017448
0 0.816435 0.166276 0.109722 0.012240
0 0.768287 0.180599 0.067130 0.020052
0 0.950694 0.382161 0.035648 0.037760
0 0.899769 0.151953 0.063426 0.020052
0 0.837269 0.592057 0.031019 0.040885
0 0.663194 0.829036 0.062500 0.020052
0 0.358102 0.849870 0.081944 0.014844
0 0.980787 0.562109 0.031019 0.038281
0 0.846528 0.297786 0.058796 0.020052
0 0.735417 0.511328 0.058796 0.020052
0 0.103472 0.752214 0.035648 0.033073
0 0.237731 0.153255 0.035648 0.033073
0 0.860417 0.749349 0.021759 0.053385
0 0.418287 0.398047 0.026389 0.043490
0 0.494676 0.407813 0.068056 0.016146
0 0.130787 0.421484 0.062500 0.017448
0 0.349537 0.469010 0.055556 0.018750
0 0.513889 0.784766 0.069444 0.014844
0 0.253935 0.692318 0.058796 0.017448
0 0.840278 0.744401 0.083333 0.012240
0 0.256250 0.150651 0.026389 0.038281
0 0.453009 0.883724 0.068056 0.014844
0 0.818750 0.094661 0.068056 0.014844
0 0.242361 0.207943 0.026389 0.038281
0 0.609954 0.103776 0.057870 0.017448
0 0.446065 0.447526 0.081944 0.012240
0 0.226157 0.219661 0.021759 0.046094
0 0.883565 0.677344 0.021759 0.044792
0 0.269676 0.192318 0.025463 0.038281
0 0.948380 0.637630 0.021759 0.043490
0 0.464583 0.327734 0.054167 0.017448
0 0.659722 0.336849 0.092593 0.009635
0 0.587269 0.219010 0.021759 0.041146
0 0.700694 0.405859 0.072685 0.012240
0 0.126620 0.532161 0.017130 0.051302
0 0.746528 0.340755 0.071759 0.012240
0 0.871991 0.377214 0.026389 0.033073
0 0.587269 0.146745 0.058796 0.014844
0 0.988889 0.481380 0.019444 0.043490
0 0.492361 0.178646 0.026389 0.031771
0 0.229630 0.433203 0.056481 0.014844
0 0.980787 0.231380 0.021759 0.038281
0 0.897454 0.903255 0.068056 0.012240
0 0.719213 0.667578 0.026389 0.030469
0 0.751620 0.474870 0.054167 0.014844
0 0.753935 0.636328 0.021759 0.035677
0 0.811806 0.905859 0.063426 0.012240
0 0.487731 0.895443 0.063426 0.012240
0 0.543287 0.385026 0.063426 0.012240
0 0.358102 0.254818 0.063426 0.012240
0 0.370833 0.685807 0.051852 0.014844
0 0.635417 0.391276 0.053241 0.014323
0 0.621991 0.205339 0.017130 0.043490
0 0.098843 0.499609 0.017130 0.043490
0 0.913657 0.705339 0.017130 0.043490
0 0.980787 0.632422 0.021759 0.033073
0 0.800231 0.593359 0.058796 0.012240
0 0.874306 0.200130 0.021759 0.033073
0 0.966898 0.483984 0.021759 0.033073
0 0.145139 0.248307 0.017130 0.040885
0 0.172917 0.422786 0.017130 0.040885
0 0.829861 0.236328 0.025463 0.027344
0 0.197917 0.267839 0.020833 0.033073
0 0.515509 0.143490 0.017130 0.039583
0 0.400463 0.439714 0.055556 0.012240
0 0.177546 0.224870 0.026389 0.025260
0 0.844213 0.323828 0.026389 0.025260
0 0.571065 0.329036 0.026389 0.025260
0 0.902083 0.115495 0.021759 0.030469
0 0.390509 0.569922 0.017130 0.038281
0 0.876157 0.765885 0.016204 0.039583
0 0.859954 0.691016 0.020833 0.030469
0 0.385880 0.172135 0.026389 0.023958
0 0.284028 0.558203 0.017130 0.035677
0 0.964583 0.519141 0.017130 0.035677
0 0.932176 0.461849 0.017130 0.035677
0 0.804861 0.608984 0.049537 0.012240
0 0.656713 0.135026 0.049537 0.012240
0 0.899306 0.771094 0.016204 0.036979
0 0.691435 0.385026 0.017130 0.033073
0 0.883565 0.144141 0.058796 0.009635
0 0.278935 0.393490 0.016204 0.034375
0 0.986574 0.825130 0.024074 0.022656
0 0.781713 0.495443 0.058796 0.009115
0 0.487731 0.482682 0.017130 0.030469
0 0.556713 0.826432 0.053241 0.009635
0 0.374306 0.460547 0.040278 0.012240
0 0.491204 0.426693 0.014815 0.033073
0 0.980787 0.717057 0.021759 0.020052
0 0.358102 0.426042 0.035648 0.010937
0 0.161343 0.589453 0.040278 0.009635
0 0.777083 0.569661 0.058796 0.006510
0 0.975000 0.187109 0.047222 0.007031
0 0.596528 0.137630 0.040278 0.007031
0 0.612731 0.030859 0.026389 0.007031
0 0.765509 0.996354 0.026389 0.005729
0 0.662500 0.997656 0.024074 0.003125
