0 0.135880 0.980729 0.165278 0.036979
0 0.131250 0.211849 0.118981 0.040885
0 0.910185 0.873307 0.112037 0.035677
0 0.209954 0.766276 0.118981 0.029948
0 0.516667 0.815365 0.114815 0.029167
0 0.490046 0.517839 0.058796 0.053906
0 0.758565 0.231380 0.058796 0.053906
0 0.669444 0.783203 0.093519 0.032552
0 0.140509 0.847266 0.044907 0.066927
0 0.661343 0.849609 0.095833 0.029948
0 0.240046 0.508724 0.049537 0.056510
0 0.258565 0.445573 0.095833 0.029167
0 0.909028 0.792578 0.054167 0.051302
0 0.531713 0.843359 0.095833 0.027865
0 0.392824 0.486589 0.049537 0.053906
0 0.237731 0.298828 0.035648 0.069010
0 0.406713 0.105078 0.095833 0.025260
0 0.179861 0.358724 0.031019 0.074219
0 0.418287 0.441016 0.044907 0.051302
0 0.647454 0.487891 0.049537 0.046094
0 0.378935 0.276953 0.077315 0.025260
0 0.302546 0.661068 0.044907 0.043490
0 0.228472 0.345964 0.044907 0.043490
0 0.538657 0.635026 0.035648 0.053906
0 0.851157 0.329036 0.040278 0.046094
0 0.376620 0.552995 0.091204 0.020052
0 0.103472 0.740495 0.035648 0.051302
0 0.260880 0.579036 0.035648 0.051302
0 0.807176 0.284766 0.035648 0.051302
0 0.800231 0.494141 0.031019 0.058594
0 0.071065 0.214193 0.072685 0.024740
0 0.807176 0.748958 0.109722 0.016146
0 0.378935 0.883724 0.114352 0.014844
0 0.730787 0.628516 0.114352 0.014844
0 0.767824 0.761328 0.114352 0.014844
0 0.793287 0.703125 0.072685 0.023438
0 0.470370 0.437109 0.075000 0.022656
0 0.087269 0.598307 0.031019 0.053385
0 0.274769 0.823828 0.035648 0.046094
0 0.524769 0.360286 0.035648 0.046094
0 0.080324 0.521484 0.035648 0.045573
0 0.756250 0.736589 0.026389 0.059115
0 0.515046 0.539323 0.034722 0.044792
0 0.858102 0.296484 0.035648 0.043490
0 0.277083 0.198828 0.077315 0.020052
0 0.925231 0.650651 0.068056 0.022656
0 0.892824 0.317318 0.031019 0.048698
0 0.337269 0.374609 0.031019 0.048698
0 0.587269 0.835547 0.031019 0.048698
0 0.774769 0.727474 0.100463 0.014844
0 0.571065 0.169531 0.026389 0.055208
0 0.397454 0.300391 0.095833 0.014844
0 0.108102 0.830339 0.035648 0.038281
0 0.156713 0.745703 0.068056 0.020052
0 0.939120 0.095964 0.031019 0.043490
0 0.212269 0.671484 0.077315 0.017448
0 0.554861 0.760026 0.031019 0.043490
0 0.853472 0.423828 0.035648 0.037760
0 0.605787 0.266276 0.068056 0.019531
0 0.550231 0.801693 0.105093 0.012240
0 0.821065 0.463151 0.026389 0.048698
0 0.242361 0.847266 0.063426 0.020052
0 0.871991 0.110286 0.063426 0.020052
0 0.480787 0.381120 0.031019 0.040885
0 0.899769 0.271484 0.035648 0.035156
0 0.945602 0.693620 0.034722 0.035677
0 0.647454 0.524349 0.021759 0.056510
0 0.534028 0.287370 0.026389 0.046094
0 0.557176 0.721354 0.035648 0.033854
0 0.209954 0.479818 0.026389 0.045573
0 0.281713 0.598568 0.031019 0.038281
0 0.277083 0.533464 0.031019 0.038281
0 0.489583 0.243099 0.057870 0.020052
0 0.946065 0.770443 0.026389 0.043490
0 0.777083 0.120703 0.077315 0.014844
0 0.283565 0.101172 0.034722 0.033073
0 0.345370 0.119401 0.065741 0.017448
0 0.675231 0.550781 0.031019 0.036458
0 0.896991 0.446875 0.030093 0.036979
0 0.015509 0.105078 0.026389 0.040885
0 0.302546 0.539974 0.026389 0.040885
0 0.346065 0.750911 0.030093 0.035677
0 0.485417 0.327734 0.086574 0.012240
0 0.554861 0.549089 0.021759 0.048698
0 0.920602 0.452474 0.021759 0.048177
0 0.230787 0.625260 0.077315 0.013542
0 0.483102 0.805339 0.072685 0.014323
0 0.913194 0.518880 0.025463 0.040365
0 0.295602 0.434505 0.031019 0.033073
0 0.934491 0.163672 0.031019 0.033073
0 0.453009 0.168880 0.058796 0.017448
0 0.714583 0.197526 0.026389 0.038281
0 0.922917 0.332943 0.026389 0.038281
0 0.086806 0.257422 0.057870 0.017448
0 0.957639 0.697266 0.031019 0.032552
0 0.197222 0.579036 0.019444 0.051302
0 0.905556 0.170182 0.019444 0.051302
0 0.934491 0.222005 0.021759 0.045573
0 0.851157 0.869141 0.058796 0.016927
0 0.545139 0.822266 0.057870 0.016927
0 0.302546 0.791016 0.081944 0.011719
0 0.603472 0.634766 0.081944 0.011719
0 0.841898 0.230078 0.031019 0.030469
0 0.432176 0.812109 0.054167 0.017448
0 0.647454 0.610286 0.031019 0.030469
0 0.918287 0.133724 0.063426 0.014844
0 0.550231 0.504557 0.021759 0.042969
0 0.642824 0.344661 0.021759 0.040885
0 0.240046 0.459245 0.021759 0.040885
0 0.554861 0.362630 0.021759 0.040365
0 0.667824 0.437109 0.016204 0.053906
0 0.892824 0.823828 0.058796 0.014844
0 0.149769 0.608984 0.026389 0.033073
0 0.790972 0.414323 0.021759 0.039583
0 0.403935 0.822266 0.071759 0.011719
0 0.848843 0.444271 0.026389 0.031771
0 0.123843 0.103776 0.030093 0.027865
0 0.369676 0.486589 0.068056 0.012240
0 0.267824 0.687109 0.068056 0.012240
0 0.741204 0.181901 0.024074 0.033073
0 0.946065 0.519141 0.017130 0.046094
0 0.823380 0.422786 0.021759 0.035677
0 0.675231 0.701432 0.021759 0.035677
0 0.419444 0.238542 0.047222 0.016146
0 0.726157 0.862891 0.077315 0.009635
0 0.131250 0.502214 0.017130 0.043490
0 0.617361 0.457943 0.017130 0.043490
0 0.969213 0.780599 0.017130 0.042969
0 0.277083 0.123307 0.049537 0.014844
0 0.681019 0.363151 0.024074 0.029948
0 0.615046 0.411068 0.021759 0.033073
0 0.237269 0.564714 0.016204 0.043490
0 0.918287 0.284505 0.017130 0.040365
0 0.603009 0.336849 0.071759 0.009635
0 0.570602 0.540625 0.016204 0.042188
0 0.131250 0.607031 0.017130 0.039583
0 0.013194 0.954948 0.021759 0.031250
0 0.223843 0.157161 0.026389 0.025260
0 0.207639 0.094661 0.021759 0.030469
0 0.913657 0.085547 0.017130 0.038281
0 0.420602 0.151953 0.068056 0.009635
0 0.052546 0.470964 0.017130 0.038281
0 0.788657 0.174089 0.017130 0.038281
0 0.670602 0.714453 0.068056 0.009635
0 0.553241 0.508724 0.064815 0.009635
0 0.552546 0.873307 0.063426 0.009635
0 0.515509 0.089453 0.063426 0.009635
0 0.885880 0.073828 0.017130 0.035677
0 0.742361 0.248307 0.017130 0.035677
0 0.365046 0.101172 0.049537 0.012240
0 0.138889 0.995052 0.069444 0.008333
0 0.592593 0.308203 0.060185 0.009635
0 0.936343 0.349870 0.016204 0.035677
0 0.376620 0.245443 0.063426 0.009115
0 0.415509 0.768099 0.020833 0.027344
0 0.339583 0.226172 0.017130 0.033073
0 0.851157 0.737891 0.058796 0.009635
0 0.350694 0.586849 0.057870 0.009635
0 0.445602 0.119401 0.043981 0.012240
0 0.561343 0.463151 0.016204 0.033073
0 0.240046 0.404297 0.058796 0.009115
0 0.746528 0.779557 0.053241 0.009635
0 0.177546 0.483984 0.017130 0.027865
0 0.081481 0.995052 0.056481 0.008333
0 0.596528 0.542578 0.021759 0.020052
0 0.652083 0.659766 0.021759 0.020052
0 0.811806 0.342057 0.044907 0.009635
0 0.645139 0.119401 0.017130 0.022656
0 0.665509 0.142578 0.057870 0.006510
0 0.753935 0.087500 0.058796 0.005729
0 0.214583 0.523047 0.017130 0.017448
0 0.190278 0.004818 0.033333 0.007031
