0 0.163657 0.218359 0.072685 0.085156
0 0.950694 0.866146 0.054167 0.083854
0 0.186806 0.806901 0.156019 0.027865
0 0.598843 0.348568 0.063426 0.064323
0 0.939120 0.618750 0.105093 0.031771
0 0.670602 0.291276 0.058796 0.053906
0 0.818750 0.135026 0.058796 0.053906
0 0.809491 0.545182 0.049537 0.061719
0 0.209954 0.322526 0.054167 0.053906
0 0.524769 0.633464 0.091204 0.029948
0 0.790972 0.368099 0.123611 0.020052
0 0.131250 0.836849 0.118981 0.020052
0 0.709954 0.607682 0.044907 0.046094
0 0.825694 0.172786 0.044907 0.046094
0 0.325694 0.834245 0.035648 0.056510
0 0.214583 0.896745 0.100463 0.020052
0 0.807176 0.224870 0.091204 0.020052
0 0.510880 0.089193 0.072685 0.024740
0 0.152083 0.766276 0.114352 0.014323
0 0.890509 0.010026 0.091204 0.017448
0 0.961111 0.144401 0.075000 0.019531
0 0.075694 0.639323 0.026389 0.052083
0 0.318750 0.523047 0.031019 0.043490
0 0.730787 0.390234 0.105093 0.012240
0 0.986574 0.436198 0.024074 0.052083
0 0.510880 0.992448 0.091204 0.013542
0 0.145139 0.196224 0.026389 0.040885
0 0.603472 0.127214 0.081944 0.012240
0 0.508565 0.224870 0.021759 0.046094
0 0.956481 0.171224 0.084259 0.011719
0 0.624306 0.392839 0.077315 0.012240
0 0.946065 0.807943 0.026389 0.035156
0 0.760880 0.145443 0.026389 0.033073
0 0.071065 0.531901 0.017130 0.045573
0 0.698380 0.612891 0.021759 0.035677
0 0.023611 0.761328 0.047222 0.014844
0 0.876157 0.156901 0.016204 0.035156
0 0.101157 0.993099 0.040278 0.009635
0 0.108102 0.237891 0.007870 0.025260
