0 0.582639 0.668880 0.179167 0.059115
0 0.785185 0.596615 0.065741 0.081250
0 0.175231 0.709245 0.114352 0.035677
0 0.843750 0.200781 0.136574 0.029167
0 0.469213 0.183203 0.128241 0.030469
0 0.133565 0.646745 0.123611 0.030469
0 0.277083 0.727474 0.114352 0.030469
0 0.867361 0.368099 0.100463 0.030469
0 0.844213 0.185807 0.100463 0.030469
0 0.142824 0.326432 0.049537 0.061719
0 0.601157 0.884375 0.095833 0.031771
0 0.684491 0.302995 0.095833 0.030469
0 0.332639 0.350911 0.105093 0.027344
0 0.371528 0.461589 0.108796 0.024740
0 0.462269 0.212891 0.049537 0.053385
0 0.211111 0.879818 0.093519 0.027865
0 0.095370 0.734896 0.047222 0.054688
0 0.186806 0.595964 0.109722 0.022656
0 0.321065 0.633073 0.044907 0.055208
0 0.550231 0.175391 0.031019 0.077344
0 0.468750 0.414974 0.118056 0.020052
0 0.716898 0.814714 0.031019 0.074740
0 0.885880 0.774349 0.044907 0.051302
0 0.977315 0.319922 0.042593 0.053906
0 0.369676 0.285417 0.105093 0.021354
0 0.850694 0.547135 0.048611 0.044792
0 0.262037 0.117839 0.047222 0.045573
0 0.436343 0.355078 0.034722 0.061719
0 0.269676 0.155859 0.034722 0.059115
0 0.203009 0.399349 0.077315 0.025260
0 0.865046 0.245703 0.095833 0.020052
0 0.749306 0.439714 0.105093 0.017448
0 0.922917 0.891536 0.044907 0.040885
0 0.098843 0.612891 0.035648 0.051302
0 0.668287 0.870443 0.072685 0.024740
0 0.757870 0.122005 0.078704 0.022656
0 0.270139 0.554297 0.100463 0.017448
0 0.871991 0.860286 0.026389 0.061719
0 0.188657 0.252604 0.067130 0.023438
0 0.789815 0.844661 0.037963 0.040885
0 0.758565 0.723568 0.068056 0.022656
0 0.177546 0.147786 0.035648 0.042969
0 0.718750 0.556641 0.090278 0.016927
0 0.619676 0.476172 0.086574 0.017448
0 0.475694 0.478776 0.039352 0.038281
0 0.790972 0.798828 0.031019 0.048177
0 0.179861 0.323828 0.031019 0.046094
0 0.802546 0.127214 0.026389 0.053906
0 0.867824 0.404557 0.034722 0.040885
0 0.964583 0.231380 0.035648 0.038281
0 0.529398 0.209245 0.026389 0.051302
0 0.868519 0.092057 0.037963 0.035677
0 0.119676 0.254818 0.031019 0.043490
0 0.851157 0.292578 0.086574 0.014844
0 0.809491 0.242839 0.031019 0.040365
0 0.383565 0.719661 0.021759 0.056510
0 0.290509 0.253516 0.030093 0.040885
0 0.080324 0.788411 0.072685 0.016927
0 0.950694 0.756120 0.081944 0.014844
0 0.841435 0.487630 0.030093 0.040365
0 0.318750 0.093359 0.068056 0.017448
0 0.800231 0.627214 0.068056 0.017448
0 0.587269 0.679297 0.031019 0.038281
0 0.346528 0.489193 0.095833 0.012240
0 0.369676 0.806901 0.095833 0.012240
0 0.228472 0.762630 0.035648 0.033073
0 0.966898 0.152995 0.031019 0.037760
0 0.346528 0.112891 0.031019 0.035677
0 0.904398 0.394141 0.026389 0.040885
0 0.922917 0.305599 0.026389 0.040885
0 0.156713 0.731380 0.086574 0.012240
0 0.837269 0.129557 0.021759 0.048177
0 0.922917 0.276302 0.026389 0.039583
0 0.510417 0.808203 0.025463 0.040885
0 0.850694 0.731380 0.057870 0.017448
0 0.207639 0.276953 0.021759 0.046094
0 0.279398 0.676432 0.026389 0.037760
0 0.373148 0.430990 0.093519 0.010417
0 0.464583 0.123958 0.026389 0.036979
0 0.730787 0.861589 0.077315 0.012240
0 0.939120 0.572526 0.021759 0.043490
0 0.330324 0.693620 0.026389 0.035677
0 0.446065 0.857682 0.063426 0.014844
0 0.156250 0.443620 0.030093 0.030469
0 0.343056 0.373307 0.061111 0.014844
0 0.884722 0.306901 0.051852 0.017448
0 0.823380 0.477474 0.021759 0.040885
0 0.424769 0.219661 0.057870 0.014844
0 0.716898 0.196224 0.086574 0.009635
0 0.605787 0.194661 0.021759 0.037760
0 0.751620 0.243099 0.026389 0.030469
0 0.223843 0.218359 0.063426 0.012240
0 0.290972 0.448828 0.021759 0.035677
0 0.660185 0.268880 0.084259 0.009115
0 0.649306 0.733984 0.062500 0.012240
0 0.358102 0.124609 0.017130 0.043490
0 0.457176 0.451432 0.048611 0.014844
0 0.089583 0.447266 0.026389 0.027344
0 0.218056 0.207682 0.061111 0.011719
0 0.517824 0.607422 0.077315 0.009115
0 0.809028 0.690104 0.020833 0.033854
0 0.353472 0.182292 0.017130 0.039062
0 0.159028 0.205339 0.017130 0.038281
0 0.892824 0.224870 0.068056 0.009635
0 0.094213 0.241146 0.017130 0.036979
0 0.770139 0.223307 0.054167 0.011719
0 0.980787 0.223568 0.021759 0.027865
0 0.256250 0.432552 0.017130 0.034375
0 0.714583 0.518490 0.017130 0.034375
0 0.564120 0.758724 0.058796 0.009635
0 0.114583 0.573828 0.057870 0.009635
0 0.740046 0.138932 0.021759 0.025260
0 0.890509 0.708203 0.044907 0.011719
0 0.781250 0.555599 0.011574 0.035677
0 0.946065 0.353125 0.017130 0.021354
0 0.485417 0.103516 0.049537 0.006510
0 0.612731 0.030599 0.026389 0.006510
0 0.768287 0.997656 0.020833 0.003125
0 0.664815 0.997656 0.019444 0.003125
