0 0.270139 0.788672 0.118981 0.038281
0 0.311806 0.461849 0.063426 0.069531
0 0.383565 0.381120 0.123611 0.035677
0 0.698380 0.316016 0.058796 0.056510
0 0.701852 0.526302 0.112037 0.029167
0 0.422454 0.486979 0.053241 0.059896
0 0.517361 0.791927 0.104167 0.029167
0 0.365046 0.844661 0.095833 0.030469
0 0.328009 0.566016 0.040278 0.072135
0 0.411343 0.696224 0.114352 0.025260
0 0.779398 0.739193 0.044907 0.064323
0 0.903935 0.479427 0.043981 0.065625
0 0.765509 0.485286 0.044907 0.061719
0 0.052546 0.511328 0.044907 0.061719
0 0.809491 0.478776 0.049537 0.053906
0 0.462269 0.629818 0.142130 0.017448
0 0.854630 0.826432 0.047222 0.051302
0 0.753935 0.720052 0.040278 0.057292
0 0.851157 0.698828 0.049537 0.046094
0 0.851157 0.454036 0.040278 0.056510
0 0.138194 0.888932 0.086574 0.025260
0 0.909028 0.388281 0.091204 0.023958
0 0.119676 0.762630 0.095833 0.022656
0 0.610417 0.429297 0.095833 0.022656
0 0.846528 0.657422 0.086574 0.024740
0 0.515509 0.497005 0.026389 0.079948
0 0.564120 0.842057 0.040278 0.051302
0 0.283565 0.296484 0.118056 0.017448
0 0.661343 0.692318 0.040278 0.048698
0 0.772454 0.282161 0.077315 0.025260
0 0.583796 0.155859 0.024074 0.079948
0 0.235417 0.197266 0.086574 0.022135
0 0.571065 0.372005 0.081944 0.022656
0 0.663657 0.473568 0.081944 0.022656
0 0.219213 0.645443 0.081944 0.022656
0 0.571065 0.472266 0.044907 0.040885
0 0.168287 0.708594 0.091204 0.018750
0 0.160185 0.405599 0.075000 0.022135
0 0.391667 0.142839 0.037963 0.043490
0 0.177546 0.450130 0.072685 0.022656
0 0.381250 0.763932 0.026389 0.061719
0 0.314120 0.477214 0.040278 0.040365
0 0.232639 0.870703 0.081019 0.020052
0 0.714583 0.395443 0.091204 0.017448
0 0.552546 0.197526 0.026389 0.059115
0 0.098843 0.330339 0.035648 0.043490
0 0.740046 0.373307 0.077315 0.020052
0 0.860417 0.192318 0.068056 0.022656
0 0.661343 0.497005 0.068056 0.022656
0 0.721528 0.564714 0.068056 0.022656
0 0.561806 0.732682 0.026389 0.056510
0 0.795139 0.098307 0.067130 0.022135
0 0.663657 0.358333 0.091204 0.016146
0 0.953009 0.167969 0.040278 0.036458
0 0.682870 0.650651 0.083333 0.017448
0 0.284028 0.839193 0.072685 0.019531
0 0.358102 0.827734 0.035648 0.038281
0 0.112731 0.435807 0.091204 0.014844
0 0.250463 0.808203 0.088889 0.014844
0 0.883565 0.155859 0.105093 0.012240
0 0.918287 0.747005 0.026389 0.048698
0 0.214583 0.515234 0.026389 0.048698
0 0.628935 0.391536 0.086574 0.014844
0 0.895139 0.511328 0.035648 0.035677
0 0.494676 0.506120 0.031019 0.040885
0 0.302546 0.390234 0.100463 0.012240
0 0.020139 0.745703 0.026389 0.046094
0 0.378935 0.603776 0.068056 0.017448
0 0.216898 0.694922 0.068056 0.017448
0 0.790972 0.124609 0.031019 0.038281
0 0.703009 0.739193 0.031019 0.038281
0 0.907870 0.420182 0.079630 0.014844
0 0.307176 0.673828 0.035648 0.032552
0 0.429861 0.095703 0.068056 0.016927
0 0.411343 0.375911 0.077315 0.014844
0 0.936806 0.476172 0.026389 0.043490
0 0.846528 0.170182 0.077315 0.014844
0 0.696065 0.705078 0.026389 0.042969
0 0.603009 0.489583 0.025463 0.044271
0 0.473843 0.773047 0.091204 0.012240
0 0.855787 0.774349 0.021759 0.051302
0 0.152083 0.855078 0.021759 0.051302
0 0.866898 0.470964 0.025463 0.043490
0 0.219213 0.179297 0.063426 0.017448
0 0.897454 0.464453 0.031019 0.035677
0 0.682176 0.460547 0.063426 0.017448
0 0.943750 0.235026 0.031019 0.035156
0 0.640509 0.503516 0.072685 0.014844
0 0.094213 0.800391 0.026389 0.040885
0 0.395139 0.240495 0.072685 0.014844
0 0.785880 0.636328 0.030093 0.035677
0 0.043287 0.740234 0.026389 0.040365
0 0.411343 0.814714 0.031019 0.033073
0 0.235417 0.127214 0.031019 0.033073
0 0.082639 0.885026 0.031019 0.033073
0 0.904398 0.194922 0.026389 0.038281
0 0.909028 0.580339 0.026389 0.038281
0 0.524769 0.707943 0.026389 0.038281
0 0.946065 0.111589 0.026389 0.038281
0 0.740046 0.644792 0.058796 0.016146
0 0.679861 0.131120 0.031019 0.030469
0 0.772454 0.756120 0.031019 0.030469
0 0.483102 0.873307 0.026389 0.035677
0 0.922917 0.446224 0.063426 0.014844
0 0.862731 0.430599 0.063426 0.014844
0 0.219213 0.584245 0.063426 0.014844
0 0.573380 0.653906 0.068056 0.013542
0 0.730324 0.717057 0.030093 0.030469
0 0.106944 0.845703 0.024074 0.037760
0 0.454630 0.330339 0.074074 0.012240
0 0.538194 0.420182 0.025463 0.035677
0 0.283565 0.584245 0.025463 0.035677
0 0.841898 0.701432 0.021759 0.040885
0 0.642824 0.193620 0.058796 0.014844
0 0.547917 0.517839 0.026389 0.033073
0 0.811806 0.608984 0.026389 0.033073
0 0.834491 0.621354 0.016204 0.052604
0 0.593750 0.348568 0.025463 0.033073
0 0.913657 0.496354 0.026389 0.031771
0 0.892824 0.614193 0.021759 0.038281
0 0.464583 0.475260 0.026389 0.031250
0 0.934491 0.611849 0.021759 0.037760
0 0.966898 0.238151 0.021759 0.037760
0 0.800231 0.337891 0.021759 0.037760
0 0.304398 0.181901 0.020833 0.038281
0 0.466898 0.992448 0.058796 0.013542
0 0.453009 0.727474 0.021759 0.035677
0 0.228472 0.612240 0.026389 0.029167
0 0.927083 0.362630 0.053241 0.014323
0 0.412037 0.713151 0.060185 0.012240
0 0.293287 0.671484 0.026389 0.027865
0 0.151620 0.767839 0.057870 0.012240
0 0.670602 0.600911 0.021759 0.032552
0 0.478472 0.162370 0.017130 0.040885
0 0.188657 0.760026 0.020833 0.033073
0 0.922917 0.207943 0.017130 0.038281
0 0.864583 0.558203 0.020833 0.030469
0 0.795139 0.162370 0.020833 0.030469
0 0.496991 0.727474 0.063426 0.009635
0 0.362731 0.409766 0.017130 0.035677
0 0.795602 0.499609 0.021759 0.027865
0 0.735417 0.340755 0.049537 0.012240
0 0.271991 0.713151 0.048611 0.012240
0 0.779398 0.543880 0.017130 0.033073
0 0.608102 0.296484 0.017130 0.033073
0 0.485417 0.758724 0.058796 0.009635
0 0.043287 0.551693 0.017130 0.033073
0 0.237731 0.407552 0.017130 0.031250
0 0.040972 0.669531 0.058796 0.008333
0 0.517824 0.345964 0.012500 0.038281
0 0.652083 0.705078 0.021759 0.022135
0 0.068750 0.383724 0.012500 0.035677
0 0.235417 0.704036 0.040278 0.009635
0 0.853472 0.575130 0.054167 0.007031
0 0.913657 0.459245 0.017130 0.020052
0 0.316435 0.698568 0.035648 0.009115
