0 0.446065 0.033464 0.406019 0.064323
0 0.790972 0.228776 0.151389 0.043490
0 0.289815 0.868099 0.065741 0.087760
0 0.216898 0.692318 0.132870 0.033073
0 0.128935 0.206641 0.114352 0.030469
0 0.731944 0.655859 0.051852 0.064323
0 0.654398 0.885026 0.054167 0.059115
0 0.510880 0.330339 0.035648 0.085156
0 0.098843 0.747005 0.044907 0.064323
0 0.084491 0.533464 0.053241 0.053906
0 0.149769 0.396745 0.054167 0.051302
0 0.767361 0.465755 0.048611 0.053906
0 0.774769 0.128516 0.044907 0.056510
0 0.232639 0.339453 0.034722 0.072135
0 0.115046 0.607682 0.095833 0.025260
0 0.788657 0.572526 0.081944 0.027865
0 0.605787 0.217057 0.040278 0.056510
0 0.142824 0.279297 0.049537 0.045573
0 0.402083 0.830990 0.040278 0.055208
0 0.323380 0.641536 0.086574 0.025260
0 0.073380 0.692969 0.086574 0.023958
0 0.073380 0.860286 0.040278 0.051302
0 0.325231 0.222266 0.081019 0.025260
0 0.535185 0.525651 0.088889 0.022656
0 0.422917 0.604427 0.044907 0.044792
0 0.198380 0.590755 0.040278 0.048698
0 0.115046 0.722266 0.077315 0.025260
0 0.862731 0.210547 0.044907 0.043490
0 0.534028 0.670833 0.035648 0.052604
0 0.892824 0.125911 0.040278 0.046094
0 0.487731 0.895443 0.081944 0.022656
0 0.165972 0.364193 0.105093 0.017448
0 0.756250 0.615495 0.072685 0.025260
0 0.774769 0.373307 0.044907 0.040885
0 0.330324 0.862891 0.035648 0.051302
0 0.895139 0.860026 0.072685 0.024740
0 0.246991 0.778255 0.035648 0.048698
0 0.490046 0.647396 0.040278 0.042188
0 0.867361 0.885026 0.072685 0.022656
0 0.888194 0.518880 0.114352 0.014323
0 0.256250 0.352474 0.035648 0.046094
0 0.621991 0.145443 0.091204 0.017448
0 0.069907 0.343359 0.070370 0.022656
0 0.630787 0.262630 0.090278 0.017448
0 0.043287 0.872005 0.026389 0.059115
0 0.201852 0.644141 0.037963 0.040885
0 0.591898 0.584245 0.077315 0.020052
0 0.832639 0.431901 0.068056 0.022656
0 0.828009 0.465755 0.031019 0.048698
0 0.786343 0.874609 0.086574 0.017448
0 0.093750 0.398047 0.034722 0.043490
0 0.566435 0.302995 0.026389 0.056510
0 0.823380 0.798438 0.040278 0.036979
0 0.362731 0.258724 0.035648 0.040885
0 0.402083 0.643490 0.077315 0.018750
0 0.735417 0.403906 0.077315 0.018750
0 0.705324 0.294271 0.026389 0.054688
0 0.339583 0.266797 0.035648 0.040365
0 0.052546 0.749609 0.081944 0.017448
0 0.209954 0.820964 0.072685 0.019531
0 0.782870 0.763932 0.070370 0.020052
0 0.804861 0.892839 0.021759 0.064323
0 0.566435 0.793880 0.035648 0.038281
0 0.334954 0.404557 0.026389 0.051302
0 0.665972 0.572526 0.031019 0.043490
0 0.939120 0.826172 0.068056 0.019531
0 0.726157 0.830078 0.077315 0.016927
0 0.448380 0.571224 0.086574 0.014844
0 0.776620 0.704036 0.085648 0.014844
0 0.668287 0.667578 0.063426 0.020052
0 0.587269 0.636328 0.031019 0.040885
0 0.524306 0.386328 0.062500 0.020052
0 0.214583 0.150651 0.100463 0.012240
0 0.068750 0.490234 0.021759 0.055990
0 0.793287 0.891536 0.081944 0.014844
0 0.946065 0.723958 0.035648 0.033854
0 0.885417 0.343750 0.025463 0.046875
0 0.383565 0.663672 0.068056 0.017448
0 0.920602 0.799089 0.031019 0.038281
0 0.165972 0.670182 0.058796 0.020052
0 0.659028 0.504818 0.035648 0.033073
0 0.080324 0.250651 0.081944 0.014323
0 0.563657 0.123307 0.057870 0.020052
0 0.763194 0.417578 0.077315 0.014844
0 0.815972 0.645443 0.034722 0.033073
0 0.128935 0.763932 0.021759 0.051302
0 0.853472 0.687109 0.091204 0.012240
0 0.179861 0.329036 0.021759 0.051302
0 0.395139 0.903255 0.091204 0.012240
0 0.334954 0.301693 0.091204 0.012240
0 0.735417 0.794922 0.021759 0.050781
0 0.112731 0.265234 0.063426 0.017448
0 0.436806 0.914974 0.072685 0.014844
0 0.358102 0.776953 0.026389 0.040885
0 0.784028 0.204036 0.072685 0.014844
0 0.376620 0.235286 0.072685 0.014844
0 0.594213 0.173828 0.063426 0.016927
0 0.737731 0.373047 0.026389 0.040365
0 0.295602 0.804948 0.031019 0.034375
0 0.300231 0.356380 0.021759 0.048698
0 0.746991 0.190755 0.072685 0.014323
0 0.715741 0.241797 0.084259 0.012240
0 0.647454 0.213151 0.031019 0.033073
0 0.049769 0.799089 0.020833 0.048698
0 0.670139 0.158203 0.085648 0.011719
0 0.844213 0.544271 0.054167 0.018229
0 0.181713 0.225911 0.081019 0.011719
0 0.878935 0.431901 0.021759 0.043490
0 0.427546 0.261328 0.063426 0.014844
0 0.936806 0.295182 0.026389 0.035677
0 0.559028 0.499609 0.076389 0.012240
0 0.929861 0.401693 0.031019 0.029948
0 0.538657 0.216797 0.026389 0.035156
0 0.874306 0.804948 0.031019 0.029167
0 0.455324 0.189714 0.072685 0.012240
0 0.554861 0.736979 0.031019 0.028646
0 0.196065 0.680599 0.091204 0.009635
0 0.362269 0.533464 0.016204 0.053906
0 0.149306 0.101172 0.071759 0.012240
0 0.741898 0.858984 0.071759 0.012240
0 0.814120 0.404297 0.021759 0.040365
0 0.611574 0.434245 0.051852 0.016927
0 0.073380 0.188411 0.058796 0.014844
0 0.218750 0.736328 0.016204 0.053385
0 0.758565 0.817318 0.021759 0.038281
0 0.168287 0.782552 0.026389 0.031250
0 0.568750 0.147396 0.021759 0.036979
0 0.496528 0.413672 0.016204 0.048698
0 0.760880 0.757422 0.063426 0.012240
0 0.381250 0.632422 0.063426 0.012240
0 0.892824 0.812760 0.021759 0.034375
0 0.355787 0.349870 0.077315 0.009635
0 0.084954 0.785807 0.026389 0.027344
0 0.378935 0.330339 0.058796 0.012240
0 0.443750 0.930339 0.077315 0.009115
0 0.469213 0.758724 0.072685 0.009635
0 0.594213 0.719661 0.017130 0.040885
0 0.024769 0.381120 0.017130 0.040885
0 0.911343 0.479427 0.049537 0.013542
0 0.149769 0.425130 0.072685 0.009115
0 0.723843 0.137630 0.054167 0.012240
0 0.538657 0.254818 0.017130 0.038281
0 0.527083 0.930599 0.068056 0.009635
0 0.619676 0.836849 0.068056 0.009635
0 0.540972 0.112891 0.068056 0.009635
0 0.571065 0.921484 0.017130 0.038281
0 0.531713 0.449479 0.058796 0.010937
0 0.182176 0.280599 0.054167 0.011719
0 0.506250 0.118099 0.063426 0.009635
0 0.797917 0.310807 0.017130 0.035677
0 0.520139 0.602474 0.017130 0.035677
0 0.389352 0.774089 0.042593 0.014323
0 0.630093 0.594401 0.065741 0.009115
0 0.383565 0.284766 0.058796 0.009635
0 0.473843 0.838151 0.017130 0.033073
0 0.911343 0.326823 0.021759 0.026042
0 0.823380 0.602474 0.021759 0.025260
0 0.693750 0.232422 0.058796 0.009115
0 0.691435 0.124349 0.044907 0.011719
0 0.235417 0.180599 0.012500 0.035677
0 0.351157 0.403255 0.012500 0.033073
