0 0.538657 0.616797 0.230093 0.048698
0 0.844907 0.319271 0.175926 0.042188
0 0.744676 0.301693 0.151389 0.038281
0 0.844213 0.239583 0.118981 0.039062
0 0.216435 0.250911 0.067130 0.066927
0 0.365046 0.194922 0.068056 0.064323
0 0.374306 0.408464 0.114352 0.038281
0 0.716435 0.250911 0.057870 0.066927
0 0.823380 0.423828 0.058796 0.058594
0 0.286343 0.204036 0.058796 0.056510
0 0.624306 0.098568 0.114352 0.027865
0 0.846065 0.283464 0.113426 0.027865
0 0.112269 0.757422 0.043981 0.069531
0 0.811806 0.212240 0.091204 0.031250
0 0.981944 0.162370 0.033333 0.077344
0 0.089583 0.190755 0.044907 0.055990
0 0.255093 0.296484 0.088889 0.027865
0 0.934491 0.683203 0.031019 0.077344
0 0.258565 0.724870 0.040278 0.056510
0 0.950694 0.103776 0.091204 0.022656
0 0.788657 0.373307 0.128241 0.014844
0 0.126157 0.138932 0.034722 0.051302
0 0.633565 0.034766 0.086574 0.020052
0 0.813657 0.164974 0.085648 0.020052
0 0.880787 0.818620 0.025463 0.066927
0 0.221528 0.814453 0.068056 0.022135
0 0.848843 0.128516 0.091204 0.014844
0 0.892824 0.066406 0.086574 0.015625
0 0.152083 0.207943 0.021759 0.059115
0 0.709954 0.844661 0.063426 0.020052
0 0.483102 0.452734 0.072685 0.017448
0 0.771296 0.287109 0.084259 0.014323
0 0.192593 0.385677 0.019444 0.060417
0 0.459954 0.728125 0.072685 0.016146
0 0.924074 0.612891 0.028704 0.040885
0 0.943750 0.120703 0.077315 0.014844
0 0.885880 0.473568 0.081944 0.012240
0 0.912500 0.145182 0.084259 0.011719
0 0.649769 0.321224 0.100463 0.009635
0 0.277083 0.473568 0.021759 0.043490
0 0.760880 0.572526 0.017130 0.048698
0 0.205324 0.216797 0.091204 0.009115
0 0.973843 0.145443 0.017130 0.038281
0 0.098843 0.991797 0.044907 0.012240
0 0.922917 0.931901 0.044907 0.012240
0 0.165972 0.535156 0.012500 0.020833
