0 0.534028 0.769141 0.174537 0.040885
0 0.263194 0.816016 0.123611 0.035677
0 0.365046 0.145443 0.114352 0.033073
0 0.096528 0.582292 0.049537 0.073438
0 0.760880 0.685807 0.109722 0.030469
0 0.476157 0.115234 0.142130 0.019531
0 0.297454 0.765234 0.155093 0.017448
0 0.603472 0.503516 0.044907 0.056510
0 0.459954 0.185807 0.044907 0.056510
0 0.730787 0.379818 0.049537 0.048698
0 0.716898 0.181901 0.049537 0.048698
0 0.228472 0.718359 0.081944 0.027865
0 0.654398 0.765234 0.081944 0.027865
0 0.221528 0.677995 0.049537 0.046094
0 0.714583 0.783464 0.100463 0.022656
0 0.913194 0.137630 0.099537 0.022656
0 0.741204 0.757422 0.079630 0.027865
0 0.471528 0.240495 0.086574 0.025260
0 0.510880 0.148698 0.091204 0.023958
0 0.874306 0.111589 0.040278 0.053906
0 0.182176 0.878516 0.081944 0.025260
0 0.396991 0.495703 0.039352 0.051302
0 0.825694 0.371745 0.091204 0.022135
0 0.366204 0.737891 0.075000 0.025260
0 0.760880 0.598568 0.081944 0.022656
0 0.686806 0.158464 0.081944 0.022656
0 0.427546 0.217057 0.072685 0.025260
0 0.927083 0.420573 0.043981 0.041667
0 0.378935 0.443620 0.031019 0.056510
0 0.078009 0.819922 0.040278 0.043490
0 0.851157 0.211849 0.086574 0.020052
0 0.399306 0.631120 0.025463 0.066927
0 0.096528 0.705078 0.095833 0.016927
0 0.124306 0.757161 0.095833 0.016927
0 0.318750 0.431901 0.068056 0.022656
0 0.402083 0.866797 0.068056 0.022656
0 0.036343 0.648047 0.040278 0.038281
0 0.145139 0.099870 0.100463 0.014844
0 0.447222 0.539974 0.028704 0.051302
0 0.146991 0.663672 0.030093 0.048698
0 0.168287 0.633724 0.035648 0.040885
0 0.603472 0.689714 0.081944 0.017448
0 0.613889 0.606120 0.084259 0.016927
0 0.345370 0.808203 0.037963 0.035677
0 0.738889 0.427995 0.037963 0.035677
0 0.156713 0.861589 0.031019 0.043490
0 0.578009 0.856380 0.031019 0.043490
0 0.963426 0.015885 0.070370 0.018750
0 0.888194 0.870703 0.031019 0.040885
0 0.839583 0.786068 0.072685 0.017448
0 0.339583 0.869401 0.072685 0.017448
0 0.432176 0.098568 0.072685 0.017448
0 0.564120 0.808203 0.031019 0.040885
0 0.385880 0.796484 0.072685 0.017448
0 0.073380 0.849870 0.031019 0.040885
0 0.492361 0.612630 0.035648 0.035156
0 0.059491 0.605078 0.021759 0.056510
0 0.839583 0.904557 0.081944 0.014844
0 0.422917 0.433203 0.026389 0.046094
0 0.932176 0.817708 0.035648 0.033854
0 0.140509 0.718099 0.100463 0.011719
0 0.712269 0.099870 0.058796 0.020052
0 0.744676 0.663672 0.095833 0.012240
0 0.855324 0.632422 0.030093 0.038281
0 0.170602 0.782161 0.077315 0.014844
0 0.851157 0.329036 0.031019 0.035677
0 0.848843 0.197526 0.063426 0.017448
0 0.885880 0.831641 0.026389 0.040885
0 0.844213 0.258724 0.026389 0.040885
0 0.177546 0.810807 0.026389 0.040885
0 0.140509 0.697266 0.091204 0.011719
0 0.517361 0.641536 0.020833 0.051302
0 0.244676 0.800391 0.068056 0.014844
0 0.803704 0.847005 0.028704 0.035156
0 0.355324 0.118099 0.067130 0.014844
0 0.940972 0.486589 0.081019 0.012240
0 0.675231 0.796484 0.077315 0.012240
0 0.068750 0.879818 0.021759 0.043490
0 0.378935 0.754818 0.077315 0.012240
0 0.851157 0.800391 0.031019 0.030469
0 0.496991 0.826432 0.063426 0.014844
0 0.665972 0.183203 0.095833 0.009635
0 0.414120 0.401953 0.062500 0.014844
0 0.667824 0.343359 0.053241 0.017448
0 0.294444 0.411068 0.075000 0.012240
0 0.452546 0.430599 0.030093 0.030469
0 0.355324 0.654557 0.030093 0.030469
0 0.075231 0.567057 0.053241 0.016927
0 0.619676 0.321224 0.021759 0.040885
0 0.168287 0.119401 0.072685 0.012240
0 0.520139 0.731380 0.026389 0.033073
0 0.321065 0.832682 0.026389 0.032552
0 0.684491 0.638021 0.021759 0.039062
0 0.422454 0.667578 0.016204 0.051302
0 0.623843 0.593359 0.030093 0.027865
0 0.740046 0.476172 0.021759 0.038281
0 0.809028 0.705990 0.020833 0.039583
0 0.529861 0.808203 0.053241 0.014844
0 0.513194 0.399349 0.021759 0.035677
0 0.903935 0.831641 0.025463 0.030469
0 0.950694 0.304297 0.017130 0.043490
0 0.286343 0.151953 0.077315 0.009635
0 0.719213 0.114193 0.026389 0.027865
0 0.256250 0.726172 0.026389 0.027865
0 0.839583 0.835547 0.026389 0.027865
0 0.582176 0.123047 0.020833 0.035156
0 0.297917 0.105078 0.017130 0.040885
0 0.126157 0.737891 0.071759 0.009635
0 0.766667 0.194922 0.056481 0.012240
0 0.506250 0.794922 0.072685 0.009115
0 0.714583 0.914714 0.072685 0.009115
0 0.295602 0.651953 0.021759 0.030469
0 0.931713 0.771484 0.016204 0.040365
0 0.612269 0.659505 0.071759 0.009115
0 0.714583 0.877865 0.072685 0.008333
0 0.899769 0.797786 0.017130 0.030469
0 0.311806 0.669531 0.017130 0.029167
0 0.593750 0.839453 0.016204 0.030469
0 0.670602 0.444922 0.021759 0.022656
0 0.628935 0.830339 0.012500 0.038281
0 0.583102 0.539974 0.048611 0.009635
0 0.931713 0.614193 0.016204 0.027865
0 0.522454 0.179036 0.012500 0.032552
0 0.317593 0.739193 0.047222 0.007031
