0 0.358102 0.394141 0.072685 0.082552
0 0.631250 0.390234 0.146759 0.027865
0 0.712269 0.342057 0.114352 0.035677
0 0.128935 0.728776 0.049537 0.079948
0 0.496991 0.089453 0.118981 0.030469
0 0.534028 0.409766 0.100463 0.030469
0 0.237731 0.205339 0.054167 0.053906
0 0.246991 0.291276 0.100463 0.027865
0 0.482639 0.141536 0.090278 0.030469
0 0.579861 0.507422 0.053241 0.048698
0 0.128935 0.205339 0.049537 0.048698
0 0.853472 0.154557 0.118981 0.020052
0 0.075694 0.146745 0.100463 0.020052
0 0.365046 0.912370 0.132870 0.014844
0 0.425231 0.204036 0.095833 0.020052
0 0.189120 0.808203 0.095833 0.020052
0 0.765046 0.543880 0.081019 0.022656
0 0.233102 0.263932 0.072685 0.025260
0 0.135880 0.172786 0.072685 0.025260
0 0.564120 0.161068 0.077315 0.022656
0 0.130787 0.417578 0.034722 0.046094
0 0.353472 0.163672 0.035648 0.043490
0 0.075694 0.252214 0.035648 0.043490
0 0.661343 0.387630 0.068056 0.022656
0 0.212269 0.772786 0.040278 0.037760
0 0.916435 0.485286 0.094907 0.014844
0 0.045602 0.248047 0.031019 0.040365
0 0.554861 0.585547 0.095833 0.012240
0 0.339583 0.205339 0.035648 0.033073
0 0.063657 0.872005 0.067130 0.017448
0 0.047917 0.317318 0.026389 0.043490
0 0.494676 0.076432 0.077315 0.014844
0 0.621528 0.438411 0.025463 0.040885
0 0.073380 0.175391 0.068056 0.014844
0 0.543981 0.270182 0.083333 0.011719
0 0.784028 0.407161 0.026389 0.035677
0 0.399306 0.240495 0.025463 0.035677
0 0.369676 0.135677 0.021759 0.039583
0 0.073380 0.743099 0.086574 0.009635
0 0.293287 0.175130 0.026389 0.029948
0 0.478009 0.102474 0.053241 0.014844
0 0.862269 0.227474 0.053241 0.014844
0 0.612269 0.190365 0.025463 0.029167
0 0.328009 0.177995 0.049537 0.014844
0 0.915972 0.220964 0.021759 0.033073
0 0.413657 0.086849 0.072685 0.009635
0 0.656713 0.256120 0.021759 0.030469
0 0.140509 0.151953 0.017130 0.035677
0 0.925231 0.495703 0.058796 0.009635
0 0.851157 0.190755 0.058796 0.009115
0 0.024769 0.211849 0.017130 0.030469
0 0.445602 0.066016 0.053241 0.009635
0 0.323380 0.075130 0.021759 0.022656
0 0.182176 0.090755 0.017130 0.022656
