0 0.534028 0.616797 0.230093 0.048698
0 0.950694 0.379167 0.081944 0.109896
0 0.763194 0.124609 0.160648 0.048698
0 0.885880 0.615495 0.054167 0.077344
0 0.825694 0.168620 0.109722 0.037760
0 0.721065 0.300391 0.122685 0.030469
0 0.413194 0.525651 0.062500 0.059115
0 0.962269 0.405599 0.058796 0.058594
0 0.566435 0.826432 0.054167 0.061719
0 0.214583 0.865495 0.109722 0.030469
0 0.825694 0.520182 0.044907 0.069010
0 0.483102 0.086849 0.044907 0.066927
0 0.843056 0.730729 0.135185 0.021354
0 0.928704 0.172786 0.139815 0.020052
0 0.492361 0.438411 0.109722 0.025260
0 0.844213 0.132422 0.109722 0.022656
0 0.626620 0.179297 0.035648 0.069531
0 0.784028 0.533854 0.044907 0.054688
0 0.871528 0.351172 0.034722 0.069531
0 0.212269 0.262630 0.086574 0.027865
0 0.772454 0.460547 0.040278 0.059115
0 0.956481 0.679297 0.084259 0.027865
0 0.947222 0.131120 0.102778 0.020052
0 0.366204 0.822526 0.079630 0.022656
0 0.654398 0.100521 0.072685 0.021354
0 0.126620 0.780859 0.035648 0.043490
0 0.485417 0.327474 0.068056 0.022135
0 0.725000 0.140234 0.084259 0.017448
0 0.941435 0.085547 0.026389 0.053906
0 0.733102 0.525651 0.035648 0.038281
0 0.142824 0.865495 0.068056 0.020052
0 0.890509 0.008724 0.091204 0.014844
0 0.904398 0.493099 0.026389 0.051302
0 0.550231 0.079036 0.077315 0.014844
0 0.321065 0.864193 0.091204 0.012240
0 0.940972 0.849870 0.071759 0.014844
0 0.966435 0.094661 0.020833 0.046094
0 0.647454 0.280859 0.077315 0.012240
0 0.212269 0.176432 0.021759 0.042969
0 0.047917 0.497005 0.017130 0.053906
0 0.837269 0.534766 0.021759 0.040885
0 0.223843 0.067318 0.072685 0.012240
0 0.894676 0.090495 0.016204 0.048177
0 0.988889 0.263932 0.019444 0.035677
0 0.936343 0.108984 0.016204 0.038281
0 0.918287 0.336589 0.017130 0.029948
0 0.098843 0.993099 0.044907 0.009635
0 0.995833 0.111328 0.005556 0.016927
