0 0.094213 0.740495 0.109722 0.119010
0 0.538657 0.618099 0.230093 0.046094
0 0.825694 0.158854 0.156019 0.033854
0 0.795602 0.067318 0.114352 0.033073
0 0.663657 0.133724 0.146759 0.025260
0 0.242361 0.693359 0.100463 0.035156
0 0.902083 0.080339 0.151389 0.022656
0 0.841898 0.845964 0.049537 0.059115
0 0.424074 0.289974 0.093519 0.030469
0 0.726157 0.809505 0.040278 0.064323
0 0.580324 0.795182 0.044907 0.056510
0 0.771991 0.792578 0.030093 0.082552
0 0.832639 0.140234 0.086574 0.027865
0 0.330324 0.314714 0.137500 0.017448
0 0.697917 0.097266 0.094907 0.025260
0 0.765509 0.099609 0.081944 0.024740
0 0.910880 0.819922 0.030093 0.064323
0 0.434491 0.262630 0.105093 0.017448
0 0.202546 0.619401 0.104167 0.017448
0 0.949537 0.056901 0.098148 0.017448
0 0.324074 0.478125 0.032407 0.052604
0 0.281250 0.383073 0.030093 0.055208
0 0.763194 0.154557 0.077315 0.020052
0 0.943750 0.068620 0.077315 0.020052
0 0.763194 0.832943 0.031019 0.047656
0 0.663657 0.502214 0.081944 0.017448
0 0.334954 0.348568 0.026389 0.053906
0 0.661343 0.169922 0.095833 0.014323
0 0.540972 0.593099 0.031019 0.042969
0 0.089120 0.663021 0.025463 0.047396
0 0.332639 0.767839 0.077315 0.012240
0 0.371991 0.370703 0.017130 0.051302
0 0.986574 0.784505 0.024074 0.035156
0 0.953009 0.138932 0.086574 0.009635
0 0.927546 0.123047 0.091204 0.009115
0 0.573380 0.205339 0.021759 0.038281
0 0.970370 0.110026 0.056481 0.014323
0 0.991204 0.625911 0.014815 0.040885
0 0.101157 0.993099 0.040278 0.009635
