0 0.156250 0.138932 0.178241 0.025260
0 0.154398 0.189714 0.109722 0.038281
0 0.082639 0.183203 0.068056 0.061719
0 0.154398 0.447526 0.146759 0.027865
0 0.333796 0.325130 0.061111 0.064323
0 0.154398 0.480078 0.063426 0.061719
0 0.229630 0.655859 0.130556 0.027865
0 0.235417 0.831641 0.049537 0.072135
0 0.214583 0.642578 0.128241 0.027344
0 0.087269 0.551693 0.105093 0.033073
0 0.811806 0.671484 0.100463 0.033073
0 0.675231 0.739844 0.058796 0.055208
0 0.372685 0.725521 0.101852 0.031771
0 0.642824 0.202734 0.095833 0.033073
0 0.536343 0.681901 0.058796 0.053906
0 0.064120 0.289974 0.049537 0.061719
0 0.274769 0.856380 0.054167 0.053906
0 0.499769 0.764974 0.094907 0.027344
0 0.075231 0.838151 0.053241 0.048698
0 0.788657 0.174089 0.146759 0.017448
0 0.561806 0.817318 0.091204 0.027865
0 0.524769 0.473568 0.091204 0.027865
0 0.325694 0.904557 0.100463 0.025260
0 0.247685 0.123307 0.120370 0.020052
0 0.336806 0.623047 0.094907 0.024740
0 0.624306 0.306250 0.040278 0.057813
0 0.365046 0.329036 0.049537 0.046094
0 0.612731 0.884766 0.044907 0.048177
0 0.628935 0.180339 0.086574 0.024740
0 0.522454 0.828385 0.086574 0.023958
0 0.885880 0.412370 0.044907 0.046094
0 0.084954 0.902995 0.091204 0.022135
0 0.358102 0.730078 0.035648 0.056510
0 0.564120 0.760026 0.031019 0.064323
0 0.091898 0.728776 0.031019 0.064323
0 0.360417 0.288672 0.086574 0.022656
0 0.138194 0.860938 0.031019 0.063021
0 0.246991 0.890234 0.044907 0.043490
0 0.219213 0.507422 0.044907 0.043490
0 0.795139 0.714453 0.076389 0.025260
0 0.587269 0.910807 0.086574 0.022135
0 0.728472 0.189714 0.081944 0.022656
0 0.199537 0.689714 0.042593 0.043490
0 0.508565 0.388672 0.040278 0.045573
0 0.858102 0.708594 0.035648 0.050000
0 0.494213 0.296484 0.030093 0.059115
0 0.649769 0.143880 0.091204 0.019531
0 0.184491 0.260026 0.077315 0.022656
0 0.054861 0.640234 0.040278 0.043490
0 0.501620 0.504818 0.035648 0.048698
0 0.080324 0.364193 0.035648 0.048698
0 0.871991 0.804036 0.035648 0.048177
0 0.800231 0.510026 0.095833 0.017448
0 0.115046 0.142839 0.095833 0.017448
0 0.198380 0.306901 0.031019 0.053906
0 0.517824 0.795182 0.040278 0.040885
0 0.529398 0.289974 0.026389 0.061719
0 0.295602 0.590495 0.095833 0.016927
0 0.572917 0.131120 0.039352 0.040885
0 0.406250 0.206380 0.039352 0.040365
0 0.876620 0.322917 0.035648 0.044271
0 0.138194 0.734375 0.040278 0.039062
0 0.034028 0.856380 0.026389 0.059115
0 0.108102 0.491797 0.026389 0.059115
0 0.148611 0.673828 0.070370 0.022135
0 0.068750 0.723568 0.040278 0.038281
0 0.828009 0.551693 0.068056 0.022656
0 0.869676 0.239193 0.040278 0.038281
0 0.193287 0.097005 0.104167 0.014323
0 0.242361 0.256120 0.072685 0.020052
0 0.814120 0.771745 0.095833 0.014844
0 0.554861 0.427995 0.068056 0.020052
0 0.737731 0.403255 0.035648 0.038281
0 0.786343 0.317318 0.031019 0.043490
0 0.596528 0.111589 0.077315 0.017448
0 0.252083 0.612240 0.071759 0.018750
0 0.778935 0.899349 0.090278 0.014844
0 0.479630 0.180599 0.065741 0.020052
0 0.186806 0.340495 0.109722 0.011719
0 0.184491 0.629818 0.105093 0.012240
0 0.679861 0.775651 0.105093 0.012240
0 0.287037 0.405208 0.078704 0.016146
0 0.112731 0.696224 0.035648 0.035677
0 0.302546 0.891536 0.063426 0.020052
0 0.830324 0.352474 0.035648 0.035677
0 0.649306 0.349870 0.034722 0.035677
0 0.533565 0.212891 0.025463 0.048177
0 0.613889 0.629818 0.070370 0.017448
0 0.029398 0.651302 0.035648 0.034375
0 0.705324 0.823177 0.035648 0.034375
0 0.483102 0.154557 0.026389 0.046094
0 0.859954 0.107682 0.020833 0.056510
0 0.075694 0.874609 0.035648 0.033073
0 0.578009 0.370703 0.058796 0.020052
0 0.814120 0.236589 0.021759 0.053906
0 0.402083 0.591797 0.058796 0.019531
0 0.128935 0.214193 0.058796 0.019531
0 0.406713 0.807943 0.058796 0.019531
0 0.168287 0.111589 0.091204 0.012240
0 0.328009 0.719661 0.031019 0.035677
0 0.348843 0.505729 0.026389 0.041667
0 0.589583 0.691016 0.026389 0.040885
0 0.772454 0.385677 0.031019 0.034375
0 0.485417 0.200130 0.086574 0.012240
0 0.366898 0.613932 0.062500 0.016927
0 0.521991 0.177344 0.030093 0.034375
0 0.790972 0.273047 0.031019 0.033073
0 0.114583 0.736589 0.020833 0.048698
0 0.853472 0.640885 0.054167 0.018750
0 0.346528 0.110286 0.068056 0.014844
0 0.950694 0.600911 0.026389 0.037760
0 0.828009 0.620052 0.021759 0.044792
0 0.341898 0.406510 0.021759 0.044792
0 0.267824 0.804297 0.021759 0.043490
0 0.064120 0.760026 0.021759 0.043490
0 0.429861 0.452734 0.077315 0.012240
0 0.420602 0.390234 0.077315 0.012240
0 0.575694 0.517839 0.054167 0.017448
0 0.117361 0.393880 0.063426 0.014323
0 0.274306 0.280599 0.053241 0.016927
0 0.253935 0.730078 0.021759 0.040885
0 0.140509 0.129818 0.072685 0.012240
0 0.244676 0.211849 0.021759 0.040885
0 0.594213 0.528255 0.072685 0.012240
0 0.929861 0.500911 0.021759 0.040885
0 0.781713 0.414714 0.021759 0.040365
0 0.032870 0.467057 0.024074 0.035677
0 0.105324 0.654557 0.020833 0.040885
0 0.078009 0.531901 0.058796 0.014323
0 0.527083 0.622005 0.068056 0.012240
0 0.767824 0.614193 0.021759 0.038281
0 0.841898 0.411068 0.021759 0.038281
0 0.448380 0.132161 0.021759 0.037760
0 0.753472 0.822917 0.020833 0.039062
0 0.168287 0.316016 0.054167 0.014844
0 0.816435 0.391536 0.017130 0.046094
0 0.668287 0.135026 0.063426 0.012240
0 0.797917 0.526693 0.054167 0.014323
0 0.904398 0.580339 0.017130 0.043490
0 0.080324 0.765234 0.017130 0.043490
0 0.887731 0.274349 0.020833 0.035677
0 0.767361 0.193620 0.076389 0.009635
0 0.135880 0.304036 0.026389 0.027344
0 0.513194 0.735026 0.077315 0.009115
0 0.065972 0.476172 0.016204 0.043490
0 0.760880 0.433203 0.026389 0.025260
0 0.790972 0.584245 0.021759 0.030469
0 0.855787 0.381120 0.021759 0.030469
0 0.772454 0.349870 0.068056 0.009635
0 0.424769 0.297786 0.067130 0.009635
0 0.491898 0.840495 0.016204 0.037760
0 0.855324 0.482422 0.067130 0.009115
0 0.723843 0.808203 0.017130 0.035677
0 0.728472 0.672786 0.063426 0.009635
0 0.096528 0.322526 0.021759 0.027865
0 0.443750 0.317318 0.049537 0.012240
0 0.837269 0.793620 0.021759 0.027344
0 0.080324 0.393490 0.017130 0.034375
0 0.915509 0.231380 0.020833 0.027865
0 0.222685 0.612240 0.042593 0.013542
0 0.346528 0.237891 0.058796 0.009635
0 0.841898 0.696224 0.012500 0.040885
0 0.358102 0.398698 0.017130 0.029167
0 0.445602 0.274089 0.053241 0.009115
0 0.059491 0.426693 0.012500 0.038281
0 0.591898 0.416276 0.068056 0.007031
0 0.156250 0.522786 0.057870 0.006510
0 0.638194 0.402604 0.058796 0.005729
0 0.909028 0.629818 0.017130 0.017448
