0 0.735417 0.819922 0.105093 0.111198
0 0.642824 0.485286 0.068056 0.077344
0 0.443750 0.579036 0.105093 0.035677
0 0.047917 0.604818 0.054167 0.066406
0 0.540972 0.475260 0.058796 0.057292
0 0.913657 0.250911 0.091204 0.030469
0 0.851157 0.195964 0.086574 0.029948
0 0.188657 0.601172 0.113426 0.022656
0 0.568750 0.125911 0.049537 0.051302
0 0.128935 0.085547 0.086574 0.027865
0 0.696065 0.519141 0.035648 0.066927
0 0.534028 0.344661 0.091204 0.025260
0 0.571065 0.327734 0.081944 0.027865
0 0.561806 0.173437 0.081944 0.026562
0 0.818750 0.256120 0.040278 0.051302
0 0.675231 0.335547 0.040278 0.048698
0 0.270139 0.526953 0.035648 0.051302
0 0.733102 0.552995 0.035648 0.051302
0 0.726157 0.177995 0.040278 0.040885
0 0.855787 0.326432 0.040278 0.040885
0 0.432176 0.322526 0.072685 0.022656
0 0.513194 0.419922 0.040278 0.040365
0 0.167824 0.278255 0.071759 0.022656
0 0.422917 0.269141 0.033796 0.046094
0 0.374306 0.594661 0.077315 0.020052
0 0.647454 0.197526 0.068056 0.022656
0 0.610417 0.207943 0.068056 0.022656
0 0.494676 0.715755 0.040278 0.038281
0 0.682176 0.567057 0.035648 0.042969
0 0.115046 0.231380 0.031019 0.048698
0 0.413657 0.883724 0.035648 0.040885
0 0.109259 0.155859 0.037963 0.038281
0 0.047917 0.431901 0.026389 0.053906
0 0.902083 0.167578 0.068056 0.020052
0 0.221528 0.326432 0.068056 0.020052
0 0.336111 0.362891 0.037963 0.035677
0 0.402083 0.697526 0.031019 0.043490
0 0.661343 0.444922 0.077315 0.017448
0 0.896991 0.435807 0.067130 0.020052
0 0.218750 0.733984 0.034722 0.038281
0 0.515509 0.376302 0.063426 0.020833
0 0.024769 0.551432 0.026389 0.048177
0 0.059491 0.597266 0.031019 0.040885
0 0.615046 0.262630 0.068056 0.017448
0 0.119676 0.595964 0.031019 0.038281
0 0.346528 0.145443 0.068056 0.017448
0 0.374306 0.657161 0.058796 0.020052
0 0.767824 0.311849 0.031019 0.037760
0 0.024306 0.419922 0.025463 0.045573
0 0.457639 0.363932 0.068056 0.016927
0 0.552546 0.425391 0.072685 0.014844
0 0.358102 0.435807 0.072685 0.014844
0 0.455324 0.298828 0.063426 0.016927
0 0.137731 0.526693 0.020833 0.050781
0 0.286343 0.166276 0.058796 0.017448
0 0.767824 0.128516 0.068056 0.014844
0 0.489583 0.491797 0.057870 0.017448
0 0.017824 0.295182 0.021759 0.046094
0 0.524769 0.884766 0.081944 0.011719
0 0.589583 0.093359 0.054167 0.017448
0 0.594213 0.385026 0.054167 0.017448
0 0.642361 0.396094 0.020833 0.044792
0 0.149769 0.450130 0.026389 0.033073
0 0.762037 0.254818 0.019444 0.043490
0 0.524769 0.673177 0.026389 0.031250
0 0.473843 0.235286 0.054167 0.014844
0 0.355787 0.372656 0.058796 0.013542
0 0.050231 0.323177 0.058796 0.013542
0 0.767361 0.160807 0.020833 0.037760
0 0.013194 0.391536 0.021759 0.035677
0 0.314120 0.607422 0.021759 0.035156
0 0.153935 0.485026 0.025463 0.029948
0 0.203009 0.076432 0.049537 0.014844
0 0.434491 0.252214 0.021759 0.033073
0 0.777083 0.497005 0.021759 0.033073
0 0.439120 0.435547 0.049537 0.014323
0 0.464583 0.649349 0.017130 0.040885
0 0.133102 0.241797 0.020833 0.033073
0 0.413657 0.414714 0.072685 0.009115
0 0.080324 0.375651 0.072685 0.009115
0 0.237269 0.279557 0.016204 0.040885
0 0.163657 0.549089 0.054167 0.012240
0 0.765509 0.146745 0.063426 0.009635
0 0.165972 0.434505 0.021759 0.027865
0 0.263194 0.421224 0.049537 0.011719
0 0.131250 0.119401 0.044907 0.012240
0 0.177546 0.030859 0.044907 0.012240
0 0.270139 0.709245 0.017130 0.030469
0 0.557176 0.191016 0.054167 0.009635
0 0.466898 0.149349 0.049537 0.009635
0 0.193750 0.401953 0.049537 0.009635
0 0.936806 0.515234 0.017130 0.027865
0 0.603472 0.284766 0.017130 0.025260
0 0.358102 0.319661 0.035648 0.011719
0 0.531713 0.124609 0.058796 0.007031
0 0.513194 0.239193 0.012500 0.033073
0 0.263194 0.387370 0.058796 0.006510
0 0.334491 0.072526 0.016204 0.022656
0 0.852315 0.179036 0.014815 0.016927
0 0.572222 0.995052 0.028704 0.008333
