0 0.105787 0.407161 0.058796 0.108594
0 0.464583 0.248307 0.128241 0.040885
0 0.172917 0.719661 0.118981 0.040885
0 0.064815 0.560807 0.125000 0.035677
0 0.767824 0.812109 0.132870 0.033073
0 0.880787 0.598568 0.127315 0.033073
0 0.693750 0.719661 0.105093 0.035677
0 0.538657 0.652995 0.100463 0.032552
0 0.436806 0.611589 0.035648 0.090365
0 0.462269 0.511328 0.105093 0.030469
0 0.168287 0.434505 0.054167 0.059115
0 0.374306 0.814063 0.049537 0.063021
0 0.399769 0.308203 0.100463 0.030469
0 0.774769 0.515234 0.109722 0.027865
0 0.128935 0.539974 0.049537 0.061719
0 0.526620 0.773047 0.131944 0.022656
0 0.156713 0.183203 0.095833 0.030469
0 0.600000 0.286068 0.102778 0.027865
0 0.682176 0.372005 0.035648 0.079948
0 0.793287 0.412370 0.044907 0.061719
0 0.892824 0.532161 0.132870 0.020052
0 0.550231 0.460547 0.095833 0.027865
0 0.054861 0.603776 0.049537 0.053906
0 0.425231 0.749609 0.114352 0.022656
0 0.450694 0.347005 0.044907 0.055990
0 0.804861 0.706380 0.049537 0.050781
0 0.317593 0.338151 0.102778 0.022656
0 0.376620 0.607682 0.044907 0.051302
0 0.409028 0.698828 0.109722 0.020052
0 0.746991 0.424089 0.044907 0.048698
0 0.795602 0.872005 0.095833 0.022656
0 0.515509 0.748307 0.044907 0.046094
0 0.191435 0.539974 0.035648 0.056510
0 0.147454 0.127214 0.114352 0.017448
0 0.750000 0.844661 0.037037 0.051302
0 0.645139 0.111589 0.081944 0.022656
0 0.383565 0.562760 0.077315 0.023958
0 0.446528 0.702734 0.081019 0.022656
0 0.584954 0.748307 0.044907 0.040885
0 0.932176 0.743099 0.044907 0.040885
0 0.575694 0.865755 0.035648 0.050781
0 0.583796 0.719661 0.088889 0.020052
0 0.524769 0.692318 0.035648 0.048698
0 0.367361 0.900651 0.072685 0.022656
0 0.774769 0.490495 0.081944 0.020052
0 0.802546 0.450130 0.091204 0.017448
0 0.323380 0.787109 0.031019 0.050781
0 0.174769 0.883073 0.039352 0.039583
0 0.494676 0.857682 0.077315 0.020052
0 0.314120 0.124609 0.068056 0.022656
0 0.295602 0.762630 0.068056 0.022656
0 0.795602 0.544141 0.040278 0.037760
0 0.172917 0.852474 0.072685 0.020052
0 0.594213 0.498307 0.072685 0.020052
0 0.797454 0.097266 0.071759 0.020052
0 0.407870 0.837891 0.033333 0.042969
0 0.124306 0.830990 0.105093 0.013542
0 0.698380 0.519141 0.095833 0.014844
0 0.563657 0.576432 0.039352 0.035677
0 0.475694 0.467057 0.039352 0.035677
0 0.524769 0.519792 0.063426 0.021354
0 0.859259 0.688411 0.065741 0.020052
0 0.854630 0.648047 0.075000 0.017448
0 0.737731 0.764323 0.035648 0.036458
0 0.399769 0.282161 0.035648 0.035677
0 0.881250 0.418880 0.072685 0.017448
0 0.866204 0.547786 0.084259 0.014844
0 0.677083 0.482682 0.062500 0.020052
0 0.890509 0.755859 0.035648 0.035156
0 0.689120 0.685547 0.086574 0.014323
0 0.222685 0.321224 0.061111 0.020052
0 0.934491 0.424089 0.068056 0.017448
0 0.841898 0.773047 0.068056 0.017448
0 0.492361 0.882422 0.035648 0.033073
0 0.934028 0.474870 0.057870 0.020052
0 0.584954 0.403255 0.026389 0.043490
0 0.973843 0.733984 0.026389 0.043490
0 0.522454 0.083984 0.058796 0.019531
0 0.725694 0.387370 0.030093 0.037760
0 0.200694 0.390885 0.081944 0.013542
0 0.615046 0.891536 0.031019 0.035677
0 0.763194 0.714453 0.031019 0.035677
0 0.959954 0.654557 0.026389 0.040885
0 0.228472 0.878516 0.026389 0.040885
0 0.793287 0.788411 0.091204 0.011719
0 0.737731 0.465495 0.063426 0.016927
0 0.035880 0.325781 0.030093 0.034375
0 0.503935 0.567318 0.031019 0.033073
0 0.415972 0.611589 0.031019 0.033073
0 0.800231 0.616797 0.031019 0.033073
0 0.708796 0.566016 0.033333 0.030469
0 0.698380 0.434245 0.031019 0.032552
0 0.380787 0.772396 0.090278 0.010937
0 0.525463 0.620703 0.064815 0.014844
0 0.221528 0.179297 0.077315 0.012240
0 0.656713 0.322266 0.021759 0.042969
0 0.226157 0.429948 0.068056 0.013542
0 0.637037 0.761068 0.019444 0.045573
0 0.895139 0.568620 0.091204 0.009635
0 0.112269 0.494401 0.071759 0.012240
0 0.918287 0.788672 0.026389 0.033073
0 0.501620 0.358984 0.026389 0.033073
0 0.705324 0.806901 0.026389 0.033073
0 0.115046 0.662370 0.058796 0.014844
0 0.086806 0.222266 0.057870 0.014844
0 0.529398 0.450391 0.026389 0.032552
0 0.397454 0.759766 0.049537 0.016927
0 0.203009 0.166276 0.068056 0.012240
0 0.461111 0.446224 0.019444 0.040885
0 0.284028 0.741797 0.026389 0.027865
0 0.531713 0.878516 0.049537 0.014844
0 0.524769 0.253516 0.072685 0.009635
0 0.047917 0.188411 0.017130 0.040885
0 0.742361 0.451432 0.072685 0.009635
0 0.071065 0.597005 0.017130 0.040365
0 0.260880 0.829036 0.026389 0.025260
0 0.617361 0.756120 0.026389 0.025260
0 0.642824 0.266536 0.021759 0.030469
0 0.270139 0.161068 0.017130 0.038281
0 0.978472 0.634375 0.017130 0.036979
0 0.473843 0.081641 0.063426 0.009635
0 0.253935 0.640234 0.049537 0.012240
0 0.953009 0.559505 0.021759 0.027865
0 0.959491 0.724870 0.016204 0.035677
0 0.399306 0.680339 0.062500 0.009115
0 0.168287 0.148047 0.044907 0.012240
0 0.554861 0.891536 0.021759 0.025260
0 0.927083 0.625911 0.016204 0.030469
0 0.591898 0.569661 0.040278 0.011719
0 0.757407 0.553646 0.042593 0.010937
0 0.128472 0.866797 0.011574 0.038281
0 0.758102 0.985026 0.020833 0.019531
0 0.709491 0.883724 0.016204 0.014844
0 0.984722 0.004818 0.027778 0.007031
