0 0.112731 0.848568 0.091204 0.105990
0 0.385880 0.829036 0.165278 0.056510
0 0.490046 0.795182 0.095833 0.087760
0 0.159028 0.801693 0.063426 0.085156
0 0.760880 0.789974 0.109722 0.030469
0 0.450694 0.851172 0.118981 0.027865
0 0.524769 0.830339 0.035648 0.090365
0 0.740046 0.705339 0.049537 0.064323
0 0.615046 0.731380 0.095833 0.033073
0 0.979630 0.494141 0.037963 0.063802
0 0.888194 0.039974 0.040278 0.056510
0 0.182176 0.593099 0.118981 0.016927
0 0.939120 0.265234 0.040278 0.038281
0 0.117361 0.552734 0.035648 0.040365
0 0.165972 0.207943 0.077315 0.017448
0 0.723380 0.844661 0.090278 0.014844
0 0.575694 0.060807 0.063426 0.020052
0 0.733102 0.045182 0.035648 0.035677
0 0.302546 0.090755 0.072685 0.017448
0 0.540972 0.161068 0.068056 0.017448
0 0.784028 0.072526 0.035648 0.033073
0 0.677546 0.894141 0.072685 0.014844
0 0.659028 0.375911 0.026389 0.040885
0 0.253935 0.707943 0.031019 0.033073
0 0.663657 0.616797 0.081944 0.012240
0 0.920602 0.256510 0.031019 0.031250
0 0.832639 0.404557 0.021759 0.040885
0 0.887731 0.381120 0.020833 0.035677
0 0.809028 0.318620 0.020833 0.035677
0 0.815972 0.249609 0.016204 0.038281
0 0.853472 0.295182 0.017130 0.035677
