0 0.910185 0.890885 0.176852 0.216667
0 0.885880 0.392839 0.063426 0.074740
0 0.434491 0.889583 0.151389 0.026562
0 0.441435 0.538672 0.109722 0.033073
0 0.806019 0.403255 0.061111 0.059115
0 0.114583 0.144141 0.122685 0.025260
0 0.501157 0.599870 0.118056 0.025260
0 0.200694 0.887630 0.128241 0.022656
0 0.883565 0.332943 0.040278 0.069531
0 0.452546 0.608984 0.122685 0.022656
0 0.366898 0.579427 0.053241 0.052083
0 0.185185 0.788672 0.097222 0.027865
0 0.860417 0.418229 0.040278 0.063021
0 0.369676 0.412370 0.049537 0.051302
0 0.895139 0.753516 0.044907 0.056510
0 0.349306 0.483984 0.090278 0.027865
0 0.184028 0.537370 0.048611 0.051302
0 0.228472 0.578125 0.044907 0.054688
0 0.435185 0.219661 0.097222 0.025260
0 0.618056 0.458594 0.101852 0.023958
0 0.443750 0.905859 0.086574 0.027865
0 0.800231 0.231380 0.086574 0.027865
0 0.091435 0.636328 0.094907 0.025260
0 0.267824 0.593099 0.105093 0.022135
0 0.656713 0.797786 0.049537 0.046094
0 0.860417 0.870703 0.040278 0.056510
0 0.425231 0.745052 0.049537 0.044792
0 0.496991 0.567318 0.044907 0.048698
0 0.412037 0.457682 0.078704 0.027344
0 0.559491 0.891536 0.105093 0.020052
0 0.392824 0.469661 0.105093 0.020052
0 0.830324 0.123307 0.044907 0.046094
0 0.154398 0.594661 0.035648 0.056510
0 0.767824 0.353776 0.040278 0.048698
0 0.609954 0.181901 0.085648 0.022656
0 0.101157 0.386328 0.040278 0.046094
0 0.795602 0.153255 0.031019 0.059115
0 0.073380 0.749609 0.105093 0.017448
0 0.543287 0.526953 0.044907 0.040885
0 0.381250 0.860286 0.072685 0.025260
0 0.473380 0.213151 0.099537 0.017448
0 0.411343 0.302995 0.086574 0.020052
0 0.186806 0.338151 0.035648 0.048698
0 0.748843 0.633724 0.030093 0.056510
0 0.684491 0.097266 0.040278 0.040885
0 0.288657 0.480078 0.035648 0.046094
0 0.478009 0.739193 0.071759 0.022656
0 0.499306 0.351823 0.086574 0.018750
0 0.520139 0.374349 0.072685 0.022135
0 0.290972 0.706641 0.031019 0.051302
0 0.462269 0.180599 0.031019 0.051302
0 0.550231 0.616797 0.068056 0.022656
0 0.462269 0.114193 0.040278 0.038281
0 0.315972 0.314714 0.034722 0.043490
0 0.674074 0.136328 0.075000 0.020052
0 0.909028 0.154557 0.100463 0.014844
0 0.322917 0.456380 0.076389 0.019531
0 0.716898 0.811849 0.086574 0.016927
0 0.904398 0.133724 0.072685 0.020052
0 0.561806 0.159766 0.072685 0.020052
0 0.339583 0.372005 0.081944 0.017448
0 0.383565 0.763932 0.031019 0.046094
0 0.527083 0.657161 0.095833 0.014844
0 0.371991 0.838151 0.035648 0.038281
0 0.321065 0.157161 0.091204 0.014844
0 0.858102 0.175391 0.091204 0.014844
0 0.536343 0.343359 0.077315 0.017448
0 0.818287 0.586849 0.067130 0.020052
0 0.172917 0.725521 0.035648 0.036979
0 0.809491 0.210547 0.105093 0.012240
0 0.332639 0.539974 0.086574 0.014844
0 0.140509 0.112891 0.035648 0.035677
0 0.080324 0.662370 0.063426 0.020052
0 0.462269 0.844661 0.031019 0.040885
0 0.198380 0.602474 0.031019 0.040885
0 0.501620 0.114193 0.072685 0.017448
0 0.851157 0.099870 0.031019 0.040885
0 0.499306 0.164974 0.031019 0.040885
0 0.223843 0.614193 0.072685 0.017448
0 0.679861 0.456641 0.021759 0.056510
0 0.768981 0.921484 0.070370 0.017448
0 0.358102 0.511328 0.026389 0.046094
0 0.143519 0.756120 0.060185 0.020052
0 0.677546 0.581901 0.026389 0.045573
0 0.712269 0.827734 0.068056 0.017448
0 0.591435 0.711849 0.020833 0.056510
0 0.920602 0.332943 0.021759 0.053906
0 0.756250 0.392839 0.035648 0.033073
0 0.615046 0.549089 0.021759 0.053906
0 0.788657 0.351172 0.035648 0.033073
0 0.301389 0.666276 0.024074 0.048698
0 0.737731 0.504557 0.035648 0.032552
0 0.350694 0.783203 0.030093 0.037760
0 0.505093 0.236979 0.033333 0.033854
0 0.740046 0.878516 0.031019 0.035677
0 0.344213 0.829036 0.026389 0.040885
0 0.198380 0.494401 0.021759 0.048698
0 0.578009 0.548828 0.021759 0.048177
0 0.754630 0.465755 0.060185 0.017448
0 0.165972 0.494401 0.058796 0.017448
0 0.522454 0.486589 0.031019 0.033073
0 0.328009 0.713151 0.058796 0.017448
0 0.799769 0.536068 0.020833 0.048698
0 0.432176 0.510677 0.054167 0.018750
0 0.466898 0.447266 0.031019 0.032552
0 0.374306 0.644141 0.021759 0.046094
0 0.517824 0.422786 0.021759 0.046094
0 0.064120 0.610286 0.021759 0.046094
0 0.772454 0.184245 0.058796 0.016927
0 0.318750 0.628255 0.021759 0.045573
0 0.922917 0.896745 0.026389 0.035677
0 0.219213 0.899089 0.063426 0.014323
0 0.246991 0.103776 0.072685 0.012240
0 0.302546 0.762630 0.072685 0.012240
0 0.084491 0.872005 0.071759 0.012240
0 0.341898 0.550391 0.058796 0.014844
0 0.527083 0.190365 0.021759 0.039583
0 0.619676 0.786719 0.021759 0.039583
0 0.776620 0.162370 0.020833 0.040885
0 0.513194 0.465495 0.049537 0.016927
0 0.693750 0.606380 0.021759 0.038281
0 0.064120 0.656901 0.086574 0.009115
0 0.252315 0.864193 0.064815 0.012240
0 0.427546 0.256120 0.081944 0.009635
0 0.357639 0.448828 0.053241 0.014844
0 0.751620 0.796484 0.063426 0.012240
0 0.566435 0.787109 0.054167 0.014323
0 0.913194 0.461849 0.016204 0.046094
0 0.149769 0.220964 0.017130 0.043490
0 0.746991 0.747005 0.017130 0.043490
0 0.334954 0.358984 0.026389 0.027865
0 0.828009 0.288672 0.021759 0.033073
0 0.362269 0.720964 0.016204 0.043490
0 0.420602 0.570964 0.049537 0.014323
0 0.461806 0.666667 0.020833 0.033854
0 0.086806 0.528255 0.020833 0.033073
0 0.325231 0.341406 0.081019 0.008333
0 0.871991 0.250651 0.072685 0.009115
0 0.325694 0.878516 0.026389 0.025260
0 0.515509 0.792578 0.026389 0.025260
0 0.240046 0.719661 0.021759 0.030469
0 0.466898 0.500911 0.021759 0.030469
0 0.251620 0.319922 0.017130 0.038281
0 0.149769 0.710547 0.017130 0.038281
0 0.176389 0.373047 0.070370 0.009115
0 0.563657 0.672786 0.020833 0.030469
0 0.834954 0.730078 0.017130 0.035677
0 0.765509 0.631120 0.017130 0.035677
0 0.376620 0.732682 0.017130 0.035677
0 0.101157 0.194922 0.021759 0.027865
0 0.647454 0.314714 0.049537 0.012240
0 0.617361 0.591797 0.017130 0.035156
0 0.890046 0.097656 0.016204 0.036458
0 0.385880 0.103125 0.054167 0.010937
0 0.490046 0.092057 0.056944 0.009635
0 0.851157 0.724870 0.021759 0.025260
0 0.411343 0.739193 0.021759 0.022656
0 0.189120 0.572526 0.021759 0.022656
0 0.036343 0.681901 0.040278 0.012240
0 0.654398 0.155859 0.017130 0.027865
0 0.260880 0.584896 0.017130 0.026562
0 0.644676 0.705339 0.016204 0.027865
0 0.214583 0.658464 0.063426 0.007031
0 0.038194 0.830339 0.053241 0.007031
0 0.976157 0.192578 0.012500 0.027344
0 0.459954 0.521745 0.017130 0.020052
0 0.396991 0.168620 0.011574 0.022135
0 0.876157 0.724870 0.016204 0.014844
0 0.561806 0.041016 0.026389 0.006510
