0 0.795602 0.520443 0.123611 0.038281
0 0.036343 0.566016 0.068056 0.061719
0 0.253935 0.771745 0.123611 0.030469
0 0.631250 0.739193 0.109722 0.033073
0 0.486574 0.862891 0.116667 0.030469
0 0.871991 0.123307 0.091204 0.030469
0 0.631250 0.146745 0.109722 0.025260
0 0.707639 0.796484 0.095833 0.027865
0 0.453009 0.271745 0.095833 0.025260
0 0.867361 0.153255 0.044907 0.053906
0 0.689120 0.528255 0.105093 0.022656
0 0.628472 0.817318 0.104167 0.022656
0 0.313657 0.554297 0.039352 0.059115
0 0.385880 0.378516 0.044907 0.051302
0 0.205324 0.783464 0.081944 0.027865
0 0.853472 0.409115 0.044907 0.050000
0 0.807176 0.814714 0.044907 0.048698
0 0.567593 0.231380 0.093519 0.022656
0 0.187963 0.718359 0.093519 0.022656
0 0.941435 0.172786 0.044907 0.046094
0 0.318750 0.367839 0.040278 0.050781
0 0.346528 0.892839 0.114352 0.017448
0 0.510880 0.661719 0.081944 0.023958
0 0.332639 0.796484 0.086574 0.022656
0 0.341898 0.295182 0.077315 0.025260
0 0.052546 0.627214 0.044907 0.043490
0 0.142824 0.407161 0.095833 0.020052
0 0.687963 0.138281 0.037963 0.050000
0 0.457639 0.138672 0.040278 0.045573
0 0.270139 0.607682 0.072685 0.025260
0 0.358102 0.552995 0.044907 0.040885
0 0.545602 0.716406 0.095833 0.018750
0 0.543287 0.349219 0.035648 0.050000
0 0.197917 0.543620 0.039352 0.042969
0 0.911343 0.775651 0.031019 0.053906
0 0.197917 0.739193 0.094907 0.017448
0 0.744676 0.751953 0.031019 0.053385
0 0.871991 0.719661 0.035648 0.046094
0 0.631250 0.849870 0.035648 0.046094
0 0.295602 0.480078 0.031019 0.051302
0 0.749306 0.170182 0.105093 0.014844
0 0.499306 0.693620 0.077315 0.020052
0 0.404398 0.564714 0.035648 0.043490
0 0.453009 0.892839 0.068056 0.022656
0 0.545602 0.900651 0.040278 0.038281
0 0.087269 0.502214 0.086574 0.017448
0 0.890509 0.362891 0.026389 0.056510
0 0.775926 0.265234 0.065741 0.022656
0 0.214583 0.644141 0.072685 0.020052
0 0.876620 0.831641 0.035648 0.040885
0 0.863889 0.327474 0.065741 0.022135
0 0.742361 0.143880 0.035648 0.040365
0 0.232639 0.503516 0.034722 0.040885
0 0.940972 0.740234 0.034722 0.040365
0 0.804398 0.417578 0.030093 0.046094
0 0.853472 0.801693 0.035648 0.038281
0 0.309491 0.581641 0.068056 0.020052
0 0.284028 0.534766 0.026389 0.051302
0 0.834954 0.717057 0.026389 0.051302
0 0.536343 0.179297 0.031019 0.043490
0 0.795602 0.119401 0.077315 0.017448
0 0.346528 0.723568 0.077315 0.017448
0 0.499306 0.168880 0.031019 0.043490
0 0.795139 0.878516 0.067130 0.020052
0 0.705324 0.149740 0.035648 0.036458
0 0.223843 0.150651 0.026389 0.048698
0 0.510880 0.762630 0.026389 0.048698
0 0.719213 0.917578 0.035648 0.035677
0 0.677546 0.613542 0.026389 0.047396
0 0.946065 0.150651 0.100463 0.012240
0 0.723380 0.813411 0.081019 0.014844
0 0.510417 0.807552 0.034722 0.034375
0 0.883565 0.653255 0.031019 0.038281
0 0.670602 0.653255 0.068056 0.017448
0 0.786343 0.858984 0.068056 0.017448
0 0.837269 0.387630 0.031019 0.038281
0 0.684491 0.223568 0.095833 0.012240
0 0.400926 0.263932 0.028704 0.040885
0 0.934491 0.268099 0.021759 0.053385
0 0.512731 0.573828 0.057870 0.020052
0 0.221065 0.683203 0.057870 0.020052
0 0.725000 0.570964 0.028704 0.040365
0 0.341898 0.172786 0.077315 0.014844
0 0.723843 0.666276 0.026389 0.043490
0 0.897454 0.097266 0.077315 0.014844
0 0.443750 0.636328 0.021759 0.051302
0 0.090741 0.866536 0.065741 0.016927
0 0.779398 0.749609 0.063426 0.017448
0 0.904398 0.681901 0.063426 0.017448
0 0.573380 0.813411 0.031019 0.035677
0 0.621991 0.128516 0.072685 0.014844
0 0.899769 0.185807 0.072685 0.014844
0 0.807176 0.360286 0.026389 0.040885
0 0.290509 0.302995 0.020833 0.051302
0 0.892824 0.486589 0.086574 0.012240
0 0.656713 0.233984 0.086574 0.012240
0 0.814120 0.666276 0.021759 0.048698
0 0.083333 0.694922 0.060185 0.017448
0 0.017824 0.739193 0.031019 0.033073
0 0.818750 0.628516 0.068056 0.014844
0 0.205324 0.575130 0.026389 0.038281
0 0.753935 0.317578 0.031019 0.032552
0 0.911343 0.618099 0.021759 0.046094
0 0.694907 0.176042 0.061111 0.016146
0 0.855787 0.672135 0.021759 0.044792
0 0.388194 0.749609 0.077315 0.012240
0 0.397454 0.457943 0.077315 0.012240
0 0.860417 0.771745 0.031019 0.030469
0 0.275926 0.780859 0.075000 0.012240
0 0.417824 0.179036 0.053241 0.016927
0 0.934491 0.521745 0.021759 0.040885
0 0.126620 0.858984 0.072685 0.012240
0 0.230787 0.750911 0.058796 0.014844
0 0.654398 0.713411 0.026389 0.032552
0 0.679398 0.861589 0.067130 0.012240
0 0.730787 0.603125 0.021759 0.036979
0 0.149769 0.107682 0.054167 0.014844
0 0.471528 0.992448 0.058796 0.013542
0 0.718750 0.103776 0.016204 0.048698
0 0.853472 0.552995 0.081944 0.009635
0 0.932176 0.347005 0.017130 0.045573
0 0.633565 0.610286 0.021759 0.035677
0 0.804861 0.826172 0.021759 0.035156
0 0.853472 0.578776 0.081944 0.009115
0 0.473843 0.254557 0.063426 0.011719
0 0.337269 0.616797 0.058796 0.012240
0 0.096528 0.525651 0.021759 0.033073
0 0.142824 0.590755 0.021759 0.033073
0 0.913657 0.313411 0.017130 0.040885
0 0.237269 0.248307 0.071759 0.009635
0 0.160185 0.286068 0.056481 0.012240
0 0.324537 0.539062 0.024074 0.028646
0 0.468056 0.375911 0.070370 0.009635
0 0.395139 0.114583 0.017130 0.039062
0 0.315972 0.472266 0.016204 0.040885
0 0.777083 0.107682 0.068056 0.009635
0 0.890509 0.856380 0.017130 0.038281
0 0.677083 0.549089 0.016204 0.038281
0 0.821065 0.909766 0.063426 0.009635
0 0.733102 0.209245 0.063426 0.009635
0 0.487731 0.417578 0.017130 0.035677
0 0.015509 0.680599 0.017130 0.035677
0 0.909028 0.089453 0.063426 0.009635
0 0.638194 0.111589 0.049537 0.012240
0 0.448380 0.577734 0.021759 0.027865
0 0.788657 0.557943 0.017130 0.035156
0 0.355787 0.235286 0.058796 0.009635
0 0.549769 0.777604 0.020833 0.026562
0 0.385880 0.431901 0.044907 0.012240
0 0.751620 0.624609 0.044907 0.012240
0 0.876620 0.106380 0.044907 0.012240
0 0.684491 0.711849 0.021759 0.025260
0 0.158565 0.801693 0.016204 0.033073
0 0.890046 0.249609 0.016204 0.033073
0 0.316435 0.133724 0.054167 0.009635
0 0.346065 0.439714 0.039352 0.012240
0 0.248843 0.215755 0.011574 0.038281
0 0.686806 0.193620 0.017130 0.025260
0 0.314120 0.210547 0.012500 0.033073
0 0.346065 0.396484 0.011574 0.035156
0 0.959491 0.271484 0.016204 0.024740
0 0.471528 0.480729 0.012500 0.031771
0 0.672917 0.580339 0.017130 0.022656
0 0.915972 0.819922 0.049537 0.007031
