0 0.723380 0.858984 0.062500 0.100781
0 0.913657 0.100911 0.054167 0.089844
0 0.916435 0.373307 0.057870 0.077344
0 0.663657 0.860286 0.063426 0.066927
0 0.902083 0.682943 0.132870 0.029948
0 0.457639 0.739844 0.142130 0.023958
0 0.448380 0.381120 0.123611 0.025260
0 0.631250 0.378516 0.054167 0.056510
0 0.383565 0.265885 0.095833 0.029167
0 0.228472 0.845964 0.044907 0.053906
0 0.094907 0.230729 0.037037 0.063021
0 0.478472 0.288411 0.081944 0.027344
0 0.841898 0.659766 0.040278 0.051302
0 0.110417 0.795182 0.040278 0.051302
0 0.550231 0.706641 0.077315 0.025260
0 0.387037 0.706641 0.028704 0.066927
0 0.547917 0.192318 0.109722 0.017448
0 0.843750 0.736589 0.043981 0.043490
0 0.235417 0.188151 0.040278 0.045573
0 0.711806 0.886328 0.039352 0.046094
0 0.830324 0.453776 0.072685 0.024740
0 0.235417 0.387370 0.040278 0.042969
0 0.429861 0.660807 0.040278 0.042969
0 0.535185 0.810807 0.084259 0.020052
0 0.295602 0.494401 0.031019 0.053906
0 0.483102 0.265234 0.072685 0.022656
0 0.895139 0.441016 0.035648 0.046094
0 0.278241 0.411068 0.033333 0.048698
0 0.639352 0.619401 0.070370 0.022656
0 0.235417 0.239844 0.040278 0.039583
0 0.256250 0.751563 0.072685 0.021354
0 0.499306 0.377214 0.031019 0.048698
0 0.447917 0.538672 0.039352 0.038281
0 0.366898 0.826432 0.099537 0.014844
0 0.816435 0.813411 0.072685 0.020052
0 0.436806 0.154557 0.091204 0.014844
0 0.675231 0.075130 0.077315 0.017448
0 0.589583 0.501953 0.035648 0.037760
0 0.275231 0.325130 0.034722 0.038281
0 0.112269 0.529557 0.025463 0.051302
0 0.189120 0.099870 0.031019 0.040885
0 0.744676 0.836849 0.021759 0.056510
0 0.716898 0.567318 0.031019 0.038281
0 0.730787 0.622005 0.095833 0.012240
0 0.706481 0.707943 0.065741 0.017448
0 0.456481 0.713151 0.065741 0.017448
0 0.207176 0.387630 0.020833 0.053906
0 0.519676 0.124609 0.025463 0.043490
0 0.325694 0.577734 0.063426 0.017448
0 0.668287 0.263932 0.072685 0.014844
0 0.839583 0.753516 0.072685 0.014844
0 0.566435 0.646745 0.072685 0.014844
0 0.316435 0.412109 0.026389 0.040365
0 0.109954 0.694922 0.020833 0.048698
0 0.749306 0.545182 0.068056 0.014844
0 0.443287 0.426693 0.057870 0.017448
0 0.645139 0.170833 0.091204 0.010937
0 0.179861 0.445573 0.021759 0.044792
0 0.201389 0.875911 0.064815 0.014844
0 0.581019 0.326432 0.064815 0.014844
0 0.847685 0.566016 0.098148 0.009635
0 0.406713 0.119401 0.021759 0.043490
0 0.615046 0.202734 0.077315 0.012240
0 0.152083 0.590755 0.021759 0.043490
0 0.753935 0.637630 0.077315 0.012240
0 0.260880 0.184505 0.054167 0.017448
0 0.779398 0.279557 0.063426 0.014844
0 0.256250 0.125911 0.063426 0.014844
0 0.589583 0.456641 0.063426 0.014844
0 0.320602 0.107682 0.062500 0.014844
0 0.774306 0.705339 0.071759 0.012240
0 0.293287 0.201172 0.017130 0.050781
0 0.582639 0.886328 0.058796 0.014844
0 0.715741 0.498307 0.024074 0.035677
0 0.091898 0.390234 0.021759 0.038281
0 0.265509 0.345703 0.017130 0.048177
0 0.450694 0.326432 0.054167 0.014844
0 0.175231 0.657552 0.021759 0.036458
0 0.698380 0.769141 0.021759 0.035677
0 0.191435 0.218359 0.017130 0.043490
0 0.709954 0.114193 0.026389 0.027865
0 0.571065 0.081380 0.017130 0.040365
0 0.186343 0.329036 0.016204 0.040885
0 0.760880 0.435807 0.044907 0.014844
0 0.871991 0.650651 0.017130 0.038281
0 0.503935 0.909766 0.068056 0.009635
0 0.899769 0.658464 0.017130 0.038281
0 0.698380 0.154297 0.021759 0.029948
0 0.825694 0.277995 0.017130 0.037760
0 0.988889 0.297135 0.019444 0.033333
0 0.246991 0.646745 0.017130 0.035677
0 0.631250 0.107682 0.017130 0.035677
0 0.197222 0.631510 0.019444 0.031250
0 0.934491 0.461849 0.058796 0.009635
0 0.209954 0.111589 0.044907 0.012240
0 0.991204 0.599870 0.014815 0.035677
0 0.284028 0.279557 0.017130 0.030469
0 0.508565 0.667578 0.049537 0.009635
0 0.462269 0.141536 0.021759 0.020052
0 0.547917 0.871745 0.054167 0.006510
0 0.609954 0.489844 0.011574 0.023958
0 0.767824 0.997656 0.021759 0.003125
