0 0.587269 0.881120 0.058796 0.077344
0 0.522454 0.158464 0.058796 0.069531
0 0.351157 0.287370 0.049537 0.077344
0 0.249306 0.381120 0.058796 0.061719
0 0.258102 0.608724 0.057870 0.058594
0 0.848843 0.740495 0.109722 0.030469
0 0.438657 0.476172 0.094907 0.033073
0 0.156713 0.317318 0.105093 0.022656
0 0.455324 0.796484 0.081944 0.027865
0 0.230324 0.213542 0.039352 0.057292
0 0.957176 0.237891 0.048611 0.046094
0 0.167824 0.452474 0.034722 0.063802
0 0.118519 0.131510 0.037963 0.057292
0 0.554861 0.674089 0.040278 0.053906
0 0.851157 0.887630 0.031019 0.069531
0 0.496991 0.362891 0.100463 0.020052
0 0.153935 0.253516 0.025463 0.077344
0 0.221528 0.187109 0.086574 0.022656
0 0.580324 0.192318 0.044907 0.043490
0 0.881250 0.861589 0.044907 0.043490
0 0.828009 0.231380 0.105093 0.017448
0 0.286343 0.338151 0.031019 0.059115
0 0.751157 0.900651 0.081019 0.022656
0 0.536343 0.343359 0.040278 0.043490
0 0.325231 0.176693 0.099537 0.017448
0 0.121528 0.219010 0.034722 0.050000
0 0.940278 0.812760 0.042593 0.039583
0 0.696065 0.655859 0.072685 0.022656
0 0.696065 0.870703 0.035648 0.046094
0 0.371991 0.852474 0.081944 0.020052
0 0.675231 0.793620 0.095833 0.016927
0 0.501620 0.283203 0.072685 0.022135
0 0.670602 0.441016 0.031019 0.051302
0 0.568750 0.456641 0.077315 0.020052
0 0.559491 0.476172 0.068056 0.022656
0 0.807176 0.782813 0.035648 0.042188
0 0.986574 0.612891 0.024074 0.061719
0 0.098843 0.691016 0.035648 0.040885
0 0.274769 0.302995 0.072685 0.020052
0 0.418287 0.285807 0.081944 0.016927
0 0.204167 0.891276 0.070370 0.019531
0 0.369676 0.243099 0.068056 0.020052
0 0.584954 0.094661 0.091204 0.014844
0 0.888194 0.468359 0.031019 0.043490
0 0.707639 0.606380 0.031019 0.043490
0 0.302083 0.823828 0.090278 0.014844
0 0.984259 0.766536 0.028704 0.046094
0 0.138194 0.292578 0.086574 0.014844
0 0.316435 0.220964 0.026389 0.048698
0 0.455324 0.399349 0.035648 0.035677
0 0.939120 0.625651 0.031019 0.040365
0 0.573380 0.755859 0.031019 0.040365
0 0.225694 0.457943 0.020833 0.059115
0 0.256250 0.490495 0.026389 0.046094
0 0.177546 0.683203 0.026389 0.046094
0 0.172917 0.552083 0.035648 0.033854
0 0.703009 0.450130 0.031019 0.038281
0 0.420602 0.090755 0.068056 0.017448
0 0.804861 0.123307 0.058796 0.020052
0 0.716898 0.267839 0.095833 0.012240
0 0.446065 0.167318 0.081944 0.014323
0 0.984259 0.232682 0.028704 0.040885
0 0.359259 0.164714 0.079630 0.014323
0 0.730787 0.862630 0.031019 0.035156
0 0.659028 0.094661 0.072685 0.014844
0 0.290509 0.709245 0.020833 0.051302
0 0.216898 0.101172 0.086574 0.012240
0 0.737731 0.206380 0.072685 0.014323
0 0.216898 0.383724 0.021759 0.046094
0 0.825231 0.420573 0.025463 0.039062
0 0.128935 0.176432 0.058796 0.016927
0 0.466898 0.348568 0.077315 0.012240
0 0.128935 0.502214 0.021759 0.043490
0 0.828009 0.090755 0.021759 0.043490
0 0.856944 0.680599 0.061111 0.014844
0 0.719213 0.069922 0.072685 0.012240
0 0.839583 0.611589 0.072685 0.012240
0 0.584954 0.112891 0.091204 0.009635
0 0.904398 0.515234 0.026389 0.033073
0 0.405556 0.262630 0.070370 0.012240
0 0.402083 0.528255 0.021759 0.038281
0 0.596528 0.783464 0.068056 0.012240
0 0.753935 0.124609 0.068056 0.012240
0 0.295602 0.554297 0.068056 0.012240
0 0.909028 0.899349 0.054167 0.014844
0 0.968056 0.273438 0.061111 0.013021
0 0.505787 0.391536 0.053241 0.014844
0 0.871991 0.082943 0.061574 0.012240
0 0.918287 0.465755 0.026389 0.027865
0 0.434028 0.740495 0.048611 0.014844
0 0.158565 0.442318 0.016204 0.043490
0 0.218750 0.259375 0.016204 0.042188
0 0.486574 0.235286 0.070370 0.009635
0 0.986574 0.122005 0.024074 0.027865
0 0.128472 0.228125 0.020833 0.031771
0 0.299769 0.787370 0.020833 0.030469
0 0.843056 0.718359 0.051852 0.012240
0 0.093750 0.541276 0.016204 0.038281
0 0.874306 0.510417 0.021759 0.028646
0 0.186343 0.418880 0.016204 0.038281
0 0.403935 0.321224 0.062500 0.009635
0 0.700694 0.158464 0.044907 0.012240
0 0.112269 0.210547 0.016204 0.033073
0 0.663657 0.219401 0.017130 0.029948
0 0.756250 0.102214 0.017130 0.029948
0 0.209954 0.668229 0.017130 0.026562
0 0.839120 0.892839 0.016204 0.027865
0 0.102315 0.474219 0.014815 0.029167
0 0.297917 0.118099 0.044907 0.009635
0 0.418287 0.216797 0.017130 0.024740
0 0.793287 0.499349 0.063426 0.006510
0 0.295602 0.639974 0.012500 0.032552
0 0.612731 0.030599 0.026389 0.006510
0 0.765509 0.996354 0.026389 0.005729
0 0.662500 0.997656 0.024074 0.003125
