0 0.486574 0.019141 0.292593 0.035677
0 0.098843 0.894141 0.072685 0.082552
0 0.736111 0.460286 0.111111 0.037760
0 0.574074 0.230729 0.050926 0.073438
0 0.595370 0.228125 0.112037 0.031771
0 0.336574 0.530859 0.106481 0.033073
0 0.809491 0.873307 0.058796 0.056510
0 0.765509 0.293620 0.100463 0.032552
0 0.527083 0.646745 0.105093 0.030469
0 0.603472 0.795833 0.044907 0.068229
0 0.069907 0.811458 0.051852 0.057813
0 0.473843 0.799740 0.054167 0.055208
0 0.531713 0.491797 0.049537 0.059115
0 0.332176 0.185156 0.094907 0.029167
0 0.698380 0.425391 0.095833 0.025260
0 0.571065 0.339453 0.044907 0.051302
0 0.570602 0.296484 0.081019 0.027865
0 0.799769 0.201432 0.039352 0.056510
0 0.821065 0.499609 0.044907 0.048698
0 0.221528 0.709245 0.105093 0.020052
0 0.885417 0.200130 0.090278 0.022656
0 0.251157 0.378516 0.043981 0.046094
0 0.651620 0.396745 0.039352 0.051302
0 0.811806 0.441016 0.035648 0.056510
0 0.263194 0.608984 0.040278 0.048698
0 0.128935 0.739193 0.040278 0.048698
0 0.647454 0.761328 0.077315 0.025260
0 0.672917 0.902995 0.044907 0.042969
0 0.061806 0.744401 0.035648 0.053906
0 0.311806 0.132812 0.081944 0.023438
0 0.695602 0.220964 0.043981 0.043490
0 0.206481 0.694922 0.084259 0.022656
0 0.496528 0.473568 0.034722 0.053906
0 0.869676 0.243099 0.040278 0.046094
0 0.059491 0.401953 0.031019 0.056510
0 0.290972 0.431901 0.077315 0.022656
0 0.235417 0.515234 0.077315 0.022656
0 0.744676 0.900651 0.077315 0.022656
0 0.226157 0.634766 0.040278 0.042969
0 0.170602 0.280859 0.095833 0.017448
0 0.596065 0.446875 0.039352 0.042188
0 0.340741 0.913411 0.075000 0.022135
0 0.378472 0.418880 0.094907 0.017448
0 0.837269 0.448828 0.040278 0.040885
0 0.788657 0.597266 0.081944 0.020052
0 0.133565 0.456641 0.031019 0.051302
0 0.165972 0.636328 0.031019 0.051302
0 0.644676 0.206380 0.081019 0.019531
0 0.216898 0.211849 0.105093 0.014844
0 0.328009 0.743099 0.077315 0.020052
0 0.656713 0.700130 0.086574 0.017448
0 0.934491 0.601172 0.031019 0.048698
0 0.144676 0.562109 0.025463 0.059115
0 0.466898 0.731120 0.068056 0.022135
0 0.554861 0.363932 0.068056 0.022135
0 0.473843 0.342057 0.072685 0.020052
0 0.209954 0.766536 0.072685 0.020052
0 0.163657 0.529297 0.035648 0.040365
0 0.899769 0.218359 0.081944 0.017448
0 0.841898 0.651953 0.095833 0.014844
0 0.197917 0.237891 0.094907 0.014844
0 0.899769 0.483724 0.081944 0.016927
0 0.654398 0.572526 0.035648 0.038281
0 0.140509 0.378516 0.026389 0.051302
0 0.154398 0.151953 0.091204 0.014844
0 0.598843 0.632161 0.035648 0.037760
0 0.815278 0.357031 0.024074 0.055208
0 0.376157 0.689714 0.034722 0.038281
0 0.434028 0.243099 0.085648 0.014844
0 0.733102 0.487891 0.035648 0.035677
0 0.163657 0.719661 0.035648 0.035677
0 0.274306 0.663672 0.071759 0.017448
0 0.242361 0.266276 0.063426 0.019531
0 0.494676 0.388932 0.021759 0.056510
0 0.105787 0.590755 0.031019 0.038281
0 0.165509 0.365495 0.020833 0.056510
0 0.109954 0.782161 0.020833 0.056510
0 0.439120 0.149349 0.058796 0.020052
0 0.304861 0.472266 0.058796 0.020052
0 0.716898 0.405599 0.031019 0.037760
0 0.703009 0.504557 0.031019 0.037760
0 0.225694 0.547786 0.057870 0.020052
0 0.248148 0.481380 0.093519 0.012240
0 0.904398 0.799089 0.026389 0.043490
0 0.057176 0.317318 0.026389 0.043490
0 0.382407 0.554297 0.065741 0.017448
0 0.068750 0.620703 0.021759 0.051302
0 0.107639 0.385026 0.025463 0.043490
0 0.561806 0.707943 0.063426 0.017448
0 0.392824 0.513672 0.031019 0.035156
0 0.922917 0.761328 0.072685 0.014844
0 0.728472 0.342057 0.026389 0.040885
0 0.922917 0.407161 0.026389 0.040885
0 0.371991 0.352474 0.072685 0.014844
0 0.454861 0.914974 0.071759 0.014844
0 0.278241 0.507422 0.061111 0.017448
0 0.823380 0.611589 0.086574 0.012240
0 0.184491 0.684505 0.086574 0.012240
0 0.221528 0.606380 0.021759 0.048698
0 0.517824 0.288672 0.021759 0.048698
0 0.036343 0.275651 0.021759 0.048698
0 0.475000 0.694922 0.019444 0.053906
0 0.594213 0.814714 0.017130 0.059115
0 0.161343 0.159766 0.068056 0.014844
0 0.821065 0.668880 0.081944 0.012240
0 0.510880 0.124609 0.081944 0.012240
0 0.617361 0.377474 0.026389 0.037760
0 0.614583 0.548828 0.057870 0.016927
0 0.828009 0.102865 0.031019 0.031250
0 0.440278 0.269141 0.026852 0.035677
0 0.326389 0.510677 0.027778 0.034375
0 0.841898 0.327734 0.021759 0.043490
0 0.735417 0.523047 0.021759 0.043490
0 0.480787 0.568620 0.031019 0.030469
0 0.513194 0.555599 0.031019 0.030469
0 0.381250 0.829036 0.026389 0.035677
0 0.520139 0.323828 0.063426 0.014844
0 0.751157 0.267839 0.053241 0.017448
0 0.946065 0.667318 0.063426 0.014323
0 0.213426 0.370703 0.061111 0.014844
0 0.392361 0.186849 0.020833 0.042969
0 0.124306 0.326432 0.021759 0.040885
0 0.406713 0.842057 0.021759 0.040885
0 0.198380 0.737891 0.021759 0.040885
0 0.087269 0.784766 0.021759 0.040885
0 0.094213 0.747005 0.026389 0.033073
0 0.090046 0.572526 0.025463 0.033073
0 0.850000 0.625911 0.056481 0.014844
0 0.309491 0.647786 0.049537 0.016927
0 0.889352 0.749349 0.070370 0.011719
0 0.543287 0.832031 0.026389 0.031250
0 0.082639 0.228516 0.021759 0.037760
0 0.779398 0.753516 0.026389 0.030469
0 0.336806 0.306901 0.020833 0.038281
0 0.663194 0.473568 0.016204 0.048698
0 0.198380 0.469401 0.086574 0.009115
0 0.159028 0.493099 0.017130 0.046094
0 0.396296 0.233724 0.028704 0.027344
0 0.159028 0.265234 0.063426 0.012240
0 0.841898 0.740495 0.021759 0.035677
0 0.564120 0.550391 0.021759 0.035677
0 0.402083 0.154818 0.021759 0.035156
0 0.906713 0.185807 0.077315 0.009635
0 0.520139 0.486589 0.017130 0.043490
0 0.901620 0.245703 0.048611 0.014844
0 0.313657 0.239193 0.057870 0.012240
0 0.556713 0.388932 0.071759 0.009635
0 0.818750 0.819271 0.021759 0.031771
0 0.628472 0.483984 0.020833 0.033073
0 0.748843 0.314453 0.057870 0.011719
0 0.047917 0.426693 0.017130 0.038281
0 0.309491 0.797786 0.068056 0.009635
0 0.010880 0.272396 0.017130 0.036979
0 0.756250 0.681641 0.054167 0.011719
0 0.862731 0.529557 0.063426 0.009635
0 0.785880 0.116797 0.048611 0.012240
0 0.351157 0.783203 0.049537 0.011719
0 0.950694 0.505469 0.017130 0.031771
0 0.869676 0.593359 0.012500 0.038281
0 0.603472 0.468359 0.017130 0.027865
0 0.447917 0.578385 0.011574 0.034375
0 0.699537 0.547135 0.047222 0.008333
0 0.121991 0.502214 0.017130 0.022656
0 0.640509 0.752214 0.054167 0.007031
0 0.464583 0.631510 0.017130 0.020833
0 0.862269 0.672786 0.034722 0.009635
0 0.807176 0.497005 0.017130 0.017448
0 0.902083 0.550130 0.012500 0.019531
