0 0.100694 0.982031 0.196759 0.034375
0 0.802546 0.467708 0.063426 0.068229
0 0.476157 0.400651 0.123611 0.033073
0 0.490046 0.560807 0.058796 0.056510
0 0.138194 0.389974 0.058796 0.053385
0 0.098380 0.653255 0.043981 0.069531
0 0.517824 0.236589 0.049537 0.053906
0 0.865046 0.485286 0.031019 0.082552
0 0.508565 0.336849 0.049537 0.051302
0 0.524769 0.825130 0.091204 0.027865
0 0.346528 0.214193 0.049537 0.050781
0 0.703009 0.702734 0.049537 0.048698
0 0.584954 0.736589 0.081944 0.027865
0 0.339120 0.761328 0.090278 0.025260
0 0.788657 0.830339 0.100463 0.022656
0 0.760880 0.914974 0.109722 0.020052
0 0.479630 0.876563 0.102778 0.021354
0 0.670602 0.749609 0.095833 0.022656
0 0.746991 0.757422 0.091204 0.022656
0 0.355787 0.909766 0.077315 0.025260
0 0.627778 0.875911 0.075000 0.025260
0 0.325694 0.868099 0.044907 0.040885
0 0.228472 0.120703 0.035648 0.051302
0 0.691435 0.552995 0.091204 0.020052
0 0.758102 0.576432 0.039352 0.046094
0 0.439120 0.853516 0.105093 0.016927
0 0.795602 0.720964 0.040278 0.043490
0 0.253935 0.236328 0.077315 0.022135
0 0.396296 0.606380 0.075000 0.022656
0 0.573380 0.553646 0.040278 0.042188
0 0.716898 0.563151 0.086574 0.019531
0 0.108102 0.170182 0.081944 0.020052
0 0.515509 0.373307 0.081944 0.020052
0 0.313657 0.896745 0.039352 0.040885
0 0.901620 0.768490 0.039352 0.039583
0 0.855787 0.392839 0.040278 0.038281
0 0.915972 0.507422 0.031019 0.048698
0 0.189120 0.184505 0.086574 0.017448
0 0.107639 0.538672 0.025463 0.059115
0 0.545602 0.763672 0.077315 0.019531
0 0.317593 0.157161 0.075000 0.020052
0 0.821065 0.461849 0.026389 0.056510
0 0.716898 0.224219 0.105093 0.013542
0 0.834954 0.557552 0.035648 0.039583
0 0.573380 0.454036 0.068056 0.020052
0 0.367361 0.845964 0.035648 0.038281
0 0.959954 0.709245 0.026389 0.051302
0 0.506250 0.530859 0.109722 0.012240
0 0.087269 0.278255 0.031019 0.043490
0 0.239583 0.701432 0.067130 0.020052
0 0.306713 0.119401 0.034722 0.038281
0 0.538657 0.121354 0.081944 0.016146
0 0.309491 0.787370 0.031019 0.040885
0 0.652083 0.473958 0.031019 0.039062
0 0.097685 0.881120 0.033333 0.035677
0 0.434491 0.247005 0.068056 0.017448
0 0.311806 0.103776 0.035648 0.033073
0 0.184491 0.363932 0.021759 0.053385
0 0.309028 0.211849 0.057870 0.020052
0 0.776620 0.101172 0.030093 0.038281
0 0.578009 0.102214 0.058796 0.019531
0 0.785880 0.891536 0.076389 0.014844
0 0.783565 0.457943 0.025463 0.043490
0 0.846528 0.115234 0.031019 0.035156
0 0.774769 0.123307 0.072685 0.014844
0 0.126620 0.886328 0.026389 0.040885
0 0.617361 0.130859 0.026389 0.040365
0 0.267824 0.114193 0.021759 0.048698
0 0.476157 0.624609 0.031019 0.033073
0 0.635880 0.426693 0.026389 0.038281
0 0.911343 0.163411 0.058796 0.016927
0 0.471065 0.778255 0.030093 0.033073
0 0.480787 0.191667 0.031019 0.031771
0 0.800231 0.877214 0.077315 0.012240
0 0.480787 0.226172 0.021759 0.043490
0 0.244676 0.474609 0.031019 0.029948
0 0.093750 0.202474 0.053241 0.016927
0 0.547454 0.895443 0.071759 0.012240
0 0.508565 0.860286 0.058796 0.014844
0 0.429398 0.339453 0.057870 0.014844
0 0.531713 0.141276 0.058796 0.014323
0 0.240046 0.317318 0.068056 0.012240
0 0.786343 0.139974 0.068056 0.011719
0 0.071065 0.281901 0.026389 0.029948
0 0.182176 0.162109 0.026389 0.029948
0 0.561806 0.831380 0.054167 0.014323
0 0.466898 0.115495 0.077315 0.009635
0 0.158565 0.126953 0.062500 0.011719
0 0.651620 0.839453 0.048611 0.014844
0 0.184491 0.293880 0.058796 0.012240
0 0.802083 0.296224 0.025463 0.027344
0 0.086806 0.335547 0.020833 0.033073
0 0.892824 0.225911 0.058796 0.011719
0 0.737731 0.783854 0.017130 0.039062
0 0.469213 0.426693 0.054167 0.012240
0 0.316435 0.181901 0.017130 0.038281
0 0.420602 0.159505 0.021759 0.029948
0 0.094213 0.145182 0.054167 0.011719
0 0.515046 0.442318 0.016204 0.038281
0 0.147454 0.104818 0.068056 0.009115
0 0.093750 0.369401 0.016204 0.038281
0 0.149769 0.435807 0.017130 0.035677
0 0.233102 0.279557 0.017130 0.035677
0 0.492361 0.273698 0.017130 0.034375
0 0.052083 0.789974 0.016204 0.035677
0 0.846528 0.860286 0.058796 0.009635
0 0.348843 0.176693 0.044907 0.012240
0 0.459954 0.190755 0.017130 0.029948
0 0.700231 0.353516 0.016204 0.027344
0 0.186806 0.895443 0.035648 0.012240
0 0.274769 0.169922 0.017130 0.024740
0 0.934491 0.608724 0.012500 0.032552
0 0.323380 0.343099 0.058796 0.006510
0 0.703009 0.099609 0.031019 0.009115
0 0.984722 0.006120 0.027778 0.009635
