0 0.538657 0.619401 0.220833 0.048698
0 0.830324 0.858984 0.183796 0.053906
0 0.193287 0.780859 0.178241 0.048698
0 0.395139 0.737891 0.072685 0.103385
0 0.758565 0.898047 0.142130 0.038281
0 0.702546 0.773047 0.122685 0.038281
0 0.707176 0.837500 0.141204 0.031771
0 0.975000 0.696224 0.047222 0.087760
0 0.534028 0.735286 0.054167 0.056510
0 0.422454 0.805599 0.090278 0.030469
0 0.753935 0.806901 0.095833 0.027865
0 0.869676 0.236589 0.040278 0.064323
0 0.709491 0.749609 0.136574 0.017448
0 0.052546 0.726172 0.035648 0.064323
0 0.723843 0.635026 0.044907 0.048698
0 0.795139 0.082943 0.039352 0.053906
0 0.240741 0.724870 0.125000 0.014844
0 0.925231 0.206641 0.040278 0.046094
0 0.824537 0.885026 0.042593 0.043490
0 0.390509 0.714193 0.091204 0.019531
0 0.953009 0.092057 0.086574 0.020052
0 0.661343 0.787370 0.114352 0.014844
0 0.971528 0.127214 0.031019 0.053906
0 0.605787 0.145443 0.040278 0.038281
0 0.656713 0.176693 0.086574 0.017448
0 0.080324 0.321224 0.035648 0.040885
0 0.703009 0.530599 0.114352 0.011719
0 0.890509 0.842057 0.063426 0.020052
0 0.684491 0.848307 0.105093 0.011719
0 0.816435 0.559505 0.091204 0.012240
0 0.772454 0.170182 0.031019 0.035677
0 0.520139 0.052995 0.072685 0.014844
0 0.728472 0.048828 0.026389 0.037760
0 0.311806 0.761979 0.026389 0.036979
0 0.108102 0.670182 0.063426 0.014844
0 0.517361 0.073828 0.076389 0.009635
0 0.483102 0.931901 0.044907 0.012240
0 0.216898 0.668229 0.021759 0.022917
0 0.098843 0.993099 0.044907 0.009635
