0 0.094213 0.982031 0.183796 0.034375
0 0.915972 0.620052 0.077315 0.070833
0 0.043287 0.245703 0.054167 0.087760
0 0.082639 0.343359 0.068056 0.069531
0 0.739583 0.778255 0.141204 0.033073
0 0.253935 0.655859 0.142130 0.027865
0 0.084954 0.269141 0.054167 0.061719
0 0.890509 0.273047 0.100463 0.033073
0 0.073380 0.778255 0.095833 0.033073
0 0.065972 0.857031 0.118056 0.023958
0 0.862731 0.893880 0.054167 0.050781
0 0.496528 0.657161 0.099537 0.025260
0 0.545602 0.745703 0.123611 0.020052
0 0.265509 0.267839 0.035648 0.069531
0 0.606481 0.386328 0.097222 0.025260
0 0.550231 0.712891 0.086574 0.027344
0 0.482639 0.197917 0.099537 0.023438
0 0.529398 0.274349 0.091204 0.025260
0 0.624306 0.513932 0.049537 0.046094
0 0.082639 0.183203 0.031019 0.072135
0 0.563657 0.795182 0.048611 0.046094
0 0.694907 0.650651 0.098148 0.022656
0 0.670602 0.323828 0.086574 0.025260
0 0.524769 0.888281 0.091204 0.023958
0 0.165972 0.358984 0.031019 0.069531
0 0.121528 0.183203 0.043981 0.046094
0 0.367361 0.361328 0.091204 0.022135
0 0.833796 0.550391 0.042593 0.046094
0 0.179861 0.499609 0.040278 0.048698
0 0.353472 0.332943 0.044907 0.043490
0 0.677546 0.577734 0.044907 0.043490
0 0.582176 0.366797 0.085648 0.022656
0 0.901620 0.537370 0.076389 0.025260
0 0.066435 0.666276 0.035648 0.053906
0 0.418287 0.468359 0.081944 0.022656
0 0.825694 0.741797 0.081944 0.022656
0 0.913657 0.177995 0.091204 0.020052
0 0.302546 0.154557 0.091204 0.020052
0 0.873148 0.847005 0.093519 0.019531
0 0.415278 0.239193 0.078704 0.022656
0 0.478472 0.443620 0.026389 0.066927
0 0.756250 0.870703 0.118981 0.014844
0 0.304861 0.345964 0.040278 0.043490
0 0.672917 0.872005 0.072685 0.022656
0 0.117361 0.562109 0.072685 0.022656
0 0.302546 0.701432 0.035648 0.046094
0 0.709954 0.409766 0.081944 0.020052
0 0.621991 0.696224 0.081944 0.020052
0 0.443287 0.386979 0.076389 0.021354
0 0.626157 0.107682 0.081019 0.020052
0 0.543287 0.523047 0.035648 0.043490
0 0.830324 0.674089 0.035648 0.043490
0 0.781713 0.526953 0.077315 0.020052
0 0.168287 0.322526 0.035648 0.043490
0 0.531250 0.093359 0.085648 0.017448
0 0.453009 0.681641 0.086574 0.016927
0 0.256250 0.841797 0.035648 0.040365
0 0.911343 0.896745 0.031019 0.046094
0 0.339583 0.838151 0.026389 0.053906
0 0.256250 0.728516 0.063426 0.022135
0 0.635880 0.629818 0.035648 0.038281
0 0.659028 0.734635 0.072685 0.018750
0 0.024769 0.334245 0.026389 0.051302
0 0.665972 0.848568 0.031019 0.043490
0 0.105787 0.525651 0.031019 0.043490
0 0.095370 0.662370 0.028704 0.046094
0 0.265509 0.480078 0.035648 0.035677
0 0.211111 0.875260 0.093519 0.013542
0 0.309491 0.685807 0.031019 0.040885
0 0.918287 0.231380 0.072685 0.017448
0 0.441435 0.825130 0.072685 0.017448
0 0.751620 0.111589 0.072685 0.017448
0 0.378935 0.784766 0.031019 0.040885
0 0.797917 0.830339 0.100463 0.012240
0 0.186343 0.679036 0.025463 0.048177
0 0.135880 0.334245 0.026389 0.046094
0 0.756250 0.094661 0.081944 0.014844
0 0.679861 0.530859 0.031019 0.038281
0 0.286343 0.731380 0.031019 0.038281
0 0.411343 0.137370 0.068056 0.016927
0 0.152083 0.543229 0.031019 0.036979
0 0.761574 0.887630 0.064815 0.017448
0 0.628472 0.458984 0.057870 0.019531
0 0.709954 0.710547 0.063426 0.017448
0 0.353472 0.677995 0.072685 0.014844
0 0.626620 0.878255 0.026389 0.040365
0 0.809491 0.564453 0.021759 0.048177
0 0.105787 0.130208 0.031019 0.033854
0 0.213426 0.725911 0.061111 0.016927
0 0.715741 0.089844 0.065741 0.015625
0 0.115046 0.351172 0.031019 0.033073
0 0.258565 0.319922 0.058796 0.017448
0 0.464583 0.551693 0.026389 0.038281
0 0.196065 0.296484 0.026389 0.038281
0 0.888194 0.399349 0.021759 0.046094
0 0.244213 0.584245 0.067130 0.014844
0 0.777083 0.257161 0.058796 0.016927
0 0.309491 0.779297 0.021759 0.045573
0 0.557176 0.222266 0.100463 0.009635
0 0.709491 0.897786 0.081019 0.011719
0 0.392824 0.838151 0.077315 0.012240
0 0.415972 0.153255 0.077315 0.012240
0 0.733102 0.120703 0.063426 0.014844
0 0.565972 0.142839 0.053241 0.017448
0 0.244676 0.694271 0.021759 0.042188
0 0.762731 0.619401 0.020833 0.043490
0 0.399769 0.760026 0.072685 0.012240
0 0.399769 0.427734 0.091204 0.009115
0 0.198380 0.619401 0.068056 0.012240
0 0.078009 0.749609 0.021759 0.038281
0 0.290972 0.575130 0.068056 0.012240
0 0.381250 0.404557 0.017130 0.046094
0 0.052546 0.433203 0.017130 0.046094
0 0.394676 0.711849 0.053241 0.014844
0 0.063657 0.491536 0.067130 0.011719
0 0.369676 0.802995 0.021759 0.035677
0 0.413194 0.753516 0.016204 0.046094
0 0.668287 0.705339 0.017130 0.043490
0 0.654398 0.145182 0.063426 0.011719
0 0.753935 0.480078 0.049537 0.014844
0 0.133565 0.257422 0.021759 0.033073
0 0.418287 0.586849 0.072685 0.009635
0 0.899769 0.443620 0.072685 0.009635
0 0.802546 0.649089 0.017130 0.040365
0 0.660880 0.517839 0.020833 0.033073
0 0.915972 0.311849 0.058796 0.011719
0 0.593056 0.532161 0.014815 0.046094
0 0.418287 0.112630 0.072685 0.009115
0 0.501620 0.532161 0.026389 0.025260
0 0.112731 0.689714 0.017130 0.038281
0 0.564120 0.193620 0.068056 0.009635
0 0.715046 0.207943 0.053241 0.012240
0 0.213426 0.468359 0.014815 0.043490
0 0.626157 0.275651 0.016204 0.038281
0 0.147454 0.601172 0.049537 0.012240
0 0.714583 0.669922 0.017130 0.035156
0 0.814120 0.921224 0.021759 0.027344
0 0.409028 0.815755 0.063426 0.009115
0 0.487731 0.806901 0.017130 0.033073
0 0.878935 0.302995 0.058796 0.009635
0 0.621991 0.543880 0.017130 0.033073
0 0.652083 0.831641 0.021759 0.025260
0 0.022454 0.836198 0.040278 0.013542
0 0.751620 0.550391 0.017130 0.030469
0 0.547917 0.310807 0.054167 0.009635
0 0.800231 0.605078 0.049537 0.009635
0 0.233102 0.416276 0.017130 0.027865
0 0.934491 0.865495 0.021759 0.020052
0 0.823380 0.385026 0.012500 0.033073
0 0.575694 0.995703 0.026389 0.004427
0 0.005787 0.881771 0.006944 0.013542
