0 0.100000 0.982031 0.195370 0.034375
0 0.286343 0.694922 0.169907 0.033073
0 0.945370 0.469661 0.074074 0.072135
0 0.603472 0.750911 0.128241 0.040885
0 0.279398 0.657161 0.137500 0.030469
0 0.898148 0.426693 0.060185 0.059115
0 0.480787 0.662370 0.058796 0.056510
0 0.179861 0.503516 0.049537 0.066927
0 0.228472 0.205339 0.109722 0.027865
0 0.578009 0.417578 0.049537 0.061719
0 0.531713 0.545182 0.095833 0.030469
0 0.703009 0.730078 0.105093 0.025260
0 0.540972 0.610938 0.049537 0.052604
0 0.698380 0.328776 0.105093 0.024740
0 0.839583 0.151302 0.044907 0.055208
0 0.140509 0.398047 0.044907 0.053906
0 0.461111 0.161458 0.084259 0.028646
0 0.068750 0.395443 0.040278 0.059115
0 0.446065 0.810807 0.091204 0.025260
0 0.353472 0.306901 0.128241 0.017448
0 0.767361 0.407161 0.048611 0.046094
0 0.572222 0.517188 0.084259 0.026562
0 0.786343 0.645443 0.095833 0.022656
0 0.448380 0.551432 0.040278 0.053385
0 0.542824 0.293620 0.043981 0.048177
0 0.288657 0.254818 0.091204 0.022656
0 0.851157 0.706380 0.040278 0.050781
0 0.168287 0.138672 0.044907 0.045573
0 0.524769 0.564453 0.091204 0.022135
0 0.330324 0.217057 0.035648 0.056510
0 0.746991 0.289062 0.035648 0.054688
0 0.534028 0.254818 0.081944 0.022656
0 0.499306 0.620052 0.077315 0.023958
0 0.591898 0.881771 0.114352 0.016146
0 0.779398 0.515234 0.026389 0.069531
0 0.233102 0.164974 0.072685 0.025260
0 0.029398 0.201432 0.035648 0.051302
0 0.640046 0.612630 0.043981 0.040365
0 0.909028 0.773698 0.072685 0.023958
0 0.779398 0.203385 0.026389 0.065625
0 0.686806 0.239193 0.035648 0.048698
0 0.378935 0.537760 0.040278 0.041667
0 0.645139 0.698828 0.026389 0.061719
0 0.371991 0.615495 0.109722 0.014844
0 0.819907 0.499609 0.033333 0.048698
0 0.418287 0.702734 0.026389 0.059115
0 0.946065 0.694922 0.035648 0.043490
0 0.647454 0.844661 0.077315 0.020052
0 0.800231 0.711849 0.077315 0.020052
0 0.758565 0.095964 0.040278 0.038281
0 0.378935 0.174089 0.068056 0.022656
0 0.948380 0.775651 0.068056 0.022656
0 0.649306 0.775391 0.090278 0.016927
0 0.561806 0.282552 0.035648 0.041667
0 0.672917 0.198828 0.035648 0.040885
0 0.645139 0.081641 0.072685 0.020052
0 0.557176 0.675130 0.035648 0.040365
0 0.222685 0.113932 0.033333 0.042969
0 0.786343 0.292578 0.031019 0.046094
0 0.466898 0.112891 0.031019 0.046094
0 0.561343 0.866797 0.081019 0.017448
0 0.278241 0.638932 0.070370 0.020052
0 0.418287 0.776042 0.035648 0.039062
0 0.709954 0.650000 0.026389 0.052604
0 0.677546 0.396745 0.072685 0.019010
0 0.071065 0.666276 0.035648 0.038281
0 0.260880 0.698828 0.091204 0.014844
0 0.520139 0.782161 0.026389 0.051302
0 0.846528 0.270443 0.077315 0.017448
0 0.332639 0.265234 0.077315 0.017448
0 0.589583 0.607422 0.026389 0.050781
0 0.406713 0.436849 0.031019 0.042969
0 0.542130 0.831641 0.088889 0.014844
0 0.639352 0.265234 0.033333 0.038281
0 0.804861 0.467057 0.031019 0.040885
0 0.480787 0.519141 0.031019 0.040885
0 0.971528 0.568620 0.031019 0.040885
0 0.890509 0.594401 0.035648 0.035156
0 0.615046 0.467057 0.021759 0.056510
0 0.645139 0.138932 0.081944 0.014844
0 0.959954 0.615495 0.026389 0.046094
0 0.772454 0.908464 0.068056 0.017448
0 0.790972 0.575130 0.031019 0.038281
0 0.101157 0.648047 0.068056 0.017448
0 0.619676 0.299089 0.031019 0.038281
0 0.341898 0.411068 0.068056 0.017448
0 0.846528 0.338151 0.021759 0.053906
0 0.825694 0.244401 0.026389 0.043490
0 0.323380 0.894141 0.077315 0.014844
0 0.707639 0.074219 0.031019 0.036458
0 0.223380 0.418880 0.062500 0.017448
0 0.663657 0.157161 0.072685 0.014844
0 0.959954 0.214453 0.026389 0.040885
0 0.237731 0.685807 0.072685 0.014844
0 0.075694 0.164974 0.072685 0.014844
0 0.696065 0.795182 0.072685 0.014844
0 0.336806 0.454036 0.020833 0.051302
0 0.420602 0.773047 0.086574 0.012240
0 0.508565 0.666276 0.021759 0.048698
0 0.633565 0.437109 0.021759 0.048698
0 0.763194 0.325130 0.021759 0.048698
0 0.314120 0.114193 0.058796 0.017448
0 0.314120 0.444922 0.031019 0.033073
0 0.601157 0.322526 0.031019 0.033073
0 0.619213 0.319922 0.020833 0.048698
0 0.059491 0.615495 0.021759 0.046094
0 0.654398 0.420833 0.026389 0.036979
0 0.145139 0.356120 0.081944 0.011719
0 0.596528 0.588151 0.021759 0.043490
0 0.027083 0.142839 0.021759 0.043490
0 0.462269 0.211849 0.031019 0.030469
0 0.182176 0.625911 0.026389 0.035677
0 0.839583 0.250911 0.026389 0.035677
0 0.695602 0.529557 0.025463 0.035677
0 0.925231 0.394141 0.021759 0.040885
0 0.730787 0.281901 0.021759 0.040365
0 0.450694 0.642839 0.026389 0.033073
0 0.355787 0.292578 0.058796 0.014844
0 0.107639 0.179297 0.025463 0.033073
0 0.045602 0.497005 0.021759 0.038281
0 0.828009 0.202474 0.021759 0.037760
0 0.378935 0.577474 0.021759 0.037760
0 0.098843 0.217057 0.026389 0.030469
0 0.108102 0.388932 0.054167 0.014844
0 0.920602 0.317057 0.068056 0.011719
0 0.756250 0.599870 0.081944 0.009635
0 0.640046 0.305599 0.025463 0.030469
0 0.450231 0.713151 0.062500 0.012240
0 0.156713 0.274089 0.021759 0.035156
0 0.591898 0.800391 0.077315 0.009635
0 0.226157 0.536068 0.021759 0.033073
0 0.453009 0.254818 0.058796 0.012240
0 0.267824 0.296484 0.058796 0.012240
0 0.253935 0.600911 0.021759 0.032552
0 0.310648 0.545182 0.047222 0.014844
0 0.899769 0.867839 0.072685 0.009115
0 0.635880 0.638672 0.072685 0.009115
0 0.064120 0.696224 0.021759 0.030469
0 0.779398 0.306901 0.017130 0.038281
0 0.089583 0.302995 0.017130 0.035677
0 0.316435 0.159766 0.063426 0.009635
0 0.163657 0.203776 0.017130 0.035156
0 0.721528 0.232682 0.058796 0.009635
0 0.466898 0.191016 0.058796 0.009635
0 0.121991 0.228776 0.017130 0.033073
0 0.800231 0.214453 0.021759 0.025260
0 0.742361 0.676042 0.017130 0.031771
0 0.914815 0.507422 0.019444 0.027865
0 0.915972 0.813411 0.012500 0.040885
0 0.953009 0.490495 0.012500 0.040885
0 0.726157 0.102474 0.049537 0.009635
0 0.297454 0.416927 0.053241 0.008333
0 0.061806 0.157161 0.044907 0.009635
0 0.191435 0.198828 0.044907 0.009635
0 0.878935 0.523047 0.012500 0.033073
0 0.952546 0.382422 0.011574 0.033073
0 0.676389 0.581641 0.014815 0.025260
0 0.730787 0.215755 0.012500 0.027865
0 0.404398 0.188411 0.017130 0.020052
0 0.690278 0.417578 0.014815 0.020052
0 0.707639 0.995052 0.031019 0.008333
0 0.186343 0.004818 0.025463 0.007031
