0 0.221065 0.812109 0.150463 0.027865
0 0.725694 0.270443 0.057870 0.059115
0 0.635880 0.717057 0.109722 0.030469
0 0.503935 0.822266 0.049537 0.063802
0 0.198380 0.554688 0.105093 0.028646
0 0.034028 0.847005 0.044907 0.066406
0 0.832639 0.629818 0.105093 0.027865
0 0.142824 0.919531 0.142130 0.018750
0 0.709954 0.530859 0.044907 0.059115
0 0.440972 0.424089 0.043981 0.059115
0 0.925231 0.390234 0.040278 0.064323
0 0.133565 0.368099 0.049537 0.051302
0 0.140509 0.629818 0.035648 0.069531
0 0.179861 0.537370 0.095833 0.025260
0 0.253935 0.564714 0.049537 0.048698
0 0.527083 0.730078 0.049537 0.046094
0 0.703009 0.818359 0.114352 0.019531
0 0.304861 0.779557 0.086574 0.025260
0 0.135417 0.851172 0.043981 0.048698
0 0.664352 0.561198 0.037037 0.057292
0 0.446065 0.245703 0.081944 0.025260
0 0.191435 0.326432 0.044907 0.046094
0 0.925231 0.664974 0.040278 0.051302
0 0.617361 0.724870 0.100463 0.020052
0 0.403935 0.755859 0.043981 0.045573
0 0.665972 0.345964 0.114352 0.017448
0 0.656713 0.411068 0.086574 0.022656
0 0.694907 0.311849 0.033333 0.058594
0 0.617361 0.155859 0.044907 0.043490
0 0.288657 0.622005 0.081944 0.022656
0 0.681019 0.171484 0.042593 0.043490
0 0.749306 0.119401 0.031019 0.059115
0 0.080324 0.789974 0.044907 0.040885
0 0.256250 0.284766 0.044907 0.040885
0 0.904398 0.800391 0.072685 0.025260
0 0.501620 0.427995 0.044907 0.040885
0 0.348843 0.318620 0.091204 0.020052
0 0.951157 0.508724 0.043981 0.040885
0 0.355787 0.696224 0.031019 0.056510
0 0.540972 0.467057 0.086574 0.020052
0 0.871991 0.845964 0.035648 0.048698
0 0.896991 0.343359 0.076389 0.022656
0 0.225694 0.454036 0.085648 0.020052
0 0.346065 0.775651 0.039352 0.043490
0 0.381250 0.913672 0.072685 0.022656
0 0.200231 0.686849 0.025463 0.063802
0 0.667824 0.530859 0.071759 0.022656
0 0.672917 0.737630 0.081944 0.019531
0 0.870833 0.196224 0.079630 0.020052
0 0.468056 0.685807 0.079630 0.020052
0 0.871528 0.117839 0.034722 0.045573
0 0.029398 0.786068 0.026389 0.059115
0 0.526620 0.552995 0.076389 0.020052
0 0.443287 0.823568 0.020833 0.071615
0 0.510880 0.646745 0.035648 0.040885
0 0.371991 0.149349 0.072685 0.020052
0 0.618519 0.640234 0.037963 0.038281
0 0.709954 0.590755 0.026389 0.053906
0 0.237731 0.692057 0.026389 0.053385
0 0.321065 0.583594 0.035648 0.039583
0 0.381250 0.575781 0.035648 0.039583
0 0.818750 0.312109 0.114352 0.012240
0 0.179398 0.516536 0.039352 0.035677
0 0.635417 0.599609 0.034722 0.040365
0 0.742361 0.233984 0.035648 0.038281
0 0.580324 0.571224 0.026389 0.051302
0 0.751620 0.493490 0.035648 0.036458
0 0.821065 0.691016 0.035648 0.035677
0 0.677546 0.861589 0.072685 0.017448
0 0.545602 0.625911 0.031019 0.040885
0 0.566435 0.819922 0.072685 0.017448
0 0.045139 0.139323 0.030093 0.041667
0 0.637731 0.641536 0.030093 0.040885
0 0.597685 0.619401 0.070370 0.017448
0 0.670602 0.801693 0.068056 0.017448
0 0.133565 0.887630 0.031019 0.038281
0 0.633565 0.273047 0.068056 0.017448
0 0.360417 0.650651 0.031019 0.038281
0 0.836806 0.519141 0.020833 0.056510
0 0.179398 0.469661 0.057870 0.020052
0 0.913657 0.314453 0.035648 0.032552
0 0.086806 0.689714 0.030093 0.038281
0 0.883565 0.219661 0.077315 0.014844
0 0.179861 0.742839 0.058796 0.019531
0 0.297917 0.116536 0.026389 0.042969
0 0.858102 0.597917 0.026389 0.042188
0 0.168287 0.678646 0.026389 0.042188
0 0.841898 0.594661 0.031019 0.035677
0 0.589583 0.607682 0.072685 0.014844
0 0.969213 0.157161 0.026389 0.040885
0 0.619676 0.465755 0.086574 0.012240
0 0.263194 0.481380 0.021759 0.048698
0 0.064120 0.220964 0.021759 0.048698
0 0.846528 0.861328 0.021759 0.048177
0 0.575694 0.427734 0.072685 0.014323
0 0.561343 0.750911 0.025463 0.040885
0 0.228472 0.590755 0.026389 0.038281
0 0.524769 0.622005 0.026389 0.038281
0 0.443750 0.722266 0.021759 0.046094
0 0.223843 0.626953 0.026389 0.037760
0 0.714120 0.840755 0.081019 0.012240
0 0.035185 0.715755 0.056481 0.017448
0 0.332176 0.530599 0.057870 0.016927
0 0.365046 0.570573 0.021759 0.044792
0 0.147454 0.134375 0.058796 0.016146
0 0.677083 0.602474 0.062500 0.014844
0 0.908565 0.106380 0.053241 0.017448
0 0.819907 0.499609 0.024074 0.038281
0 0.800231 0.764583 0.021759 0.042188
0 0.439120 0.621745 0.077315 0.011719
0 0.468750 0.654297 0.025463 0.035156
0 0.059491 0.404557 0.021759 0.040885
0 0.971528 0.441016 0.021759 0.040885
0 0.064120 0.776953 0.021759 0.040885
0 0.943750 0.797786 0.021759 0.040885
0 0.307176 0.720964 0.072685 0.012240
0 0.866898 0.672135 0.025463 0.034375
0 0.091898 0.169531 0.021759 0.039583
0 0.959491 0.279167 0.025463 0.033854
0 0.609954 0.579036 0.020833 0.040885
0 0.175231 0.111589 0.068056 0.012240
0 0.716898 0.869401 0.068056 0.012240
0 0.693287 0.233984 0.067130 0.012240
0 0.401620 0.619401 0.067130 0.012240
0 0.702546 0.296094 0.020833 0.039062
0 0.881250 0.485286 0.017130 0.046094
0 0.883102 0.666016 0.020833 0.037760
0 0.860417 0.469661 0.021759 0.035677
0 0.244676 0.388932 0.021759 0.035677
0 0.050231 0.362891 0.021759 0.035677
0 0.487269 0.782161 0.025463 0.030469
0 0.084491 0.519141 0.016204 0.046094
0 0.133102 0.581641 0.020833 0.035677
0 0.207639 0.607682 0.049537 0.014844
0 0.809491 0.819922 0.058796 0.012240
0 0.490046 0.138672 0.077315 0.009115
0 0.116898 0.426693 0.016204 0.043490
0 0.751620 0.641536 0.017130 0.040885
0 0.705324 0.758724 0.017130 0.040885
0 0.322222 0.450130 0.056481 0.012240
0 0.509722 0.594661 0.070370 0.009635
0 0.568750 0.125911 0.068056 0.009635
0 0.121991 0.247005 0.017130 0.038281
0 0.804861 0.123307 0.068056 0.009635
0 0.501157 0.528255 0.053241 0.012240
0 0.128935 0.542839 0.021759 0.029948
0 0.612731 0.498047 0.026389 0.024740
0 0.510880 0.698828 0.017130 0.035677
0 0.927546 0.615234 0.017130 0.035156
0 0.825694 0.557943 0.017130 0.035156
0 0.714583 0.629818 0.017130 0.033073
0 0.677546 0.254557 0.017130 0.032552
0 0.911806 0.464453 0.057870 0.009635
0 0.094213 0.616536 0.017130 0.032552
0 0.281713 0.292578 0.021759 0.025260
0 0.088426 0.744401 0.014815 0.033073
0 0.406713 0.610286 0.049537 0.009635
0 0.469213 0.995052 0.054167 0.008333
0 0.494676 0.240495 0.021759 0.020052
0 0.513194 0.123307 0.021759 0.020052
0 0.422917 0.128255 0.044907 0.009115
0 0.571065 0.579036 0.017130 0.020052
