0 0.214583 0.045573 0.424537 0.088542
0 0.907870 0.979427 0.181481 0.039583
0 0.349306 0.023047 0.155093 0.043490
0 0.149306 0.230078 0.062500 0.066927
0 0.920139 0.495703 0.113426 0.030469
0 0.508565 0.605729 0.114352 0.029167
0 0.515046 0.539974 0.127315 0.025260
0 0.334954 0.120703 0.054167 0.051302
0 0.927083 0.211849 0.034722 0.077344
0 0.726157 0.200130 0.095833 0.027865
0 0.751620 0.690365 0.109722 0.023958
0 0.899769 0.602474 0.044907 0.056510
0 0.828009 0.547786 0.040278 0.061719
0 0.802546 0.624609 0.044907 0.053906
0 0.689120 0.233984 0.049537 0.048698
0 0.281713 0.351172 0.105093 0.022656
0 0.377778 0.804297 0.084259 0.027865
0 0.348843 0.493099 0.044907 0.051302
0 0.802546 0.771745 0.091204 0.025260
0 0.661343 0.550391 0.049537 0.046094
0 0.112731 0.551432 0.035648 0.063802
0 0.742361 0.140234 0.100463 0.022656
0 0.329861 0.879818 0.127315 0.017448
0 0.895139 0.514583 0.081944 0.026562
0 0.662037 0.489844 0.087963 0.023958
0 0.899306 0.366797 0.090278 0.022656
0 0.827546 0.801042 0.094907 0.021354
0 0.159028 0.164974 0.035648 0.056510
0 0.109259 0.761328 0.075000 0.025260
0 0.954167 0.584245 0.033333 0.056510
0 0.659028 0.464453 0.044907 0.040885
0 0.214583 0.237891 0.044907 0.040885
0 0.251620 0.735286 0.072685 0.025260
0 0.714583 0.115495 0.072685 0.025260
0 0.270139 0.375911 0.044907 0.040885
0 0.797917 0.081641 0.091204 0.020052
0 0.571065 0.227474 0.026389 0.066927
0 0.483102 0.655208 0.081944 0.021354
0 0.633565 0.743099 0.086574 0.020052
0 0.152083 0.331641 0.086574 0.020052
0 0.406713 0.705078 0.077315 0.022135
0 0.568287 0.386068 0.085648 0.019531
0 0.506250 0.239193 0.072685 0.022656
0 0.103472 0.783464 0.072685 0.022656
0 0.778935 0.674089 0.071759 0.022656
0 0.790509 0.464453 0.039352 0.040885
0 0.457639 0.276953 0.105093 0.014844
0 0.483102 0.416276 0.026389 0.059115
0 0.800231 0.579036 0.105093 0.014844
0 0.453009 0.555599 0.077315 0.020052
0 0.494676 0.301693 0.086574 0.017448
0 0.406713 0.106380 0.031019 0.048698
0 0.450231 0.416016 0.034722 0.042969
0 0.698380 0.537370 0.031019 0.046094
0 0.800231 0.539323 0.031019 0.044792
0 0.733102 0.593620 0.035648 0.037760
0 0.711806 0.516536 0.067130 0.020052
0 0.314120 0.697266 0.077315 0.016927
0 0.274769 0.439453 0.026389 0.048177
0 0.469213 0.769141 0.063426 0.020052
0 0.594213 0.085547 0.072685 0.017448
0 0.980787 0.704036 0.031019 0.040885
0 0.412037 0.547526 0.087963 0.014323
0 0.984259 0.226172 0.028704 0.043490
0 0.679861 0.174089 0.095833 0.012240
0 0.277083 0.858984 0.095833 0.012240
0 0.725000 0.250911 0.028704 0.040885
0 0.950694 0.780859 0.026389 0.043490
0 0.484954 0.577474 0.030093 0.037760
0 0.290509 0.112891 0.076389 0.014844
0 0.767824 0.427995 0.031019 0.035677
0 0.913194 0.645443 0.062500 0.017448
0 0.193750 0.176693 0.021759 0.048698
0 0.740046 0.710547 0.086574 0.012240
0 0.783565 0.214453 0.025463 0.040885
0 0.664815 0.273047 0.084259 0.012240
0 0.422917 0.458333 0.026389 0.039062
0 0.777083 0.733984 0.031019 0.033073
0 0.263194 0.145443 0.031019 0.033073
0 0.830324 0.447526 0.026389 0.038281
0 0.436806 0.728776 0.081944 0.012240
0 0.128935 0.383724 0.021759 0.046094
0 0.265046 0.615885 0.062500 0.015625
0 0.626620 0.228125 0.026389 0.036979
0 0.832176 0.295182 0.020833 0.046094
0 0.790972 0.635026 0.021759 0.043490
0 0.490046 0.325130 0.077315 0.012240
0 0.274769 0.672786 0.026389 0.035677
0 0.327546 0.661068 0.076389 0.012240
0 0.399306 0.334245 0.025463 0.035677
0 0.895139 0.773047 0.072685 0.012240
0 0.332639 0.680599 0.058796 0.014844
0 0.955324 0.249349 0.026389 0.032552
0 0.842593 0.403255 0.069444 0.012240
0 0.115046 0.620443 0.058796 0.014323
0 0.462269 0.291016 0.049537 0.016927
0 0.610417 0.483984 0.021759 0.038281
0 0.846528 0.387630 0.068056 0.012240
0 0.105787 0.567318 0.021759 0.038281
0 0.082639 0.700130 0.021759 0.038281
0 0.965741 0.168880 0.065741 0.012240
0 0.348843 0.131120 0.026389 0.030469
0 0.723843 0.102474 0.054167 0.014844
0 0.265509 0.310807 0.081944 0.009635
0 0.182176 0.552995 0.017130 0.046094
0 0.242361 0.667318 0.054167 0.014323
0 0.409028 0.254818 0.017130 0.043490
0 0.770139 0.780599 0.063426 0.011719
0 0.131250 0.431641 0.017130 0.042969
0 0.101157 0.358333 0.021759 0.031771
0 0.649769 0.718359 0.054167 0.012240
0 0.131250 0.155599 0.017130 0.037760
0 0.726157 0.216797 0.068056 0.009115
0 0.221528 0.142839 0.021759 0.027865
0 0.959491 0.714193 0.016204 0.035156
0 0.918287 0.267839 0.017130 0.033073
0 0.242361 0.157161 0.017130 0.030469
0 0.977315 0.455339 0.042593 0.012240
0 0.753472 0.791276 0.039352 0.012240
0 0.788657 0.069922 0.035648 0.012240
0 0.422917 0.485286 0.017130 0.025260
0 0.406713 0.720964 0.058796 0.007031
0 0.348380 0.433203 0.034722 0.009635
0 0.975000 0.187109 0.047222 0.007031
0 0.612731 0.030599 0.026389 0.006510
