0 0.887037 0.025651 0.223148 0.043490
0 0.767824 0.866146 0.114352 0.031771
0 0.422917 0.791276 0.100463 0.033073
0 0.528241 0.344661 0.098148 0.030469
0 0.080324 0.743750 0.109722 0.026562
0 0.721528 0.343750 0.040278 0.070312
0 0.881250 0.765234 0.100463 0.027865
0 0.892824 0.552995 0.049537 0.056510
0 0.640509 0.248307 0.091204 0.030469
0 0.779398 0.305339 0.054167 0.050781
0 0.153241 0.471615 0.051852 0.050000
0 0.882407 0.863932 0.047222 0.053385
0 0.375000 0.420182 0.125000 0.020052
0 0.350694 0.469661 0.048611 0.051302
0 0.665509 0.427344 0.048611 0.050000
0 0.256250 0.241797 0.044907 0.053906
0 0.458796 0.651953 0.042593 0.056510
0 0.388194 0.220964 0.105093 0.022656
0 0.677546 0.329427 0.044907 0.052083
0 0.385880 0.793880 0.081944 0.027865
0 0.612731 0.445964 0.044907 0.050781
0 0.233102 0.763932 0.035648 0.061719
0 0.885880 0.171484 0.035648 0.059115
0 0.853472 0.256120 0.081944 0.025260
0 0.071065 0.774349 0.081944 0.025260
0 0.792824 0.268880 0.099537 0.019531
0 0.214583 0.299089 0.035648 0.053906
0 0.163657 0.418620 0.109722 0.016927
0 0.037500 0.627214 0.042593 0.043490
0 0.362731 0.240495 0.072685 0.025260
0 0.709954 0.282161 0.035648 0.051302
0 0.837269 0.123307 0.031019 0.056510
0 0.513194 0.179297 0.040278 0.043490
0 0.608102 0.861589 0.035648 0.048698
0 0.329167 0.779818 0.033333 0.050781
0 0.328009 0.731380 0.095833 0.017448
0 0.027083 0.272786 0.031019 0.053385
0 0.878935 0.886068 0.040278 0.040365
0 0.689120 0.490495 0.031019 0.051302
0 0.804861 0.677344 0.040278 0.039583
0 0.216435 0.903906 0.039352 0.039583
0 0.281713 0.817318 0.040278 0.038281
0 0.369213 0.144141 0.076389 0.020052
0 0.948380 0.239193 0.031019 0.048698
0 0.381250 0.261328 0.100463 0.014844
0 0.078009 0.603125 0.040278 0.036979
0 0.103009 0.248307 0.099537 0.014844
0 0.238426 0.812109 0.064815 0.022656
0 0.543287 0.451432 0.035648 0.040885
0 0.848843 0.870703 0.035648 0.040885
0 0.617361 0.175391 0.035648 0.040885
0 0.066435 0.843359 0.081944 0.017448
0 0.237731 0.364193 0.081944 0.017448
0 0.116898 0.408464 0.081019 0.017448
0 0.172917 0.711198 0.035648 0.039583
0 0.685648 0.373958 0.033333 0.042188
0 0.419444 0.150000 0.037963 0.036979
0 0.670139 0.818359 0.020833 0.066406
0 0.633102 0.779297 0.030093 0.045573
0 0.830324 0.200130 0.035648 0.038281
0 0.737731 0.504818 0.035648 0.038281
0 0.103472 0.885026 0.035648 0.038281
0 0.409028 0.117448 0.072685 0.018750
0 0.811806 0.594661 0.091204 0.014844
0 0.219213 0.435807 0.091204 0.014844
0 0.821065 0.870703 0.026389 0.051302
0 0.471528 0.278255 0.077315 0.017448
0 0.293287 0.235677 0.035648 0.036458
0 0.383565 0.175391 0.086574 0.014844
0 0.258565 0.702474 0.021759 0.058594
0 0.661343 0.271745 0.031019 0.040885
0 0.186806 0.269141 0.081944 0.014844
0 0.584954 0.135417 0.035648 0.033854
0 0.920602 0.194922 0.068056 0.017448
0 0.628935 0.654557 0.058796 0.020052
0 0.594213 0.228776 0.035648 0.033073
0 0.135880 0.127214 0.035648 0.033073
0 0.433333 0.316016 0.028704 0.040885
0 0.177546 0.851172 0.026389 0.043490
0 0.057176 0.866797 0.091204 0.012240
0 0.780556 0.777995 0.065741 0.016927
0 0.186806 0.761328 0.072685 0.014844
0 0.746991 0.737891 0.072685 0.014844
0 0.466898 0.864193 0.021759 0.048698
0 0.741898 0.118099 0.025463 0.040885
0 0.167824 0.370703 0.025463 0.040885
0 0.464120 0.513932 0.025463 0.040885
0 0.943750 0.540365 0.021759 0.046875
0 0.902083 0.126953 0.086574 0.011719
0 0.788657 0.179297 0.026389 0.038281
0 0.557176 0.142839 0.026389 0.038281
0 0.119676 0.943620 0.068056 0.014844
0 0.934491 0.244141 0.031019 0.032552
0 0.089583 0.908464 0.081944 0.012240
0 0.896991 0.116797 0.030093 0.033073
0 0.510417 0.142839 0.081019 0.012240
0 0.156250 0.149349 0.020833 0.046094
0 0.359954 0.391276 0.020833 0.045573
0 0.054861 0.598568 0.021759 0.043490
0 0.490046 0.461849 0.031019 0.030469
0 0.561806 0.240495 0.026389 0.035677
0 0.524769 0.110286 0.063426 0.014844
0 0.921296 0.383464 0.023148 0.040365
0 0.160880 0.644141 0.094907 0.009635
0 0.112731 0.319661 0.054167 0.016927
0 0.929861 0.673828 0.077315 0.011719
0 0.723843 0.661068 0.072685 0.012240
0 0.040972 0.456641 0.021759 0.040885
0 0.304861 0.255469 0.021759 0.039583
0 0.915972 0.160807 0.021759 0.037760
0 0.076852 0.754818 0.065741 0.012240
0 0.149769 0.352474 0.026389 0.030469
0 0.057176 0.711849 0.054167 0.014844
0 0.506250 0.441016 0.081944 0.009635
0 0.198380 0.849609 0.021759 0.035156
0 0.862269 0.150651 0.062500 0.012240
0 0.358102 0.832943 0.017130 0.043490
0 0.966898 0.497656 0.021759 0.034375
0 0.010880 0.682161 0.017130 0.042969
0 0.328009 0.399349 0.049537 0.014844
0 0.619676 0.826172 0.049537 0.014323
0 0.510880 0.159766 0.072685 0.009635
0 0.288657 0.935807 0.072685 0.009635
0 0.382407 0.541276 0.056481 0.012240
0 0.110417 0.154948 0.021759 0.031250
0 0.047917 0.809505 0.054167 0.012240
0 0.645139 0.555339 0.026389 0.024740
0 0.584954 0.182943 0.044907 0.014323
0 0.855787 0.810547 0.068056 0.009115
0 0.240046 0.873307 0.058796 0.009635
0 0.135880 0.684505 0.017130 0.033073
0 0.337269 0.912370 0.058796 0.009635
0 0.341898 0.425391 0.058796 0.009635
0 0.400463 0.391536 0.055556 0.009635
0 0.844213 0.446615 0.017130 0.031250
0 0.561343 0.105078 0.053241 0.009635
0 0.171759 0.391536 0.051852 0.009635
0 0.193750 0.517839 0.012500 0.038281
0 0.397454 0.712891 0.021759 0.022135
0 0.742361 0.340495 0.017130 0.027344
0 0.503935 0.245703 0.040278 0.009635
0 0.071065 0.296484 0.017130 0.022656
0 0.635880 0.119401 0.017130 0.017448
