0 0.878472 0.886328 0.168981 0.040885
0 0.124306 0.852214 0.058796 0.082031
0 0.147454 0.342057 0.049537 0.092969
0 0.566435 0.870443 0.063426 0.066406
0 0.860417 0.254557 0.123611 0.032552
0 0.657870 0.249609 0.107407 0.033073
0 0.087269 0.826172 0.049537 0.071615
0 0.098380 0.425130 0.043981 0.076823
0 0.619676 0.860286 0.049537 0.061719
0 0.580324 0.733984 0.054167 0.053906
0 0.071065 0.809505 0.044907 0.064323
0 0.052546 0.713151 0.035648 0.079948
0 0.068287 0.464193 0.048611 0.055990
0 0.223843 0.479167 0.054167 0.049479
0 0.290972 0.209245 0.105093 0.025260
0 0.147454 0.597917 0.049537 0.052604
0 0.349537 0.848568 0.046296 0.053906
0 0.329167 0.581641 0.042593 0.056510
0 0.818750 0.175391 0.114352 0.020052
0 0.816435 0.200130 0.100463 0.022656
0 0.089120 0.358984 0.099537 0.022656
0 0.128472 0.427995 0.039352 0.056510
0 0.406713 0.812760 0.040278 0.055208
0 0.250463 0.369401 0.079630 0.027865
0 0.191435 0.396745 0.035648 0.061719
0 0.658565 0.284766 0.108796 0.020052
0 0.644676 0.199870 0.118056 0.016927
0 0.666667 0.321224 0.078704 0.025260
0 0.434491 0.390234 0.086574 0.022656
0 0.316435 0.124349 0.044907 0.042969
0 0.204861 0.642839 0.043981 0.043490
0 0.499306 0.748958 0.040278 0.047396
0 0.868056 0.231120 0.083333 0.022135
0 0.147454 0.570573 0.040278 0.044792
0 0.737269 0.232682 0.043981 0.040885
0 0.709954 0.826172 0.091204 0.019531
0 0.054861 0.797786 0.031019 0.056510
0 0.807176 0.273047 0.035648 0.048698
0 0.429861 0.651953 0.086574 0.020052
0 0.172917 0.869401 0.072685 0.022656
0 0.779398 0.374609 0.072685 0.022656
0 0.311806 0.297786 0.035648 0.046094
0 0.529398 0.831641 0.109722 0.014844
0 0.550231 0.138932 0.105093 0.014844
0 0.110417 0.625911 0.077315 0.020052
0 0.700694 0.647786 0.091204 0.016927
0 0.503935 0.874609 0.068056 0.022656
0 0.693750 0.439714 0.068056 0.022656
0 0.902083 0.387370 0.040278 0.037760
0 0.165972 0.754818 0.031019 0.048698
0 0.337269 0.358724 0.068056 0.022135
0 0.589583 0.189062 0.035648 0.042188
0 0.275463 0.185807 0.074074 0.020052
0 0.790972 0.481120 0.086574 0.016927
0 0.936806 0.230078 0.035648 0.040885
0 0.172917 0.581641 0.035648 0.040885
0 0.108102 0.181901 0.081944 0.017448
0 0.436806 0.582943 0.081944 0.017448
0 0.124306 0.677995 0.031019 0.046094
0 0.189120 0.461849 0.031019 0.046094
0 0.043287 0.400391 0.026389 0.053385
0 0.277083 0.520833 0.077315 0.018229
0 0.115046 0.132422 0.031019 0.043490
0 0.228472 0.168229 0.035648 0.036979
0 0.355787 0.251302 0.031019 0.041667
0 0.293287 0.317318 0.026389 0.048698
0 0.117361 0.770443 0.026389 0.048698
0 0.584954 0.452474 0.026389 0.048177
0 0.663657 0.485286 0.035648 0.035677
0 0.825694 0.099870 0.063426 0.020052
0 0.351157 0.313411 0.031019 0.040885
0 0.802546 0.675130 0.035648 0.035156
0 0.096065 0.588151 0.020833 0.059115
0 0.230787 0.736589 0.068056 0.017448
0 0.647454 0.645443 0.021759 0.053906
0 0.429861 0.747656 0.086574 0.013542
0 0.441435 0.129557 0.035648 0.032552
0 0.212269 0.852214 0.058796 0.019531
0 0.490046 0.177995 0.021759 0.051302
0 0.274769 0.387630 0.091204 0.012240
0 0.795602 0.326693 0.021759 0.050781
0 0.485417 0.394141 0.031019 0.035677
0 0.619676 0.659766 0.031019 0.035677
0 0.354630 0.487891 0.019444 0.056510
0 0.904398 0.573828 0.026389 0.040885
0 0.237731 0.201432 0.072685 0.014844
0 0.174769 0.461849 0.030093 0.035677
0 0.454167 0.692318 0.061111 0.017448
0 0.240046 0.418880 0.021759 0.048698
0 0.920602 0.648047 0.021759 0.048698
0 0.383565 0.273047 0.021759 0.048698
0 0.323380 0.539323 0.077315 0.013542
0 0.520139 0.307943 0.072685 0.014323
0 0.230787 0.236589 0.031019 0.033073
0 0.496991 0.991146 0.063426 0.016146
0 0.222685 0.615495 0.033333 0.030469
0 0.860417 0.589453 0.068056 0.014844
0 0.254630 0.590755 0.023148 0.043490
0 0.760880 0.812109 0.081944 0.012240
0 0.792824 0.382422 0.081019 0.012240
0 0.827546 0.897786 0.030093 0.032552
0 0.425231 0.508464 0.068056 0.014323
0 0.170602 0.162109 0.068056 0.014323
0 0.357639 0.536458 0.053241 0.018229
0 0.404398 0.286979 0.026389 0.036458
0 0.809491 0.507422 0.021759 0.043490
0 0.448380 0.184505 0.021759 0.043490
0 0.274769 0.357682 0.026389 0.035677
0 0.216898 0.413411 0.021759 0.042969
0 0.471528 0.446224 0.095833 0.009635
0 0.207639 0.268880 0.031019 0.029948
0 0.263194 0.173177 0.021759 0.041667
0 0.284028 0.263281 0.026389 0.034375
0 0.078009 0.508724 0.021759 0.040885
0 0.714583 0.780859 0.072685 0.012240
0 0.756250 0.356380 0.072685 0.012240
0 0.647454 0.599870 0.021759 0.040885
0 0.204861 0.440365 0.025463 0.034375
0 0.642824 0.151953 0.058796 0.014844
0 0.020139 0.241797 0.026389 0.033073
0 0.712269 0.680599 0.058796 0.014844
0 0.518981 0.399349 0.024074 0.035677
0 0.825694 0.418620 0.026389 0.032552
0 0.160880 0.779557 0.057870 0.014844
0 0.936343 0.403255 0.025463 0.033073
0 0.788194 0.694922 0.025463 0.033073
0 0.256250 0.340755 0.017130 0.048698
0 0.249306 0.918880 0.068056 0.012240
0 0.873843 0.595964 0.067130 0.012240
0 0.966435 0.648047 0.020833 0.038281
0 0.446065 0.722266 0.081944 0.009635
0 0.728472 0.916276 0.063426 0.012240
0 0.304861 0.579036 0.021759 0.035677
0 0.890046 0.657161 0.025463 0.030469
0 0.519676 0.680599 0.025463 0.030469
0 0.833796 0.654557 0.079630 0.009635
0 0.529398 0.745052 0.017130 0.044792
0 0.552083 0.663672 0.062500 0.012240
0 0.203009 0.224870 0.049537 0.014844
0 0.221528 0.107682 0.049537 0.014844
0 0.767361 0.458594 0.020833 0.034375
0 0.969213 0.547786 0.017130 0.040885
0 0.409028 0.372656 0.081944 0.008333
0 0.309028 0.335286 0.020833 0.032552
0 0.946065 0.319922 0.017130 0.038281
0 0.876620 0.556901 0.017130 0.038281
0 0.339120 0.814714 0.053241 0.012240
0 0.638194 0.711589 0.021759 0.029948
0 0.108102 0.487630 0.026389 0.024740
0 0.385880 0.621354 0.017130 0.036979
0 0.181713 0.363932 0.016204 0.037760
0 0.534028 0.829036 0.017130 0.035677
0 0.263194 0.538672 0.049537 0.012240
0 0.362269 0.615495 0.016204 0.035677
0 0.371991 0.207943 0.017130 0.033073
0 0.130093 0.376563 0.014815 0.036979
0 0.659028 0.767839 0.044907 0.012240
0 0.203009 0.091797 0.058796 0.009115
0 0.376620 0.310807 0.017130 0.030469
0 0.962731 0.004557 0.071759 0.006510
0 0.160880 0.128516 0.048611 0.009635
0 0.201852 0.346615 0.019444 0.023958
0 0.080324 0.271745 0.044907 0.009635
0 0.487731 0.842057 0.044907 0.009635
0 0.665972 0.799089 0.058796 0.007031
0 0.307176 0.227214 0.044907 0.009115
0 0.024769 0.569922 0.017130 0.022656
0 0.038657 0.197526 0.017130 0.022656
0 0.616204 0.689714 0.014815 0.022656
0 0.346065 0.715755 0.011574 0.027865
0 0.969213 0.437109 0.017130 0.017448
0 0.249306 0.655208 0.012500 0.021354
0 0.410185 0.554297 0.037963 0.007031
0 0.755787 0.991146 0.016204 0.016146
0 0.346065 0.212891 0.039352 0.006510
