0 0.064815 0.635026 0.069444 0.095573
0 0.295602 0.283464 0.049537 0.085156
0 0.425231 0.517188 0.132870 0.031771
0 0.101157 0.714453 0.049537 0.077344
0 0.156713 0.839453 0.040278 0.092969
0 0.874306 0.586849 0.049537 0.072135
0 0.031713 0.840104 0.058796 0.057813
0 0.689120 0.866536 0.123611 0.027344
0 0.047917 0.309505 0.054167 0.059115
0 0.193287 0.215755 0.113426 0.027865
0 0.068750 0.772786 0.058796 0.053385
0 0.725000 0.306901 0.112037 0.027865
0 0.115046 0.439714 0.049537 0.059115
0 0.167824 0.254818 0.127315 0.022656
0 0.101157 0.474870 0.049537 0.056510
0 0.816435 0.579036 0.091204 0.030469
0 0.561806 0.592057 0.054167 0.051302
0 0.297917 0.612891 0.109722 0.025260
0 0.508565 0.710547 0.095833 0.027865
0 0.223843 0.778255 0.044907 0.059115
0 0.125000 0.277604 0.115741 0.021354
0 0.397454 0.133724 0.095833 0.025260
0 0.772454 0.111589 0.086574 0.027865
0 0.328009 0.392839 0.086574 0.027865
0 0.855787 0.911068 0.086574 0.027865
0 0.679861 0.444661 0.049537 0.048177
0 0.198380 0.127214 0.105093 0.022656
0 0.115046 0.219661 0.049537 0.046094
0 0.534028 0.780859 0.081944 0.027865
0 0.263194 0.467057 0.040278 0.056510
0 0.710417 0.218359 0.081019 0.027865
0 0.624306 0.755469 0.049537 0.044792
0 0.455324 0.294531 0.091204 0.023958
0 0.170602 0.483984 0.040278 0.053906
0 0.758565 0.525651 0.040278 0.053906
0 0.230787 0.348568 0.031019 0.069531
0 0.844213 0.120703 0.081944 0.025260
0 0.152083 0.623047 0.040278 0.050781
0 0.459954 0.802344 0.081944 0.023958
0 0.142824 0.525651 0.040278 0.048698
0 0.368056 0.349870 0.074074 0.025260
0 0.064120 0.426693 0.031019 0.059115
0 0.587269 0.198177 0.040278 0.044792
0 0.209491 0.535807 0.081019 0.022135
0 0.177083 0.352474 0.034722 0.051302
0 0.573380 0.720964 0.077315 0.022656
0 0.425231 0.689714 0.040278 0.043490
0 0.821065 0.080990 0.072685 0.023958
0 0.598843 0.798828 0.035648 0.048177
0 0.281250 0.345964 0.039352 0.043490
0 0.800231 0.407813 0.040278 0.042188
0 0.527083 0.414714 0.086574 0.019531
0 0.554861 0.603776 0.095833 0.017448
0 0.036343 0.641536 0.040278 0.040885
0 0.130787 0.814714 0.025463 0.064323
0 0.348843 0.534766 0.081944 0.020052
0 0.196065 0.344661 0.035648 0.046094
0 0.130787 0.876953 0.025463 0.063802
0 0.915972 0.409766 0.021759 0.072135
0 0.434491 0.159766 0.105093 0.014844
0 0.825694 0.879818 0.035648 0.043490
0 0.223843 0.496745 0.035648 0.042969
0 0.818750 0.473568 0.086574 0.017448
0 0.813657 0.299089 0.039352 0.038281
0 0.561806 0.136328 0.026389 0.056510
0 0.335648 0.243099 0.074074 0.020052
0 0.279398 0.511328 0.035648 0.040885
0 0.589583 0.175391 0.035648 0.040885
0 0.186806 0.618099 0.035648 0.040885
0 0.286343 0.454036 0.031019 0.046094
0 0.735417 0.545182 0.031019 0.046094
0 0.608102 0.562109 0.026389 0.053906
0 0.299769 0.566016 0.030093 0.046094
0 0.487731 0.670182 0.091204 0.014844
0 0.848843 0.342057 0.091204 0.014844
0 0.568750 0.241797 0.031019 0.043490
0 0.906713 0.179297 0.077315 0.017448
0 0.133102 0.756120 0.067130 0.020052
0 0.219213 0.477474 0.063426 0.020052
0 0.818750 0.261328 0.031019 0.040885
0 0.272454 0.881120 0.031019 0.040885
0 0.655556 0.625911 0.084259 0.014844
0 0.857639 0.161068 0.025463 0.048698
0 0.897454 0.524349 0.021759 0.056510
0 0.226157 0.571224 0.021759 0.056510
0 0.274769 0.812109 0.100463 0.012240
0 0.082176 0.207682 0.020833 0.058594
0 0.017824 0.578776 0.021759 0.055990
0 0.140509 0.383724 0.081944 0.014844
0 0.848843 0.227474 0.026389 0.046094
0 0.927546 0.852474 0.081944 0.014844
0 0.228472 0.310807 0.081944 0.014844
0 0.781713 0.317318 0.068056 0.017448
0 0.508565 0.254818 0.068056 0.017448
0 0.228472 0.684245 0.100463 0.011719
0 0.608102 0.692057 0.100463 0.011719
0 0.346528 0.637630 0.021759 0.053906
0 0.200231 0.530859 0.034722 0.033073
0 0.529398 0.840755 0.091204 0.012240
0 0.670602 0.667578 0.031019 0.035677
0 0.221528 0.729427 0.021759 0.050000
0 0.714583 0.188411 0.026389 0.040885
0 0.506250 0.167578 0.026389 0.040885
0 0.871991 0.316016 0.026389 0.040885
0 0.915972 0.619401 0.086574 0.012240
0 0.639352 0.888932 0.070370 0.014844
0 0.054861 0.580339 0.031019 0.033073
0 0.770139 0.400651 0.026389 0.038281
0 0.446065 0.374609 0.081944 0.012240
0 0.066435 0.801432 0.026389 0.037760
0 0.282870 0.098568 0.079630 0.012240
0 0.790972 0.392839 0.021759 0.043490
0 0.142824 0.366146 0.058796 0.016146
0 0.638194 0.672786 0.031019 0.030469
0 0.159491 0.150651 0.053241 0.017448
0 0.959954 0.458594 0.026389 0.034375
0 0.072917 0.336198 0.030093 0.029167
0 0.804861 0.852474 0.058796 0.014844
0 0.797917 0.239193 0.026389 0.033073
0 0.948380 0.285677 0.021759 0.039062
0 0.358102 0.569922 0.017130 0.048698
0 0.422917 0.220964 0.017130 0.048698
0 0.689120 0.812109 0.068056 0.012240
0 0.638194 0.825130 0.021759 0.038281
0 0.878935 0.382422 0.021759 0.038281
0 0.486574 0.717057 0.051852 0.014844
0 0.047917 0.257422 0.017130 0.043490
0 0.441435 0.202474 0.017130 0.042969
0 0.128472 0.263932 0.076389 0.009635
0 0.846528 0.364193 0.021759 0.033073
0 0.425231 0.616797 0.021759 0.033073
0 0.834491 0.166276 0.025463 0.027865
0 0.061343 0.220964 0.016204 0.043490
0 0.170602 0.271484 0.077315 0.009115
0 0.871991 0.241797 0.017130 0.038281
0 0.450694 0.582943 0.017130 0.038281
0 0.207639 0.167318 0.021759 0.029948
0 0.954861 0.201432 0.025463 0.025260
0 0.199537 0.501563 0.024074 0.026562
0 0.617361 0.123307 0.063426 0.009635
0 0.612731 0.219661 0.017130 0.035677
0 0.566435 0.081641 0.063426 0.009635
0 0.115046 0.338151 0.049537 0.012240
0 0.329861 0.515885 0.071759 0.008333
0 0.421296 0.552995 0.013889 0.040885
0 0.325694 0.226172 0.017130 0.033073
0 0.314120 0.162370 0.058796 0.009635
0 0.922917 0.286068 0.017130 0.033073
0 0.138194 0.740495 0.021759 0.025260
0 0.464583 0.607682 0.054167 0.009635
0 0.524306 0.013932 0.053241 0.009635
0 0.557176 0.167318 0.017130 0.029948
0 0.513194 0.331380 0.049537 0.009115
0 0.915972 0.115495 0.021759 0.020052
0 0.082639 0.358984 0.012500 0.033073
0 0.665972 0.549089 0.012500 0.033073
0 0.084491 0.766276 0.016204 0.024740
0 0.414815 0.353516 0.056481 0.006510
0 0.975000 0.004557 0.047222 0.006510
0 0.489583 0.738802 0.011574 0.026042
