0 0.889815 0.025651 0.217593 0.043490
0 0.691435 0.231380 0.072685 0.069531
0 0.245833 0.817318 0.070370 0.064323
0 0.089583 0.209245 0.054167 0.061719
0 0.270139 0.619401 0.100463 0.033073
0 0.589583 0.317318 0.054167 0.059115
0 0.760880 0.571875 0.044907 0.068229
0 0.135880 0.407161 0.054167 0.056510
0 0.332639 0.265234 0.049537 0.053906
0 0.098843 0.622005 0.044907 0.059115
0 0.540972 0.335938 0.040278 0.065104
0 0.226157 0.527604 0.049537 0.052604
0 0.779398 0.305599 0.100463 0.025260
0 0.059028 0.627214 0.048611 0.048698
0 0.861574 0.301432 0.042593 0.053385
0 0.128935 0.557943 0.049537 0.045573
0 0.172454 0.795182 0.043981 0.051302
0 0.397454 0.853776 0.040278 0.053906
0 0.314120 0.848568 0.040278 0.053906
0 0.476157 0.249349 0.040278 0.053385
0 0.596528 0.135677 0.114352 0.018750
0 0.751157 0.326432 0.099537 0.020052
0 0.070602 0.339193 0.099537 0.019531
0 0.579167 0.775000 0.088889 0.021354
0 0.294444 0.295182 0.075000 0.025260
0 0.561806 0.908464 0.081944 0.022656
0 0.719213 0.727474 0.035648 0.051302
0 0.503472 0.499609 0.104167 0.017448
0 0.429861 0.851172 0.031019 0.053906
0 0.457639 0.304297 0.031019 0.053906
0 0.462269 0.922786 0.040278 0.040885
0 0.061806 0.818620 0.035648 0.046094
0 0.612731 0.208594 0.026389 0.060417
0 0.626620 0.158464 0.091204 0.017448
0 0.080324 0.374609 0.035648 0.043490
0 0.902083 0.605078 0.077315 0.020052
0 0.165972 0.124609 0.086574 0.017448
0 0.223843 0.313411 0.026389 0.056510
0 0.316435 0.917578 0.026389 0.056510
0 0.066435 0.558203 0.026389 0.056510
0 0.075231 0.655599 0.034722 0.042969
0 0.501620 0.732682 0.035648 0.040885
0 0.057176 0.591797 0.035648 0.040365
0 0.846528 0.750911 0.095833 0.014844
0 0.113889 0.439063 0.037963 0.036979
0 0.012037 0.295833 0.024074 0.057813
0 0.251620 0.709245 0.026389 0.051302
0 0.121991 0.758724 0.091204 0.014844
0 0.290972 0.843359 0.031019 0.043490
0 0.221528 0.731380 0.031019 0.043490
0 0.307176 0.731120 0.035648 0.037760
0 0.178704 0.577734 0.075000 0.017448
0 0.503935 0.809505 0.021759 0.059115
0 0.066435 0.247005 0.072685 0.017448
0 0.524306 0.851172 0.071759 0.017448
0 0.278241 0.737891 0.024074 0.051302
0 0.149769 0.625651 0.063426 0.019531
0 0.719213 0.185807 0.081944 0.014844
0 0.770139 0.718359 0.035648 0.033073
0 0.804398 0.252214 0.067130 0.017448
0 0.198380 0.222266 0.077315 0.014844
0 0.179398 0.761328 0.076389 0.014844
0 0.487269 0.139974 0.034722 0.032552
0 0.198380 0.544922 0.021759 0.050781
0 0.436806 0.137630 0.063426 0.017448
0 0.121991 0.672786 0.026389 0.040885
0 0.612731 0.525391 0.091204 0.011719
0 0.249306 0.898047 0.021759 0.048698
0 0.781713 0.864193 0.086574 0.012240
0 0.672454 0.191406 0.025463 0.041667
0 0.338426 0.739193 0.024074 0.043490
0 0.922454 0.248307 0.025463 0.040885
0 0.723380 0.229818 0.025463 0.040365
0 0.846528 0.585547 0.031019 0.033073
0 0.591898 0.115495 0.068056 0.014844
0 0.550231 0.935807 0.068056 0.014844
0 0.770139 0.372005 0.026389 0.038281
0 0.080324 0.403255 0.026389 0.038281
0 0.321065 0.799089 0.081944 0.012240
0 0.573380 0.263932 0.021759 0.046094
0 0.179861 0.308203 0.021759 0.046094
0 0.415972 0.108984 0.077315 0.012240
0 0.082639 0.839453 0.031019 0.030469
0 0.098843 0.677995 0.026389 0.035677
0 0.751620 0.888932 0.063426 0.014844
0 0.140509 0.159766 0.026389 0.035677
0 0.350694 0.646094 0.020833 0.044792
0 0.908565 0.358984 0.053241 0.017448
0 0.159028 0.743750 0.081944 0.010937
0 0.946065 0.653255 0.026389 0.033073
0 0.392824 0.740495 0.058796 0.014844
0 0.677546 0.271094 0.063426 0.013542
0 0.330324 0.606120 0.072685 0.011719
0 0.295139 0.674089 0.030093 0.027865
0 0.457639 0.749349 0.021759 0.037760
0 0.948380 0.724870 0.021759 0.035677
0 0.809491 0.782161 0.021759 0.035677
0 0.045139 0.534766 0.020833 0.035677
0 0.384259 0.476172 0.060185 0.012240
0 0.663657 0.593359 0.026389 0.027865
0 0.888194 0.730078 0.049537 0.014844
0 0.229630 0.245703 0.075000 0.009635
0 0.066435 0.772786 0.026389 0.027344
0 0.337269 0.679297 0.021759 0.033073
0 0.586574 0.782161 0.074074 0.009635
0 0.163657 0.459245 0.072685 0.009635
0 0.126620 0.519141 0.017130 0.040885
0 0.580324 0.235026 0.017130 0.040365
0 0.645139 0.816016 0.026389 0.025260
0 0.814120 0.935807 0.068056 0.009635
0 0.709954 0.158464 0.017130 0.038281
0 0.425231 0.225521 0.058796 0.010937
0 0.205324 0.107682 0.063426 0.009635
0 0.538657 0.222266 0.063426 0.009635
0 0.492361 0.881120 0.063426 0.009635
0 0.855787 0.353776 0.021759 0.027865
0 0.946065 0.363542 0.017130 0.034375
0 0.897454 0.625911 0.058796 0.009635
0 0.098380 0.377214 0.016204 0.033073
0 0.105787 0.110026 0.021759 0.024740
0 0.365046 0.184505 0.021759 0.022656
0 0.392824 0.913672 0.021759 0.022656
0 0.902083 0.414974 0.012500 0.035677
0 0.188657 0.174089 0.011574 0.038281
0 0.762037 0.190755 0.047222 0.009115
0 0.670139 0.135026 0.011574 0.033073
0 0.376620 0.222917 0.017130 0.021354
0 0.172917 0.151693 0.017130 0.019531
