0 0.443750 0.858984 0.068056 0.064323
0 0.258565 0.542578 0.049537 0.072135
0 0.887731 0.620703 0.057870 0.061719
0 0.402083 0.430599 0.049537 0.066927
0 0.436806 0.106380 0.118981 0.027865
0 0.348843 0.569271 0.091204 0.031771
0 0.119213 0.520443 0.048611 0.059115
0 0.633565 0.133464 0.095833 0.029948
0 0.855787 0.831641 0.049537 0.056510
0 0.675231 0.459245 0.040278 0.066927
0 0.414352 0.338151 0.092593 0.027865
0 0.892824 0.896745 0.123611 0.020052
0 0.534722 0.714453 0.046296 0.051302
0 0.721528 0.240495 0.049537 0.046094
0 0.909028 0.475911 0.081944 0.027344
0 0.508565 0.633724 0.086574 0.025260
0 0.700694 0.387630 0.044907 0.048698
0 0.942593 0.528906 0.112037 0.018750
0 0.538657 0.516536 0.044907 0.046094
0 0.080324 0.594661 0.044907 0.046094
0 0.395139 0.555599 0.081944 0.025260
0 0.293287 0.586849 0.035648 0.056510
0 0.295602 0.683594 0.095833 0.020833
0 0.448380 0.705339 0.086574 0.022656
0 0.290972 0.168880 0.086574 0.022656
0 0.253935 0.416276 0.086574 0.022656
0 0.573380 0.769141 0.095833 0.020052
0 0.343750 0.502214 0.043981 0.043490
0 0.812963 0.292318 0.075000 0.024740
0 0.331481 0.841797 0.075000 0.024740
0 0.746991 0.274349 0.044907 0.040885
0 0.862731 0.193620 0.044907 0.040885
0 0.501620 0.589453 0.072685 0.025260
0 0.918287 0.339193 0.072685 0.024740
0 0.589120 0.388672 0.034722 0.050781
0 0.450694 0.684505 0.100463 0.017448
0 0.817593 0.698828 0.037963 0.046094
0 0.802546 0.189714 0.035648 0.048698
0 0.175231 0.179036 0.077315 0.022135
0 0.712269 0.667578 0.040278 0.040885
0 0.765509 0.778255 0.072685 0.022656
0 0.774769 0.230078 0.081944 0.020052
0 0.703009 0.581380 0.040278 0.040365
0 0.859954 0.788672 0.030093 0.053906
0 0.575694 0.436849 0.072685 0.022135
0 0.120833 0.283464 0.070370 0.022656
0 0.119676 0.461849 0.031019 0.051302
0 0.867361 0.655208 0.072685 0.021354
0 0.376620 0.612891 0.100463 0.014844
0 0.619676 0.519792 0.040278 0.036979
0 0.469213 0.732422 0.072685 0.019531
0 0.281250 0.651953 0.094907 0.014844
0 0.665972 0.813411 0.068056 0.020052
0 0.344213 0.657161 0.091204 0.014844
0 0.302546 0.151953 0.091204 0.014844
0 0.258565 0.194922 0.031019 0.043490
0 0.725000 0.529557 0.028704 0.046094
0 0.360417 0.595703 0.077315 0.016927
0 0.209954 0.659766 0.063426 0.020052
0 0.219213 0.135026 0.072685 0.017448
0 0.816435 0.219401 0.063426 0.019531
0 0.633102 0.560807 0.030093 0.040885
0 0.297917 0.810156 0.035648 0.034375
0 0.449537 0.787370 0.033333 0.035677
0 0.315278 0.099870 0.033333 0.035677
0 0.564120 0.148047 0.068056 0.017448
0 0.946065 0.778255 0.035648 0.033073
0 0.207639 0.108724 0.068056 0.016927
0 0.983102 0.595964 0.026389 0.043490
0 0.385880 0.442318 0.026389 0.043490
0 0.105324 0.417578 0.076389 0.014844
0 0.244676 0.748307 0.031019 0.035677
0 0.306019 0.710547 0.088889 0.012240
0 0.251620 0.344661 0.072685 0.014844
0 0.404398 0.641536 0.072685 0.014844
0 0.653935 0.834245 0.071759 0.014844
0 0.778241 0.862891 0.070370 0.014844
0 0.221528 0.179297 0.031019 0.033073
0 0.646991 0.317318 0.020833 0.048698
0 0.383102 0.799089 0.057870 0.017448
0 0.832639 0.779557 0.021759 0.046094
0 0.726157 0.744401 0.021759 0.043490
0 0.443750 0.747005 0.077315 0.012240
0 0.304861 0.736589 0.021759 0.043490
0 0.953009 0.666016 0.021759 0.042969
0 0.172917 0.320964 0.026389 0.035156
0 0.594213 0.645182 0.054167 0.016927
0 0.167824 0.827734 0.071759 0.012240
0 0.672917 0.640234 0.026389 0.033073
0 0.624769 0.677995 0.057870 0.014844
0 0.159028 0.796484 0.017130 0.048698
0 0.193750 0.148047 0.068056 0.012240
0 0.402546 0.468359 0.067130 0.012240
0 0.187963 0.374609 0.065741 0.012240
0 0.284028 0.388932 0.017130 0.046094
0 0.853472 0.508724 0.017130 0.046094
0 0.235417 0.693620 0.021759 0.035677
0 0.777083 0.758724 0.021759 0.035677
0 0.219213 0.768880 0.054167 0.014323
0 0.439120 0.278646 0.058796 0.013021
0 0.269676 0.367839 0.025463 0.029948
0 0.246991 0.277995 0.063426 0.011719
0 0.418287 0.728776 0.026389 0.027865
0 0.133565 0.210547 0.058796 0.012240
0 0.860417 0.900651 0.058796 0.012240
0 0.578009 0.462891 0.021759 0.032552
0 0.281713 0.700781 0.049537 0.013542
0 0.203009 0.399349 0.021759 0.030469
0 0.348843 0.864193 0.054167 0.012240
0 0.411343 0.125911 0.068056 0.009635
0 0.848843 0.744401 0.017130 0.038281
0 0.181713 0.194922 0.053241 0.012240
0 0.765509 0.125911 0.017130 0.035677
0 0.726157 0.687109 0.021759 0.027865
0 0.499306 0.885026 0.049537 0.012240
0 0.920139 0.424089 0.020833 0.027865
0 0.590741 0.838151 0.047222 0.012240
0 0.191435 0.273047 0.017130 0.033073
0 0.540972 0.558203 0.058796 0.009635
0 0.079167 0.295182 0.051852 0.009635
0 0.263194 0.635026 0.021759 0.022656
0 0.161343 0.875911 0.021759 0.020052
0 0.302546 0.191016 0.017130 0.025260
0 0.899769 0.360286 0.044907 0.009635
0 0.209491 0.300391 0.043981 0.009635
0 0.556713 0.469401 0.043981 0.009115
0 0.124306 0.987891 0.040278 0.009635
0 0.635880 0.996354 0.026389 0.005729
