0 0.342361 0.491406 0.141204 0.044271
0 0.547917 0.507422 0.054167 0.085156
0 0.580324 0.443620 0.063426 0.061719
0 0.652083 0.465755 0.049537 0.074740
0 0.455324 0.477474 0.054167 0.051302
0 0.047917 0.534766 0.044907 0.061719
0 0.913657 0.143229 0.091204 0.028646
0 0.561806 0.215755 0.091204 0.027865
0 0.927546 0.750911 0.100463 0.025260
0 0.093750 0.436458 0.034722 0.068229
0 0.547917 0.649089 0.035648 0.066406
0 0.876620 0.387630 0.081944 0.027865
0 0.661343 0.233724 0.132870 0.016927
0 0.403241 0.357422 0.088889 0.024740
0 0.853472 0.499609 0.044907 0.048698
0 0.571065 0.595964 0.044907 0.048698
0 0.540972 0.273047 0.095833 0.022656
0 0.315278 0.217448 0.135185 0.015625
0 0.353472 0.579036 0.081944 0.025260
0 0.325694 0.309505 0.044907 0.043490
0 0.369213 0.209245 0.076389 0.025260
0 0.321065 0.135026 0.081944 0.022656
0 0.626620 0.495703 0.044907 0.040885
0 0.117361 0.219661 0.044907 0.040885
0 0.686343 0.518880 0.071759 0.024740
0 0.818750 0.760026 0.040278 0.043490
0 0.745833 0.111589 0.098148 0.017448
0 0.418287 0.763932 0.035648 0.046094
0 0.874306 0.222005 0.040278 0.040365
0 0.288194 0.243099 0.108796 0.014844
0 0.427546 0.255859 0.081944 0.019531
0 0.328009 0.539323 0.040278 0.039583
0 0.737731 0.075130 0.091204 0.017448
0 0.059028 0.425130 0.039352 0.040365
0 0.495370 0.227474 0.078704 0.020052
0 0.427546 0.791016 0.091204 0.016927
0 0.161343 0.372005 0.040278 0.038281
0 0.443750 0.812109 0.040278 0.038281
0 0.619676 0.713151 0.031019 0.048698
0 0.723843 0.443620 0.026389 0.056510
0 0.359954 0.284505 0.076389 0.019531
0 0.395139 0.430599 0.072685 0.020052
0 0.436343 0.349870 0.071759 0.020052
0 0.154398 0.446875 0.026389 0.052604
0 0.333796 0.382422 0.079630 0.017448
0 0.211806 0.605078 0.030093 0.046094
0 0.311806 0.167578 0.091204 0.014844
0 0.133565 0.416276 0.031019 0.043490
0 0.795602 0.533464 0.031019 0.043490
0 0.834954 0.306641 0.035648 0.037760
0 0.725694 0.710547 0.030093 0.043490
0 0.818750 0.590755 0.021759 0.059115
0 0.427546 0.392839 0.026389 0.048698
0 0.355787 0.805599 0.086574 0.014844
0 0.626620 0.289974 0.063426 0.020052
0 0.471528 0.443620 0.031019 0.040885
0 0.700231 0.766797 0.034722 0.035156
0 0.450694 0.417578 0.026389 0.046094
0 0.811806 0.435807 0.026389 0.046094
0 0.723843 0.149349 0.081944 0.014844
0 0.517824 0.421875 0.031019 0.039062
0 0.663194 0.243099 0.081019 0.014844
0 0.251620 0.400651 0.035648 0.033073
0 0.703009 0.269141 0.077315 0.014844
0 0.772454 0.470313 0.021759 0.052604
0 0.443750 0.513932 0.077315 0.014844
0 0.913657 0.168880 0.091204 0.012240
0 0.790972 0.266276 0.021759 0.050781
0 0.058333 0.197526 0.028704 0.038281
0 0.779398 0.753516 0.026389 0.040885
0 0.339583 0.110286 0.026389 0.040885
0 0.846528 0.700130 0.021759 0.048698
0 0.374306 0.413672 0.086574 0.012240
0 0.628935 0.611979 0.031019 0.033854
0 0.385880 0.297526 0.072685 0.014323
0 0.610417 0.155859 0.058796 0.017448
0 0.411343 0.806901 0.058796 0.017448
0 0.110417 0.088151 0.031019 0.033073
0 0.406713 0.186849 0.086574 0.011719
0 0.948380 0.723307 0.031019 0.032552
0 0.971528 0.659766 0.021759 0.046094
0 0.577546 0.711589 0.020833 0.045573
0 0.564120 0.400651 0.077315 0.012240
0 0.538657 0.606380 0.054167 0.017448
0 0.594213 0.537370 0.063426 0.014844
0 0.404398 0.201432 0.063426 0.014844
0 0.616898 0.166276 0.053241 0.017448
0 0.109954 0.870703 0.030093 0.030469
0 0.230324 0.684505 0.020833 0.043490
0 0.179861 0.511328 0.021759 0.040885
0 0.395139 0.098568 0.072685 0.012240
0 0.608102 0.256120 0.091204 0.009635
0 0.093056 0.247005 0.070370 0.012240
0 0.675231 0.700130 0.068056 0.012240
0 0.392824 0.830339 0.068056 0.012240
0 0.346528 0.728776 0.068056 0.012240
0 0.277083 0.460547 0.068056 0.012240
0 0.309028 0.182943 0.057870 0.014323
0 0.237731 0.222266 0.054167 0.014844
0 0.376620 0.664974 0.054167 0.014844
0 0.496528 0.157161 0.053241 0.014844
0 0.932176 0.434505 0.063426 0.012240
0 0.858102 0.317318 0.063426 0.012240
0 0.580324 0.429297 0.063426 0.012240
0 0.371528 0.313411 0.016204 0.046094
0 0.075694 0.572526 0.026389 0.027865
0 0.100694 0.453776 0.020833 0.035156
0 0.061806 0.652995 0.026389 0.027344
0 0.068287 0.164974 0.048611 0.014844
0 0.235417 0.348568 0.058796 0.012240
0 0.531713 0.146484 0.077315 0.009115
0 0.871991 0.292578 0.026389 0.025260
0 0.811806 0.125911 0.026389 0.025260
0 0.515509 0.289974 0.026389 0.025260
0 0.341898 0.691016 0.021759 0.030469
0 0.744676 0.709245 0.021759 0.030469
0 0.520139 0.575130 0.054167 0.012240
0 0.413657 0.856380 0.054167 0.012240
0 0.587269 0.789974 0.068056 0.009635
0 0.265509 0.666276 0.017130 0.038281
0 0.378935 0.448828 0.068056 0.009635
0 0.848380 0.338802 0.016204 0.039583
0 0.820602 0.233984 0.016204 0.038281
0 0.950694 0.623307 0.017130 0.035677
0 0.242361 0.279557 0.017130 0.035677
0 0.038657 0.196224 0.017130 0.035677
0 0.841898 0.270182 0.021759 0.027344
0 0.380093 0.316016 0.061111 0.009635
0 0.520139 0.809505 0.017130 0.033073
0 0.177546 0.296484 0.017130 0.033073
0 0.509028 0.706641 0.057870 0.009635
0 0.547917 0.728776 0.044907 0.012240
0 0.214120 0.711849 0.053241 0.009635
0 0.521991 0.215755 0.057870 0.007031
0 0.365046 0.547786 0.040278 0.009635
0 0.126620 0.650391 0.054167 0.006510
0 0.415972 0.116797 0.049537 0.007031
0 0.186806 0.004818 0.026389 0.007031
