0 0.277083 0.674740 0.049537 0.096875
0 0.216898 0.643880 0.132870 0.035156
0 0.566435 0.534766 0.118981 0.035677
0 0.881250 0.663672 0.109722 0.038281
0 0.814120 0.691016 0.058796 0.056510
0 0.490046 0.319661 0.049537 0.063802
0 0.161343 0.263672 0.095833 0.029948
0 0.375463 0.710547 0.051852 0.053906
0 0.927546 0.800391 0.054167 0.051302
0 0.797917 0.821615 0.100463 0.026042
0 0.735417 0.826432 0.049537 0.051302
0 0.616204 0.161068 0.088889 0.027865
0 0.123148 0.193620 0.121296 0.020052
0 0.410880 0.188411 0.039352 0.061719
0 0.624306 0.480078 0.095833 0.025260
0 0.795602 0.754818 0.049537 0.048698
0 0.138194 0.460547 0.040278 0.059115
0 0.780556 0.900651 0.084259 0.027865
0 0.825694 0.425391 0.044907 0.051302
0 0.462269 0.321224 0.040278 0.056510
0 0.448380 0.511068 0.049537 0.045573
0 0.401620 0.711849 0.048611 0.046094
0 0.925231 0.274349 0.086574 0.025260
0 0.252778 0.789974 0.047222 0.046094
0 0.624306 0.312109 0.095833 0.022656
0 0.554861 0.895443 0.123611 0.017448
0 0.098843 0.157161 0.100463 0.020052
0 0.050231 0.843359 0.031019 0.064323
0 0.929861 0.364193 0.040278 0.048698
0 0.207639 0.676693 0.040278 0.048698
0 0.186806 0.439714 0.044907 0.043490
0 0.531713 0.610286 0.095833 0.020052
0 0.371991 0.373047 0.026389 0.071615
0 0.571759 0.184245 0.083333 0.022135
0 0.765509 0.196224 0.072685 0.025260
0 0.135880 0.276953 0.091204 0.020052
0 0.164352 0.611589 0.101852 0.017448
0 0.024769 0.659766 0.026389 0.066927
0 0.228472 0.112891 0.118981 0.014844
0 0.304861 0.622005 0.077315 0.022656
0 0.397454 0.459245 0.086574 0.020052
0 0.104630 0.585547 0.037963 0.043490
0 0.145139 0.595964 0.072685 0.022656
0 0.580324 0.336849 0.035648 0.046094
0 0.191435 0.381120 0.109722 0.014844
0 0.304398 0.738932 0.030093 0.053385
0 0.094213 0.734635 0.026389 0.060417
0 0.307176 0.442969 0.035648 0.044792
0 0.221528 0.357682 0.031019 0.051302
0 0.733102 0.478776 0.035648 0.043490
0 0.138194 0.677995 0.077315 0.020052
0 0.175231 0.291276 0.068056 0.022656
0 0.888194 0.383724 0.031019 0.046094
0 0.696065 0.124609 0.081944 0.017448
0 0.897454 0.745703 0.031019 0.046094
0 0.804861 0.625911 0.031019 0.046094
0 0.196065 0.885026 0.081944 0.017448
0 0.439120 0.691016 0.031019 0.046094
0 0.804861 0.292578 0.031019 0.046094
0 0.582639 0.232682 0.095833 0.014844
0 0.070602 0.253516 0.034722 0.040885
0 0.696065 0.111328 0.063426 0.022135
0 0.191435 0.542578 0.026389 0.051302
0 0.128935 0.723568 0.031019 0.043490
0 0.403935 0.139583 0.062500 0.021354
0 0.244676 0.447526 0.105093 0.012240
0 0.237731 0.223568 0.026389 0.048698
0 0.383565 0.641536 0.086574 0.014844
0 0.323380 0.258724 0.031019 0.040885
0 0.580787 0.568620 0.062500 0.020052
0 0.360417 0.292318 0.031019 0.040365
0 0.126157 0.425391 0.062500 0.020052
0 0.188657 0.355078 0.030093 0.040885
0 0.884722 0.633724 0.061111 0.020052
0 0.765046 0.229818 0.062500 0.019531
0 0.672454 0.781901 0.034722 0.035156
0 0.598843 0.881120 0.081944 0.014844
0 0.186806 0.404557 0.081944 0.014844
0 0.072917 0.740234 0.030093 0.040365
0 0.267824 0.489193 0.031019 0.038281
0 0.670602 0.502214 0.068056 0.017448
0 0.156713 0.572526 0.068056 0.017448
0 0.610417 0.694922 0.068056 0.017448
0 0.767824 0.340755 0.068056 0.017448
0 0.439120 0.749609 0.031019 0.038281
0 0.378935 0.612891 0.058796 0.020052
0 0.228009 0.763021 0.034722 0.033854
0 0.337269 0.262370 0.031019 0.037760
0 0.075694 0.819922 0.026389 0.043490
0 0.325694 0.511328 0.026389 0.043490
0 0.619676 0.214453 0.077315 0.014844
0 0.304861 0.582682 0.095833 0.011719
0 0.777083 0.558203 0.021759 0.051302
0 0.869676 0.758724 0.021759 0.051302
0 0.839583 0.851172 0.063426 0.017448
0 0.774769 0.310807 0.026389 0.040885
0 0.068287 0.381120 0.020833 0.051302
0 0.267824 0.280859 0.086574 0.012240
0 0.790972 0.379818 0.021759 0.048698
0 0.268981 0.245703 0.070370 0.014844
0 0.182870 0.132422 0.083333 0.012240
0 0.587269 0.448828 0.068056 0.014844
0 0.362731 0.335547 0.026389 0.038281
0 0.892824 0.261328 0.068056 0.014844
0 0.691435 0.140234 0.081944 0.012240
0 0.200694 0.588151 0.081944 0.012240
0 0.899769 0.887630 0.081944 0.012240
0 0.825694 0.775391 0.026389 0.037760
0 0.082639 0.601172 0.021759 0.043490
0 0.045602 0.292578 0.031019 0.030469
0 0.839583 0.771745 0.026389 0.035677
0 0.413657 0.412370 0.026389 0.035677
0 0.128472 0.758724 0.030093 0.030469
0 0.885880 0.611328 0.054167 0.016927
0 0.621991 0.826172 0.063426 0.014323
0 0.534028 0.899349 0.091204 0.009635
0 0.399769 0.275391 0.026389 0.032552
0 0.700694 0.786068 0.017130 0.048698
0 0.373843 0.422135 0.020833 0.039583
0 0.635880 0.608073 0.017130 0.046875
0 0.723843 0.909766 0.054167 0.014844
0 0.700694 0.383724 0.026389 0.030469
0 0.822917 0.739193 0.020833 0.038281
0 0.279398 0.663021 0.072685 0.010937
0 0.186806 0.198828 0.081944 0.009635
0 0.167824 0.524349 0.053241 0.014844
0 0.121528 0.886328 0.053241 0.014844
0 0.462269 0.818620 0.021759 0.035677
0 0.804861 0.880859 0.021759 0.035156
0 0.554861 0.552995 0.077315 0.009635
0 0.679861 0.430599 0.049537 0.014844
0 0.871991 0.408464 0.026389 0.027865
0 0.642824 0.491797 0.058796 0.012240
0 0.915972 0.761068 0.049537 0.014323
0 0.321065 0.297786 0.017130 0.040885
0 0.797454 0.512370 0.016204 0.042969
0 0.650926 0.250911 0.047222 0.014844
0 0.751620 0.771484 0.017130 0.040365
0 0.848843 0.419922 0.017130 0.040365
0 0.834491 0.495703 0.016204 0.040885
0 0.823380 0.474870 0.021759 0.030469
0 0.899769 0.108984 0.017130 0.038281
0 0.580324 0.589193 0.026389 0.024740
0 0.507407 0.162370 0.065741 0.009635
0 0.154398 0.413411 0.054167 0.011719
0 0.700694 0.587240 0.017130 0.036458
0 0.658565 0.739193 0.016204 0.038281
0 0.843750 0.220964 0.016204 0.038281
0 0.399769 0.321224 0.063426 0.009635
0 0.040972 0.796484 0.049537 0.012240
0 0.422917 0.752214 0.017130 0.033073
0 0.573380 0.763932 0.021759 0.025260
0 0.442593 0.543880 0.019444 0.027865
0 0.751620 0.099870 0.054167 0.009635
0 0.756250 0.435807 0.017130 0.030469
0 0.258565 0.541276 0.068056 0.007031
0 0.656250 0.459245 0.011574 0.035677
0 0.777083 0.516536 0.040278 0.009635
0 0.679861 0.467057 0.012500 0.030469
0 0.943287 0.668620 0.011574 0.032552
0 0.663194 0.767188 0.016204 0.016146
0 0.464583 0.997656 0.026389 0.003125
