0 0.534028 0.618099 0.230093 0.051302
0 0.913657 0.860286 0.063426 0.082552
0 0.267824 0.839453 0.132870 0.035677
0 0.763194 0.124349 0.068056 0.069010
0 0.955324 0.782161 0.063426 0.066927
0 0.809491 0.865234 0.058796 0.061198
0 0.135880 0.204036 0.044907 0.072135
0 0.573380 0.120703 0.049537 0.061719
0 0.753935 0.385026 0.132870 0.022656
0 0.404398 0.268880 0.044907 0.066406
0 0.290972 0.140234 0.095833 0.027865
0 0.580324 0.408203 0.035648 0.069010
0 0.979630 0.226172 0.037963 0.064323
0 0.559491 0.907161 0.095833 0.025260
0 0.913657 0.152995 0.044907 0.053385
0 0.424769 0.183203 0.094907 0.025260
0 0.733102 0.537109 0.091204 0.024740
0 0.862731 0.223568 0.128241 0.017448
0 0.517824 0.280208 0.095833 0.021354
0 0.549769 0.518490 0.039352 0.050000
0 0.268981 0.296875 0.042593 0.044271
0 0.226157 0.189453 0.031019 0.058594
0 0.797917 0.162109 0.035648 0.050781
0 0.079861 0.655859 0.025463 0.064323
0 0.242361 0.855078 0.109722 0.014844
0 0.773148 0.689714 0.069444 0.022656
0 0.594213 0.241146 0.026389 0.057813
0 0.897454 0.101172 0.031019 0.048698
0 0.552546 0.677995 0.026389 0.051302
0 0.890509 0.008724 0.091204 0.014844
0 0.324074 0.896745 0.087963 0.014844
0 0.104167 0.080339 0.074074 0.017448
0 0.226157 0.648047 0.021759 0.059115
0 0.790972 0.253516 0.021759 0.046094
0 0.943750 0.184245 0.058796 0.016927
0 0.844213 0.119141 0.081944 0.011719
0 0.103472 0.847266 0.026389 0.035677
0 0.837269 0.131120 0.086574 0.009635
0 0.953009 0.207943 0.068056 0.012240
0 0.079167 0.167578 0.024074 0.030469
0 0.325694 0.628516 0.017130 0.040885
0 0.098843 0.993099 0.044907 0.009635
