0 0.744213 0.177995 0.131944 0.035677
0 0.281250 0.049089 0.141204 0.033073
0 0.853472 0.689714 0.118981 0.038281
0 0.113426 0.664714 0.064815 0.066406
0 0.705324 0.215755 0.109722 0.038281
0 0.522454 0.166667 0.058796 0.059896
0 0.297917 0.787370 0.137500 0.025260
0 0.432176 0.119401 0.100463 0.033073
0 0.344213 0.564063 0.100463 0.031771
0 0.850694 0.518490 0.039352 0.076042
0 0.388194 0.457943 0.049537 0.059115
0 0.795602 0.834245 0.095833 0.030469
0 0.422917 0.455339 0.054167 0.053906
0 0.185185 0.700130 0.041667 0.069531
0 0.770139 0.698828 0.054167 0.051302
0 0.392824 0.694922 0.049537 0.053906
0 0.418287 0.842057 0.100463 0.025260
0 0.277083 0.418880 0.105093 0.022656
0 0.672454 0.713151 0.043981 0.053906
0 0.406713 0.655208 0.049537 0.047396
0 0.654398 0.564714 0.035648 0.064323
0 0.774769 0.728776 0.081944 0.027865
0 0.476157 0.282161 0.049537 0.046094
0 0.888194 0.355078 0.049537 0.046094
0 0.635880 0.309505 0.128241 0.017448
0 0.524306 0.768490 0.090278 0.023958
0 0.557176 0.425391 0.044907 0.046094
0 0.499306 0.683203 0.040278 0.051302
0 0.293287 0.624609 0.091204 0.022656
0 0.193750 0.224870 0.077315 0.025260
0 0.239583 0.698828 0.076389 0.025260
0 0.573380 0.506120 0.095833 0.020052
0 0.744676 0.816016 0.040278 0.046094
0 0.546759 0.150651 0.042593 0.043490
0 0.816435 0.399349 0.044907 0.040885
0 0.177546 0.516536 0.044907 0.040885
0 0.705324 0.446224 0.035648 0.051302
0 0.612731 0.386068 0.091204 0.019531
0 0.679861 0.907161 0.031019 0.056510
0 0.441435 0.502214 0.100463 0.017448
0 0.767824 0.476172 0.040278 0.043490
0 0.341898 0.115495 0.086574 0.020052
0 0.284028 0.593359 0.035648 0.048698
0 0.358102 0.622005 0.035648 0.048698
0 0.670602 0.777995 0.040278 0.042969
0 0.800231 0.439714 0.095833 0.017448
0 0.744676 0.776693 0.114352 0.014323
0 0.520139 0.845964 0.091204 0.017448
0 0.707639 0.552995 0.031019 0.051302
0 0.427546 0.627214 0.035648 0.043490
0 0.573380 0.502214 0.040278 0.038281
0 0.615046 0.926693 0.068056 0.022656
0 0.609954 0.795182 0.076389 0.020052
0 0.763194 0.202734 0.031019 0.048698
0 0.503935 0.395443 0.086574 0.017448
0 0.922454 0.528255 0.034722 0.043490
0 0.837269 0.195964 0.077315 0.019531
0 0.133102 0.507422 0.039352 0.038281
0 0.841898 0.262370 0.068056 0.022135
0 0.373148 0.651302 0.037963 0.039583
0 0.774769 0.154557 0.100463 0.014844
0 0.260880 0.659766 0.026389 0.056510
0 0.672917 0.524349 0.026389 0.056510
0 0.112731 0.158854 0.035648 0.039062
0 0.841898 0.102474 0.068056 0.020052
0 0.751620 0.912370 0.091204 0.014844
0 0.554861 0.869401 0.077315 0.017448
0 0.709954 0.496745 0.035648 0.037760
0 0.676389 0.165625 0.061111 0.021354
0 0.378935 0.854427 0.068056 0.018750
0 0.325694 0.417578 0.063426 0.020052
0 0.853472 0.128516 0.035648 0.035677
0 0.830324 0.679297 0.072685 0.017448
0 0.337963 0.151693 0.087963 0.014323
0 0.322917 0.714453 0.030093 0.040885
0 0.809028 0.177995 0.030093 0.040885
0 0.913657 0.299479 0.035648 0.033854
0 0.295602 0.538672 0.031019 0.038281
0 0.415972 0.905859 0.068056 0.017448
0 0.453009 0.179297 0.068056 0.017448
0 0.281713 0.504818 0.031019 0.038281
0 0.017824 0.705339 0.031019 0.038281
0 0.517824 0.361589 0.095833 0.012240
0 0.369676 0.572526 0.095833 0.012240
0 0.633565 0.194922 0.021759 0.053906
0 0.800231 0.637630 0.021759 0.053906
0 0.589120 0.445964 0.025463 0.045573
0 0.799769 0.356380 0.030093 0.038281
0 0.832639 0.355469 0.021759 0.052083
0 0.605324 0.912370 0.076389 0.014844
0 0.730787 0.597656 0.031019 0.036458
0 0.399769 0.267839 0.091204 0.012240
0 0.788657 0.853776 0.063426 0.017448
0 0.147454 0.154557 0.031019 0.035677
0 0.079167 0.455339 0.033333 0.033073
0 0.112269 0.595703 0.025463 0.042969
0 0.446065 0.149349 0.072685 0.014844
0 0.487731 0.623307 0.026389 0.040885
0 0.869676 0.741797 0.021759 0.048698
0 0.022454 0.764974 0.021759 0.048177
0 0.810648 0.131120 0.070370 0.014844
0 0.527083 0.738542 0.021759 0.047396
0 0.855787 0.379818 0.031019 0.033073
0 0.531713 0.710547 0.031019 0.033073
0 0.878935 0.236589 0.058796 0.017448
0 0.318750 0.263932 0.068056 0.014844
0 0.230787 0.250911 0.068056 0.014844
0 0.145139 0.580339 0.026389 0.038281
0 0.515509 0.249609 0.026389 0.038281
0 0.121991 0.226172 0.081944 0.012240
0 0.281713 0.253516 0.021759 0.046094
0 0.256250 0.129818 0.081944 0.012240
0 0.612269 0.890234 0.025463 0.038281
0 0.788657 0.116536 0.081944 0.011719
0 0.274306 0.486328 0.025463 0.037760
0 0.778935 0.626953 0.025463 0.037760
0 0.457639 0.918880 0.077315 0.012240
0 0.459954 0.322526 0.054167 0.017448
0 0.635880 0.477474 0.026389 0.035677
0 0.313657 0.372005 0.076389 0.012240
0 0.605787 0.678646 0.021759 0.042188
0 0.777083 0.560807 0.021759 0.040885
0 0.397454 0.612891 0.021759 0.040885
0 0.753935 0.579036 0.021759 0.040885
0 0.110417 0.709245 0.021759 0.040885
0 0.334954 0.401953 0.091204 0.009635
0 0.837269 0.307943 0.021759 0.040365
0 0.758565 0.102474 0.058796 0.014844
0 0.547917 0.184505 0.017130 0.048698
0 0.491204 0.211849 0.056481 0.014844
0 0.670602 0.437109 0.021759 0.038281
0 0.739583 0.129818 0.067130 0.012240
0 0.223843 0.490495 0.026389 0.030469
0 0.054398 0.582943 0.020833 0.038281
0 0.052546 0.740495 0.017130 0.046094
0 0.390509 0.737891 0.081944 0.009635
0 0.756250 0.745443 0.026389 0.029948
0 0.246991 0.206380 0.081944 0.009115
0 0.658565 0.370703 0.016204 0.046094
0 0.839583 0.523047 0.017130 0.043490
0 0.646296 0.715495 0.019444 0.037760
0 0.065278 0.307943 0.079630 0.009115
0 0.531713 0.575130 0.058796 0.012240
0 0.661343 0.129818 0.058796 0.012240
0 0.203009 0.741797 0.058796 0.012240
0 0.267824 0.528516 0.021759 0.032552
0 0.899769 0.224870 0.072685 0.009635
0 0.723843 0.430599 0.017130 0.040885
0 0.672454 0.816016 0.071759 0.009635
0 0.959491 0.693620 0.016204 0.040885
0 0.413194 0.633724 0.016204 0.040885
0 0.821065 0.214453 0.026389 0.025260
0 0.524769 0.677995 0.026389 0.025260
0 0.307176 0.287370 0.044907 0.014844
0 0.735417 0.800391 0.021759 0.030469
0 0.906713 0.177995 0.068056 0.009635
0 0.876620 0.309505 0.017130 0.038281
0 0.395139 0.166276 0.017130 0.038281
0 0.969213 0.200130 0.017130 0.038281
0 0.163194 0.742839 0.025463 0.024740
0 0.359954 0.229818 0.067130 0.009115
0 0.668287 0.310807 0.063426 0.009635
0 0.700694 0.128516 0.017130 0.035677
0 0.913657 0.594661 0.063426 0.009635
0 0.949537 0.467057 0.014815 0.040885
0 0.505093 0.636328 0.014815 0.040885
0 0.255787 0.110286 0.062500 0.009635
0 0.429398 0.163672 0.048611 0.012240
0 0.245833 0.468099 0.014815 0.037760
0 0.290972 0.388932 0.021759 0.025260
0 0.216898 0.120443 0.058796 0.009115
0 0.473380 0.741797 0.043981 0.012240
0 0.737269 0.701432 0.016204 0.030469
0 0.332639 0.601172 0.068056 0.007031
0 0.036343 0.474870 0.012500 0.035677
0 0.521991 0.916276 0.011574 0.038281
0 0.936806 0.167578 0.044907 0.009635
0 0.191435 0.774349 0.035648 0.009635
0 0.561806 0.041016 0.026389 0.006510
