0 0.659028 0.828776 0.100463 0.118490
0 0.140509 0.557552 0.193056 0.044792
0 0.214583 0.861328 0.137500 0.037760
0 0.075694 0.856380 0.128241 0.038281
0 0.131250 0.926693 0.118981 0.038281
0 0.431713 0.155208 0.127315 0.031771
0 0.184491 0.726172 0.105093 0.033073
0 0.888194 0.499609 0.114352 0.027865
0 0.911343 0.457943 0.049537 0.059115
0 0.578009 0.396745 0.049537 0.056510
0 0.888194 0.862891 0.049537 0.056510
0 0.683333 0.858724 0.047222 0.058594
0 0.829861 0.218359 0.043981 0.059115
0 0.462269 0.866797 0.040278 0.064323
0 0.240046 0.518880 0.086574 0.029948
0 0.094213 0.265234 0.091204 0.027865
0 0.793287 0.599870 0.109722 0.020052
0 0.172454 0.794271 0.043981 0.049479
0 0.832639 0.296484 0.095833 0.022656
0 0.075231 0.439714 0.043981 0.048698
0 0.737731 0.314063 0.044907 0.047396
0 0.237731 0.757422 0.035648 0.059115
0 0.669444 0.333594 0.037963 0.055208
0 0.663657 0.414974 0.044907 0.046094
0 0.738889 0.248307 0.075000 0.025260
0 0.885880 0.886328 0.044907 0.040885
0 0.103472 0.136068 0.072685 0.024740
0 0.767824 0.276693 0.123611 0.014323
0 0.500463 0.340495 0.079630 0.022135
0 0.457639 0.644141 0.031019 0.056510
0 0.684491 0.119401 0.040278 0.043490
0 0.869213 0.166667 0.039352 0.044271
0 0.767361 0.900651 0.039352 0.043490
0 0.582176 0.506120 0.030093 0.056510
0 0.207176 0.296224 0.039352 0.042969
0 0.767824 0.196224 0.040278 0.040885
0 0.339583 0.720313 0.100463 0.016146
0 0.093750 0.243750 0.099537 0.016146
0 0.799769 0.677995 0.039352 0.040885
0 0.258565 0.793880 0.068056 0.022656
0 0.184491 0.304036 0.040278 0.037760
0 0.832639 0.121745 0.068056 0.022135
0 0.730787 0.181641 0.068056 0.022135
0 0.883565 0.720703 0.031019 0.048177
0 0.350000 0.700130 0.065741 0.022656
0 0.469213 0.276953 0.072685 0.020052
0 0.696065 0.373307 0.035648 0.040885
0 0.138194 0.464453 0.031019 0.046094
0 0.712269 0.331641 0.031019 0.046094
0 0.598843 0.301693 0.035648 0.038281
0 0.233102 0.427995 0.091204 0.014844
0 0.777083 0.861589 0.077315 0.017448
0 0.047917 0.891276 0.091204 0.014323
0 0.253935 0.692057 0.021759 0.058594
0 0.316435 0.782161 0.035648 0.035677
0 0.429861 0.318620 0.031019 0.040885
0 0.626620 0.179297 0.072685 0.017448
0 0.075231 0.592057 0.034722 0.035677
0 0.545602 0.294531 0.031019 0.039583
0 0.547917 0.221615 0.035648 0.034375
0 0.376157 0.381771 0.025463 0.047396
0 0.899769 0.547526 0.026389 0.045573
0 0.334491 0.297135 0.034722 0.034375
0 0.259722 0.899349 0.079630 0.014844
0 0.101157 0.213151 0.021759 0.053906
0 0.219213 0.643880 0.081944 0.014323
0 0.832639 0.105078 0.077315 0.014844
0 0.922917 0.674089 0.091204 0.012240
0 0.207639 0.268880 0.077315 0.014323
0 0.559491 0.151953 0.031019 0.035677
0 0.789352 0.777995 0.064815 0.016927
0 0.263194 0.235026 0.031019 0.035156
0 0.147454 0.130859 0.031019 0.035156
0 0.885880 0.243099 0.026389 0.040885
0 0.468056 0.148047 0.061111 0.017448
0 0.314120 0.179297 0.086574 0.012240
0 0.179861 0.684245 0.021759 0.048177
0 0.584954 0.231380 0.026389 0.038281
0 0.380787 0.220964 0.081019 0.012240
0 0.767824 0.312760 0.021759 0.044792
0 0.538657 0.257161 0.081944 0.011719
0 0.619676 0.655208 0.058796 0.016146
0 0.096528 0.314063 0.058796 0.016146
0 0.633565 0.211849 0.031019 0.030469
0 0.925231 0.449870 0.021759 0.042969
0 0.086806 0.679297 0.076389 0.012240
0 0.230324 0.934766 0.020833 0.042969
0 0.117361 0.832943 0.072685 0.012240
0 0.036343 0.482682 0.021759 0.040885
0 0.543287 0.114193 0.072685 0.012240
0 0.422917 0.710547 0.072685 0.012240
0 0.212269 0.503516 0.021759 0.040885
0 0.714120 0.661068 0.071759 0.012240
0 0.659028 0.275651 0.026389 0.033073
0 0.270139 0.637630 0.026389 0.033073
0 0.277083 0.914974 0.058796 0.014844
0 0.384722 0.260026 0.070370 0.012240
0 0.920602 0.304036 0.049537 0.016927
0 0.128935 0.944922 0.068056 0.012240
0 0.744676 0.731380 0.068056 0.012240
0 0.948380 0.252214 0.021759 0.038281
0 0.410880 0.921484 0.067130 0.012240
0 0.516204 0.439063 0.074074 0.010937
0 0.760880 0.485286 0.026389 0.030469
0 0.341898 0.882161 0.068056 0.011719
0 0.737731 0.500651 0.026389 0.029948
0 0.038194 0.831641 0.053241 0.014844
0 0.158565 0.258724 0.081019 0.009635
0 0.395139 0.164714 0.054167 0.014323
0 0.084491 0.761328 0.025463 0.030469
0 0.906713 0.355078 0.077315 0.009635
0 0.403241 0.541276 0.061111 0.012240
0 0.029398 0.288672 0.017130 0.043490
0 0.427083 0.159505 0.016204 0.045573
0 0.066435 0.762370 0.026389 0.027344
0 0.165972 0.908464 0.021759 0.033073
0 0.080324 0.375911 0.017130 0.040885
0 0.535185 0.129818 0.056481 0.012240
0 0.336111 0.392839 0.056481 0.012240
0 0.909028 0.164323 0.017130 0.039583
0 0.422917 0.412109 0.072685 0.009115
0 0.251620 0.789974 0.026389 0.025260
0 0.686806 0.191016 0.026389 0.025260
0 0.645139 0.563411 0.026389 0.025260
0 0.846528 0.808203 0.068056 0.009635
0 0.052546 0.174089 0.017130 0.038281
0 0.368519 0.422786 0.065741 0.009635
0 0.427546 0.198568 0.017130 0.035156
0 0.584954 0.114193 0.017130 0.033073
0 0.205324 0.872005 0.017130 0.033073
0 0.742361 0.342057 0.017130 0.030469
0 0.823380 0.148047 0.021759 0.022656
0 0.149769 0.346354 0.017130 0.028646
0 0.763194 0.262630 0.068056 0.007031
0 0.123843 0.179297 0.067130 0.007031
0 0.096065 0.559505 0.020833 0.022656
0 0.417824 0.385677 0.053241 0.008333
0 0.517824 0.399349 0.040278 0.009635
0 0.300231 0.632422 0.049537 0.007031
0 0.628935 0.128516 0.031019 0.009635
