0 0.124306 0.696224 0.169907 0.051302
0 0.603009 0.793880 0.071759 0.090365
0 0.160185 0.546484 0.121296 0.033073
0 0.392824 0.497005 0.114352 0.033073
0 0.240046 0.606641 0.058796 0.053385
0 0.121991 0.852474 0.100463 0.030469
0 0.328009 0.171484 0.095833 0.027865
0 0.601620 0.278255 0.094907 0.027865
0 0.311806 0.739193 0.091204 0.027865
0 0.084954 0.249609 0.091204 0.027865
0 0.953009 0.744792 0.031019 0.080729
0 0.902083 0.817318 0.040278 0.059115
0 0.816435 0.495703 0.044907 0.051302
0 0.902083 0.701432 0.040278 0.056510
0 0.483102 0.312109 0.044907 0.048698
0 0.124306 0.619401 0.040278 0.053906
0 0.825694 0.348568 0.035648 0.059115
0 0.709954 0.323828 0.081944 0.025260
0 0.115046 0.918880 0.040278 0.048698
0 0.330324 0.286068 0.044907 0.043490
0 0.726157 0.831641 0.077315 0.025260
0 0.517361 0.646745 0.076389 0.025260
0 0.392361 0.579036 0.076389 0.025260
0 0.858102 0.343359 0.035648 0.053906
0 0.193750 0.855078 0.040278 0.046094
0 0.802546 0.662370 0.072685 0.025260
0 0.617361 0.316016 0.072685 0.025260
0 0.501620 0.373307 0.044907 0.040885
0 0.292824 0.425130 0.071759 0.024740
0 0.339583 0.800391 0.118981 0.014844
0 0.503935 0.472266 0.031019 0.056510
0 0.323380 0.247005 0.077315 0.022656
0 0.797917 0.546484 0.035648 0.048698
0 0.665972 0.405599 0.040278 0.042969
0 0.605787 0.848568 0.095833 0.017448
0 0.059491 0.398047 0.031019 0.053906
0 0.314120 0.485938 0.077315 0.021354
0 0.059491 0.141536 0.040278 0.040885
0 0.117361 0.808203 0.081944 0.020052
0 0.186806 0.456641 0.081944 0.020052
0 0.765509 0.297786 0.081944 0.020052
0 0.897454 0.275391 0.095833 0.016927
0 0.536343 0.122656 0.086574 0.018750
0 0.098843 0.163672 0.091204 0.017448
0 0.918287 0.408464 0.035648 0.043490
0 0.527083 0.739193 0.040278 0.038281
0 0.378935 0.408464 0.040278 0.038281
0 0.198380 0.710547 0.086574 0.017448
0 0.425231 0.559245 0.068056 0.022135
0 0.073380 0.758724 0.021759 0.066927
0 0.230787 0.847266 0.021759 0.066927
0 0.561806 0.344661 0.035648 0.040885
0 0.385880 0.855078 0.035648 0.040885
0 0.954167 0.556641 0.033333 0.042969
0 0.205324 0.733984 0.081944 0.017448
0 0.145139 0.351172 0.026389 0.053906
0 0.422454 0.235026 0.071759 0.019531
0 0.177546 0.606380 0.035648 0.038281
0 0.121991 0.370703 0.026389 0.051302
0 0.589583 0.556250 0.063426 0.021354
0 0.957639 0.631120 0.021759 0.061719
0 0.797917 0.457943 0.109722 0.012240
0 0.209491 0.204036 0.090278 0.014844
0 0.330324 0.129818 0.026389 0.048698
0 0.181019 0.227214 0.088889 0.014323
0 0.545602 0.364844 0.068056 0.018750
0 0.478472 0.227474 0.035648 0.035677
0 0.297917 0.454036 0.063426 0.020052
0 0.640509 0.608984 0.072685 0.017448
0 0.746991 0.485026 0.035648 0.035156
0 0.525926 0.843099 0.028704 0.042969
0 0.220370 0.252865 0.065741 0.018750
0 0.532870 0.010026 0.070370 0.017448
0 0.802083 0.292839 0.034722 0.035156
0 0.866898 0.393880 0.062500 0.019531
0 0.033565 0.562760 0.034722 0.034375
0 0.226157 0.356380 0.068056 0.017448
0 0.219213 0.692057 0.100463 0.011719
0 0.476157 0.809505 0.021759 0.053906
0 0.795602 0.821224 0.058796 0.020052
0 0.515509 0.549089 0.035648 0.033073
0 0.191435 0.181901 0.035648 0.033073
0 0.793287 0.142578 0.035648 0.032552
0 0.606250 0.641536 0.057870 0.020052
0 0.765509 0.398047 0.026389 0.043490
0 0.161343 0.264974 0.095833 0.011719
0 0.119213 0.783464 0.020833 0.053906
0 0.050231 0.443620 0.021759 0.051302
0 0.858102 0.650651 0.091204 0.012240
0 0.267824 0.849870 0.021759 0.051302
0 0.505093 0.295182 0.024074 0.046094
0 0.464583 0.010026 0.063426 0.017448
0 0.429861 0.318620 0.031019 0.035677
0 0.138194 0.446224 0.031019 0.035677
0 0.790972 0.740495 0.031019 0.035677
0 0.918287 0.795573 0.026389 0.041667
0 0.826852 0.767839 0.028704 0.038281
0 0.793287 0.917578 0.072685 0.014844
0 0.964583 0.785807 0.063426 0.016927
0 0.109954 0.688411 0.030093 0.035677
0 0.936806 0.602214 0.026389 0.040365
0 0.326852 0.419531 0.056481 0.018750
0 0.480787 0.692057 0.021759 0.048177
0 0.314120 0.236589 0.058796 0.017448
0 0.758565 0.908464 0.031019 0.033073
0 0.334954 0.306901 0.026389 0.038281
0 0.654398 0.275651 0.026389 0.038281
0 0.263194 0.107682 0.068056 0.014844
0 0.846065 0.624609 0.057870 0.017448
0 0.876620 0.754818 0.081944 0.012240
0 0.161343 0.474870 0.021759 0.046094
0 0.645139 0.322526 0.081944 0.012240
0 0.640509 0.577474 0.026389 0.037760
0 0.154398 0.379557 0.026389 0.037760
0 0.771296 0.780859 0.056481 0.017448
0 0.154398 0.275391 0.081944 0.011719
0 0.165972 0.760026 0.077315 0.012240
0 0.536343 0.506120 0.031019 0.030469
0 0.733102 0.766536 0.026389 0.035677
0 0.547917 0.696224 0.063426 0.014844
0 0.950694 0.667578 0.063426 0.014844
0 0.207176 0.782813 0.085648 0.010937
0 0.621528 0.700130 0.053241 0.017448
0 0.906713 0.377865 0.068056 0.013542
0 0.082176 0.452474 0.020833 0.042969
0 0.172917 0.142839 0.072685 0.012240
0 0.457639 0.821224 0.021759 0.040885
0 0.705324 0.273047 0.072685 0.012240
0 0.256250 0.469661 0.091204 0.009635
0 0.124306 0.173047 0.021759 0.040365
0 0.105787 0.120703 0.058796 0.014844
0 0.853009 0.322526 0.025463 0.033073
0 0.830324 0.612630 0.091204 0.009115
0 0.119676 0.322526 0.021759 0.038281
0 0.675231 0.882422 0.021759 0.038281
0 0.734954 0.518490 0.020833 0.039583
0 0.325694 0.513932 0.017130 0.046094
0 0.344213 0.780859 0.063426 0.012240
0 0.121991 0.252214 0.063426 0.012240
0 0.427546 0.848568 0.063426 0.012240
0 0.367824 0.353776 0.062500 0.012240
0 0.194907 0.317318 0.061111 0.012240
0 0.373843 0.831641 0.020833 0.035677
0 0.211806 0.365495 0.076389 0.009635
0 0.579167 0.427734 0.024074 0.029948
0 0.568750 0.465755 0.021759 0.033073
0 0.623843 0.469010 0.020833 0.034375
0 0.395139 0.188411 0.017130 0.040885
0 0.079861 0.590495 0.016204 0.042969
0 0.873148 0.403255 0.056481 0.012240
0 0.735417 0.681641 0.058796 0.011719
0 0.071065 0.221615 0.017130 0.039583
0 0.227315 0.274349 0.070370 0.009635
0 0.718056 0.305599 0.070370 0.009635
0 0.753935 0.527344 0.021759 0.031250
0 0.154398 0.826172 0.072685 0.009115
0 0.640509 0.097005 0.072685 0.009115
0 0.841898 0.717057 0.021759 0.030469
0 0.337269 0.930599 0.068056 0.009635
0 0.774769 0.494141 0.017130 0.037760
0 0.946065 0.499349 0.017130 0.037760
0 0.524769 0.478125 0.017130 0.036979
0 0.096528 0.375000 0.021759 0.028646
0 0.809491 0.602214 0.068056 0.009115
0 0.876620 0.589453 0.017130 0.035677
0 0.459954 0.855078 0.063426 0.009635
0 0.015509 0.291927 0.017130 0.034375
0 0.524769 0.208333 0.017130 0.033854
0 0.809028 0.103776 0.020833 0.027865
0 0.696065 0.509766 0.017130 0.032552
0 0.478472 0.339193 0.017130 0.029948
0 0.858102 0.520443 0.063426 0.007031
0 0.265509 0.122005 0.063426 0.007031
0 0.855787 0.679036 0.068056 0.006510
0 0.531250 0.338151 0.011574 0.038281
0 0.600694 0.469661 0.011574 0.035677
0 0.616204 0.006120 0.042593 0.009635
0 0.109259 0.593359 0.010185 0.033073
0 0.418287 0.004557 0.035648 0.006510
