0 0.543287 0.615495 0.220833 0.040885
0 0.888194 0.114193 0.160648 0.053906
0 0.095370 0.982031 0.186111 0.034375
0 0.133565 0.607682 0.068056 0.066927
0 0.436806 0.270443 0.109722 0.038281
0 0.428704 0.092057 0.158333 0.025260
0 0.918287 0.610286 0.054167 0.072135
0 0.575694 0.667318 0.193056 0.019531
0 0.240046 0.598568 0.058796 0.053906
0 0.054861 0.589453 0.049537 0.061719
0 0.616898 0.321224 0.053241 0.056510
0 0.818750 0.312109 0.049537 0.059115
0 0.263194 0.877214 0.142130 0.017448
0 0.964583 0.443359 0.035648 0.066406
0 0.448380 0.204036 0.114352 0.020052
0 0.246991 0.892839 0.128241 0.017448
0 0.698380 0.099609 0.086574 0.024740
0 0.128935 0.648047 0.114352 0.017448
0 0.496528 0.520443 0.043981 0.043490
0 0.961111 0.105078 0.075000 0.025260
0 0.522454 0.892839 0.077315 0.022656
0 0.977315 0.128255 0.042593 0.040365
0 0.420602 0.619401 0.031019 0.053906
0 0.948380 0.745703 0.040278 0.040885
0 0.522454 0.446224 0.077315 0.020052
0 0.961111 0.779557 0.075000 0.020052
0 0.172917 0.663021 0.091204 0.016146
0 0.475000 0.145443 0.084259 0.017448
0 0.390509 0.095964 0.081944 0.017448
0 0.250000 0.455729 0.023148 0.059896
0 0.726157 0.526953 0.021759 0.061719
0 0.647454 0.081380 0.068056 0.019531
0 0.096528 0.454688 0.031019 0.042188
0 0.050231 0.481120 0.021759 0.058594
0 0.112731 0.334245 0.035648 0.035677
0 0.075694 0.683203 0.063426 0.020052
0 0.515046 0.666276 0.071759 0.017448
0 0.772454 0.692318 0.031019 0.038281
0 0.602315 0.671224 0.098148 0.011719
0 0.406713 0.128516 0.077315 0.014844
0 0.779398 0.605078 0.026389 0.040885
0 0.531713 0.105078 0.105093 0.009635
0 0.821065 0.610286 0.017130 0.051302
0 0.473380 0.085547 0.071759 0.012240
0 0.200231 0.410807 0.062500 0.011719
0 0.580324 0.128516 0.072685 0.009635
0 0.991204 0.160417 0.014815 0.031771
0 0.200694 0.731120 0.054167 0.006510
