0 0.087269 0.547526 0.058796 0.071615
0 0.881250 0.883724 0.137500 0.025260
0 0.172917 0.756120 0.054167 0.061719
0 0.133565 0.346615 0.058796 0.055208
0 0.719213 0.562109 0.054167 0.059115
0 0.464583 0.382422 0.100463 0.027865
0 0.388194 0.752214 0.095833 0.027865
0 0.263194 0.249349 0.049537 0.053385
0 0.124306 0.289323 0.040278 0.060417
0 0.473843 0.805599 0.091204 0.025260
0 0.520139 0.832943 0.100463 0.022656
0 0.762731 0.854427 0.039352 0.055208
0 0.500463 0.296484 0.042593 0.048698
0 0.461806 0.464453 0.039352 0.051302
0 0.175231 0.455339 0.031019 0.064323
0 0.564120 0.510026 0.040278 0.048698
0 0.672917 0.351172 0.044907 0.043490
0 0.638194 0.816016 0.095833 0.020052
0 0.596528 0.430599 0.095833 0.020052
0 0.661343 0.586849 0.031019 0.061719
0 0.198380 0.132161 0.086574 0.022135
0 0.911343 0.491536 0.086574 0.022135
0 0.892824 0.547786 0.040278 0.046094
0 0.115046 0.655859 0.031019 0.059115
0 0.297917 0.183203 0.118981 0.014844
0 0.346528 0.411068 0.040278 0.043490
0 0.876620 0.330339 0.035648 0.048698
0 0.512731 0.244401 0.076389 0.022656
0 0.610417 0.188151 0.086574 0.019531
0 0.115046 0.207682 0.031019 0.053385
0 0.672917 0.097266 0.081944 0.020052
0 0.094213 0.183203 0.035648 0.046094
0 0.538657 0.886589 0.035648 0.045573
0 0.833333 0.262630 0.041667 0.038281
0 0.469213 0.351172 0.035648 0.043490
0 0.453009 0.774349 0.077315 0.020052
0 0.485417 0.891536 0.077315 0.020052
0 0.175231 0.684505 0.068056 0.022656
0 0.820602 0.840755 0.034722 0.043490
0 0.797917 0.089453 0.072685 0.020052
0 0.218750 0.886328 0.071759 0.020052
0 0.223843 0.163672 0.081944 0.017448
0 0.469213 0.819922 0.081944 0.017448
0 0.575231 0.149089 0.071759 0.019531
0 0.929861 0.220964 0.077315 0.017448
0 0.638194 0.561849 0.031019 0.042969
0 0.624306 0.895443 0.105093 0.012240
0 0.663657 0.394141 0.035648 0.035677
0 0.913657 0.443620 0.035648 0.035677
0 0.492361 0.680599 0.035648 0.035677
0 0.418287 0.857682 0.035648 0.035677
0 0.617361 0.114193 0.072685 0.017448
0 0.744676 0.868099 0.031019 0.040885
0 0.654398 0.845964 0.072685 0.017448
0 0.017824 0.185807 0.031019 0.040885
0 0.579861 0.683203 0.034722 0.035677
0 0.175231 0.888932 0.021759 0.056510
0 0.635880 0.691016 0.081944 0.014844
0 0.121991 0.763672 0.026389 0.045573
0 0.235417 0.317318 0.068056 0.017448
0 0.256250 0.606380 0.035648 0.033073
0 0.307176 0.819922 0.026389 0.043490
0 0.383565 0.332292 0.021759 0.052604
0 0.297917 0.363932 0.026389 0.042969
0 0.091898 0.589453 0.031019 0.035677
0 0.101157 0.725521 0.021759 0.047396
0 0.832639 0.111328 0.086574 0.011719
0 0.642824 0.732682 0.068056 0.014844
0 0.626157 0.710547 0.081019 0.012240
0 0.132407 0.366536 0.056481 0.016927
0 0.851157 0.377214 0.021759 0.043490
0 0.406713 0.895443 0.021759 0.043490
0 0.159028 0.743099 0.026389 0.035677
0 0.145139 0.217057 0.026389 0.035677
0 0.311806 0.766536 0.026389 0.035677
0 0.492361 0.623307 0.026389 0.035677
0 0.986574 0.189714 0.024074 0.038281
0 0.537500 0.309505 0.024074 0.038281
0 0.438657 0.885026 0.020833 0.043490
0 0.439120 0.276953 0.021759 0.040885
0 0.454167 0.389583 0.079630 0.010937
0 0.219213 0.236589 0.017130 0.048698
0 0.107639 0.417578 0.016204 0.051302
0 0.087269 0.447526 0.021759 0.038281
0 0.161343 0.218359 0.021759 0.038281
0 0.582639 0.650391 0.021759 0.037760
0 0.688657 0.158464 0.067130 0.012240
0 0.284028 0.209245 0.054167 0.014844
0 0.362731 0.188411 0.054167 0.014844
0 0.701852 0.309505 0.028704 0.027865
0 0.212269 0.401693 0.086574 0.009115
0 0.986574 0.475911 0.024074 0.032552
0 0.726157 0.391536 0.021759 0.035677
0 0.520139 0.853776 0.063426 0.012240
0 0.552083 0.115495 0.025463 0.030469
0 0.283565 0.892839 0.062500 0.012240
0 0.749306 0.112630 0.021759 0.035156
0 0.094213 0.655859 0.017130 0.043490
0 0.121991 0.715495 0.017130 0.042969
0 0.661343 0.218359 0.058796 0.012240
0 0.825694 0.901953 0.072685 0.009635
0 0.536343 0.376302 0.021759 0.031250
0 0.260880 0.829036 0.044907 0.014844
0 0.608102 0.877214 0.054167 0.012240
0 0.453009 0.263672 0.021759 0.029948
0 0.200694 0.744141 0.017130 0.037760
0 0.089583 0.285807 0.017130 0.037760
0 0.355787 0.197526 0.049537 0.012240
0 0.540972 0.153255 0.021759 0.027865
0 0.751620 0.370443 0.017130 0.035156
0 0.975000 0.541276 0.047222 0.012240
0 0.534028 0.642839 0.017130 0.033073
0 0.235417 0.230078 0.021759 0.025260
0 0.480787 0.158464 0.012500 0.043490
0 0.455324 0.222917 0.017130 0.031771
0 0.144676 0.172786 0.016204 0.030469
0 0.140046 0.475911 0.016204 0.027344
0 0.406713 0.292578 0.040278 0.009635
0 0.779398 0.711849 0.035648 0.009635
0 0.760880 0.670182 0.035648 0.009635
0 0.480787 0.513932 0.012500 0.025260
0 0.612731 0.030599 0.026389 0.006510
0 0.665972 0.997656 0.021759 0.003125
