0 0.933333 0.976823 0.130556 0.044792
0 0.288657 0.459245 0.054167 0.092969
0 0.279398 0.860286 0.156019 0.030469
0 0.772454 0.887630 0.114352 0.038281
0 0.784028 0.635026 0.054167 0.074740
0 0.318750 0.117839 0.160648 0.024740
0 0.348843 0.825130 0.100463 0.033073
0 0.487269 0.289062 0.099537 0.028646
0 0.834954 0.773047 0.100463 0.027865
0 0.066435 0.592057 0.044907 0.061719
0 0.584491 0.467057 0.090278 0.030469
0 0.832639 0.495052 0.049537 0.055208
0 0.726157 0.536068 0.049537 0.053906
0 0.596528 0.872005 0.040278 0.064323
0 0.230787 0.654297 0.086574 0.029948
0 0.516204 0.179297 0.092593 0.027865
0 0.439120 0.594010 0.040278 0.060417
0 0.675231 0.387630 0.040278 0.059115
0 0.807176 0.565755 0.035648 0.066406
0 0.496991 0.771745 0.091204 0.025260
0 0.767361 0.276953 0.048611 0.046094
0 0.253935 0.202734 0.040278 0.053906
0 0.312500 0.577734 0.120370 0.017448
0 0.256250 0.386328 0.044907 0.046094
0 0.420602 0.163021 0.077315 0.026562
0 0.616898 0.170182 0.043981 0.046094
0 0.778241 0.866146 0.042593 0.047396
0 0.777083 0.718359 0.086574 0.022656
0 0.746991 0.648047 0.044907 0.043490
0 0.895139 0.262370 0.044907 0.042969
0 0.154398 0.184505 0.109722 0.017448
0 0.216898 0.266536 0.040278 0.046094
0 0.367361 0.396745 0.044907 0.040885
0 0.219213 0.245703 0.044907 0.040885
0 0.858102 0.797526 0.072685 0.024740
0 0.159028 0.461849 0.118981 0.014844
0 0.483102 0.696224 0.026389 0.066927
0 0.762037 0.584245 0.037963 0.046094
0 0.756250 0.528906 0.026389 0.065625
0 0.573380 0.789974 0.086574 0.020052
0 0.831019 0.552995 0.027778 0.061719
0 0.725694 0.446224 0.030093 0.056510
0 0.545602 0.175391 0.114352 0.014844
0 0.571065 0.145443 0.072685 0.022656
0 0.883102 0.185807 0.039352 0.040885
0 0.726157 0.336198 0.040278 0.039583
0 0.860417 0.638932 0.031019 0.051302
0 0.547917 0.106771 0.035648 0.044271
0 0.587269 0.128516 0.077315 0.020052
0 0.548611 0.443620 0.101852 0.014844
0 0.596528 0.309505 0.031019 0.048698
0 0.446065 0.706641 0.026389 0.056510
0 0.605787 0.647135 0.040278 0.036458
0 0.084954 0.782161 0.072685 0.020052
0 0.932176 0.894141 0.072685 0.020052
0 0.756250 0.227474 0.072685 0.020052
0 0.637731 0.494141 0.030093 0.048177
0 0.330324 0.288672 0.026389 0.053906
0 0.765509 0.435156 0.035648 0.039583
0 0.109259 0.313411 0.093519 0.014844
0 0.463426 0.332943 0.079630 0.017448
0 0.920602 0.282161 0.068056 0.020052
0 0.448380 0.500911 0.068056 0.020052
0 0.446065 0.803646 0.063426 0.021354
0 0.587269 0.200130 0.077315 0.017448
0 0.476157 0.374349 0.031019 0.042969
0 0.253935 0.171224 0.077315 0.016927
0 0.315278 0.613281 0.033333 0.039062
0 0.258565 0.253516 0.031019 0.040885
0 0.508565 0.378516 0.031019 0.040885
0 0.466898 0.456380 0.031019 0.040365
0 0.371991 0.263672 0.063426 0.019531
0 0.358102 0.713151 0.100463 0.012240
0 0.119676 0.636328 0.021759 0.056510
0 0.216435 0.365495 0.030093 0.040885
0 0.631250 0.435807 0.026389 0.046094
0 0.649769 0.623307 0.081944 0.014844
0 0.580324 0.618099 0.026389 0.046094
0 0.679861 0.341406 0.021759 0.055208
0 0.348843 0.846615 0.063426 0.018750
0 0.874306 0.364193 0.031019 0.038281
0 0.642824 0.218359 0.031019 0.038281
0 0.573380 0.645443 0.031019 0.038281
0 0.466898 0.869401 0.068056 0.017448
0 0.628935 0.569922 0.068056 0.017448
0 0.087269 0.353776 0.021759 0.053906
0 0.498843 0.511328 0.057870 0.020052
0 0.410880 0.874609 0.030093 0.038281
0 0.272454 0.904557 0.077315 0.014844
0 0.249306 0.709245 0.021759 0.051302
0 0.302546 0.760026 0.091204 0.012240
0 0.526620 0.535417 0.030093 0.036979
0 0.931713 0.119401 0.025463 0.043490
0 0.772454 0.136068 0.077315 0.014323
0 0.186806 0.528255 0.063426 0.017448
0 0.409722 0.289974 0.074074 0.014844
0 0.075694 0.474870 0.072685 0.014844
0 0.719213 0.916016 0.091204 0.011719
0 0.075694 0.141276 0.026389 0.040365
0 0.703009 0.351823 0.031019 0.034375
0 0.499306 0.252214 0.021759 0.048698
0 0.684491 0.681901 0.086574 0.012240
0 0.811806 0.149089 0.072685 0.014323
0 0.160185 0.507422 0.084259 0.012240
0 0.292824 0.224609 0.071759 0.014323
0 0.332639 0.608724 0.086574 0.011719
0 0.932176 0.773047 0.026389 0.038281
0 0.841898 0.691016 0.021759 0.046094
0 0.267824 0.717057 0.021759 0.046094
0 0.337269 0.469661 0.021759 0.046094
0 0.159028 0.163672 0.081944 0.012240
0 0.179398 0.636328 0.067130 0.014844
0 0.378472 0.466016 0.030093 0.032552
0 0.895139 0.829036 0.017130 0.056510
0 0.160880 0.683203 0.020833 0.046094
0 0.566435 0.163672 0.054167 0.017448
0 0.682176 0.196224 0.063426 0.014844
0 0.700694 0.421484 0.017130 0.053906
0 0.862269 0.761328 0.062500 0.014844
0 0.628935 0.377865 0.068056 0.013542
0 0.126620 0.435547 0.063426 0.014323
0 0.118056 0.767839 0.074074 0.012240
0 0.515046 0.485026 0.062500 0.014323
0 0.948380 0.672135 0.021759 0.039583
0 0.770139 0.194661 0.026389 0.032552
0 0.853472 0.860026 0.091204 0.009115
0 0.424769 0.718359 0.030093 0.027865
0 0.411343 0.489193 0.068056 0.012240
0 0.962269 0.801693 0.021759 0.038281
0 0.661343 0.304297 0.021759 0.038281
0 0.229630 0.235937 0.019444 0.042188
0 0.929861 0.580078 0.021759 0.037760
0 0.719213 0.612891 0.054167 0.014844
0 0.464583 0.089453 0.054167 0.014844
0 0.269676 0.481380 0.016204 0.048698
0 0.554861 0.922526 0.086574 0.009115
0 0.177083 0.149349 0.081019 0.009635
0 0.321065 0.814714 0.063426 0.012240
0 0.620833 0.716797 0.084259 0.009115
0 0.733102 0.492448 0.017130 0.044792
0 0.198380 0.563672 0.021759 0.035156
0 0.434491 0.245443 0.021759 0.035156
0 0.547454 0.573828 0.016204 0.046094
0 0.110417 0.196224 0.077315 0.009635
0 0.568750 0.728125 0.068056 0.010937
0 0.858102 0.902995 0.063426 0.011719
0 0.714583 0.382161 0.017130 0.042969
0 0.828009 0.893880 0.077315 0.009115
0 0.973380 0.241797 0.016204 0.043490
0 0.774769 0.485286 0.017130 0.040885
0 0.094213 0.584245 0.017130 0.040885
0 0.770139 0.256120 0.017130 0.040885
0 0.325694 0.740495 0.072685 0.009635
0 0.904398 0.631120 0.017130 0.040885
0 0.436806 0.360938 0.026389 0.026562
0 0.309491 0.261328 0.068056 0.009635
0 0.117361 0.208984 0.026389 0.024740
0 0.462269 0.248047 0.021759 0.029948
0 0.138194 0.518880 0.068056 0.009115
0 0.416667 0.418880 0.050926 0.012240
0 0.300231 0.880859 0.068056 0.009115
0 0.645139 0.170182 0.063426 0.009635
0 0.936806 0.253516 0.017130 0.035677
0 0.168287 0.261328 0.063426 0.009635
0 0.315278 0.688411 0.014815 0.040885
0 0.716898 0.598307 0.021759 0.027344
0 0.457639 0.310807 0.058796 0.009635
0 0.767361 0.366146 0.020833 0.026562
0 0.448380 0.451432 0.021759 0.025260
0 0.899769 0.515885 0.017130 0.029167
0 0.698380 0.700130 0.021759 0.022656
0 0.554861 0.624349 0.021759 0.022135
0 0.653935 0.117839 0.034722 0.009115
