0 0.211111 0.611589 0.186111 0.033073
0 0.488889 0.842057 0.121296 0.040885
0 0.601157 0.892839 0.114352 0.038281
0 0.130093 0.579948 0.098148 0.033854
0 0.760880 0.447526 0.054167 0.059115
0 0.257407 0.661068 0.056481 0.053906
0 0.663657 0.424740 0.118981 0.023958
0 0.387731 0.689714 0.122685 0.022656
0 0.353009 0.336849 0.053241 0.051302
0 0.139352 0.680599 0.051852 0.051302
0 0.564120 0.086849 0.095833 0.025260
0 0.777083 0.877214 0.049537 0.048698
0 0.475000 0.430339 0.047222 0.050781
0 0.295602 0.626953 0.086574 0.027344
0 0.323380 0.987240 0.095833 0.023958
0 0.753935 0.211849 0.114352 0.020052
0 0.056019 0.988542 0.107407 0.021354
0 0.348843 0.241797 0.081944 0.027865
0 0.052083 0.111589 0.099537 0.022656
0 0.133565 0.763021 0.040278 0.054688
0 0.309491 0.576432 0.086574 0.025260
0 0.832176 0.193620 0.085648 0.025260
0 0.121528 0.330339 0.043981 0.048698
0 0.342593 0.662370 0.106481 0.020052
0 0.517824 0.598307 0.095833 0.022135
0 0.186806 0.394141 0.035648 0.056510
0 0.084491 0.870703 0.034722 0.056510
0 0.138194 0.334245 0.095833 0.020052
0 0.196065 0.530859 0.081944 0.022656
0 0.691435 0.232682 0.091204 0.020052
0 0.188657 0.298438 0.085648 0.021354
0 0.464583 0.009375 0.109722 0.016146
0 0.753935 0.585547 0.077315 0.022656
0 0.466898 0.723568 0.040278 0.043490
0 0.226157 0.671484 0.077315 0.022656
0 0.242361 0.374609 0.035648 0.048698
0 0.561806 0.390234 0.072685 0.022656
0 0.288657 0.493099 0.035648 0.046094
0 0.080324 0.329036 0.035648 0.046094
0 0.668287 0.105078 0.081944 0.020052
0 0.594907 0.526042 0.037037 0.044271
0 0.281713 0.569661 0.095833 0.016927
0 0.462269 0.532161 0.031019 0.051302
0 0.277083 0.734375 0.040278 0.039062
0 0.469213 0.374609 0.035648 0.043490
0 0.615046 0.589453 0.077315 0.020052
0 0.781713 0.627214 0.021759 0.069531
0 0.258565 0.538672 0.031019 0.048698
0 0.800231 0.111328 0.031019 0.048177
0 0.719213 0.123307 0.072685 0.020052
0 0.760880 0.201432 0.072685 0.020052
0 0.709954 0.568620 0.035648 0.040885
0 0.691435 0.819922 0.081944 0.017448
0 0.575694 0.288672 0.081944 0.017448
0 0.302083 0.386328 0.034722 0.040885
0 0.172917 0.517578 0.063426 0.022135
0 0.619213 0.089453 0.030093 0.046094
0 0.094213 0.379818 0.035648 0.038281
0 0.640509 0.115495 0.091204 0.014844
0 0.635880 0.555599 0.026389 0.051302
0 0.307176 0.420182 0.026389 0.051302
0 0.784028 0.508464 0.091204 0.014323
0 0.228472 0.398047 0.026389 0.048698
0 0.358102 0.521745 0.035648 0.035677
0 0.209954 0.465755 0.072685 0.017448
0 0.540509 0.792578 0.030093 0.040885
0 0.726157 0.460547 0.031019 0.038281
0 0.838426 0.761328 0.079630 0.014844
0 0.318750 0.737891 0.058796 0.020052
0 0.202546 0.640625 0.030093 0.039062
0 0.587269 0.246745 0.068056 0.016927
0 0.457639 0.881120 0.077315 0.014844
0 0.390509 0.277604 0.026389 0.042188
0 0.309491 0.883464 0.077315 0.014323
0 0.168287 0.192318 0.063426 0.017448
0 0.672917 0.627214 0.063426 0.017448
0 0.830324 0.128516 0.072685 0.014844
0 0.626620 0.305599 0.072685 0.014844
0 0.647454 0.431901 0.086574 0.012240
0 0.091898 0.739193 0.021759 0.048698
0 0.258565 0.239193 0.086574 0.012240
0 0.755787 0.610286 0.025463 0.040885
0 0.531713 0.132422 0.058796 0.017448
0 0.601157 0.773047 0.031019 0.033073
0 0.487731 0.530859 0.026389 0.038281
0 0.915972 0.172786 0.021759 0.046094
0 0.351157 0.166276 0.077315 0.012240
0 0.707639 0.283464 0.077315 0.012240
0 0.763194 0.296484 0.077315 0.012240
0 0.665972 0.314714 0.077315 0.012240
0 0.476157 0.640234 0.021759 0.043490
0 0.510880 0.072526 0.054167 0.017448
0 0.614583 0.858984 0.076389 0.012240
0 0.407870 0.608984 0.024074 0.038281
0 0.534028 0.567057 0.054167 0.016927
0 0.543287 0.304948 0.026389 0.034375
0 0.501620 0.337500 0.081944 0.010937
0 0.608102 0.575130 0.072685 0.012240
0 0.397454 0.198828 0.021759 0.040885
0 0.281713 0.651953 0.058796 0.014844
0 0.179861 0.361979 0.021759 0.039062
0 0.448380 0.607422 0.058796 0.014323
0 0.834491 0.657161 0.016204 0.051302
0 0.439120 0.129557 0.049537 0.016927
0 0.078009 0.788411 0.021759 0.037760
0 0.618519 0.733984 0.065741 0.012240
0 0.737731 0.417578 0.026389 0.030469
0 0.873843 0.838151 0.020833 0.038281
0 0.534028 0.107682 0.081944 0.009635
0 0.534028 0.769141 0.081944 0.009635
0 0.353472 0.112891 0.081944 0.009635
0 0.752778 0.177734 0.084259 0.009115
0 0.170602 0.232422 0.021759 0.035156
0 0.010880 0.236198 0.017130 0.044271
0 0.404398 0.661068 0.017130 0.043490
0 0.466898 0.748307 0.077315 0.009635
0 0.578009 0.157161 0.049537 0.014844
0 0.411343 0.235286 0.049537 0.014844
0 0.462269 0.326432 0.049537 0.014844
0 0.144676 0.210286 0.062500 0.011719
0 0.645139 0.190365 0.054167 0.013542
0 0.517824 0.098568 0.058796 0.012240
0 0.527083 0.723568 0.021759 0.032031
0 0.606944 0.651953 0.070370 0.009635
0 0.473843 0.679297 0.017130 0.038281
0 0.427083 0.405859 0.053241 0.012240
0 0.653935 0.605078 0.025463 0.025260
0 0.545602 0.641276 0.068056 0.009115
0 0.691435 0.891536 0.017130 0.035677
0 0.496991 0.256120 0.063426 0.009635
0 0.179398 0.538672 0.048611 0.012240
0 0.836806 0.095964 0.048611 0.012240
0 0.461806 0.105729 0.020833 0.026562
0 0.616898 0.634766 0.016204 0.032552
0 0.902083 0.141927 0.012500 0.031250
0 0.348843 0.645443 0.017130 0.022656
0 0.528241 0.467708 0.051852 0.005729
0 0.605324 0.996354 0.020833 0.005729
0 0.505093 0.997656 0.024074 0.003125
