0 0.165972 0.870703 0.179167 0.046094
0 0.760880 0.882422 0.137500 0.043490
0 0.684491 0.330339 0.058796 0.079948
0 0.567593 0.792578 0.130556 0.035677
0 0.545139 0.511979 0.113426 0.031771
0 0.733102 0.206380 0.100463 0.035156
0 0.196065 0.598568 0.054167 0.064323
0 0.244676 0.758724 0.114352 0.030469
0 0.920602 0.864193 0.058796 0.059115
0 0.883102 0.292318 0.113426 0.029948
0 0.307176 0.280859 0.100463 0.033073
0 0.091435 0.589453 0.048611 0.066927
0 0.781713 0.783464 0.095833 0.027865
0 0.830324 0.425391 0.044907 0.056510
0 0.892824 0.706641 0.040278 0.061719
0 0.661343 0.750260 0.049537 0.050000
0 0.771296 0.587240 0.047222 0.052083
0 0.358102 0.447526 0.044907 0.053906
0 0.781713 0.181901 0.049537 0.048698
0 0.609259 0.758464 0.047222 0.050781
0 0.152083 0.171484 0.105093 0.022656
0 0.119676 0.486589 0.132870 0.017448
0 0.131250 0.740495 0.091204 0.025260
0 0.624306 0.558203 0.114352 0.020052
0 0.948380 0.860286 0.049537 0.046094
0 0.672917 0.877214 0.081944 0.027865
0 0.769676 0.222266 0.090278 0.025260
0 0.491898 0.628516 0.043981 0.051302
0 0.568750 0.768880 0.049537 0.045573
0 0.751620 0.562109 0.044907 0.048698
0 0.816435 0.093359 0.044907 0.048698
0 0.862731 0.538411 0.035648 0.058594
0 0.219213 0.474870 0.081944 0.025260
0 0.740046 0.106380 0.040278 0.048698
0 0.381250 0.241797 0.044907 0.043490
0 0.487731 0.257422 0.044907 0.043490
0 0.786343 0.342057 0.040278 0.046094
0 0.765509 0.670182 0.044907 0.040885
0 0.665972 0.186849 0.105093 0.016927
0 0.772454 0.388021 0.040278 0.044271
0 0.135417 0.235026 0.043981 0.040365
0 0.628935 0.155859 0.077315 0.022656
0 0.240046 0.207943 0.040278 0.043490
0 0.147454 0.664974 0.086574 0.020052
0 0.378935 0.219661 0.086574 0.020052
0 0.284028 0.200130 0.026389 0.064323
0 0.814120 0.908464 0.095833 0.017448
0 0.877778 0.723307 0.075000 0.022135
0 0.672917 0.166276 0.072685 0.022656
0 0.332639 0.633724 0.040278 0.040885
0 0.376620 0.407161 0.035648 0.046094
0 0.054861 0.261068 0.040278 0.040365
0 0.502083 0.758724 0.081019 0.020052
0 0.714583 0.529297 0.035648 0.045573
0 0.612731 0.094401 0.081944 0.019531
0 0.966898 0.240234 0.031019 0.050781
0 0.552546 0.627214 0.072685 0.021615
0 0.527083 0.170182 0.105093 0.014844
0 0.723843 0.338151 0.026389 0.059115
0 0.390509 0.150651 0.035648 0.043490
0 0.318750 0.663672 0.031019 0.048698
0 0.572917 0.133464 0.076389 0.019531
0 0.383565 0.386979 0.040278 0.036979
0 0.853472 0.261328 0.035648 0.040885
0 0.334954 0.253516 0.035648 0.040885
0 0.334954 0.314453 0.063426 0.022135
0 0.802546 0.142578 0.063426 0.022135
0 0.357639 0.254818 0.025463 0.053906
0 0.698380 0.500911 0.068056 0.020052
0 0.448380 0.146745 0.068056 0.020052
0 0.802546 0.297786 0.026389 0.051302
0 0.814120 0.895443 0.077315 0.017448
0 0.586806 0.610286 0.067130 0.020052
0 0.667824 0.467057 0.090278 0.014844
0 0.741898 0.351172 0.034722 0.038281
0 0.890509 0.097917 0.035648 0.036979
0 0.098843 0.279297 0.091204 0.014323
0 0.746991 0.464844 0.035648 0.036458
0 0.230787 0.635026 0.105093 0.012240
0 0.740046 0.642839 0.021759 0.059115
0 0.709954 0.283464 0.026389 0.048698
0 0.897454 0.831641 0.086574 0.014844
0 0.776620 0.921484 0.104167 0.012240
0 0.274769 0.536068 0.072685 0.017448
0 0.575694 0.841797 0.063426 0.019531
0 0.454167 0.715755 0.070370 0.017448
0 0.936806 0.258724 0.026389 0.046094
0 0.911343 0.361979 0.031019 0.039062
0 0.612731 0.531250 0.035648 0.033854
0 0.481944 0.175391 0.079630 0.014844
0 0.223843 0.343359 0.035648 0.033073
0 0.635880 0.210547 0.035648 0.033073
0 0.865046 0.739844 0.086574 0.013542
0 0.473380 0.695573 0.062500 0.018750
0 0.693750 0.573828 0.077315 0.014844
0 0.904398 0.585547 0.026389 0.043490
0 0.267824 0.451432 0.077315 0.014844
0 0.475000 0.499609 0.065741 0.017448
0 0.397454 0.701172 0.021759 0.050781
0 0.503935 0.675391 0.031019 0.035677
0 0.709954 0.599870 0.026389 0.040885
0 0.859954 0.107682 0.030093 0.035677
0 0.360417 0.353776 0.021759 0.048698
0 0.487269 0.389974 0.090278 0.011719
0 0.855787 0.681641 0.021759 0.048177
0 0.808333 0.529948 0.028704 0.036458
0 0.843056 0.136328 0.070370 0.014844
0 0.414815 0.580339 0.084259 0.012240
0 0.516667 0.561458 0.019444 0.052604
0 0.545139 0.674089 0.020833 0.048698
0 0.821065 0.366797 0.026389 0.038281
0 0.221528 0.125911 0.068056 0.014844
0 0.760880 0.830339 0.026389 0.038281
0 0.161343 0.141536 0.068056 0.014844
0 0.409028 0.567318 0.081944 0.012240
0 0.552546 0.554036 0.026389 0.037760
0 0.127315 0.162370 0.027778 0.035677
0 0.401620 0.433203 0.020833 0.046094
0 0.621528 0.673828 0.025463 0.037760
0 0.230787 0.559505 0.021759 0.043490
0 0.712269 0.435807 0.031019 0.030469
0 0.608102 0.783464 0.054167 0.017448
0 0.580324 0.860286 0.063426 0.014844
0 0.614583 0.580339 0.076389 0.012240
0 0.559491 0.514974 0.021759 0.042969
0 0.556713 0.158464 0.053241 0.017448
0 0.538657 0.435547 0.026389 0.035156
0 0.702546 0.266536 0.030093 0.030469
0 0.874306 0.620703 0.021759 0.040885
0 0.667130 0.135026 0.070370 0.012240
0 0.161343 0.786068 0.068056 0.012240
0 0.337269 0.567318 0.021759 0.038281
0 0.175231 0.400651 0.068056 0.012240
0 0.679861 0.515234 0.068056 0.012240
0 0.691435 0.641536 0.026389 0.030469
0 0.647454 0.780208 0.049537 0.016146
0 0.080324 0.542578 0.017130 0.046094
0 0.927546 0.677995 0.017130 0.046094
0 0.339583 0.878516 0.017130 0.046094
0 0.589583 0.300130 0.026389 0.029948
0 0.098843 0.765234 0.063426 0.012240
0 0.751620 0.643490 0.026389 0.029167
0 0.427546 0.528255 0.017130 0.043490
0 0.837269 0.320312 0.021759 0.033854
0 0.809491 0.752604 0.021759 0.033854
0 0.170602 0.435807 0.049537 0.014844
0 0.772454 0.473568 0.021759 0.033073
0 0.362731 0.701823 0.017130 0.041667
0 0.572917 0.739193 0.057870 0.012240
0 0.455324 0.469661 0.072685 0.009635
0 0.862731 0.422786 0.017130 0.040885
0 0.594213 0.414974 0.017130 0.040885
0 0.432176 0.269792 0.026389 0.026562
0 0.774769 0.278906 0.017130 0.039583
0 0.751620 0.377865 0.017130 0.039583
0 0.827546 0.587891 0.020833 0.032552
0 0.440972 0.438411 0.016204 0.040885
0 0.265509 0.577734 0.054167 0.012240
0 0.955324 0.666276 0.017130 0.038281
0 0.283565 0.360286 0.043981 0.014844
0 0.858102 0.452474 0.017130 0.037760
0 0.607639 0.808203 0.025463 0.025260
0 0.284028 0.749349 0.054167 0.011719
0 0.284028 0.651953 0.017130 0.035677
0 0.610417 0.554036 0.049537 0.011719
0 0.161343 0.157161 0.058796 0.009635
0 0.946065 0.554036 0.017130 0.032552
0 0.830324 0.851172 0.044907 0.012240
0 0.925231 0.219661 0.021759 0.025260
0 0.894676 0.507422 0.016204 0.033073
0 0.487731 0.188411 0.054167 0.009635
0 0.330324 0.814714 0.072685 0.007031
0 0.686343 0.094661 0.053241 0.009635
0 0.429861 0.081641 0.049537 0.009635
0 0.702546 0.671484 0.020833 0.022656
0 0.293287 0.603516 0.017130 0.027344
0 0.505787 0.468359 0.016204 0.027865
0 0.726157 0.813411 0.012500 0.030469
0 0.672917 0.691016 0.017130 0.020052
0 0.775463 0.435807 0.009259 0.030469
