0 0.937963 0.866797 0.121296 0.210156
0 0.953009 0.331641 0.058796 0.082552
0 0.487731 0.318620 0.128241 0.035677
0 0.797454 0.478776 0.127315 0.033073
0 0.407407 0.146745 0.115741 0.035677
0 0.439120 0.651042 0.049537 0.080729
0 0.631250 0.095964 0.109722 0.033073
0 0.464583 0.429297 0.054167 0.064323
0 0.920602 0.668880 0.058796 0.059115
0 0.874306 0.122005 0.040278 0.085156
0 0.742361 0.224870 0.109722 0.030469
0 0.619676 0.691016 0.123611 0.025260
0 0.293287 0.840755 0.109722 0.027865
0 0.228472 0.403255 0.054167 0.053906
0 0.619676 0.586849 0.040278 0.072135
0 0.860417 0.728776 0.040278 0.064323
0 0.767824 0.766276 0.086574 0.029948
0 0.796296 0.362630 0.050926 0.050781
0 0.078009 0.215755 0.031019 0.079948
0 0.895139 0.322526 0.035648 0.069531
0 0.353472 0.317318 0.081944 0.027865
0 0.142824 0.163672 0.040278 0.053906
0 0.311806 0.781901 0.109722 0.019531
0 0.700231 0.859245 0.043981 0.048177
0 0.123148 0.332943 0.037963 0.053906
0 0.281250 0.414323 0.039352 0.050000
0 0.253935 0.812109 0.086574 0.022656
0 0.388194 0.198828 0.095833 0.020052
0 0.552083 0.866797 0.043981 0.043490
0 0.696065 0.606771 0.026389 0.070312
0 0.654398 0.796484 0.081944 0.022656
0 0.795139 0.110026 0.094907 0.019531
0 0.670602 0.148047 0.105093 0.017448
0 0.337269 0.266276 0.040278 0.045573
0 0.654398 0.560807 0.044907 0.040885
0 0.415509 0.408464 0.030093 0.059115
0 0.837269 0.675651 0.031019 0.055990
0 0.682176 0.745052 0.091204 0.018750
0 0.420602 0.569922 0.095833 0.017448
0 0.360417 0.480078 0.040278 0.040885
0 0.851157 0.320964 0.040278 0.040365
0 0.392824 0.542318 0.040278 0.040365
0 0.693750 0.724870 0.031019 0.051302
0 0.615046 0.778255 0.068056 0.022656
0 0.763194 0.871745 0.031019 0.048177
0 0.221065 0.358984 0.030093 0.048698
0 0.302546 0.319922 0.081944 0.017448
0 0.862269 0.670182 0.034722 0.040885
0 0.758565 0.416667 0.077315 0.018229
0 0.355787 0.865495 0.068056 0.020052
0 0.214583 0.882422 0.035648 0.038281
0 0.784028 0.632422 0.035648 0.038281
0 0.126620 0.874609 0.035648 0.038281
0 0.675231 0.619401 0.031019 0.043490
0 0.355787 0.890234 0.105093 0.012240
0 0.547917 0.358984 0.026389 0.048698
0 0.821065 0.308203 0.035648 0.035677
0 0.524769 0.490495 0.035648 0.035677
0 0.339583 0.399349 0.063426 0.020052
0 0.598843 0.205339 0.072685 0.017448
0 0.388194 0.417578 0.031019 0.040885
0 0.714583 0.095964 0.072685 0.017448
0 0.913657 0.594661 0.081944 0.014844
0 0.432639 0.379557 0.071759 0.016927
0 0.721528 0.218359 0.068056 0.017448
0 0.818750 0.838151 0.031019 0.038281
0 0.295602 0.187109 0.068056 0.017448
0 0.610417 0.642578 0.031019 0.037760
0 0.341898 0.112240 0.031019 0.034375
0 0.443750 0.773047 0.086574 0.012240
0 0.605787 0.575130 0.021759 0.048698
0 0.390509 0.502865 0.026389 0.039583
0 0.029398 0.528255 0.026389 0.038281
0 0.140509 0.218359 0.026389 0.038281
0 0.360417 0.655599 0.031019 0.032552
0 0.413657 0.791016 0.026389 0.037760
0 0.244676 0.398047 0.021759 0.043490
0 0.897454 0.425391 0.031019 0.030469
0 0.765509 0.232682 0.063426 0.014844
0 0.859954 0.832943 0.076389 0.012240
0 0.788657 0.297526 0.026389 0.035156
0 0.792824 0.517188 0.081019 0.010937
0 0.922917 0.431901 0.026389 0.033073
0 0.281713 0.823828 0.058796 0.014844
0 0.667130 0.814714 0.070370 0.012240
0 0.279398 0.798828 0.072685 0.011719
0 0.447917 0.594661 0.020833 0.040885
0 0.205324 0.272786 0.072685 0.011719
0 0.621991 0.128255 0.091204 0.009115
0 0.712269 0.770443 0.068056 0.012240
0 0.763194 0.181901 0.068056 0.012240
0 0.626620 0.607682 0.026389 0.030469
0 0.959954 0.516536 0.054167 0.014844
0 0.480787 0.414974 0.021759 0.035677
0 0.333796 0.506120 0.051852 0.014844
0 0.596528 0.323568 0.021759 0.035156
0 0.163657 0.423828 0.063426 0.011719
0 0.353472 0.762370 0.063426 0.011719
0 0.506250 0.715495 0.017130 0.042969
0 0.895139 0.635026 0.026389 0.027865
0 0.646991 0.841797 0.020833 0.035156
0 0.109954 0.365234 0.020833 0.035156
0 0.815972 0.435156 0.016204 0.044792
0 0.628935 0.713151 0.021759 0.033073
0 0.249306 0.603776 0.021759 0.033073
0 0.292824 0.418880 0.016204 0.043490
0 0.292824 0.542578 0.071759 0.009635
0 0.817593 0.916276 0.056481 0.012240
0 0.149769 0.102214 0.072685 0.009115
0 0.422917 0.476172 0.017130 0.038281
0 0.648611 0.650391 0.024074 0.027344
0 0.953009 0.149089 0.068056 0.009115
0 0.922917 0.755469 0.017130 0.034375
0 0.765509 0.797526 0.063426 0.009115
0 0.778935 0.781901 0.062500 0.009115
0 0.383102 0.181641 0.020833 0.027344
0 0.445602 0.168880 0.016204 0.033073
0 0.098843 0.295182 0.017130 0.030469
0 0.484954 0.498047 0.020833 0.024740
0 0.839120 0.219401 0.016204 0.029948
0 0.230324 0.364453 0.011574 0.037760
0 0.831481 0.809505 0.019444 0.022656
0 0.321065 0.611589 0.035648 0.012240
0 0.714583 0.806901 0.035648 0.012240
0 0.238426 0.863932 0.037037 0.011719
0 0.517824 0.734375 0.012500 0.033854
0 0.309491 0.907161 0.040278 0.009635
0 0.985417 0.193880 0.012500 0.029948
