0 0.661343 0.261979 0.151389 0.031771
0 0.408565 0.792578 0.127315 0.035677
0 0.385880 0.373047 0.128241 0.029948
0 0.556713 0.400391 0.108796 0.032552
0 0.707176 0.342057 0.048611 0.066927
0 0.744676 0.335938 0.058796 0.054688
0 0.341898 0.831641 0.105093 0.030469
0 0.547917 0.550391 0.044907 0.066927
0 0.538657 0.301693 0.054167 0.053906
0 0.103472 0.147135 0.044907 0.062500
0 0.532870 0.345313 0.051852 0.052604
0 0.418287 0.319922 0.035648 0.074740
0 0.328009 0.895443 0.151389 0.017448
0 0.846528 0.177734 0.086574 0.029948
0 0.318750 0.757422 0.086574 0.027865
0 0.207639 0.158464 0.105093 0.022656
0 0.633102 0.311458 0.048611 0.047396
0 0.955324 0.447266 0.035648 0.063802
0 0.409028 0.594661 0.026389 0.082552
0 0.154398 0.115495 0.081944 0.025260
0 0.571065 0.911068 0.091204 0.022656
0 0.406713 0.707943 0.114352 0.017448
0 0.654398 0.465495 0.044907 0.042969
0 0.716898 0.756120 0.031019 0.061719
0 0.417824 0.438411 0.127315 0.014844
0 0.409028 0.390234 0.081944 0.022656
0 0.156713 0.691016 0.040278 0.046094
0 0.052546 0.407161 0.044907 0.040885
0 0.241898 0.746094 0.043981 0.041667
0 0.399769 0.542578 0.035648 0.051302
0 0.295602 0.669271 0.040278 0.044271
0 0.109259 0.573828 0.037963 0.046094
0 0.263194 0.545182 0.086574 0.020052
0 0.883565 0.228125 0.040278 0.042188
0 0.869676 0.407552 0.040278 0.041667
0 0.668287 0.435807 0.081944 0.020052
0 0.904398 0.847266 0.081944 0.020052
0 0.663657 0.139974 0.072685 0.022135
0 0.374306 0.404557 0.077315 0.020052
0 0.365046 0.663672 0.068056 0.022656
0 0.712269 0.713151 0.040278 0.038281
0 0.346528 0.161068 0.068056 0.022656
0 0.054861 0.444922 0.040278 0.038281
0 0.892824 0.468359 0.086574 0.017448
0 0.950694 0.280208 0.035648 0.042188
0 0.758102 0.801693 0.085648 0.017448
0 0.473380 0.485286 0.099537 0.014844
0 0.110417 0.741797 0.031019 0.047656
0 0.184491 0.681510 0.040278 0.036458
0 0.696065 0.334245 0.035648 0.040885
0 0.446065 0.252214 0.081944 0.017448
0 0.784028 0.921484 0.081944 0.017448
0 0.212269 0.633724 0.031019 0.046094
0 0.941435 0.580339 0.026389 0.053906
0 0.036343 0.663672 0.021759 0.064323
0 0.823380 0.625000 0.031019 0.044271
0 0.330324 0.569922 0.035648 0.038281
0 0.846065 0.736589 0.030093 0.043490
0 0.457639 0.748307 0.086574 0.014844
0 0.531713 0.839453 0.086574 0.014844
0 0.535880 0.684505 0.104167 0.012240
0 0.015509 0.707682 0.026389 0.048177
0 0.154398 0.779557 0.035648 0.035677
0 0.927546 0.819922 0.072685 0.017448
0 0.156713 0.216797 0.031019 0.040365
0 0.841898 0.454036 0.021759 0.056510
0 0.384722 0.254818 0.070370 0.017448
0 0.691435 0.383724 0.081944 0.014844
0 0.061806 0.719661 0.026389 0.046094
0 0.871991 0.123047 0.026389 0.045573
0 0.653935 0.579036 0.081019 0.014844
0 0.920602 0.778255 0.068056 0.017448
0 0.647454 0.689714 0.068056 0.017448
0 0.140509 0.631771 0.026389 0.044792
0 0.114583 0.189714 0.067130 0.017448
0 0.899769 0.645443 0.026389 0.043490
0 0.760880 0.581641 0.026389 0.042448
0 0.170602 0.511328 0.021759 0.051302
0 0.811806 0.576432 0.026389 0.040885
0 0.316435 0.680599 0.026389 0.040885
0 0.552546 0.219661 0.072685 0.014844
0 0.784028 0.181641 0.063426 0.016927
0 0.397454 0.442318 0.086574 0.012240
0 0.809491 0.361589 0.021759 0.048698
0 0.559491 0.559505 0.021759 0.048698
0 0.299769 0.453385 0.020833 0.050000
0 0.806019 0.097266 0.070370 0.014844
0 0.249306 0.386328 0.068056 0.014844
0 0.545139 0.491797 0.057870 0.017448
0 0.756250 0.827734 0.081944 0.012240
0 0.512037 0.202734 0.056481 0.017448
0 0.594213 0.717708 0.026389 0.036979
0 0.154398 0.138932 0.100463 0.009635
0 0.897454 0.603776 0.021759 0.043490
0 0.251620 0.331641 0.063426 0.014844
0 0.191435 0.714453 0.026389 0.035677
0 0.934491 0.507161 0.021759 0.042969
0 0.957639 0.551432 0.021759 0.042969
0 0.649769 0.716797 0.026389 0.035156
0 0.321065 0.257161 0.054167 0.016927
0 0.790972 0.567969 0.031019 0.029167
0 0.436806 0.767839 0.072685 0.012240
0 0.450694 0.791276 0.072685 0.012240
0 0.015509 0.774349 0.017130 0.051302
0 0.569907 0.191016 0.088889 0.009635
0 0.371991 0.520182 0.026389 0.032552
0 0.593750 0.377214 0.025463 0.033073
0 0.128935 0.715755 0.021759 0.038281
0 0.346528 0.392839 0.068056 0.012240
0 0.795602 0.611328 0.021759 0.037760
0 0.827546 0.575130 0.020833 0.038281
0 0.326852 0.524349 0.019444 0.040885
0 0.804861 0.290365 0.021759 0.036458
0 0.195602 0.494401 0.016204 0.048698
0 0.038657 0.506120 0.017130 0.046094
0 0.707639 0.297786 0.021759 0.035677
0 0.462269 0.641536 0.021759 0.035677
0 0.119676 0.904297 0.021759 0.035156
0 0.241898 0.255859 0.025463 0.029948
0 0.848843 0.369401 0.017130 0.043490
0 0.151620 0.482682 0.020833 0.035677
0 0.374306 0.759766 0.058796 0.011719
0 0.159028 0.740104 0.026389 0.026042
0 0.070602 0.641536 0.016204 0.040885
0 0.404398 0.232422 0.072685 0.009115
0 0.098843 0.684505 0.017130 0.038281
0 0.705324 0.567318 0.017130 0.038281
0 0.663657 0.655599 0.017130 0.037760
0 0.161343 0.393880 0.068056 0.009115
0 0.142824 0.883464 0.068056 0.009115
0 0.439120 0.737630 0.068056 0.009115
0 0.520139 0.508724 0.017130 0.035677
0 0.714583 0.175130 0.017130 0.035156
0 0.765509 0.679948 0.017130 0.034375
0 0.876620 0.445964 0.063426 0.009115
0 0.302546 0.364193 0.017130 0.033073
0 0.892824 0.302995 0.058796 0.009635
0 0.443750 0.547786 0.021759 0.025260
0 0.516667 0.332682 0.019444 0.027344
0 0.534028 0.172786 0.017130 0.030469
0 0.436806 0.107682 0.054167 0.009635
0 0.617361 0.448828 0.054167 0.009635
0 0.661343 0.231380 0.021759 0.022656
0 0.318750 0.620703 0.049537 0.009635
0 0.696065 0.603776 0.017130 0.027865
0 0.256250 0.689714 0.017130 0.027865
0 0.909028 0.572526 0.017130 0.027865
0 0.605787 0.666016 0.058796 0.006510
0 0.473843 0.304297 0.017130 0.017448
0 0.746991 0.764974 0.044907 0.006510
0 0.008565 0.883984 0.012500 0.014323
0 0.079861 0.003255 0.034722 0.003906
