0 0.071065 0.791276 0.054167 0.085156
0 0.078009 0.728776 0.123611 0.033073
0 0.846528 0.388281 0.114352 0.033333
0 0.559491 0.265234 0.105093 0.027865
0 0.205324 0.206641 0.054167 0.051302
0 0.832639 0.683203 0.049537 0.051302
0 0.550231 0.198828 0.095833 0.025260
0 0.156713 0.861589 0.040278 0.059115
0 0.668287 0.115495 0.091204 0.025260
0 0.582639 0.401953 0.049537 0.046094
0 0.836806 0.589193 0.048611 0.045573
0 0.223843 0.214453 0.035648 0.056510
0 0.222222 0.855078 0.078704 0.025260
0 0.383565 0.392839 0.086574 0.022656
0 0.446065 0.666276 0.044907 0.043490
0 0.295602 0.667578 0.040278 0.046094
0 0.196065 0.474870 0.044907 0.040885
0 0.200694 0.263932 0.072685 0.025260
0 0.506250 0.413672 0.100463 0.017448
0 0.895139 0.452734 0.072685 0.022656
0 0.374306 0.274349 0.040278 0.040885
0 0.272454 0.180599 0.040278 0.040885
0 0.355787 0.862891 0.105093 0.014844
0 0.712269 0.167578 0.077315 0.020052
0 0.397454 0.636328 0.077315 0.020052
0 0.728472 0.439714 0.035648 0.043490
0 0.057176 0.622005 0.035648 0.043490
0 0.281713 0.582943 0.040278 0.038281
0 0.457639 0.379818 0.068056 0.022656
0 0.031713 0.619401 0.031019 0.048698
0 0.115046 0.648047 0.031019 0.048698
0 0.123148 0.812760 0.037963 0.039583
0 0.812963 0.142839 0.065741 0.022656
0 0.492361 0.184505 0.081944 0.017448
0 0.212269 0.623307 0.031019 0.046094
0 0.522454 0.141536 0.031019 0.046094
0 0.300231 0.386328 0.095833 0.014844
0 0.645139 0.580078 0.063426 0.022135
0 0.568750 0.698828 0.068056 0.020052
0 0.147454 0.421484 0.031019 0.043490
0 0.152083 0.118099 0.086574 0.014844
0 0.831481 0.635677 0.028704 0.044792
0 0.878935 0.146745 0.031019 0.040885
0 0.596528 0.459245 0.031019 0.040885
0 0.260417 0.233073 0.034722 0.036458
0 0.434491 0.565755 0.031019 0.040365
0 0.745833 0.373307 0.024074 0.051302
0 0.630787 0.146484 0.034722 0.035156
0 0.358102 0.709245 0.026389 0.046094
0 0.369676 0.424089 0.068056 0.017448
0 0.582639 0.085547 0.068056 0.017448
0 0.221528 0.556901 0.068056 0.017448
0 0.587269 0.752214 0.068056 0.017448
0 0.145139 0.655859 0.035648 0.033073
0 0.154398 0.267839 0.035648 0.033073
0 0.922917 0.806901 0.035648 0.033073
0 0.281713 0.645443 0.021759 0.053906
0 0.172454 0.862630 0.081019 0.014323
0 0.813657 0.464453 0.057870 0.020052
0 0.068287 0.168880 0.020833 0.053906
0 0.299769 0.244401 0.020833 0.053906
0 0.668287 0.317318 0.063426 0.017448
0 0.378935 0.534766 0.031019 0.035677
0 0.256250 0.529557 0.026389 0.040885
0 0.654398 0.455078 0.091204 0.011719
0 0.348843 0.568359 0.026389 0.040365
0 0.115046 0.528906 0.031019 0.034375
0 0.740046 0.590755 0.021759 0.048698
0 0.605787 0.372005 0.021759 0.048698
0 0.559491 0.317318 0.058796 0.017448
0 0.809491 0.494401 0.031019 0.033073
0 0.668287 0.186458 0.063426 0.016146
0 0.582176 0.606771 0.030093 0.033854
0 0.471065 0.681901 0.057870 0.017448
0 0.230787 0.393880 0.021759 0.045573
0 0.799769 0.805339 0.067130 0.014323
0 0.150926 0.134766 0.056481 0.016927
0 0.235417 0.882422 0.077315 0.012240
0 0.772454 0.223568 0.021759 0.043490
0 0.147454 0.465755 0.021759 0.043490
0 0.411343 0.606380 0.021759 0.043490
0 0.552546 0.684505 0.054167 0.017448
0 0.802546 0.760026 0.054167 0.017448
0 0.909028 0.733984 0.054167 0.017448
0 0.871991 0.667578 0.026389 0.035677
0 0.043287 0.748307 0.026389 0.035677
0 0.483102 0.123307 0.026389 0.035677
0 0.471528 0.580078 0.021759 0.042969
0 0.737731 0.729818 0.026389 0.035156
0 0.338426 0.637630 0.051852 0.017448
0 0.517361 0.343099 0.076389 0.011719
0 0.631250 0.853776 0.072685 0.012240
0 0.404398 0.141536 0.091204 0.009635
0 0.369676 0.182943 0.021759 0.040365
0 0.175231 0.694922 0.068056 0.012240
0 0.795602 0.515234 0.068056 0.012240
0 0.241898 0.233724 0.025463 0.032552
0 0.172454 0.639974 0.025463 0.032552
0 0.040972 0.840495 0.068056 0.011719
0 0.107639 0.276953 0.053241 0.014844
0 0.551389 0.737891 0.051852 0.014844
0 0.621991 0.353776 0.017130 0.043490
0 0.015509 0.603776 0.017130 0.043490
0 0.689120 0.508724 0.077315 0.009635
0 0.267361 0.487891 0.076389 0.009635
0 0.851157 0.733984 0.058796 0.012240
0 0.915972 0.692318 0.058796 0.012240
0 0.413194 0.403255 0.025463 0.027865
0 0.802546 0.122396 0.017130 0.039062
0 0.274769 0.752214 0.054167 0.012240
0 0.263194 0.131120 0.068056 0.009635
0 0.098843 0.677734 0.044907 0.014323
0 0.538194 0.872005 0.016204 0.038281
0 0.755787 0.570182 0.016204 0.037760
0 0.487731 0.566016 0.017130 0.035677
0 0.871991 0.480078 0.017130 0.035677
0 0.200694 0.177995 0.063426 0.009635
0 0.145139 0.568620 0.017130 0.035677
0 0.387731 0.202734 0.048611 0.012240
0 0.441435 0.526042 0.017130 0.033854
0 0.310185 0.544922 0.060185 0.009115
0 0.529398 0.520443 0.044907 0.012240
0 0.909028 0.762370 0.044907 0.011719
0 0.239583 0.631120 0.020833 0.025260
0 0.205324 0.662370 0.017130 0.030469
0 0.536343 0.632422 0.012500 0.038281
0 0.253935 0.286068 0.012500 0.038281
0 0.348843 0.210547 0.017130 0.027865
0 0.897454 0.355078 0.012500 0.035677
0 0.714583 0.571224 0.017130 0.025260
