0 0.557176 0.724870 0.183796 0.035677
0 0.091898 0.983333 0.179167 0.031771
0 0.190278 0.812109 0.070370 0.064323
0 0.644676 0.628516 0.053241 0.066927
0 0.814120 0.560807 0.058796 0.056510
0 0.409028 0.304297 0.118981 0.027865
0 0.550231 0.231380 0.095833 0.033073
0 0.126157 0.424089 0.053241 0.053906
0 0.061806 0.195573 0.054167 0.050000
0 0.527083 0.727474 0.123611 0.020052
0 0.682176 0.413672 0.044907 0.053906
0 0.119676 0.255469 0.049537 0.044792
0 0.777083 0.858984 0.095833 0.022656
0 0.821065 0.899349 0.081944 0.025260
0 0.580324 0.667578 0.081944 0.025260
0 0.546759 0.344010 0.042593 0.047396
0 0.263194 0.747005 0.114352 0.017448
0 0.309491 0.127214 0.086574 0.022656
0 0.624306 0.409505 0.077315 0.024740
0 0.587269 0.094010 0.077315 0.023958
0 0.659028 0.625651 0.128241 0.014323
0 0.302083 0.248307 0.025463 0.072135
0 0.909028 0.253516 0.072685 0.025260
0 0.390509 0.375911 0.091204 0.020052
0 0.920602 0.736589 0.040278 0.043490
0 0.036343 0.405859 0.040278 0.043490
0 0.144676 0.807552 0.071759 0.023958
0 0.823380 0.728776 0.095833 0.017448
0 0.802546 0.119401 0.072685 0.022656
0 0.228472 0.582682 0.072685 0.022135
0 0.475694 0.427995 0.039352 0.040885
0 0.876157 0.526953 0.034722 0.046094
0 0.540972 0.122396 0.068056 0.023438
0 0.742361 0.835547 0.091204 0.017448
0 0.830324 0.676693 0.035648 0.043490
0 0.142361 0.786068 0.067130 0.022656
0 0.829861 0.848568 0.034722 0.043490
0 0.804398 0.875651 0.076389 0.019531
0 0.841898 0.043620 0.086574 0.016927
0 0.751620 0.435807 0.072685 0.020052
0 0.168287 0.534766 0.072685 0.020052
0 0.906250 0.586849 0.039352 0.035677
0 0.756250 0.892578 0.081944 0.016927
0 0.267824 0.771745 0.068056 0.020052
0 0.538657 0.783464 0.035648 0.038281
0 0.436806 0.422786 0.026389 0.051302
0 0.186806 0.008724 0.091204 0.014844
0 0.212269 0.637630 0.031019 0.043490
0 0.036343 0.343359 0.031019 0.043490
0 0.689120 0.365234 0.068056 0.019531
0 0.444213 0.112891 0.085648 0.014844
0 0.214583 0.480078 0.035648 0.035677
0 0.209954 0.427995 0.035648 0.035677
0 0.103472 0.825130 0.072685 0.017448
0 0.899769 0.693359 0.035648 0.035156
0 0.427083 0.154557 0.062500 0.020052
0 0.770139 0.748307 0.081944 0.014844
0 0.293287 0.727474 0.026389 0.046094
0 0.158565 0.879557 0.071759 0.016927
0 0.105787 0.174479 0.031019 0.039062
0 0.676389 0.508724 0.033333 0.035677
0 0.911343 0.674089 0.068056 0.017448
0 0.337269 0.374609 0.031019 0.038281
0 0.020139 0.296484 0.035648 0.033073
0 0.869676 0.624609 0.021759 0.053906
0 0.471528 0.510026 0.021759 0.053906
0 0.520139 0.625000 0.026389 0.044271
0 0.395139 0.697526 0.026389 0.043490
0 0.899769 0.366797 0.026389 0.043490
0 0.517824 0.209245 0.077315 0.014844
0 0.767824 0.094661 0.077315 0.014844
0 0.368519 0.530859 0.065741 0.017448
0 0.540509 0.389974 0.030093 0.037760
0 0.128935 0.152344 0.031019 0.036458
0 0.161343 0.414974 0.021759 0.051302
0 0.189120 0.287370 0.021759 0.051302
0 0.422917 0.312109 0.091204 0.012240
0 0.365046 0.878255 0.077315 0.014323
0 0.351157 0.149089 0.077315 0.014323
0 0.044444 0.872005 0.088889 0.012240
0 0.659028 0.675391 0.026389 0.040885
0 0.784028 0.818620 0.072685 0.014844
0 0.524769 0.506120 0.026389 0.040885
0 0.809028 0.097266 0.020833 0.051302
0 0.313657 0.836849 0.020833 0.051302
0 0.286343 0.650651 0.021759 0.048698
0 0.718056 0.691016 0.070370 0.014844
0 0.300231 0.700130 0.058796 0.017448
0 0.684491 0.296484 0.031019 0.033073
0 0.170602 0.223568 0.058796 0.017448
0 0.795139 0.564714 0.020833 0.048698
0 0.749306 0.131120 0.068056 0.014844
0 0.205324 0.515234 0.081944 0.012240
0 0.677546 0.864193 0.081944 0.012240
0 0.737269 0.543880 0.081019 0.012240
0 0.163194 0.770443 0.081019 0.012240
0 0.582176 0.127214 0.030093 0.033073
0 0.288657 0.780859 0.054167 0.017448
0 0.029398 0.809505 0.054167 0.017448
0 0.089583 0.748307 0.063426 0.014844
0 0.119676 0.462891 0.021759 0.042969
0 0.565972 0.602474 0.062500 0.014844
0 0.367361 0.716797 0.026389 0.035156
0 0.120833 0.874609 0.024074 0.038281
0 0.711806 0.615495 0.030093 0.030469
0 0.897454 0.881120 0.021759 0.040885
0 0.230787 0.266536 0.021759 0.040885
0 0.459954 0.140234 0.072685 0.012240
0 0.695602 0.731380 0.071759 0.012240
0 0.652083 0.339453 0.058796 0.014844
0 0.365046 0.545833 0.077315 0.010937
0 0.850694 0.122005 0.030093 0.027865
0 0.568750 0.374609 0.068056 0.012240
0 0.556019 0.082682 0.070370 0.011719
0 0.395833 0.125911 0.055556 0.014844
0 0.645139 0.511328 0.026389 0.030469
0 0.228472 0.175391 0.081944 0.009635
0 0.306713 0.197526 0.062500 0.012240
0 0.684028 0.651953 0.020833 0.035677
0 0.170139 0.302995 0.020833 0.035677
0 0.733102 0.616536 0.017130 0.042969
0 0.735417 0.275651 0.058796 0.012240
0 0.179861 0.723568 0.021759 0.033073
0 0.534028 0.341667 0.017130 0.041667
0 0.265509 0.102474 0.072685 0.009635
0 0.797917 0.651693 0.017130 0.040365
0 0.786343 0.613932 0.058796 0.011719
0 0.219213 0.271745 0.026389 0.025260
0 0.707639 0.404557 0.021759 0.030469
0 0.182176 0.335547 0.017130 0.038281
0 0.135880 0.119401 0.017130 0.038281
0 0.936806 0.150391 0.017130 0.037760
0 0.600694 0.386068 0.067130 0.009115
0 0.672917 0.151953 0.063426 0.009635
0 0.066435 0.724870 0.017130 0.035677
0 0.200694 0.761328 0.063426 0.009635
0 0.091898 0.645443 0.021759 0.027865
0 0.918287 0.557943 0.063426 0.009115
0 0.675231 0.209896 0.021759 0.026562
0 0.892824 0.329036 0.058796 0.009635
0 0.640972 0.135026 0.043981 0.012240
0 0.339583 0.753906 0.017130 0.031250
0 0.396991 0.802734 0.057870 0.009115
0 0.219213 0.120703 0.054167 0.009635
0 0.616898 0.123307 0.053241 0.009635
0 0.381250 0.654297 0.054167 0.009115
0 0.450231 0.865234 0.016204 0.029948
0 0.080324 0.468359 0.017130 0.027865
0 0.738194 0.235286 0.043981 0.009635
0 0.873148 0.698828 0.019444 0.020052
0 0.022454 0.821224 0.040278 0.009635
0 0.587269 0.254818 0.049537 0.007031
0 0.918287 0.117448 0.017130 0.018750
0 0.959491 0.304948 0.025463 0.008333
0 0.594213 0.022786 0.026389 0.006510
0 0.575694 0.995703 0.026389 0.004427
