0 0.816435 0.864193 0.081944 0.090365
0 0.440278 0.322917 0.125926 0.039062
0 0.117361 0.882422 0.063426 0.064323
0 0.227315 0.826432 0.107407 0.035677
0 0.760880 0.465755 0.109722 0.033073
0 0.494676 0.218099 0.123611 0.027344
0 0.145139 0.788672 0.100463 0.033073
0 0.197917 0.188411 0.048611 0.066927
0 0.211806 0.891536 0.104167 0.030469
0 0.244676 0.103776 0.095833 0.033073
0 0.475694 0.858724 0.057870 0.053385
0 0.278935 0.385026 0.043981 0.069531
0 0.395139 0.110286 0.109722 0.025260
0 0.182176 0.506120 0.109722 0.025260
0 0.496991 0.131120 0.128241 0.020052
0 0.719213 0.180599 0.100463 0.025260
0 0.263194 0.746354 0.049537 0.048958
0 0.656713 0.670182 0.095833 0.025260
0 0.714120 0.148047 0.081019 0.027865
0 0.906713 0.370443 0.114352 0.019531
0 0.841898 0.599870 0.086574 0.025260
0 0.094213 0.554297 0.044907 0.048698
0 0.082639 0.258724 0.086574 0.025260
0 0.559491 0.374609 0.123611 0.017448
0 0.892824 0.357422 0.086574 0.024740
0 0.789815 0.405859 0.093519 0.022656
0 0.360417 0.308854 0.040278 0.052604
0 0.589583 0.331641 0.081944 0.025260
0 0.770139 0.256120 0.044907 0.046094
0 0.112731 0.145443 0.091204 0.022656
0 0.788657 0.857682 0.035648 0.056510
0 0.309491 0.127214 0.040278 0.048698
0 0.832639 0.271745 0.077315 0.025260
0 0.198380 0.730078 0.077315 0.025260
0 0.135880 0.536068 0.044907 0.043490
0 0.091898 0.118099 0.077315 0.025260
0 0.119676 0.093359 0.105093 0.017448
0 0.501157 0.283464 0.081019 0.022656
0 0.316435 0.310807 0.044907 0.040885
0 0.765509 0.336849 0.044907 0.040885
0 0.571065 0.813411 0.091204 0.020052
0 0.663657 0.339453 0.091204 0.020052
0 0.421296 0.179036 0.106481 0.016927
0 0.897454 0.581641 0.031019 0.056510
0 0.707176 0.382422 0.039352 0.043490
0 0.466435 0.356120 0.076389 0.022135
0 0.309491 0.161068 0.095833 0.017448
0 0.920602 0.870703 0.040278 0.040885
0 0.399769 0.370703 0.035648 0.046094
0 0.538657 0.295182 0.109722 0.014844
0 0.169444 0.661068 0.070370 0.022656
0 0.709491 0.893880 0.081019 0.019531
0 0.925231 0.383724 0.077315 0.020052
0 0.483102 0.653255 0.035648 0.043490
0 0.691435 0.322266 0.091204 0.016927
0 0.499306 0.767839 0.040278 0.038281
0 0.800231 0.202734 0.040278 0.038281
0 0.475694 0.797786 0.076389 0.020052
0 0.954861 0.676693 0.034722 0.043490
0 0.927546 0.818620 0.072685 0.020052
0 0.927546 0.728776 0.081944 0.017448
0 0.462269 0.737240 0.031019 0.044792
0 0.038657 0.355078 0.026389 0.051302
0 0.376620 0.831641 0.026389 0.051302
0 0.140509 0.391536 0.026389 0.051302
0 0.161343 0.913672 0.077315 0.017448
0 0.466898 0.306901 0.077315 0.017448
0 0.943750 0.275651 0.031019 0.043490
0 0.496528 0.988542 0.062500 0.021354
0 0.716898 0.843099 0.077315 0.016927
0 0.621991 0.866536 0.026389 0.048177
0 0.834954 0.138932 0.063426 0.020052
0 0.196065 0.758724 0.035648 0.035677
0 0.897454 0.308203 0.031019 0.040885
0 0.647454 0.353125 0.077315 0.016146
0 0.746528 0.827734 0.025463 0.048698
0 0.358102 0.274349 0.081944 0.014844
0 0.510880 0.318620 0.081944 0.014844
0 0.381250 0.560807 0.026389 0.046094
0 0.927546 0.560807 0.026389 0.046094
0 0.267824 0.799089 0.068056 0.017448
0 0.775926 0.365495 0.079630 0.014844
0 0.277083 0.569922 0.021759 0.053906
0 0.244676 0.080339 0.095833 0.012240
0 0.219213 0.623047 0.081944 0.014323
0 0.920602 0.639974 0.031019 0.037760
0 0.748843 0.766536 0.057870 0.020052
0 0.946065 0.624609 0.026389 0.043490
0 0.816435 0.798828 0.026389 0.042969
0 0.535880 0.868750 0.030093 0.036979
0 0.156713 0.193359 0.021759 0.050781
0 0.594213 0.312109 0.063426 0.017448
0 0.103009 0.457943 0.062500 0.017448
0 0.733102 0.873307 0.026389 0.040885
0 0.068287 0.295182 0.020833 0.051302
0 0.128935 0.674089 0.031019 0.033073
0 0.860417 0.397786 0.031019 0.032552
0 0.406713 0.753516 0.021759 0.046094
0 0.753935 0.780599 0.058796 0.016927
0 0.219213 0.301432 0.081944 0.011719
0 0.036343 0.210547 0.021759 0.043490
0 0.165972 0.692318 0.021759 0.043490
0 0.566435 0.862630 0.026389 0.035156
0 0.878472 0.704036 0.030093 0.030469
0 0.233102 0.645443 0.072685 0.012240
0 0.246991 0.905859 0.072685 0.012240
0 0.203009 0.704036 0.021759 0.040885
0 0.953009 0.326172 0.021759 0.040365
0 0.932176 0.780859 0.026389 0.033073
0 0.012731 0.232292 0.020833 0.041667
0 0.802546 0.309245 0.072685 0.011719
0 0.494676 0.245443 0.058796 0.014323
0 0.059491 0.455339 0.021759 0.038281
0 0.744676 0.262630 0.068056 0.012240
0 0.790972 0.569922 0.021759 0.038281
0 0.013194 0.290625 0.021759 0.036979
0 0.709954 0.427995 0.026389 0.030469
0 0.640509 0.693620 0.026389 0.030469
0 0.494676 0.861328 0.068056 0.011719
0 0.584954 0.685807 0.081944 0.009635
0 0.311806 0.797786 0.017130 0.046094
0 0.420602 0.422786 0.021759 0.035677
0 0.343056 0.197526 0.061111 0.012240
0 0.739583 0.607682 0.048611 0.014844
0 0.716435 0.752214 0.057870 0.012240
0 0.628935 0.453776 0.077315 0.009115
0 0.797917 0.730078 0.017130 0.040885
0 0.422917 0.243099 0.072685 0.009635
0 0.327546 0.608984 0.020833 0.033073
0 0.603472 0.391276 0.072685 0.009115
0 0.828009 0.472266 0.021759 0.030469
0 0.066435 0.679297 0.017130 0.038281
0 0.110417 0.704036 0.068056 0.009635
0 0.753935 0.086849 0.068056 0.009635
0 0.718750 0.445964 0.071759 0.009115
0 0.922917 0.417578 0.017130 0.035677
0 0.748843 0.306901 0.048611 0.012240
0 0.399306 0.688411 0.016204 0.035677
0 0.830324 0.492839 0.063426 0.009115
0 0.627083 0.899089 0.062500 0.009115
0 0.487731 0.197526 0.017130 0.033073
0 0.598843 0.593359 0.017130 0.033073
0 0.428241 0.786068 0.046296 0.012240
0 0.885417 0.215755 0.043981 0.012240
0 0.579861 0.888932 0.043981 0.009635
0 0.584954 0.158203 0.063426 0.006510
0 0.939120 0.465365 0.012500 0.031250
0 0.101157 0.990495 0.040278 0.009635
0 0.596528 0.305599 0.040278 0.009635
