0 0.212269 0.824870 0.068056 0.079427
0 0.827546 0.301693 0.122685 0.027865
0 0.728472 0.589453 0.100463 0.030469
0 0.909028 0.399349 0.044907 0.066927
0 0.218750 0.115234 0.099537 0.029948
0 0.742361 0.663672 0.054167 0.053906
0 0.534028 0.163672 0.100463 0.027865
0 0.109259 0.285417 0.130556 0.021354
0 0.274769 0.454036 0.054167 0.051302
0 0.172917 0.245703 0.091204 0.030469
0 0.531713 0.198568 0.049537 0.055990
0 0.464120 0.300391 0.090278 0.030469
0 0.071759 0.650651 0.046296 0.059115
0 0.427546 0.848568 0.109722 0.022656
0 0.233102 0.872005 0.109722 0.022656
0 0.073380 0.715755 0.031019 0.079948
0 0.300231 0.276953 0.095833 0.025260
0 0.082639 0.148047 0.049537 0.048698
0 0.216898 0.754818 0.049537 0.048698
0 0.738889 0.308203 0.037963 0.061719
0 0.566435 0.842057 0.044907 0.051302
0 0.508565 0.605078 0.049537 0.046094
0 0.230787 0.347266 0.040278 0.056510
0 0.346528 0.266276 0.049537 0.045573
0 0.181019 0.412370 0.088889 0.025260
0 0.696065 0.781510 0.091204 0.023958
0 0.200694 0.192057 0.044907 0.048177
0 0.746991 0.368750 0.044907 0.047396
0 0.557176 0.154557 0.081944 0.025260
0 0.446065 0.282161 0.081944 0.025260
0 0.691435 0.624609 0.091204 0.022656
0 0.165509 0.457292 0.076389 0.026562
0 0.538657 0.261068 0.081944 0.024740
0 0.436806 0.664323 0.081944 0.023958
0 0.841898 0.580339 0.040278 0.048698
0 0.212269 0.422786 0.095833 0.020052
0 0.045602 0.237891 0.031019 0.061719
0 0.045139 0.455339 0.039352 0.048698
0 0.458796 0.495703 0.033333 0.056510
0 0.547917 0.476172 0.081944 0.022656
0 0.795602 0.181901 0.105093 0.017448
0 0.784028 0.342057 0.072685 0.025260
0 0.098843 0.610286 0.091204 0.020052
0 0.578009 0.143490 0.040278 0.044792
0 0.142824 0.854427 0.095833 0.018750
0 0.100694 0.486589 0.030093 0.059115
0 0.263194 0.340755 0.040278 0.043490
0 0.890509 0.870052 0.128241 0.013542
0 0.365046 0.462891 0.040278 0.042969
0 0.140509 0.817318 0.026389 0.064323
0 0.091435 0.872005 0.094907 0.017448
0 0.238889 0.814714 0.037963 0.043490
0 0.040972 0.157161 0.040278 0.040885
0 0.825694 0.774349 0.081944 0.020052
0 0.757407 0.512891 0.037963 0.042969
0 0.214583 0.641797 0.035648 0.045573
0 0.830324 0.285417 0.072685 0.021354
0 0.659028 0.288672 0.035648 0.043490
0 0.883565 0.603776 0.040278 0.038281
0 0.896296 0.854818 0.075000 0.019531
0 0.626620 0.537370 0.035648 0.040885
0 0.018981 0.590755 0.037963 0.038281
0 0.856944 0.452734 0.033333 0.043490
0 0.316435 0.491797 0.081944 0.017448
0 0.145139 0.142839 0.081944 0.017448
0 0.547917 0.726823 0.035648 0.039583
0 0.156713 0.092708 0.086574 0.016146
0 0.204861 0.567318 0.025463 0.053906
0 0.740046 0.224870 0.068056 0.020052
0 0.253935 0.704036 0.068056 0.020052
0 0.117361 0.446224 0.026389 0.051302
0 0.492361 0.988542 0.063426 0.021354
0 0.860417 0.249609 0.031019 0.043490
0 0.353472 0.171484 0.109722 0.012240
0 0.850000 0.836589 0.093519 0.014323
0 0.300231 0.789714 0.068056 0.019531
0 0.119676 0.594661 0.086574 0.014844
0 0.153241 0.502214 0.033333 0.038281
0 0.844213 0.395703 0.026389 0.048177
0 0.788657 0.513932 0.063426 0.020052
0 0.848843 0.085547 0.072685 0.017448
0 0.911343 0.451432 0.031019 0.040885
0 0.878935 0.227474 0.031019 0.040885
0 0.650463 0.643880 0.064815 0.019531
0 0.961806 0.796484 0.020833 0.059115
0 0.897454 0.289974 0.021759 0.056510
0 0.918287 0.157161 0.081944 0.014844
0 0.189120 0.541276 0.031019 0.038281
0 0.619676 0.687109 0.095833 0.012240
0 0.346528 0.653255 0.095833 0.012240
0 0.790972 0.235286 0.058796 0.020052
0 0.751620 0.114193 0.035648 0.033073
0 0.726157 0.706641 0.058796 0.020052
0 0.441435 0.579688 0.072685 0.016146
0 0.262731 0.426693 0.067130 0.017448
0 0.047917 0.601172 0.026389 0.043490
0 0.832639 0.537370 0.077315 0.014844
0 0.566435 0.658203 0.026389 0.042969
0 0.258102 0.744401 0.020833 0.053906
0 0.626620 0.598568 0.091204 0.012240
0 0.549074 0.098307 0.065741 0.016927
0 0.321065 0.299740 0.081944 0.013542
0 0.235417 0.558203 0.031019 0.035677
0 0.797917 0.114193 0.063426 0.017448
0 0.348380 0.679036 0.025463 0.042969
0 0.628935 0.793880 0.021759 0.048698
0 0.388194 0.309505 0.021759 0.048698
0 0.268981 0.498307 0.070370 0.014844
0 0.281713 0.551693 0.031019 0.033073
0 0.197222 0.383724 0.028704 0.035677
0 0.554861 0.572266 0.086574 0.011719
0 0.728472 0.546484 0.026389 0.038281
0 0.374306 0.435807 0.021759 0.046094
0 0.633565 0.576432 0.021759 0.046094
0 0.406713 0.599609 0.021759 0.045573
0 0.343056 0.374609 0.079630 0.012240
0 0.948380 0.262630 0.021759 0.043490
0 0.691435 0.300391 0.026389 0.035677
0 0.697917 0.357031 0.020833 0.044792
0 0.700694 0.453776 0.026389 0.035156
0 0.127778 0.342708 0.056481 0.016146
0 0.098843 0.899089 0.063426 0.014323
0 0.216898 0.445573 0.031019 0.029167
0 0.036343 0.641536 0.021759 0.040885
0 0.848380 0.720964 0.016204 0.053906
0 0.946065 0.446875 0.054167 0.016146
0 0.601157 0.671224 0.049537 0.016927
0 0.772454 0.072526 0.068056 0.012240
0 0.628472 0.822526 0.067130 0.012240
0 0.140509 0.118099 0.026389 0.030469
0 0.168287 0.615495 0.017130 0.046094
0 0.909028 0.232682 0.017130 0.046094
0 0.784028 0.381120 0.017130 0.046094
0 0.376157 0.231120 0.016204 0.048177
0 0.596528 0.172786 0.021759 0.035677
0 0.490046 0.170182 0.021759 0.035677
0 0.557176 0.809505 0.063426 0.012240
0 0.925231 0.120703 0.021759 0.035677
0 0.116898 0.727474 0.025463 0.030469
0 0.866898 0.378516 0.016204 0.046094
0 0.624306 0.618099 0.077315 0.009635
0 0.409028 0.510026 0.017130 0.043490
0 0.702546 0.266536 0.020833 0.035677
0 0.480787 0.536068 0.058796 0.012240
0 0.591898 0.111589 0.021759 0.033073
0 0.887037 0.875260 0.084259 0.008333
0 0.145139 0.745703 0.072685 0.009635
0 0.626620 0.493099 0.017130 0.040885
0 0.043287 0.370443 0.017130 0.040365
0 0.020139 0.455339 0.017130 0.038281
0 0.374306 0.334245 0.068056 0.009635
0 0.696065 0.541276 0.017130 0.038281
0 0.047454 0.429948 0.016204 0.039583
0 0.510880 0.837891 0.054167 0.011719
0 0.449537 0.663672 0.051852 0.012240
0 0.522454 0.618750 0.021759 0.029167
0 0.892824 0.130859 0.068056 0.009115
0 0.797917 0.664974 0.017130 0.035677
0 0.818750 0.358984 0.021759 0.027865
0 0.681713 0.664974 0.062500 0.009635
0 0.402083 0.386328 0.058796 0.009635
0 0.117361 0.786068 0.017130 0.033073
0 0.078009 0.206641 0.058796 0.009635
0 0.527083 0.013932 0.058796 0.009635
0 0.678704 0.544531 0.019444 0.029167
0 0.260880 0.247266 0.017130 0.032552
0 0.152083 0.684505 0.040278 0.012240
0 0.947917 0.822526 0.011574 0.038281
0 0.398611 0.403255 0.061111 0.007031
0 0.756250 0.297786 0.017130 0.025260
0 0.350000 0.358724 0.047222 0.006510
0 0.975000 0.004167 0.047222 0.005729
0 0.094213 0.994401 0.035648 0.007031
