0 0.117361 0.816016 0.137500 0.040885
0 0.592593 0.746745 0.125000 0.037760
0 0.297917 0.129818 0.118981 0.038281
0 0.848843 0.331380 0.063426 0.066406
0 0.871528 0.402604 0.118056 0.031771
0 0.203009 0.724870 0.058796 0.061719
0 0.709954 0.249609 0.156019 0.022656
0 0.804861 0.920182 0.114352 0.030469
0 0.591435 0.730078 0.113426 0.030469
0 0.670602 0.614193 0.095833 0.033073
0 0.321065 0.545182 0.054167 0.056510
0 0.920602 0.482292 0.040278 0.072917
0 0.941435 0.642839 0.054167 0.053906
0 0.193750 0.770443 0.031019 0.085156
0 0.870833 0.112630 0.051852 0.050781
0 0.328009 0.399089 0.105093 0.024740
0 0.948380 0.396484 0.049537 0.050781
0 0.753935 0.817057 0.049537 0.048177
0 0.318750 0.676693 0.105093 0.022656
0 0.135880 0.783854 0.044907 0.049479
0 0.897454 0.830990 0.049537 0.044792
0 0.341898 0.220964 0.040278 0.053906
0 0.223843 0.886328 0.044907 0.046094
0 0.882407 0.544271 0.037963 0.049479
0 0.898611 0.887630 0.107407 0.017448
0 0.594213 0.907161 0.072685 0.025260
0 0.691435 0.519141 0.072685 0.025260
0 0.358102 0.805599 0.035648 0.051302
0 0.375463 0.713151 0.079630 0.022656
0 0.459954 0.310547 0.072685 0.024740
0 0.241898 0.378516 0.043981 0.040885
0 0.547917 0.667318 0.072685 0.024740
0 0.293287 0.931901 0.100463 0.017448
0 0.087269 0.832943 0.077315 0.022656
0 0.267361 0.911068 0.076389 0.022656
0 0.744213 0.761328 0.113426 0.014844
0 0.753935 0.787760 0.040278 0.041667
0 0.130787 0.934505 0.071759 0.022656
0 0.506250 0.899089 0.035648 0.045573
0 0.073380 0.844661 0.105093 0.014844
0 0.080324 0.681901 0.035648 0.043490
0 0.453009 0.917578 0.077315 0.020052
0 0.351157 0.739193 0.068056 0.022656
0 0.689120 0.304297 0.040278 0.038281
0 0.434491 0.402995 0.040278 0.037760
0 0.341898 0.900651 0.086574 0.017448
0 0.281713 0.853776 0.031019 0.048698
0 0.670602 0.937109 0.086574 0.017448
0 0.628935 0.679297 0.031019 0.048698
0 0.390509 0.526953 0.072685 0.020052
0 0.858102 0.779557 0.035648 0.040885
0 0.098843 0.227474 0.035648 0.040885
0 0.654398 0.707943 0.081944 0.017448
0 0.786343 0.180599 0.031019 0.046094
0 0.182176 0.202734 0.081944 0.017448
0 0.432176 0.684505 0.026389 0.053906
0 0.133565 0.662109 0.095833 0.014323
0 0.337269 0.860677 0.021759 0.062500
0 0.112731 0.245052 0.072685 0.018750
0 0.047917 0.506120 0.026389 0.051302
0 0.539815 0.789974 0.037963 0.035677
0 0.777083 0.885026 0.031019 0.043490
0 0.133565 0.762630 0.031019 0.043490
0 0.223843 0.572266 0.035648 0.037760
0 0.489583 0.115495 0.067130 0.020052
0 0.655556 0.524089 0.037963 0.035156
0 0.613889 0.516276 0.037963 0.035156
0 0.866898 0.632422 0.034722 0.038281
0 0.057176 0.788672 0.072685 0.017448
0 0.778935 0.296484 0.025463 0.048698
0 0.767824 0.623307 0.021759 0.056510
0 0.249306 0.682943 0.021759 0.055990
0 0.784028 0.336849 0.081944 0.014844
0 0.520139 0.269141 0.026389 0.046094
0 0.263194 0.622005 0.095833 0.012240
0 0.364583 0.585547 0.067130 0.017448
0 0.082639 0.349609 0.058796 0.019531
0 0.289815 0.338151 0.065741 0.017448
0 0.668287 0.767839 0.091204 0.012240
0 0.936806 0.848568 0.063426 0.017448
0 0.686806 0.861328 0.063426 0.016927
0 0.503935 0.672135 0.031019 0.034375
0 0.814120 0.129818 0.021759 0.048698
0 0.499306 0.739193 0.021759 0.048698
0 0.524306 0.537370 0.025463 0.040885
0 0.390046 0.680599 0.025463 0.040885
0 0.115046 0.108984 0.058796 0.017448
0 0.670602 0.749609 0.031019 0.033073
0 0.318750 0.405599 0.086574 0.011719
0 0.410880 0.577474 0.085648 0.011719
0 0.790972 0.813411 0.021759 0.046094
0 0.156713 0.545182 0.021759 0.046094
0 0.837269 0.112630 0.021759 0.045573
0 0.572222 0.705339 0.056481 0.017448
0 0.740046 0.921484 0.077315 0.012240
0 0.159028 0.717057 0.026389 0.035677
0 0.561806 0.505469 0.026389 0.034375
0 0.827546 0.684245 0.076389 0.011719
0 0.652083 0.297135 0.066204 0.013542
0 0.434491 0.935807 0.058796 0.014844
0 0.159028 0.129818 0.026389 0.033073
0 0.959954 0.207943 0.017130 0.048698
0 0.797917 0.447526 0.017130 0.048698
0 0.913194 0.460286 0.025463 0.032552
0 0.813657 0.453385 0.020833 0.039583
0 0.057176 0.288672 0.063426 0.012240
0 0.436806 0.633464 0.081944 0.009115
0 0.668287 0.837891 0.063426 0.011719
0 0.547917 0.163411 0.063426 0.011719
0 0.309491 0.232682 0.049537 0.014844
0 0.140509 0.239193 0.026389 0.027865
0 0.491898 0.372005 0.025463 0.027865
0 0.751620 0.417578 0.017130 0.040885
0 0.895139 0.591797 0.017130 0.040365
0 0.323380 0.477474 0.021759 0.030469
0 0.295602 0.500911 0.068056 0.009635
0 0.010880 0.658464 0.017130 0.038281
0 0.563657 0.459245 0.020833 0.030469
0 0.369676 0.169922 0.068056 0.009115
0 0.601852 0.832943 0.050926 0.012240
0 0.131250 0.868099 0.017130 0.035677
0 0.246991 0.558203 0.017130 0.035677
0 0.427546 0.735286 0.063426 0.009635
0 0.659028 0.857682 0.063426 0.009635
0 0.596528 0.845964 0.049537 0.012240
0 0.200694 0.531901 0.017130 0.035156
0 0.157870 0.455339 0.014815 0.038281
0 0.490046 0.232682 0.058796 0.009635
0 0.138194 0.941016 0.058796 0.009635
0 0.545602 0.533464 0.012500 0.043490
0 0.568750 0.292318 0.058796 0.009115
0 0.657870 0.161068 0.042593 0.012240
0 0.315972 0.696224 0.053241 0.009635
0 0.295602 0.809505 0.021759 0.022656
0 0.172917 0.296484 0.017130 0.027865
0 0.417824 0.317969 0.016204 0.029167
0 0.279398 0.484896 0.017130 0.026042
0 0.147454 0.408203 0.058796 0.006510
0 0.227315 0.590755 0.014815 0.022656
0 0.311343 0.792578 0.016204 0.020052
0 0.391667 0.858984 0.028704 0.007031
