0 0.851157 0.543880 0.049537 0.095573
0 0.733102 0.178646 0.137500 0.031771
0 0.061806 0.840755 0.063426 0.059115
0 0.446065 0.449870 0.063426 0.058594
0 0.043287 0.672786 0.054167 0.061719
0 0.637731 0.361589 0.057870 0.053906
0 0.352315 0.288021 0.098148 0.031771
0 0.860417 0.757422 0.105093 0.027865
0 0.656713 0.151953 0.095833 0.030469
0 0.698380 0.209245 0.095833 0.030469
0 0.774769 0.679297 0.044907 0.064323
0 0.758565 0.847266 0.114352 0.025260
0 0.397454 0.525651 0.123611 0.022656
0 0.777083 0.511328 0.049537 0.051302
0 0.420602 0.455990 0.049537 0.050000
0 0.371991 0.681901 0.044907 0.053906
0 0.369676 0.549089 0.086574 0.027865
0 0.265509 0.636328 0.044907 0.051302
0 0.353472 0.454036 0.091204 0.025260
0 0.647454 0.552734 0.049537 0.045573
0 0.246991 0.779557 0.146759 0.014844
0 0.297917 0.567318 0.044907 0.048698
0 0.462269 0.504818 0.123611 0.017448
0 0.286343 0.256120 0.040278 0.051302
0 0.825694 0.892578 0.091204 0.022135
0 0.723843 0.467057 0.035648 0.056510
0 0.734954 0.754818 0.085648 0.022656
0 0.589583 0.426432 0.044907 0.042969
0 0.633102 0.386328 0.094907 0.020052
0 0.473843 0.342057 0.072685 0.025260
0 0.941435 0.873307 0.044907 0.040885
0 0.811806 0.409766 0.044907 0.040885
0 0.191435 0.131120 0.072685 0.025260
0 0.547917 0.149349 0.044907 0.040885
0 0.424769 0.670182 0.039352 0.046094
0 0.739583 0.688151 0.039352 0.045573
0 0.903935 0.193359 0.071759 0.024740
0 0.527083 0.602474 0.031019 0.056510
0 0.355787 0.593359 0.040278 0.043490
0 0.610417 0.562109 0.040278 0.043490
0 0.809491 0.464453 0.086574 0.020052
0 0.476157 0.164974 0.114352 0.014844
0 0.837269 0.366797 0.031019 0.053906
0 0.777083 0.905859 0.095833 0.017448
0 0.943750 0.115495 0.040278 0.040885
0 0.064120 0.581641 0.040278 0.040885
0 0.443750 0.802995 0.040278 0.040885
0 0.844213 0.318620 0.035648 0.046094
0 0.830324 0.196224 0.081944 0.020052
0 0.719213 0.581641 0.035648 0.046094
0 0.740046 0.741146 0.031019 0.052604
0 0.716898 0.518880 0.040278 0.040365
0 0.490046 0.643880 0.040278 0.040365
0 0.293287 0.598568 0.091204 0.017448
0 0.159028 0.666276 0.026389 0.059115
0 0.240046 0.204036 0.105093 0.014844
0 0.515509 0.616797 0.035648 0.043490
0 0.802546 0.179297 0.035648 0.043490
0 0.779398 0.582943 0.035648 0.043490
0 0.841898 0.262630 0.068056 0.022656
0 0.888194 0.137630 0.068056 0.022656
0 0.706481 0.797135 0.112037 0.013542
0 0.689120 0.720964 0.031019 0.048698
0 0.149769 0.539974 0.035648 0.040885
0 0.131250 0.625911 0.035648 0.040885
0 0.307176 0.691016 0.035648 0.040885
0 0.866204 0.124609 0.033333 0.043490
0 0.538657 0.392839 0.081944 0.017448
0 0.631250 0.205339 0.026389 0.053906
0 0.682176 0.552995 0.026389 0.051302
0 0.617361 0.446224 0.026389 0.051302
0 0.600000 0.518880 0.093519 0.014323
0 0.379398 0.851172 0.076389 0.017448
0 0.543287 0.689063 0.081944 0.016146
0 0.367361 0.635026 0.026389 0.048698
0 0.149769 0.485286 0.035648 0.035677
0 0.098843 0.696224 0.035648 0.035677
0 0.596528 0.750911 0.031019 0.040885
0 0.191435 0.179297 0.072685 0.017448
0 0.318750 0.480078 0.031019 0.040885
0 0.340741 0.154557 0.084259 0.014844
0 0.534028 0.250651 0.035648 0.035156
0 0.783565 0.219661 0.034722 0.035677
0 0.684028 0.422786 0.030093 0.040885
0 0.429861 0.695573 0.031019 0.039583
0 0.553241 0.526302 0.064815 0.018750
0 0.814120 0.710547 0.068056 0.017448
0 0.457639 0.697526 0.031019 0.038281
0 0.714583 0.775651 0.035648 0.033073
0 0.858102 0.392839 0.035648 0.033073
0 0.561806 0.142839 0.035648 0.033073
0 0.124306 0.223568 0.095833 0.012240
0 0.071065 0.439714 0.035648 0.033073
0 0.353472 0.117839 0.081944 0.014323
0 0.804861 0.100911 0.068056 0.016927
0 0.258565 0.133724 0.077315 0.014844
0 0.402083 0.789714 0.058796 0.019531
0 0.818287 0.131120 0.076389 0.014844
0 0.772454 0.675391 0.021759 0.051302
0 0.598843 0.905208 0.026389 0.042188
0 0.402083 0.688411 0.031019 0.035677
0 0.459954 0.179297 0.063426 0.017448
0 0.765509 0.106380 0.063426 0.017448
0 0.478472 0.750911 0.026389 0.040885
0 0.614583 0.797786 0.030093 0.035677
0 0.540972 0.364193 0.086574 0.012240
0 0.448380 0.616797 0.021759 0.048698
0 0.394676 0.554036 0.090278 0.011719
0 0.621528 0.873047 0.071759 0.014323
0 0.693750 0.351172 0.058796 0.017448
0 0.318750 0.258724 0.068056 0.014844
0 0.387037 0.633724 0.019444 0.051302
0 0.047917 0.745703 0.017130 0.056510
0 0.681019 0.451172 0.024074 0.040365
0 0.906713 0.298177 0.031019 0.031250
0 0.267361 0.362630 0.067130 0.014323
0 0.744676 0.129818 0.077315 0.012240
0 0.293287 0.500911 0.026389 0.035677
0 0.450694 0.839453 0.026389 0.035677
0 0.527546 0.814714 0.076389 0.012240
0 0.876157 0.236589 0.053241 0.017448
0 0.454861 0.149349 0.062500 0.014844
0 0.292130 0.465755 0.024074 0.038281
0 0.795602 0.116536 0.077315 0.011719
0 0.915509 0.864453 0.020833 0.042969
0 0.515046 0.297526 0.025463 0.035156
0 0.691435 0.309505 0.072685 0.012240
0 0.061806 0.667578 0.017130 0.051302
0 0.899306 0.176693 0.071759 0.012240
0 0.469213 0.992448 0.063426 0.013542
0 0.531713 0.836589 0.058796 0.014323
0 0.156713 0.807943 0.058796 0.014323
0 0.797917 0.365495 0.026389 0.030469
0 0.238889 0.465755 0.028704 0.027865
0 0.274769 0.127214 0.063426 0.012240
0 0.693750 0.633724 0.021759 0.035677
0 0.480787 0.589714 0.021759 0.035156
0 0.774769 0.154297 0.081944 0.009115
0 0.415972 0.917578 0.077315 0.009635
0 0.407870 0.260677 0.088889 0.008333
0 0.251620 0.113932 0.063426 0.011719
0 0.319907 0.279297 0.051852 0.014323
0 0.703009 0.132422 0.021759 0.033073
0 0.656713 0.132422 0.058796 0.012240
0 0.603009 0.520443 0.016204 0.043490
0 0.464120 0.603776 0.016204 0.043490
0 0.381250 0.230078 0.072685 0.009635
0 0.426389 0.612891 0.014815 0.046094
0 0.013194 0.831250 0.021759 0.031250
0 0.690972 0.375911 0.016204 0.040885
0 0.267824 0.102474 0.021759 0.030469
0 0.043287 0.478776 0.017130 0.038281
0 0.941435 0.452734 0.017130 0.038281
0 0.404398 0.168880 0.017130 0.038281
0 0.279398 0.442318 0.017130 0.038281
0 0.223380 0.249609 0.053241 0.012240
0 0.458796 0.741797 0.014815 0.043490
0 0.172454 0.344401 0.025463 0.024740
0 0.950694 0.686198 0.017130 0.036458
0 0.729630 0.665625 0.019444 0.031771
0 0.304861 0.197526 0.021759 0.027865
0 0.522454 0.903255 0.049537 0.012240
0 0.885880 0.321875 0.017130 0.034375
0 0.760417 0.519141 0.016204 0.035677
0 0.302546 0.870443 0.063426 0.009115
0 0.737269 0.445964 0.016204 0.035156
0 0.633565 0.914974 0.058796 0.009635
0 0.500926 0.213151 0.046296 0.012240
0 0.672917 0.780859 0.044907 0.012240
0 0.453009 0.924089 0.012500 0.038281
0 0.253935 0.839453 0.040278 0.009635
0 0.575694 0.461849 0.017130 0.020052
0 0.561806 0.041016 0.026389 0.006510
