0 0.464583 0.245703 0.174537 0.030469
0 0.105787 0.232682 0.049537 0.077344
0 0.140509 0.429297 0.063426 0.059115
0 0.181713 0.706641 0.118056 0.030469
0 0.258565 0.384115 0.058796 0.057292
0 0.235417 0.865495 0.049537 0.066927
0 0.874306 0.859635 0.049537 0.065625
0 0.295602 0.111589 0.058796 0.053906
0 0.521991 0.796224 0.113426 0.027344
0 0.848843 0.526953 0.054167 0.056510
0 0.415972 0.707943 0.105093 0.027865
0 0.390509 0.112891 0.091204 0.030469
0 0.561806 0.255859 0.054167 0.050781
0 0.730787 0.881120 0.105093 0.025260
0 0.891667 0.168880 0.093519 0.027865
0 0.123843 0.758073 0.039352 0.065625
0 0.899769 0.036068 0.091204 0.027865
0 0.369676 0.511328 0.049537 0.051302
0 0.295602 0.560807 0.049537 0.051302
0 0.737731 0.726172 0.044907 0.053906
0 0.742361 0.218359 0.100463 0.022656
0 0.111574 0.631120 0.088889 0.025260
0 0.874306 0.223568 0.040278 0.053906
0 0.698380 0.792318 0.086574 0.024740
0 0.681713 0.315755 0.043981 0.045573
0 0.468750 0.351172 0.043981 0.043490
0 0.608102 0.243490 0.044907 0.041667
0 0.598843 0.137630 0.081944 0.022656
0 0.314120 0.383464 0.040278 0.045573
0 0.770139 0.753516 0.072685 0.025260
0 0.413657 0.177995 0.035648 0.051302
0 0.348843 0.159505 0.091204 0.019531
0 0.292824 0.177995 0.034722 0.051302
0 0.411343 0.084896 0.077315 0.021354
0 0.293287 0.426693 0.072685 0.022656
0 0.955324 0.472266 0.035648 0.046094
0 0.371991 0.798828 0.091204 0.016927
0 0.105787 0.382422 0.040278 0.038281
0 0.703009 0.179297 0.040278 0.038281
0 0.587269 0.639974 0.040278 0.037760
0 0.263194 0.900651 0.086574 0.017448
0 0.402083 0.636068 0.105093 0.014323
0 0.719213 0.851172 0.081944 0.017448
0 0.633565 0.250651 0.031019 0.045573
0 0.580324 0.744141 0.063426 0.022135
0 0.584954 0.860286 0.091204 0.014844
0 0.601157 0.372005 0.077315 0.017448
0 0.830324 0.161068 0.109722 0.012240
0 0.096528 0.567318 0.031019 0.043490
0 0.580324 0.179036 0.035648 0.037760
0 0.934491 0.124349 0.077315 0.016927
0 0.314120 0.233333 0.077315 0.016146
0 0.142824 0.222266 0.021759 0.056510
0 0.366204 0.193620 0.033333 0.035677
0 0.360417 0.736589 0.068056 0.017448
0 0.163657 0.551693 0.026389 0.043490
0 0.752778 0.159766 0.075000 0.014844
0 0.441435 0.876563 0.026389 0.042188
0 0.311343 0.598568 0.090278 0.012240
0 0.619676 0.128516 0.031019 0.035677
0 0.422917 0.244141 0.091204 0.011719
0 0.929861 0.512630 0.021759 0.048698
0 0.617361 0.301693 0.081944 0.012240
0 0.314120 0.808203 0.021759 0.046094
0 0.929861 0.835547 0.021759 0.043490
0 0.304861 0.148047 0.077315 0.012240
0 0.253935 0.697526 0.021759 0.043490
0 0.807176 0.881120 0.063426 0.014844
0 0.348843 0.112891 0.063426 0.014844
0 0.418287 0.283464 0.017130 0.053906
0 0.216898 0.370703 0.021759 0.040885
0 0.434491 0.284766 0.021759 0.040885
0 0.207639 0.581641 0.021759 0.040885
0 0.473843 0.763932 0.091204 0.009635
0 0.800231 0.185807 0.058796 0.014844
0 0.344213 0.330339 0.026389 0.033073
0 0.517824 0.745703 0.058796 0.014844
0 0.248843 0.209245 0.020833 0.040885
0 0.758565 0.085547 0.068056 0.012240
0 0.249306 0.119401 0.068056 0.012240
0 0.964583 0.105078 0.026389 0.030469
0 0.881250 0.081641 0.054167 0.014844
0 0.089583 0.526953 0.017130 0.046094
0 0.904398 0.518880 0.017130 0.045573
0 0.665972 0.164974 0.021759 0.035677
0 0.304398 0.326432 0.020833 0.035677
0 0.568287 0.913672 0.057870 0.012240
0 0.740046 0.901693 0.077315 0.009115
0 0.732639 0.442318 0.016204 0.043490
0 0.547222 0.287370 0.046296 0.014844
0 0.742361 0.201172 0.072685 0.009115
0 0.932176 0.659766 0.044907 0.014844
0 0.575694 0.217057 0.026389 0.025260
0 0.980787 0.347005 0.021759 0.029948
0 0.279398 0.191667 0.017130 0.036979
0 0.144676 0.351172 0.016204 0.038281
0 0.144676 0.489193 0.016204 0.038281
0 0.360417 0.171484 0.049537 0.012240
0 0.371991 0.288672 0.017130 0.033073
0 0.534028 0.207943 0.017130 0.033073
0 0.932176 0.101172 0.044907 0.012240
0 0.763194 0.525651 0.040278 0.012240
0 0.825694 0.076432 0.017130 0.025260
0 0.991204 0.598568 0.014815 0.027865
0 0.640046 0.287370 0.016204 0.025260
0 0.510880 0.135026 0.017130 0.022656
0 0.568287 0.317318 0.011574 0.033073
0 0.508565 0.352214 0.040278 0.009115
0 0.482639 0.141276 0.016204 0.019531
0 0.612731 0.030599 0.026389 0.006510
0 0.765509 0.996354 0.026389 0.005729
0 0.662500 0.997656 0.024074 0.003125
