0 0.094213 0.872005 0.137500 0.038281
0 0.128935 0.305599 0.068056 0.061719
0 0.505787 0.664974 0.062500 0.056510
0 0.874306 0.124609 0.058796 0.053906
0 0.279398 0.375911 0.118981 0.025260
0 0.760880 0.583984 0.035648 0.082031
0 0.214583 0.353776 0.100463 0.027865
0 0.154398 0.408464 0.100463 0.027865
0 0.890509 0.443620 0.054167 0.051302
0 0.713426 0.523047 0.098148 0.027865
0 0.354630 0.705990 0.093519 0.029167
0 0.616204 0.271745 0.107407 0.025260
0 0.101157 0.666276 0.049537 0.053906
0 0.524306 0.554948 0.043981 0.060417
0 0.826852 0.843099 0.047222 0.053385
0 0.819907 0.895443 0.088889 0.027865
0 0.637037 0.865495 0.047222 0.051302
0 0.589583 0.864193 0.044907 0.053906
0 0.805324 0.668880 0.085648 0.027865
0 0.496991 0.891536 0.044907 0.051302
0 0.913657 0.133464 0.044907 0.050781
0 0.121991 0.559505 0.128241 0.017448
0 0.904398 0.244141 0.081944 0.027344
0 0.251620 0.749609 0.044907 0.048698
0 0.809491 0.573828 0.086574 0.025260
0 0.476157 0.864193 0.095833 0.022656
0 0.196065 0.689714 0.035648 0.059115
0 0.071065 0.427995 0.044907 0.046094
0 0.344213 0.550391 0.081944 0.025260
0 0.434491 0.537370 0.040278 0.051302
0 0.605787 0.910417 0.077315 0.026562
0 0.473843 0.503255 0.044907 0.045573
0 0.288657 0.737240 0.044907 0.044792
0 0.355787 0.207943 0.086574 0.022656
0 0.828009 0.302995 0.095833 0.020052
0 0.802546 0.403255 0.035648 0.053906
0 0.258565 0.714453 0.040278 0.046094
0 0.749306 0.201432 0.040278 0.046094
0 0.034028 0.722266 0.035648 0.051302
0 0.279398 0.875651 0.035648 0.050781
0 0.767824 0.911719 0.132870 0.013542
0 0.079861 0.185807 0.043981 0.040885
0 0.369676 0.358333 0.031019 0.057813
0 0.748148 0.765234 0.102778 0.017448
0 0.314120 0.908464 0.077315 0.022656
0 0.279398 0.835547 0.035648 0.048698
0 0.462269 0.849870 0.086574 0.020052
0 0.822917 0.515234 0.076389 0.022656
0 0.836806 0.343359 0.039352 0.043490
0 0.174769 0.526953 0.030093 0.056510
0 0.540972 0.921484 0.031019 0.053906
0 0.758565 0.871354 0.077315 0.021354
0 0.418287 0.611589 0.072685 0.022656
0 0.154398 0.695964 0.035648 0.045573
0 0.168287 0.639974 0.072685 0.022135
0 0.904398 0.214193 0.081944 0.019531
0 0.913657 0.200130 0.091204 0.017448
0 0.925231 0.175391 0.077315 0.020052
0 0.135880 0.116797 0.035648 0.043490
0 0.216898 0.124609 0.040278 0.038281
0 0.142824 0.752214 0.040278 0.038281
0 0.128935 0.825130 0.031019 0.048698
0 0.675231 0.330339 0.031019 0.048698
0 0.054861 0.823568 0.077315 0.019531
0 0.116898 0.372005 0.034722 0.043490
0 0.172917 0.808854 0.035648 0.042188
0 0.381250 0.795182 0.026389 0.056510
0 0.876620 0.284115 0.026389 0.055208
0 0.709954 0.425391 0.035648 0.040885
0 0.681713 0.612891 0.071759 0.020052
0 0.765509 0.252214 0.081944 0.017448
0 0.235417 0.593359 0.114352 0.012240
0 0.420139 0.122005 0.113426 0.012240
0 0.207639 0.534115 0.031019 0.044792
0 0.205324 0.377214 0.035648 0.038281
0 0.101157 0.269141 0.068056 0.020052
0 0.802546 0.327083 0.063426 0.021354
0 0.775926 0.741797 0.075000 0.017448
0 0.897454 0.874609 0.021759 0.059115
0 0.686806 0.638932 0.035648 0.035677
0 0.920602 0.662370 0.031019 0.040885
0 0.360417 0.167578 0.031019 0.040885
0 0.293287 0.137630 0.072685 0.017448
0 0.946065 0.149089 0.063426 0.019531
0 0.297917 0.185156 0.035648 0.034375
0 0.663657 0.292578 0.081944 0.014844
0 0.557176 0.888932 0.081944 0.014844
0 0.765509 0.853776 0.035648 0.033073
0 0.054861 0.588151 0.021759 0.053906
0 0.661343 0.248307 0.077315 0.014844
0 0.707639 0.867448 0.031019 0.036979
0 0.836806 0.813411 0.076389 0.014844
0 0.934491 0.529557 0.021759 0.051302
0 0.351157 0.688411 0.021759 0.051302
0 0.084491 0.392839 0.062500 0.017448
0 0.441435 0.710286 0.063426 0.016927
0 0.709491 0.193620 0.071759 0.014844
0 0.087269 0.471615 0.031019 0.034375
0 0.772454 0.926693 0.086574 0.012240
0 0.148611 0.327734 0.024074 0.043490
0 0.273611 0.125911 0.070370 0.014844
0 0.601157 0.748698 0.021759 0.046875
0 0.707639 0.105078 0.068056 0.014844
0 0.182176 0.450130 0.026389 0.038281
0 0.756250 0.814714 0.026389 0.038281
0 0.182176 0.168880 0.081944 0.012240
0 0.272454 0.629557 0.058796 0.016927
0 0.924769 0.283203 0.030093 0.032552
0 0.369676 0.896094 0.021759 0.044792
0 0.489583 0.794922 0.020833 0.045573
0 0.406713 0.429297 0.021759 0.043490
0 0.517824 0.291276 0.021759 0.043490
0 0.603472 0.154557 0.063426 0.014844
0 0.887037 0.789974 0.019444 0.046094
0 0.878935 0.847266 0.021759 0.040885
0 0.152083 0.485286 0.021759 0.040885
0 0.809491 0.643880 0.021759 0.040365
0 0.223843 0.665625 0.054167 0.016146
0 0.788657 0.812109 0.026389 0.033073
0 0.182176 0.624609 0.026389 0.033073
0 0.506250 0.594010 0.017130 0.050000
0 0.334954 0.775651 0.017130 0.048698
0 0.077546 0.713151 0.030093 0.027865
0 0.170602 0.233984 0.068056 0.012240
0 0.139352 0.476823 0.024074 0.034375
0 0.885880 0.537370 0.081944 0.009635
0 0.797917 0.559505 0.063426 0.012240
0 0.418287 0.877214 0.063426 0.012240
0 0.017824 0.516276 0.021759 0.035156
0 0.256250 0.838151 0.017130 0.043490
0 0.318750 0.526953 0.077315 0.009635
0 0.040972 0.852474 0.077315 0.009635
0 0.527083 0.464453 0.077315 0.009635
0 0.950694 0.861589 0.017130 0.043490
0 0.422917 0.504557 0.063426 0.011719
0 0.297917 0.541016 0.063426 0.011719
0 0.219213 0.457682 0.017130 0.042969
0 0.969213 0.180859 0.026389 0.027344
0 0.870833 0.426432 0.014815 0.048177
0 0.505093 0.207682 0.061111 0.011719
0 0.184491 0.917969 0.068056 0.010417
0 0.391667 0.586589 0.075000 0.009115
0 0.043287 0.383073 0.017130 0.039583
0 0.906713 0.118490 0.021759 0.031250
0 0.793287 0.546484 0.054167 0.012240
0 0.084954 0.153255 0.017130 0.038281
0 0.554861 0.818620 0.068056 0.009635
0 0.554861 0.318620 0.068056 0.009635
0 0.249306 0.930599 0.068056 0.009635
0 0.927083 0.317318 0.053241 0.012240
0 0.047917 0.223307 0.017130 0.037760
0 0.572222 0.543620 0.019444 0.032552
0 0.969213 0.224479 0.017130 0.036458
0 0.770139 0.607682 0.017130 0.035677
0 0.473380 0.890885 0.043981 0.013542
0 0.251157 0.336589 0.062500 0.009115
0 0.816435 0.796484 0.044907 0.012240
0 0.112731 0.508724 0.017130 0.030469
0 0.670139 0.788672 0.011574 0.038281
0 0.848843 0.631120 0.017130 0.025260
0 0.383102 0.883073 0.011574 0.034375
0 0.936806 0.770182 0.054167 0.006510
0 0.860417 0.848568 0.012500 0.027865
