0 0.303704 0.403255 0.158333 0.048698
0 0.822222 0.438411 0.075000 0.077344
0 0.700694 0.698828 0.063426 0.087760
0 0.212269 0.733984 0.058796 0.090365
0 0.846528 0.845703 0.068056 0.074219
0 0.237269 0.149349 0.043981 0.092969
0 0.242361 0.250911 0.044907 0.087760
0 0.919907 0.553646 0.060185 0.057813
0 0.302546 0.709245 0.054167 0.061719
0 0.468056 0.376953 0.051852 0.063802
0 0.897454 0.703385 0.058796 0.055208
0 0.249306 0.612891 0.105093 0.030469
0 0.506250 0.601172 0.054167 0.053906
0 0.096528 0.407161 0.049537 0.056510
0 0.709954 0.451172 0.137500 0.019531
0 0.707639 0.831641 0.049537 0.051302
0 0.401620 0.365495 0.048611 0.051302
0 0.168287 0.200130 0.044907 0.053906
0 0.601157 0.313411 0.095833 0.025260
0 0.920602 0.327734 0.049537 0.048698
0 0.249306 0.783464 0.049537 0.048698
0 0.721528 0.267578 0.040278 0.058594
0 0.103472 0.765234 0.100463 0.022656
0 0.619676 0.159766 0.105093 0.020052
0 0.378935 0.480078 0.040278 0.051302
0 0.925231 0.431901 0.086574 0.022656
0 0.527083 0.784766 0.077315 0.025260
0 0.605324 0.233984 0.085648 0.022656
0 0.586111 0.677734 0.037963 0.050781
0 0.427546 0.723568 0.035648 0.053906
0 0.876620 0.408464 0.035648 0.053906
0 0.054861 0.485286 0.040278 0.046094
0 0.156713 0.347266 0.040278 0.046094
0 0.883565 0.204036 0.040278 0.046094
0 0.300231 0.842057 0.040278 0.046094
0 0.672917 0.141536 0.072685 0.025260
0 0.566435 0.261328 0.044907 0.040885
0 0.659028 0.368099 0.035648 0.051302
0 0.232639 0.589453 0.090278 0.020052
0 0.508565 0.116797 0.040278 0.043490
0 0.950694 0.767839 0.035648 0.048698
0 0.402083 0.254167 0.040278 0.042188
0 0.828009 0.454427 0.040278 0.041667
0 0.378935 0.426693 0.031019 0.053906
0 0.591898 0.181901 0.095833 0.017448
0 0.823380 0.129818 0.095833 0.017448
0 0.512037 0.366536 0.075000 0.022135
0 0.436806 0.213151 0.072685 0.022656
0 0.922917 0.490495 0.035648 0.046094
0 0.154398 0.464193 0.035648 0.045573
0 0.112731 0.258464 0.035648 0.045573
0 0.240046 0.275651 0.040278 0.038281
0 0.807176 0.572266 0.035648 0.042969
0 0.536343 0.262370 0.040278 0.037760
0 0.883102 0.819922 0.067130 0.022656
0 0.679861 0.122005 0.086574 0.017448
0 0.304861 0.585547 0.086574 0.017448
0 0.881250 0.792578 0.100463 0.014844
0 0.959491 0.472656 0.034722 0.041667
0 0.087269 0.472266 0.031019 0.046094
0 0.263889 0.473568 0.078704 0.017448
0 0.362731 0.706641 0.026389 0.051302
0 0.971528 0.163672 0.031019 0.043490
0 0.101157 0.541276 0.031019 0.043490
0 0.216898 0.481380 0.077315 0.017448
0 0.832639 0.327734 0.031019 0.043490
0 0.828009 0.291016 0.031019 0.042969
0 0.549769 0.361589 0.076389 0.017448
0 0.770139 0.321875 0.035648 0.036979
0 0.878472 0.892578 0.076389 0.016927
0 0.742361 0.342057 0.063426 0.020052
0 0.545602 0.407161 0.031019 0.040885
0 0.491898 0.288672 0.071759 0.017448
0 0.538657 0.643880 0.035648 0.035156
0 0.860417 0.097266 0.021759 0.056510
0 0.123843 0.443620 0.030093 0.040885
0 0.501620 0.218099 0.072685 0.016927
0 0.404398 0.645182 0.072685 0.016927
0 0.191435 0.808203 0.081944 0.014844
0 0.978472 0.667578 0.026389 0.046094
0 0.726157 0.465755 0.095833 0.012240
0 0.832639 0.685807 0.058796 0.020052
0 0.691435 0.197526 0.035648 0.033073
0 0.253935 0.231120 0.021759 0.053385
0 0.323380 0.876953 0.068056 0.016927
0 0.066435 0.497005 0.026389 0.043490
0 0.406713 0.297786 0.077315 0.014844
0 0.642824 0.722005 0.058796 0.019531
0 0.165509 0.118099 0.076389 0.014844
0 0.344213 0.385026 0.091204 0.012240
0 0.732639 0.736589 0.025463 0.043490
0 0.360417 0.529557 0.031019 0.035677
0 0.358102 0.162370 0.072685 0.014844
0 0.501620 0.197266 0.063426 0.016927
0 0.457176 0.635026 0.085648 0.012240
0 0.230787 0.841146 0.031019 0.033854
0 0.973843 0.606380 0.026389 0.038281
0 0.358102 0.812109 0.026389 0.038281
0 0.795602 0.660807 0.031019 0.032552
0 0.209954 0.317318 0.081944 0.012240
0 0.668287 0.747005 0.081944 0.012240
0 0.478472 0.728516 0.026389 0.037760
0 0.953009 0.267578 0.058796 0.016927
0 0.163657 0.613542 0.026389 0.036979
0 0.728009 0.142578 0.081019 0.011719
0 0.531713 0.739193 0.021759 0.043490
0 0.758565 0.189714 0.021759 0.043490
0 0.147454 0.595964 0.021759 0.043490
0 0.922917 0.662370 0.063426 0.014844
0 0.594213 0.349609 0.026389 0.035156
0 0.686343 0.174089 0.071759 0.012240
0 0.447917 0.802995 0.057870 0.014844
0 0.938657 0.623307 0.020833 0.040885
0 0.341435 0.467057 0.020833 0.040885
0 0.888194 0.106380 0.021759 0.038281
0 0.582639 0.407813 0.021759 0.036979
0 0.205324 0.201432 0.026389 0.030469
0 0.631250 0.214453 0.054167 0.014844
0 0.534028 0.329036 0.081944 0.009635
0 0.191435 0.131120 0.081944 0.009635
0 0.719213 0.182943 0.026389 0.029948
0 0.719213 0.494401 0.063426 0.012240
0 0.929861 0.717057 0.021759 0.035677
0 0.084491 0.347266 0.025463 0.030469
0 0.584491 0.792578 0.025463 0.030469
0 0.418287 0.586198 0.026389 0.029167
0 0.098843 0.718359 0.017130 0.043490
0 0.426389 0.392839 0.061111 0.012240
0 0.619676 0.625911 0.077315 0.009635
0 0.329861 0.770182 0.062500 0.011719
0 0.203009 0.891276 0.077315 0.009115
0 0.869676 0.597656 0.021759 0.031250
0 0.186806 0.839453 0.026389 0.025260
0 0.182176 0.502214 0.017130 0.038281
0 0.145139 0.702734 0.017130 0.038281
0 0.591898 0.269792 0.058796 0.010937
0 0.214583 0.651953 0.017130 0.035677
0 0.557176 0.521745 0.017130 0.035677
0 0.601157 0.069922 0.021759 0.027865
0 0.357639 0.192969 0.016204 0.034375
0 0.499306 0.071224 0.021759 0.025260
0 0.686806 0.342708 0.017130 0.031771
0 0.084954 0.816406 0.017130 0.031250
0 0.506250 0.711849 0.017130 0.030469
0 0.593056 0.642578 0.042593 0.011719
0 0.772454 0.593359 0.021759 0.022656
0 0.874306 0.511328 0.012500 0.035677
0 0.021296 0.007161 0.037963 0.011719
0 0.651620 0.493099 0.011574 0.030469
0 0.612731 0.996354 0.026389 0.005729
0 0.360417 0.996354 0.021759 0.005729
