0 0.339583 0.884766 0.174537 0.053385
0 0.737731 0.796224 0.174537 0.048177
0 0.096528 0.980729 0.188426 0.036979
0 0.735417 0.767839 0.123611 0.033073
0 0.719213 0.388932 0.063426 0.061719
0 0.867361 0.166276 0.109722 0.033073
0 0.902083 0.261328 0.105093 0.030469
0 0.670602 0.864193 0.095833 0.033073
0 0.141667 0.472005 0.047222 0.066406
0 0.232639 0.455339 0.043981 0.069531
0 0.267824 0.460547 0.049537 0.059115
0 0.140509 0.614193 0.054167 0.053906
0 0.848843 0.710547 0.100463 0.027865
0 0.972685 0.165625 0.051852 0.052604
0 0.212269 0.510677 0.142130 0.018750
0 0.353472 0.282813 0.044907 0.052604
0 0.888194 0.623307 0.049537 0.046094
0 0.042824 0.015234 0.081019 0.027865
0 0.824537 0.243099 0.088889 0.025260
0 0.561806 0.871745 0.100463 0.022135
0 0.290972 0.660807 0.040278 0.053385
0 0.308333 0.534766 0.037963 0.056510
0 0.112731 0.764323 0.044907 0.046875
0 0.647454 0.538021 0.077315 0.026562
0 0.550231 0.010677 0.103241 0.018750
0 0.442593 0.193620 0.075000 0.025260
0 0.728472 0.652344 0.044907 0.041667
0 0.442130 0.351823 0.037037 0.050000
0 0.868056 0.561068 0.027778 0.066406
0 0.258565 0.759375 0.086574 0.021354
0 0.367361 0.774349 0.072685 0.025260
0 0.760880 0.105078 0.091204 0.020052
0 0.878935 0.484635 0.095833 0.018750
0 0.075231 0.645182 0.025463 0.069010
0 0.503935 0.575130 0.040278 0.043490
0 0.448380 0.314714 0.040278 0.043490
0 0.726157 0.331641 0.086574 0.020052
0 0.969213 0.611979 0.026389 0.065104
0 0.730787 0.401953 0.040278 0.040885
0 0.499306 0.177734 0.040278 0.040365
0 0.177546 0.468359 0.026389 0.059115
0 0.469213 0.293880 0.035648 0.043490
0 0.663657 0.659115 0.081944 0.018750
0 0.291667 0.497005 0.087963 0.017448
0 0.339120 0.166276 0.034722 0.043490
0 0.142361 0.358724 0.039352 0.037760
0 0.984259 0.474870 0.028704 0.051302
0 0.409028 0.761328 0.035648 0.040885
0 0.390509 0.323828 0.072685 0.020052
0 0.117361 0.269141 0.035648 0.040885
0 0.646296 0.205339 0.037963 0.038281
0 0.939120 0.602474 0.031019 0.046094
0 0.362731 0.525651 0.026389 0.053906
0 0.337269 0.636328 0.095833 0.014844
0 0.107639 0.571224 0.034722 0.040885
0 0.589120 0.159766 0.034722 0.040885
0 0.922917 0.754557 0.026389 0.053385
0 0.439815 0.450130 0.032407 0.043490
0 0.337269 0.766536 0.068056 0.020052
0 0.485417 0.526953 0.068056 0.020052
0 0.378935 0.486589 0.031019 0.043490
0 0.701852 0.383724 0.028704 0.046094
0 0.661343 0.491797 0.021759 0.059115
0 0.878935 0.663672 0.105093 0.012240
0 0.485417 0.500911 0.031019 0.040885
0 0.323380 0.375911 0.021759 0.056510
0 0.981944 0.691667 0.033333 0.036979
0 0.772454 0.455990 0.031019 0.039583
0 0.649769 0.644141 0.081944 0.014844
0 0.316435 0.451432 0.081944 0.014844
0 0.621991 0.288672 0.035648 0.033073
0 0.800231 0.187109 0.021759 0.053906
0 0.959954 0.122005 0.035648 0.033073
0 0.853472 0.642839 0.035648 0.033073
0 0.089583 0.191667 0.072685 0.016146
0 0.858102 0.442057 0.035648 0.032552
0 0.774769 0.520443 0.026389 0.043490
0 0.443750 0.498307 0.077315 0.014844
0 0.371991 0.767578 0.026389 0.042969
0 0.446065 0.278255 0.063426 0.017448
0 0.346528 0.399349 0.031019 0.035677
0 0.733102 0.158464 0.063426 0.017448
0 0.818750 0.118099 0.031019 0.035677
0 0.161343 0.362891 0.031019 0.035677
0 0.137731 0.847005 0.076389 0.014323
0 0.584954 0.339453 0.072685 0.014844
0 0.223843 0.374349 0.063426 0.016927
0 0.611574 0.683203 0.033333 0.030469
0 0.689120 0.714453 0.068056 0.014844
0 0.290509 0.713151 0.057870 0.017448
0 0.087269 0.347266 0.021759 0.046094
0 0.813657 0.684245 0.057870 0.016927
0 0.845370 0.175391 0.065741 0.014844
0 0.512037 0.901953 0.065741 0.014844
0 0.272454 0.856380 0.077315 0.012240
0 0.457639 0.556901 0.021759 0.043490
0 0.693750 0.900651 0.077315 0.012240
0 0.409028 0.394141 0.026389 0.035677
0 0.447917 0.718359 0.076389 0.012240
0 0.490046 0.314453 0.021759 0.042969
0 0.174769 0.827734 0.076389 0.012240
0 0.968056 0.774349 0.061111 0.014844
0 0.290972 0.151953 0.021759 0.040885
0 0.078009 0.748047 0.021759 0.040365
0 0.348843 0.614193 0.026389 0.033073
0 0.047917 0.858984 0.026389 0.033073
0 0.554861 0.157161 0.058796 0.014844
0 0.140509 0.741797 0.026389 0.033073
0 0.538657 0.853776 0.017130 0.048698
0 0.196065 0.757422 0.017130 0.048698
0 0.953009 0.519141 0.086574 0.009635
0 0.593750 0.113932 0.025463 0.032552
0 0.988889 0.657813 0.019444 0.042188
0 0.155093 0.810807 0.083333 0.009635
0 0.719213 0.513932 0.054167 0.014844
0 0.196065 0.381120 0.054167 0.014844
0 0.378935 0.809245 0.068056 0.011719
0 0.580324 0.887630 0.063426 0.012240
0 0.251157 0.547786 0.016204 0.046094
0 0.728472 0.463151 0.017130 0.043490
0 0.543287 0.193620 0.054167 0.013802
0 0.670139 0.131120 0.076389 0.009635
0 0.332176 0.829036 0.076389 0.009635
0 0.716898 0.581641 0.049537 0.014844
0 0.374306 0.209245 0.049537 0.014844
0 0.911343 0.087891 0.021759 0.032552
0 0.325694 0.344661 0.017130 0.040885
0 0.098843 0.768490 0.017130 0.039583
0 0.214583 0.847005 0.072685 0.009115
0 0.899769 0.157161 0.044907 0.014844
0 0.699537 0.145182 0.051852 0.011719
0 0.694907 0.466797 0.024074 0.024740
0 0.366898 0.163021 0.053241 0.010937
0 0.140509 0.677734 0.063426 0.009115
0 0.406250 0.266536 0.057870 0.009635
0 0.484954 0.618099 0.057870 0.009635
0 0.145139 0.757161 0.044907 0.011719
0 0.677546 0.208984 0.017130 0.029948
0 0.200694 0.528255 0.017130 0.027865
0 0.223843 0.353776 0.017130 0.027865
0 0.543287 0.637370 0.017130 0.027344
0 0.415509 0.237891 0.048611 0.009635
0 0.205324 0.301432 0.017130 0.027344
0 0.492361 0.151693 0.017130 0.024740
0 0.133102 0.230078 0.011574 0.035677
0 0.943287 0.462891 0.039352 0.006510
