0 0.189120 0.747005 0.142130 0.048698
0 0.781250 0.538672 0.141204 0.043490
0 0.242361 0.155208 0.044907 0.099479
0 0.205324 0.573828 0.118981 0.025260
0 0.478472 0.114193 0.054167 0.053906
0 0.855787 0.677995 0.095833 0.030469
0 0.782407 0.417578 0.050926 0.056510
0 0.496528 0.394792 0.043981 0.063021
0 0.642824 0.377865 0.049537 0.055208
0 0.684491 0.701432 0.031019 0.087760
0 0.091898 0.759766 0.095833 0.027344
0 0.689120 0.472005 0.132870 0.019531
0 0.562500 0.105078 0.101852 0.025260
0 0.328009 0.254167 0.040278 0.063021
0 0.209954 0.602474 0.100463 0.025260
0 0.303704 0.664323 0.037963 0.065625
0 0.534028 0.070964 0.100463 0.024740
0 0.615046 0.157161 0.095833 0.025260
0 0.108102 0.168880 0.035648 0.064323
0 0.439120 0.680599 0.086574 0.025260
0 0.152083 0.392839 0.040278 0.053906
0 0.462269 0.726823 0.040278 0.052604
0 0.490046 0.610286 0.040278 0.051302
0 0.502778 0.773698 0.084259 0.023958
0 0.964583 0.599870 0.035648 0.056510
0 0.369676 0.813411 0.077315 0.025260
0 0.571065 0.372005 0.081944 0.022656
0 0.885880 0.422786 0.044907 0.040885
0 0.367361 0.651953 0.044907 0.040885
0 0.385880 0.482682 0.035648 0.051302
0 0.644676 0.313151 0.071759 0.024740
0 0.429861 0.717057 0.031019 0.056510
0 0.383565 0.427995 0.031019 0.056510
0 0.844213 0.189714 0.035648 0.048698
0 0.415509 0.765234 0.076389 0.022656
0 0.230787 0.795182 0.040278 0.040885
0 0.154398 0.649349 0.035648 0.046094
0 0.696065 0.193620 0.035648 0.046094
0 0.396296 0.543880 0.093519 0.017448
0 0.221528 0.208984 0.040278 0.040365
0 0.742361 0.840495 0.072685 0.022135
0 0.398611 0.704688 0.033333 0.047396
0 0.402083 0.640234 0.068056 0.022656
0 0.628935 0.733984 0.068056 0.022656
0 0.490046 0.293880 0.068056 0.022656
0 0.143981 0.456641 0.033333 0.046094
0 0.059491 0.546484 0.031019 0.048698
0 0.318750 0.857422 0.105093 0.014323
0 0.663657 0.592057 0.100463 0.014844
0 0.612731 0.183203 0.100463 0.014844
0 0.348843 0.687760 0.026389 0.055208
0 0.284028 0.180339 0.035648 0.040365
0 0.524769 0.108984 0.081944 0.017448
0 0.823380 0.571224 0.031019 0.046094
0 0.532870 0.374609 0.079630 0.017448
0 0.272454 0.568620 0.068056 0.020052
0 0.314120 0.141536 0.068056 0.020052
0 0.890509 0.356380 0.035648 0.038281
0 0.871991 0.805599 0.091204 0.014844
0 0.434491 0.439714 0.031019 0.043490
0 0.228935 0.466406 0.071759 0.018750
0 0.347222 0.469661 0.032407 0.040885
0 0.760417 0.579036 0.025463 0.051302
0 0.333796 0.728125 0.061111 0.021354
0 0.962269 0.786719 0.068056 0.018750
0 0.052546 0.711849 0.063426 0.020052
0 0.515509 0.651953 0.035648 0.035677
0 0.959954 0.485026 0.035648 0.035156
0 0.744676 0.258724 0.021759 0.056510
0 0.263194 0.243099 0.021759 0.056510
0 0.159028 0.118099 0.081944 0.014844
0 0.927546 0.631120 0.026389 0.046094
0 0.418287 0.302995 0.081944 0.014844
0 0.640509 0.757161 0.100463 0.011719
0 0.749306 0.368099 0.058796 0.020052
0 0.578009 0.657161 0.058796 0.020052
0 0.290972 0.430599 0.058796 0.020052
0 0.101157 0.722266 0.021759 0.051302
0 0.399769 0.778255 0.063426 0.017448
0 0.904398 0.513932 0.026389 0.040885
0 0.191435 0.857682 0.026389 0.040885
0 0.696065 0.792578 0.072685 0.014844
0 0.580324 0.194661 0.091204 0.011719
0 0.865046 0.101172 0.021759 0.048698
0 0.242361 0.104818 0.072685 0.014323
0 0.781250 0.317318 0.020833 0.048698
0 0.950694 0.710547 0.026389 0.038281
0 0.892824 0.108724 0.031019 0.032552
0 0.763194 0.201432 0.021759 0.046094
0 0.346065 0.528255 0.030093 0.033073
0 0.610417 0.886068 0.021759 0.045573
0 0.918287 0.447266 0.081944 0.011719
0 0.508565 0.749609 0.021759 0.043490
0 0.703009 0.413672 0.077315 0.012240
0 0.703009 0.295182 0.031019 0.030469
0 0.115046 0.362891 0.031019 0.030469
0 0.501620 0.571224 0.026389 0.035677
0 0.723843 0.769141 0.026389 0.035677
0 0.353472 0.821224 0.063426 0.014844
0 0.596065 0.640234 0.076389 0.012240
0 0.821065 0.349219 0.026389 0.034375
0 0.837963 0.468750 0.023148 0.039062
0 0.441435 0.274349 0.017130 0.051302
0 0.468750 0.220964 0.071759 0.012240
0 0.281713 0.133724 0.058796 0.014844
0 0.831481 0.438151 0.028704 0.029948
0 0.045602 0.572526 0.021759 0.038281
0 0.767824 0.520443 0.021759 0.038281
0 0.374306 0.174089 0.068056 0.012240
0 0.584954 0.782552 0.026389 0.031250
0 0.140509 0.326432 0.054167 0.014844
0 0.137731 0.598568 0.020833 0.038281
0 0.212269 0.320964 0.086574 0.009115
0 0.182176 0.128516 0.081944 0.009635
0 0.552546 0.342057 0.081944 0.009635
0 0.255787 0.891536 0.053241 0.014844
0 0.345370 0.400391 0.028704 0.027344
0 0.290972 0.878516 0.021759 0.035677
0 0.163194 0.474870 0.025463 0.030469
0 0.609259 0.361589 0.019444 0.038281
0 0.453009 0.487891 0.049537 0.014844
0 0.844213 0.510026 0.026389 0.027865
0 0.089583 0.494792 0.054167 0.013021
0 0.598843 0.417578 0.017130 0.040885
0 0.733102 0.487891 0.072685 0.009635
0 0.758565 0.324870 0.058796 0.011719
0 0.203009 0.207031 0.021759 0.031250
0 0.568287 0.887370 0.057870 0.011719
0 0.480787 0.719661 0.021759 0.030469
0 0.684491 0.547786 0.021759 0.030469
0 0.862731 0.814714 0.054167 0.012240
0 0.145139 0.723568 0.054167 0.012240
0 0.205324 0.640234 0.017130 0.038281
0 0.834491 0.770443 0.053241 0.012240
0 0.714583 0.189453 0.017130 0.037760
0 0.082176 0.258724 0.020833 0.030469
0 0.440972 0.796224 0.053241 0.011719
0 0.418287 0.396745 0.063426 0.009635
0 0.402083 0.574870 0.021759 0.027344
0 0.162500 0.339453 0.061111 0.009635
0 0.506250 0.154948 0.044907 0.013021
0 0.084954 0.140625 0.017130 0.033854
0 0.424769 0.627865 0.067130 0.008333
0 0.186806 0.497266 0.017130 0.032552
0 0.932176 0.115495 0.017130 0.030469
0 0.890509 0.492188 0.017130 0.028646
0 0.471528 0.584245 0.049537 0.009635
0 0.864583 0.606380 0.011574 0.038281
0 0.098843 0.985286 0.044907 0.009635
0 0.670602 0.223568 0.058796 0.007031
0 0.018981 0.006510 0.033333 0.010417
0 0.612731 0.996354 0.026389 0.005729
0 0.355787 0.996354 0.021759 0.005729
