0 0.108102 0.978125 0.211574 0.042188
0 0.140509 0.769141 0.128241 0.035677
0 0.147454 0.439714 0.058796 0.074740
0 0.677546 0.167578 0.118981 0.035677
0 0.198380 0.133724 0.058796 0.072135
0 0.515509 0.336849 0.109722 0.035677
0 0.237731 0.877214 0.109722 0.027865
0 0.159028 0.222266 0.054167 0.051302
0 0.861111 0.819922 0.050926 0.053906
0 0.496991 0.258073 0.054167 0.050000
0 0.740046 0.593359 0.049537 0.053906
0 0.651620 0.853776 0.113426 0.022656
0 0.814120 0.612630 0.049537 0.050781
0 0.304861 0.737891 0.095833 0.025260
0 0.374306 0.564714 0.049537 0.048698
0 0.969213 0.453385 0.044907 0.050000
0 0.586111 0.355078 0.047222 0.046094
0 0.679861 0.308854 0.040278 0.052604
0 0.542130 0.795833 0.098148 0.021354
0 0.925231 0.125651 0.105093 0.019531
0 0.196065 0.570573 0.044907 0.044792
0 0.110417 0.392839 0.040278 0.048698
0 0.332639 0.168880 0.040278 0.048698
0 0.302546 0.437109 0.044907 0.043490
0 0.906713 0.887370 0.114352 0.016927
0 0.656250 0.539974 0.076389 0.025260
0 0.116898 0.525651 0.043981 0.043490
0 0.771991 0.115495 0.094907 0.020052
0 0.802546 0.392188 0.035648 0.052604
0 0.227315 0.411068 0.033333 0.053906
0 0.918287 0.758073 0.035648 0.050000
0 0.675231 0.202474 0.105093 0.016927
0 0.214583 0.800391 0.118981 0.014844
0 0.885880 0.386328 0.026389 0.066927
0 0.912500 0.585547 0.024074 0.069531
0 0.628935 0.370703 0.040278 0.040885
0 0.860417 0.745703 0.040278 0.040885
0 0.263194 0.329036 0.040278 0.040885
0 0.371991 0.881120 0.035648 0.046094
0 0.765509 0.284766 0.109722 0.014844
0 0.524769 0.857682 0.026389 0.061719
0 0.098843 0.663021 0.072685 0.021354
0 0.493519 0.556901 0.028704 0.053906
0 0.420602 0.172786 0.077315 0.020052
0 0.964583 0.385026 0.035648 0.043490
0 0.174769 0.269141 0.030093 0.051302
0 0.927546 0.145182 0.091204 0.016927
0 0.318750 0.762630 0.068056 0.022656
0 0.605787 0.780859 0.040278 0.038281
0 0.550231 0.551693 0.068056 0.022656
0 0.455324 0.151562 0.026389 0.057292
0 0.950231 0.468359 0.034722 0.043490
0 0.890509 0.769792 0.035648 0.042188
0 0.250463 0.525000 0.070370 0.021354
0 0.429861 0.392578 0.086574 0.016927
0 0.214583 0.305599 0.035648 0.040885
0 0.094213 0.771745 0.035648 0.040885
0 0.890509 0.441016 0.035648 0.040885
0 0.501620 0.086849 0.072685 0.020052
0 0.821065 0.458984 0.035648 0.040365
0 0.290972 0.370703 0.031019 0.046094
0 0.471528 0.211849 0.031019 0.046094
0 0.948380 0.227474 0.095833 0.014844
0 0.649769 0.587891 0.026389 0.053385
0 0.961806 0.250911 0.039352 0.035677
0 0.418287 0.259766 0.081944 0.016927
0 0.471528 0.735026 0.068056 0.019531
0 0.437963 0.557552 0.037963 0.034375
0 0.108102 0.275651 0.026389 0.048698
0 0.766667 0.628255 0.065741 0.019531
0 0.196065 0.433203 0.035648 0.035677
0 0.369676 0.310807 0.031019 0.040885
0 0.841898 0.537109 0.031019 0.040365
0 0.320602 0.191016 0.034722 0.035677
0 0.708796 0.265234 0.070370 0.017448
0 0.920602 0.179297 0.031019 0.038281
0 0.212269 0.372005 0.031019 0.038281
0 0.846528 0.093359 0.068056 0.017448
0 0.249306 0.843359 0.021759 0.053906
0 0.955324 0.103776 0.035648 0.033073
0 0.892824 0.151953 0.058796 0.020052
0 0.557176 0.510026 0.026389 0.043490
0 0.506250 0.273047 0.026389 0.043490
0 0.307176 0.486589 0.026389 0.043490
0 0.973380 0.681901 0.025463 0.043490
0 0.277083 0.138932 0.031019 0.035677
0 0.665972 0.394141 0.031019 0.035677
0 0.323380 0.864844 0.058796 0.018750
0 0.388194 0.465755 0.021759 0.048698
0 0.721528 0.351172 0.086574 0.012240
0 0.484954 0.374609 0.085648 0.012240
0 0.782870 0.493099 0.070370 0.014844
0 0.204861 0.276953 0.025463 0.040885
0 0.981944 0.870703 0.033333 0.030469
0 0.844213 0.296484 0.026389 0.038281
0 0.575694 0.608984 0.026389 0.038281
0 0.904398 0.275651 0.026389 0.038281
0 0.462269 0.420182 0.068056 0.014844
0 0.237269 0.500260 0.025463 0.039583
0 0.322917 0.305339 0.067130 0.014323
0 0.804861 0.171484 0.021759 0.043490
0 0.578009 0.658464 0.077315 0.012240
0 0.571065 0.519141 0.026389 0.035677
0 0.830324 0.641536 0.063426 0.014844
0 0.663657 0.280859 0.072685 0.012240
0 0.480787 0.571224 0.021759 0.040885
0 0.193750 0.318620 0.021759 0.040885
0 0.304861 0.331641 0.021759 0.040885
0 0.297917 0.835547 0.026389 0.033073
0 0.209954 0.838151 0.026389 0.033073
0 0.395139 0.314974 0.026389 0.032552
0 0.150463 0.615234 0.092593 0.009115
0 0.328009 0.578776 0.058796 0.014323
0 0.494676 0.360026 0.058796 0.014323
0 0.628935 0.695964 0.058796 0.014323
0 0.424074 0.299740 0.028704 0.029167
0 0.262731 0.606120 0.030093 0.027344
0 0.650926 0.099609 0.056481 0.014323
0 0.230787 0.600521 0.021759 0.036979
0 0.531713 0.571875 0.049537 0.016146
0 0.369676 0.769792 0.049537 0.016146
0 0.362269 0.582943 0.016204 0.048698
0 0.469213 0.542578 0.017130 0.046094
0 0.089583 0.144141 0.017130 0.046094
0 0.938657 0.192057 0.020833 0.037760
0 0.406713 0.378516 0.021759 0.035677
0 0.483102 0.851172 0.063426 0.012240
0 0.779398 0.374609 0.017130 0.043490
0 0.417130 0.521745 0.024074 0.030469
0 0.725000 0.478125 0.019444 0.036979
0 0.159028 0.501953 0.026389 0.027344
0 0.721528 0.088151 0.058796 0.012240
0 0.300231 0.619401 0.021759 0.033073
0 0.304861 0.523047 0.021759 0.033073
0 0.670602 0.507422 0.021759 0.033073
0 0.811343 0.728776 0.016204 0.043490
0 0.303241 0.815755 0.074074 0.009115
0 0.091898 0.638932 0.021759 0.030469
0 0.494676 0.628516 0.021759 0.030469
0 0.828009 0.391536 0.021759 0.030469
0 0.315278 0.405599 0.024074 0.027344
0 0.637731 0.618490 0.020833 0.031250
0 0.216435 0.891536 0.067130 0.009635
0 0.145139 0.230078 0.017130 0.035677
0 0.260880 0.243099 0.017130 0.035677
0 0.311806 0.795182 0.017130 0.035677
0 0.802083 0.888932 0.062500 0.009635
0 0.323380 0.605078 0.021759 0.025260
0 0.200694 0.739193 0.044907 0.012240
0 0.480787 0.516536 0.021759 0.025260
0 0.944907 0.520443 0.014815 0.033073
0 0.587269 0.236589 0.021759 0.022656
0 0.249306 0.792578 0.049537 0.009635
0 0.598843 0.520443 0.017130 0.027865
0 0.892361 0.489193 0.011574 0.038281
0 0.510880 0.166016 0.063426 0.006510
0 0.582639 0.082943 0.058796 0.007031
0 0.223843 0.495703 0.017130 0.020052
0 0.042130 0.006120 0.033333 0.009635
0 0.267824 0.755208 0.040278 0.007812
0 0.733102 0.995052 0.026389 0.008333
