0 0.469213 0.635026 0.128241 0.043490
0 0.684491 0.090755 0.151389 0.027865
0 0.616204 0.209245 0.135185 0.030469
0 0.826852 0.904557 0.065741 0.061719
0 0.858102 0.823828 0.044907 0.087760
0 0.746991 0.381120 0.054167 0.061719
0 0.703009 0.663672 0.114352 0.027865
0 0.545602 0.302995 0.123611 0.025260
0 0.272454 0.180339 0.095833 0.029948
0 0.795602 0.420182 0.105093 0.025260
0 0.703009 0.563411 0.123611 0.020052
0 0.934028 0.603776 0.048611 0.048698
0 0.462269 0.147786 0.086574 0.027344
0 0.047917 0.698828 0.044907 0.051302
0 0.297917 0.235286 0.091204 0.025260
0 0.378935 0.495703 0.049537 0.046094
0 0.547917 0.551693 0.081944 0.027865
0 0.663194 0.637630 0.081019 0.027865
0 0.330324 0.340755 0.044907 0.048698
0 0.126620 0.661068 0.044907 0.048698
0 0.271296 0.883724 0.047222 0.046094
0 0.804398 0.879818 0.039352 0.053906
0 0.192130 0.232682 0.083333 0.025260
0 0.390509 0.619401 0.091204 0.022656
0 0.848843 0.584245 0.035648 0.056510
0 0.212269 0.733073 0.077315 0.026042
0 0.866204 0.737630 0.079630 0.024740
0 0.830324 0.752214 0.044907 0.043490
0 0.221528 0.144141 0.095833 0.020052
0 0.226157 0.358333 0.040278 0.047396
0 0.304861 0.334245 0.040278 0.046094
0 0.899769 0.898047 0.081944 0.022656
0 0.672454 0.124609 0.081019 0.022656
0 0.348843 0.287370 0.091204 0.020052
0 0.906713 0.614844 0.040278 0.044792
0 0.503935 0.770182 0.105093 0.016927
0 0.551389 0.582292 0.033333 0.052604
0 0.258565 0.848568 0.031019 0.053906
0 0.321065 0.184505 0.072685 0.022656
0 0.615046 0.116797 0.068056 0.022656
0 0.462269 0.455339 0.068056 0.022656
0 0.220370 0.444922 0.065741 0.022656
0 0.307870 0.622005 0.064815 0.022656
0 0.619676 0.608073 0.040278 0.036458
0 0.733102 0.584245 0.072685 0.020052
0 0.242361 0.464453 0.072685 0.020052
0 0.786343 0.452083 0.068056 0.021354
0 0.082639 0.662370 0.031019 0.046094
0 0.198380 0.219661 0.095833 0.014844
0 0.094213 0.408464 0.026389 0.053906
0 0.915278 0.688411 0.069444 0.020052
0 0.318750 0.835156 0.031019 0.044271
0 0.508565 0.372005 0.077315 0.017448
0 0.420602 0.911068 0.077315 0.017448
0 0.402083 0.357682 0.021759 0.061719
0 0.300231 0.424089 0.031019 0.043490
0 0.068750 0.813151 0.068056 0.019531
0 0.119213 0.754818 0.030093 0.043490
0 0.177546 0.817318 0.026389 0.048698
0 0.691435 0.306641 0.026389 0.048177
0 0.848843 0.647786 0.026389 0.048177
0 0.147454 0.456641 0.031019 0.040885
0 0.550231 0.610286 0.031019 0.040885
0 0.193750 0.650651 0.068056 0.017448
0 0.453009 0.351172 0.021759 0.053906
0 0.638194 0.180599 0.077315 0.014844
0 0.503935 0.892188 0.031019 0.036979
0 0.191435 0.793620 0.026389 0.042969
0 0.355787 0.098307 0.095833 0.011719
0 0.028241 0.498307 0.024074 0.046094
0 0.409028 0.401953 0.026389 0.040885
0 0.202546 0.870703 0.030093 0.035677
0 0.376620 0.380859 0.026389 0.040365
0 0.547917 0.100521 0.063426 0.016146
0 0.330324 0.809505 0.026389 0.038281
0 0.353472 0.806901 0.026389 0.038281
0 0.448380 0.478516 0.031019 0.032552
0 0.308333 0.124609 0.056481 0.017448
0 0.032407 0.467708 0.060185 0.016146
0 0.087269 0.866797 0.021759 0.043490
0 0.214583 0.249609 0.054167 0.017448
0 0.668287 0.614193 0.054167 0.017448
0 0.469213 0.437109 0.054167 0.017448
0 0.190972 0.334896 0.025463 0.036979
0 0.709954 0.526953 0.063426 0.014844
0 0.955324 0.714453 0.026389 0.035677
0 0.432176 0.589453 0.063426 0.014844
0 0.240046 0.871354 0.021759 0.042188
0 0.767824 0.613932 0.077315 0.011719
0 0.591898 0.777344 0.021759 0.041667
0 0.723843 0.097005 0.063426 0.014323
0 0.579861 0.218359 0.071759 0.012240
0 0.110417 0.443359 0.021759 0.040365
0 0.228472 0.386979 0.054167 0.016146
0 0.635880 0.575130 0.026389 0.033073
0 0.265046 0.296484 0.025463 0.033073
0 0.142824 0.198828 0.086574 0.009635
0 0.295602 0.778255 0.021759 0.038281
0 0.869676 0.757422 0.021759 0.038281
0 0.348843 0.427995 0.017130 0.046094
0 0.353472 0.873307 0.017130 0.046094
0 0.223843 0.862891 0.017130 0.046094
0 0.480324 0.710286 0.020833 0.037760
0 0.758565 0.831641 0.021759 0.035677
0 0.508565 0.097266 0.021759 0.035677
0 0.464583 0.187109 0.063426 0.012240
0 0.491204 0.358984 0.061111 0.012240
0 0.325694 0.437109 0.026389 0.027865
0 0.112731 0.142839 0.026389 0.027865
0 0.253935 0.710547 0.058796 0.012240
0 0.281713 0.567318 0.058796 0.012240
0 0.415972 0.898047 0.058796 0.012240
0 0.138194 0.366536 0.021759 0.032552
0 0.922917 0.756120 0.017130 0.040885
0 0.478472 0.524349 0.017130 0.040885
0 0.881250 0.581641 0.017130 0.040885
0 0.230787 0.644792 0.021759 0.031771
0 0.904398 0.455078 0.017130 0.037760
0 0.524769 0.870443 0.044907 0.014323
0 0.339120 0.767839 0.016204 0.038281
0 0.610417 0.826172 0.068056 0.009115
0 0.033565 0.590495 0.016204 0.037760
0 0.818750 0.810807 0.058796 0.009635
0 0.781713 0.573828 0.058796 0.009635
0 0.939120 0.667578 0.058796 0.009635
0 0.518981 0.561458 0.014815 0.036979
0 0.631250 0.281901 0.017130 0.029948
0 0.255093 0.199870 0.042593 0.011719
0 0.846528 0.835547 0.021759 0.022656
0 0.760880 0.694661 0.017130 0.027344
0 0.767361 0.486589 0.011574 0.038281
0 0.140509 0.133464 0.017130 0.024740
0 0.612269 0.568620 0.016204 0.025260
0 0.855324 0.473958 0.011574 0.028646
0 0.065278 0.004818 0.026852 0.007031
