0 0.064120 0.712240 0.068056 0.088542
0 0.899769 0.889974 0.109722 0.037760
0 0.848843 0.810807 0.063426 0.061719
0 0.686806 0.650000 0.146759 0.026562
0 0.591898 0.599870 0.058796 0.061719
0 0.263194 0.222266 0.169907 0.020052
0 0.454167 0.681641 0.051852 0.063802
0 0.374306 0.372005 0.058796 0.053906
0 0.517361 0.502214 0.057870 0.053906
0 0.156713 0.710547 0.049537 0.059115
0 0.876620 0.597266 0.054167 0.051302
0 0.483102 0.411068 0.044907 0.059115
0 0.193750 0.392839 0.040278 0.064323
0 0.128935 0.620443 0.086574 0.029948
0 0.443750 0.579036 0.095833 0.025260
0 0.867361 0.252865 0.100463 0.023958
0 0.353472 0.475521 0.044907 0.052604
0 0.779398 0.504818 0.081944 0.027865
0 0.655556 0.243099 0.088889 0.025260
0 0.184028 0.191016 0.048611 0.046094
0 0.267824 0.494401 0.095833 0.022656
0 0.374306 0.253516 0.040278 0.051302
0 0.800926 0.473568 0.041667 0.048698
0 0.684491 0.866797 0.086574 0.022656
0 0.228472 0.366797 0.044907 0.043490
0 0.816435 0.663672 0.044907 0.043490
0 0.821065 0.429036 0.044907 0.042969
0 0.186806 0.648047 0.035648 0.053906
0 0.027083 0.571224 0.031019 0.061719
0 0.332639 0.818620 0.040278 0.046094
0 0.665972 0.691016 0.040278 0.046094
0 0.649769 0.797786 0.044907 0.040885
0 0.844213 0.857682 0.072685 0.025260
0 0.168287 0.566016 0.044907 0.040885
0 0.205324 0.584245 0.035648 0.051302
0 0.371991 0.785807 0.081944 0.022135
0 0.806713 0.685807 0.090278 0.020052
0 0.644676 0.651693 0.071759 0.024740
0 0.814120 0.177995 0.086574 0.020052
0 0.508102 0.188411 0.085648 0.020052
0 0.519676 0.139974 0.099537 0.016927
0 0.096528 0.340755 0.031019 0.053906
0 0.419444 0.625651 0.084259 0.019531
0 0.689120 0.211849 0.040278 0.040885
0 0.390509 0.567318 0.091204 0.017448
0 0.274769 0.392839 0.091204 0.017448
0 0.897454 0.644141 0.031019 0.051302
0 0.575694 0.302083 0.026389 0.059896
0 0.121991 0.265234 0.035648 0.043490
0 0.230787 0.487891 0.077315 0.020052
0 0.189120 0.253516 0.077315 0.020052
0 0.841898 0.463151 0.040278 0.038281
0 0.536343 0.549089 0.068056 0.022656
0 0.253935 0.723568 0.068056 0.022656
0 0.145139 0.366536 0.035648 0.042969
0 0.531713 0.760026 0.031019 0.048698
0 0.596528 0.867839 0.077315 0.019531
0 0.255787 0.206641 0.071759 0.020052
0 0.911343 0.576432 0.031019 0.046094
0 0.809491 0.219661 0.031019 0.046094
0 0.623148 0.210286 0.084259 0.016927
0 0.355787 0.558203 0.095833 0.014844
0 0.145139 0.662109 0.072685 0.019531
0 0.186343 0.453776 0.034722 0.040365
0 0.331944 0.539974 0.069444 0.020052
0 0.723843 0.590755 0.035648 0.038281
0 0.531713 0.418880 0.031019 0.043490
0 0.369213 0.144141 0.067130 0.020052
0 0.056713 0.429297 0.034722 0.038281
0 0.922917 0.847917 0.035648 0.036979
0 0.277083 0.326823 0.031019 0.041667
0 0.564120 0.215755 0.021759 0.059115
0 0.744676 0.123307 0.086574 0.014844
0 0.568750 0.375651 0.031019 0.040365
0 0.804861 0.579036 0.021759 0.056510
0 0.075694 0.271745 0.026389 0.046094
0 0.857639 0.716146 0.034722 0.033854
0 0.758102 0.825130 0.094907 0.012240
0 0.432176 0.176432 0.035648 0.032552
0 0.663657 0.269401 0.035648 0.032552
0 0.412500 0.280208 0.033333 0.034375
0 0.251620 0.347266 0.026389 0.040885
0 0.270139 0.501953 0.091204 0.011719
0 0.138194 0.551693 0.021759 0.048698
0 0.383565 0.273047 0.021759 0.048698
0 0.786343 0.103776 0.086574 0.012240
0 0.275463 0.368490 0.064815 0.015625
0 0.587269 0.199870 0.031019 0.032552
0 0.441435 0.379818 0.081944 0.012240
0 0.142824 0.691016 0.021759 0.046094
0 0.501620 0.455339 0.081944 0.012240
0 0.904398 0.285807 0.026389 0.037760
0 0.797454 0.392839 0.081019 0.012240
0 0.631944 0.177995 0.064815 0.014844
0 0.721528 0.642839 0.077315 0.012240
0 0.425231 0.369401 0.077315 0.012240
0 0.300231 0.327734 0.021759 0.043490
0 0.628935 0.717057 0.031019 0.030469
0 0.934491 0.357682 0.031019 0.030469
0 0.834491 0.553646 0.025463 0.036979
0 0.230324 0.411719 0.020833 0.044792
0 0.071065 0.371745 0.054167 0.016927
0 0.410185 0.543229 0.056481 0.016146
0 0.272454 0.344010 0.031019 0.029167
0 0.541667 0.688411 0.060185 0.014844
0 0.219213 0.236979 0.026389 0.033854
0 0.749306 0.211849 0.021759 0.040885
0 0.346528 0.172786 0.021759 0.040885
0 0.045602 0.164974 0.021759 0.040885
0 0.453009 0.487891 0.058796 0.014844
0 0.203009 0.694922 0.021759 0.038281
0 0.353472 0.313411 0.054167 0.014844
0 0.230324 0.749349 0.020833 0.037760
0 0.455324 0.538672 0.063426 0.012240
0 0.696065 0.507422 0.063426 0.012240
0 0.825694 0.163672 0.063426 0.012240
0 0.339583 0.586198 0.017130 0.044792
0 0.313657 0.271745 0.020833 0.035677
0 0.679861 0.312109 0.021759 0.033073
0 0.212269 0.408464 0.021759 0.033073
0 0.883565 0.919922 0.077315 0.009115
0 0.945602 0.585547 0.016204 0.043490
0 0.828009 0.883464 0.077315 0.009115
0 0.557176 0.099870 0.072685 0.009635
0 0.860417 0.275391 0.058796 0.011719
0 0.281250 0.127214 0.020833 0.033073
0 0.885880 0.692708 0.017130 0.039062
0 0.454861 0.430599 0.016204 0.040885
0 0.897454 0.537370 0.021759 0.030469
0 0.251620 0.241797 0.054167 0.012240
0 0.068750 0.240495 0.068056 0.009635
0 0.420602 0.487891 0.068056 0.009635
0 0.172917 0.728776 0.017130 0.038281
0 0.325694 0.598568 0.017130 0.038281
0 0.172917 0.353516 0.017130 0.037760
0 0.114583 0.904557 0.067130 0.009635
0 0.434491 0.151693 0.068056 0.009115
0 0.543287 0.396094 0.017130 0.034375
0 0.267824 0.455990 0.068056 0.008333
0 0.279398 0.663672 0.017130 0.033073
0 0.554861 0.120703 0.058796 0.009635
0 0.760880 0.470964 0.017130 0.033073
0 0.105787 0.269141 0.021759 0.025260
0 0.579861 0.676432 0.016204 0.032552
0 0.550231 0.497005 0.012500 0.038281
0 0.853472 0.218359 0.017130 0.027865
0 0.932176 0.412370 0.044907 0.009635
0 0.834491 0.593099 0.034722 0.011719
0 0.535880 0.322526 0.011574 0.033073
