0 0.095370 0.982031 0.186111 0.034375
0 0.456481 0.237891 0.047222 0.103385
0 0.353472 0.316016 0.063426 0.066927
0 0.730787 0.851172 0.151389 0.022656
0 0.383565 0.383073 0.058796 0.055208
0 0.744213 0.443620 0.122685 0.025260
0 0.943750 0.520443 0.040278 0.074740
0 0.462269 0.149349 0.040278 0.072135
0 0.332639 0.592057 0.040278 0.066927
0 0.837269 0.830078 0.040278 0.063802
0 0.427546 0.545182 0.100463 0.025260
0 0.267824 0.507422 0.049537 0.048698
0 0.869676 0.286068 0.105093 0.022656
0 0.966898 0.158464 0.040278 0.059115
0 0.494676 0.496354 0.040278 0.057813
0 0.693750 0.209245 0.142130 0.014844
0 0.615046 0.902995 0.086574 0.022135
0 0.454167 0.590755 0.107407 0.017448
0 0.133102 0.477474 0.030093 0.061719
0 0.670139 0.351172 0.076389 0.022656
0 0.186806 0.831641 0.026389 0.061719
0 0.665972 0.237891 0.105093 0.014844
0 0.121991 0.817318 0.035648 0.043490
0 0.536343 0.119401 0.040278 0.038281
0 0.961111 0.083594 0.075000 0.018750
0 0.927546 0.128516 0.026389 0.051302
0 0.619676 0.533203 0.077315 0.016927
0 0.119676 0.131120 0.021759 0.056510
0 0.503472 0.321224 0.030093 0.040885
0 0.744676 0.278255 0.031019 0.038281
0 0.096065 0.784766 0.057870 0.020052
0 0.940972 0.611589 0.034722 0.033073
0 0.645139 0.119401 0.081944 0.012240
0 0.126620 0.288021 0.017130 0.057813
0 0.709954 0.460286 0.081944 0.011719
0 0.485417 0.607682 0.095833 0.009635
0 0.943750 0.231380 0.021759 0.033073
0 0.182176 0.242448 0.017130 0.039583
