0 0.887037 0.026953 0.223148 0.046094
0 0.358102 0.516536 0.081944 0.082552
0 0.587269 0.800391 0.123611 0.040885
0 0.719213 0.438411 0.063426 0.066927
0 0.133565 0.300391 0.058796 0.061719
0 0.895139 0.866797 0.044907 0.079948
0 0.147454 0.412370 0.114352 0.025260
0 0.487731 0.383724 0.035648 0.077344
0 0.948380 0.801693 0.049537 0.053906
0 0.826852 0.842057 0.047222 0.056510
0 0.112731 0.659766 0.044907 0.056510
0 0.378935 0.529557 0.040278 0.061719
0 0.505787 0.827474 0.090278 0.027344
0 0.522454 0.858984 0.049537 0.048698
0 0.866898 0.125911 0.034722 0.066927
0 0.260880 0.383724 0.091204 0.025260
0 0.156713 0.513672 0.049537 0.045573
0 0.196065 0.691016 0.035648 0.061719
0 0.501620 0.887370 0.044907 0.048177
0 0.712269 0.518490 0.086574 0.023958
0 0.209954 0.857682 0.081944 0.025260
0 0.344213 0.555599 0.081944 0.025260
0 0.293287 0.740495 0.044907 0.046094
0 0.821065 0.896745 0.100463 0.020052
0 0.642361 0.865234 0.039352 0.050781
0 0.566435 0.146094 0.081944 0.023958
0 0.279398 0.874349 0.044907 0.042969
0 0.182176 0.525651 0.035648 0.053906
0 0.381250 0.892839 0.035648 0.053906
0 0.304861 0.683854 0.040278 0.047396
0 0.684491 0.185547 0.095833 0.019531
0 0.766204 0.873307 0.074074 0.025260
0 0.425231 0.896745 0.040278 0.046094
0 0.242361 0.620703 0.072685 0.025260
0 0.427546 0.537370 0.035648 0.051302
0 0.170602 0.605078 0.031019 0.056510
0 0.788657 0.304297 0.100463 0.017448
0 0.304861 0.905859 0.077315 0.022656
0 0.126620 0.577734 0.035648 0.048698
0 0.284028 0.838151 0.035648 0.048698
0 0.029398 0.713151 0.035648 0.048698
0 0.229630 0.258464 0.037963 0.045573
0 0.834491 0.125911 0.025463 0.066927
0 0.726157 0.581641 0.040278 0.040885
0 0.612731 0.908464 0.072685 0.022656
0 0.047917 0.827734 0.072685 0.022656
0 0.038657 0.526953 0.035648 0.046094
0 0.124306 0.370443 0.040278 0.040365
0 0.159028 0.163672 0.091204 0.017448
0 0.795602 0.401953 0.031019 0.051302
0 0.469676 0.848568 0.090278 0.017448
0 0.876620 0.278255 0.026389 0.059115
0 0.422917 0.278255 0.026389 0.059115
0 0.895139 0.299089 0.035648 0.043490
0 0.686806 0.317318 0.035648 0.043490
0 0.809491 0.567318 0.086574 0.017448
0 0.593750 0.869401 0.034722 0.043490
0 0.746991 0.126562 0.035648 0.042188
0 0.744213 0.757422 0.085648 0.017448
0 0.529398 0.901953 0.026389 0.056510
0 0.362731 0.105078 0.072685 0.020052
0 0.246528 0.683203 0.071759 0.020052
0 0.714583 0.863151 0.035648 0.040365
0 0.788657 0.189714 0.081944 0.017448
0 0.774769 0.252214 0.081944 0.017448
0 0.098843 0.127214 0.081944 0.017448
0 0.098843 0.268880 0.072685 0.019531
0 0.240046 0.595964 0.114352 0.012240
0 0.054398 0.904557 0.039352 0.035677
0 0.205324 0.385026 0.035648 0.038281
0 0.360417 0.140234 0.077315 0.017448
0 0.226157 0.358984 0.077315 0.017448
0 0.705324 0.666016 0.035648 0.037760
0 0.428241 0.629818 0.074074 0.017448
0 0.934491 0.339453 0.086574 0.014844
0 0.411343 0.425391 0.031019 0.040885
0 0.091898 0.151693 0.031019 0.040365
0 0.476157 0.500651 0.031019 0.040365
0 0.515046 0.211589 0.062500 0.019531
0 0.274306 0.625651 0.062500 0.019531
0 0.802546 0.112891 0.026389 0.046094
0 0.209954 0.537370 0.026389 0.046094
0 0.179861 0.802083 0.031019 0.039062
0 0.068750 0.583594 0.021759 0.055208
0 0.934491 0.322526 0.068056 0.017448
0 0.314120 0.791276 0.031019 0.038281
0 0.505787 0.808203 0.025463 0.046094
0 0.286343 0.197266 0.031019 0.037760
0 0.337269 0.681641 0.021759 0.053385
0 0.564120 0.886328 0.077315 0.014844
0 0.508565 0.594661 0.021759 0.051302
0 0.767824 0.855078 0.031019 0.035677
0 0.785880 0.810807 0.030093 0.035677
0 0.887731 0.538672 0.085648 0.012240
0 0.211806 0.122005 0.020833 0.048698
0 0.869676 0.427995 0.021759 0.046094
0 0.267824 0.137630 0.077315 0.012240
0 0.406713 0.741797 0.077315 0.012240
0 0.462269 0.642839 0.077315 0.012240
0 0.915972 0.845964 0.021759 0.043490
0 0.501620 0.637630 0.054167 0.017448
0 0.024769 0.469661 0.026389 0.035677
0 0.892824 0.788411 0.021759 0.042969
0 0.302546 0.542318 0.063426 0.014323
0 0.902083 0.810807 0.021759 0.040885
0 0.152083 0.120703 0.021759 0.040885
0 0.082639 0.461849 0.021759 0.040885
0 0.520139 0.297786 0.017130 0.051302
0 0.052546 0.451432 0.017130 0.051302
0 0.399306 0.593359 0.071759 0.012240
0 0.334491 0.778255 0.016204 0.053906
0 0.932176 0.913672 0.026389 0.033073
0 0.433333 0.412370 0.056481 0.014844
0 0.036343 0.856380 0.068056 0.012240
0 0.766667 0.925391 0.084259 0.009635
0 0.422917 0.502214 0.063426 0.012240
0 0.522454 0.469661 0.077315 0.009635
0 0.968750 0.228776 0.016204 0.043490
0 0.370370 0.213802 0.050926 0.013542
0 0.315278 0.529557 0.070370 0.009635
0 0.797917 0.914714 0.072685 0.009115
0 0.936806 0.787370 0.026389 0.025260
0 0.253935 0.347266 0.068056 0.009635
0 0.223843 0.465755 0.017130 0.038281
0 0.723380 0.207943 0.016204 0.038281
0 0.853472 0.227474 0.017130 0.035677
0 0.393981 0.883724 0.014815 0.040885
0 0.360417 0.119401 0.049537 0.012240
0 0.925231 0.304297 0.049537 0.012240
0 0.834491 0.735286 0.062500 0.009635
0 0.862731 0.848568 0.017130 0.033073
0 0.946065 0.275651 0.017130 0.033073
0 0.781250 0.552995 0.057870 0.009635
0 0.840741 0.291016 0.047222 0.011719
0 0.149769 0.713151 0.044907 0.012240
0 0.027083 0.808854 0.049537 0.010937
0 0.367361 0.166927 0.017130 0.029167
0 0.234954 0.688411 0.048611 0.009635
0 0.049769 0.218359 0.011574 0.038281
0 0.936806 0.355078 0.044907 0.009635
0 0.941898 0.375911 0.043981 0.009635
0 0.168287 0.918620 0.063426 0.006510
0 0.172917 0.233724 0.063426 0.006510
0 0.670602 0.785807 0.012500 0.032552
0 0.932176 0.767839 0.054167 0.007031
0 0.536343 0.385026 0.012500 0.027865
0 0.788657 0.464453 0.017130 0.020052
0 0.344213 0.271745 0.035648 0.009635
0 0.900926 0.133724 0.033333 0.009635
0 0.783565 0.539323 0.034722 0.008333
