0 0.121991 0.969010 0.239352 0.060417
0 0.233102 0.714193 0.072685 0.082031
0 0.240046 0.827083 0.040278 0.089063
0 0.356944 0.454688 0.061111 0.055208
0 0.459954 0.756120 0.054167 0.056510
0 0.089583 0.825130 0.054167 0.053906
0 0.903935 0.785417 0.053241 0.052604
0 0.601157 0.179948 0.095833 0.029167
0 0.575694 0.659766 0.091204 0.030469
0 0.782870 0.638932 0.042593 0.061719
0 0.410880 0.603776 0.048611 0.053906
0 0.435648 0.819922 0.107407 0.022656
0 0.932176 0.585547 0.044907 0.053906
0 0.471528 0.825130 0.086574 0.027865
0 0.078009 0.637630 0.049537 0.048698
0 0.469213 0.253516 0.118981 0.020052
0 0.740509 0.426953 0.048611 0.048177
0 0.381250 0.306901 0.081944 0.027865
0 0.284028 0.879818 0.081944 0.027865
0 0.568750 0.120443 0.114352 0.019531
0 0.471528 0.431901 0.040278 0.053906
0 0.737731 0.797135 0.035648 0.060417
0 0.390509 0.095964 0.118981 0.017448
0 0.742361 0.625911 0.044907 0.046094
0 0.782870 0.748307 0.033333 0.061719
0 0.570602 0.858984 0.090278 0.022656
0 0.321065 0.653906 0.044907 0.044792
0 0.458796 0.589844 0.042593 0.046875
0 0.601157 0.645443 0.040278 0.048698
0 0.554861 0.610286 0.040278 0.046094
0 0.883565 0.493099 0.040278 0.046094
0 0.735417 0.451432 0.040278 0.046094
0 0.390509 0.481120 0.081944 0.022135
0 0.186806 0.186068 0.035648 0.050781
0 0.700231 0.879557 0.081019 0.022135
0 0.163657 0.245052 0.035648 0.050000
0 0.953009 0.720964 0.040278 0.043490
0 0.425231 0.854167 0.031019 0.054688
0 0.840741 0.122005 0.075000 0.022656
0 0.393981 0.517839 0.075000 0.022656
0 0.414815 0.649349 0.084259 0.020052
0 0.278241 0.492448 0.042593 0.039583
0 0.628935 0.465755 0.031019 0.053906
0 0.485417 0.843359 0.095833 0.017448
0 0.462269 0.321224 0.040278 0.040885
0 0.721528 0.474870 0.040278 0.040885
0 0.258565 0.529557 0.040278 0.040885
0 0.575694 0.425391 0.081944 0.020052
0 0.047917 0.218359 0.026389 0.059115
0 0.374306 0.870703 0.077315 0.020052
0 0.374306 0.848568 0.040278 0.038281
0 0.226157 0.606380 0.040278 0.038281
0 0.860417 0.090755 0.068056 0.022656
0 0.670139 0.705339 0.030093 0.048698
0 0.464583 0.295182 0.072685 0.020052
0 0.820602 0.628906 0.034722 0.041667
0 0.714120 0.378906 0.034722 0.041667
0 0.871528 0.842057 0.071759 0.020052
0 0.263194 0.589453 0.031019 0.046094
0 0.946065 0.104427 0.035648 0.039583
0 0.230324 0.406901 0.030093 0.045573
0 0.621991 0.361589 0.035648 0.038281
0 0.635880 0.814714 0.035648 0.038281
0 0.781713 0.551693 0.031019 0.043490
0 0.760880 0.656901 0.026389 0.050781
0 0.170139 0.653255 0.076389 0.017448
0 0.121991 0.556250 0.035648 0.036979
0 0.392824 0.205339 0.105093 0.012240
0 0.545602 0.007422 0.105093 0.012240
0 0.209954 0.697526 0.026389 0.048698
0 0.664815 0.857422 0.065741 0.019531
0 0.571065 0.788672 0.072685 0.017448
0 0.485417 0.732682 0.031019 0.040885
0 0.508565 0.615495 0.031019 0.040885
0 0.404398 0.312109 0.072685 0.017448
0 0.446065 0.377214 0.072685 0.017448
0 0.527083 0.740234 0.031019 0.040365
0 0.781250 0.818620 0.030093 0.040885
0 0.515509 0.868099 0.081944 0.014844
0 0.191435 0.855078 0.081944 0.014844
0 0.145139 0.170182 0.026389 0.046094
0 0.334954 0.357682 0.026389 0.046094
0 0.626620 0.623047 0.026389 0.045573
0 0.466435 0.455990 0.030093 0.039583
0 0.700694 0.416276 0.035648 0.033073
0 0.311806 0.510026 0.035648 0.033073
0 0.652083 0.236328 0.031019 0.037760
0 0.321065 0.619792 0.026389 0.044271
0 0.420602 0.435807 0.077315 0.014844
0 0.566435 0.483984 0.026389 0.043490
0 0.473843 0.168880 0.091204 0.012240
0 0.133565 0.446224 0.031019 0.035677
0 0.524769 0.142839 0.063426 0.017448
0 0.258565 0.612891 0.031019 0.035677
0 0.723843 0.552995 0.026389 0.040885
0 0.492361 0.506120 0.026389 0.040885
0 0.608102 0.706641 0.072685 0.014844
0 0.767361 0.424089 0.030093 0.035677
0 0.295602 0.538672 0.021759 0.048698
0 0.392824 0.150651 0.021759 0.048698
0 0.184491 0.093359 0.086574 0.012240
0 0.207176 0.617839 0.030093 0.035156
0 0.931713 0.123307 0.025463 0.040885
0 0.318750 0.293880 0.031019 0.033073
0 0.344213 0.473568 0.026389 0.038281
0 0.552546 0.812109 0.026389 0.038281
0 0.647454 0.797786 0.021759 0.046094
0 0.712269 0.646745 0.021759 0.046094
0 0.927546 0.158464 0.081944 0.012240
0 0.323380 0.227474 0.021759 0.046094
0 0.240046 0.663672 0.021759 0.043490
0 0.851157 0.444922 0.077315 0.012240
0 0.459954 0.784766 0.063426 0.014844
0 0.473380 0.282161 0.062500 0.014844
0 0.429861 0.111328 0.077315 0.011719
0 0.632407 0.722656 0.028704 0.031250
0 0.365046 0.409766 0.021759 0.040885
0 0.168287 0.106380 0.072685 0.012240
0 0.140509 0.243099 0.017130 0.051302
0 0.695602 0.338151 0.071759 0.012240
0 0.316435 0.483984 0.026389 0.033073
0 0.160880 0.321224 0.057870 0.014844
0 0.284028 0.449870 0.072685 0.011719
0 0.679861 0.510026 0.068056 0.012240
0 0.619676 0.390234 0.021759 0.038281
0 0.665972 0.731380 0.068056 0.012240
0 0.498843 0.879818 0.067130 0.012240
0 0.809028 0.418880 0.020833 0.038281
0 0.330324 0.177995 0.017130 0.046094
0 0.867361 0.654557 0.017130 0.046094
0 0.566435 0.269141 0.052315 0.014844
0 0.316435 0.551432 0.017130 0.042969
0 0.267824 0.197526 0.058796 0.012240
0 0.763194 0.533464 0.021759 0.033073
0 0.260880 0.295573 0.017130 0.041667
0 0.397454 0.556641 0.021759 0.032552
0 0.774306 0.460286 0.025463 0.027344
0 0.496528 0.769792 0.025463 0.026562
0 0.395139 0.338151 0.054167 0.012240
0 0.223843 0.494401 0.017130 0.038281
0 0.124306 0.386328 0.068056 0.009635
0 0.216898 0.544922 0.021759 0.029948
0 0.506250 0.319010 0.017130 0.036458
0 0.061806 0.487891 0.017130 0.035677
0 0.321065 0.128516 0.017130 0.035677
0 0.338426 0.589453 0.024074 0.025260
0 0.492361 0.641276 0.017130 0.035156
0 0.714583 0.278906 0.017130 0.034375
0 0.518981 0.603776 0.014815 0.038281
0 0.554861 0.558203 0.058796 0.009635
0 0.406713 0.454036 0.021759 0.025260
0 0.809491 0.081380 0.058796 0.009115
0 0.371528 0.429036 0.016204 0.032552
0 0.821065 0.641536 0.017130 0.030469
0 0.205324 0.487891 0.017130 0.030469
0 0.797454 0.662370 0.016204 0.030469
0 0.024769 0.993750 0.044907 0.010937
0 0.565972 0.705339 0.016204 0.027865
0 0.392824 0.378516 0.021759 0.020052
0 0.815972 0.164974 0.043981 0.009635
0 0.251157 0.401953 0.043981 0.009635
0 0.829167 0.778255 0.014815 0.027865
0 0.676389 0.593099 0.014815 0.027344
0 0.253472 0.482031 0.011574 0.034375
0 0.367361 0.080339 0.054167 0.007031
0 0.411806 0.366536 0.039352 0.006510
0 0.552546 0.023047 0.026389 0.007031
