0 0.258565 0.430339 0.132870 0.029948
0 0.464120 0.715755 0.053241 0.064323
0 0.508102 0.608984 0.094907 0.033073
0 0.822222 0.152995 0.093519 0.032552
0 0.799074 0.334245 0.093519 0.030469
0 0.230324 0.164714 0.039352 0.071615
0 0.196065 0.776953 0.091204 0.030469
0 0.052546 0.804297 0.035648 0.074740
0 0.494676 0.450130 0.095833 0.027865
0 0.140509 0.194922 0.091204 0.027865
0 0.554861 0.336849 0.040278 0.061719
0 0.420602 0.601823 0.049537 0.050000
0 0.804861 0.306641 0.049537 0.048177
0 0.756250 0.684505 0.035648 0.064323
0 0.630787 0.169922 0.090278 0.024740
0 0.807176 0.180599 0.109722 0.020052
0 0.824537 0.584245 0.042593 0.051302
0 0.752778 0.159766 0.047222 0.046094
0 0.189120 0.386328 0.105093 0.020052
0 0.885880 0.658203 0.035648 0.058594
0 0.839583 0.490495 0.044907 0.046094
0 0.436806 0.468359 0.091204 0.022656
0 0.531713 0.487891 0.040278 0.051302
0 0.596528 0.432943 0.105093 0.019531
0 0.562500 0.784115 0.083333 0.023958
0 0.601157 0.691016 0.077315 0.025260
0 0.320602 0.400000 0.081019 0.023958
0 0.605324 0.641536 0.076389 0.025260
0 0.685648 0.119792 0.042593 0.044271
0 0.584954 0.136979 0.035648 0.052604
0 0.219213 0.366797 0.081944 0.022656
0 0.344213 0.750911 0.072685 0.025260
0 0.723843 0.401953 0.044907 0.040885
0 0.458102 0.406510 0.076389 0.023958
0 0.193750 0.732682 0.086574 0.020052
0 0.888194 0.094661 0.086574 0.020052
0 0.742361 0.124609 0.035648 0.048698
0 0.061806 0.577734 0.026389 0.064323
0 0.344213 0.385026 0.072685 0.022656
0 0.307176 0.839453 0.081944 0.020052
0 0.332176 0.232682 0.039352 0.040885
0 0.029398 0.804948 0.035648 0.044792
0 0.241898 0.650651 0.090278 0.017448
0 0.596528 0.612891 0.105093 0.014844
0 0.221528 0.872005 0.068056 0.022656
0 0.179861 0.260026 0.068056 0.022656
0 0.749306 0.648047 0.068056 0.022656
0 0.341898 0.494401 0.068056 0.022656
0 0.517824 0.652995 0.040278 0.037760
0 0.638194 0.149089 0.077315 0.019531
0 0.780093 0.372005 0.064815 0.022656
0 0.895139 0.118099 0.035648 0.040885
0 0.163657 0.480078 0.035648 0.040885
0 0.169444 0.884766 0.065741 0.022135
0 0.228472 0.570964 0.100463 0.014323
0 0.610417 0.464453 0.031019 0.046094
0 0.190972 0.842057 0.034722 0.040885
0 0.772454 0.684505 0.021759 0.064323
0 0.371991 0.317057 0.063426 0.022135
0 0.514352 0.572526 0.079630 0.017448
0 0.131250 0.244401 0.035648 0.038281
0 0.582639 0.092057 0.068056 0.020052
0 0.293287 0.735938 0.063426 0.021354
0 0.392824 0.653255 0.077315 0.017448
0 0.647454 0.877214 0.077315 0.017448
0 0.620833 0.815365 0.070370 0.018750
0 0.290972 0.271094 0.095833 0.013542
0 0.297917 0.860286 0.035648 0.035677
0 0.844213 0.651953 0.063426 0.020052
0 0.571065 0.351172 0.072685 0.017448
0 0.663657 0.356380 0.072685 0.017448
0 0.932176 0.448568 0.035648 0.035156
0 0.920139 0.245703 0.030093 0.040885
0 0.512731 0.412370 0.030093 0.040885
0 0.834954 0.816016 0.026389 0.046094
0 0.147454 0.775651 0.068056 0.017448
0 0.721528 0.192318 0.031019 0.038281
0 0.830324 0.543880 0.035648 0.033073
0 0.941435 0.331380 0.081944 0.014323
0 0.314120 0.705078 0.068056 0.016927
0 0.175231 0.435807 0.077315 0.014844
0 0.691435 0.455339 0.026389 0.043490
0 0.230787 0.810807 0.077315 0.014844
0 0.443287 0.680599 0.076389 0.014844
0 0.512731 0.331641 0.076389 0.014844
0 0.432176 0.796484 0.063426 0.017448
0 0.094213 0.849870 0.026389 0.040885
0 0.300231 0.238542 0.031019 0.034375
0 0.365046 0.153255 0.086574 0.012240
0 0.763194 0.119401 0.021759 0.048698
0 0.267361 0.627214 0.085648 0.012240
0 0.205324 0.787109 0.072685 0.014323
0 0.797454 0.479818 0.025463 0.040365
0 0.499306 0.791276 0.058796 0.017448
0 0.318750 0.898047 0.058796 0.017448
0 0.156713 0.869401 0.058796 0.017448
0 0.466435 0.830339 0.020833 0.048698
0 0.172917 0.507422 0.026389 0.038281
0 0.545602 0.677995 0.068056 0.014844
0 0.089583 0.791276 0.026389 0.038281
0 0.883565 0.430599 0.068056 0.014844
0 0.550231 0.392578 0.031019 0.032552
0 0.580324 0.806901 0.081944 0.012240
0 0.893981 0.513932 0.024074 0.040885
0 0.765509 0.530859 0.054167 0.017448
0 0.385880 0.821224 0.026389 0.035677
0 0.575694 0.761328 0.026389 0.035677
0 0.441435 0.432943 0.026389 0.035156
0 0.920602 0.563151 0.031019 0.029948
0 0.940972 0.347005 0.062500 0.014323
0 0.274769 0.691016 0.091204 0.009635
0 0.439120 0.300130 0.021759 0.040365
0 0.652083 0.128516 0.058796 0.014844
0 0.292824 0.478516 0.071759 0.011719
0 0.464120 0.369401 0.025463 0.033073
0 0.280556 0.719661 0.056481 0.014844
0 0.823380 0.361328 0.049537 0.016927
0 0.973380 0.417578 0.016204 0.051302
0 0.277083 0.502214 0.021759 0.038281
0 0.341898 0.538672 0.021759 0.038281
0 0.253935 0.767578 0.021759 0.037760
0 0.159028 0.901953 0.054167 0.014844
0 0.818750 0.412370 0.021759 0.035677
0 0.506250 0.101172 0.063426 0.012240
0 0.267824 0.367839 0.021759 0.035156
0 0.703009 0.092057 0.049537 0.014844
0 0.270139 0.783464 0.026389 0.027865
0 0.756250 0.798828 0.026389 0.027344
0 0.531713 0.457943 0.058796 0.012240
0 0.734259 0.611589 0.056481 0.012240
0 0.531713 0.824479 0.021759 0.031771
0 0.165509 0.845964 0.020833 0.033073
0 0.785648 0.818620 0.069444 0.009635
0 0.788194 0.672786 0.016204 0.040885
0 0.922917 0.606380 0.017130 0.038281
0 0.047917 0.494401 0.017130 0.038281
0 0.249306 0.605078 0.068056 0.009635
0 0.700694 0.199870 0.017130 0.037760
0 0.242361 0.401953 0.063426 0.009635
0 0.288657 0.760026 0.017130 0.033073
0 0.503472 0.748307 0.057870 0.009635
0 0.225463 0.380859 0.060185 0.009115
0 0.605787 0.333984 0.058796 0.009115
0 0.385880 0.361979 0.017130 0.031250
0 0.244213 0.251563 0.048611 0.010937
0 0.746991 0.592057 0.017130 0.030469
0 0.918287 0.118099 0.054167 0.009635
0 0.126620 0.472266 0.017130 0.030469
0 0.140046 0.136328 0.053241 0.009635
0 0.395139 0.521484 0.054167 0.009115
0 0.968750 0.373307 0.016204 0.030469
0 0.904398 0.717969 0.017130 0.028646
0 0.821065 0.739193 0.017130 0.027865
0 0.605787 0.769141 0.021759 0.020052
0 0.466898 0.299089 0.012500 0.033073
0 0.609954 0.088151 0.048611 0.007031
