0 0.439120 0.718359 0.095833 0.111198
0 0.184491 0.844661 0.095833 0.103385
0 0.540972 0.618099 0.225463 0.040885
0 0.528935 0.839453 0.155093 0.046094
0 0.895139 0.674089 0.072685 0.069531
0 0.524769 0.875911 0.137500 0.035677
0 0.635417 0.759375 0.127315 0.036979
0 0.159028 0.774349 0.044907 0.087760
0 0.959954 0.439714 0.054167 0.069531
0 0.281713 0.873307 0.132870 0.025260
0 0.734259 0.758724 0.102778 0.030469
0 0.490046 0.797786 0.095833 0.030469
0 0.749306 0.849870 0.114352 0.020052
0 0.818750 0.071224 0.040278 0.056510
0 0.355787 0.828776 0.114352 0.019531
0 0.281713 0.747656 0.086574 0.023958
0 0.466898 0.516927 0.031019 0.062500
0 0.788657 0.054297 0.035648 0.053906
0 0.413657 0.675130 0.035648 0.050781
0 0.057176 0.766536 0.026389 0.066927
0 0.948380 0.075130 0.031019 0.053906
0 0.906713 0.830339 0.095833 0.017448
0 0.617361 0.614193 0.072685 0.022656
0 0.797454 0.111589 0.025463 0.064323
0 0.589120 0.172786 0.108796 0.014844
0 0.955324 0.128906 0.026389 0.046875
0 0.857639 0.105078 0.034722 0.035677
0 0.165972 0.728776 0.021759 0.053906
0 0.686806 0.132161 0.035648 0.032552
0 0.785880 0.562760 0.020833 0.050000
0 0.846528 0.054297 0.031019 0.033073
0 0.078009 0.245703 0.021759 0.046094
0 0.640509 0.922786 0.054167 0.014844
0 0.188657 0.545182 0.011574 0.030469
