0 0.645139 0.851172 0.220833 0.069531
0 0.550231 0.619401 0.197685 0.048698
0 0.328009 0.875651 0.169907 0.055990
0 0.163194 0.618099 0.164352 0.051302
0 0.926389 0.224219 0.144444 0.050000
0 0.895139 0.771745 0.118981 0.040885
0 0.811806 0.829036 0.109722 0.035677
0 0.446065 0.758073 0.109722 0.034375
0 0.325694 0.609635 0.035648 0.102083
0 0.244676 0.558854 0.058796 0.057813
0 0.605787 0.872005 0.142130 0.022656
0 0.376620 0.800391 0.100463 0.030469
0 0.200231 0.123307 0.099537 0.030469
0 0.709954 0.892839 0.128241 0.022656
0 0.288194 0.775651 0.053241 0.053906
0 0.807176 0.671224 0.035648 0.063802
0 0.290972 0.682552 0.040278 0.055208
0 0.148148 0.153255 0.097222 0.022656
0 0.846528 0.510026 0.095833 0.022656
0 0.154398 0.883724 0.044907 0.046094
0 0.844907 0.441016 0.129630 0.014844
0 0.278935 0.519141 0.127315 0.014844
0 0.096528 0.505469 0.031019 0.060417
0 0.811806 0.344661 0.035648 0.051302
0 0.323380 0.914974 0.086574 0.020052
0 0.531713 0.843099 0.095833 0.016927
0 0.788657 0.068620 0.100463 0.014844
0 0.649769 0.225911 0.063426 0.022135
0 0.450694 0.913411 0.072685 0.016927
0 0.375463 0.918880 0.070370 0.017448
0 0.506250 0.855078 0.081944 0.014844
0 0.643287 0.911068 0.094907 0.012240
0 0.466898 0.118099 0.077315 0.014844
0 0.260417 0.551432 0.025463 0.042969
0 0.971065 0.061849 0.030093 0.032552
0 0.962269 0.254557 0.021759 0.042969
0 0.375000 0.157161 0.078704 0.009635
0 0.631250 0.926693 0.054167 0.012240
0 0.455324 0.051693 0.054167 0.012240
0 0.304861 0.141536 0.068056 0.009635
0 0.015509 0.602734 0.026389 0.024740
0 0.986574 0.157812 0.024074 0.026562
0 0.988889 0.207682 0.019444 0.032552
0 0.447917 0.085547 0.048611 0.012240
0 0.077546 0.414974 0.011574 0.035677
0 0.707639 0.640234 0.058796 0.007031
0 0.096528 0.993099 0.040278 0.009635
