0 0.429861 0.379818 0.132870 0.033073
0 0.133565 0.414062 0.049537 0.085938
0 0.432176 0.547526 0.100463 0.035156
0 0.659028 0.405859 0.100463 0.033073
0 0.624306 0.726172 0.058796 0.053906
0 0.802546 0.339844 0.054167 0.052083
0 0.068750 0.198828 0.049537 0.056510
0 0.165972 0.517578 0.049537 0.053385
0 0.084491 0.184505 0.043981 0.059115
0 0.473380 0.549089 0.053241 0.048698
0 0.777083 0.104427 0.086574 0.029167
0 0.837269 0.781901 0.049537 0.050781
0 0.586111 0.258073 0.102778 0.023958
0 0.897454 0.651953 0.095833 0.025260
0 0.420602 0.507422 0.049537 0.048698
0 0.087269 0.606380 0.049537 0.048698
0 0.807176 0.170182 0.091204 0.025260
0 0.628935 0.357682 0.049537 0.046094
0 0.167824 0.890234 0.081019 0.027865
0 0.115046 0.702734 0.031019 0.069531
0 0.793287 0.662370 0.026389 0.077344
0 0.475694 0.167578 0.039352 0.051302
0 0.177546 0.236589 0.044907 0.043490
0 0.063657 0.747005 0.030093 0.064323
0 0.277083 0.875911 0.095833 0.020052
0 0.475000 0.138932 0.093519 0.020052
0 0.904398 0.174089 0.081944 0.022656
0 0.765509 0.321224 0.026389 0.066927
0 0.878935 0.478776 0.040278 0.043490
0 0.665972 0.718359 0.040278 0.043490
0 0.531713 0.714453 0.086574 0.020052
0 0.707639 0.261328 0.114352 0.014844
0 0.253935 0.574479 0.040278 0.042188
0 0.561343 0.533464 0.034722 0.048698
0 0.897454 0.363281 0.040278 0.041667
0 0.774769 0.566016 0.035648 0.046094
0 0.742361 0.422786 0.035648 0.046094
0 0.867361 0.323828 0.035648 0.046094
0 0.682176 0.274089 0.081944 0.019531
0 0.795139 0.305859 0.039352 0.040365
0 0.540972 0.657161 0.105093 0.014844
0 0.230787 0.555599 0.077315 0.020052
0 0.473380 0.699870 0.090278 0.016927
0 0.281250 0.676693 0.067130 0.022656
0 0.177546 0.724870 0.072685 0.020052
0 0.682176 0.339453 0.072685 0.020052
0 0.737731 0.138932 0.072685 0.020052
0 0.043287 0.888932 0.035648 0.040885
0 0.043287 0.728776 0.026389 0.053906
0 0.753935 0.858984 0.021759 0.064323
0 0.934028 0.263932 0.039352 0.035677
0 0.493056 0.516536 0.092593 0.014844
0 0.311806 0.731380 0.035648 0.038281
0 0.302546 0.470964 0.035648 0.038281
0 0.867361 0.108333 0.063426 0.021354
0 0.312963 0.558203 0.037963 0.035677
0 0.684491 0.374349 0.031019 0.042969
0 0.832639 0.900391 0.031019 0.042969
0 0.899769 0.890885 0.035648 0.036979
0 0.086806 0.439714 0.030093 0.043490
0 0.328009 0.619401 0.105093 0.012240
0 0.267824 0.207943 0.105093 0.012240
0 0.216898 0.464453 0.031019 0.040885
0 0.839583 0.527604 0.026389 0.047396
0 0.374306 0.185547 0.031019 0.040365
0 0.924074 0.463151 0.028704 0.043490
0 0.251157 0.377214 0.025463 0.048698
0 0.371991 0.576432 0.026389 0.046094
0 0.654398 0.448828 0.026389 0.046094
0 0.624306 0.280859 0.068056 0.017448
0 0.957639 0.309505 0.031019 0.038281
0 0.339583 0.854427 0.026389 0.044792
0 0.108102 0.624609 0.035648 0.033073
0 0.700694 0.455339 0.035648 0.033073
0 0.890509 0.249609 0.035648 0.033073
0 0.609954 0.554688 0.020833 0.054688
0 0.452546 0.680599 0.076389 0.014844
0 0.033565 0.473568 0.025463 0.043490
0 0.561806 0.353776 0.063426 0.017448
0 0.751620 0.154557 0.072685 0.014844
0 0.071065 0.571224 0.026389 0.040885
0 0.219213 0.823828 0.026389 0.040885
0 0.393981 0.718359 0.061111 0.017448
0 0.605787 0.585547 0.021759 0.048698
0 0.725694 0.713542 0.020833 0.049479
0 0.103009 0.513672 0.071759 0.014323
0 0.765509 0.658464 0.017130 0.059115
0 0.668287 0.299089 0.026389 0.038281
0 0.626620 0.132422 0.081944 0.012240
0 0.277083 0.394141 0.021759 0.046094
0 0.515509 0.499609 0.081944 0.012240
0 0.038657 0.452474 0.026389 0.037760
0 0.565278 0.547786 0.024074 0.040885
0 0.730787 0.570573 0.021759 0.044792
0 0.618519 0.506120 0.065741 0.014844
0 0.697222 0.545573 0.028704 0.033854
0 0.367361 0.473307 0.081944 0.011719
0 0.348843 0.666016 0.081944 0.011719
0 0.549074 0.611328 0.056481 0.016927
0 0.628935 0.640234 0.021759 0.043490
0 0.578009 0.546484 0.021759 0.043490
0 0.763194 0.426693 0.021759 0.043490
0 0.499306 0.610286 0.031019 0.030469
0 0.212269 0.526953 0.031019 0.030469
0 0.334954 0.590755 0.054167 0.017448
0 0.140509 0.886328 0.063426 0.014844
0 0.366204 0.546224 0.079630 0.011719
0 0.822917 0.309505 0.020833 0.043490
0 0.084491 0.669922 0.025463 0.035156
0 0.071065 0.869401 0.072685 0.012240
0 0.221528 0.378255 0.021759 0.040365
0 0.469213 0.992448 0.063426 0.013542
0 0.628935 0.513932 0.086574 0.009635
0 0.163657 0.661068 0.017130 0.048698
0 0.596528 0.205078 0.049537 0.016927
0 0.059491 0.139583 0.021759 0.036979
0 0.603472 0.493099 0.054167 0.014844
0 0.686806 0.427995 0.081944 0.009635
0 0.480324 0.491536 0.067130 0.011719
0 0.422917 0.114193 0.063426 0.012240
0 0.487731 0.297135 0.017130 0.044792
0 0.411343 0.416276 0.021759 0.033073
0 0.953009 0.525651 0.021759 0.033073
0 0.473843 0.433203 0.017130 0.040885
0 0.753935 0.704688 0.021759 0.031771
0 0.470370 0.480078 0.070370 0.009635
0 0.660880 0.184245 0.020833 0.032552
0 0.793287 0.143880 0.072685 0.009115
0 0.582639 0.568620 0.021759 0.030469
0 0.751620 0.382422 0.017130 0.038281
0 0.619676 0.474870 0.068056 0.009635
0 0.274306 0.504818 0.053241 0.012240
0 0.700694 0.689453 0.017130 0.037760
0 0.824537 0.122656 0.047222 0.013542
0 0.831481 0.261328 0.065741 0.009635
0 0.768981 0.090755 0.051852 0.012240
0 0.830324 0.479427 0.017130 0.035937
0 0.709954 0.318620 0.063426 0.009635
0 0.506250 0.107682 0.063426 0.009635
0 0.964583 0.847266 0.017130 0.035677
0 0.446065 0.659766 0.063426 0.009635
0 0.476157 0.361589 0.021759 0.027865
0 0.302083 0.435807 0.016204 0.035677
0 0.108102 0.684505 0.017130 0.033073
0 0.446065 0.648047 0.044907 0.012240
0 0.454861 0.296484 0.016204 0.033073
0 0.708796 0.381120 0.014815 0.035677
0 0.779398 0.125911 0.017130 0.030469
0 0.441435 0.093359 0.072685 0.007031
0 0.857639 0.295573 0.016204 0.031250
0 0.513194 0.590755 0.021759 0.022656
0 0.142824 0.857682 0.049537 0.009635
0 0.348843 0.567318 0.017130 0.027865
0 0.119676 0.357682 0.021759 0.020052
0 0.094213 0.504557 0.063426 0.006510
0 0.374306 0.506120 0.040278 0.009635
0 0.561806 0.041016 0.026389 0.006510
