0 0.288657 0.489193 0.137500 0.033073
0 0.508565 0.583333 0.114352 0.039062
0 0.378935 0.401042 0.068056 0.065104
0 0.800231 0.509375 0.068056 0.063021
0 0.582639 0.454036 0.114352 0.035677
0 0.705324 0.483984 0.063426 0.059115
0 0.913657 0.784505 0.128241 0.024740
0 0.475694 0.782161 0.104167 0.030469
0 0.105787 0.361328 0.049537 0.063802
0 0.909028 0.676042 0.044907 0.068229
0 0.596528 0.511328 0.049537 0.056510
0 0.353472 0.857682 0.054167 0.051302
0 0.816435 0.326432 0.044907 0.056510
0 0.716898 0.424089 0.031019 0.074740
0 0.484954 0.519792 0.039352 0.057813
0 0.753935 0.438151 0.040278 0.055990
0 0.693750 0.347266 0.086574 0.025260
0 0.851157 0.386979 0.095833 0.021354
0 0.559491 0.646094 0.031019 0.065625
0 0.543287 0.058203 0.100463 0.020052
0 0.156713 0.127214 0.086574 0.022656
0 0.837269 0.715755 0.086574 0.022656
0 0.304861 0.110286 0.031019 0.061719
0 0.915972 0.544531 0.031019 0.055208
0 0.963426 0.538411 0.070370 0.022135
0 0.661343 0.243099 0.068056 0.020052
0 0.547917 0.163672 0.109722 0.012240
0 0.517824 0.638932 0.021759 0.056510
0 0.765046 0.537109 0.034722 0.035156
0 0.235417 0.316016 0.077315 0.014844
0 0.064120 0.222266 0.031019 0.030469
0 0.110417 0.227474 0.021759 0.040885
0 0.524769 0.733984 0.063426 0.012240
0 0.177546 0.060547 0.072685 0.009115
0 0.455324 0.239844 0.044907 0.013542
