0 0.198380 0.881120 0.243981 0.056510
0 0.536343 0.619401 0.225463 0.048698
0 0.408565 0.892839 0.155093 0.048698
0 0.524769 0.274349 0.054167 0.066927
0 0.940278 0.589453 0.116667 0.030469
0 0.935648 0.220964 0.125926 0.022656
0 0.209491 0.732682 0.043981 0.061719
0 0.547917 0.357682 0.044907 0.056510
0 0.693750 0.161719 0.086574 0.029167
0 0.500463 0.103776 0.051852 0.048698
0 0.395139 0.884766 0.081944 0.027344
0 0.431713 0.907161 0.108796 0.020052
0 0.619676 0.317318 0.123611 0.017448
0 0.654398 0.038672 0.091204 0.022656
0 0.221528 0.550391 0.077315 0.025260
0 0.846528 0.067318 0.105093 0.017448
0 0.853472 0.679948 0.035648 0.050000
0 0.839120 0.222266 0.034722 0.051302
0 0.894676 0.055599 0.034722 0.051302
0 0.719213 0.189714 0.100463 0.017448
0 0.230787 0.374349 0.095833 0.016927
0 0.858565 0.812109 0.071759 0.022656
0 0.958796 0.748307 0.079630 0.020052
0 0.295602 0.439714 0.114352 0.012240
0 0.181713 0.280859 0.025463 0.053906
0 0.965741 0.099609 0.065741 0.019531
0 0.865046 0.099870 0.031019 0.040885
0 0.656713 0.059505 0.095833 0.012240
0 0.730324 0.045182 0.057870 0.020052
0 0.121991 0.861589 0.091204 0.012240
0 0.128935 0.295182 0.021759 0.051302
0 0.656713 0.762630 0.021759 0.048698
0 0.056713 0.338151 0.016204 0.053906
0 0.728009 0.093359 0.071759 0.012240
0 0.466898 0.299089 0.021759 0.033073
0 0.098843 0.993099 0.044907 0.009635
