0 0.700694 0.154297 0.183796 0.040365
0 0.915972 0.250911 0.058796 0.108594
0 0.661343 0.586849 0.077315 0.077344
0 0.598843 0.222005 0.072685 0.066406
0 0.205324 0.900391 0.118981 0.037760
0 0.453009 0.724870 0.058796 0.056510
0 0.371991 0.551693 0.118981 0.027865
0 0.839583 0.572917 0.044907 0.065104
0 0.149769 0.282161 0.091204 0.030469
0 0.909028 0.355078 0.091204 0.030469
0 0.369676 0.699219 0.040278 0.067708
0 0.647454 0.340755 0.040278 0.064323
0 0.895139 0.386979 0.091204 0.026562
0 0.855787 0.749609 0.086574 0.027865
0 0.683333 0.756120 0.093519 0.025260
0 0.723843 0.463151 0.035648 0.064323
0 0.936806 0.525651 0.100463 0.022656
0 0.728472 0.857682 0.109722 0.020052
0 0.116204 0.776693 0.088889 0.024740
0 0.337269 0.491797 0.040278 0.053906
0 0.484954 0.416276 0.039352 0.053906
0 0.163657 0.168880 0.035648 0.059115
0 0.316435 0.651953 0.044907 0.046094
0 0.267824 0.434505 0.031019 0.064323
0 0.649769 0.432552 0.081944 0.023958
0 0.205324 0.861589 0.044907 0.043490
0 0.615046 0.682943 0.077315 0.024740
0 0.807176 0.765234 0.081944 0.022656
0 0.256250 0.097266 0.072685 0.025260
0 0.177546 0.771745 0.072685 0.025260
0 0.631250 0.773047 0.100463 0.017448
0 0.439815 0.628516 0.041667 0.040885
0 0.554398 0.861589 0.094907 0.017448
0 0.971528 0.704036 0.040278 0.040885
0 0.358102 0.879818 0.072685 0.022656
0 0.686806 0.504818 0.072685 0.022656
0 0.661343 0.879818 0.068056 0.022656
0 0.332176 0.233984 0.039352 0.038281
0 0.464583 0.891536 0.100463 0.014844
0 0.742361 0.204036 0.100463 0.014844
0 0.332639 0.412370 0.031019 0.046094
0 0.656713 0.180599 0.095833 0.014844
0 0.420602 0.601172 0.114352 0.012240
0 0.401620 0.097266 0.039352 0.035677
0 0.191435 0.183203 0.026389 0.051302
0 0.800231 0.491797 0.031019 0.043490
0 0.790972 0.437109 0.031019 0.043490
0 0.459954 0.335807 0.035648 0.037760
0 0.561343 0.737891 0.090278 0.014844
0 0.934491 0.534505 0.068056 0.019531
0 0.358102 0.655208 0.035648 0.036979
0 0.981944 0.546484 0.033333 0.038281
0 0.830324 0.357682 0.063426 0.020052
0 0.128935 0.238542 0.021759 0.057813
0 0.718750 0.106380 0.071759 0.017448
0 0.806713 0.569922 0.025463 0.048698
0 0.682176 0.194922 0.100463 0.012240
0 0.637731 0.693359 0.085648 0.014323
0 0.515509 0.717057 0.081944 0.014844
0 0.131250 0.383464 0.026389 0.045573
0 0.772454 0.085547 0.068056 0.017448
0 0.841435 0.470964 0.030093 0.038281
0 0.219213 0.135026 0.026389 0.043490
0 0.309028 0.094661 0.076389 0.014844
0 0.749306 0.638932 0.021759 0.051302
0 0.589583 0.832943 0.091204 0.012240
0 0.618519 0.233724 0.028704 0.037760
0 0.626620 0.493099 0.026389 0.040885
0 0.621991 0.524349 0.026389 0.040885
0 0.455324 0.414714 0.026389 0.040365
0 0.591898 0.523047 0.021759 0.048698
0 0.721528 0.241797 0.058796 0.017448
0 0.455324 0.877214 0.026389 0.038281
0 0.934491 0.776953 0.068056 0.014844
0 0.980787 0.253516 0.021759 0.046094
0 0.895139 0.416276 0.081944 0.012240
0 0.712269 0.560807 0.021759 0.046094
0 0.859954 0.427995 0.067130 0.014844
0 0.975694 0.657813 0.030093 0.031771
0 0.281713 0.481380 0.021759 0.043490
0 0.540972 0.502214 0.021759 0.043490
0 0.321065 0.707943 0.054167 0.017448
0 0.321065 0.605078 0.026389 0.035677
0 0.876620 0.407161 0.063426 0.014844
0 0.138194 0.431641 0.021759 0.042969
0 0.251620 0.666276 0.017130 0.053906
0 0.445602 0.467057 0.025463 0.035677
0 0.980787 0.589193 0.021759 0.040365
0 0.398611 0.288411 0.051852 0.016927
0 0.984259 0.826432 0.028704 0.030469
0 0.746991 0.228776 0.026389 0.033073
0 0.179861 0.899349 0.058796 0.014844
0 0.943750 0.242448 0.021759 0.039583
0 0.177083 0.252214 0.025463 0.033073
0 0.193750 0.131120 0.086574 0.009635
0 0.781713 0.184505 0.021759 0.038281
0 0.832639 0.069922 0.068056 0.012240
0 0.637731 0.749609 0.067130 0.012240
0 0.321065 0.107682 0.054167 0.014844
0 0.451852 0.224870 0.019444 0.040885
0 0.816435 0.245703 0.081944 0.009635
0 0.659028 0.235026 0.026389 0.029948
0 0.182176 0.115234 0.026389 0.029948
0 0.534028 0.192318 0.063426 0.012240
0 0.619676 0.102474 0.021759 0.035677
0 0.529398 0.301693 0.063426 0.012240
0 0.337269 0.131120 0.021759 0.035677
0 0.149306 0.659766 0.016204 0.046094
0 0.131250 0.153255 0.017130 0.043490
0 0.142361 0.740495 0.020833 0.035677
0 0.867361 0.499609 0.026389 0.027865
0 0.177546 0.194922 0.026389 0.027865
0 0.674074 0.763932 0.075000 0.009635
0 0.212269 0.283464 0.021759 0.033073
0 0.744676 0.181901 0.021759 0.033073
0 0.517824 0.869401 0.058796 0.012240
0 0.281713 0.637370 0.021759 0.032552
0 0.242361 0.316016 0.072685 0.009635
0 0.826852 0.801693 0.056481 0.012240
0 0.413657 0.485286 0.026389 0.025260
0 0.691435 0.842057 0.026389 0.025260
0 0.196065 0.213151 0.054167 0.012240
0 0.422454 0.258464 0.016204 0.040365
0 0.712731 0.378516 0.067130 0.009635
0 0.277083 0.375260 0.077315 0.008333
0 0.249306 0.159766 0.021759 0.029427
0 0.413657 0.693620 0.063426 0.009635
0 0.344213 0.839453 0.017130 0.035677
0 0.084954 0.700130 0.017130 0.033073
0 0.670139 0.097266 0.057870 0.009635
0 0.561806 0.538672 0.044907 0.012240
0 0.409028 0.657161 0.017130 0.030469
0 0.726157 0.660807 0.058796 0.006510
0 0.993519 0.719661 0.010185 0.035677
0 0.589583 0.475911 0.054167 0.006510
0 0.991204 0.566667 0.014815 0.021354
0 0.612731 0.030599 0.026389 0.006510
0 0.765509 0.996354 0.026389 0.005729
0 0.665509 0.997656 0.020833 0.003125
