0 0.876620 0.667188 0.091204 0.114583
0 0.853472 0.536719 0.072685 0.102083
0 0.929167 0.313411 0.138889 0.040885
0 0.619676 0.157161 0.068056 0.077344
0 0.663657 0.444922 0.072685 0.069531
0 0.561806 0.773047 0.118981 0.038281
0 0.937963 0.386068 0.121296 0.029948
0 0.758565 0.077083 0.114352 0.031771
0 0.943287 0.328385 0.104167 0.034375
0 0.714583 0.556901 0.100463 0.033073
0 0.888194 0.402995 0.114352 0.027344
0 0.804398 0.397786 0.057870 0.053385
0 0.167824 0.385026 0.053241 0.053906
0 0.897454 0.276953 0.142130 0.020052
0 0.846528 0.635026 0.040278 0.064323
0 0.503935 0.682943 0.086574 0.029948
0 0.093750 0.778255 0.090278 0.027865
0 0.689120 0.081641 0.049537 0.046094
0 0.561806 0.372005 0.081944 0.027865
0 0.823380 0.743099 0.040278 0.056510
0 0.853472 0.454036 0.035648 0.061719
0 0.793287 0.535417 0.128241 0.016146
0 0.353472 0.605078 0.100463 0.020052
0 0.141667 0.090104 0.093519 0.021354
0 0.837269 0.164974 0.040278 0.046094
0 0.950694 0.231380 0.035648 0.048698
0 0.162500 0.059505 0.098148 0.017448
0 0.890046 0.757161 0.025463 0.063802
0 0.807176 0.275651 0.091204 0.017448
0 0.950694 0.708984 0.026389 0.055990
0 0.153704 0.355078 0.097222 0.014844
0 0.598380 0.170182 0.025463 0.056510
0 0.495833 0.732682 0.070370 0.020052
0 0.742361 0.043620 0.081944 0.016927
0 0.871528 0.239193 0.108796 0.012240
0 0.185648 0.452474 0.024074 0.053385
0 0.207639 0.519141 0.021759 0.056510
0 0.760880 0.169531 0.035648 0.034375
0 0.943287 0.302734 0.057870 0.019531
0 0.901620 0.844661 0.020833 0.051302
0 0.355787 0.062109 0.077315 0.012240
0 0.693750 0.728776 0.021759 0.043490
0 0.355787 0.038672 0.068056 0.012240
0 0.698380 0.929297 0.040278 0.012240
0 0.608102 0.028255 0.035648 0.012240
0 0.098843 0.993099 0.044907 0.009635
0 0.865046 0.509375 0.012500 0.029167
