0 0.219213 0.677734 0.072685 0.066406
0 0.527083 0.869401 0.114352 0.038281
0 0.880787 0.825130 0.062500 0.064323
0 0.054861 0.717057 0.049537 0.077344
0 0.288657 0.829036 0.118981 0.030469
0 0.034028 0.836589 0.054167 0.061198
0 0.362731 0.834245 0.035648 0.087760
0 0.528241 0.631771 0.098148 0.031771
0 0.582176 0.305339 0.048611 0.061198
0 0.146296 0.644141 0.093519 0.030469
0 0.270139 0.257161 0.100463 0.027344
0 0.089583 0.675781 0.100463 0.026042
0 0.488889 0.614193 0.093519 0.027865
0 0.362731 0.787370 0.128241 0.020052
0 0.711111 0.377214 0.047222 0.053906
0 0.259722 0.864193 0.088889 0.027865
0 0.515509 0.429297 0.044907 0.053906
0 0.073380 0.468359 0.049537 0.048698
0 0.904398 0.590755 0.081944 0.027865
0 0.036343 0.763932 0.049537 0.046094
0 0.450231 0.222266 0.090278 0.025260
0 0.767824 0.774089 0.049537 0.045573
0 0.079861 0.599870 0.043981 0.051302
0 0.920139 0.550781 0.039352 0.057292
0 0.831481 0.136979 0.047222 0.047396
0 0.131250 0.853776 0.044907 0.048698
0 0.235417 0.231380 0.123611 0.017448
0 0.251620 0.378516 0.044907 0.046094
0 0.392824 0.125260 0.077315 0.026562
0 0.059491 0.441667 0.077315 0.026562
0 0.904398 0.164974 0.100463 0.020052
0 0.821759 0.476172 0.046296 0.043490
0 0.101157 0.351172 0.040278 0.048698
0 0.273611 0.783203 0.033333 0.058594
0 0.464583 0.744401 0.035648 0.053906
0 0.314120 0.388932 0.095833 0.020052
0 0.344213 0.571224 0.091204 0.020052
0 0.529398 0.185807 0.035648 0.051302
0 0.828009 0.775000 0.031019 0.057813
0 0.147454 0.241797 0.040278 0.043490
0 0.161343 0.575130 0.040278 0.043490
0 0.121991 0.618750 0.081944 0.021354
0 0.839583 0.541276 0.035648 0.048698
0 0.499306 0.469661 0.086574 0.020052
0 0.763194 0.132161 0.077315 0.022135
0 0.485417 0.344661 0.040278 0.040885
0 0.459954 0.808203 0.026389 0.061719
0 0.446759 0.676693 0.092593 0.017448
0 0.321065 0.509766 0.072685 0.022135
0 0.806019 0.635026 0.070370 0.022656
0 0.742361 0.197526 0.026389 0.059115
0 0.432176 0.319271 0.072685 0.021354
0 0.485417 0.266536 0.077315 0.020052
0 0.147454 0.629818 0.068056 0.022656
0 0.693750 0.306901 0.068056 0.022656
0 0.564120 0.510026 0.068056 0.022656
0 0.693750 0.832943 0.040278 0.038281
0 0.571065 0.337891 0.035648 0.042969
0 0.971528 0.801693 0.021759 0.069531
0 0.193287 0.254818 0.067130 0.022656
0 0.642824 0.236589 0.086574 0.017448
0 0.855787 0.244401 0.086574 0.017448
0 0.564120 0.779297 0.077315 0.019531
0 0.776620 0.523047 0.085648 0.017448
0 0.682176 0.776953 0.026389 0.056510
0 0.068287 0.262891 0.067130 0.022135
0 0.234954 0.158464 0.030093 0.048698
0 0.344213 0.232682 0.035648 0.040885
0 0.862731 0.224870 0.035648 0.040885
0 0.515046 0.503516 0.025463 0.056510
0 0.633565 0.219661 0.095833 0.014844
0 0.339583 0.255469 0.035648 0.039583
0 0.211806 0.875911 0.039352 0.035677
0 0.922917 0.418620 0.063426 0.022135
0 0.371991 0.244792 0.035648 0.039062
0 0.272454 0.341146 0.031019 0.044271
0 0.145139 0.177995 0.091204 0.014844
0 0.913657 0.756120 0.026389 0.051302
0 0.302546 0.547786 0.091204 0.014844
0 0.133565 0.533464 0.031019 0.043490
0 0.832176 0.914974 0.067130 0.020052
0 0.038194 0.801693 0.034722 0.038281
0 0.714583 0.220964 0.026389 0.048698
0 0.878472 0.879818 0.104167 0.012240
0 0.337269 0.164974 0.031019 0.040885
0 0.455324 0.473568 0.072685 0.017448
0 0.936806 0.386589 0.035648 0.035156
0 0.910185 0.330339 0.028704 0.043490
0 0.408565 0.576432 0.034722 0.035677
0 0.878935 0.726823 0.031019 0.039583
0 0.635880 0.388932 0.081944 0.014844
0 0.543287 0.727474 0.026389 0.046094
0 0.883102 0.455339 0.067130 0.017448
0 0.702546 0.258724 0.057870 0.020052
0 0.038657 0.504818 0.026389 0.043490
0 0.844213 0.174089 0.026389 0.043490
0 0.895139 0.288672 0.026389 0.043490
0 0.175231 0.386328 0.021759 0.051302
0 0.207639 0.836589 0.021759 0.050781
0 0.190972 0.879818 0.025463 0.043490
0 0.450694 0.580339 0.063426 0.017448
0 0.330324 0.650651 0.063426 0.017448
0 0.797454 0.666276 0.062500 0.017448
0 0.111574 0.258073 0.024074 0.044792
0 0.774769 0.352474 0.026389 0.040885
0 0.904398 0.464453 0.072685 0.014844
0 0.631250 0.373307 0.072685 0.014844
0 0.524769 0.784505 0.026389 0.040365
0 0.814120 0.400651 0.086574 0.012240
0 0.828009 0.327734 0.021759 0.048698
0 0.304861 0.773047 0.031019 0.033073
0 0.300231 0.520443 0.031019 0.033073
0 0.675231 0.715755 0.031019 0.033073
0 0.079167 0.352474 0.033333 0.030469
0 0.402083 0.339453 0.068056 0.014844
0 0.865046 0.144141 0.068056 0.014844
0 0.538194 0.440365 0.025463 0.039583
0 0.101157 0.133724 0.021759 0.046094
0 0.140509 0.135026 0.081944 0.012240
0 0.094213 0.410807 0.026389 0.037760
0 0.445602 0.890234 0.081019 0.012240
0 0.841898 0.688151 0.021759 0.045573
0 0.057176 0.161719 0.072685 0.013542
0 0.052083 0.400651 0.025463 0.038281
0 0.152083 0.600521 0.086574 0.010937
0 0.147454 0.166276 0.077315 0.012240
0 0.281713 0.481380 0.077315 0.012240
0 0.286343 0.637630 0.077315 0.012240
0 0.036343 0.365495 0.031019 0.030469
0 0.344213 0.758724 0.063426 0.014844
0 0.855787 0.647786 0.077315 0.011719
0 0.128472 0.314714 0.020833 0.043490
0 0.506250 0.326432 0.017130 0.051302
0 0.598380 0.176693 0.071759 0.012240
0 0.578009 0.727474 0.058796 0.014844
0 0.911343 0.560156 0.021759 0.039583
0 0.323380 0.267839 0.021759 0.038281
0 0.186806 0.912370 0.054167 0.014844
0 0.696065 0.191016 0.017130 0.046094
0 0.367361 0.315755 0.054167 0.014323
0 0.783565 0.836849 0.016204 0.046094
0 0.216898 0.242448 0.021759 0.034375
0 0.399769 0.744141 0.063426 0.011719
0 0.609954 0.758724 0.076389 0.009635
0 0.823380 0.360286 0.049537 0.014844
0 0.948380 0.351172 0.021759 0.033073
0 0.207639 0.482422 0.077315 0.009115
0 0.376620 0.271745 0.017130 0.040885
0 0.654398 0.490495 0.017130 0.040885
0 0.776620 0.317318 0.020833 0.033073
0 0.668287 0.289714 0.072685 0.009115
0 0.420602 0.232682 0.021759 0.030469
0 0.682176 0.241797 0.017130 0.038281
0 0.684491 0.151953 0.068056 0.009635
0 0.624306 0.146745 0.068056 0.009635
0 0.672917 0.503516 0.017130 0.035677
0 0.172917 0.120703 0.017130 0.035677
0 0.520139 0.331380 0.017130 0.035156
0 0.859954 0.622005 0.048611 0.012240
0 0.703009 0.512630 0.047685 0.012240
0 0.080324 0.822526 0.017130 0.033073
0 0.821065 0.545182 0.017130 0.030469
0 0.163657 0.299740 0.017130 0.029167
0 0.888194 0.267839 0.021759 0.022656
0 0.462269 0.090755 0.021759 0.022656
0 0.615046 0.709245 0.049537 0.009635
0 0.154398 0.372005 0.017130 0.027865
0 0.765509 0.551693 0.063426 0.007031
0 0.840741 0.309505 0.019444 0.022656
0 0.392824 0.266536 0.021759 0.020052
0 0.104630 0.555990 0.019444 0.020833
0 0.709491 0.435807 0.016204 0.020052
