0 0.311806 0.887630 0.211574 0.027865
0 0.630093 0.716797 0.135185 0.035156
0 0.244213 0.805339 0.131944 0.035156
0 0.068750 0.671484 0.058796 0.069531
0 0.760880 0.763932 0.109722 0.035677
0 0.441435 0.847266 0.035648 0.103385
0 0.928704 0.019141 0.139815 0.025260
0 0.605787 0.662370 0.058796 0.056510
0 0.619676 0.780208 0.123611 0.026562
0 0.244676 0.718099 0.040278 0.079427
0 0.825694 0.332682 0.054167 0.058594
0 0.900926 0.833984 0.056481 0.055990
0 0.862269 0.239193 0.053241 0.059115
0 0.746991 0.198828 0.118981 0.025260
0 0.253935 0.774349 0.049537 0.056510
0 0.450694 0.537370 0.044907 0.061719
0 0.383565 0.439714 0.095833 0.027865
0 0.624306 0.187109 0.049537 0.053906
0 0.573380 0.756771 0.123611 0.021354
0 0.237731 0.155859 0.091204 0.027865
0 0.586806 0.386328 0.048611 0.051302
0 0.826852 0.625911 0.047222 0.051302
0 0.520139 0.658464 0.044907 0.053906
0 0.168287 0.370703 0.035648 0.066927
0 0.408565 0.747005 0.043981 0.053906
0 0.369676 0.704036 0.049537 0.046094
0 0.128935 0.170182 0.049537 0.046094
0 0.573380 0.282161 0.040278 0.056510
0 0.727315 0.355078 0.033333 0.066927
0 0.450694 0.441016 0.035648 0.061719
0 0.652083 0.269141 0.086574 0.025260
0 0.313657 0.779557 0.085648 0.025260
0 0.341435 0.383464 0.085648 0.024740
0 0.413657 0.839453 0.044907 0.046094
0 0.543287 0.500911 0.044907 0.046094
0 0.547917 0.533464 0.091204 0.022656
0 0.034028 0.500911 0.035648 0.056510
0 0.522454 0.572526 0.086574 0.022656
0 0.290972 0.616797 0.086574 0.022656
0 0.205324 0.598177 0.035648 0.054688
0 0.527778 0.466797 0.078704 0.024740
0 0.969213 0.257682 0.044907 0.042969
0 0.152083 0.289974 0.095833 0.020052
0 0.709954 0.477214 0.026389 0.071615
0 0.429861 0.696224 0.040278 0.046094
0 0.436806 0.640234 0.081944 0.022656
0 0.557176 0.355078 0.044907 0.040885
0 0.594213 0.709245 0.035648 0.051302
0 0.064120 0.900651 0.077315 0.022656
0 0.698380 0.328385 0.031019 0.055208
0 0.662037 0.409766 0.041667 0.040885
0 0.230787 0.536068 0.031019 0.053906
0 0.774769 0.559505 0.072685 0.022656
0 0.853472 0.161068 0.072685 0.022656
0 0.538657 0.224870 0.081944 0.020052
0 0.246991 0.365495 0.081944 0.020052
0 0.065972 0.146745 0.081019 0.020052
0 0.711111 0.282813 0.075000 0.021354
0 0.483102 0.783464 0.091204 0.017448
0 0.530093 0.410417 0.074074 0.021354
0 0.618519 0.409766 0.037963 0.040885
0 0.066435 0.775651 0.035648 0.043490
0 0.869676 0.878516 0.077315 0.020052
0 0.892824 0.210547 0.068056 0.022656
0 0.318750 0.507422 0.031019 0.048698
0 0.746991 0.508724 0.026389 0.056510
0 0.332639 0.696224 0.021759 0.066927
0 0.473843 0.758724 0.072685 0.020052
0 0.501157 0.375911 0.071759 0.020052
0 0.260417 0.568620 0.034722 0.040885
0 0.341898 0.573568 0.031019 0.045573
0 0.156713 0.591797 0.031019 0.045573
0 0.179861 0.780859 0.021759 0.064323
0 0.293287 0.684245 0.063426 0.022135
0 0.591435 0.651953 0.039352 0.035677
0 0.800231 0.794531 0.031019 0.044792
0 0.121991 0.254557 0.081944 0.016927
0 0.830324 0.506120 0.091204 0.014844
0 0.272454 0.608984 0.077315 0.017448
0 0.760880 0.650000 0.035648 0.036979
0 0.642824 0.382161 0.077315 0.016927
0 0.915972 0.366146 0.031019 0.042188
0 0.554861 0.808203 0.086574 0.014844
0 0.376157 0.556250 0.034722 0.036979
0 0.422917 0.777995 0.026389 0.048177
0 0.649769 0.672786 0.035648 0.035677
0 0.196065 0.623307 0.035648 0.035677
0 0.758565 0.730078 0.031019 0.040885
0 0.133565 0.717057 0.031019 0.040885
0 0.832176 0.297786 0.030093 0.040885
0 0.219213 0.482682 0.026389 0.046094
0 0.867361 0.641536 0.026389 0.046094
0 0.402083 0.411068 0.068056 0.017448
0 0.693750 0.378516 0.058796 0.020052
0 0.795602 0.442318 0.021759 0.053906
0 0.321065 0.546484 0.035648 0.033073
0 0.251157 0.672135 0.062500 0.018750
0 0.378935 0.652995 0.031019 0.037760
0 0.548380 0.698177 0.062500 0.018750
0 0.424769 0.325130 0.067130 0.017448
0 0.640509 0.463151 0.026389 0.043490
0 0.216898 0.761328 0.021759 0.051302
0 0.105787 0.404557 0.031019 0.035677
0 0.471528 0.834245 0.031019 0.035677
0 0.598843 0.106380 0.063426 0.017448
0 0.640046 0.372005 0.062500 0.017448
0 0.793287 0.618099 0.026389 0.040885
0 0.939120 0.569922 0.021759 0.048698
0 0.876620 0.733984 0.026389 0.038281
0 0.485417 0.555599 0.068056 0.014844
0 0.631250 0.418880 0.026389 0.038281
0 0.786343 0.344661 0.021759 0.046094
0 0.709954 0.546224 0.026389 0.037760
0 0.170602 0.455339 0.077315 0.012240
0 0.378935 0.778255 0.021759 0.043490
0 0.772454 0.572526 0.077315 0.012240
0 0.571065 0.201432 0.026389 0.035677
0 0.348843 0.641536 0.026389 0.035677
0 0.221528 0.689063 0.021759 0.042188
0 0.743056 0.411068 0.074074 0.012240
0 0.670602 0.630469 0.031019 0.029167
0 0.325694 0.786068 0.072685 0.012240
0 0.675231 0.808203 0.021759 0.040885
0 0.811806 0.666276 0.072685 0.012240
0 0.177546 0.728776 0.026389 0.033073
0 0.753472 0.584245 0.057870 0.014844
0 0.492361 0.595703 0.072685 0.011719
0 0.615046 0.360286 0.086574 0.009635
0 0.103472 0.728776 0.017130 0.048698
0 0.795602 0.858984 0.068056 0.012240
0 0.230787 0.622005 0.021759 0.038281
0 0.036343 0.749609 0.021759 0.038281
0 0.356944 0.905599 0.070370 0.011719
0 0.188657 0.546484 0.067130 0.012240
0 0.355787 0.709896 0.021759 0.036979
0 0.885880 0.662370 0.026389 0.030469
0 0.538657 0.735286 0.017130 0.046094
0 0.932176 0.774349 0.017130 0.046094
0 0.909028 0.689714 0.017130 0.043490
0 0.536343 0.783464 0.021759 0.033073
0 0.115046 0.498047 0.077315 0.009115
0 0.687963 0.612891 0.047222 0.014844
0 0.564120 0.590104 0.021759 0.031771
0 0.612037 0.127214 0.055556 0.012240
0 0.043287 0.848568 0.017130 0.038281
0 0.383565 0.886328 0.068056 0.009635
0 0.112731 0.666276 0.017130 0.038281
0 0.034028 0.424089 0.017130 0.038281
0 0.283565 0.733984 0.053241 0.012240
0 0.286343 0.866797 0.021759 0.027865
0 0.081481 0.235286 0.019444 0.030469
0 0.859954 0.580078 0.048611 0.011719
0 0.892824 0.107682 0.021759 0.025260
0 0.506944 0.706641 0.055556 0.009635
0 0.468056 0.685807 0.014815 0.035677
0 0.214583 0.823828 0.054167 0.009635
0 0.589583 0.409766 0.054167 0.009635
0 0.190278 0.184245 0.042593 0.011719
0 0.450694 0.747005 0.017130 0.027865
0 0.746991 0.640234 0.017130 0.027865
0 0.117361 0.482682 0.044907 0.009635
0 0.853009 0.681901 0.016204 0.022656
0 0.915509 0.624609 0.011574 0.027865
0 0.142824 0.696224 0.012500 0.025260
0 0.731944 0.997656 0.014815 0.003125
