0 0.110417 0.983333 0.216204 0.031771
0 0.274769 0.595703 0.183796 0.032552
0 0.926389 0.482682 0.144444 0.030469
0 0.487731 0.104427 0.146759 0.029167
0 0.698380 0.576432 0.114352 0.035677
0 0.575694 0.336849 0.137500 0.025260
0 0.189120 0.390234 0.123611 0.027865
0 0.902083 0.291276 0.123611 0.027865
0 0.341898 0.551042 0.058796 0.057813
0 0.321065 0.413672 0.100463 0.033073
0 0.256250 0.266536 0.054167 0.060677
0 0.941435 0.361979 0.109722 0.028646
0 0.596528 0.777995 0.095833 0.032552
0 0.172917 0.542318 0.100463 0.029948
0 0.162500 0.413672 0.107407 0.027865
0 0.788194 0.719661 0.118056 0.025260
0 0.832639 0.275651 0.049537 0.059115
0 0.858102 0.735677 0.054167 0.052083
0 0.660185 0.801693 0.121296 0.022656
0 0.943750 0.425391 0.040278 0.066927
0 0.770139 0.450781 0.044907 0.055208
0 0.087269 0.207943 0.049537 0.048698
0 0.598843 0.299089 0.081944 0.027865
0 0.672917 0.731120 0.100463 0.022135
0 0.649306 0.770182 0.099537 0.022135
0 0.638194 0.093359 0.095833 0.022656
0 0.719213 0.618750 0.044907 0.047396
0 0.391204 0.305599 0.083333 0.025260
0 0.822917 0.763932 0.104167 0.020052
0 0.726157 0.482682 0.040278 0.051302
0 0.564120 0.618750 0.095833 0.021354
0 0.705324 0.785807 0.091204 0.022135
0 0.432176 0.740495 0.035648 0.056510
0 0.390046 0.461198 0.043981 0.044792
0 0.323380 0.239193 0.040278 0.048698
0 0.675231 0.748307 0.077315 0.025260
0 0.216898 0.331641 0.095833 0.020052
0 0.425231 0.487891 0.095833 0.020052
0 0.506250 0.161068 0.109722 0.017448
0 0.709954 0.538672 0.081944 0.022656
0 0.670139 0.719401 0.094907 0.019531
0 0.334954 0.433203 0.072685 0.025260
0 0.682176 0.490495 0.044907 0.040885
0 0.520139 0.701432 0.091204 0.020052
0 0.492361 0.531250 0.035648 0.049479
0 0.927546 0.528255 0.035648 0.048698
0 0.582639 0.209245 0.086574 0.020052
0 0.385880 0.777995 0.026389 0.063802
0 0.230787 0.115495 0.040278 0.040885
0 0.191435 0.136328 0.035648 0.046094
0 0.714583 0.163672 0.026389 0.059115
0 0.205324 0.236589 0.026389 0.059115
0 0.376620 0.632422 0.035648 0.043490
0 0.751620 0.538672 0.035648 0.043490
0 0.703009 0.687109 0.040278 0.038281
0 0.901620 0.629818 0.039352 0.038281
0 0.529398 0.735286 0.100463 0.014844
0 0.564815 0.376953 0.125000 0.011719
0 0.613889 0.895443 0.037963 0.038281
0 0.832639 0.805599 0.031019 0.046094
0 0.811806 0.192318 0.081944 0.017448
0 0.922917 0.150651 0.026389 0.053906
0 0.378935 0.691016 0.095833 0.014844
0 0.865046 0.177344 0.031019 0.044792
0 0.102315 0.266276 0.070370 0.019531
0 0.733102 0.674740 0.100463 0.013542
0 0.242361 0.390234 0.035648 0.038281
0 0.893981 0.469661 0.033333 0.040885
0 0.865046 0.872005 0.077315 0.017448
0 0.609954 0.269141 0.067130 0.020052
0 0.512731 0.788672 0.076389 0.017448
0 0.228472 0.471354 0.072685 0.018229
0 0.510880 0.642188 0.035648 0.036979
0 0.434491 0.677344 0.068056 0.018750
0 0.196065 0.495703 0.063426 0.020052
0 0.927546 0.508724 0.035648 0.035677
0 0.354167 0.360286 0.083333 0.014844
0 0.344213 0.327734 0.100463 0.012240
0 0.436806 0.079036 0.081944 0.014844
0 0.450694 0.605078 0.081944 0.014844
0 0.418287 0.435807 0.081944 0.014844
0 0.334954 0.458984 0.026389 0.045573
0 0.865046 0.098568 0.031019 0.038281
0 0.911343 0.749609 0.068056 0.017448
0 0.735417 0.123307 0.058796 0.020052
0 0.566435 0.668880 0.035648 0.033073
0 0.160880 0.094661 0.057870 0.020052
0 0.753472 0.172786 0.057870 0.020052
0 0.207639 0.344661 0.077315 0.014844
0 0.981944 0.099219 0.033333 0.034375
0 0.170602 0.302995 0.031019 0.035677
0 0.707639 0.594401 0.031019 0.035156
0 0.635880 0.802995 0.072685 0.014844
0 0.746528 0.821875 0.025463 0.042188
0 0.351157 0.166276 0.086574 0.012240
0 0.638194 0.757422 0.086574 0.012240
0 0.480787 0.366797 0.021759 0.048698
0 0.244676 0.218359 0.031019 0.033073
0 0.131250 0.463802 0.054167 0.018750
0 0.608102 0.655859 0.081944 0.012240
0 0.321065 0.194661 0.026389 0.037760
0 0.626157 0.127214 0.081019 0.012240
0 0.786343 0.277995 0.058796 0.016927
0 0.860417 0.114193 0.021759 0.043490
0 0.696065 0.194922 0.072685 0.012240
0 0.730787 0.414974 0.021759 0.040885
0 0.333796 0.502865 0.065741 0.013542
0 0.329167 0.155859 0.070370 0.012240
0 0.684028 0.826432 0.057870 0.014844
0 0.404398 0.718099 0.072685 0.011719
0 0.390509 0.181641 0.072685 0.011719
0 0.739583 0.150651 0.030093 0.027865
0 0.267361 0.741797 0.030093 0.027865
0 0.156713 0.150651 0.021759 0.038281
0 0.943750 0.908464 0.021759 0.038281
0 0.470370 0.429297 0.028704 0.027865
0 0.214583 0.278255 0.063426 0.012240
0 0.527083 0.136328 0.021759 0.035677
0 0.841898 0.534766 0.021759 0.035677
0 0.255787 0.766276 0.025463 0.029948
0 0.881250 0.827734 0.017130 0.043490
0 0.959954 0.530859 0.017130 0.043490
0 0.444444 0.515234 0.060185 0.012240
0 0.540972 0.646745 0.049537 0.014844
0 0.480787 0.504818 0.058796 0.012240
0 0.832639 0.661068 0.021759 0.033073
0 0.374306 0.511068 0.077315 0.009115
0 0.903935 0.421484 0.016204 0.043490
0 0.517361 0.680339 0.048611 0.014323
0 0.336806 0.720964 0.020833 0.033073
0 0.157870 0.441016 0.070370 0.009635
0 0.228472 0.849870 0.026389 0.025260
0 0.508565 0.750911 0.021759 0.030469
0 0.682176 0.515234 0.017130 0.038281
0 0.311806 0.455339 0.017130 0.038281
0 0.293287 0.523047 0.017130 0.038281
0 0.982639 0.729818 0.016204 0.040365
0 0.424074 0.526953 0.065741 0.009635
0 0.439120 0.483333 0.021759 0.029167
0 0.778935 0.525391 0.016204 0.037760
0 0.844213 0.144141 0.063426 0.009635
0 0.988889 0.313411 0.019444 0.030469
0 0.991204 0.848568 0.014815 0.038281
0 0.135880 0.629818 0.017130 0.033073
0 0.365509 0.704036 0.057870 0.009635
0 0.631250 0.493750 0.017130 0.031771
0 0.334491 0.664974 0.016204 0.030469
0 0.991204 0.702474 0.014815 0.032552
0 0.082639 0.292578 0.049537 0.009635
0 0.267824 0.585286 0.040278 0.011719
0 0.814120 0.249349 0.040278 0.011719
0 0.991204 0.133724 0.014815 0.030469
0 0.608102 0.030599 0.026389 0.006510
0 0.659028 0.997656 0.026389 0.003125
0 0.760417 0.997656 0.016204 0.003125
