0 0.538657 0.616797 0.230093 0.048698
0 0.846528 0.302995 0.179167 0.046094
0 0.476157 0.834245 0.132870 0.040885
0 0.878935 0.237891 0.114352 0.035677
0 0.800231 0.230078 0.040278 0.098177
0 0.871991 0.425651 0.054167 0.071615
0 0.774769 0.372005 0.128241 0.027865
0 0.825694 0.511719 0.109722 0.031250
0 0.295602 0.204036 0.058796 0.056510
0 0.772454 0.286068 0.169907 0.017448
0 0.402083 0.192708 0.049537 0.059896
0 0.767824 0.123307 0.095833 0.030469
0 0.817593 0.439974 0.047222 0.058594
0 0.869676 0.129818 0.049537 0.053906
0 0.888194 0.843359 0.049537 0.053906
0 0.915972 0.209896 0.095833 0.026562
0 0.256250 0.430599 0.044907 0.051302
0 0.209954 0.831641 0.091204 0.025260
0 0.834954 0.077474 0.100463 0.022135
0 0.822917 0.255859 0.048611 0.045573
0 0.733102 0.432943 0.035648 0.061198
0 0.941435 0.108984 0.091204 0.022656
0 0.939120 0.144141 0.040278 0.046094
0 0.103472 0.752214 0.026389 0.069531
0 0.779398 0.099870 0.118981 0.014844
0 0.275926 0.289323 0.093519 0.018750
0 0.185648 0.170182 0.042593 0.040885
0 0.913657 0.087891 0.100463 0.016927
0 0.154398 0.115495 0.035648 0.046094
0 0.626620 0.342057 0.109722 0.014844
0 0.981944 0.455078 0.033333 0.042969
0 0.790972 0.213151 0.021759 0.064323
0 0.517824 0.140885 0.031019 0.044792
0 0.198380 0.394141 0.021759 0.061719
0 0.101157 0.168880 0.021759 0.059115
0 0.862731 0.337891 0.026389 0.048177
0 0.867361 0.811458 0.026389 0.047396
0 0.943750 0.075130 0.095833 0.012240
0 0.334954 0.715755 0.091204 0.012240
0 0.755787 0.584896 0.025463 0.042188
0 0.932176 0.443359 0.026389 0.040365
0 0.260880 0.691016 0.017130 0.056510
0 0.432639 0.714193 0.062500 0.014323
0 0.818750 0.182943 0.021759 0.035156
0 0.621991 0.870703 0.072685 0.009635
0 0.124306 0.118490 0.021759 0.031250
0 0.432176 0.459245 0.063426 0.009635
0 0.899769 0.162370 0.017130 0.035677
0 0.968056 0.118099 0.061111 0.009635
0 0.098843 0.990495 0.044907 0.009635
0 0.848843 0.231120 0.063426 0.006510
