0 0.071065 0.581641 0.054167 0.098177
0 0.360417 0.825781 0.179167 0.029167
0 0.598843 0.829036 0.072685 0.066927
0 0.582639 0.578776 0.068056 0.066406
0 0.203009 0.625000 0.151389 0.023438
0 0.267824 0.476172 0.105093 0.033073
0 0.126620 0.692318 0.100463 0.033073
0 0.420602 0.387630 0.049537 0.064323
0 0.378935 0.136068 0.105093 0.029948
0 0.374306 0.618099 0.049537 0.061719
0 0.263194 0.302995 0.049537 0.061719
0 0.286343 0.516536 0.095833 0.030469
0 0.323380 0.417578 0.114352 0.025260
0 0.156713 0.289974 0.114352 0.025260
0 0.126620 0.162370 0.091204 0.030469
0 0.494676 0.742839 0.049537 0.050781
0 0.744676 0.251953 0.105093 0.022135
0 0.888194 0.105078 0.049537 0.046094
0 0.939120 0.641536 0.040278 0.056510
0 0.138194 0.753255 0.049537 0.045573
0 0.795602 0.198568 0.049537 0.045573
0 0.758565 0.702734 0.095833 0.022656
0 0.712269 0.851172 0.095833 0.022656
0 0.401620 0.775651 0.094907 0.022656
0 0.628935 0.231120 0.040278 0.053385
0 0.654398 0.653255 0.091204 0.022656
0 0.132407 0.718359 0.047222 0.043490
0 0.075231 0.529557 0.043981 0.046094
0 0.871991 0.705339 0.044907 0.043490
0 0.126620 0.260026 0.044907 0.043490
0 0.855787 0.102474 0.040278 0.046094
0 0.249306 0.365495 0.123611 0.014844
0 0.690972 0.533464 0.081019 0.022656
0 0.223843 0.125911 0.072685 0.025260
0 0.904398 0.641276 0.035648 0.050781
0 0.195602 0.417578 0.090278 0.020052
0 0.084954 0.482682 0.118981 0.014844
0 0.904398 0.489844 0.072685 0.023958
0 0.380093 0.753516 0.042593 0.040885
0 0.508565 0.349870 0.086574 0.020052
0 0.016667 0.643490 0.033333 0.050000
0 0.554861 0.818620 0.040278 0.040885
0 0.712269 0.461849 0.040278 0.040885
0 0.828009 0.175391 0.077315 0.020052
0 0.082176 0.435807 0.030093 0.051302
0 0.749306 0.418880 0.068056 0.022656
0 0.874306 0.582943 0.040278 0.038281
0 0.439120 0.317318 0.040278 0.038281
0 0.337269 0.468359 0.031019 0.048698
0 0.818287 0.752214 0.039352 0.038281
0 0.811806 0.579036 0.072685 0.020052
0 0.700694 0.334245 0.072685 0.020052
0 0.871991 0.141536 0.035648 0.040885
0 0.619676 0.200781 0.077315 0.018750
0 0.788657 0.263672 0.035648 0.040365
0 0.420602 0.507422 0.021759 0.064323
0 0.260880 0.398047 0.035648 0.038281
0 0.402083 0.795182 0.068056 0.020052
0 0.936806 0.237891 0.026389 0.051302
0 0.752778 0.670182 0.037963 0.035677
0 0.809491 0.404557 0.021759 0.061719
0 0.561806 0.525651 0.109722 0.012240
0 0.823380 0.166276 0.077315 0.017448
0 0.521991 0.701172 0.067130 0.019531
0 0.495139 0.677734 0.067130 0.019531
0 0.514352 0.223568 0.075000 0.017448
0 0.795602 0.668229 0.031019 0.042188
0 0.859259 0.437500 0.019444 0.065104
0 0.145139 0.469661 0.063426 0.020052
0 0.538657 0.161068 0.072685 0.017448
0 0.339120 0.550130 0.062500 0.019531
0 0.807176 0.797786 0.081944 0.014844
0 0.969213 0.339453 0.026389 0.046094
0 0.811806 0.693620 0.026389 0.046094
0 0.552083 0.409766 0.081019 0.014844
0 0.962269 0.137630 0.031019 0.038281
0 0.744676 0.108984 0.068056 0.017448
0 0.267824 0.869401 0.095833 0.012240
0 0.457639 0.713151 0.095833 0.012240
0 0.714583 0.890234 0.035648 0.033073
0 0.758565 0.189714 0.021759 0.053906
0 0.352315 0.638672 0.033333 0.035156
0 0.809491 0.296224 0.031019 0.037760
0 0.802546 0.439714 0.026389 0.043490
0 0.644676 0.640234 0.090278 0.012240
0 0.640509 0.180599 0.072685 0.014844
0 0.125000 0.196224 0.023148 0.046094
0 0.547454 0.844661 0.071759 0.014844
0 0.615046 0.793880 0.021759 0.048698
0 0.083333 0.463151 0.060185 0.017448
0 0.841898 0.635417 0.031019 0.033854
0 0.167130 0.407161 0.070370 0.014844
0 0.802083 0.740495 0.025463 0.040885
0 0.121991 0.387630 0.026389 0.038281
0 0.723843 0.595964 0.026389 0.038281
0 0.471528 0.855078 0.068056 0.014844
0 0.498843 0.457943 0.057870 0.017448
0 0.834491 0.152604 0.062500 0.016146
0 0.242361 0.132422 0.081944 0.012240
0 0.536343 0.438411 0.021759 0.046094
0 0.744676 0.198828 0.021759 0.046094
0 0.688657 0.378516 0.067130 0.014844
0 0.874306 0.815755 0.021759 0.045573
0 0.770139 0.861328 0.081944 0.011719
0 0.672454 0.416016 0.025463 0.037760
0 0.539815 0.749609 0.019444 0.048698
0 0.652083 0.614193 0.021759 0.043490
0 0.619676 0.605729 0.058796 0.016146
0 0.105787 0.215755 0.021759 0.043490
0 0.221528 0.702734 0.021759 0.043490
0 0.936806 0.723568 0.054167 0.017448
0 0.235417 0.529557 0.031019 0.030469
0 0.909028 0.196224 0.026389 0.035677
0 0.621991 0.628516 0.063426 0.014844
0 0.538657 0.620703 0.063426 0.014844
0 0.841898 0.199870 0.021759 0.042969
0 0.797917 0.322526 0.072685 0.012240
0 0.781713 0.615495 0.021759 0.040885
0 0.413194 0.207943 0.071759 0.012240
0 0.168287 0.176693 0.026389 0.033073
0 0.082639 0.198177 0.021759 0.039583
0 0.594213 0.785807 0.026389 0.032552
0 0.874306 0.677083 0.021759 0.039062
0 0.191898 0.199870 0.071759 0.011719
0 0.689120 0.777604 0.021759 0.036979
0 0.746991 0.474870 0.026389 0.030469
0 0.582176 0.395443 0.020833 0.038281
0 0.763194 0.901563 0.021759 0.036458
0 0.858102 0.581641 0.017130 0.046094
0 0.381250 0.463151 0.063426 0.012240
0 0.407870 0.599870 0.014815 0.051302
0 0.714583 0.432292 0.017130 0.044271
0 0.547917 0.559505 0.017130 0.043490
0 0.485417 0.108333 0.068056 0.010937
0 0.119676 0.519141 0.049537 0.014844
0 0.330324 0.588151 0.026389 0.027865
0 0.520139 0.390495 0.026389 0.027344
0 0.915972 0.525651 0.021759 0.033073
0 0.735417 0.692318 0.058796 0.012240
0 0.841898 0.528255 0.058796 0.012240
0 0.485417 0.775651 0.058796 0.012240
0 0.369213 0.344010 0.085648 0.008333
0 0.837269 0.511068 0.049537 0.014323
0 0.344213 0.524349 0.017130 0.040885
0 0.242361 0.191016 0.072685 0.009635
0 0.502778 0.369401 0.056481 0.012240
0 0.815972 0.631120 0.016204 0.040885
0 0.413657 0.696224 0.044907 0.014844
0 0.510880 0.133724 0.044907 0.014844
0 0.621991 0.744401 0.054167 0.012240
0 0.057176 0.617839 0.026389 0.024740
0 0.373843 0.162370 0.067130 0.009635
0 0.643981 0.800391 0.042593 0.014844
0 0.244676 0.740234 0.068056 0.009115
0 0.790509 0.358984 0.020833 0.027865
0 0.163657 0.233984 0.017130 0.033073
0 0.728472 0.145443 0.044907 0.012240
0 0.509722 0.481380 0.042593 0.012240
0 0.948380 0.358984 0.021759 0.022656
0 0.013194 0.741797 0.021759 0.022656
0 0.806713 0.521484 0.016204 0.029948
0 0.777083 0.334245 0.049537 0.009635
0 0.751620 0.608724 0.017130 0.027344
0 0.764352 0.579036 0.014815 0.030469
0 0.693750 0.602474 0.040278 0.009635
0 0.253935 0.810807 0.040278 0.009635
0 0.267824 0.724870 0.031019 0.009635
