0 0.937963 0.924740 0.121296 0.148958
0 0.131250 0.847266 0.063426 0.098177
0 0.703009 0.162370 0.058796 0.066927
0 0.784028 0.595703 0.054167 0.069010
0 0.367361 0.853776 0.128241 0.027865
0 0.723843 0.487891 0.054167 0.061719
0 0.163657 0.416276 0.100463 0.033073
0 0.841898 0.516536 0.058796 0.056510
0 0.394676 0.366797 0.099537 0.033073
0 0.535880 0.748307 0.094907 0.030469
0 0.363889 0.552995 0.112037 0.025260
0 0.635880 0.866146 0.044907 0.063021
0 0.192130 0.519141 0.092593 0.030469
0 0.339583 0.388932 0.054167 0.051302
0 0.844213 0.461849 0.054167 0.051302
0 0.402083 0.908464 0.095833 0.027865
0 0.656713 0.364193 0.049537 0.053906
0 0.855787 0.749349 0.095833 0.027344
0 0.503935 0.413672 0.114352 0.022656
0 0.865046 0.595964 0.040278 0.064323
0 0.249306 0.474870 0.049537 0.051302
0 0.774769 0.684245 0.091204 0.027344
0 0.429398 0.744401 0.048611 0.048698
0 0.450694 0.274349 0.091204 0.025260
0 0.168287 0.645443 0.081944 0.027865
0 0.765509 0.547786 0.044907 0.050260
0 0.779398 0.216406 0.091204 0.023958
0 0.441435 0.594401 0.035648 0.061198
0 0.936343 0.379818 0.043981 0.048698
0 0.359954 0.105078 0.141204 0.014844
0 0.237731 0.378516 0.044907 0.046094
0 0.670602 0.332292 0.031019 0.063021
0 0.899769 0.257161 0.044907 0.042969
0 0.154398 0.181901 0.109722 0.017448
0 0.251157 0.200130 0.043981 0.043490
0 0.513194 0.326432 0.040278 0.046094
0 0.575231 0.327734 0.081019 0.022656
0 0.899769 0.636328 0.072685 0.025260
0 0.659028 0.386328 0.044907 0.040885
0 0.753935 0.648698 0.040278 0.044792
0 0.763194 0.265234 0.077315 0.022656
0 0.131250 0.281510 0.072685 0.023958
0 0.591898 0.193620 0.086574 0.020052
0 0.793287 0.133724 0.081944 0.020052
0 0.529398 0.852474 0.035648 0.046094
0 0.582639 0.406901 0.040278 0.040365
0 0.667130 0.848568 0.033333 0.048698
0 0.568750 0.462240 0.031019 0.052083
0 0.959954 0.134766 0.072685 0.022135
0 0.598843 0.770443 0.091204 0.017448
0 0.814120 0.633073 0.040278 0.039583
0 0.512037 0.240885 0.037963 0.041667
0 0.441435 0.419141 0.026389 0.058594
0 0.249306 0.172786 0.077315 0.020052
0 0.059491 0.619401 0.040278 0.038281
0 0.203009 0.254818 0.040278 0.038281
0 0.601157 0.525651 0.040278 0.038281
0 0.216898 0.244401 0.040278 0.038281
0 0.091898 0.142839 0.040278 0.038281
0 0.721528 0.322266 0.040278 0.037760
0 0.082639 0.562109 0.031019 0.048698
0 0.142361 0.461589 0.104167 0.014323
0 0.212269 0.358724 0.031019 0.048177
0 0.473843 0.672786 0.026389 0.056510
0 0.668287 0.586849 0.100463 0.014844
0 0.716898 0.407813 0.031019 0.047396
0 0.258565 0.293229 0.031019 0.047396
0 0.763194 0.487891 0.021759 0.066927
0 0.821065 0.105078 0.035648 0.040885
0 0.867361 0.344661 0.035648 0.040885
0 0.981944 0.184505 0.033333 0.043490
0 0.821065 0.796484 0.081944 0.017448
0 0.432176 0.160807 0.063426 0.022135
0 0.089120 0.373047 0.071759 0.019531
0 0.553704 0.170182 0.093519 0.014844
0 0.119213 0.596615 0.020833 0.065625
0 0.541667 0.429297 0.078704 0.017448
0 0.325694 0.461849 0.026389 0.051302
0 0.212269 0.786719 0.095833 0.013542
0 0.520139 0.503516 0.035648 0.035677
0 0.584954 0.107682 0.063426 0.020052
0 0.909028 0.856380 0.072685 0.017448
0 0.297917 0.319922 0.072685 0.017448
0 0.734954 0.719661 0.030093 0.040885
0 0.182176 0.571224 0.026389 0.046094
0 0.194907 0.280599 0.070370 0.016927
0 0.397454 0.848568 0.068056 0.017448
0 0.777083 0.447526 0.031019 0.038281
0 0.816435 0.338802 0.026389 0.044792
0 0.420602 0.299089 0.095833 0.012240
0 0.601157 0.460547 0.021759 0.053906
0 0.851157 0.909766 0.077315 0.014844
0 0.707639 0.787370 0.077315 0.014844
0 0.281713 0.224870 0.077315 0.014844
0 0.362731 0.689714 0.091204 0.012240
0 0.432176 0.483984 0.063426 0.017448
0 0.522454 0.648698 0.021759 0.050000
0 0.677546 0.196224 0.072685 0.014844
0 0.566435 0.894141 0.026389 0.040885
0 0.436806 0.331641 0.072685 0.014844
0 0.478472 0.461849 0.072685 0.014844
0 0.313657 0.292578 0.020833 0.051302
0 0.909028 0.107422 0.026389 0.040365
0 0.883565 0.835547 0.086574 0.012240
0 0.693750 0.642839 0.086574 0.012240
0 0.864583 0.707943 0.085648 0.012240
0 0.865046 0.689714 0.031019 0.033073
0 0.846528 0.262630 0.031019 0.033073
0 0.837269 0.886328 0.068056 0.014844
0 0.161343 0.539974 0.068056 0.014844
0 0.119676 0.511328 0.068056 0.014844
0 0.295139 0.869401 0.057870 0.017448
0 0.707639 0.365495 0.021759 0.046094
0 0.343750 0.861589 0.081019 0.012240
0 0.365046 0.735026 0.068056 0.014323
0 0.258565 0.246094 0.031019 0.031250
0 0.388194 0.280859 0.077315 0.012240
0 0.536343 0.181901 0.077315 0.012240
0 0.235417 0.236589 0.021759 0.043490
0 0.545602 0.536068 0.021759 0.043490
0 0.850000 0.122005 0.028704 0.033073
0 0.584954 0.706641 0.063426 0.014844
0 0.362731 0.641536 0.026389 0.035677
0 0.734954 0.108984 0.076389 0.012240
0 0.149306 0.256120 0.062500 0.014844
0 0.575231 0.158464 0.053241 0.017448
0 0.429861 0.701172 0.031019 0.029948
0 0.935648 0.111589 0.024074 0.038281
0 0.484259 0.778255 0.075000 0.012240
0 0.767824 0.240495 0.021759 0.040885
0 0.486111 0.470964 0.050926 0.017448
0 0.515046 0.390625 0.025463 0.033854
0 0.344213 0.291536 0.026389 0.032552
0 0.386574 0.357682 0.027778 0.030469
0 0.521991 0.470703 0.048611 0.016927
0 0.876620 0.188411 0.026389 0.030469
0 0.779398 0.170182 0.026389 0.030469
0 0.953009 0.602865 0.021759 0.036458
0 0.189120 0.151693 0.086574 0.009115
0 0.547917 0.110286 0.017130 0.046094
0 0.339583 0.801693 0.063426 0.012240
0 0.297917 0.265234 0.063426 0.012240
0 0.591898 0.802734 0.021759 0.035156
0 0.455324 0.091797 0.081944 0.009115
0 0.383565 0.451432 0.077315 0.009635
0 0.584954 0.481120 0.017130 0.042969
0 0.693750 0.333333 0.021759 0.033854
0 0.647454 0.125911 0.049537 0.014844
0 0.126157 0.127604 0.016204 0.044271
0 0.765509 0.611328 0.026389 0.027344
0 0.390509 0.762370 0.026389 0.027344
0 0.749306 0.600911 0.021759 0.032552
0 0.177546 0.164974 0.072685 0.009635
0 0.765509 0.196224 0.017130 0.040885
0 0.617361 0.094661 0.072685 0.009635
0 0.802546 0.498047 0.017130 0.040365
0 0.943750 0.306250 0.021759 0.031771
0 0.903935 0.164974 0.016204 0.040885
0 0.649306 0.297786 0.016204 0.040885
0 0.566435 0.586849 0.026389 0.025260
0 0.146296 0.267578 0.056481 0.011719
0 0.950694 0.804297 0.017130 0.038281
0 0.561806 0.517839 0.017130 0.038281
0 0.909028 0.600521 0.017130 0.036979
0 0.436806 0.240495 0.017130 0.035677
0 0.106944 0.190365 0.070370 0.008333
0 0.726157 0.552995 0.021759 0.025260
0 0.788657 0.103516 0.044907 0.011719
0 0.871991 0.878516 0.017130 0.030469
0 0.758102 0.391276 0.020833 0.024740
0 0.191435 0.267839 0.017130 0.027865
0 0.936806 0.124609 0.017130 0.027865
0 0.918287 0.806901 0.017130 0.027865
0 0.936806 0.245703 0.017130 0.025260
0 0.452546 0.519141 0.039352 0.009635
