0 0.684491 0.120443 0.068056 0.087240
0 0.117361 0.701432 0.137500 0.030469
0 0.376620 0.425391 0.128241 0.030469
0 0.163657 0.319922 0.054167 0.059115
0 0.797917 0.506771 0.100463 0.031771
0 0.580324 0.672786 0.054167 0.056510
0 0.250000 0.448828 0.097222 0.030469
0 0.464120 0.387630 0.127315 0.022656
0 0.594213 0.558203 0.054167 0.051302
0 0.762037 0.250911 0.088889 0.030469
0 0.804861 0.120703 0.105093 0.025260
0 0.597685 0.143490 0.107407 0.023958
0 0.753935 0.737630 0.049537 0.050781
0 0.297917 0.473568 0.035648 0.069531
0 0.480787 0.864193 0.086574 0.027865
0 0.816435 0.872005 0.081944 0.027865
0 0.325694 0.174089 0.081944 0.027865
0 0.186343 0.631120 0.090278 0.025260
0 0.323380 0.560807 0.040278 0.056510
0 0.383565 0.382422 0.040278 0.053906
0 0.198380 0.723568 0.095833 0.022656
0 0.550231 0.728516 0.095833 0.022135
0 0.804861 0.748047 0.040278 0.050781
0 0.510880 0.677734 0.081944 0.024740
0 0.668287 0.816016 0.100463 0.020052
0 0.221528 0.137630 0.040278 0.048698
0 0.501620 0.830339 0.044907 0.043490
0 0.735417 0.789974 0.095833 0.020052
0 0.670602 0.144141 0.040278 0.046094
0 0.448380 0.144141 0.040278 0.046094
0 0.860417 0.695964 0.040278 0.045573
0 0.941435 0.172786 0.044907 0.040885
0 0.353472 0.888932 0.118981 0.014844
0 0.397454 0.705339 0.077315 0.022656
0 0.549769 0.111589 0.076389 0.022656
0 0.323380 0.369141 0.031019 0.053385
0 0.211111 0.476172 0.037963 0.043490
0 0.075694 0.338151 0.072685 0.022656
0 0.883565 0.865495 0.040278 0.040885
0 0.915972 0.747656 0.031019 0.050000
0 0.853472 0.403255 0.035648 0.043490
0 0.659028 0.848568 0.035648 0.043490
0 0.240046 0.502214 0.040278 0.038281
0 0.659028 0.617057 0.035648 0.042969
0 0.334491 0.298438 0.071759 0.021354
0 0.490046 0.155859 0.021759 0.069531
0 0.346065 0.801693 0.085648 0.017448
0 0.760880 0.805599 0.072685 0.020052
0 0.404398 0.573828 0.035648 0.040885
0 0.742361 0.164714 0.100463 0.014323
0 0.920602 0.373307 0.031019 0.046094
0 0.703009 0.099870 0.031019 0.046094
0 0.207639 0.531901 0.031019 0.045573
0 0.744213 0.308203 0.039352 0.035677
0 0.268981 0.607422 0.070370 0.019531
0 0.182176 0.654557 0.026389 0.051302
0 0.892824 0.814714 0.031019 0.043490
0 0.514815 0.736589 0.074074 0.017448
0 0.811806 0.642839 0.026389 0.048698
0 0.413657 0.830339 0.026389 0.048698
0 0.619213 0.802995 0.085648 0.014844
0 0.605787 0.823828 0.031019 0.040885
0 0.866898 0.148047 0.025463 0.048698
0 0.422454 0.645443 0.025463 0.048698
0 0.390046 0.836849 0.034722 0.035677
0 0.286343 0.532161 0.021759 0.056510
0 0.711806 0.659766 0.030093 0.040885
0 0.832639 0.379167 0.031019 0.039583
0 0.491204 0.111589 0.070370 0.017448
0 0.284028 0.784766 0.081944 0.014844
0 0.279398 0.308203 0.026389 0.046094
0 0.571065 0.235286 0.081944 0.014844
0 0.529398 0.769141 0.026389 0.046094
0 0.573380 0.898047 0.031019 0.038281
0 0.707639 0.856380 0.068056 0.017448
0 0.096528 0.866797 0.068056 0.017448
0 0.730787 0.142839 0.031019 0.038281
0 0.665972 0.215755 0.095833 0.012240
0 0.499306 0.448828 0.058796 0.020052
0 0.871991 0.773047 0.035648 0.033073
0 0.240046 0.756120 0.058796 0.020052
0 0.806713 0.412370 0.025463 0.046094
0 0.388194 0.267578 0.031019 0.037760
0 0.149769 0.404948 0.072685 0.015625
0 0.929861 0.284766 0.021759 0.051302
0 0.888194 0.354818 0.021759 0.050781
0 0.471528 0.177995 0.031019 0.035677
0 0.392824 0.666927 0.058796 0.018750
0 0.429861 0.844010 0.058796 0.018750
0 0.658565 0.662370 0.071759 0.014844
0 0.638194 0.228776 0.086574 0.012240
0 0.943750 0.148047 0.086574 0.012240
0 0.892824 0.470964 0.086574 0.012240
0 0.628935 0.739193 0.031019 0.033073
0 0.503935 0.707682 0.086574 0.011719
0 0.762731 0.460547 0.020833 0.048698
0 0.365046 0.862891 0.068056 0.014844
0 0.807176 0.351172 0.026389 0.038281
0 0.855324 0.322526 0.057870 0.017448
0 0.184491 0.245703 0.021759 0.046094
0 0.939120 0.552344 0.031019 0.031771
0 0.216898 0.688151 0.068056 0.014323
0 0.234954 0.740234 0.067130 0.014323
0 0.462269 0.827083 0.058796 0.016146
0 0.948380 0.739193 0.021759 0.043490
0 0.841898 0.572526 0.077315 0.012240
0 0.251620 0.653255 0.054167 0.017448
0 0.017824 0.743099 0.031019 0.030469
0 0.534028 0.882422 0.054167 0.017448
0 0.321065 0.658464 0.054167 0.017448
0 0.737731 0.241797 0.054167 0.017448
0 0.927546 0.506120 0.026389 0.035677
0 0.904398 0.580339 0.017130 0.053906
0 0.468750 0.901953 0.062500 0.014844
0 0.272454 0.568620 0.021759 0.040885
0 0.390046 0.465755 0.071759 0.012240
0 0.823380 0.847266 0.058796 0.014844
0 0.721528 0.612891 0.058796 0.014844
0 0.611574 0.612891 0.024074 0.035677
0 0.890509 0.179036 0.072685 0.011719
0 0.596528 0.126562 0.077315 0.010937
0 0.851157 0.542578 0.086574 0.009635
0 0.054861 0.629818 0.068056 0.012240
0 0.767824 0.567057 0.021759 0.037760
0 0.796759 0.681901 0.024074 0.033073
0 0.862269 0.648047 0.016204 0.048698
0 0.098843 0.144141 0.017130 0.046094
0 0.779398 0.089193 0.026389 0.029948
0 0.728472 0.205339 0.063426 0.012240
0 0.036343 0.784766 0.021759 0.035677
0 0.904398 0.095964 0.063426 0.012240
0 0.834954 0.083984 0.054167 0.014323
0 0.321065 0.479167 0.017130 0.044271
0 0.575694 0.793880 0.026389 0.027865
0 0.378935 0.556901 0.021759 0.033073
0 0.216435 0.592708 0.020833 0.034375
0 0.556713 0.400651 0.016204 0.043490
0 0.216898 0.638672 0.049537 0.014323
0 0.348843 0.407161 0.017130 0.040885
0 0.246528 0.207031 0.016204 0.041667
0 0.260880 0.616797 0.054167 0.012240
0 0.955324 0.275651 0.017130 0.038281
0 0.397454 0.756120 0.068056 0.009635
0 0.767824 0.107682 0.068056 0.009635
0 0.436343 0.753255 0.016204 0.040365
0 0.125463 0.854818 0.070370 0.009115
0 0.325694 0.267578 0.054167 0.011719
0 0.717361 0.751563 0.057870 0.010937
0 0.111574 0.802995 0.042593 0.014844
0 0.848843 0.617448 0.026389 0.023958
0 0.885417 0.236589 0.016204 0.038281
0 0.362731 0.740495 0.063426 0.009635
0 0.473843 0.482682 0.017130 0.035677
0 0.323380 0.135026 0.049537 0.012240
0 0.628935 0.111589 0.049537 0.012240
0 0.774306 0.616146 0.053241 0.010937
0 0.709491 0.594661 0.016204 0.035677
0 0.575231 0.756120 0.016204 0.035677
0 0.353009 0.813151 0.062500 0.009115
0 0.913657 0.314714 0.017130 0.033073
0 0.777083 0.896745 0.058796 0.009635
0 0.318750 0.620443 0.058796 0.009115
0 0.612731 0.724870 0.017130 0.030469
0 0.689120 0.176693 0.040278 0.012240
0 0.399769 0.218359 0.017130 0.027865
0 0.651620 0.577734 0.020833 0.022656
0 0.234954 0.668880 0.020833 0.022656
0 0.126157 0.590755 0.016204 0.027865
0 0.484954 0.417578 0.011574 0.035677
0 0.314120 0.213151 0.012500 0.033073
0 0.686806 0.710547 0.017130 0.022656
0 0.663657 0.189453 0.017130 0.022135
0 0.772454 0.839193 0.040278 0.009115
0 0.380787 0.435807 0.034722 0.009635
