0 0.254630 0.627214 0.143519 0.048698
0 0.716898 0.158464 0.132870 0.038281
0 0.855787 0.733984 0.114352 0.038281
0 0.811343 0.133724 0.043981 0.092969
0 0.817593 0.776953 0.121296 0.030469
0 0.054861 0.562109 0.058796 0.059115
0 0.147454 0.702734 0.105093 0.033073
0 0.274769 0.588802 0.100463 0.034375
0 0.652083 0.275651 0.040278 0.085156
0 0.436806 0.745703 0.054167 0.061719
0 0.811806 0.193620 0.109722 0.030469
0 0.321065 0.681901 0.100463 0.033073
0 0.052546 0.713151 0.035648 0.085156
0 0.779398 0.427734 0.118981 0.024740
0 0.346528 0.821224 0.095833 0.030469
0 0.169444 0.500911 0.047222 0.061719
0 0.824537 0.210547 0.098148 0.027865
0 0.133565 0.582943 0.095833 0.027865
0 0.841898 0.804297 0.095833 0.027865
0 0.608102 0.382422 0.044907 0.059115
0 0.476157 0.318620 0.049537 0.051302
0 0.496991 0.826432 0.100463 0.025260
0 0.774769 0.865495 0.100463 0.025260
0 0.939120 0.358984 0.031019 0.079948
0 0.763194 0.186458 0.114352 0.021354
0 0.300231 0.628255 0.095833 0.024740
0 0.064120 0.817708 0.031019 0.075521
0 0.813657 0.533464 0.039352 0.059115
0 0.561806 0.313411 0.044907 0.051302
0 0.462269 0.631120 0.151389 0.014844
0 0.709491 0.670182 0.043981 0.051302
0 0.439120 0.415365 0.086574 0.026042
0 0.590741 0.278906 0.093519 0.023958
0 0.616898 0.837891 0.081019 0.027344
0 0.189120 0.403255 0.040278 0.053906
0 0.839583 0.543229 0.044907 0.047396
0 0.094213 0.789974 0.044907 0.046094
0 0.029398 0.792578 0.044907 0.046094
0 0.318750 0.722266 0.040278 0.051302
0 0.895139 0.841797 0.044907 0.045573
0 0.881250 0.557943 0.081944 0.024740
0 0.740046 0.890234 0.114352 0.017448
0 0.203009 0.525651 0.040278 0.048698
0 0.748148 0.161068 0.084259 0.022656
0 0.258565 0.204036 0.040278 0.046094
0 0.742361 0.717057 0.072685 0.025260
0 0.409028 0.865495 0.091204 0.020052
0 0.703009 0.424740 0.040278 0.044792
0 0.801389 0.477474 0.088889 0.020052
0 0.392824 0.395443 0.040278 0.043490
0 0.108102 0.658464 0.035648 0.048698
0 0.412500 0.838151 0.098148 0.017448
0 0.749306 0.687109 0.031019 0.053906
0 0.557176 0.650651 0.072685 0.022656
0 0.035880 0.555599 0.039352 0.040885
0 0.487731 0.194922 0.091204 0.017448
0 0.607639 0.597005 0.034722 0.045573
0 0.216435 0.477474 0.030093 0.051302
0 0.621528 0.312760 0.025463 0.060417
0 0.895139 0.386719 0.026389 0.057292
0 0.193750 0.728776 0.031019 0.048698
0 0.506250 0.425391 0.100463 0.014844
0 0.626620 0.641536 0.026389 0.056510
0 0.659028 0.339844 0.035648 0.041667
0 0.807176 0.628516 0.035648 0.040885
0 0.073380 0.138932 0.031019 0.046094
0 0.802546 0.450130 0.081944 0.017448
0 0.096528 0.873307 0.031019 0.046094
0 0.439815 0.219661 0.069444 0.020052
0 0.371528 0.340495 0.118056 0.011719
0 0.737731 0.146745 0.091204 0.014844
0 0.145139 0.155208 0.063426 0.021354
0 0.545602 0.468359 0.031019 0.043490
0 0.888194 0.536068 0.077315 0.017448
0 0.536343 0.304297 0.031019 0.043490
0 0.936806 0.283724 0.035648 0.037760
0 0.336806 0.853776 0.030093 0.043490
0 0.046296 0.644141 0.087963 0.014844
0 0.546296 0.172786 0.087963 0.014844
0 0.628935 0.128516 0.086574 0.014844
0 0.374306 0.506120 0.031019 0.040885
0 0.388194 0.084245 0.031019 0.040885
0 0.748148 0.512630 0.102778 0.012240
0 0.149769 0.789323 0.035648 0.034375
0 0.274306 0.521484 0.062500 0.019531
0 0.501620 0.269141 0.081944 0.014844
0 0.200694 0.591406 0.063426 0.018750
0 0.365046 0.670182 0.058796 0.020052
0 0.093750 0.164714 0.025463 0.045573
0 0.831481 0.258464 0.056481 0.019531
0 0.690278 0.533464 0.033333 0.033073
0 0.871991 0.758724 0.072685 0.014844
0 0.344213 0.443620 0.072685 0.014844
0 0.480324 0.847266 0.030093 0.035677
0 0.265046 0.451432 0.071759 0.014844
0 0.573380 0.132422 0.021759 0.048698
0 0.204167 0.160807 0.024074 0.042969
0 0.579167 0.863932 0.061111 0.016927
0 0.907870 0.478516 0.061111 0.016927
0 0.946065 0.778646 0.026389 0.039062
0 0.693750 0.483724 0.086574 0.011719
0 0.024769 0.684505 0.026389 0.038281
0 0.670602 0.516536 0.021759 0.046094
0 0.598843 0.163672 0.081944 0.012240
0 0.297917 0.410807 0.026389 0.037760
0 0.628935 0.542318 0.021759 0.045573
0 0.179861 0.766276 0.021759 0.045573
0 0.175231 0.882161 0.058796 0.016927
0 0.175231 0.828776 0.068056 0.014323
0 0.135880 0.858724 0.081944 0.011719
0 0.751620 0.459245 0.026389 0.035677
0 0.934491 0.376563 0.021759 0.042188
0 0.656250 0.266536 0.030093 0.030469
0 0.140509 0.870443 0.063426 0.014323
0 0.238889 0.404557 0.019444 0.046094
0 0.196065 0.120703 0.017130 0.051302
0 0.246991 0.879557 0.072685 0.011719
0 0.351157 0.890234 0.068056 0.012240
0 0.534722 0.441016 0.055556 0.014844
0 0.124306 0.093099 0.021759 0.037760
0 0.362731 0.521745 0.026389 0.030469
0 0.786343 0.581380 0.086574 0.009115
0 0.406713 0.810807 0.021759 0.035677
0 0.328009 0.102474 0.021759 0.035677
0 0.042130 0.021745 0.051852 0.014844
0 0.922454 0.784766 0.016204 0.046094
0 0.195602 0.776953 0.016204 0.046094
0 0.487269 0.672786 0.016204 0.046094
0 0.439120 0.529557 0.077315 0.009635
0 0.128935 0.478776 0.021759 0.033073
0 0.263194 0.122005 0.058796 0.012240
0 0.871528 0.748307 0.071759 0.009635
0 0.312500 0.903255 0.055556 0.012240
0 0.908565 0.586849 0.016204 0.040885
0 0.936806 0.581641 0.026389 0.025260
0 0.490046 0.102474 0.021759 0.030469
0 0.140509 0.541276 0.017130 0.038281
0 0.108102 0.116797 0.017130 0.038281
0 0.182176 0.546484 0.017130 0.038281
0 0.066435 0.682943 0.026389 0.024740
0 0.464583 0.099870 0.017130 0.035677
0 0.921759 0.823177 0.070370 0.008333
0 0.307176 0.845964 0.017130 0.033073
0 0.365046 0.414974 0.021759 0.025260
0 0.451852 0.539974 0.056481 0.009635
0 0.515046 0.632422 0.043981 0.012240
0 0.431713 0.398047 0.016204 0.033073
0 0.640046 0.247005 0.016204 0.033073
0 0.519676 0.699219 0.016204 0.031250
0 0.163657 0.681901 0.017130 0.027865
0 0.561806 0.551693 0.063426 0.007031
0 0.078009 0.704036 0.021759 0.020052
0 0.540972 0.136328 0.040278 0.009635
0 0.278935 0.077734 0.053241 0.007031
0 0.464583 0.069922 0.017130 0.017448
0 0.584954 0.994401 0.026389 0.007031
