0 0.540972 0.615495 0.225463 0.046094
0 0.911343 0.878516 0.160648 0.040885
0 0.920602 0.167318 0.049537 0.108073
0 0.265509 0.157161 0.174537 0.030469
0 0.844213 0.201432 0.063426 0.072135
0 0.175231 0.243099 0.049537 0.087760
0 0.211806 0.418880 0.067130 0.064323
0 0.800231 0.085286 0.114352 0.032552
0 0.668287 0.498307 0.118981 0.030469
0 0.975000 0.686849 0.047222 0.069010
0 0.574537 0.713151 0.125926 0.022656
0 0.758565 0.643490 0.040278 0.070833
0 0.649769 0.125651 0.091204 0.029948
0 0.262731 0.497396 0.039352 0.065104
0 0.229630 0.372005 0.047222 0.053906
0 0.807176 0.038672 0.081944 0.027865
0 0.790972 0.183203 0.049537 0.046094
0 0.413657 0.838151 0.100463 0.022656
0 0.839583 0.252214 0.044907 0.048698
0 0.225000 0.335547 0.093519 0.022656
0 0.936806 0.557943 0.044907 0.045573
0 0.978009 0.821875 0.034722 0.052604
0 0.605787 0.043620 0.105093 0.016927
0 0.885880 0.879167 0.109722 0.016146
0 0.189120 0.112891 0.086574 0.020052
0 0.605787 0.066016 0.114352 0.014844
0 0.061806 0.563151 0.026389 0.061198
0 0.471528 0.386719 0.077315 0.020833
0 0.302546 0.149349 0.100463 0.014844
0 0.471065 0.407161 0.039352 0.035677
0 0.503935 0.132422 0.077315 0.017448
0 0.177546 0.134375 0.035648 0.036979
0 0.302546 0.592057 0.035648 0.035677
0 0.865046 0.123307 0.031019 0.040885
0 0.598843 0.911068 0.072685 0.017448
0 0.616898 0.282161 0.071759 0.014844
0 0.647454 0.106380 0.058796 0.017448
0 0.022454 0.558203 0.021759 0.046094
0 0.059491 0.495703 0.021759 0.046094
0 0.073380 0.205339 0.021759 0.043490
0 0.256250 0.581380 0.026389 0.035156
0 0.114583 0.180339 0.020833 0.040365
0 0.216435 0.097266 0.085648 0.009635
0 0.114583 0.671224 0.020833 0.037760
0 0.596528 0.875911 0.077315 0.009635
0 0.483102 0.052995 0.072685 0.009635
