0 0.696065 0.530208 0.081944 0.115104
0 0.538657 0.618099 0.230093 0.040885
0 0.396991 0.681901 0.085648 0.100781
0 0.961111 0.821224 0.075000 0.113802
0 0.811343 0.171875 0.071759 0.091146
0 0.094213 0.983333 0.183796 0.031771
0 0.638194 0.868099 0.160648 0.030469
0 0.089583 0.857682 0.118981 0.035677
0 0.550231 0.156901 0.114352 0.035156
0 0.679398 0.504818 0.048611 0.069531
0 0.483102 0.507422 0.044907 0.064323
0 0.332176 0.103776 0.048611 0.059115
0 0.719213 0.556641 0.044907 0.063802
0 0.381250 0.160156 0.054167 0.052083
0 0.295602 0.491797 0.040278 0.069531
0 0.135417 0.598568 0.034722 0.074740
0 0.859259 0.054297 0.112037 0.022656
0 0.492361 0.416276 0.091204 0.027865
0 0.714120 0.623307 0.099537 0.025260
0 0.605787 0.287109 0.095833 0.024740
0 0.357639 0.566016 0.043981 0.051302
0 0.088426 0.684245 0.079630 0.027344
0 0.050231 0.777604 0.077315 0.026562
0 0.471528 0.395443 0.114352 0.017448
0 0.537500 0.373958 0.079630 0.023958
0 0.207176 0.845964 0.104167 0.017448
0 0.315972 0.068359 0.043981 0.040365
0 0.450694 0.336849 0.109722 0.014844
0 0.593750 0.872005 0.071759 0.022656
0 0.603472 0.530599 0.072685 0.022135
0 0.175231 0.196224 0.031019 0.051302
0 0.290972 0.646745 0.031019 0.051302
0 0.078009 0.413672 0.031019 0.048698
0 0.665972 0.860026 0.105093 0.014323
0 0.116204 0.330339 0.024074 0.059115
0 0.841898 0.111589 0.077315 0.017448
0 0.218750 0.177995 0.034722 0.035677
0 0.124306 0.773047 0.068056 0.017448
0 0.272454 0.299089 0.021759 0.053906
0 0.439120 0.452734 0.021759 0.053906
0 0.465741 0.047786 0.075000 0.014844
0 0.691435 0.220964 0.063426 0.017448
0 0.128935 0.234375 0.021759 0.049479
0 0.225694 0.102474 0.030093 0.035677
0 0.461806 0.062109 0.085648 0.012240
0 0.934491 0.055599 0.068056 0.014844
0 0.547454 0.435807 0.025463 0.035677
0 0.172917 0.295182 0.017130 0.051302
0 0.195602 0.530859 0.016204 0.053906
0 0.223843 0.076172 0.081944 0.009115
0 0.584491 0.457682 0.062500 0.011719
0 0.064120 0.760026 0.058796 0.012240
0 0.348843 0.058594 0.026389 0.026042
0 0.378935 0.783464 0.021759 0.022656
