0 0.097685 0.982031 0.195370 0.034375
0 0.121528 0.847266 0.071759 0.077344
0 0.385880 0.866797 0.063426 0.085156
0 0.179861 0.316016 0.114352 0.035677
0 0.153935 0.137630 0.108796 0.033073
0 0.330324 0.878516 0.054167 0.061719
0 0.501620 0.773047 0.118981 0.027865
0 0.714583 0.386979 0.054167 0.052604
0 0.903935 0.071224 0.090278 0.030469
0 0.100694 0.378255 0.048611 0.055990
0 0.183333 0.737240 0.112037 0.023958
0 0.535185 0.512630 0.093519 0.027865
0 0.971065 0.212500 0.048611 0.052604
0 0.260880 0.375651 0.035648 0.066406
0 0.904398 0.641536 0.044907 0.051302
0 0.890509 0.153255 0.081944 0.027865
0 0.825694 0.564453 0.035648 0.063802
0 0.362269 0.465104 0.081019 0.026562
0 0.688657 0.886068 0.085648 0.024740
0 0.746991 0.748307 0.081944 0.025260
0 0.594213 0.571224 0.091204 0.020052
0 0.309491 0.399349 0.031019 0.056510
0 0.156713 0.375911 0.040278 0.040885
0 0.951852 0.111589 0.093519 0.017448
0 0.719213 0.198177 0.026389 0.060417
0 0.468056 0.204687 0.116667 0.010937
0 0.244676 0.605078 0.021759 0.051302
0 0.681713 0.358333 0.025463 0.042188
0 0.420602 0.762370 0.031019 0.032552
0 0.043287 0.148047 0.054167 0.017448
0 0.135880 0.460547 0.017130 0.053906
0 0.633565 0.182943 0.058796 0.014323
0 0.493056 0.465104 0.018519 0.036979
0 0.953009 0.210938 0.012500 0.028646
