0 0.096528 0.864193 0.105093 0.100781
0 0.323380 0.877214 0.160648 0.053906
0 0.663657 0.755859 0.183796 0.024740
0 0.371528 0.269141 0.108796 0.035677
0 0.274306 0.118099 0.062500 0.061719
0 0.954167 0.747005 0.042593 0.090365
0 0.709954 0.872005 0.063426 0.059115
0 0.464583 0.814714 0.063426 0.059115
0 0.558333 0.601172 0.112037 0.033073
0 0.596528 0.545182 0.058796 0.061719
0 0.881250 0.608984 0.128241 0.027865
0 0.866898 0.219661 0.062500 0.056510
0 0.824537 0.094661 0.051852 0.066927
0 0.811343 0.642839 0.043981 0.069531
0 0.110417 0.605078 0.040278 0.066927
0 0.786343 0.695964 0.040278 0.066406
0 0.159028 0.248307 0.100463 0.020052
0 0.311806 0.180599 0.118981 0.014844
0 0.554861 0.037109 0.086574 0.019531
0 0.948380 0.181901 0.095833 0.017448
0 0.619213 0.501563 0.030093 0.052604
0 0.371991 0.507161 0.035648 0.042969
0 0.969213 0.597266 0.026389 0.056510
0 0.723843 0.706641 0.100463 0.014844
0 0.350000 0.336849 0.093519 0.014844
0 0.645139 0.779557 0.091204 0.014844
0 0.568750 0.085547 0.105093 0.012240
0 0.226157 0.108984 0.095833 0.012240
0 0.170602 0.770443 0.021759 0.053906
0 0.809491 0.368099 0.021759 0.051302
0 0.859954 0.472266 0.020833 0.051302
0 0.267824 0.220964 0.031019 0.033073
0 0.316435 0.796484 0.026389 0.038281
0 0.561806 0.256120 0.100463 0.009635
0 0.693750 0.521745 0.031019 0.030469
0 0.473843 0.735286 0.026389 0.035677
0 0.140509 0.413411 0.026389 0.032552
0 0.260417 0.498307 0.016204 0.051302
0 0.098843 0.993099 0.044907 0.009635
