0 0.091898 0.980729 0.179167 0.036979
0 0.374306 0.013932 0.206944 0.025260
0 0.281713 0.120703 0.142130 0.035677
0 0.205324 0.293880 0.128241 0.038281
0 0.219213 0.505859 0.063426 0.071615
0 0.392824 0.320312 0.058796 0.065104
0 0.925231 0.252214 0.049537 0.074740
0 0.527083 0.645443 0.058796 0.059115
0 0.334954 0.744401 0.118981 0.027865
0 0.503935 0.682552 0.058796 0.055208
0 0.265509 0.891536 0.054167 0.056510
0 0.323380 0.881120 0.095833 0.030469
0 0.769676 0.749609 0.053241 0.053906
0 0.797917 0.809505 0.100463 0.027865
0 0.753935 0.429297 0.049537 0.053906
0 0.152083 0.687109 0.031019 0.085156
0 0.318287 0.780859 0.094907 0.027865
0 0.209491 0.345964 0.090278 0.027865
0 0.616898 0.835547 0.090278 0.027865
0 0.409028 0.521745 0.044907 0.051302
0 0.914120 0.720964 0.081019 0.027865
0 0.774769 0.652995 0.081944 0.027344
0 0.793287 0.491797 0.044907 0.048698
0 0.966435 0.336198 0.048611 0.044792
0 0.873148 0.455990 0.047222 0.044792
0 0.559491 0.230078 0.105093 0.020052
0 0.339583 0.707943 0.091204 0.022656
0 0.473843 0.331380 0.081944 0.024740
0 0.719213 0.543880 0.035648 0.053906
0 0.449537 0.882422 0.042593 0.043490
0 0.888194 0.840755 0.105093 0.017448
0 0.297917 0.571224 0.072685 0.025260
0 0.432176 0.451432 0.035648 0.051302
0 0.601157 0.401302 0.095833 0.018750
0 0.631250 0.190755 0.072685 0.024740
0 0.908565 0.558203 0.043981 0.040885
0 0.638194 0.376953 0.105093 0.016927
0 0.534028 0.554297 0.100463 0.017448
0 0.712269 0.877214 0.040278 0.043490
0 0.608102 0.613542 0.081944 0.021354
0 0.172917 0.843359 0.026389 0.064323
0 0.429861 0.410417 0.040278 0.042188
0 0.491204 0.389974 0.024074 0.069010
0 0.598843 0.624609 0.072685 0.022656
0 0.839583 0.140234 0.072685 0.022656
0 0.288657 0.235286 0.035648 0.046094
0 0.962269 0.589844 0.031019 0.052083
0 0.963426 0.681641 0.070370 0.022135
0 0.784028 0.100521 0.072685 0.021354
0 0.244676 0.633724 0.077315 0.020052
0 0.517824 0.403255 0.040278 0.038281
0 0.705324 0.752865 0.081944 0.018750
0 0.829861 0.549089 0.034722 0.043490
0 0.753935 0.212891 0.068056 0.022135
0 0.949537 0.115495 0.098148 0.014844
0 0.575694 0.810807 0.072685 0.020052
0 0.788657 0.287370 0.035648 0.040885
0 0.464583 0.458984 0.035648 0.040365
0 0.739583 0.684115 0.039352 0.036458
0 0.179861 0.511328 0.031019 0.046094
0 0.734954 0.409766 0.094907 0.014844
0 0.385880 0.793620 0.081944 0.016927
0 0.807176 0.872005 0.035648 0.038281
0 0.698380 0.782161 0.068056 0.020052
0 0.979630 0.657161 0.037963 0.035677
0 0.128935 0.010026 0.077315 0.017448
0 0.762731 0.392578 0.076389 0.016927
0 0.325694 0.507161 0.109722 0.011719
0 0.628935 0.888932 0.086574 0.014844
0 0.608102 0.784766 0.035648 0.035677
0 0.446065 0.849870 0.081944 0.014844
0 0.399769 0.230078 0.026389 0.046094
0 0.360417 0.392839 0.068056 0.017448
0 0.675231 0.314714 0.068056 0.017448
0 0.188657 0.293880 0.094907 0.012240
0 0.642361 0.769141 0.057870 0.020052
0 0.785185 0.624609 0.065741 0.017448
0 0.545602 0.274740 0.031019 0.036458
0 0.878935 0.875651 0.021759 0.050781
0 0.834954 0.614193 0.063426 0.017448
0 0.821065 0.400651 0.063426 0.017448
0 0.376620 0.732682 0.072685 0.014844
0 0.876620 0.670182 0.026389 0.040885
0 0.156250 0.500911 0.030093 0.035677
0 0.684491 0.093359 0.086574 0.012240
0 0.693750 0.215755 0.058796 0.017448
0 0.939120 0.491797 0.058796 0.017448
0 0.594213 0.991146 0.063426 0.016146
0 0.970370 0.848568 0.056481 0.017448
0 0.984259 0.200130 0.028704 0.033073
0 0.661343 0.275651 0.021759 0.043490
0 0.932176 0.762630 0.054167 0.017448
0 0.739583 0.455339 0.076389 0.012240
0 0.871528 0.687109 0.053241 0.017448
0 0.693750 0.454688 0.021759 0.042188
0 0.740046 0.636719 0.021759 0.041667
0 0.723380 0.711589 0.062500 0.014323
0 0.870370 0.177995 0.060185 0.014844
0 0.934491 0.462109 0.021759 0.040365
0 0.457639 0.805599 0.058796 0.014844
0 0.580324 0.762630 0.026389 0.033073
0 0.204167 0.403255 0.070370 0.012240
0 0.130093 0.844661 0.024074 0.035677
0 0.418287 0.527995 0.026389 0.032552
0 0.638194 0.327474 0.049537 0.016927
0 0.485417 0.913672 0.068056 0.012240
0 0.439120 0.611589 0.021759 0.038281
0 0.760880 0.118099 0.054167 0.014844
0 0.168287 0.115495 0.054167 0.014844
0 0.344213 0.610286 0.054167 0.014844
0 0.774769 0.581641 0.017130 0.046094
0 0.825694 0.317318 0.063426 0.012240
0 0.603472 0.536068 0.026389 0.027865
0 0.244676 0.692318 0.021759 0.033073
0 0.665972 0.575130 0.058796 0.012240
0 0.466898 0.713151 0.021759 0.033073
0 0.839120 0.101172 0.025463 0.027865
0 0.362731 0.696224 0.072685 0.009635
0 0.767824 0.155599 0.058796 0.011719
0 0.826389 0.486589 0.055556 0.012240
0 0.306713 0.482682 0.016204 0.040885
0 0.797917 0.148047 0.054167 0.012240
0 0.117361 0.538672 0.017130 0.038281
0 0.811806 0.731380 0.017130 0.038281
0 0.770139 0.858984 0.017130 0.038281
0 0.603472 0.765234 0.017130 0.038281
0 0.138194 0.154297 0.021759 0.029948
0 0.749306 0.857031 0.021759 0.029167
0 0.559491 0.539714 0.068056 0.009115
0 0.242361 0.808203 0.063426 0.009635
0 0.288657 0.686849 0.017130 0.032552
0 0.207176 0.566016 0.057870 0.009635
0 0.925231 0.591797 0.058796 0.009115
0 0.681713 0.463151 0.016204 0.033073
0 0.830324 0.526953 0.017130 0.030469
0 0.755787 0.243099 0.053241 0.009635
0 0.284028 0.427734 0.054167 0.009115
0 0.576852 0.435807 0.019444 0.025260
0 0.707176 0.411068 0.039352 0.012240
0 0.862731 0.590755 0.017130 0.027865
0 0.459491 0.760677 0.016204 0.029167
0 0.200694 0.453776 0.017130 0.024740
0 0.686343 0.901953 0.043981 0.009635
0 0.515509 0.340495 0.035648 0.011719
0 0.432176 0.207292 0.017130 0.021354
0 0.358102 0.236328 0.054167 0.006510
0 0.995833 0.375911 0.005556 0.009635
