0 0.538657 0.616797 0.230093 0.043490
0 0.800231 0.801693 0.077315 0.121615
0 0.385880 0.339193 0.128241 0.040365
0 0.663657 0.133724 0.118981 0.040885
0 0.343750 0.693620 0.062500 0.066927
0 0.590741 0.774349 0.056481 0.066927
0 0.580324 0.159766 0.183796 0.020052
0 0.797917 0.064714 0.128241 0.027865
0 0.182176 0.772786 0.044907 0.079427
0 0.237731 0.472266 0.109722 0.025260
0 0.455324 0.153255 0.044907 0.059115
0 0.316435 0.509766 0.044907 0.058594
0 0.744676 0.108333 0.049537 0.052604
0 0.615046 0.109635 0.105093 0.023958
0 0.637731 0.064453 0.113426 0.022135
0 0.946065 0.129167 0.091204 0.026562
0 0.770139 0.157161 0.118981 0.020052
0 0.399769 0.614193 0.035648 0.064323
0 0.101157 0.536719 0.049537 0.044792
0 0.351157 0.372005 0.095833 0.022656
0 0.229630 0.405859 0.093519 0.022656
0 0.737269 0.430599 0.081019 0.025260
0 0.816435 0.840755 0.044907 0.043490
0 0.881250 0.306901 0.035648 0.053906
0 0.774769 0.775651 0.026389 0.069531
0 0.904398 0.800391 0.026389 0.066927
0 0.953009 0.158464 0.077315 0.022656
0 0.762731 0.816016 0.030093 0.056510
0 0.977778 0.782161 0.041667 0.040885
0 0.223843 0.680599 0.081944 0.020052
0 0.321528 0.283203 0.090278 0.016927
0 0.145139 0.992448 0.100463 0.013542
0 0.347222 0.547786 0.023148 0.056510
0 0.589120 0.586849 0.025463 0.046094
0 0.740046 0.791016 0.021759 0.053385
0 0.172917 0.559505 0.017130 0.048698
0 0.972685 0.107682 0.051852 0.014844
0 0.235417 0.830078 0.058796 0.011719
0 0.858102 0.066016 0.044907 0.014844
0 0.459954 0.284766 0.017130 0.035677
