0 0.080324 0.409766 0.072685 0.098177
0 0.095370 0.982031 0.186111 0.034375
0 0.110417 0.297786 0.132870 0.040885
0 0.153935 0.862891 0.062500 0.082552
0 0.263194 0.254818 0.151389 0.033073
0 0.332639 0.624609 0.123611 0.038281
0 0.589120 0.667578 0.062500 0.072135
0 0.911343 0.550391 0.132870 0.030469
0 0.245370 0.157161 0.060185 0.061719
0 0.660880 0.192057 0.113426 0.032552
0 0.927546 0.851172 0.100463 0.033073
0 0.203009 0.744401 0.049537 0.064323
0 0.328009 0.694922 0.095833 0.033073
0 0.806019 0.361328 0.033333 0.089844
0 0.751620 0.330339 0.044907 0.064323
0 0.074537 0.426693 0.042593 0.064323
0 0.145139 0.262630 0.035648 0.074740
0 0.925231 0.820964 0.086574 0.029948
0 0.383565 0.691016 0.040278 0.061719
0 0.910880 0.577734 0.104167 0.022656
0 0.524769 0.500911 0.044907 0.051302
0 0.837269 0.412370 0.049537 0.046094
0 0.427083 0.349870 0.090278 0.025260
0 0.510417 0.215755 0.099537 0.022656
0 0.246991 0.580339 0.128241 0.017448
0 0.228472 0.751563 0.044907 0.047396
0 0.795602 0.696224 0.077315 0.025260
0 0.899769 0.811458 0.044907 0.042188
0 0.246991 0.805599 0.072685 0.025260
0 0.071065 0.631120 0.091204 0.020052
0 0.456481 0.330990 0.075000 0.023958
0 0.569907 0.441667 0.042593 0.042188
0 0.554861 0.170182 0.031019 0.056510
0 0.617361 0.457943 0.035648 0.048698
0 0.834954 0.658464 0.035648 0.048698
0 0.712269 0.263932 0.086574 0.020052
0 0.117361 0.111589 0.035648 0.048698
0 0.453009 0.694922 0.095833 0.017448
0 0.883565 0.629818 0.031019 0.053906
0 0.601157 0.146745 0.040278 0.040885
0 0.774769 0.318620 0.026389 0.061719
0 0.124306 0.339453 0.031019 0.051302
0 0.570602 0.260026 0.090278 0.017448
0 0.846528 0.382422 0.068056 0.022656
0 0.337269 0.395443 0.040278 0.038281
0 0.751620 0.728516 0.035648 0.042969
0 0.406713 0.814714 0.086574 0.017448
0 0.522454 0.822526 0.086574 0.017448
0 0.264352 0.653906 0.079630 0.018750
0 0.682176 0.673177 0.035648 0.041667
0 0.641667 0.128516 0.028704 0.051302
0 0.177546 0.776953 0.072685 0.020052
0 0.801389 0.619401 0.033333 0.043490
0 0.017824 0.214453 0.031019 0.046094
0 0.828009 0.128516 0.031019 0.046094
0 0.161343 0.664974 0.031019 0.046094
0 0.506250 0.119401 0.081944 0.017448
0 0.559028 0.495703 0.030093 0.046094
0 0.726157 0.105078 0.068056 0.020052
0 0.598843 0.834245 0.091204 0.014844
0 0.436343 0.808203 0.090278 0.014844
0 0.314120 0.517839 0.021759 0.059115
0 0.205324 0.528255 0.026389 0.048698
0 0.734259 0.768880 0.065741 0.019531
0 0.071065 0.811849 0.026389 0.048177
0 0.321065 0.750911 0.063426 0.020052
0 0.522454 0.446224 0.031019 0.040885
0 0.237731 0.504167 0.026389 0.047396
0 0.820602 0.724870 0.062500 0.020052
0 0.748843 0.567057 0.020833 0.058594
0 0.737731 0.232682 0.081944 0.014844
0 0.436806 0.789974 0.081944 0.014844
0 0.765509 0.658854 0.035648 0.033854
0 0.829861 0.482682 0.081019 0.014844
0 0.897454 0.273047 0.068056 0.017448
0 0.209954 0.114844 0.026389 0.044792
0 0.279398 0.866797 0.035648 0.033073
0 0.318750 0.279557 0.058796 0.020052
0 0.809491 0.823568 0.058796 0.019531
0 0.142824 0.779167 0.031019 0.036458
0 0.138194 0.513932 0.021759 0.051302
0 0.573380 0.159766 0.031019 0.035677
0 0.487731 0.103776 0.063426 0.017448
0 0.506250 0.456641 0.026389 0.040885
0 0.707639 0.377604 0.031019 0.033854
0 0.287037 0.348307 0.060185 0.016927
0 0.135880 0.608984 0.026389 0.038281
0 0.709954 0.523047 0.026389 0.038281
0 0.596528 0.857682 0.068056 0.014844
0 0.626620 0.892839 0.081944 0.012240
0 0.427546 0.739193 0.081944 0.012240
0 0.124306 0.399349 0.021759 0.046094
0 0.684028 0.787370 0.067130 0.014844
0 0.962269 0.722917 0.031019 0.031771
0 0.709491 0.650651 0.025463 0.038281
0 0.576852 0.400651 0.028704 0.033073
0 0.161343 0.595964 0.021759 0.043490
0 0.823380 0.869401 0.021759 0.043490
0 0.790972 0.271745 0.031019 0.030469
0 0.052546 0.547786 0.063426 0.014844
0 0.955324 0.704036 0.026389 0.035677
0 0.746991 0.438411 0.063426 0.014844
0 0.922917 0.321224 0.026389 0.035677
0 0.640509 0.227474 0.063426 0.014844
0 0.828009 0.620443 0.031019 0.029948
0 0.547917 0.786068 0.072685 0.012240
0 0.637037 0.778906 0.065741 0.013542
0 0.434491 0.560547 0.021759 0.040365
0 0.036343 0.144141 0.058796 0.014844
0 0.200694 0.497005 0.026389 0.033073
0 0.140509 0.283203 0.026389 0.032552
0 0.878935 0.496354 0.077315 0.010937
0 0.814120 0.265234 0.021759 0.038281
0 0.679861 0.814714 0.021759 0.038281
0 0.323380 0.457682 0.021759 0.037760
0 0.487731 0.131120 0.054167 0.014844
0 0.446065 0.232682 0.081944 0.009635
0 0.770139 0.504818 0.063426 0.012240
0 0.633565 0.758464 0.021759 0.035156
0 0.353472 0.556901 0.017130 0.043490
0 0.513194 0.758073 0.021759 0.034375
0 0.890509 0.736589 0.026389 0.027865
0 0.191435 0.629818 0.026389 0.027865
0 0.369676 0.862630 0.077315 0.009115
0 0.675231 0.180339 0.077315 0.009115
0 0.432176 0.636328 0.017130 0.040885
0 0.038657 0.667578 0.017130 0.040885
0 0.950694 0.273438 0.017130 0.039062
0 0.823380 0.560807 0.021759 0.030469
0 0.304861 0.222266 0.021759 0.030469
0 0.473843 0.468359 0.017130 0.038281
0 0.682176 0.306641 0.017130 0.037760
0 0.418287 0.395703 0.017130 0.037760
0 0.418287 0.605078 0.063426 0.009635
0 0.154398 0.243099 0.017130 0.035677
0 0.207639 0.007161 0.049537 0.011719
0 0.582639 0.768880 0.058796 0.009115
0 0.413657 0.769141 0.054167 0.009635
0 0.295139 0.841406 0.057870 0.008333
0 0.656713 0.754557 0.040278 0.011719
0 0.984954 0.523047 0.011574 0.038281
0 0.969213 0.258333 0.017130 0.026042
0 0.283565 0.082943 0.062500 0.007031
0 0.918287 0.394141 0.044907 0.009635
0 0.559491 0.236589 0.058796 0.007031
