0 0.230787 0.804948 0.132870 0.039583
0 0.300231 0.719661 0.068056 0.061719
0 0.925694 0.020443 0.145833 0.027865
0 0.431713 0.707943 0.062500 0.059115
0 0.371991 0.875911 0.137500 0.025260
0 0.513194 0.574479 0.105093 0.031771
0 0.358102 0.698828 0.054167 0.056510
0 0.712269 0.373307 0.049537 0.061719
0 0.222685 0.582292 0.042593 0.068229
0 0.626620 0.590755 0.044907 0.064323
0 0.834954 0.170182 0.091204 0.030469
0 0.140046 0.523047 0.099537 0.027865
0 0.279398 0.816016 0.044907 0.061719
0 0.175231 0.782161 0.105093 0.025260
0 0.367361 0.442057 0.091204 0.027344
0 0.575694 0.635026 0.109722 0.022656
0 0.404398 0.736589 0.044907 0.053906
0 0.865046 0.823828 0.049537 0.046094
0 0.246991 0.908203 0.100463 0.022135
0 0.818287 0.494401 0.094907 0.022656
0 0.610417 0.677995 0.040278 0.051302
0 0.677546 0.344401 0.035648 0.055990
0 0.204167 0.530859 0.033333 0.059115
0 0.538657 0.507422 0.044907 0.043490
0 0.578009 0.360286 0.077315 0.025260
0 0.142824 0.594661 0.031019 0.061719
0 0.521296 0.273047 0.084259 0.022656
0 0.716898 0.811458 0.040278 0.047396
0 0.590741 0.771745 0.093519 0.020052
0 0.638194 0.427995 0.040278 0.046094
0 0.598843 0.905859 0.081944 0.022656
0 0.343750 0.819922 0.081019 0.022656
0 0.686806 0.597266 0.035648 0.051302
0 0.667824 0.295182 0.090278 0.020052
0 0.429861 0.346615 0.040278 0.044792
0 0.846528 0.817318 0.077315 0.022656
0 0.177546 0.905208 0.081944 0.021354
0 0.696065 0.565365 0.072685 0.023958
0 0.455324 0.444922 0.035648 0.048698
0 0.300231 0.772786 0.077315 0.022135
0 0.601157 0.751563 0.105093 0.016146
0 0.406713 0.788672 0.031019 0.053906
0 0.522454 0.731120 0.031019 0.053385
0 0.746991 0.704036 0.081944 0.020052
0 0.181713 0.273047 0.071759 0.022656
0 0.459491 0.814714 0.071759 0.022656
0 0.364583 0.745703 0.039352 0.040885
0 0.448380 0.688411 0.031019 0.051302
0 0.544444 0.446224 0.037963 0.040885
0 0.392824 0.614193 0.040278 0.038281
0 0.332639 0.580339 0.040278 0.038281
0 0.425231 0.819922 0.040278 0.038281
0 0.531713 0.470964 0.068056 0.022656
0 0.763194 0.288411 0.040278 0.037760
0 0.557176 0.673438 0.035648 0.042188
0 0.934028 0.369401 0.030093 0.048698
0 0.274769 0.638932 0.035648 0.040885
0 0.543287 0.701432 0.072685 0.020052
0 0.830324 0.224870 0.035648 0.040885
0 0.649769 0.773047 0.081944 0.017448
0 0.321065 0.841797 0.072685 0.019531
0 0.744676 0.525651 0.021759 0.064323
0 0.743519 0.660807 0.028704 0.048177
0 0.693750 0.677995 0.068056 0.020052
0 0.870833 0.386328 0.033333 0.040885
0 0.770139 0.599870 0.091204 0.014844
0 0.462269 0.760026 0.077315 0.017448
0 0.564120 0.800391 0.086574 0.014844
0 0.638194 0.792578 0.086574 0.014844
0 0.172917 0.233984 0.026389 0.048698
0 0.209954 0.478776 0.026389 0.048698
0 0.852315 0.368750 0.079630 0.016146
0 0.089583 0.495703 0.063426 0.020052
0 0.091898 0.472266 0.031019 0.040885
0 0.052546 0.663672 0.072685 0.017448
0 0.897454 0.399349 0.031019 0.040885
0 0.267824 0.823828 0.031019 0.040885
0 0.154398 0.683854 0.026389 0.047396
0 0.159028 0.378255 0.063426 0.019531
0 0.696065 0.851172 0.100463 0.012240
0 0.682176 0.526693 0.026389 0.045573
0 0.753935 0.744401 0.031019 0.038281
0 0.823380 0.400651 0.031019 0.038281
0 0.233102 0.476562 0.026389 0.044271
0 0.086806 0.446484 0.057870 0.019531
0 0.323380 0.696224 0.021759 0.051302
0 0.803704 0.555599 0.075000 0.014844
0 0.545602 0.891276 0.077315 0.014323
0 0.411343 0.909505 0.077315 0.014323
0 0.203009 0.563411 0.031019 0.035677
0 0.891204 0.115495 0.074074 0.014844
0 0.582639 0.420833 0.068056 0.016146
0 0.855787 0.739193 0.021759 0.048698
0 0.795602 0.799089 0.021759 0.048698
0 0.045602 0.520443 0.021759 0.048698
0 0.332639 0.747005 0.031019 0.033073
0 0.242361 0.517839 0.026389 0.038281
0 0.892824 0.878516 0.068056 0.014844
0 0.190278 0.148047 0.079630 0.012240
0 0.772454 0.588151 0.077315 0.012240
0 0.256250 0.383724 0.026389 0.035677
0 0.047917 0.300391 0.026389 0.035677
0 0.209954 0.883724 0.063426 0.014844
0 0.288194 0.681901 0.053241 0.017448
0 0.083796 0.536068 0.024074 0.038281
0 0.045139 0.141536 0.030093 0.030469
0 0.163194 0.717057 0.025463 0.035677
0 0.381250 0.422526 0.063426 0.014323
0 0.329861 0.714453 0.025463 0.035677
0 0.164120 0.516276 0.062500 0.014323
0 0.277083 0.519141 0.021759 0.040885
0 0.480787 0.727474 0.021759 0.040885
0 0.501620 0.786068 0.072685 0.012240
0 0.506250 0.601172 0.072685 0.012240
0 0.385880 0.616797 0.072685 0.012240
0 0.609954 0.319922 0.020833 0.042448
0 0.811806 0.538672 0.026389 0.033073
0 0.228472 0.645443 0.026389 0.033073
0 0.355787 0.920182 0.058796 0.014844
0 0.371991 0.837891 0.072685 0.011719
0 0.564120 0.603385 0.021759 0.039062
0 0.739583 0.420833 0.076389 0.010937
0 0.323380 0.895443 0.068056 0.012240
0 0.476157 0.283464 0.068056 0.012240
0 0.503472 0.666016 0.020833 0.037760
0 0.172917 0.543880 0.063426 0.012240
0 0.186343 0.323828 0.025463 0.030469
0 0.412500 0.394141 0.079630 0.009635
0 0.175231 0.695964 0.021759 0.035156
0 0.878935 0.610026 0.021759 0.035156
0 0.869213 0.654948 0.020833 0.036458
0 0.237731 0.416016 0.063426 0.011719
0 0.829861 0.273047 0.016204 0.043490
0 0.732639 0.554297 0.025463 0.027865
0 0.580324 0.727474 0.017130 0.040885
0 0.487731 0.498307 0.072685 0.009635
0 0.672917 0.170833 0.063426 0.010937
0 0.057176 0.557552 0.017130 0.039583
0 0.348843 0.176693 0.054167 0.012240
0 0.494676 0.691016 0.021759 0.030469
0 0.446065 0.512630 0.017130 0.038281
0 0.788657 0.742839 0.026389 0.024740
0 0.913657 0.691667 0.026389 0.023958
0 0.190972 0.478776 0.016204 0.038281
0 0.940972 0.668880 0.016204 0.038281
0 0.343750 0.777995 0.016204 0.037760
0 0.760880 0.573828 0.063426 0.009635
0 0.737269 0.716406 0.025463 0.023958
0 0.179861 0.835547 0.049537 0.012240
0 0.177546 0.466797 0.017130 0.035156
0 0.133565 0.737891 0.058796 0.009635
0 0.462269 0.691016 0.021759 0.025260
0 0.216898 0.823828 0.021759 0.025260
0 0.048611 0.648047 0.018519 0.027865
0 0.167130 0.529557 0.051852 0.009635
0 0.425231 0.551432 0.021759 0.022135
0 0.209954 0.705078 0.017130 0.027344
0 0.409028 0.441016 0.044907 0.009635
0 0.110417 0.556901 0.058796 0.007031
0 0.325694 0.634766 0.017130 0.022135
0 0.809491 0.797526 0.012500 0.029948
0 0.556713 0.744141 0.016204 0.022135
0 0.476157 0.622005 0.049537 0.007031
0 0.781713 0.657161 0.031019 0.009635
