0 0.083333 0.825130 0.166667 0.038281
0 0.729167 0.444922 0.074074 0.069531
0 0.110417 0.499609 0.068056 0.064323
0 0.649769 0.788672 0.109722 0.033073
0 0.626620 0.247396 0.054167 0.065104
0 0.957639 0.776953 0.049537 0.066927
0 0.940972 0.352214 0.053241 0.055990
0 0.281250 0.799089 0.048611 0.053906
0 0.877778 0.288672 0.093519 0.027865
0 0.851157 0.373307 0.049537 0.051302
0 0.758565 0.711589 0.049537 0.050781
0 0.884259 0.444661 0.050926 0.048177
0 0.554861 0.830339 0.086574 0.027865
0 0.091898 0.418620 0.086574 0.027344
0 0.216898 0.198828 0.049537 0.046094
0 0.543287 0.646745 0.109722 0.020052
0 0.448380 0.224870 0.086574 0.025260
0 0.547917 0.179297 0.091204 0.022656
0 0.130787 0.244141 0.034722 0.058594
0 0.700231 0.198828 0.043981 0.046094
0 0.693750 0.468359 0.031019 0.064323
0 0.374306 0.754818 0.114352 0.017448
0 0.163194 0.333333 0.108796 0.018229
0 0.056019 0.506120 0.042593 0.046094
0 0.175231 0.119401 0.086574 0.022656
0 0.462269 0.249609 0.040278 0.048698
0 0.369676 0.568620 0.077315 0.025260
0 0.418287 0.556901 0.044907 0.043490
0 0.816435 0.910417 0.044907 0.042188
0 0.904398 0.683854 0.035648 0.052604
0 0.654398 0.265234 0.081944 0.022656
0 0.263194 0.740234 0.040278 0.045573
0 0.566435 0.563411 0.044907 0.040885
0 0.399306 0.521745 0.090278 0.020052
0 0.459491 0.563411 0.043981 0.040885
0 0.360417 0.769141 0.031019 0.056510
0 0.443750 0.681901 0.040278 0.043490
0 0.971528 0.525651 0.040278 0.043490
0 0.823380 0.658464 0.040278 0.043490
0 0.733102 0.700130 0.035648 0.048698
0 0.693750 0.894141 0.086574 0.020052
0 0.624306 0.394141 0.114352 0.014844
0 0.374306 0.588151 0.095833 0.017448
0 0.686806 0.291276 0.072685 0.022656
0 0.946065 0.584245 0.035648 0.046094
0 0.248148 0.155208 0.075000 0.021354
0 0.797917 0.382422 0.026389 0.059115
0 0.969213 0.455339 0.026389 0.059115
0 0.784028 0.358984 0.026389 0.059115
0 0.899306 0.781510 0.034722 0.044792
0 0.300231 0.715755 0.068056 0.022656
0 0.837269 0.168880 0.031019 0.048698
0 0.712269 0.142578 0.031019 0.048177
0 0.892824 0.103125 0.040278 0.036979
0 0.779398 0.576432 0.035648 0.040885
0 0.334954 0.728776 0.081944 0.017448
0 0.186343 0.261328 0.034722 0.040885
0 0.219907 0.431641 0.083333 0.016927
0 0.726157 0.233984 0.114352 0.012240
0 0.857639 0.268880 0.034722 0.040365
0 0.295602 0.588802 0.031019 0.044792
0 0.598843 0.683203 0.091204 0.014844
0 0.326852 0.636328 0.037963 0.035677
0 0.837269 0.804297 0.031019 0.043490
0 0.300231 0.650651 0.077315 0.017448
0 0.619213 0.726172 0.020833 0.064323
0 0.273611 0.621354 0.061111 0.021354
0 0.760880 0.520443 0.026389 0.048698
0 0.684028 0.577734 0.104167 0.012240
0 0.767824 0.338802 0.068056 0.018750
0 0.161343 0.133073 0.068056 0.018750
0 0.561806 0.727474 0.035648 0.035677
0 0.309491 0.560807 0.031019 0.040885
0 0.558333 0.588151 0.102778 0.012240
0 0.084954 0.224609 0.035648 0.035156
0 0.566435 0.143880 0.063426 0.019531
0 0.684491 0.670182 0.021759 0.056510
0 0.892361 0.644141 0.030093 0.040885
0 0.177546 0.162370 0.081944 0.014844
0 0.594213 0.211849 0.026389 0.046094
0 0.413657 0.250911 0.081944 0.014844
0 0.610417 0.507422 0.068056 0.017448
0 0.540972 0.470964 0.031019 0.038281
0 0.330324 0.674089 0.035648 0.033073
0 0.601157 0.167578 0.058796 0.020052
0 0.552546 0.520443 0.026389 0.043490
0 0.549074 0.765234 0.093519 0.012240
0 0.800231 0.727214 0.058796 0.019531
0 0.452546 0.876953 0.030093 0.037760
0 0.777083 0.545573 0.031019 0.036458
0 0.049769 0.650391 0.020833 0.053385
0 0.520139 0.620703 0.026389 0.040885
0 0.962269 0.356120 0.021759 0.048177
0 0.408565 0.623307 0.025463 0.040885
0 0.112731 0.202734 0.026389 0.038281
0 0.371991 0.629818 0.026389 0.038281
0 0.047917 0.700130 0.026389 0.038281
0 0.163657 0.140234 0.081944 0.012240
0 0.943750 0.445964 0.021759 0.045573
0 0.414815 0.411068 0.056481 0.017448
0 0.394676 0.163672 0.025463 0.038281
0 0.252315 0.244401 0.055556 0.017448
0 0.929861 0.858984 0.077315 0.012240
0 0.714583 0.530859 0.054167 0.017448
0 0.719213 0.739193 0.054167 0.017448
0 0.344213 0.247005 0.054167 0.017448
0 0.274769 0.102474 0.063426 0.014844
0 0.901620 0.903255 0.076389 0.012240
0 0.633565 0.531510 0.031019 0.029167
0 0.560648 0.611589 0.051852 0.017448
0 0.281713 0.417578 0.021759 0.040885
0 0.360417 0.172786 0.021759 0.040885
0 0.825694 0.253516 0.017130 0.051302
0 0.304398 0.339453 0.057870 0.014844
0 0.733102 0.470703 0.026389 0.032552
0 0.807176 0.470964 0.017130 0.048698
0 0.668287 0.608984 0.017130 0.048698
0 0.115046 0.554297 0.068056 0.012240
0 0.730787 0.103776 0.068056 0.012240
0 0.527083 0.085547 0.068056 0.012240
0 0.090741 0.446224 0.084259 0.009635
0 0.663657 0.099870 0.054167 0.014844
0 0.746991 0.498047 0.026389 0.029948
0 0.561343 0.362891 0.081019 0.009635
0 0.856944 0.796224 0.024074 0.032552
0 0.709491 0.263672 0.025463 0.029948
0 0.881250 0.786068 0.017130 0.043490
0 0.388194 0.109635 0.021759 0.034375
0 0.635880 0.301693 0.026389 0.027865
0 0.860417 0.765234 0.021759 0.033073
0 0.772454 0.106380 0.021759 0.033073
0 0.351157 0.408464 0.058796 0.012240
0 0.818750 0.770182 0.021759 0.032552
0 0.434491 0.267578 0.021759 0.032552
0 0.765046 0.280859 0.016204 0.043490
0 0.149769 0.151953 0.072685 0.009635
0 0.806713 0.556641 0.016204 0.042969
0 0.243519 0.138932 0.047222 0.014844
0 0.612269 0.808203 0.016204 0.040885
0 0.020139 0.650651 0.017130 0.038281
0 0.297917 0.176693 0.017130 0.038281
0 0.897454 0.367839 0.021759 0.029948
0 0.866898 0.740495 0.025463 0.025260
0 0.745833 0.228516 0.014815 0.042969
0 0.463426 0.192318 0.051852 0.012240
0 0.853009 0.486328 0.016204 0.037760
0 0.524769 0.503255 0.017130 0.035156
0 0.401620 0.666276 0.048611 0.012240
0 0.258102 0.606380 0.048611 0.012240
0 0.522454 0.659766 0.058796 0.009635
0 0.110417 0.175130 0.058796 0.009115
0 0.615046 0.490234 0.058796 0.009115
0 0.500463 0.417578 0.014815 0.035677
0 0.348380 0.152995 0.043981 0.011719
0 0.514352 0.220964 0.014815 0.033073
0 0.885417 0.680339 0.016204 0.029948
0 0.818750 0.378516 0.049537 0.009635
0 0.277083 0.552995 0.012500 0.035677
0 0.696065 0.387630 0.035648 0.012240
0 0.091435 0.323568 0.011574 0.029948
0 0.708796 0.320964 0.033333 0.009115
0 0.508565 0.720964 0.040278 0.007031
