0 0.742361 0.590755 0.100463 0.105990
0 0.522454 0.615495 0.206944 0.046094
0 0.399769 0.080078 0.137500 0.048177
0 0.126620 0.814714 0.146759 0.043490
0 0.275926 0.377214 0.056481 0.090365
0 0.947222 0.829036 0.047222 0.098177
0 0.679861 0.786068 0.105093 0.033073
0 0.101157 0.691016 0.049537 0.061719
0 0.415972 0.041276 0.105093 0.027865
0 0.723843 0.196224 0.054167 0.051302
0 0.915972 0.348568 0.086574 0.027865
0 0.813657 0.488542 0.048611 0.047396
0 0.341898 0.263932 0.040278 0.056510
0 0.943750 0.304948 0.040278 0.055208
0 0.469213 0.409766 0.100463 0.020052
0 0.846528 0.300391 0.095833 0.020052
0 0.071065 0.722266 0.026389 0.072135
0 0.754630 0.346615 0.041667 0.044792
0 0.811343 0.429297 0.081019 0.022656
0 0.126620 0.194922 0.035648 0.048698
0 0.161343 0.199479 0.040278 0.042188
0 0.201389 0.511068 0.037037 0.045573
0 0.479630 0.099870 0.028704 0.056510
0 0.707639 0.081641 0.077315 0.020052
0 0.890509 0.009766 0.091204 0.016927
0 0.133565 0.483724 0.031019 0.048177
0 0.895139 0.243099 0.026389 0.056510
0 0.954861 0.800130 0.034722 0.040365
0 0.778241 0.230078 0.033333 0.040885
0 0.083796 0.249609 0.033333 0.038281
0 0.862269 0.185807 0.025463 0.040885
0 0.988889 0.208984 0.019444 0.045573
0 0.459491 0.414974 0.081019 0.009635
0 0.480787 0.042578 0.021759 0.030469
0 0.921759 0.279557 0.014815 0.040885
0 0.972685 0.555599 0.051852 0.009635
0 0.813657 0.614844 0.011574 0.039583
0 0.098843 0.993099 0.044907 0.009635
