0 0.436806 0.877214 0.156019 0.043490
0 0.152083 0.344661 0.123611 0.040885
0 0.228009 0.822526 0.145833 0.027865
0 0.943750 0.792578 0.058796 0.061719
0 0.267824 0.668880 0.058796 0.053906
0 0.101157 0.135026 0.058796 0.053906
0 0.679861 0.431641 0.049537 0.058594
0 0.652083 0.788411 0.049537 0.058594
0 0.156713 0.533203 0.049537 0.058594
0 0.223380 0.098568 0.099537 0.027865
0 0.600694 0.888281 0.094907 0.029167
0 0.050231 0.616146 0.040278 0.068229
0 0.059028 0.757161 0.048611 0.053385
0 0.383565 0.771745 0.049537 0.051302
0 0.426389 0.385026 0.051852 0.048698
0 0.051389 0.215755 0.051852 0.048698
0 0.245833 0.879167 0.116667 0.021354
0 0.265509 0.215755 0.044907 0.053906
0 0.517824 0.747005 0.040278 0.059115
0 0.591898 0.292318 0.095833 0.024740
0 0.580324 0.635026 0.081944 0.027865
0 0.943750 0.287370 0.049537 0.046094
0 0.163657 0.640234 0.044907 0.048698
0 0.703009 0.250911 0.105093 0.020052
0 0.376620 0.707943 0.035648 0.059115
0 0.633565 0.711849 0.105093 0.020052
0 0.762037 0.534505 0.084259 0.024740
0 0.839583 0.257422 0.091204 0.022656
0 0.880787 0.632161 0.034722 0.058594
0 0.186806 0.602474 0.035648 0.056510
0 0.314120 0.586198 0.040278 0.050000
0 0.304861 0.780859 0.086574 0.022656
0 0.258565 0.403255 0.086574 0.022656
0 0.251157 0.848568 0.043981 0.043490
0 0.698380 0.360026 0.040278 0.045573
0 0.237731 0.460547 0.100463 0.017448
0 0.244676 0.515234 0.077315 0.022656
0 0.418287 0.418880 0.035648 0.048698
0 0.839583 0.358984 0.035648 0.048698
0 0.339583 0.585547 0.035648 0.048698
0 0.804861 0.658203 0.040278 0.042969
0 0.632407 0.595964 0.037963 0.043490
0 0.538657 0.900651 0.072685 0.022656
0 0.737731 0.454036 0.026389 0.061719
0 0.659028 0.695964 0.081944 0.019531
0 0.344213 0.638672 0.081944 0.019531
0 0.319907 0.615495 0.079630 0.020052
0 0.628935 0.636328 0.031019 0.051302
0 0.684491 0.631120 0.031019 0.051302
0 0.204167 0.536068 0.070370 0.022656
0 0.670602 0.730078 0.077315 0.020052
0 0.484259 0.770443 0.028704 0.053906
0 0.612269 0.349219 0.025463 0.060417
0 0.277083 0.574870 0.040278 0.037760
0 0.712269 0.778255 0.086574 0.017448
0 0.621991 0.154557 0.072685 0.020052
0 0.453009 0.717057 0.031019 0.046094
0 0.652083 0.631120 0.031019 0.046094
0 0.417130 0.620703 0.070370 0.020052
0 0.839583 0.486328 0.063426 0.022135
0 0.529398 0.816016 0.091204 0.014844
0 0.828009 0.840755 0.031019 0.043490
0 0.772454 0.398047 0.077315 0.017448
0 0.084954 0.878255 0.026389 0.050781
0 0.246528 0.692318 0.034722 0.038281
0 0.787037 0.131120 0.032407 0.040885
0 0.429398 0.510026 0.030093 0.043490
0 0.542824 0.527604 0.081019 0.016146
0 0.575694 0.847005 0.091204 0.014323
0 0.707176 0.431901 0.030093 0.043490
0 0.950694 0.627214 0.026389 0.048698
0 0.864583 0.180599 0.085648 0.014844
0 0.895139 0.198828 0.063426 0.020052
0 0.274769 0.383724 0.063426 0.020052
0 0.775926 0.509766 0.075000 0.016927
0 0.795602 0.602474 0.031019 0.040885
0 0.434491 0.917318 0.086574 0.014323
0 0.321065 0.732682 0.081944 0.014844
0 0.628935 0.463151 0.068056 0.017448
0 0.628935 0.478776 0.068056 0.017448
0 0.878935 0.374609 0.031019 0.038281
0 0.522454 0.364193 0.068056 0.017448
0 0.749306 0.414974 0.058796 0.020052
0 0.485417 0.888932 0.058796 0.020052
0 0.473843 0.176693 0.035648 0.033073
0 0.637731 0.318620 0.057870 0.020052
0 0.932176 0.465755 0.026389 0.043490
0 0.925231 0.170182 0.077315 0.014844
0 0.446065 0.595313 0.026389 0.042188
0 0.575694 0.655859 0.063426 0.017448
0 0.494676 0.605078 0.031019 0.035677
0 0.878935 0.305599 0.031019 0.035677
0 0.105787 0.461198 0.021759 0.050000
0 0.607639 0.809505 0.062500 0.017448
0 0.728009 0.386328 0.071759 0.014844
0 0.290972 0.491797 0.021759 0.048698
0 0.087269 0.629818 0.021759 0.048698
0 0.476157 0.694661 0.021759 0.048177
0 0.378935 0.566667 0.021759 0.047396
0 0.790972 0.804297 0.031019 0.033073
0 0.365046 0.681901 0.031019 0.033073
0 0.059491 0.257422 0.058796 0.017448
0 0.909028 0.262630 0.026389 0.038281
0 0.920602 0.683203 0.021759 0.046094
0 0.888194 0.519141 0.021759 0.046094
0 0.772454 0.477474 0.021759 0.046094
0 0.373148 0.468359 0.056481 0.017448
0 0.626620 0.819661 0.081944 0.011719
0 0.575694 0.861328 0.081944 0.011719
0 0.395139 0.602865 0.026389 0.036458
0 0.203009 0.676693 0.021759 0.043490
0 0.170602 0.618099 0.031019 0.030469
0 0.131250 0.114193 0.054167 0.017448
0 0.910880 0.594010 0.020833 0.044792
0 0.211111 0.199870 0.028704 0.032552
0 0.519676 0.595052 0.025463 0.036458
0 0.778241 0.739193 0.024074 0.038281
0 0.404398 0.714193 0.063426 0.014323
0 0.571065 0.220964 0.072685 0.012240
0 0.552546 0.308203 0.091204 0.009635
0 0.689120 0.831380 0.021759 0.040365
0 0.337269 0.662109 0.021759 0.040365
0 0.929861 0.602214 0.021759 0.040365
0 0.390509 0.514583 0.054167 0.016146
0 0.309491 0.454036 0.058796 0.014844
0 0.121991 0.588151 0.026389 0.033073
0 0.736574 0.836849 0.024074 0.035677
0 0.123843 0.308203 0.057870 0.014844
0 0.364583 0.857682 0.057870 0.014844
0 0.336806 0.503516 0.057870 0.014844
0 0.457639 0.624609 0.068056 0.012240
0 0.388194 0.541276 0.021759 0.038281
0 0.304861 0.093359 0.068056 0.012240
0 0.490046 0.652995 0.021759 0.037760
0 0.313657 0.221224 0.030093 0.027344
0 0.719213 0.110286 0.054167 0.014844
0 0.914815 0.648047 0.028704 0.027865
0 0.645139 0.503516 0.081944 0.009635
0 0.434028 0.267578 0.067130 0.011719
0 0.788194 0.667578 0.025463 0.030469
0 0.346528 0.623307 0.077315 0.009635
0 0.009722 0.843359 0.019444 0.038281
0 0.584954 0.757161 0.017130 0.042969
0 0.422917 0.454036 0.072685 0.009635
0 0.492361 0.566016 0.072685 0.009635
0 0.696065 0.615495 0.017130 0.040885
0 0.233102 0.146745 0.072685 0.009635
0 0.084491 0.494661 0.016204 0.042969
0 0.714583 0.497396 0.017130 0.039062
0 0.221528 0.714453 0.021759 0.030469
0 0.128935 0.261328 0.068056 0.009635
0 0.528935 0.007422 0.053241 0.012240
0 0.439120 0.544922 0.021759 0.029948
0 0.871528 0.286068 0.016204 0.038281
0 0.359954 0.401693 0.067130 0.009115
0 0.691435 0.313411 0.063426 0.009635
0 0.496991 0.787370 0.017130 0.035677
0 0.032870 0.735026 0.042593 0.014323
0 0.138194 0.279557 0.058796 0.009635
0 0.547917 0.569922 0.017130 0.033073
0 0.121991 0.457943 0.017130 0.033073
0 0.603472 0.648698 0.063426 0.008333
0 0.924074 0.217708 0.047222 0.010937
0 0.781713 0.090755 0.021759 0.022656
0 0.101157 0.529557 0.049537 0.009635
0 0.425231 0.604818 0.049537 0.009115
0 0.647454 0.224609 0.049537 0.009115
0 0.409028 0.727474 0.017130 0.025260
0 0.508565 0.104167 0.012500 0.033854
0 0.334954 0.697526 0.017130 0.022656
0 0.841898 0.798828 0.049537 0.006510
