0 0.538657 0.618099 0.220833 0.046094
0 0.936806 0.240495 0.063426 0.098177
0 0.786343 0.866797 0.142130 0.033073
0 0.205324 0.465755 0.063426 0.069531
0 0.461111 0.515234 0.112037 0.038281
0 0.263194 0.615495 0.068056 0.061719
0 0.709954 0.500911 0.109722 0.035677
0 0.804861 0.667578 0.049537 0.072135
0 0.871528 0.250260 0.053241 0.065625
0 0.155093 0.312109 0.037037 0.090365
0 0.302546 0.612630 0.054167 0.061198
0 0.223843 0.317057 0.054167 0.058594
0 0.733102 0.206380 0.054167 0.050781
0 0.117361 0.314063 0.044907 0.057813
0 0.584491 0.727474 0.127315 0.020052
0 0.839583 0.108724 0.091204 0.027344
0 0.236574 0.439063 0.051852 0.047396
0 0.871991 0.155599 0.044907 0.053385
0 0.469213 0.067318 0.081944 0.027865
0 0.617361 0.132422 0.100463 0.022656
0 0.307176 0.844661 0.109722 0.020052
0 0.540972 0.292318 0.086574 0.024740
0 0.321065 0.181901 0.118981 0.017448
0 0.191435 0.714453 0.044907 0.046094
0 0.878935 0.065365 0.142130 0.013542
0 0.979630 0.591406 0.037963 0.050000
0 0.981944 0.223568 0.033333 0.053906
0 0.078009 0.493099 0.031019 0.056510
0 0.976157 0.252214 0.040278 0.043490
0 0.981944 0.875911 0.024074 0.072135
0 0.244676 0.145182 0.077315 0.022135
0 0.621528 0.763932 0.034722 0.046094
0 0.167824 0.139974 0.034722 0.042969
0 0.253935 0.129818 0.077315 0.017448
0 0.112269 0.188151 0.025463 0.050781
0 0.506250 0.128516 0.063426 0.020052
0 0.968056 0.417318 0.061111 0.019531
0 0.198380 0.113932 0.086574 0.011719
0 0.152083 0.679297 0.021759 0.043490
0 0.808333 0.491536 0.028704 0.032552
0 0.418287 0.755859 0.026389 0.035156
0 0.082176 0.136328 0.020833 0.040885
0 0.561806 0.176693 0.063426 0.012240
0 0.473843 0.875651 0.072685 0.009115
0 0.892361 0.106380 0.048611 0.012240
0 0.071065 0.302344 0.017130 0.034375
0 0.943750 0.098568 0.040278 0.012240
0 0.936343 0.448828 0.016204 0.014844
