0 0.538657 0.615234 0.239352 0.040365
0 0.432176 0.732682 0.091204 0.098177
0 0.510880 0.835547 0.156019 0.048698
0 0.963426 0.519141 0.070370 0.072135
0 0.635880 0.767839 0.128241 0.038281
0 0.867361 0.126953 0.109722 0.037760
0 0.807870 0.156510 0.064815 0.060417
0 0.476157 0.798438 0.095833 0.031771
0 0.387731 0.829036 0.113426 0.025260
0 0.746991 0.193620 0.100463 0.025260
0 0.816435 0.794922 0.100463 0.024740
0 0.140046 0.313151 0.043981 0.055990
0 0.906713 0.842057 0.095833 0.025260
0 0.487731 0.892839 0.137500 0.017448
0 0.369676 0.775391 0.049537 0.048177
0 0.790509 0.098568 0.048611 0.048698
0 0.746991 0.767839 0.100463 0.022656
0 0.281713 0.737240 0.086574 0.023958
0 0.469213 0.494401 0.026389 0.069531
0 0.287500 0.722266 0.088889 0.020052
0 0.929861 0.878516 0.031019 0.056510
0 0.152083 0.761328 0.031019 0.056510
0 0.726157 0.133724 0.040278 0.040885
0 0.149769 0.715755 0.072685 0.022656
0 0.986574 0.858724 0.024074 0.063802
0 0.156713 0.791276 0.068056 0.022656
0 0.667824 0.868099 0.099537 0.014844
0 0.309028 0.761328 0.067130 0.020052
0 0.784028 0.059245 0.026389 0.048177
0 0.730787 0.882161 0.105093 0.011719
0 0.053704 0.751563 0.019444 0.063021
0 0.804861 0.075130 0.021759 0.053906
0 0.818750 0.476172 0.095833 0.012240
0 0.844213 0.106380 0.026389 0.043490
0 0.957176 0.110937 0.020833 0.052604
0 0.781250 0.568359 0.020833 0.045573
0 0.902083 0.090755 0.068056 0.012240
0 0.065972 0.302995 0.016204 0.046094
0 0.763194 0.063411 0.049537 0.014844
0 0.170602 0.608594 0.021759 0.028646
0 0.825694 0.045182 0.017130 0.035677
