0 0.450694 0.849870 0.174537 0.056510
0 0.097222 0.982031 0.189815 0.034375
0 0.832176 0.433854 0.067130 0.083854
0 0.931019 0.361979 0.135185 0.039062
0 0.103009 0.805599 0.136574 0.035677
0 0.893981 0.635026 0.070370 0.064323
0 0.330324 0.491797 0.063426 0.064323
0 0.640509 0.092708 0.063426 0.063021
0 0.933333 0.834245 0.130556 0.020052
0 0.450231 0.868099 0.090278 0.025260
0 0.848843 0.573568 0.044907 0.050781
0 0.979630 0.506120 0.037963 0.056510
0 0.800231 0.260677 0.040278 0.050000
0 0.883565 0.890234 0.114352 0.017448
0 0.957639 0.318620 0.077315 0.025260
0 0.751620 0.416276 0.109722 0.017448
0 0.104630 0.849870 0.121296 0.014844
0 0.582639 0.886328 0.114352 0.014844
0 0.858102 0.698568 0.081944 0.019531
0 0.290972 0.847266 0.077315 0.020052
0 0.177546 0.913672 0.081944 0.017448
0 0.365046 0.704036 0.031019 0.046094
0 0.763194 0.854427 0.105093 0.013542
0 0.434491 0.655599 0.114352 0.011719
0 0.401620 0.618099 0.020833 0.061719
0 0.237731 0.783203 0.072685 0.016927
0 0.478472 0.529297 0.026389 0.045573
0 0.233102 0.767839 0.081944 0.012240
0 0.144676 0.710547 0.053241 0.017448
0 0.412500 0.513672 0.024074 0.035156
0 0.241898 0.752214 0.062500 0.012240
0 0.632407 0.401302 0.019444 0.031771
0 0.970370 0.258724 0.056481 0.009635
