0 0.830324 0.339453 0.035648 0.098177
0 0.374306 0.186458 0.114352 0.026562
0 0.740046 0.163672 0.049537 0.059115
0 0.520139 0.709245 0.054167 0.051302
0 0.621528 0.818620 0.108796 0.025260
0 0.436806 0.864583 0.054167 0.049479
0 0.716898 0.898047 0.095833 0.027865
0 0.373148 0.454036 0.047222 0.056510
0 0.478472 0.765885 0.091204 0.029167
0 0.161343 0.892839 0.114352 0.022656
0 0.904398 0.179297 0.091204 0.027865
0 0.098843 0.185807 0.100463 0.025260
0 0.376620 0.241797 0.035648 0.069531
0 0.355787 0.159766 0.095833 0.025260
0 0.198380 0.710547 0.049537 0.048698
0 0.198380 0.632161 0.049537 0.048177
0 0.207176 0.363932 0.048611 0.048177
0 0.617361 0.413672 0.081944 0.027865
0 0.428704 0.431250 0.084259 0.026562
0 0.101157 0.739193 0.031019 0.069531
0 0.168287 0.150651 0.035648 0.059115
0 0.626620 0.791276 0.091204 0.022656
0 0.552546 0.727214 0.035648 0.055990
0 0.689815 0.128516 0.078704 0.025260
0 0.355787 0.244401 0.040278 0.048698
0 0.219213 0.244401 0.044907 0.043490
0 0.316435 0.622005 0.044907 0.043490
0 0.929861 0.714453 0.031019 0.061719
0 0.450694 0.635026 0.081944 0.022656
0 0.659028 0.610286 0.044907 0.040885
0 0.381250 0.800391 0.035648 0.051302
0 0.263194 0.633724 0.031019 0.056510
0 0.763194 0.562109 0.040278 0.043490
0 0.172917 0.551432 0.035648 0.048177
0 0.230787 0.595964 0.031019 0.053906
0 0.760880 0.476172 0.072685 0.022656
0 0.749306 0.185807 0.040278 0.040885
0 0.737731 0.230078 0.035648 0.046094
0 0.487731 0.321224 0.026389 0.061719
0 0.142361 0.731380 0.030093 0.053906
0 0.730324 0.888932 0.039352 0.040885
0 0.428704 0.529557 0.079630 0.020052
0 0.073380 0.727474 0.031019 0.051302
0 0.895139 0.142839 0.035648 0.043490
0 0.578009 0.452734 0.068056 0.022656
0 0.806713 0.387630 0.034722 0.043490
0 0.973843 0.155208 0.035648 0.042188
0 0.767824 0.666016 0.031019 0.048177
0 0.501620 0.875911 0.072685 0.020052
0 0.418287 0.552995 0.072685 0.020052
0 0.679398 0.692057 0.020833 0.069010
0 0.413657 0.724609 0.072685 0.019531
0 0.727315 0.138932 0.070370 0.020052
0 0.830324 0.184245 0.063426 0.022135
0 0.891667 0.849870 0.093519 0.014844
0 0.434491 0.151953 0.068056 0.020052
0 0.686806 0.411719 0.072685 0.018750
0 0.510880 0.670833 0.063426 0.021354
0 0.072917 0.120703 0.067130 0.020052
0 0.809491 0.279297 0.021759 0.061198
0 0.281713 0.542318 0.068056 0.019531
0 0.513194 0.899089 0.068056 0.019531
0 0.685648 0.498307 0.088889 0.014844
0 0.080324 0.230729 0.035648 0.036979
0 0.346528 0.139974 0.077315 0.016927
0 0.214583 0.635026 0.026389 0.048698
0 0.341898 0.901953 0.086574 0.014844
0 0.774769 0.137630 0.026389 0.048698
0 0.216898 0.175391 0.086574 0.014844
0 0.271991 0.131120 0.085648 0.014844
0 0.288657 0.185807 0.063426 0.020052
0 0.344213 0.273047 0.072685 0.017448
0 0.207639 0.532161 0.031019 0.040885
0 0.226157 0.103125 0.077315 0.016146
0 0.632407 0.582682 0.028704 0.042969
0 0.394676 0.611849 0.025463 0.048177
0 0.786343 0.292318 0.021759 0.055990
0 0.231944 0.375651 0.061111 0.019531
0 0.244213 0.743099 0.020833 0.056510
0 0.337269 0.694922 0.021759 0.053906
0 0.362731 0.491797 0.035648 0.033073
0 0.550231 0.345964 0.095833 0.012240
0 0.861574 0.669922 0.033333 0.035156
0 0.651620 0.148047 0.094907 0.012240
0 0.686806 0.262370 0.035648 0.032552
0 0.920602 0.319661 0.068056 0.016927
0 0.371991 0.692318 0.026389 0.043490
0 0.031713 0.412109 0.058796 0.019531
0 0.192593 0.762630 0.065741 0.017448
0 0.855324 0.871745 0.030093 0.037760
0 0.554398 0.492839 0.057870 0.019531
0 0.068750 0.865495 0.021759 0.051302
0 0.501620 0.858984 0.091204 0.012240
0 0.670139 0.218099 0.094907 0.011719
0 0.513194 0.316016 0.031019 0.035677
0 0.237731 0.468359 0.063426 0.017448
0 0.460648 0.503516 0.074074 0.014844
0 0.121991 0.467057 0.026389 0.040885
0 0.182176 0.899349 0.072685 0.014844
0 0.174769 0.628255 0.030093 0.035156
0 0.876157 0.282161 0.025463 0.040885
0 0.302546 0.223958 0.026389 0.039062
0 0.328009 0.152995 0.086574 0.011719
0 0.802546 0.598568 0.026389 0.038281
0 0.814120 0.237891 0.068056 0.014844
0 0.728472 0.510026 0.081944 0.012240
0 0.628935 0.905859 0.077315 0.012240
0 0.328009 0.431901 0.021759 0.043490
0 0.696065 0.433203 0.026389 0.035677
0 0.749306 0.111328 0.021759 0.042969
0 0.223843 0.422526 0.063426 0.014323
0 0.027083 0.534766 0.021759 0.040885
0 0.390046 0.564453 0.071759 0.011719
0 0.774306 0.442318 0.025463 0.033073
0 0.904398 0.546484 0.017130 0.048698
0 0.516667 0.545182 0.056481 0.014844
0 0.753935 0.335547 0.021759 0.038281
0 0.548611 0.558203 0.055556 0.014844
0 0.397454 0.246354 0.021759 0.036979
0 0.344213 0.566016 0.026389 0.030469
0 0.262731 0.710547 0.020833 0.038281
0 0.380787 0.869401 0.016204 0.048698
0 0.922917 0.171484 0.063426 0.012240
0 0.804861 0.099870 0.021759 0.035677
0 0.691435 0.801693 0.063426 0.012240
0 0.662500 0.120703 0.051852 0.014844
0 0.918287 0.778255 0.017130 0.043490
0 0.131250 0.148047 0.017130 0.043490
0 0.478472 0.559245 0.063426 0.011719
0 0.436806 0.270182 0.063426 0.011719
0 0.814120 0.201432 0.049537 0.014844
0 0.550231 0.455339 0.058796 0.012240
0 0.101157 0.280859 0.021759 0.033073
0 0.047454 0.710547 0.016204 0.043490
0 0.790972 0.425130 0.077315 0.009115
0 0.098380 0.356380 0.016204 0.043490
0 0.890509 0.193620 0.072685 0.009635
0 0.760880 0.204036 0.017130 0.040885
0 0.955324 0.688411 0.017130 0.040885
0 0.459954 0.339453 0.017130 0.040885
0 0.811806 0.516276 0.017130 0.040365
0 0.392824 0.171224 0.058796 0.011719
0 0.788194 0.515234 0.016204 0.038281
0 0.635880 0.461849 0.063426 0.009635
0 0.927546 0.664974 0.017130 0.035677
0 0.284028 0.696224 0.017130 0.035677
0 0.638194 0.872005 0.049537 0.012240
0 0.878935 0.098568 0.021759 0.027865
0 0.471528 0.628516 0.058796 0.009635
0 0.141667 0.137630 0.019444 0.027865
0 0.616898 0.635026 0.016204 0.033073
0 0.962269 0.423047 0.021759 0.024740
0 0.573380 0.755859 0.058796 0.009115
0 0.040972 0.302995 0.012500 0.040885
0 0.860417 0.556901 0.021759 0.022656
0 0.203009 0.580339 0.021759 0.022656
0 0.281713 0.386328 0.049537 0.009635
0 0.619676 0.388932 0.012500 0.035677
0 0.642824 0.106380 0.012500 0.033073
0 0.770139 0.740234 0.044907 0.009115
