0 0.534028 0.618099 0.230093 0.051302
0 0.591898 0.832943 0.179167 0.048698
0 0.836111 0.218359 0.149074 0.033073
0 0.915509 0.861589 0.048611 0.085156
0 0.272454 0.839453 0.132870 0.030469
0 0.953009 0.764193 0.058796 0.066406
0 0.144676 0.204036 0.053241 0.066927
0 0.790972 0.494401 0.105093 0.033073
0 0.802546 0.862891 0.054167 0.061719
0 0.578009 0.133724 0.049537 0.061719
0 0.753935 0.385026 0.132870 0.022656
0 0.398611 0.271745 0.042593 0.066927
0 0.068750 0.723568 0.040278 0.069531
0 0.788657 0.133724 0.054167 0.051302
0 0.126157 0.800391 0.053241 0.051302
0 0.302546 0.149089 0.091204 0.029948
0 0.977315 0.212891 0.042593 0.063802
0 0.714583 0.536068 0.091204 0.027865
0 0.445602 0.185807 0.090278 0.025260
0 0.909028 0.150651 0.035648 0.059115
0 0.530556 0.515885 0.037963 0.050000
0 0.503935 0.282161 0.086574 0.020052
0 0.538657 0.668620 0.035648 0.048177
0 0.225000 0.200130 0.028704 0.059115
0 0.266667 0.302344 0.037963 0.044792
0 0.219213 0.896745 0.109722 0.014844
0 0.242361 0.855078 0.109722 0.014844
0 0.759259 0.687109 0.069444 0.022656
0 0.540509 0.901953 0.076389 0.020052
0 0.593750 0.241797 0.025463 0.059115
0 0.415509 0.146745 0.030093 0.046094
0 0.573380 0.420443 0.021759 0.061198
0 0.094213 0.086849 0.035648 0.035677
0 0.903935 0.105729 0.025463 0.047396
0 0.986574 0.486589 0.024074 0.048698
0 0.919444 0.069922 0.065741 0.017448
0 0.105787 0.862891 0.031019 0.035677
0 0.848843 0.127214 0.081944 0.012240
0 0.970370 0.174089 0.056481 0.017448
0 0.790972 0.258464 0.021759 0.040365
0 0.941435 0.182943 0.081944 0.009115
0 0.843056 0.119401 0.061111 0.012240
0 0.788657 0.918880 0.026389 0.027865
0 0.844213 0.318620 0.017130 0.040885
0 0.098843 0.993099 0.044907 0.009635
0 0.313657 0.644141 0.011574 0.030469
0 0.072917 0.185807 0.011574 0.030469
