0 0.760880 0.374349 0.063426 0.105469
0 0.290972 0.848307 0.132870 0.042969
0 0.297917 0.551693 0.128241 0.043490
0 0.075694 0.701432 0.054167 0.061719
0 0.298611 0.370703 0.046296 0.066927
0 0.422454 0.865495 0.099537 0.030469
0 0.034028 0.720964 0.054167 0.053906
0 0.932176 0.758724 0.054167 0.051302
0 0.404398 0.898047 0.118981 0.022656
0 0.270139 0.210547 0.044907 0.059115
0 0.858102 0.799089 0.044907 0.059115
0 0.760880 0.360286 0.035648 0.072135
0 0.816435 0.901953 0.100463 0.025260
0 0.286343 0.170182 0.040278 0.061719
0 0.154398 0.431901 0.035648 0.069531
0 0.043981 0.750260 0.083333 0.029167
0 0.920602 0.868099 0.095833 0.025260
0 0.082639 0.559245 0.049537 0.048177
0 0.832639 0.270443 0.040278 0.059115
0 0.064120 0.628516 0.049537 0.046094
0 0.557176 0.114193 0.081944 0.027865
0 0.334954 0.918880 0.081944 0.027865
0 0.250000 0.707943 0.032407 0.069531
0 0.696065 0.438411 0.035648 0.061719
0 0.788657 0.228776 0.044907 0.048698
0 0.645139 0.756120 0.081944 0.025260
0 0.663657 0.877214 0.091204 0.022656
0 0.339120 0.446224 0.043981 0.046094
0 0.823380 0.916927 0.040278 0.050000
0 0.230787 0.168880 0.040278 0.048698
0 0.839583 0.316667 0.044907 0.042188
0 0.825694 0.392578 0.109722 0.016927
0 0.744676 0.133724 0.040278 0.046094
0 0.365046 0.796484 0.040278 0.043490
0 0.175231 0.314714 0.077315 0.022656
0 0.589583 0.773047 0.035648 0.048698
0 0.091898 0.913411 0.040278 0.042969
0 0.480787 0.504557 0.040278 0.042969
0 0.554861 0.442057 0.077315 0.022135
0 0.610417 0.840104 0.105093 0.016146
0 0.390509 0.657813 0.035648 0.047396
0 0.668287 0.845964 0.072685 0.022656
0 0.797917 0.829036 0.081944 0.020052
0 0.867361 0.883724 0.035648 0.046094
0 0.876620 0.485286 0.026389 0.061719
0 0.159028 0.149089 0.081944 0.019531
0 0.913657 0.886068 0.081944 0.019531
0 0.189120 0.805599 0.031019 0.051302
0 0.943750 0.641536 0.031019 0.051302
0 0.878935 0.291276 0.040278 0.038281
0 0.834954 0.368750 0.026389 0.057813
0 0.833102 0.153255 0.067130 0.022656
0 0.285880 0.265234 0.067130 0.022656
0 0.087269 0.286068 0.086574 0.017448
0 0.235417 0.337500 0.040278 0.036979
0 0.728472 0.300391 0.035648 0.040885
0 0.126157 0.907161 0.025463 0.056510
0 0.045139 0.338542 0.039352 0.036458
0 0.221528 0.612891 0.031019 0.046094
0 0.557176 0.799089 0.026389 0.053906
0 0.906713 0.316016 0.095833 0.014844
0 0.058333 0.812109 0.028704 0.048698
0 0.256250 0.908203 0.081944 0.016927
0 0.290972 0.704036 0.068056 0.020052
0 0.337269 0.220964 0.077315 0.017448
0 0.464120 0.644792 0.062500 0.021354
0 0.862731 0.415625 0.035648 0.036979
0 0.207639 0.263932 0.086574 0.014844
0 0.089583 0.463151 0.026389 0.048698
0 0.788657 0.818620 0.063426 0.020052
0 0.050231 0.696224 0.031019 0.040885
0 0.693750 0.756120 0.031019 0.040885
0 0.344213 0.667578 0.081944 0.014844
0 0.501157 0.240495 0.081019 0.014844
0 0.624306 0.869401 0.068056 0.017448
0 0.443750 0.362891 0.058796 0.020052
0 0.513657 0.611589 0.067130 0.017448
0 0.895139 0.390234 0.026389 0.043490
0 0.017824 0.780208 0.031019 0.036979
0 0.223380 0.565365 0.025463 0.044792
0 0.135880 0.238932 0.026389 0.042969
0 0.080324 0.343099 0.026389 0.042969
0 0.156713 0.559245 0.095833 0.011719
0 0.462269 0.274349 0.021759 0.051302
0 0.672917 0.637630 0.063426 0.017448
0 0.390509 0.698828 0.026389 0.040885
0 0.339583 0.193620 0.026389 0.040885
0 0.654398 0.810807 0.072685 0.014844
0 0.654398 0.318620 0.072685 0.014844
0 0.376620 0.391276 0.072685 0.014323
0 0.880787 0.709245 0.025463 0.040885
0 0.411343 0.679297 0.031019 0.033073
0 0.582639 0.306901 0.031019 0.033073
0 0.253935 0.116797 0.058796 0.017448
0 0.124306 0.538672 0.031019 0.033073
0 0.316435 0.754818 0.026389 0.038281
0 0.043287 0.635026 0.026389 0.038281
0 0.598843 0.890234 0.026389 0.038281
0 0.522454 0.287370 0.021759 0.046094
0 0.330324 0.705339 0.081944 0.012240
0 0.151620 0.649349 0.067130 0.014844
0 0.806713 0.486589 0.081019 0.012240
0 0.802546 0.300130 0.017130 0.055990
0 0.758102 0.440755 0.020833 0.045573
0 0.161343 0.385026 0.077315 0.012240
0 0.647454 0.788672 0.077315 0.012240
0 0.874306 0.256120 0.031019 0.030469
0 0.263194 0.641536 0.031019 0.030469
0 0.163657 0.868099 0.026389 0.035677
0 0.920602 0.652995 0.021759 0.042969
0 0.515509 0.425130 0.026389 0.035156
0 0.238194 0.493099 0.090278 0.009635
0 0.943287 0.136328 0.057870 0.014844
0 0.793287 0.554036 0.072685 0.011719
0 0.328009 0.379818 0.021759 0.038281
0 0.837269 0.179297 0.068056 0.012240
0 0.272454 0.882422 0.068056 0.012240
0 0.513194 0.465755 0.068056 0.012240
0 0.126620 0.167578 0.026389 0.030469
0 0.383565 0.311068 0.021759 0.035156
0 0.771991 0.240495 0.020833 0.035677
0 0.103472 0.759766 0.063426 0.011719
0 0.932176 0.489193 0.026389 0.027865
0 0.087269 0.813411 0.049537 0.014844
0 0.290972 0.753516 0.049537 0.014844
0 0.344213 0.269792 0.017130 0.042188
0 0.017824 0.642839 0.021759 0.033073
0 0.490046 0.231380 0.058796 0.012240
0 0.172917 0.605729 0.026389 0.026562
0 0.683333 0.142839 0.056481 0.012240
0 0.214583 0.896745 0.026389 0.025260
0 0.707639 0.118099 0.021759 0.030469
0 0.418287 0.439714 0.017130 0.038281
0 0.770139 0.684505 0.017130 0.038281
0 0.029398 0.275651 0.017130 0.038281
0 0.647454 0.130859 0.068056 0.009115
0 0.807176 0.766536 0.017130 0.035677
0 0.337963 0.581641 0.060185 0.009635
0 0.279398 0.473568 0.017130 0.033073
0 0.895139 0.520443 0.017130 0.033073
0 0.626620 0.194922 0.044907 0.012240
0 0.121991 0.752214 0.044907 0.012240
0 0.767824 0.156901 0.058796 0.009115
0 0.325231 0.457682 0.016204 0.032552
0 0.288657 0.233724 0.044907 0.011719
0 0.834491 0.818620 0.053241 0.009635
0 0.580324 0.222005 0.054167 0.009115
0 0.054861 0.301693 0.021759 0.022656
0 0.314120 0.451432 0.012500 0.035677
0 0.760417 0.728125 0.034722 0.010937
