0 0.853472 0.629818 0.128241 0.033073
0 0.552546 0.366797 0.063426 0.064323
0 0.073380 0.252214 0.105093 0.033073
0 0.911343 0.345703 0.058796 0.058594
0 0.883565 0.455078 0.151389 0.022135
0 0.316435 0.347266 0.054167 0.061719
0 0.584954 0.818620 0.054167 0.061719
0 0.529398 0.648047 0.100463 0.033073
0 0.512037 0.172786 0.056481 0.056510
0 0.711806 0.775391 0.094907 0.032552
0 0.140509 0.610286 0.054167 0.056510
0 0.242361 0.606380 0.054167 0.053906
0 0.913657 0.515234 0.035648 0.079948
0 0.600694 0.779557 0.048611 0.056510
0 0.781713 0.154557 0.049537 0.051302
0 0.061806 0.756120 0.044907 0.056510
0 0.165972 0.930599 0.095833 0.025260
0 0.689120 0.332943 0.086574 0.027865
0 0.862731 0.342057 0.035648 0.061719
0 0.800231 0.633724 0.086574 0.025260
0 0.897454 0.901953 0.086574 0.025260
0 0.054861 0.398047 0.040278 0.053906
0 0.182176 0.901953 0.081944 0.025260
0 0.038194 0.456641 0.043981 0.046094
0 0.425231 0.497656 0.040278 0.050000
0 0.790972 0.512630 0.040278 0.048698
0 0.466898 0.489193 0.086574 0.022656
0 0.198380 0.864193 0.040278 0.048698
0 0.388194 0.447526 0.086574 0.022656
0 0.117361 0.697526 0.044907 0.043490
0 0.290972 0.901953 0.077315 0.025260
0 0.165972 0.769141 0.095833 0.020052
0 0.909028 0.681250 0.044907 0.042188
0 0.022454 0.209245 0.040278 0.046094
0 0.603472 0.288672 0.081944 0.022656
0 0.161343 0.633724 0.040278 0.046094
0 0.212269 0.791276 0.105093 0.017448
0 0.163657 0.211849 0.072685 0.025260
0 0.135880 0.347266 0.035648 0.051302
0 0.332639 0.286068 0.077315 0.022656
0 0.753935 0.835547 0.077315 0.022656
0 0.925231 0.423828 0.040278 0.042969
0 0.934028 0.605078 0.030093 0.056510
0 0.527083 0.401693 0.086574 0.019531
0 0.943750 0.845964 0.031019 0.053906
0 0.383565 0.862891 0.040278 0.040885
0 0.209954 0.737891 0.081944 0.020052
0 0.909028 0.823828 0.035648 0.046094
0 0.121528 0.820964 0.081019 0.019531
0 0.175231 0.230078 0.105093 0.014844
0 0.510880 0.476172 0.026389 0.059115
0 0.825694 0.364193 0.026389 0.059115
0 0.749306 0.489193 0.040278 0.038281
0 0.642824 0.900651 0.068056 0.022656
0 0.763194 0.090755 0.040278 0.038281
0 0.147454 0.554297 0.086574 0.017448
0 0.207639 0.712891 0.086574 0.016927
0 0.858102 0.316016 0.035648 0.040885
0 0.547917 0.300391 0.072685 0.020052
0 0.216898 0.211849 0.095833 0.014844
0 0.153935 0.408464 0.081019 0.017448
0 0.365046 0.362891 0.068056 0.020052
0 0.154398 0.266536 0.091204 0.014844
0 0.438657 0.107682 0.067130 0.020052
0 0.616898 0.218359 0.034722 0.038281
0 0.615046 0.199479 0.031019 0.042188
0 0.353472 0.485286 0.063426 0.020052
0 0.626620 0.845964 0.072685 0.017448
0 0.334954 0.562109 0.072685 0.017448
0 0.580324 0.542318 0.035648 0.035156
0 0.890046 0.170182 0.034722 0.035677
0 0.697917 0.907161 0.030093 0.040885
0 0.202546 0.417578 0.030093 0.040885
0 0.598843 0.810807 0.026389 0.046094
0 0.830324 0.433203 0.026389 0.046094
0 0.228472 0.696875 0.109722 0.010937
0 0.325231 0.250911 0.081019 0.014844
0 0.112269 0.256120 0.081019 0.014844
0 0.295602 0.450130 0.068056 0.017448
0 0.716898 0.619401 0.068056 0.017448
0 0.230787 0.848568 0.021759 0.053906
0 0.510880 0.549089 0.035648 0.033073
0 0.712269 0.636328 0.058796 0.020052
0 0.249306 0.193620 0.058796 0.020052
0 0.476157 0.369141 0.031019 0.037760
0 0.381250 0.184505 0.026389 0.043490
0 0.117361 0.179297 0.026389 0.043490
0 0.207639 0.256120 0.077315 0.014844
0 0.337269 0.514583 0.031019 0.036979
0 0.473380 0.238932 0.034722 0.032552
0 0.152083 0.276693 0.077315 0.014323
0 0.568750 0.352474 0.031019 0.035677
0 0.966435 0.795182 0.020833 0.051302
0 0.071065 0.224609 0.026389 0.040365
0 0.534028 0.482422 0.026389 0.040365
0 0.800231 0.551432 0.021759 0.048177
0 0.089583 0.161719 0.026389 0.039583
0 0.727315 0.599870 0.070370 0.014844
0 0.365046 0.835547 0.058796 0.017448
0 0.494213 0.697526 0.020833 0.048698
0 0.762731 0.411068 0.020833 0.048698
0 0.117361 0.590755 0.026389 0.038281
0 0.249306 0.276953 0.068056 0.014844
0 0.851157 0.659766 0.068056 0.014844
0 0.436806 0.330339 0.026389 0.038281
0 0.571065 0.473307 0.026389 0.037760
0 0.165972 0.233984 0.021759 0.043490
0 0.740046 0.528255 0.021759 0.043490
0 0.915972 0.386328 0.031019 0.030469
0 0.751620 0.304297 0.054167 0.017448
0 0.427546 0.857682 0.063426 0.014844
0 0.821065 0.620703 0.063426 0.014844
0 0.057176 0.568359 0.026389 0.035156
0 0.057176 0.201172 0.026389 0.035156
0 0.154398 0.835547 0.072685 0.012240
0 0.115046 0.323828 0.021759 0.040885
0 0.084954 0.619401 0.026389 0.033073
0 0.938657 0.547786 0.020833 0.040885
0 0.035880 0.552995 0.020833 0.040885
0 0.867361 0.692057 0.072685 0.011719
0 0.883565 0.146484 0.058796 0.014323
0 0.428704 0.805599 0.056481 0.014844
0 0.781713 0.747005 0.021759 0.038281
0 0.689120 0.559505 0.068056 0.012240
0 0.313657 0.810807 0.085648 0.009635
0 0.554861 0.699870 0.068056 0.011719
0 0.265509 0.469661 0.081944 0.009635
0 0.395139 0.137630 0.063426 0.012240
0 0.154398 0.370443 0.054167 0.014323
0 0.959954 0.680339 0.054167 0.014323
0 0.862269 0.533464 0.062500 0.012240
0 0.075694 0.588151 0.017130 0.043490
0 0.199537 0.361589 0.061111 0.012240
0 0.689120 0.784766 0.049537 0.014844
0 0.624306 0.706641 0.049537 0.014844
0 0.459954 0.821224 0.017130 0.040885
0 0.904398 0.730078 0.017130 0.040885
0 0.552083 0.509766 0.025463 0.027344
0 0.265046 0.874349 0.025463 0.027344
0 0.704167 0.316016 0.070370 0.009635
0 0.377315 0.562109 0.055556 0.012240
0 0.955324 0.557292 0.017130 0.039062
0 0.876620 0.922786 0.044907 0.014844
0 0.365046 0.230078 0.068056 0.009635
0 0.459491 0.864193 0.053241 0.012240
0 0.635880 0.587891 0.017130 0.037760
0 0.591898 0.177344 0.021759 0.029167
0 0.821065 0.612891 0.063426 0.009635
0 0.214583 0.370703 0.063426 0.009635
0 0.540509 0.841406 0.020833 0.029167
0 0.534028 0.732422 0.017130 0.035156
0 0.751620 0.539714 0.017130 0.035156
0 0.940972 0.501563 0.016204 0.036979
0 0.986574 0.807943 0.024074 0.024740
0 0.104630 0.615495 0.019444 0.030469
0 0.496991 0.752865 0.017130 0.034375
0 0.658565 0.287370 0.016204 0.035677
0 0.326852 0.124609 0.047222 0.012240
0 0.774306 0.503255 0.016204 0.035156
0 0.700694 0.520443 0.017130 0.033073
0 0.446065 0.585286 0.017130 0.032552
0 0.850000 0.521745 0.056481 0.009635
0 0.350000 0.784505 0.056481 0.009115
0 0.358102 0.547526 0.054167 0.009115
0 0.739583 0.696224 0.048611 0.009635
0 0.084954 0.430599 0.017130 0.025260
0 0.839583 0.894141 0.017130 0.025260
0 0.674074 0.741797 0.056481 0.007031
0 0.385880 0.817708 0.017130 0.020833
0 0.610417 0.466797 0.012500 0.024740
