0 0.889352 0.025651 0.218519 0.043490
0 0.716898 0.273047 0.114352 0.033073
0 0.689120 0.102214 0.123611 0.029948
0 0.318750 0.878516 0.114352 0.030469
0 0.230787 0.465755 0.095833 0.033073
0 0.450694 0.566016 0.054167 0.056510
0 0.932176 0.170182 0.100463 0.030469
0 0.603472 0.664323 0.054167 0.055208
0 0.209954 0.558203 0.091204 0.030469
0 0.870833 0.452474 0.051852 0.053385
0 0.216898 0.385026 0.151389 0.017448
0 0.629630 0.364193 0.050926 0.048698
0 0.117361 0.593359 0.081944 0.027865
0 0.165972 0.610286 0.040278 0.056510
0 0.667824 0.247005 0.081019 0.027865
0 0.249306 0.167578 0.031019 0.072135
0 0.274769 0.509375 0.044907 0.047396
0 0.086806 0.457943 0.039352 0.048698
0 0.400926 0.511328 0.075000 0.025260
0 0.241898 0.786068 0.034722 0.053906
0 0.170139 0.196224 0.030093 0.061719
0 0.517824 0.664974 0.123611 0.014844
0 0.596528 0.278255 0.031019 0.059115
0 0.203009 0.622005 0.031019 0.059115
0 0.906713 0.505859 0.040278 0.045573
0 0.867361 0.347266 0.091204 0.020052
0 0.156713 0.891536 0.086574 0.020052
0 0.897454 0.261979 0.077315 0.021354
0 0.934491 0.297526 0.040278 0.040365
0 0.354630 0.474870 0.037963 0.040885
0 0.858102 0.510026 0.035648 0.043490
0 0.665972 0.330339 0.068056 0.022656
0 0.836574 0.508464 0.037037 0.040365
0 0.871991 0.378516 0.035648 0.040885
0 0.885880 0.599870 0.072685 0.020052
0 0.529398 0.661068 0.026389 0.053906
0 0.034028 0.853776 0.026389 0.053906
0 0.445602 0.480078 0.034722 0.040885
0 0.493519 0.338802 0.075000 0.018750
0 0.308333 0.865495 0.093519 0.014844
0 0.073380 0.765885 0.031019 0.044792
0 0.365046 0.886328 0.068056 0.020052
0 0.251620 0.881120 0.026389 0.051302
0 0.070602 0.866797 0.034722 0.038281
0 0.186343 0.418880 0.034722 0.038281
0 0.508102 0.447526 0.030093 0.043490
0 0.017824 0.793229 0.031019 0.042188
0 0.682176 0.661068 0.026389 0.048698
0 0.936806 0.490495 0.035648 0.035677
0 0.228472 0.724870 0.035648 0.035677
0 0.018981 0.650000 0.033333 0.036979
0 0.064120 0.252214 0.031019 0.038281
0 0.068750 0.827734 0.031019 0.038281
0 0.883565 0.762630 0.031019 0.038281
0 0.728472 0.299089 0.035648 0.033073
0 0.378935 0.718099 0.031019 0.037760
0 0.897454 0.413021 0.031019 0.036979
0 0.346991 0.900391 0.067130 0.016927
0 0.841435 0.719401 0.057870 0.019531
0 0.272454 0.818620 0.021759 0.051302
0 0.147454 0.844661 0.031019 0.035677
0 0.822222 0.526693 0.056481 0.019531
0 0.741204 0.325130 0.033333 0.033073
0 0.016667 0.822526 0.033333 0.033073
0 0.116204 0.901693 0.024074 0.045573
0 0.562963 0.559505 0.028704 0.038281
0 0.205324 0.839453 0.026389 0.040885
0 0.161343 0.541276 0.031019 0.033073
0 0.087269 0.533203 0.031019 0.032552
0 0.265046 0.566667 0.062500 0.016146
0 0.929861 0.449479 0.031019 0.031771
0 0.200694 0.251953 0.081944 0.011719
0 0.633565 0.127214 0.077315 0.012240
0 0.133565 0.536068 0.021759 0.043490
0 0.152083 0.550391 0.031019 0.030469
0 0.834954 0.125911 0.063426 0.014844
0 0.453009 0.154557 0.021759 0.040885
0 0.818750 0.149349 0.058796 0.014844
0 0.446065 0.275651 0.026389 0.033073
0 0.311806 0.119401 0.026389 0.033073
0 0.052546 0.395182 0.026389 0.032552
0 0.834954 0.452734 0.017130 0.048698
0 0.545602 0.245703 0.086574 0.009635
0 0.253935 0.150651 0.021759 0.038281
0 0.216898 0.872005 0.021759 0.038281
0 0.110417 0.533464 0.021759 0.038281
0 0.226157 0.215495 0.021759 0.037760
0 0.826852 0.235286 0.019444 0.040885
0 0.578009 0.305599 0.021759 0.035677
0 0.325694 0.142839 0.063426 0.012240
0 0.605787 0.142839 0.058796 0.012240
0 0.859954 0.549740 0.020833 0.034375
0 0.954861 0.416276 0.016204 0.043490
0 0.267824 0.760938 0.021759 0.031250
0 0.392361 0.262370 0.057870 0.011719
0 0.792824 0.243099 0.016204 0.040885
0 0.103472 0.256120 0.026389 0.025260
0 0.677546 0.218359 0.017130 0.038281
0 0.094213 0.413411 0.054167 0.011719
0 0.410880 0.617839 0.020833 0.029948
0 0.284028 0.347266 0.017130 0.035677
0 0.052546 0.203776 0.017130 0.035156
0 0.107639 0.654557 0.016204 0.035677
0 0.818750 0.176432 0.049537 0.011719
0 0.078009 0.716797 0.021759 0.024740
0 0.528935 0.201432 0.053241 0.009635
0 0.952546 0.598568 0.011574 0.038281
0 0.483102 0.494141 0.063426 0.006510
