0 0.191435 0.571224 0.230093 0.056510
0 0.100694 0.982031 0.196759 0.034375
0 0.066435 0.688411 0.063426 0.066927
0 0.746991 0.154557 0.109722 0.035677
0 0.536343 0.477474 0.123611 0.030469
0 0.584954 0.792578 0.118981 0.030469
0 0.582639 0.356380 0.105093 0.033073
0 0.443750 0.301693 0.058796 0.059115
0 0.876157 0.403255 0.118056 0.027865
0 0.545602 0.895443 0.095833 0.033073
0 0.689120 0.806901 0.105093 0.027865
0 0.939120 0.724870 0.049537 0.056510
0 0.797917 0.258073 0.054167 0.050000
0 0.450694 0.265234 0.081944 0.027865
0 0.638194 0.714453 0.049537 0.046094
0 0.378472 0.470313 0.085648 0.026562
0 0.540972 0.655859 0.031019 0.069531
0 0.276620 0.127214 0.094907 0.022656
0 0.772454 0.818359 0.086574 0.024740
0 0.429398 0.351172 0.085648 0.022656
0 0.649769 0.097266 0.072685 0.025260
0 0.377315 0.257422 0.101852 0.017448
0 0.059028 0.377214 0.039352 0.043490
0 0.891667 0.369401 0.075000 0.022656
0 0.186806 0.413672 0.072685 0.022656
0 0.802546 0.200130 0.072685 0.022656
0 0.737731 0.087891 0.072685 0.022135
0 0.446065 0.119401 0.091204 0.017448
0 0.902083 0.774349 0.031019 0.051302
0 0.707639 0.407161 0.031019 0.051302
0 0.381250 0.202734 0.026389 0.059115
0 0.832639 0.172786 0.077315 0.020052
0 0.578009 0.676693 0.068056 0.022656
0 0.101157 0.168880 0.068056 0.022656
0 0.101157 0.296484 0.068056 0.022656
0 0.670602 0.546484 0.031019 0.048698
0 0.098843 0.204036 0.026389 0.056510
0 0.057176 0.295182 0.035648 0.040885
0 0.584954 0.198828 0.072685 0.020052
0 0.219213 0.740495 0.035648 0.040885
0 0.617361 0.378516 0.072685 0.020052
0 0.131944 0.506120 0.027778 0.051302
0 0.663657 0.669922 0.072685 0.019531
0 0.498843 0.206641 0.094907 0.014844
0 0.779398 0.353125 0.026389 0.052604
0 0.726157 0.146745 0.068056 0.020052
0 0.793287 0.757422 0.035648 0.038281
0 0.262037 0.309896 0.102778 0.013021
0 0.056019 0.522396 0.061111 0.021354
0 0.788657 0.631120 0.035648 0.035677
0 0.345370 0.694922 0.028704 0.043490
0 0.057176 0.191016 0.026389 0.046094
0 0.966898 0.765234 0.021759 0.053906
0 0.443750 0.547786 0.058796 0.020052
0 0.388194 0.895443 0.095833 0.012240
0 0.887731 0.239193 0.067130 0.017448
0 0.228472 0.780859 0.026389 0.043490
0 0.265509 0.635026 0.026389 0.043490
0 0.135417 0.327734 0.034722 0.033073
0 0.696065 0.310547 0.026389 0.040365
0 0.505093 0.707943 0.061111 0.017448
0 0.463426 0.379818 0.061111 0.017448
0 0.275926 0.489193 0.061111 0.017448
0 0.142824 0.155859 0.086574 0.012240
0 0.505787 0.168620 0.062500 0.016927
0 0.632407 0.265234 0.084259 0.012240
0 0.115046 0.236589 0.058796 0.017448
0 0.216898 0.392839 0.058796 0.017448
0 0.328009 0.121745 0.031019 0.032552
0 0.920139 0.382422 0.057870 0.017448
0 0.321065 0.291276 0.081944 0.012240
0 0.258565 0.727474 0.021759 0.046094
0 0.429861 0.701432 0.021759 0.046094
0 0.869676 0.732682 0.021759 0.046094
0 0.411343 0.168620 0.058796 0.016927
0 0.073380 0.210547 0.021759 0.043490
0 0.802546 0.534766 0.026389 0.035677
0 0.209491 0.616797 0.053241 0.017448
0 0.520139 0.830339 0.072685 0.012240
0 0.496528 0.150651 0.071759 0.012240
0 0.645139 0.215755 0.026389 0.033073
0 0.233102 0.265234 0.026389 0.033073
0 0.098843 0.322266 0.072685 0.011719
0 0.409722 0.422786 0.055556 0.014844
0 0.781713 0.590495 0.021759 0.037760
0 0.207639 0.486328 0.021759 0.037760
0 0.275926 0.239193 0.065741 0.012240
0 0.082639 0.134375 0.049537 0.016146
0 0.170602 0.386328 0.021759 0.035677
0 0.476157 0.420182 0.021759 0.035677
0 0.589120 0.435547 0.053241 0.014323
0 0.256250 0.187109 0.017130 0.043490
0 0.682176 0.640885 0.054167 0.013542
0 0.513194 0.533203 0.021759 0.032552
0 0.821065 0.513932 0.017130 0.040885
0 0.909028 0.183203 0.072685 0.009635
0 0.770139 0.662370 0.017130 0.040885
0 0.240046 0.461849 0.068056 0.009635
0 0.457176 0.907161 0.067130 0.009635
0 0.100000 0.308203 0.065741 0.009635
0 0.834954 0.261328 0.063426 0.009635
0 0.677546 0.581641 0.017130 0.035677
0 0.360417 0.435807 0.058796 0.009635
0 0.513194 0.191016 0.058796 0.009635
0 0.457639 0.874609 0.040278 0.012240
0 0.295602 0.113932 0.021759 0.022135
0 0.885880 0.103776 0.017130 0.027865
0 0.246991 0.437370 0.017130 0.027344
0 0.897454 0.304297 0.058796 0.007031
0 0.719213 0.176693 0.017130 0.022656
0 0.368519 0.301693 0.047222 0.007031
0 0.693287 0.215495 0.011574 0.027344
0 0.984722 0.006120 0.027778 0.009635
