0 0.233102 0.431901 0.174537 0.048698
0 0.359954 0.848568 0.141204 0.038281
0 0.270139 0.635026 0.063426 0.085156
0 0.850000 0.701432 0.065741 0.072135
0 0.517824 0.683203 0.068056 0.066927
0 0.084954 0.140234 0.128241 0.033073
0 0.415509 0.672786 0.067130 0.061719
0 0.084954 0.579036 0.109722 0.030469
0 0.834954 0.836849 0.054167 0.056510
0 0.788657 0.571224 0.146759 0.020052
0 0.862731 0.063411 0.091204 0.030469
0 0.517824 0.605729 0.049537 0.052604
0 0.406250 0.358333 0.048611 0.052604
0 0.288657 0.843359 0.091204 0.027865
0 0.302546 0.683203 0.100463 0.025260
0 0.772454 0.123307 0.123611 0.020052
0 0.369676 0.383073 0.049537 0.050000
0 0.216898 0.569271 0.114352 0.021354
0 0.104167 0.234896 0.037037 0.062500
0 0.434491 0.584245 0.049537 0.046094
0 0.330324 0.882422 0.081944 0.027865
0 0.603472 0.608724 0.081944 0.027344
0 0.064120 0.810807 0.086574 0.025260
0 0.788657 0.821875 0.044907 0.047396
0 0.052546 0.599870 0.081944 0.025260
0 0.045602 0.232682 0.040278 0.051302
0 0.904398 0.917318 0.081944 0.024740
0 0.061343 0.880859 0.043981 0.045573
0 0.642824 0.183854 0.123611 0.016146
0 0.188657 0.542318 0.039352 0.050781
0 0.630787 0.760677 0.145833 0.013542
0 0.490046 0.510026 0.040278 0.048698
0 0.431713 0.899089 0.034722 0.055990
0 0.722222 0.336849 0.125000 0.014844
0 0.941435 0.657161 0.072685 0.025260
0 0.163657 0.292578 0.072685 0.025260
0 0.746991 0.766536 0.035648 0.051302
0 0.328009 0.653906 0.095833 0.018750
0 0.869213 0.707943 0.030093 0.059115
0 0.851157 0.504818 0.040278 0.043490
0 0.024769 0.233984 0.035648 0.048698
0 0.668287 0.913672 0.035648 0.048698
0 0.642361 0.421484 0.076389 0.022656
0 0.749306 0.671224 0.031019 0.053385
0 0.182176 0.800391 0.035648 0.046094
0 0.121991 0.620443 0.081944 0.019531
0 0.788657 0.192969 0.035648 0.044792
0 0.814120 0.361589 0.031019 0.048698
0 0.858102 0.912370 0.100463 0.014844
0 0.242361 0.588151 0.118981 0.012240
0 0.110417 0.464453 0.031019 0.046094
0 0.133565 0.636328 0.095833 0.014844
0 0.487731 0.277995 0.026389 0.053385
0 0.497685 0.638932 0.092593 0.014844
0 0.642824 0.821224 0.068056 0.020052
0 0.052546 0.713151 0.035648 0.038281
0 0.459954 0.878516 0.026389 0.051302
0 0.351157 0.774349 0.021759 0.061719
0 0.647454 0.468359 0.077315 0.017448
0 0.955324 0.411068 0.026389 0.048698
0 0.381250 0.749609 0.026389 0.048698
0 0.777083 0.506120 0.086574 0.014844
0 0.767824 0.459245 0.031019 0.040885
0 0.902083 0.326432 0.031019 0.040885
0 0.943750 0.266536 0.031019 0.040885
0 0.897454 0.774349 0.031019 0.040885
0 0.915972 0.448828 0.021759 0.056510
0 0.464120 0.567578 0.025463 0.048177
0 0.436343 0.179297 0.099537 0.012240
0 0.922917 0.813411 0.026389 0.046094
0 0.594213 0.881120 0.081944 0.014844
0 0.653935 0.499349 0.071759 0.016927
0 0.117361 0.552734 0.026389 0.045573
0 0.200694 0.445573 0.063426 0.018750
0 0.415972 0.506120 0.058796 0.020052
0 0.473380 0.817969 0.062500 0.018750
0 0.403935 0.649089 0.025463 0.045573
0 0.941435 0.876953 0.035648 0.032552
0 0.646296 0.541276 0.019444 0.059115
0 0.751620 0.812109 0.026389 0.043490
0 0.950231 0.194922 0.034722 0.033073
0 0.646991 0.847266 0.076389 0.014844
0 0.420602 0.593359 0.031019 0.035677
0 0.566435 0.801693 0.063426 0.017448
0 0.515046 0.192318 0.062500 0.017448
0 0.399769 0.467057 0.026389 0.040885
0 0.505787 0.560807 0.071759 0.014844
0 0.839583 0.445964 0.026389 0.040365
0 0.195602 0.395182 0.062500 0.016927
0 0.128935 0.517839 0.031019 0.033073
0 0.140509 0.848568 0.026389 0.038281
0 0.918287 0.385026 0.026389 0.038281
0 0.911343 0.256120 0.068056 0.014844
0 0.060648 0.164714 0.070370 0.014323
0 0.073380 0.259766 0.031019 0.032552
0 0.693750 0.599609 0.021759 0.045573
0 0.851157 0.749609 0.056944 0.017448
0 0.172454 0.507422 0.025463 0.038281
0 0.438657 0.664974 0.020833 0.046094
0 0.821065 0.889974 0.081944 0.011719
0 0.814120 0.465755 0.077315 0.012240
0 0.272454 0.455339 0.077315 0.012240
0 0.663657 0.361589 0.054167 0.017448
0 0.297917 0.180599 0.063426 0.014844
0 0.702546 0.793880 0.076389 0.012240
0 0.777083 0.399349 0.021759 0.040885
0 0.809491 0.125911 0.058796 0.014844
0 0.172917 0.267839 0.026389 0.033073
0 0.022454 0.666276 0.021759 0.038281
0 0.763194 0.148047 0.068056 0.012240
0 0.772454 0.135026 0.068056 0.012240
0 0.910880 0.232682 0.085648 0.009635
0 0.846065 0.806901 0.067130 0.012240
0 0.721528 0.353516 0.068056 0.011719
0 0.748843 0.119141 0.067130 0.011719
0 0.714583 0.374609 0.063426 0.012240
0 0.675231 0.589453 0.021759 0.035677
0 0.645139 0.226172 0.017130 0.043490
0 0.304861 0.352474 0.077315 0.009635
0 0.438657 0.395443 0.057870 0.012240
0 0.871991 0.844661 0.017130 0.040885
0 0.297917 0.633724 0.072685 0.009635
0 0.834954 0.474870 0.072685 0.009635
0 0.216898 0.810807 0.021759 0.030469
0 0.834954 0.931901 0.054167 0.012240
0 0.858102 0.111589 0.017130 0.038281
0 0.964583 0.825130 0.017130 0.038281
0 0.308333 0.542578 0.065741 0.009635
0 0.890509 0.933203 0.063426 0.009635
0 0.279398 0.396745 0.063426 0.009635
0 0.598380 0.532813 0.016204 0.036979
0 0.569907 0.305339 0.014815 0.040365
0 0.501157 0.669531 0.043981 0.013542
0 0.061343 0.339193 0.016204 0.035156
0 0.862731 0.344661 0.054167 0.009635
0 0.270139 0.516276 0.054167 0.009115
0 0.415972 0.758464 0.049537 0.009115
0 0.966898 0.719661 0.012500 0.035677
0 0.010880 0.323568 0.017130 0.024740
0 0.200694 0.723568 0.017130 0.022656
0 0.887731 0.310547 0.039352 0.009115
0 0.140509 0.282161 0.035648 0.009635
