0 0.534028 0.616797 0.230093 0.048698
0 0.934028 0.634375 0.076389 0.104688
0 0.890509 0.605078 0.072685 0.077344
0 0.205324 0.464844 0.063426 0.062500
0 0.776620 0.522786 0.048611 0.074219
0 0.948380 0.332943 0.058796 0.059115
0 0.806019 0.098568 0.051852 0.059115
0 0.501620 0.526953 0.118981 0.025260
0 0.959954 0.368099 0.044907 0.061719
0 0.950231 0.612891 0.043981 0.061719
0 0.878935 0.813411 0.105093 0.025260
0 0.890509 0.361589 0.044907 0.059115
0 0.624306 0.527995 0.095833 0.027344
0 0.269676 0.842057 0.127315 0.020052
0 0.263194 0.494401 0.040278 0.059115
0 0.794444 0.130859 0.093519 0.024740
0 0.786343 0.593099 0.132870 0.016927
0 0.066435 0.465755 0.035648 0.059115
0 0.170139 0.541276 0.030093 0.069531
0 0.103472 0.758724 0.044907 0.046094
0 0.774306 0.233984 0.034722 0.059115
0 0.925231 0.595964 0.040278 0.048698
0 0.226157 0.515234 0.040278 0.048698
0 0.885880 0.192708 0.035648 0.054688
0 0.665509 0.448828 0.076389 0.025260
0 0.751157 0.041276 0.081019 0.022656
0 0.667824 0.548177 0.043981 0.041667
0 0.649769 0.269141 0.035648 0.051302
0 0.543287 0.446224 0.109722 0.014844
0 0.888194 0.010026 0.086574 0.017448
0 0.105787 0.809505 0.031019 0.048698
0 0.846065 0.202734 0.020833 0.064323
0 0.800231 0.489193 0.021759 0.053906
0 0.816435 0.036068 0.035648 0.033073
0 0.804861 0.736589 0.021759 0.053906
0 0.563657 0.184245 0.067130 0.016927
0 0.790509 0.157161 0.076389 0.014844
0 0.878935 0.313411 0.021759 0.051302
0 0.939120 0.760026 0.021759 0.048698
0 0.976157 0.694922 0.021759 0.043490
0 0.721528 0.152604 0.021759 0.042188
0 0.765509 0.161068 0.072685 0.012240
0 0.742361 0.271745 0.081944 0.009635
0 0.909028 0.385026 0.017130 0.043490
0 0.957639 0.789714 0.077315 0.009115
0 0.788657 0.438411 0.072685 0.009635
0 0.853472 0.064062 0.063426 0.010937
0 0.954861 0.556901 0.016204 0.038281
0 0.991204 0.641536 0.014815 0.038281
0 0.098843 0.993099 0.044907 0.009635
0 0.036343 0.528255 0.012500 0.033073
0 0.010880 0.527995 0.007870 0.027344
