0 0.126620 0.801693 0.211574 0.059115
0 0.103009 0.980729 0.201389 0.036979
0 0.170602 0.198828 0.068056 0.082552
0 0.168287 0.890234 0.128241 0.043490
0 0.698380 0.155859 0.142130 0.038281
0 0.098843 0.696875 0.128241 0.036979
0 0.413657 0.284766 0.146759 0.030469
0 0.728472 0.396484 0.100463 0.035156
0 0.203009 0.866797 0.105093 0.027865
0 0.867361 0.756120 0.054167 0.051302
0 0.603472 0.143880 0.054167 0.050781
0 0.270139 0.848307 0.100463 0.027344
0 0.081481 0.254818 0.047222 0.053906
0 0.473843 0.827734 0.091204 0.027865
0 0.972685 0.720313 0.051852 0.047396
0 0.915972 0.664974 0.095833 0.025260
0 0.406713 0.603776 0.086574 0.027865
0 0.707176 0.366797 0.048611 0.048698
0 0.612269 0.387630 0.081019 0.027865
0 0.263194 0.403646 0.040278 0.054688
0 0.472685 0.868099 0.042593 0.051302
0 0.955324 0.121745 0.044907 0.048177
0 0.793287 0.606380 0.035648 0.059115
0 0.786343 0.810807 0.040278 0.051302
0 0.575694 0.612891 0.035648 0.056510
0 0.487731 0.325781 0.081944 0.023958
0 0.777083 0.645182 0.040278 0.048177
0 0.265509 0.751953 0.044907 0.042969
0 0.332639 0.665625 0.040278 0.047396
0 0.593750 0.728776 0.034722 0.053906
0 0.596528 0.404557 0.040278 0.046094
0 0.300231 0.420182 0.040278 0.046094
0 0.596528 0.599870 0.040278 0.046094
0 0.815278 0.793880 0.042593 0.043490
0 0.219213 0.435807 0.072685 0.025260
0 0.654398 0.099870 0.091204 0.020052
0 0.249306 0.510026 0.040278 0.043490
0 0.931019 0.784766 0.042593 0.040885
0 0.395139 0.697526 0.035648 0.048698
0 0.597685 0.819922 0.098148 0.017448
0 0.432176 0.182292 0.072685 0.023438
0 0.318750 0.684505 0.031019 0.053906
0 0.429398 0.145443 0.094907 0.017448
0 0.603472 0.856380 0.072685 0.022656
0 0.610417 0.480078 0.040278 0.040885
0 0.367361 0.248307 0.109722 0.014844
0 0.941435 0.199479 0.100463 0.016146
0 0.714120 0.111589 0.071759 0.022656
0 0.376620 0.677734 0.035648 0.045573
0 0.332176 0.644141 0.039352 0.040885
0 0.653935 0.357682 0.034722 0.046094
0 0.439120 0.388021 0.068056 0.023438
0 0.823380 0.748307 0.031019 0.051302
0 0.594213 0.765234 0.091204 0.017448
0 0.698380 0.805599 0.031019 0.051302
0 0.304861 0.532161 0.077315 0.020052
0 0.529398 0.844661 0.100463 0.014844
0 0.228472 0.631771 0.091204 0.016146
0 0.569907 0.008724 0.098148 0.014844
0 0.230324 0.702474 0.030093 0.048177
0 0.802083 0.852734 0.025463 0.055990
0 0.797917 0.483984 0.026389 0.053906
0 0.153935 0.329036 0.034722 0.040885
0 0.621991 0.494401 0.035648 0.038281
0 0.777083 0.601172 0.031019 0.043490
0 0.288657 0.270443 0.026389 0.048698
0 0.830324 0.241797 0.026389 0.048698
0 0.172917 0.584245 0.063426 0.020052
0 0.700694 0.717057 0.035648 0.035677
0 0.626620 0.404557 0.035648 0.035677
0 0.844213 0.101172 0.072685 0.017448
0 0.814120 0.641536 0.031019 0.040885
0 0.396991 0.802995 0.030093 0.040885
0 0.105787 0.135026 0.068056 0.017448
0 0.307176 0.604427 0.026389 0.044792
0 0.510880 0.192318 0.035648 0.033073
0 0.538657 0.867839 0.081944 0.014323
0 0.841435 0.560807 0.057870 0.020052
0 0.350694 0.340755 0.030093 0.038281
0 0.311806 0.319922 0.026389 0.043490
0 0.529398 0.426693 0.026389 0.043490
0 0.962269 0.818620 0.021759 0.051302
0 0.512037 0.425391 0.075000 0.014844
0 0.362269 0.611589 0.025463 0.043490
0 0.098843 0.210547 0.063426 0.017448
0 0.080324 0.736589 0.063426 0.017448
0 0.575694 0.318620 0.072685 0.014844
0 0.881250 0.813151 0.026389 0.040365
0 0.351157 0.398047 0.031019 0.033073
0 0.149769 0.653255 0.026389 0.038281
0 0.133565 0.727474 0.068056 0.014844
0 0.284028 0.340755 0.026389 0.038281
0 0.267824 0.615234 0.021759 0.045573
0 0.314120 0.466406 0.021759 0.044792
0 0.147454 0.179688 0.021759 0.044271
0 0.328009 0.155859 0.021759 0.043490
0 0.131250 0.688411 0.026389 0.035677
0 0.508565 0.736328 0.021759 0.042969
0 0.279398 0.197526 0.017130 0.053906
0 0.858102 0.242839 0.026389 0.035156
0 0.755787 0.840755 0.053241 0.017448
0 0.616204 0.590755 0.024074 0.038281
0 0.619676 0.553646 0.021759 0.042188
0 0.816435 0.182943 0.063426 0.014323
0 0.892361 0.509766 0.020833 0.042969
0 0.242361 0.470964 0.026389 0.033073
0 0.260880 0.345703 0.026389 0.032552
0 0.723843 0.231120 0.072685 0.011719
0 0.675231 0.458984 0.058796 0.014323
0 0.653935 0.493099 0.016204 0.051302
0 0.888194 0.898047 0.068056 0.012240
0 0.388194 0.645443 0.021759 0.038281
0 0.499306 0.312109 0.068056 0.012240
0 0.723843 0.740495 0.054167 0.014844
0 0.348843 0.737891 0.026389 0.030469
0 0.196065 0.110286 0.081944 0.009635
0 0.707639 0.477474 0.021759 0.035677
0 0.464583 0.726172 0.017130 0.043490
0 0.346528 0.601172 0.021759 0.033073
0 0.659028 0.076432 0.072685 0.009635
0 0.608102 0.829036 0.017130 0.040885
0 0.285185 0.732682 0.047222 0.014844
0 0.304861 0.517578 0.058796 0.011719
0 0.640046 0.480729 0.016204 0.042188
0 0.733102 0.453385 0.017130 0.039583
0 0.573380 0.656510 0.049537 0.013542
0 0.325694 0.491797 0.017130 0.038281
0 0.133565 0.503255 0.068056 0.009115
0 0.462963 0.757422 0.050926 0.012240
0 0.274769 0.443359 0.017130 0.035156
0 0.596065 0.700130 0.048611 0.012240
0 0.969213 0.489193 0.017130 0.033073
0 0.628472 0.254167 0.020833 0.026562
0 0.804861 0.310807 0.021759 0.025260
0 0.760880 0.485286 0.054167 0.009635
0 0.617361 0.685807 0.054167 0.009635
0 0.265046 0.138932 0.053241 0.009635
0 0.732639 0.640234 0.016204 0.027865
0 0.728009 0.613932 0.016204 0.027344
0 0.719213 0.526953 0.044907 0.009635
0 0.068750 0.193359 0.012500 0.029948
0 0.198380 0.313411 0.012500 0.025260
0 0.035185 0.004167 0.028704 0.005729
