0 0.560185 0.593359 0.115741 0.033073
0 0.801389 0.437760 0.107407 0.034375
0 0.425231 0.784766 0.058796 0.061719
0 0.170602 0.190755 0.179167 0.019531
0 0.520139 0.858984 0.100463 0.033073
0 0.506250 0.536068 0.109722 0.027865
0 0.197222 0.111589 0.105556 0.027865
0 0.446065 0.170833 0.091204 0.031771
0 0.508565 0.629557 0.105093 0.027344
0 0.399769 0.235286 0.054167 0.051302
0 0.334954 0.099870 0.091204 0.030469
0 0.182176 0.151953 0.044907 0.061719
0 0.397454 0.167578 0.105093 0.025260
0 0.837269 0.327734 0.031019 0.085156
0 0.909028 0.166276 0.091204 0.027865
0 0.587269 0.670182 0.095833 0.025260
0 0.922917 0.706641 0.044907 0.051302
0 0.540509 0.303646 0.039352 0.057813
0 0.675231 0.205339 0.123611 0.017448
0 0.042824 0.819922 0.043981 0.048698
0 0.612731 0.131771 0.044907 0.047396
0 0.809028 0.900000 0.039352 0.052604
0 0.784028 0.459245 0.044907 0.046094
0 0.216898 0.256120 0.040278 0.051302
0 0.328009 0.511719 0.077315 0.026042
0 0.760417 0.904557 0.099537 0.020052
0 0.635880 0.692708 0.044907 0.044271
0 0.352315 0.430339 0.079630 0.024740
0 0.199537 0.698828 0.042593 0.046094
0 0.804861 0.489193 0.086574 0.022656
0 0.326852 0.665234 0.028704 0.066406
0 0.729630 0.516536 0.093519 0.020052
0 0.600000 0.766536 0.093519 0.020052
0 0.314120 0.576432 0.040278 0.046094
0 0.817593 0.247005 0.037963 0.048698
0 0.621991 0.594661 0.072685 0.025260
0 0.358102 0.612891 0.044907 0.040885
0 0.052546 0.355078 0.072685 0.025260
0 0.189120 0.531510 0.040278 0.044792
0 0.272454 0.739193 0.040278 0.043490
0 0.402083 0.905859 0.077315 0.022656
0 0.138194 0.885026 0.077315 0.022656
0 0.784028 0.608984 0.035648 0.048698
0 0.438657 0.364193 0.076389 0.022656
0 0.711111 0.119401 0.075000 0.022656
0 0.361574 0.145182 0.098148 0.016927
0 0.719213 0.723568 0.072685 0.022656
0 0.112269 0.170182 0.081019 0.020052
0 0.438657 0.431641 0.030093 0.053385
0 0.744676 0.635417 0.068056 0.023438
0 0.650926 0.557552 0.084259 0.018750
0 0.306713 0.120443 0.108796 0.014323
0 0.253935 0.434505 0.068056 0.022656
0 0.860417 0.106380 0.040278 0.038281
0 0.078009 0.874609 0.031019 0.048698
0 0.601157 0.788672 0.086574 0.017448
0 0.281713 0.598568 0.031019 0.048698
0 0.758565 0.220964 0.031019 0.048698
0 0.425231 0.531901 0.077315 0.019531
0 0.538657 0.464453 0.026389 0.056510
0 0.748843 0.563151 0.076389 0.019531
0 0.326852 0.175130 0.075000 0.019531
0 0.038657 0.800391 0.035648 0.040885
0 0.743519 0.851172 0.037963 0.038281
0 0.962269 0.860286 0.031019 0.046094
0 0.071065 0.377214 0.081944 0.017448
0 0.895139 0.869401 0.026389 0.053906
0 0.089583 0.796484 0.026389 0.053906
0 0.846065 0.904557 0.039352 0.035677
0 0.981944 0.141927 0.033333 0.041667
0 0.715741 0.243490 0.037963 0.036458
0 0.244676 0.099870 0.068056 0.020052
0 0.260417 0.593099 0.025463 0.053385
0 0.242361 0.782161 0.091204 0.014844
0 0.816435 0.620703 0.026389 0.051302
0 0.797917 0.125911 0.026389 0.051302
0 0.720370 0.623307 0.037963 0.035677
0 0.337269 0.856380 0.031019 0.043490
0 0.232639 0.226172 0.034722 0.038281
0 0.596528 0.321224 0.086574 0.014844
0 0.244676 0.728516 0.021759 0.058594
0 0.640509 0.620703 0.063426 0.020052
0 0.302546 0.763932 0.063426 0.020052
0 0.112731 0.638932 0.063426 0.020052
0 0.492361 0.857682 0.063426 0.020052
0 0.878935 0.263932 0.031019 0.040885
0 0.156713 0.214453 0.031019 0.040885
0 0.915972 0.089453 0.031019 0.040885
0 0.341898 0.801042 0.021759 0.057813
0 0.455324 0.578776 0.035648 0.035156
0 0.858102 0.586589 0.063426 0.019531
0 0.821065 0.388932 0.026389 0.046094
0 0.672917 0.133724 0.081944 0.014844
0 0.459954 0.399349 0.081944 0.014844
0 0.246991 0.558203 0.026389 0.046094
0 0.262731 0.544922 0.030093 0.040365
0 0.509259 0.494401 0.069444 0.017448
0 0.784028 0.695964 0.026389 0.045573
0 0.341898 0.898047 0.068056 0.017448
0 0.429861 0.664974 0.058796 0.020052
0 0.804861 0.275391 0.021759 0.053385
0 0.843750 0.867839 0.025463 0.045573
0 0.432176 0.233984 0.026389 0.043490
0 0.774769 0.103125 0.026389 0.042188
0 0.133565 0.435807 0.031019 0.035677
0 0.934491 0.753516 0.031019 0.035677
0 0.332639 0.209245 0.031019 0.035677
0 0.927546 0.301693 0.063426 0.017448
0 0.258102 0.670833 0.020833 0.052604
0 0.515509 0.573828 0.026389 0.040885
0 0.589583 0.560807 0.072685 0.014844
0 0.237269 0.164974 0.071759 0.014844
0 0.268981 0.218359 0.061111 0.017448
0 0.872454 0.733724 0.062500 0.016927
0 0.417824 0.292578 0.025463 0.040885
0 0.315972 0.491146 0.062500 0.016146
0 0.170602 0.691016 0.021759 0.046094
0 0.774769 0.531510 0.072685 0.013542
0 0.369676 0.666276 0.021759 0.043490
0 0.712269 0.379167 0.058796 0.016146
0 0.656713 0.710547 0.077315 0.012240
0 0.934491 0.348568 0.021759 0.043490
0 0.064120 0.623307 0.031019 0.030469
0 0.422917 0.573828 0.026389 0.035677
0 0.223380 0.470964 0.053241 0.017448
0 0.713426 0.429036 0.024074 0.037760
0 0.836806 0.627214 0.020833 0.043490
0 0.594213 0.684505 0.072685 0.012240
0 0.515509 0.870703 0.091204 0.009635
0 0.601157 0.454036 0.058796 0.014844
0 0.740046 0.131120 0.058796 0.014844
0 0.722222 0.585547 0.069444 0.012240
0 0.079167 0.685547 0.024074 0.035156
0 0.818750 0.220964 0.068056 0.012240
0 0.957639 0.679297 0.021759 0.038281
0 0.892824 0.184505 0.068056 0.012240
0 0.420139 0.700130 0.067130 0.012240
0 0.911343 0.486328 0.021759 0.037760
0 0.471528 0.992448 0.058796 0.013542
0 0.765509 0.172786 0.017130 0.046094
0 0.582639 0.646745 0.021759 0.035677
0 0.892824 0.091797 0.021759 0.035156
0 0.323380 0.227474 0.077315 0.009635
0 0.921759 0.158464 0.061111 0.012240
0 0.557176 0.835286 0.026389 0.027344
0 0.309491 0.807943 0.049537 0.014323
0 0.659028 0.391536 0.017130 0.040885
0 0.594676 0.808203 0.071759 0.009635
0 0.558333 0.896484 0.075000 0.009115
0 0.576852 0.490234 0.047222 0.014323
0 0.506250 0.322526 0.017130 0.038281
0 0.779398 0.192318 0.017130 0.038281
0 0.365046 0.136328 0.068056 0.009635
0 0.381250 0.389974 0.017130 0.037760
0 0.466435 0.664974 0.067130 0.009635
0 0.677546 0.116536 0.054167 0.011719
0 0.225694 0.534766 0.020833 0.030469
0 0.670602 0.800130 0.068056 0.009115
0 0.779398 0.261328 0.017130 0.035677
0 0.579167 0.360286 0.061111 0.009635
0 0.589583 0.582943 0.017130 0.033073
0 0.858102 0.233984 0.017130 0.033073
0 0.705324 0.791016 0.017130 0.032552
0 0.755787 0.244401 0.016204 0.033073
0 0.309028 0.339193 0.057870 0.009115
0 0.594213 0.706641 0.017130 0.030469
0 0.492361 0.571875 0.044907 0.010937
0 0.054861 0.303255 0.012500 0.035156
0 0.464120 0.464193 0.043981 0.009115
0 0.154398 0.129557 0.017130 0.022135
0 0.300231 0.510026 0.049537 0.007031
0 0.594213 0.128516 0.035648 0.009635
0 0.922917 0.447266 0.044907 0.006510
0 0.163194 0.744401 0.016204 0.017448
0 0.670602 0.093099 0.012500 0.022135
0 0.561806 0.041276 0.026389 0.007031
