0 0.545602 0.616797 0.225463 0.043490
0 0.951852 0.292578 0.093519 0.092969
0 0.148148 0.388672 0.050926 0.087240
0 0.581019 0.701432 0.111111 0.035677
0 0.181713 0.845964 0.099537 0.033073
0 0.115046 0.218099 0.049537 0.063802
0 0.705324 0.480078 0.118981 0.025260
0 0.302546 0.579036 0.044907 0.066927
0 0.660880 0.822526 0.131944 0.022656
0 0.214583 0.405859 0.100463 0.027865
0 0.338426 0.536068 0.051852 0.053906
0 0.228009 0.779557 0.090278 0.030469
0 0.193750 0.620703 0.049537 0.051302
0 0.427546 0.711849 0.044907 0.056510
0 0.922917 0.326172 0.044907 0.055990
0 0.825694 0.663411 0.035648 0.069010
0 0.198380 0.244141 0.086574 0.027344
0 0.719213 0.234245 0.044907 0.048177
0 0.177546 0.076432 0.081944 0.025260
0 0.332639 0.163021 0.095833 0.021354
0 0.237731 0.515234 0.044907 0.043490
0 0.984259 0.855078 0.028704 0.066927
0 0.388194 0.196224 0.123611 0.014844
0 0.944907 0.095703 0.107407 0.016927
0 0.115046 0.630859 0.031019 0.055990
0 0.189120 0.128516 0.086574 0.020052
0 0.200694 0.318620 0.026389 0.056510
0 0.932176 0.137630 0.118981 0.012240
0 0.885417 0.347266 0.034722 0.040885
0 0.494676 0.778255 0.031019 0.043490
0 0.981944 0.280859 0.033333 0.038281
0 0.447222 0.067057 0.065741 0.016927
0 0.112731 0.352474 0.026389 0.040885
0 0.790972 0.405859 0.031019 0.033073
0 0.605787 0.164974 0.068056 0.014844
0 0.078009 0.472266 0.021759 0.046094
0 0.617361 0.148047 0.081944 0.012240
0 0.809491 0.176693 0.021759 0.043490
0 0.169444 0.502214 0.075000 0.012240
0 0.251157 0.611328 0.053241 0.016927
0 0.453009 0.861328 0.068056 0.011719
0 0.628935 0.177995 0.068056 0.009635
0 0.071065 0.292578 0.017130 0.030469
0 0.631250 0.111589 0.054167 0.007031
0 0.993519 0.410807 0.010185 0.022135
