0 0.848843 0.845964 0.193056 0.043490
0 0.096528 0.982031 0.188426 0.034375
0 0.293287 0.852474 0.137500 0.046094
0 0.378935 0.088151 0.142130 0.043490
0 0.096528 0.139583 0.058796 0.094271
0 0.128472 0.801693 0.131944 0.033073
0 0.465741 0.567318 0.102778 0.033073
0 0.890509 0.905859 0.146759 0.022656
0 0.829167 0.817318 0.125926 0.022656
0 0.591898 0.149349 0.105093 0.025260
0 0.184491 0.280599 0.040278 0.063802
0 0.112731 0.728776 0.146759 0.017448
0 0.844213 0.878516 0.100463 0.025260
0 0.101157 0.556641 0.049537 0.048177
0 0.559491 0.317318 0.040278 0.059115
0 0.184491 0.117839 0.031019 0.066406
0 0.746991 0.324479 0.091204 0.021354
0 0.072917 0.847266 0.076389 0.025260
0 0.978472 0.612891 0.035648 0.051302
0 0.670139 0.179297 0.104167 0.017448
0 0.434028 0.140234 0.094907 0.017448
0 0.667824 0.239193 0.034722 0.043490
0 0.214583 0.196224 0.026389 0.056510
0 0.116204 0.836198 0.079630 0.018750
0 0.800231 0.173828 0.077315 0.016927
0 0.986574 0.250911 0.024074 0.051302
0 0.302546 0.386068 0.026389 0.045573
0 0.327546 0.410807 0.030093 0.037760
0 0.119676 0.300391 0.021759 0.046094
0 0.664352 0.545182 0.064815 0.014844
0 0.108102 0.387370 0.017130 0.048177
0 0.925231 0.211849 0.021759 0.035677
0 0.975000 0.132422 0.047222 0.012240
0 0.993519 0.097005 0.010185 0.029948
0 0.993519 0.901693 0.010185 0.014323
