0 0.543287 0.614193 0.230093 0.043490
0 0.564120 0.826432 0.058796 0.077344
0 0.767824 0.817057 0.058796 0.074219
0 0.703009 0.127214 0.179167 0.022656
0 0.303241 0.514323 0.111111 0.036458
0 0.618519 0.170182 0.102778 0.035677
0 0.858102 0.170182 0.165278 0.020052
0 0.834954 0.154557 0.118981 0.025260
0 0.700694 0.162109 0.054167 0.050781
0 0.503935 0.250260 0.049537 0.055208
0 0.132407 0.711849 0.028704 0.077344
0 0.337269 0.591406 0.040278 0.055208
0 0.318750 0.460286 0.040278 0.053385
0 0.723843 0.181901 0.091204 0.022656
0 0.767824 0.846615 0.040278 0.050000
0 0.605787 0.319922 0.086574 0.022656
0 0.358102 0.291276 0.100463 0.017448
0 0.314120 0.760026 0.077315 0.022656
0 0.927083 0.842708 0.025463 0.063021
0 0.963426 0.064714 0.070370 0.022656
0 0.621991 0.552734 0.091204 0.014323
0 0.183333 0.615234 0.065741 0.019531
0 0.172917 0.598568 0.100463 0.012240
0 0.126620 0.623307 0.081944 0.014844
0 0.772454 0.103776 0.031019 0.038281
0 0.378935 0.327734 0.021759 0.053906
0 0.950231 0.717057 0.025463 0.046094
0 0.957176 0.111589 0.067130 0.017448
0 0.302546 0.324479 0.026389 0.042188
0 0.839583 0.142839 0.072685 0.012240
0 0.760880 0.156901 0.081944 0.009115
0 0.988889 0.564714 0.019444 0.038281
0 0.024769 0.623307 0.044907 0.014844
0 0.837269 0.198828 0.021759 0.025260
