0 0.909028 0.694922 0.100463 0.111198
0 0.891667 0.024349 0.213889 0.040885
0 0.184954 0.747005 0.067130 0.085156
0 0.288657 0.309505 0.128241 0.027865
0 0.031713 0.377214 0.058796 0.059115
0 0.196065 0.704036 0.109722 0.030469
0 0.510880 0.111589 0.137500 0.022656
0 0.265509 0.826172 0.044907 0.066406
0 0.862731 0.060807 0.091204 0.030469
0 0.411343 0.257422 0.049537 0.053906
0 0.263194 0.873047 0.049537 0.050781
0 0.429861 0.590755 0.086574 0.027865
0 0.643981 0.331641 0.116667 0.020052
0 0.108102 0.524349 0.044907 0.051302
0 0.208796 0.675391 0.033333 0.066927
0 0.396991 0.719401 0.048611 0.045573
0 0.832639 0.263932 0.086574 0.025260
0 0.350694 0.847266 0.085648 0.025260
0 0.619676 0.297786 0.040278 0.051302
0 0.170602 0.873047 0.031019 0.066406
0 0.336111 0.921484 0.047222 0.043490
0 0.459491 0.641536 0.043981 0.046094
0 0.608102 0.546484 0.044907 0.043490
0 0.409028 0.840755 0.044907 0.043490
0 0.733102 0.390234 0.035648 0.053906
0 0.188657 0.797786 0.030093 0.061719
0 0.948380 0.224870 0.040278 0.046094
0 0.617361 0.157161 0.044907 0.040885
0 0.054861 0.269141 0.031019 0.056510
0 0.746991 0.767839 0.035648 0.048698
0 0.103472 0.694922 0.035648 0.048698
0 0.383102 0.905859 0.039352 0.043490
0 0.147454 0.782161 0.114352 0.014844
0 0.447222 0.549089 0.075000 0.022656
0 0.874306 0.830339 0.031019 0.053906
0 0.647454 0.356380 0.095833 0.017448
0 0.608102 0.699870 0.072685 0.022135
0 0.786343 0.560807 0.040278 0.039844
0 0.226157 0.774349 0.031019 0.051302
0 0.620370 0.835547 0.069444 0.022656
0 0.135880 0.392839 0.026389 0.059115
0 0.656713 0.374609 0.068056 0.022656
0 0.693287 0.175391 0.076389 0.020052
0 0.381713 0.668880 0.034722 0.043490
0 0.841898 0.518880 0.105093 0.014323
0 0.561343 0.546484 0.034722 0.043490
0 0.746991 0.842057 0.072685 0.020052
0 0.589120 0.865495 0.071759 0.020052
0 0.657870 0.801042 0.088889 0.016146
0 0.478472 0.424089 0.081944 0.017448
0 0.621991 0.938151 0.072685 0.019531
0 0.869676 0.779297 0.031019 0.045573
0 0.083796 0.732682 0.070370 0.020052
0 0.723843 0.710547 0.035648 0.038281
0 0.767824 0.408464 0.077315 0.017448
0 0.809491 0.881120 0.021759 0.061719
0 0.133565 0.648047 0.077315 0.017448
0 0.934491 0.812109 0.031019 0.043490
0 0.045602 0.767839 0.031019 0.043490
0 0.911343 0.130859 0.068056 0.019531
0 0.844213 0.137630 0.026389 0.048698
0 0.105787 0.894141 0.086574 0.014844
0 0.659028 0.407161 0.063426 0.020052
0 0.561806 0.810807 0.035648 0.035677
0 0.561806 0.787370 0.063426 0.020052
0 0.663657 0.606380 0.072685 0.017448
0 0.059491 0.354818 0.031019 0.040365
0 0.230787 0.676693 0.031019 0.038281
0 0.499306 0.661068 0.031019 0.038281
0 0.510417 0.470703 0.099537 0.011719
0 0.924769 0.422786 0.057870 0.020052
0 0.214583 0.921484 0.026389 0.043490
0 0.499306 0.128516 0.077315 0.014844
0 0.158565 0.252214 0.034722 0.033073
0 0.370833 0.601823 0.061111 0.018750
0 0.560648 0.685807 0.024074 0.046094
0 0.781713 0.894141 0.031019 0.035677
0 0.230787 0.144792 0.068056 0.016146
0 0.367361 0.516536 0.026389 0.040885
0 0.253935 0.619401 0.086574 0.012240
0 0.845370 0.427995 0.033333 0.030469
0 0.089583 0.457943 0.026389 0.038281
0 0.337269 0.589453 0.068056 0.014844
0 0.793287 0.244401 0.081944 0.012240
0 0.402083 0.659766 0.021759 0.046094
0 0.552546 0.432161 0.026389 0.037760
0 0.047454 0.541276 0.081019 0.012240
0 0.226157 0.845703 0.058796 0.016927
0 0.208796 0.590755 0.079630 0.012240
0 0.755787 0.916016 0.081019 0.011719
0 0.513194 0.845313 0.058796 0.016146
0 0.198380 0.270443 0.021759 0.043490
0 0.943750 0.556901 0.021759 0.043490
0 0.837269 0.875911 0.031019 0.030469
0 0.311806 0.123307 0.063426 0.014844
0 0.135880 0.714453 0.026389 0.035677
0 0.258565 0.658203 0.021759 0.042969
0 0.290972 0.815755 0.031019 0.029948
0 0.537500 0.538411 0.024074 0.037760
0 0.367361 0.486589 0.072685 0.012240
0 0.172917 0.916276 0.072685 0.012240
0 0.440972 0.184505 0.071759 0.012240
0 0.777083 0.115495 0.058796 0.014844
0 0.237731 0.567578 0.026389 0.032552
0 0.617361 0.507422 0.017130 0.048698
0 0.828009 0.437109 0.021759 0.038281
0 0.448380 0.786068 0.021759 0.038281
0 0.392824 0.335547 0.021759 0.038281
0 0.318750 0.827734 0.021759 0.038281
0 0.823380 0.725521 0.021759 0.036979
0 0.265509 0.633724 0.081944 0.009635
0 0.834954 0.308203 0.081944 0.009635
0 0.821065 0.355078 0.017130 0.046094
0 0.821065 0.809505 0.063426 0.012240
0 0.550231 0.654297 0.021759 0.035156
0 0.258565 0.261328 0.077315 0.009635
0 0.538657 0.897786 0.026389 0.027344
0 0.665972 0.783464 0.021759 0.033073
0 0.323380 0.314714 0.058796 0.012240
0 0.297454 0.610286 0.071759 0.009635
0 0.582176 0.236589 0.020833 0.033073
0 0.719213 0.904297 0.072685 0.009115
0 0.823380 0.922786 0.021759 0.030469
0 0.575694 0.530859 0.017130 0.038281
0 0.638194 0.821224 0.068056 0.009635
0 0.892824 0.938411 0.068056 0.009635
0 0.066435 0.664714 0.026389 0.024740
0 0.300231 0.426042 0.058796 0.010937
0 0.778704 0.284766 0.064815 0.009635
0 0.024306 0.463151 0.016204 0.038281
0 0.010417 0.517839 0.016204 0.038281
0 0.163657 0.454036 0.017130 0.035677
0 0.742361 0.097005 0.063426 0.009115
0 0.260417 0.724870 0.016204 0.035677
0 0.834954 0.840755 0.017130 0.033073
0 0.420602 0.159505 0.058796 0.009115
0 0.346528 0.267839 0.068056 0.007031
0 0.024769 0.257422 0.017130 0.027865
0 0.823380 0.486328 0.012500 0.037760
0 0.068750 0.339453 0.012500 0.035677
0 0.744676 0.831641 0.021759 0.020052
0 0.499306 0.343359 0.012500 0.033073
0 0.191435 0.228516 0.054167 0.006510
0 0.072917 0.636068 0.011574 0.029948
0 0.006250 0.865755 0.007870 0.011719
