0 0.872685 0.672135 0.101852 0.109896
0 0.536343 0.615495 0.225463 0.046094
0 0.834954 0.476172 0.100463 0.100781
0 0.860417 0.283464 0.142130 0.048698
0 0.640509 0.458984 0.072685 0.066406
0 0.860417 0.730078 0.049537 0.077344
0 0.919444 0.344661 0.112037 0.030469
0 0.786343 0.283464 0.114352 0.027865
0 0.772454 0.411068 0.058796 0.053906
0 0.128935 0.343359 0.105093 0.027865
0 0.205324 0.253516 0.091204 0.030469
0 0.168287 0.654557 0.054167 0.051302
0 0.818750 0.705339 0.049537 0.053906
0 0.161343 0.387630 0.049537 0.053906
0 0.480787 0.682943 0.086574 0.029948
0 0.941435 0.715755 0.044907 0.053906
0 0.841898 0.640234 0.040278 0.059115
0 0.933333 0.385026 0.130556 0.017448
0 0.785880 0.551693 0.122685 0.017448
0 0.772454 0.478125 0.031019 0.068229
0 0.863889 0.411719 0.112037 0.018750
0 0.846528 0.313411 0.077315 0.025260
0 0.608102 0.059505 0.035648 0.053906
0 0.496991 0.074479 0.035648 0.052604
0 0.800231 0.260026 0.105093 0.017448
0 0.890509 0.011328 0.091204 0.020052
0 0.897454 0.176042 0.031019 0.057813
0 0.746991 0.278255 0.100463 0.017448
0 0.619676 0.164974 0.031019 0.051302
0 0.491204 0.733984 0.070370 0.022656
0 0.191435 0.066016 0.100463 0.014844
0 0.531250 0.501953 0.067130 0.022135
0 0.837269 0.750911 0.031019 0.040885
0 0.194907 0.526953 0.024074 0.051302
0 0.179398 0.084245 0.076389 0.014844
0 0.184491 0.451432 0.021759 0.046094
0 0.689120 0.728776 0.021759 0.043490
0 0.915972 0.840755 0.021759 0.043490
0 0.128935 0.487891 0.021759 0.040885
0 0.547454 0.358333 0.016204 0.047396
0 0.240046 0.366797 0.021759 0.033073
0 0.841898 0.147786 0.021759 0.027344
0 0.696065 0.929297 0.035648 0.012240
0 0.098843 0.993099 0.044907 0.009635
