0 0.499306 0.344661 0.114352 0.103385
0 0.538194 0.616797 0.219907 0.043490
0 0.288657 0.871745 0.174537 0.053385
0 0.218056 0.157161 0.153704 0.051302
0 0.851157 0.208984 0.068056 0.076823
0 0.339120 0.484635 0.118056 0.039583
0 0.957639 0.170182 0.058796 0.066927
0 0.596528 0.093099 0.114352 0.032552
0 0.936806 0.891536 0.109722 0.030469
0 0.462269 0.355078 0.040278 0.082552
0 0.334954 0.197526 0.100463 0.033073
0 0.920602 0.092057 0.105093 0.030469
0 0.196065 0.263932 0.128241 0.020052
0 0.221528 0.797786 0.049537 0.051302
0 0.825694 0.362891 0.118981 0.020052
0 0.082639 0.606380 0.040278 0.059115
0 0.420602 0.144141 0.031019 0.072135
0 0.508565 0.304036 0.095833 0.022135
0 0.326389 0.523047 0.092593 0.022656
0 0.841435 0.345964 0.085648 0.022656
0 0.223843 0.197526 0.035648 0.053906
0 0.735417 0.370443 0.095833 0.019531
0 0.193750 0.616797 0.105093 0.017448
0 0.186806 0.877214 0.035648 0.048698
0 0.809491 0.447526 0.021759 0.074740
0 0.855787 0.116536 0.095833 0.016927
0 0.984259 0.111979 0.028704 0.044271
0 0.071065 0.430599 0.035648 0.035677
0 0.907870 0.139323 0.024074 0.052083
0 0.769676 0.195964 0.034722 0.035156
0 0.986574 0.418880 0.024074 0.048698
0 0.112731 0.473307 0.026389 0.042969
0 0.374306 0.129818 0.021759 0.048698
0 0.084954 0.332943 0.017130 0.048698
0 0.924074 0.399349 0.056481 0.014844
0 0.973843 0.245443 0.017130 0.045573
0 0.311806 0.489193 0.063426 0.012240
0 0.911343 0.206641 0.077315 0.009635
0 0.991204 0.855078 0.014815 0.030469
0 0.244213 0.425391 0.011574 0.030469
0 0.829861 0.853516 0.053241 0.006510
