0 0.175231 0.642839 0.095833 0.095573
0 0.038657 0.046484 0.072685 0.090365
0 0.202546 0.405208 0.141204 0.036979
0 0.664815 0.455729 0.065741 0.070312
0 0.682176 0.866797 0.118981 0.038281
0 0.925231 0.748307 0.105093 0.035677
0 0.220370 0.844661 0.047222 0.077344
0 0.117361 0.017839 0.109722 0.033073
0 0.652083 0.690365 0.103241 0.034375
0 0.334491 0.473568 0.053241 0.064323
0 0.274769 0.823828 0.128241 0.025260
0 0.612037 0.013932 0.120370 0.025260
0 0.318750 0.375911 0.040278 0.066927
0 0.851157 0.767839 0.095833 0.027865
0 0.806019 0.388672 0.088889 0.029948
0 0.770602 0.470703 0.053241 0.048177
0 0.374306 0.881120 0.040278 0.061719
0 0.949537 0.496354 0.042593 0.052604
0 0.675231 0.116797 0.095833 0.022656
0 0.233102 0.688411 0.044907 0.046094
0 0.638194 0.286068 0.086574 0.022656
0 0.420602 0.118099 0.077315 0.025260
0 0.846528 0.787370 0.095833 0.020052
0 0.459954 0.612891 0.044907 0.040885
0 0.198380 0.382161 0.105093 0.016927
0 0.679398 0.150391 0.030093 0.058594
0 0.469213 0.744401 0.100463 0.017448
0 0.874306 0.213151 0.040278 0.043490
0 0.871991 0.470964 0.035648 0.048698
0 0.216898 0.507161 0.040278 0.042969
0 0.241204 0.623307 0.079630 0.020052
0 0.920602 0.703385 0.040278 0.039583
0 0.531713 0.292578 0.077315 0.020052
0 0.534028 0.705339 0.035648 0.043490
0 0.272454 0.723568 0.086574 0.017448
0 0.446065 0.853125 0.035648 0.042188
0 0.432176 0.427995 0.026389 0.056510
0 0.131250 0.282161 0.035648 0.040885
0 0.765509 0.617839 0.072685 0.019531
0 0.708796 0.610286 0.070370 0.020052
0 0.929861 0.869401 0.021759 0.064323
0 0.392361 0.472266 0.039352 0.035677
0 0.653935 0.546875 0.076389 0.018229
0 0.681713 0.770443 0.034722 0.038281
0 0.888194 0.891276 0.068056 0.019531
0 0.665972 0.789714 0.068056 0.019531
0 0.824537 0.154557 0.088889 0.014844
0 0.525926 0.529557 0.065741 0.020052
0 0.336111 0.545182 0.065741 0.020052
0 0.489583 0.301693 0.030093 0.043490
0 0.616898 0.668229 0.081019 0.016146
0 0.374306 0.343359 0.021759 0.059115
0 0.578009 0.691016 0.031019 0.040885
0 0.490046 0.355078 0.031019 0.040885
0 0.956481 0.175391 0.084259 0.014844
0 0.730787 0.279297 0.086574 0.014323
0 0.843750 0.862891 0.034722 0.035677
0 0.274306 0.758984 0.034722 0.035156
0 0.640509 0.164974 0.026389 0.046094
0 0.686806 0.584245 0.081944 0.014844
0 0.658565 0.312760 0.034722 0.034375
0 0.517824 0.483984 0.068056 0.017448
0 0.420602 0.296484 0.031019 0.038281
0 0.828009 0.215495 0.021759 0.053385
0 0.934028 0.240495 0.057870 0.020052
0 0.578009 0.899349 0.077315 0.014844
0 0.712269 0.404297 0.058796 0.019531
0 0.411343 0.164714 0.058796 0.019531
0 0.574537 0.375651 0.079630 0.014323
0 0.395139 0.095964 0.091204 0.012240
0 0.240046 0.519141 0.031019 0.035677
0 0.988889 0.683203 0.019444 0.056510
0 0.170139 0.412109 0.076389 0.014323
0 0.791435 0.269141 0.030093 0.035677
0 0.270139 0.690755 0.026389 0.040365
0 0.170139 0.336589 0.020833 0.050781
0 0.929398 0.427734 0.030093 0.035156
0 0.675231 0.645833 0.031019 0.033854
0 0.865046 0.582943 0.031019 0.033073
0 0.286343 0.663411 0.086574 0.011719
0 0.464583 0.523047 0.026389 0.038281
0 0.531713 0.420182 0.068056 0.014844
0 0.503935 0.201432 0.068056 0.014844
0 0.543287 0.663672 0.026389 0.038281
0 0.598380 0.991146 0.062500 0.016146
0 0.603472 0.330339 0.081944 0.012240
0 0.801389 0.301693 0.079630 0.012240
0 0.462269 0.379818 0.077315 0.012240
0 0.388194 0.347266 0.031019 0.030469
0 0.307176 0.177995 0.026389 0.035677
0 0.396991 0.664974 0.030093 0.030469
0 0.906713 0.304948 0.031019 0.029167
0 0.736574 0.340755 0.051852 0.017448
0 0.510417 0.324870 0.053241 0.016927
0 0.877778 0.542578 0.019444 0.046094
0 0.902083 0.240495 0.021759 0.040885
0 0.934491 0.308203 0.021759 0.040885
0 0.869213 0.392188 0.020833 0.042188
0 0.704167 0.593359 0.070370 0.012240
0 0.434491 0.811458 0.021759 0.039583
0 0.716898 0.387370 0.049537 0.016927
0 0.335648 0.196224 0.055556 0.014844
0 0.457176 0.754818 0.067130 0.012240
0 0.515509 0.599870 0.026389 0.030469
0 0.337269 0.307812 0.021759 0.036458
0 0.770139 0.431901 0.063426 0.012240
0 0.927546 0.449870 0.063426 0.011719
0 0.888194 0.856380 0.021759 0.033073
0 0.758565 0.382422 0.021759 0.033073
0 0.560648 0.179036 0.061111 0.011719
0 0.821065 0.105469 0.017130 0.041667
0 0.957639 0.073568 0.049537 0.014323
0 0.218750 0.666276 0.016204 0.043490
0 0.681713 0.209245 0.016204 0.040885
0 0.265509 0.633724 0.044907 0.014844
0 0.774769 0.184505 0.017130 0.038281
0 0.455324 0.774089 0.026389 0.024740
0 0.937500 0.203385 0.074074 0.008333
0 0.742361 0.735286 0.017130 0.035677
0 0.938657 0.148438 0.020833 0.028646
0 0.452546 0.463151 0.048611 0.012240
0 0.429861 0.526953 0.058796 0.009635
0 0.991204 0.468099 0.014815 0.037760
0 0.744676 0.157161 0.049537 0.009635
0 0.242361 0.094661 0.044907 0.009635
0 0.286343 0.284115 0.012500 0.034375
0 0.105787 0.697526 0.012500 0.033073
0 0.977315 0.569922 0.042593 0.007031
0 0.656713 0.037370 0.031019 0.009635
