0 0.319907 0.534766 0.079630 0.087760
0 0.630093 0.807552 0.162963 0.039583
0 0.128935 0.301693 0.114352 0.038281
0 0.057176 0.379818 0.063426 0.064323
0 0.601157 0.714453 0.114352 0.035677
0 0.304861 0.789974 0.114352 0.035677
0 0.487731 0.632422 0.137500 0.027865
0 0.287500 0.738281 0.061111 0.057292
0 0.242361 0.415365 0.100463 0.031250
0 0.351852 0.187109 0.050926 0.059115
0 0.612731 0.166276 0.054167 0.053906
0 0.788657 0.201432 0.054167 0.051302
0 0.214583 0.636328 0.109722 0.025260
0 0.304861 0.497005 0.040278 0.064323
0 0.642824 0.538672 0.114352 0.022656
0 0.807176 0.372005 0.091204 0.027865
0 0.828009 0.805599 0.049537 0.051302
0 0.538657 0.388932 0.100463 0.025260
0 0.839583 0.603516 0.035648 0.069010
0 0.818750 0.827734 0.040278 0.059115
0 0.758565 0.718359 0.040278 0.059115
0 0.295602 0.382161 0.105093 0.022135
0 0.473148 0.674089 0.083333 0.027865
0 0.034722 0.459635 0.037037 0.062500
0 0.686806 0.701432 0.044907 0.051302
0 0.446065 0.180599 0.091204 0.025260
0 0.552546 0.434505 0.081944 0.027865
0 0.024769 0.779167 0.035648 0.062500
0 0.619676 0.394141 0.086574 0.025260
0 0.712269 0.631120 0.086574 0.025260
0 0.464583 0.792578 0.081944 0.025260
0 0.911343 0.377214 0.086574 0.022656
0 0.300231 0.452734 0.086574 0.022656
0 0.216898 0.185807 0.077315 0.025260
0 0.728472 0.697526 0.044907 0.043490
0 0.859259 0.115495 0.093519 0.020052
0 0.167824 0.722917 0.043981 0.042188
0 0.741898 0.456641 0.034722 0.051302
0 0.153241 0.123958 0.079630 0.021354
0 0.589583 0.770443 0.072685 0.022656
0 0.487731 0.860286 0.035648 0.046094
0 0.237731 0.870703 0.081944 0.020052
0 0.496528 0.796484 0.071759 0.022656
0 0.888194 0.687760 0.040278 0.039583
0 0.869676 0.205339 0.040278 0.038281
0 0.936806 0.712891 0.035648 0.042969
0 0.142824 0.770443 0.086574 0.017448
0 0.197917 0.457943 0.039352 0.038281
0 0.118519 0.676693 0.065741 0.022656
0 0.941435 0.243099 0.035648 0.040885
0 0.510880 0.417578 0.035648 0.040885
0 0.589583 0.403255 0.081944 0.017448
0 0.348843 0.377214 0.081944 0.017448
0 0.464583 0.774740 0.091204 0.015625
0 0.255787 0.812109 0.081019 0.017448
0 0.556019 0.478125 0.033333 0.042188
0 0.948380 0.304948 0.031019 0.044792
0 0.611574 0.677734 0.070370 0.019531
0 0.230787 0.250911 0.068056 0.020052
0 0.707639 0.707943 0.031019 0.043490
0 0.238889 0.667578 0.065741 0.020052
0 0.855787 0.236328 0.021759 0.058594
0 0.163657 0.856120 0.026389 0.048177
0 0.946065 0.438411 0.063426 0.020052
0 0.793287 0.092057 0.035648 0.035677
0 0.876620 0.813151 0.063426 0.019531
0 0.108102 0.802995 0.026389 0.046094
0 0.321065 0.766536 0.081944 0.014844
0 0.964583 0.383724 0.026389 0.046094
0 0.630787 0.347266 0.081019 0.014844
0 0.940278 0.472266 0.033333 0.035677
0 0.888194 0.718359 0.068056 0.017448
0 0.212269 0.611589 0.031019 0.038281
0 0.223843 0.760677 0.026389 0.044792
0 0.397454 0.560807 0.058796 0.020052
0 0.578009 0.552995 0.058796 0.020052
0 0.573380 0.835807 0.031019 0.037760
0 0.235417 0.216406 0.031019 0.036979
0 0.281250 0.620703 0.076389 0.014844
0 0.735417 0.253516 0.021759 0.051302
0 0.640509 0.598568 0.091204 0.012240
0 0.328009 0.833984 0.077315 0.014323
0 0.675231 0.820964 0.077315 0.014323
0 0.628935 0.222266 0.031019 0.035677
0 0.468056 0.457943 0.033333 0.033073
0 0.714583 0.737891 0.026389 0.040885
0 0.478472 0.399349 0.072685 0.014844
0 0.172917 0.776953 0.072685 0.014844
0 0.344213 0.701432 0.072685 0.014844
0 0.925231 0.560807 0.031019 0.034635
0 0.156713 0.892839 0.086574 0.012240
0 0.332639 0.679297 0.031019 0.033073
0 0.517824 0.504818 0.031019 0.033073
0 0.624306 0.430599 0.068056 0.014844
0 0.105324 0.767839 0.057870 0.017448
0 0.476157 0.147396 0.031019 0.031771
0 0.377778 0.151953 0.065741 0.014844
0 0.647454 0.767839 0.021759 0.043490
0 0.355787 0.821224 0.031019 0.030469
0 0.538657 0.735286 0.063426 0.014844
0 0.543981 0.809245 0.055556 0.016927
0 0.663194 0.607682 0.062500 0.014844
0 0.832639 0.618099 0.021759 0.040885
0 0.612731 0.654557 0.091204 0.009635
0 0.079861 0.489193 0.016204 0.053906
0 0.091898 0.329036 0.058796 0.014844
0 0.332176 0.538672 0.020833 0.038281
0 0.082176 0.676432 0.067130 0.011719
0 0.621528 0.793880 0.062500 0.012240
0 0.731481 0.519141 0.078704 0.009635
0 0.316435 0.486589 0.017130 0.043490
0 0.689120 0.321224 0.049537 0.014844
0 0.319907 0.860286 0.024074 0.030469
0 0.564120 0.345964 0.021759 0.033073
0 0.832639 0.689453 0.021759 0.032552
0 0.360417 0.362630 0.077315 0.009115
0 0.348843 0.576432 0.017130 0.040885
0 0.573380 0.294531 0.021759 0.031771
0 0.610417 0.496094 0.021759 0.031250
0 0.691435 0.383724 0.044907 0.014844
0 0.506250 0.467057 0.044907 0.014844
0 0.413657 0.198828 0.044907 0.014844
0 0.811806 0.741797 0.017130 0.038281
0 0.517824 0.146745 0.068056 0.009635
0 0.244676 0.755859 0.021759 0.029948
0 0.943287 0.112891 0.020833 0.030469
0 0.216435 0.537370 0.020833 0.030469
0 0.646991 0.438151 0.067130 0.009115
0 0.895139 0.274349 0.017130 0.035677
0 0.789815 0.181641 0.051852 0.011719
0 0.258565 0.374609 0.049537 0.012240
0 0.848843 0.585547 0.017130 0.033073
0 0.284028 0.415625 0.017130 0.031771
0 0.536343 0.115234 0.058796 0.009115
0 0.700231 0.500260 0.062500 0.008333
0 0.054861 0.603776 0.021759 0.022656
0 0.610417 0.733724 0.021759 0.022135
0 0.160880 0.185807 0.011574 0.035677
0 0.320602 0.818620 0.016204 0.025260
0 0.480324 0.351172 0.011574 0.033073
