0 0.534028 0.616797 0.230093 0.048698
0 0.825694 0.292578 0.165278 0.056510
0 0.797917 0.482682 0.109722 0.035677
0 0.929861 0.676693 0.049537 0.069531
0 0.161343 0.222917 0.049537 0.068229
0 0.777083 0.378516 0.132870 0.025260
0 0.822917 0.442969 0.057870 0.055208
0 0.825694 0.849870 0.044907 0.066927
0 0.818750 0.244401 0.169907 0.017448
0 0.290972 0.855078 0.142130 0.020052
0 0.975000 0.167578 0.047222 0.051302
0 0.839583 0.211849 0.044907 0.051302
0 0.262731 0.316667 0.048611 0.047396
0 0.494676 0.451432 0.114352 0.020052
0 0.943750 0.141536 0.049537 0.046094
0 0.059028 0.664974 0.039352 0.056510
0 0.378472 0.232422 0.030093 0.066406
0 0.297917 0.681901 0.044907 0.043490
0 0.874306 0.045182 0.077315 0.025260
0 0.117361 0.782161 0.026389 0.072135
0 0.920602 0.100521 0.040278 0.047396
0 0.723843 0.275000 0.035648 0.052604
0 0.887731 0.073568 0.039352 0.040365
0 0.212269 0.830339 0.068056 0.022656
0 0.439120 0.111589 0.031019 0.048698
0 0.890509 0.157161 0.026389 0.056510
0 0.251157 0.692969 0.025463 0.055208
0 0.832176 0.704036 0.020833 0.066927
0 0.890509 0.008724 0.091204 0.014844
0 0.557176 0.123307 0.091204 0.014844
0 0.073380 0.809505 0.021759 0.059115
0 0.913657 0.202734 0.100463 0.012240
0 0.904398 0.181901 0.100463 0.012240
0 0.267361 0.504167 0.076389 0.016146
0 0.951852 0.111589 0.093519 0.012240
0 0.881250 0.340755 0.026389 0.038281
0 0.647454 0.158203 0.031019 0.032552
0 0.263194 0.246745 0.021759 0.042969
0 0.235417 0.209896 0.021759 0.042188
0 0.135880 0.879818 0.072685 0.012240
0 0.440972 0.041276 0.025463 0.033073
0 0.108102 0.275911 0.017130 0.048177
0 0.691435 0.516536 0.017130 0.046094
0 0.079861 0.220964 0.016204 0.038281
0 0.098843 0.993099 0.044907 0.009635
0 0.064120 0.265234 0.012500 0.033073
