0 0.133565 0.674089 0.132870 0.043490
0 0.406713 0.866797 0.132870 0.038281
0 0.168981 0.321224 0.055556 0.072135
0 0.686806 0.097266 0.156019 0.025260
0 0.395139 0.797526 0.146759 0.024740
0 0.432176 0.687109 0.109722 0.033073
0 0.587963 0.554948 0.060185 0.055208
0 0.071065 0.987240 0.137500 0.023958
0 0.675231 0.851172 0.105093 0.027865
0 0.890509 0.508073 0.044907 0.063021
0 0.829861 0.599870 0.053241 0.051302
0 0.476157 0.360938 0.049537 0.052604
0 0.184491 0.529557 0.049537 0.051302
0 0.325694 0.567318 0.091204 0.027865
0 0.892824 0.805599 0.049537 0.051302
0 0.677546 0.668229 0.091204 0.026562
0 0.441435 0.282161 0.044907 0.051302
0 0.147454 0.534766 0.040278 0.056510
0 0.857639 0.851172 0.081019 0.027865
0 0.543981 0.450130 0.046296 0.048698
0 0.567593 0.131120 0.112037 0.020052
0 0.821065 0.403646 0.044907 0.049479
0 0.487731 0.011328 0.109722 0.020052
0 0.330324 0.663672 0.118981 0.017448
0 0.490046 0.563411 0.040278 0.051302
0 0.812963 0.874609 0.047222 0.043490
0 0.079861 0.349870 0.043981 0.046094
0 0.828009 0.643490 0.105093 0.018750
0 0.888194 0.200130 0.086574 0.022656
0 0.115046 0.866797 0.040278 0.048698
0 0.744676 0.478776 0.040278 0.048698
0 0.786343 0.706641 0.095833 0.020052
0 0.800231 0.228776 0.105093 0.017448
0 0.135880 0.493099 0.072685 0.025260
0 0.663194 0.227474 0.090278 0.020052
0 0.015046 0.189714 0.025463 0.069531
0 0.292130 0.783203 0.079630 0.022135
0 0.881250 0.455339 0.100463 0.017448
0 0.874306 0.611589 0.077315 0.022656
0 0.591898 0.364193 0.077315 0.022656
0 0.021296 0.709245 0.042593 0.040885
0 0.410185 0.728776 0.075000 0.022656
0 0.047917 0.545182 0.035648 0.046094
0 0.540972 0.151302 0.086574 0.018750
0 0.850694 0.310807 0.039352 0.040885
0 0.087269 0.535807 0.040278 0.037760
0 0.277083 0.712891 0.040278 0.037760
0 0.730787 0.429297 0.086574 0.017448
0 0.251620 0.185807 0.100463 0.014844
0 0.913194 0.504557 0.034722 0.042969
0 0.455324 0.142839 0.026389 0.053906
0 0.411343 0.847266 0.095833 0.014844
0 0.645139 0.841797 0.072685 0.019531
0 0.630093 0.561458 0.033333 0.042188
0 0.871991 0.767578 0.081944 0.016927
0 0.304861 0.298438 0.021759 0.063021
0 0.661343 0.506120 0.068056 0.020052
0 0.172917 0.549089 0.035648 0.038281
0 0.848843 0.495703 0.026389 0.051302
0 0.330324 0.373307 0.026389 0.051302
0 0.448380 0.559505 0.031019 0.043490
0 0.841898 0.118750 0.031019 0.042188
0 0.281250 0.532161 0.085648 0.014844
0 0.490046 0.204036 0.031019 0.040885
0 0.638194 0.685547 0.086574 0.014323
0 0.670602 0.594661 0.021759 0.056510
0 0.621991 0.612891 0.081944 0.014844
0 0.040972 0.338542 0.031019 0.039062
0 0.265509 0.351562 0.035648 0.033854
0 0.665972 0.254818 0.068056 0.017448
0 0.290972 0.374609 0.021759 0.053906
0 0.596528 0.249609 0.095833 0.012240
0 0.205324 0.628255 0.081944 0.014323
0 0.612731 0.237630 0.081944 0.014323
0 0.661343 0.323177 0.086574 0.013542
0 0.186806 0.314714 0.026389 0.043490
0 0.402083 0.808203 0.077315 0.014844
0 0.598843 0.317318 0.026389 0.043490
0 0.598843 0.862240 0.081944 0.013542
0 0.311806 0.757422 0.063426 0.017448
0 0.105787 0.766536 0.031019 0.035677
0 0.501620 0.651953 0.026389 0.040885
0 0.205324 0.618099 0.026389 0.040885
0 0.617361 0.664974 0.026389 0.040885
0 0.561806 0.393880 0.026389 0.040365
0 0.503935 0.481380 0.086574 0.012240
0 0.212269 0.317318 0.021759 0.048698
0 0.874306 0.739193 0.021759 0.048698
0 0.535185 0.124609 0.084259 0.012240
0 0.642824 0.485286 0.068056 0.014844
0 0.888194 0.115495 0.068056 0.014844
0 0.521991 0.398047 0.057870 0.017448
0 0.557176 0.111589 0.081944 0.012240
0 0.506250 0.468359 0.081944 0.012240
0 0.806713 0.330339 0.081019 0.012240
0 0.077546 0.291016 0.030093 0.032552
0 0.890046 0.655859 0.025463 0.038281
0 0.521991 0.677734 0.020833 0.045573
0 0.026620 0.443359 0.020833 0.045573
0 0.045602 0.876563 0.086574 0.010937
0 0.249306 0.575130 0.077315 0.012240
0 0.015509 0.261328 0.026389 0.035677
0 0.824074 0.448568 0.023148 0.040365
0 0.515509 0.743359 0.026389 0.035156
0 0.774306 0.159766 0.062500 0.014844
0 0.809491 0.560807 0.021759 0.040885
0 0.450231 0.760026 0.071759 0.012240
0 0.084954 0.114193 0.026389 0.033073
0 0.156713 0.172786 0.058796 0.014844
0 0.601157 0.810547 0.058796 0.014323
0 0.203009 0.642839 0.068056 0.012240
0 0.318750 0.903255 0.068056 0.012240
0 0.031713 0.752214 0.021759 0.038281
0 0.503935 0.913672 0.068056 0.012240
0 0.420139 0.327734 0.067130 0.012240
0 0.201852 0.510026 0.028704 0.027865
0 0.621991 0.769141 0.081944 0.009635
0 0.249306 0.675391 0.021759 0.035677
0 0.751620 0.206380 0.054167 0.014323
0 0.765509 0.635026 0.026389 0.027865
0 0.767824 0.254818 0.058796 0.012240
0 0.232639 0.291276 0.016204 0.043490
0 0.575694 0.259375 0.063426 0.010937
0 0.029398 0.827734 0.054167 0.012240
0 0.346528 0.646745 0.021759 0.030469
0 0.850694 0.090104 0.020833 0.031771
0 0.649769 0.343359 0.017130 0.038281
0 0.376620 0.306901 0.017130 0.038281
0 0.753472 0.193620 0.067130 0.009635
0 0.116898 0.689453 0.053241 0.011719
0 0.214583 0.092057 0.063426 0.009635
0 0.293287 0.583594 0.072685 0.008333
0 0.156250 0.379818 0.048611 0.012240
0 0.737269 0.611589 0.016204 0.033073
0 0.434028 0.094401 0.057870 0.009115
0 0.307176 0.399349 0.017130 0.030469
0 0.420602 0.142839 0.021759 0.022656
0 0.359954 0.161458 0.020833 0.023438
0 0.527083 0.086849 0.049537 0.009635
0 0.582176 0.104818 0.048611 0.009115
0 0.520139 0.611328 0.017130 0.022135
0 0.612269 0.210286 0.053241 0.006510
0 0.520139 0.030599 0.026389 0.006510
0 0.537500 0.997656 0.024074 0.003125
0 0.637731 0.997656 0.020833 0.003125
