0 0.904398 0.230078 0.091204 0.087760
0 0.522454 0.275391 0.151389 0.037760
0 0.413657 0.757422 0.118981 0.038281
0 0.608102 0.850911 0.128241 0.027344
0 0.929861 0.244401 0.058796 0.059115
0 0.439120 0.137370 0.123611 0.027344
0 0.219213 0.736589 0.118981 0.027865
0 0.151620 0.179297 0.094907 0.033073
0 0.399769 0.163672 0.174537 0.017448
0 0.339120 0.847266 0.099537 0.030469
0 0.581481 0.735286 0.112037 0.025260
0 0.025463 0.592057 0.037037 0.072135
0 0.182176 0.319271 0.118981 0.021354
0 0.397454 0.810807 0.049537 0.051302
0 0.704167 0.752214 0.051852 0.048698
0 0.807176 0.723568 0.044907 0.053906
0 0.869676 0.697526 0.086574 0.027865
0 0.121528 0.461849 0.034722 0.066927
0 0.943287 0.682161 0.039352 0.058594
0 0.966898 0.732682 0.049537 0.046094
0 0.505787 0.780859 0.127315 0.017448
0 0.524769 0.710547 0.044907 0.048698
0 0.652083 0.070964 0.086574 0.024740
0 0.653241 0.637630 0.042593 0.048698
0 0.862269 0.623307 0.081019 0.025260
0 0.483102 0.826432 0.100463 0.020052
0 0.741204 0.188411 0.079630 0.025260
0 0.640509 0.322266 0.026389 0.074219
0 0.304398 0.589453 0.076389 0.025260
0 0.455324 0.684505 0.081944 0.022656
0 0.478472 0.401302 0.035648 0.050000
0 0.362269 0.219401 0.071759 0.024740
0 0.542130 0.486328 0.079630 0.022135
0 0.309491 0.140234 0.077315 0.022656
0 0.429861 0.702734 0.077315 0.022656
0 0.913657 0.687109 0.035648 0.048698
0 0.730787 0.816016 0.086574 0.020052
0 0.392361 0.740495 0.085648 0.020052
0 0.508565 0.558854 0.077315 0.021354
0 0.934491 0.797786 0.040278 0.040885
0 0.774769 0.103776 0.072685 0.022656
0 0.531250 0.357682 0.039352 0.040885
0 0.703009 0.539974 0.031019 0.051302
0 0.856944 0.666276 0.070370 0.022656
0 0.353472 0.689714 0.091204 0.017448
0 0.881250 0.832682 0.091204 0.016927
0 0.295602 0.119401 0.068056 0.022656
0 0.829861 0.660417 0.071759 0.021354
0 0.740046 0.848568 0.031019 0.048698
0 0.240046 0.809505 0.031019 0.048698
0 0.207639 0.400651 0.086574 0.017448
0 0.186343 0.434245 0.034722 0.042969
0 0.785880 0.866536 0.067130 0.022135
0 0.609954 0.598307 0.067130 0.022135
0 0.517824 0.197266 0.086574 0.016927
0 0.459954 0.447526 0.026389 0.053906
0 0.582176 0.763932 0.030093 0.046094
0 0.927083 0.144792 0.025463 0.052604
0 0.575694 0.535417 0.081944 0.016146
0 0.205324 0.540625 0.035648 0.036979
0 0.310185 0.345964 0.106481 0.012240
0 0.168287 0.771745 0.063426 0.020052
0 0.918287 0.763932 0.063426 0.020052
0 0.598843 0.378516 0.035648 0.035677
0 0.371528 0.198828 0.062500 0.020052
0 0.568750 0.502865 0.031019 0.039583
0 0.610417 0.312109 0.031019 0.038281
0 0.124306 0.291276 0.031019 0.038281
0 0.851157 0.784766 0.058796 0.020052
0 0.374306 0.149349 0.058796 0.020052
0 0.503935 0.177995 0.058796 0.020052
0 0.700231 0.595703 0.034722 0.032552
0 0.156713 0.258724 0.021759 0.051302
0 0.159028 0.856380 0.063426 0.017448
0 0.529398 0.436198 0.026389 0.041667
0 0.260880 0.369141 0.091204 0.011719
0 0.485417 0.288672 0.086574 0.012240
0 0.781713 0.801693 0.086574 0.012240
0 0.897454 0.593359 0.086574 0.012240
0 0.633565 0.179297 0.021759 0.048698
0 0.858102 0.573568 0.072685 0.014323
0 0.957639 0.132422 0.031019 0.033073
0 0.133565 0.830078 0.086574 0.011719
0 0.087269 0.222266 0.068056 0.014844
0 0.515509 0.465755 0.026389 0.038281
0 0.765509 0.674089 0.026389 0.038281
0 0.334491 0.650000 0.062500 0.016146
0 0.115046 0.404557 0.021759 0.046094
0 0.108102 0.838151 0.081944 0.012240
0 0.223843 0.179297 0.081944 0.012240
0 0.672917 0.879818 0.081944 0.012240
0 0.559491 0.210547 0.077315 0.012240
0 0.249306 0.637630 0.077315 0.012240
0 0.603472 0.504818 0.054167 0.017448
0 0.450694 0.758724 0.063426 0.014844
0 0.507407 0.517839 0.075000 0.012240
0 0.557176 0.255859 0.063426 0.014323
0 0.267824 0.167578 0.021759 0.040885
0 0.115046 0.249609 0.021759 0.038281
0 0.203009 0.166276 0.068056 0.012240
0 0.420602 0.205339 0.021759 0.038281
0 0.733102 0.623307 0.054167 0.014844
0 0.462269 0.767578 0.068056 0.011719
0 0.506250 0.755859 0.017130 0.045573
0 0.296759 0.909766 0.051852 0.014844
0 0.659028 0.598568 0.017130 0.043490
0 0.404398 0.252214 0.026389 0.027865
0 0.367361 0.081641 0.072685 0.009635
0 0.987731 0.649349 0.017130 0.040885
0 0.043287 0.274089 0.017130 0.040365
0 0.690972 0.711849 0.071759 0.009635
0 0.567593 0.245443 0.075000 0.009115
0 0.140509 0.242057 0.017130 0.037760
0 0.360417 0.591406 0.021759 0.029167
0 0.034028 0.662370 0.017130 0.035677
0 0.543287 0.230078 0.063426 0.009635
0 0.165972 0.145443 0.049537 0.012240
0 0.459954 0.523438 0.017130 0.033854
0 0.234954 0.432552 0.067130 0.008333
0 0.500000 0.659766 0.050926 0.009635
0 0.661343 0.348307 0.021759 0.022135
0 0.758102 0.983724 0.020833 0.022135
0 0.804398 0.227474 0.039352 0.009635
0 0.567593 0.218099 0.056481 0.006510
0 0.603009 0.327734 0.016204 0.022656
0 0.547917 0.326432 0.017130 0.020052
0 0.054861 0.184896 0.012500 0.023438
0 0.984722 0.006120 0.027778 0.009635
