0 0.538657 0.616797 0.230093 0.048698
0 0.846065 0.317318 0.178241 0.043490
0 0.746991 0.297786 0.156019 0.035677
0 0.821065 0.415625 0.072685 0.073438
0 0.839583 0.238932 0.118981 0.037760
0 0.373148 0.408464 0.112037 0.038281
0 0.836806 0.283464 0.113426 0.033073
0 0.720370 0.245052 0.056481 0.065625
0 0.946065 0.748307 0.044907 0.072135
0 0.628935 0.098568 0.114352 0.027865
0 0.112731 0.758724 0.044907 0.066927
0 0.260880 0.296484 0.091204 0.027865
0 0.088426 0.185807 0.042593 0.056510
0 0.881250 0.820573 0.035648 0.065625
0 0.981944 0.161068 0.033333 0.069531
0 0.763194 0.177995 0.049537 0.046094
0 0.253935 0.724609 0.040278 0.055990
0 0.951852 0.103776 0.093519 0.022656
0 0.821065 0.163672 0.091204 0.022656
0 0.788657 0.373307 0.128241 0.014844
0 0.638194 0.034766 0.086574 0.020052
0 0.126620 0.134766 0.035648 0.048177
0 0.906250 0.145443 0.094907 0.017448
0 0.890509 0.010026 0.091204 0.017448
0 0.221528 0.817318 0.068056 0.022656
0 0.777083 0.286068 0.086574 0.017448
0 0.950694 0.118099 0.072685 0.020052
0 0.274769 0.481380 0.026389 0.053906
0 0.858102 0.125911 0.091204 0.014844
0 0.193750 0.386328 0.021759 0.061719
0 0.481944 0.453385 0.070370 0.018750
0 0.929398 0.611589 0.030093 0.043490
0 0.646296 0.317318 0.093519 0.012240
0 0.705324 0.845964 0.063426 0.017448
0 0.859259 0.064714 0.084259 0.012240
0 0.154398 0.205339 0.017130 0.059115
0 0.457639 0.730078 0.068056 0.014844
0 0.890046 0.480078 0.081019 0.009635
0 0.098843 0.990495 0.044907 0.009635
0 0.160880 0.529948 0.011574 0.020833
