0 0.758565 0.606380 0.216204 0.059115
0 0.538657 0.619401 0.220833 0.043490
0 0.730787 0.151302 0.068056 0.102083
0 0.150926 0.866146 0.195370 0.031771
0 0.098380 0.562109 0.118056 0.038281
0 0.286343 0.835286 0.068056 0.063802
0 0.800231 0.095964 0.058796 0.059115
0 0.697917 0.644141 0.113426 0.030469
0 0.226157 0.392839 0.049537 0.069531
0 0.640509 0.803385 0.128241 0.026042
0 0.399769 0.444922 0.044907 0.069531
0 0.735417 0.606380 0.169907 0.017448
0 0.399306 0.840755 0.043981 0.064323
0 0.170602 0.243750 0.040278 0.068229
0 0.331481 0.515234 0.037963 0.069531
0 0.910880 0.172786 0.039352 0.061719
0 0.448380 0.420182 0.095833 0.025260
0 0.147454 0.184505 0.049537 0.048698
0 0.464583 0.558203 0.091204 0.025260
0 0.603472 0.367839 0.091204 0.024740
0 0.496991 0.494401 0.044907 0.048698
0 0.307176 0.080339 0.044907 0.048698
0 0.123148 0.704036 0.047222 0.046094
0 0.101157 0.860286 0.095833 0.020052
0 0.605787 0.284766 0.095833 0.020052
0 0.446065 0.593359 0.035648 0.053906
0 0.406713 0.338151 0.105093 0.017448
0 0.262731 0.479427 0.030093 0.060417
0 0.443750 0.034766 0.086574 0.020052
0 0.108102 0.243099 0.026389 0.061719
0 0.417824 0.408464 0.090278 0.017448
0 0.642824 0.521745 0.077315 0.020052
0 0.441435 0.058203 0.100463 0.014844
0 0.125000 0.325781 0.023148 0.055208
0 0.091898 0.757422 0.068056 0.017448
0 0.635880 0.419531 0.081944 0.013542
0 0.334491 0.093359 0.016204 0.053906
0 0.633565 0.671484 0.021759 0.038281
0 0.413657 0.914714 0.026389 0.029948
0 0.751620 0.072266 0.054167 0.006510
