0 0.538657 0.623307 0.220833 0.040885
0 0.839583 0.613542 0.091204 0.094271
0 0.162500 0.457943 0.153704 0.048698
0 0.312963 0.413672 0.112037 0.038281
0 0.281713 0.546484 0.049537 0.085156
0 0.154398 0.679297 0.044907 0.090365
0 0.825694 0.458594 0.128241 0.029167
0 0.894676 0.896745 0.118056 0.030469
0 0.322917 0.882422 0.094907 0.033073
0 0.940278 0.472266 0.116667 0.025260
0 0.304861 0.515234 0.105093 0.027865
0 0.277083 0.602474 0.095833 0.030469
0 0.260880 0.728516 0.054167 0.053385
0 0.279398 0.082943 0.100463 0.027865
0 0.404398 0.763932 0.054167 0.051302
0 0.476157 0.756120 0.040278 0.066927
0 0.837269 0.649089 0.086574 0.024740
0 0.339120 0.838151 0.118056 0.017448
0 0.714583 0.907161 0.100463 0.020052
0 0.043287 0.784115 0.081944 0.023958
0 0.133565 0.444922 0.086574 0.022656
0 0.860417 0.412370 0.077315 0.025260
0 0.189120 0.381120 0.040278 0.046094
0 0.649769 0.099870 0.035648 0.051302
0 0.802546 0.124349 0.081944 0.022135
0 0.304861 0.482031 0.095833 0.018750
0 0.207639 0.417578 0.114352 0.014844
0 0.314120 0.713802 0.114352 0.013542
0 0.272454 0.431901 0.086574 0.017448
0 0.138194 0.162370 0.021759 0.056510
0 0.929398 0.047526 0.030093 0.040365
0 0.089583 0.616536 0.026389 0.042969
0 0.957639 0.321224 0.031019 0.035677
0 0.746991 0.452734 0.017130 0.053906
0 0.621991 0.931901 0.054167 0.012240
0 0.483102 0.929297 0.054167 0.012240
0 0.986574 0.410807 0.024074 0.022135
0 0.098843 0.993099 0.044907 0.009635
0 0.993519 0.382422 0.010185 0.033073
0 0.402083 0.131120 0.012500 0.025260
