0 0.547917 0.615885 0.063426 0.098958
0 0.684491 0.179036 0.068056 0.079427
0 0.494676 0.730078 0.105093 0.030469
0 0.284028 0.718359 0.044907 0.069531
0 0.608102 0.710547 0.109722 0.027865
0 0.587269 0.599870 0.049537 0.061719
0 0.543287 0.748307 0.146759 0.020052
0 0.612731 0.837500 0.091204 0.031771
0 0.478009 0.887370 0.127315 0.022135
0 0.913657 0.480078 0.054167 0.051302
0 0.249306 0.220964 0.049537 0.053906
0 0.567130 0.720703 0.092593 0.027344
0 0.598380 0.194922 0.090278 0.027865
0 0.536343 0.431901 0.040278 0.059115
0 0.675231 0.871745 0.040278 0.058594
0 0.726157 0.422526 0.040278 0.055990
0 0.883102 0.730078 0.039352 0.056510
0 0.061806 0.674089 0.044907 0.048698
0 0.034028 0.451432 0.044907 0.046094
0 0.534028 0.826432 0.081944 0.025260
0 0.948380 0.593359 0.031019 0.064323
0 0.811806 0.312109 0.044907 0.043490
0 0.676389 0.695573 0.079630 0.023958
0 0.154398 0.394792 0.044907 0.042188
0 0.506250 0.246354 0.035648 0.052604
0 0.165972 0.495703 0.040278 0.046094
0 0.293287 0.463151 0.081944 0.022656
0 0.339583 0.260026 0.081944 0.022656
0 0.323380 0.544531 0.077315 0.023958
0 0.369676 0.789714 0.040278 0.045573
0 0.214583 0.771745 0.072685 0.025260
0 0.441435 0.571224 0.091204 0.020052
0 0.367361 0.292578 0.091204 0.020052
0 0.418287 0.709245 0.091204 0.020052
0 0.439120 0.480078 0.031019 0.056510
0 0.384722 0.393880 0.088889 0.019531
0 0.800231 0.631120 0.086574 0.020052
0 0.253935 0.173828 0.077315 0.022135
0 0.380093 0.612891 0.084259 0.020052
0 0.386574 0.547786 0.111111 0.014844
0 0.786343 0.511328 0.040278 0.040885
0 0.946065 0.132422 0.072685 0.022656
0 0.899769 0.411068 0.072685 0.022656
0 0.580324 0.797786 0.081944 0.020052
0 0.756250 0.162370 0.035648 0.046094
0 0.862731 0.654557 0.035648 0.046094
0 0.572917 0.614193 0.030093 0.053906
0 0.892824 0.271484 0.040278 0.040365
0 0.330324 0.781901 0.035648 0.045573
0 0.936806 0.813151 0.081944 0.019531
0 0.846528 0.221615 0.040278 0.039583
0 0.750463 0.418229 0.033333 0.047396
0 0.867361 0.369401 0.035648 0.043490
0 0.646991 0.735286 0.076389 0.020052
0 0.091435 0.140234 0.039352 0.038281
0 0.640509 0.323828 0.026389 0.056510
0 0.631250 0.912370 0.072685 0.020052
0 0.598843 0.670182 0.035648 0.040885
0 0.570602 0.474870 0.025463 0.056510
0 0.358102 0.372005 0.081944 0.017448
0 0.374306 0.437760 0.105093 0.013542
0 0.476157 0.297786 0.095833 0.014844
0 0.459954 0.497005 0.035648 0.038281
0 0.332639 0.474870 0.068056 0.020052
0 0.427546 0.753516 0.091204 0.014844
0 0.615046 0.304297 0.031019 0.043490
0 0.249306 0.343359 0.031019 0.043490
0 0.807176 0.350911 0.035648 0.037760
0 0.271296 0.565755 0.093519 0.014323
0 0.756250 0.615234 0.091204 0.014323
0 0.131250 0.524089 0.091204 0.014323
0 0.179861 0.807813 0.031019 0.041667
0 0.578009 0.179297 0.105093 0.012240
0 0.858102 0.582943 0.026389 0.048698
0 0.485417 0.336849 0.086574 0.014844
0 0.185648 0.154297 0.088889 0.014323
0 0.471528 0.230078 0.031019 0.040885
0 0.341898 0.409505 0.031019 0.040365
0 0.473843 0.255859 0.035648 0.035156
0 0.263194 0.432943 0.031019 0.040365
0 0.616898 0.151953 0.034722 0.035677
0 0.744676 0.477474 0.021759 0.056510
0 0.790509 0.105078 0.030093 0.040885
0 0.256250 0.724870 0.026389 0.046094
0 0.057176 0.724870 0.026389 0.046094
0 0.175231 0.208333 0.031019 0.039062
0 0.749306 0.775651 0.031019 0.038281
0 0.478472 0.689714 0.035648 0.033073
0 0.087269 0.723568 0.021759 0.053906
0 0.321065 0.424089 0.035648 0.033073
0 0.448380 0.857682 0.058796 0.020052
0 0.420139 0.736589 0.067130 0.017448
0 0.832639 0.663411 0.021759 0.053385
0 0.170602 0.896745 0.077315 0.014844
0 0.700694 0.793880 0.026389 0.043490
0 0.927546 0.577474 0.026389 0.042969
0 0.059028 0.262630 0.020833 0.053906
0 0.663194 0.553385 0.071759 0.015625
0 0.749306 0.638672 0.021759 0.050781
0 0.809491 0.409766 0.031019 0.035677
0 0.309491 0.627865 0.021759 0.050000
0 0.244676 0.539714 0.031019 0.035156
0 0.742361 0.717057 0.072685 0.014844
0 0.103472 0.316016 0.026389 0.040885
0 0.105787 0.450130 0.086574 0.012240
0 0.603009 0.441016 0.025463 0.040885
0 0.918287 0.294271 0.026389 0.039062
0 0.328009 0.494401 0.031019 0.033073
0 0.293287 0.314714 0.081944 0.012240
0 0.258565 0.495703 0.021759 0.046094
0 0.705324 0.992448 0.072685 0.013542
0 0.308333 0.533464 0.056481 0.017448
0 0.382407 0.676693 0.056481 0.017448
0 0.628472 0.365495 0.020833 0.046094
0 0.200694 0.591667 0.026389 0.036458
0 0.665972 0.752214 0.077315 0.012240
0 0.883565 0.317318 0.021759 0.043490
0 0.793287 0.680599 0.026389 0.035677
0 0.336111 0.686458 0.028704 0.031771
0 0.068287 0.528255 0.020833 0.043490
0 0.353472 0.883464 0.063426 0.014323
0 0.783565 0.196224 0.025463 0.035677
0 0.279398 0.583984 0.063426 0.014323
0 0.941435 0.342708 0.017130 0.052604
0 0.649306 0.418620 0.053241 0.016927
0 0.540509 0.902995 0.076389 0.011719
0 0.633565 0.631120 0.021759 0.040885
0 0.790972 0.245703 0.021759 0.040885
0 0.596528 0.774089 0.021759 0.040365
0 0.432176 0.267839 0.026389 0.033073
0 0.250463 0.371354 0.051852 0.016146
0 0.179861 0.332943 0.021759 0.038281
0 0.494213 0.799089 0.067130 0.012240
0 0.874306 0.350521 0.021759 0.036979
0 0.466898 0.355729 0.021759 0.036979
0 0.441435 0.831641 0.054167 0.014844
0 0.182176 0.464453 0.026389 0.030469
0 0.628935 0.126953 0.068056 0.011719
0 0.409028 0.451432 0.081944 0.009635
0 0.439583 0.725911 0.067130 0.011719
0 0.645139 0.900651 0.063426 0.012240
0 0.353472 0.247005 0.063426 0.012240
0 0.304861 0.506120 0.021759 0.035677
0 0.098843 0.872005 0.063426 0.012240
0 0.297917 0.726172 0.017130 0.043490
0 0.774769 0.408464 0.026389 0.027865
0 0.484954 0.495443 0.020833 0.035156
0 0.709954 0.358333 0.017130 0.042188
0 0.172917 0.595313 0.017130 0.042188
0 0.260880 0.310807 0.072685 0.009635
0 0.288657 0.495703 0.017130 0.040885
0 0.663657 0.323568 0.017130 0.040365
0 0.366898 0.321224 0.071759 0.009635
0 0.795602 0.441667 0.021759 0.031771
0 0.737731 0.190365 0.017130 0.039583
0 0.116204 0.224870 0.070370 0.009635
0 0.714583 0.566016 0.044907 0.014844
0 0.203009 0.446224 0.068056 0.009635
0 0.895139 0.390234 0.017130 0.038281
0 0.964583 0.439714 0.017130 0.038281
0 0.760880 0.373047 0.026389 0.024740
0 0.719213 0.636068 0.026389 0.024740
0 0.440972 0.317969 0.016204 0.039583
0 0.608102 0.214844 0.017130 0.036458
0 0.950694 0.151953 0.063426 0.009635
0 0.973843 0.274089 0.017130 0.035156
0 0.205324 0.649089 0.063426 0.009115
0 0.853472 0.827474 0.044907 0.011719
0 0.131250 0.477474 0.017130 0.030469
0 0.909028 0.706641 0.017130 0.030469
0 0.316435 0.705078 0.017130 0.027344
0 0.846528 0.376953 0.012500 0.032552
0 0.483102 0.101172 0.017130 0.022656
0 0.841898 0.251953 0.012500 0.027344
0 0.770139 0.099609 0.035648 0.009115
