0 0.161343 0.638021 0.151389 0.049479
0 0.333333 0.819661 0.134259 0.032552
0 0.249306 0.250651 0.169907 0.024740
0 0.566435 0.460547 0.044907 0.079948
0 0.804861 0.235286 0.049537 0.066927
0 0.101157 0.788672 0.049537 0.059115
0 0.226157 0.198828 0.095833 0.030469
0 0.498843 0.850521 0.048611 0.057813
0 0.075694 0.193620 0.091204 0.030469
0 0.068287 0.218099 0.113426 0.022135
0 0.730324 0.802344 0.085648 0.029167
0 0.966898 0.839453 0.040278 0.060677
0 0.578009 0.882422 0.086574 0.027865
0 0.686806 0.155859 0.081944 0.027865
0 0.478472 0.322526 0.100463 0.022656
0 0.186343 0.140234 0.099537 0.022656
0 0.846065 0.230078 0.039352 0.056510
0 0.089583 0.873307 0.035648 0.061719
0 0.043287 0.267839 0.044907 0.048698
0 0.142824 0.399349 0.086574 0.025260
0 0.499306 0.189453 0.095833 0.022135
0 0.084954 0.493099 0.081944 0.025260
0 0.561806 0.784766 0.044907 0.046094
0 0.788657 0.865234 0.081944 0.024740
0 0.436806 0.552734 0.081944 0.024740
0 0.175231 0.916276 0.114352 0.017448
0 0.597222 0.201172 0.097222 0.019531
0 0.042824 0.236589 0.081019 0.022656
0 0.455324 0.836849 0.035648 0.051302
0 0.293287 0.287370 0.091204 0.020052
0 0.073380 0.736979 0.077315 0.023438
0 0.936343 0.529557 0.043981 0.040885
0 0.897454 0.379818 0.077315 0.022656
0 0.265509 0.379818 0.035648 0.048698
0 0.876620 0.405859 0.026389 0.064323
0 0.664815 0.176693 0.075000 0.022656
0 0.692130 0.882422 0.074074 0.022656
0 0.337269 0.159766 0.040278 0.040885
0 0.728472 0.248307 0.035648 0.046094
0 0.758565 0.380859 0.040278 0.040365
0 0.779398 0.911068 0.026389 0.059115
0 0.777083 0.159766 0.077315 0.020052
0 0.587269 0.184505 0.068056 0.022656
0 0.230787 0.218359 0.068056 0.022656
0 0.903241 0.677995 0.033333 0.046094
0 0.098843 0.529557 0.026389 0.056510
0 0.512731 0.238932 0.085648 0.016927
0 0.821065 0.656901 0.035648 0.040365
0 0.689120 0.404557 0.095833 0.014844
0 0.941435 0.426693 0.026389 0.053906
0 0.742361 0.288672 0.035648 0.038281
0 0.647454 0.789974 0.068056 0.020052
0 0.679861 0.490495 0.068056 0.020052
0 0.388194 0.528255 0.031019 0.043490
0 0.277083 0.366797 0.031019 0.043490
0 0.800231 0.476172 0.031019 0.043490
0 0.388194 0.904557 0.086574 0.014844
0 0.946065 0.727474 0.035648 0.035677
0 0.640509 0.253516 0.035648 0.035677
0 0.665509 0.454688 0.030093 0.042188
0 0.767824 0.628516 0.031019 0.040885
0 0.221528 0.586589 0.086574 0.014323
0 0.830324 0.912109 0.063426 0.019531
0 0.153935 0.860286 0.081019 0.014844
0 0.106944 0.329036 0.033333 0.035677
0 0.564120 0.153255 0.068056 0.017448
0 0.068750 0.603516 0.031019 0.037760
0 0.869676 0.309245 0.031019 0.037760
0 0.734954 0.155859 0.067130 0.017448
0 0.830324 0.215755 0.026389 0.043490
0 0.172917 0.760026 0.026389 0.043490
0 0.153935 0.226172 0.034722 0.033073
0 0.550231 0.844661 0.021759 0.051302
0 0.152083 0.526953 0.031019 0.035677
0 0.145139 0.125911 0.072685 0.014844
0 0.675231 0.580729 0.058796 0.018229
0 0.426852 0.869401 0.027778 0.038281
0 0.633565 0.439714 0.031019 0.033073
0 0.689120 0.622005 0.058796 0.017448
0 0.471528 0.249609 0.058796 0.017448
0 0.207639 0.244141 0.086574 0.011719
0 0.656713 0.824870 0.086574 0.011719
0 0.191435 0.343359 0.026389 0.038281
0 0.557176 0.483984 0.026389 0.038281
0 0.864583 0.684245 0.030093 0.032552
0 0.346528 0.168880 0.077315 0.012240
0 0.182176 0.110286 0.063426 0.014844
0 0.052546 0.688411 0.026389 0.035677
0 0.788657 0.761328 0.026389 0.035677
0 0.531713 0.856120 0.021759 0.042969
0 0.718750 0.925391 0.062500 0.014844
0 0.440972 0.123307 0.062500 0.014844
0 0.112731 0.298438 0.081944 0.010937
0 0.214120 0.331380 0.025463 0.035156
0 0.159028 0.554297 0.072685 0.012240
0 0.742361 0.343359 0.072685 0.012240
0 0.128935 0.521745 0.021759 0.040885
0 0.501620 0.688411 0.017130 0.051302
0 0.684028 0.920182 0.057870 0.014844
0 0.241898 0.442318 0.025463 0.033073
0 0.800231 0.790625 0.049537 0.016146
0 0.693750 0.686198 0.021759 0.036458
0 0.707639 0.430599 0.021759 0.035677
0 0.105787 0.274089 0.021759 0.035156
0 0.904398 0.648047 0.017130 0.043490
0 0.922917 0.348568 0.017130 0.043490
0 0.150231 0.689453 0.062500 0.011719
0 0.693750 0.736328 0.021759 0.032552
0 0.135880 0.386328 0.072685 0.009635
0 0.459491 0.271745 0.071759 0.009635
0 0.281250 0.171484 0.020833 0.033073
0 0.297917 0.258464 0.072685 0.009115
0 0.031713 0.657161 0.021759 0.030469
0 0.045602 0.519141 0.021759 0.030469
0 0.469213 0.736589 0.017130 0.038281
0 0.415972 0.118099 0.068056 0.009635
0 0.325231 0.794922 0.071759 0.009115
0 0.080324 0.559245 0.017130 0.037760
0 0.716898 0.896484 0.068056 0.009115
0 0.734954 0.451172 0.067130 0.009115
0 0.168287 0.711849 0.017130 0.035677
0 0.765509 0.240495 0.017130 0.035677
0 0.330324 0.849870 0.063426 0.009635
0 0.406250 0.226172 0.048611 0.012240
0 0.126620 0.443359 0.063426 0.009115
0 0.638194 0.294922 0.058796 0.009115
0 0.200694 0.567318 0.072685 0.007031
0 0.425231 0.921484 0.040278 0.012240
0 0.554861 0.142839 0.040278 0.012240
0 0.582639 0.319922 0.049537 0.007031
