0 0.156713 0.588151 0.160648 0.048698
0 0.919444 0.975521 0.158333 0.047396
0 0.233102 0.323828 0.072685 0.082552
0 0.839120 0.257422 0.118056 0.038281
0 0.228472 0.672786 0.109722 0.035677
0 0.670602 0.842057 0.049537 0.066927
0 0.731944 0.519141 0.107407 0.030469
0 0.795139 0.467057 0.113426 0.025260
0 0.281713 0.503516 0.049537 0.056510
0 0.307176 0.831641 0.054167 0.051302
0 0.140509 0.362891 0.054167 0.051302
0 0.811806 0.812760 0.044907 0.060417
0 0.636343 0.788672 0.118056 0.022656
0 0.716898 0.254818 0.040278 0.064323
0 0.087269 0.739193 0.040278 0.064323
0 0.911343 0.469661 0.031019 0.082552
0 0.795602 0.209245 0.049537 0.051302
0 0.846528 0.651953 0.049537 0.051302
0 0.110417 0.875911 0.040278 0.061719
0 0.140509 0.741797 0.044907 0.053906
0 0.230787 0.226172 0.049537 0.048698
0 0.781713 0.783203 0.049537 0.048177
0 0.832639 0.871745 0.086574 0.027344
0 0.433333 0.207943 0.084259 0.027865
0 0.362269 0.860286 0.034722 0.066927
0 0.621991 0.245703 0.091204 0.025260
0 0.371991 0.236589 0.081944 0.027865
0 0.932176 0.143880 0.044907 0.050781
0 0.098380 0.666276 0.081019 0.027865
0 0.569444 0.371745 0.041667 0.048177
0 0.108102 0.992448 0.146759 0.013542
0 0.818750 0.536068 0.040278 0.048698
0 0.054861 0.153255 0.040278 0.048698
0 0.534028 0.161068 0.044907 0.043490
0 0.459954 0.262630 0.081944 0.022656
0 0.219213 0.355078 0.044907 0.040885
0 0.080324 0.532161 0.072685 0.025260
0 0.246991 0.878516 0.072685 0.025260
0 0.575694 0.216797 0.072685 0.024740
0 0.656713 0.132422 0.077315 0.022656
0 0.573380 0.286068 0.040278 0.043490
0 0.786343 0.434505 0.040278 0.043490
0 0.699537 0.355078 0.042593 0.040885
0 0.075694 0.835547 0.035648 0.048698
0 0.586806 0.817057 0.039352 0.042969
0 0.128935 0.493099 0.040278 0.040885
0 0.045602 0.430599 0.040278 0.040885
0 0.520139 0.782161 0.035648 0.046094
0 0.223843 0.507422 0.091204 0.017448
0 0.265046 0.750651 0.081019 0.019531
0 0.823380 0.417578 0.021759 0.072135
0 0.897454 0.278255 0.031019 0.048698
0 0.672222 0.892839 0.064815 0.022656
0 0.279398 0.282161 0.072685 0.020052
0 0.543287 0.202734 0.081944 0.017448
0 0.330324 0.577734 0.081944 0.017448
0 0.090278 0.238932 0.083333 0.016927
0 0.703009 0.786068 0.021759 0.064323
0 0.205324 0.666016 0.063426 0.022135
0 0.892824 0.400651 0.031019 0.043490
0 0.281713 0.663672 0.031019 0.043490
0 0.485417 0.616797 0.077315 0.017448
0 0.043287 0.497005 0.026389 0.048698
0 0.832639 0.362891 0.086574 0.014844
0 0.566435 0.680599 0.035648 0.035677
0 0.325694 0.805599 0.035648 0.035677
0 0.209954 0.240495 0.063426 0.020052
0 0.149769 0.192318 0.072685 0.017448
0 0.661343 0.532161 0.031019 0.040885
0 0.508565 0.175391 0.031019 0.040885
0 0.087269 0.474870 0.031019 0.040885
0 0.358102 0.263672 0.063426 0.019531
0 0.047917 0.307943 0.063426 0.019531
0 0.045602 0.729818 0.021759 0.055990
0 0.653241 0.253255 0.061111 0.019531
0 0.457639 0.470964 0.031019 0.038281
0 0.284028 0.254818 0.035648 0.033073
0 0.551389 0.569922 0.024074 0.048698
0 0.318750 0.847266 0.077315 0.014844
0 0.168287 0.265234 0.026389 0.043490
0 0.543287 0.817057 0.063426 0.016927
0 0.503935 0.754818 0.086574 0.012240
0 0.175231 0.457943 0.086574 0.012240
0 0.503935 0.228776 0.058796 0.017448
0 0.105787 0.676693 0.058796 0.017448
0 0.397454 0.167578 0.068056 0.014844
0 0.744676 0.172786 0.068056 0.014844
0 0.528935 0.801042 0.062500 0.016146
0 0.811806 0.293880 0.081944 0.012240
0 0.864583 0.334245 0.067130 0.014844
0 0.934491 0.432943 0.021759 0.045573
0 0.128935 0.175130 0.068056 0.014323
0 0.906250 0.805339 0.020833 0.045573
0 0.665972 0.762630 0.021759 0.043490
0 0.161343 0.520443 0.077315 0.012240
0 0.587963 0.493099 0.023148 0.040885
0 0.735417 0.073828 0.031019 0.030469
0 0.730787 0.865495 0.031019 0.030469
0 0.612731 0.201432 0.026389 0.035677
0 0.131250 0.521745 0.063426 0.014844
0 0.422454 0.729818 0.016204 0.055990
0 0.547222 0.241797 0.074074 0.012240
0 0.602315 0.353776 0.051852 0.017448
0 0.524769 0.385026 0.072685 0.012240
0 0.862731 0.720964 0.072685 0.012240
0 0.321065 0.334245 0.017130 0.051302
0 0.214583 0.819661 0.026389 0.032552
0 0.561806 0.741797 0.017130 0.048698
0 0.899306 0.719661 0.016204 0.051302
0 0.749306 0.804297 0.021759 0.038281
0 0.749306 0.450130 0.021759 0.038281
0 0.755093 0.338802 0.024074 0.034375
0 0.793287 0.383724 0.026389 0.030469
0 0.830324 0.615495 0.026389 0.030469
0 0.561806 0.608984 0.063426 0.012240
0 0.716898 0.289974 0.077315 0.009635
0 0.362731 0.801432 0.063426 0.011719
0 0.031250 0.339453 0.020833 0.035677
0 0.677546 0.090755 0.026389 0.027865
0 0.328009 0.226172 0.058796 0.012240
0 0.568750 0.512630 0.021759 0.033073
0 0.748148 0.586849 0.019444 0.035677
0 0.937963 0.289714 0.019444 0.035156
0 0.084954 0.162370 0.026389 0.025260
0 0.561806 0.411068 0.017130 0.038281
0 0.821065 0.238932 0.017130 0.037760
0 0.927083 0.351823 0.016204 0.039583
0 0.765509 0.310547 0.044907 0.014323
0 0.621528 0.868099 0.025463 0.025260
0 0.753472 0.404557 0.020833 0.030469
0 0.324537 0.274349 0.061111 0.009635
0 0.675926 0.469661 0.060185 0.009635
0 0.608102 0.274349 0.054167 0.009635
0 0.816435 0.890885 0.054167 0.008333
0 0.705324 0.298828 0.063426 0.006510
0 0.023611 0.995052 0.042593 0.008333
0 0.850694 0.399089 0.011574 0.029948
0 0.484954 0.200130 0.011574 0.027865
0 0.804398 0.323828 0.011574 0.020052
0 0.984722 0.004818 0.027778 0.007031
