0 0.395139 0.823177 0.183796 0.034375
0 0.587269 0.555599 0.058796 0.077344
0 0.381250 0.387630 0.063426 0.064323
0 0.797917 0.197917 0.063426 0.059896
0 0.626620 0.235286 0.044907 0.082552
0 0.543287 0.373958 0.109722 0.031771
0 0.446065 0.892839 0.118981 0.027865
0 0.168981 0.598568 0.055556 0.059115
0 0.624306 0.456641 0.105093 0.030469
0 0.404398 0.780859 0.109722 0.027865
0 0.665972 0.627214 0.105093 0.027865
0 0.124306 0.159766 0.095833 0.030469
0 0.252778 0.300391 0.047222 0.061719
0 0.946065 0.294531 0.091204 0.029167
0 0.860417 0.850521 0.049537 0.052604
0 0.121991 0.256771 0.044907 0.057813
0 0.746991 0.246745 0.109722 0.022135
0 0.205324 0.384375 0.091204 0.026562
0 0.730787 0.844661 0.095833 0.025260
0 0.332639 0.569922 0.086574 0.027865
0 0.284028 0.697526 0.081944 0.027865
0 0.375463 0.127214 0.079630 0.027865
0 0.821065 0.728776 0.044907 0.048698
0 0.068750 0.506120 0.086574 0.025260
0 0.518981 0.743099 0.042593 0.051302
0 0.422917 0.492839 0.035648 0.061198
0 0.170139 0.571224 0.085648 0.025260
0 0.244676 0.364193 0.123611 0.017448
0 0.839583 0.450130 0.035648 0.059115
0 0.383565 0.607682 0.040278 0.051302
0 0.895139 0.615495 0.026389 0.077344
0 0.751620 0.763021 0.044907 0.044271
0 0.689120 0.912370 0.077315 0.025260
0 0.318750 0.875911 0.095833 0.020052
0 0.586806 0.252214 0.039352 0.048698
0 0.050231 0.550130 0.040278 0.045573
0 0.505787 0.338151 0.081019 0.022656
0 0.501620 0.539974 0.044907 0.040885
0 0.779398 0.855078 0.072685 0.025260
0 0.138194 0.758073 0.040278 0.044792
0 0.485417 0.709245 0.086574 0.020052
0 0.239583 0.627214 0.076389 0.022656
0 0.788194 0.437760 0.071759 0.023958
0 0.304861 0.417578 0.114352 0.014844
0 0.427546 0.913672 0.072685 0.022656
0 0.429861 0.767578 0.095833 0.016927
0 0.527083 0.696224 0.077315 0.020052
0 0.411343 0.736589 0.040278 0.038281
0 0.596528 0.200130 0.040278 0.038281
0 0.707639 0.447526 0.040278 0.038281
0 0.693750 0.640234 0.123611 0.012240
0 0.124306 0.194922 0.031019 0.048698
0 0.527083 0.158464 0.086574 0.017448
0 0.918287 0.217057 0.100463 0.014844
0 0.365741 0.139974 0.087963 0.016927
0 0.220370 0.124609 0.065741 0.022656
0 0.822917 0.160807 0.067130 0.022135
0 0.353472 0.550391 0.072685 0.020052
0 0.742361 0.664974 0.072685 0.020052
0 0.957639 0.371354 0.068056 0.021354
0 0.856944 0.653255 0.033333 0.043490
0 0.858102 0.416276 0.026389 0.053906
0 0.701852 0.752214 0.028704 0.048698
0 0.017824 0.575781 0.031019 0.044792
0 0.948380 0.258073 0.031019 0.044792
0 0.628935 0.610286 0.068056 0.020052
0 0.186806 0.198828 0.091204 0.014844
0 0.814120 0.388932 0.021759 0.061719
0 0.790972 0.260026 0.031019 0.043490
0 0.612731 0.403255 0.109722 0.012240
0 0.402083 0.646484 0.068056 0.019531
0 0.737731 0.194922 0.026389 0.048698
0 0.779398 0.297786 0.063426 0.020052
0 0.665972 0.394141 0.031019 0.040885
0 0.149306 0.400651 0.071759 0.017448
0 0.700231 0.085547 0.071759 0.017448
0 0.976157 0.229818 0.031019 0.040365
0 0.415972 0.589453 0.021759 0.056510
0 0.760880 0.885677 0.035648 0.034375
0 0.839583 0.096615 0.026389 0.044792
0 0.506250 0.520443 0.035648 0.033073
0 0.946065 0.135026 0.035648 0.033073
0 0.878935 0.686849 0.031019 0.037760
0 0.583333 0.482682 0.078704 0.014844
0 0.946065 0.723307 0.035648 0.032552
0 0.101157 0.451432 0.021759 0.051302
0 0.814120 0.714453 0.021759 0.051302
0 0.385880 0.861589 0.063426 0.017448
0 0.531713 0.292578 0.031019 0.035677
0 0.846528 0.206380 0.031019 0.035156
0 0.841435 0.538021 0.067130 0.016146
0 0.353472 0.159766 0.072685 0.014844
0 0.573380 0.726172 0.021759 0.048698
0 0.318750 0.455339 0.031019 0.033073
0 0.078009 0.153255 0.031019 0.033073
0 0.818750 0.485286 0.068056 0.014844
0 0.499306 0.855078 0.068056 0.014844
0 0.462269 0.545182 0.068056 0.014844
0 0.712269 0.526953 0.021759 0.046094
0 0.679398 0.594661 0.067130 0.014844
0 0.809028 0.791276 0.030093 0.033073
0 0.218056 0.240495 0.024074 0.040885
0 0.652083 0.567969 0.021759 0.044792
0 0.814120 0.656510 0.021759 0.044792
0 0.657407 0.616797 0.078704 0.012240
0 0.874306 0.793880 0.021759 0.043490
0 0.841898 0.601172 0.021759 0.043490
0 0.545602 0.421484 0.021759 0.043490
0 0.170602 0.175391 0.031019 0.030469
0 0.626620 0.589453 0.063426 0.014844
0 0.228472 0.545182 0.026389 0.035677
0 0.288657 0.743099 0.063426 0.014844
0 0.191435 0.118099 0.063426 0.014844
0 0.425231 0.316276 0.031019 0.029948
0 0.234259 0.132422 0.075000 0.012240
0 0.697917 0.398047 0.020833 0.043490
0 0.027083 0.688411 0.021759 0.040885
0 0.705324 0.357682 0.091204 0.009635
0 0.654398 0.258724 0.017130 0.051302
0 0.469213 0.992448 0.063426 0.013542
0 0.064815 0.372005 0.069444 0.012240
0 0.416667 0.210547 0.069444 0.012240
0 0.760417 0.196224 0.016204 0.051302
0 0.161343 0.231380 0.021759 0.038281
0 0.286343 0.088151 0.068056 0.012240
0 0.328009 0.585547 0.021759 0.038281
0 0.888194 0.108984 0.021759 0.038281
0 0.878935 0.561849 0.021759 0.037760
0 0.473380 0.352474 0.053241 0.014844
0 0.101157 0.206380 0.021759 0.035156
0 0.802083 0.155859 0.062500 0.012240
0 0.744676 0.474609 0.021759 0.035156
0 0.846528 0.321224 0.049537 0.014844
0 0.253935 0.720964 0.021759 0.033073
0 0.253935 0.194922 0.058796 0.012240
0 0.485417 0.663672 0.058796 0.012240
0 0.858102 0.561198 0.017130 0.041667
0 0.552546 0.539974 0.017130 0.040885
0 0.339583 0.521745 0.017130 0.040885
0 0.546759 0.505469 0.079630 0.008333
0 0.524769 0.774089 0.072685 0.009115
0 0.556713 0.357682 0.016204 0.040885
0 0.654398 0.726172 0.054167 0.012240
0 0.765046 0.312109 0.053241 0.012240
0 0.756250 0.512370 0.017130 0.037760
0 0.795139 0.347266 0.020833 0.030469
0 0.381250 0.454036 0.063426 0.009635
0 0.807176 0.583984 0.017130 0.035156
0 0.269676 0.657161 0.016204 0.035677
0 0.811806 0.504818 0.017130 0.033073
0 0.346065 0.198828 0.057870 0.009635
0 0.492361 0.457943 0.044907 0.012240
0 0.853472 0.454036 0.017130 0.030469
0 0.371528 0.504557 0.043981 0.011719
0 0.237269 0.420182 0.016204 0.030469
0 0.709954 0.150651 0.035648 0.012240
0 0.841898 0.887370 0.058796 0.006510
0 0.186806 0.698828 0.035648 0.009635
0 0.300231 0.727474 0.031019 0.009635
