0 0.277083 0.875911 0.169907 0.056510
0 0.266667 0.119401 0.130556 0.033073
0 0.260880 0.539974 0.128241 0.030469
0 0.091898 0.358724 0.058796 0.063802
0 0.780556 0.633724 0.047222 0.077344
0 0.656713 0.302995 0.058796 0.056510
0 0.328009 0.400651 0.058796 0.053906
0 0.503935 0.856380 0.058796 0.053906
0 0.471528 0.837891 0.095833 0.032552
0 0.164352 0.422786 0.101852 0.030469
0 0.816435 0.641536 0.054167 0.051302
0 0.186806 0.449870 0.100463 0.027344
0 0.816435 0.767188 0.100463 0.026562
0 0.765509 0.213151 0.091204 0.027865
0 0.274769 0.283464 0.109722 0.022656
0 0.448380 0.560807 0.040278 0.061719
0 0.573380 0.917578 0.095833 0.025260
0 0.235417 0.700130 0.086574 0.027865
0 0.515509 0.537370 0.044907 0.051302
0 0.679861 0.683203 0.114352 0.020052
0 0.317593 0.565365 0.037963 0.060417
0 0.524769 0.692318 0.081944 0.027865
0 0.501620 0.275651 0.081944 0.027865
0 0.309491 0.261328 0.040278 0.056510
0 0.550231 0.779557 0.086574 0.025260
0 0.471065 0.896745 0.085648 0.025260
0 0.767361 0.717057 0.085648 0.025260
0 0.152083 0.172786 0.105093 0.020052
0 0.602315 0.426693 0.116667 0.017448
0 0.672454 0.485286 0.043981 0.046094
0 0.691435 0.373047 0.035648 0.055990
0 0.277083 0.351172 0.040278 0.048698
0 0.246991 0.640234 0.044907 0.043490
0 0.353009 0.699479 0.090278 0.021354
0 0.901620 0.497005 0.039352 0.048698
0 0.258102 0.189714 0.039352 0.048698
0 0.354630 0.120703 0.075000 0.025260
0 0.558333 0.099870 0.075000 0.025260
0 0.932176 0.858984 0.081944 0.022656
0 0.758565 0.584245 0.040278 0.046094
0 0.795139 0.915625 0.113426 0.016146
0 0.640509 0.618099 0.091204 0.020052
0 0.501620 0.256120 0.091204 0.020052
0 0.899306 0.245703 0.043981 0.040885
0 0.443750 0.771745 0.086574 0.020052
0 0.844213 0.684505 0.035648 0.048698
0 0.583796 0.641276 0.042593 0.040365
0 0.300231 0.870052 0.031019 0.055208
0 0.943750 0.789974 0.040278 0.040885
0 0.543287 0.164974 0.109722 0.014844
0 0.241898 0.732682 0.108796 0.014844
0 0.589583 0.718359 0.091204 0.017448
0 0.624306 0.860286 0.105093 0.014844
0 0.214583 0.247005 0.035648 0.043490
0 0.462269 0.481380 0.068056 0.022656
0 0.580324 0.813411 0.072685 0.020052
0 0.656713 0.821224 0.095833 0.014844
0 0.344213 0.260026 0.026389 0.053906
0 0.744676 0.443359 0.031019 0.045573
0 0.256250 0.158203 0.081944 0.016927
0 0.830324 0.475260 0.026389 0.052083
0 0.385880 0.246354 0.063426 0.021354
0 0.448380 0.273047 0.077315 0.017448
0 0.466898 0.796484 0.077315 0.017448
0 0.763194 0.181641 0.031019 0.042969
0 0.837269 0.113932 0.031019 0.042969
0 0.501620 0.768490 0.035648 0.036979
0 0.300231 0.439714 0.021759 0.059115
0 0.684491 0.394141 0.031019 0.040885
0 0.797917 0.129818 0.072685 0.017448
0 0.094213 0.316667 0.026389 0.047396
0 0.547917 0.664714 0.063426 0.019531
0 0.498843 0.237891 0.030093 0.040885
0 0.827546 0.146484 0.085648 0.014323
0 0.226157 0.325781 0.031019 0.039583
0 0.497685 0.356380 0.027778 0.043490
0 0.712269 0.335547 0.031019 0.038281
0 0.688657 0.326432 0.020833 0.056510
0 0.429861 0.702734 0.021759 0.053906
0 0.915972 0.270443 0.095833 0.012240
0 0.536343 0.520182 0.031019 0.037760
0 0.453009 0.686849 0.021759 0.053385
0 0.628472 0.842057 0.057870 0.020052
0 0.901620 0.141536 0.057870 0.020052
0 0.355324 0.598568 0.030093 0.038281
0 0.228472 0.220964 0.026389 0.043490
0 0.094213 0.127214 0.026389 0.043490
0 0.888194 0.347917 0.031019 0.036979
0 0.786343 0.514583 0.031019 0.036979
0 0.159028 0.642578 0.026389 0.042969
0 0.823380 0.542578 0.021759 0.051302
0 0.737731 0.540625 0.026389 0.042188
0 0.121528 0.286068 0.090278 0.012240
0 0.240046 0.667318 0.021759 0.050781
0 0.847685 0.338151 0.033333 0.033073
0 0.420139 0.828776 0.076389 0.014323
0 0.190972 0.585547 0.062500 0.017448
0 0.640509 0.633724 0.072685 0.014844
0 0.422917 0.107682 0.072685 0.014844
0 0.346528 0.439714 0.021759 0.048698
0 0.721528 0.366797 0.021759 0.048698
0 0.772454 0.838151 0.021759 0.048698
0 0.515509 0.172786 0.070833 0.014844
0 0.384259 0.590755 0.060185 0.017448
0 0.324074 0.230078 0.069444 0.014844
0 0.744676 0.493099 0.021759 0.046094
0 0.135880 0.455339 0.081944 0.012240
0 0.186806 0.481380 0.081944 0.012240
0 0.482639 0.309505 0.081019 0.012240
0 0.421759 0.389583 0.088889 0.010937
0 0.736111 0.080339 0.078704 0.012240
0 0.168287 0.139974 0.081944 0.011719
0 0.763194 0.095964 0.077315 0.012240
0 0.675231 0.286068 0.021759 0.043490
0 0.429861 0.465755 0.077315 0.012240
0 0.235417 0.312109 0.021759 0.043490
0 0.307176 0.205339 0.054167 0.017448
0 0.719213 0.611589 0.054167 0.017448
0 0.446065 0.644141 0.026389 0.035677
0 0.730324 0.905859 0.076389 0.012240
0 0.674769 0.116536 0.076389 0.011719
0 0.084954 0.213151 0.072685 0.012240
0 0.941435 0.111589 0.026389 0.033073
0 0.494676 0.209245 0.058796 0.014844
0 0.941435 0.239193 0.017130 0.048698
0 0.890046 0.816016 0.016204 0.051302
0 0.517824 0.356380 0.021759 0.038281
0 0.050231 0.335547 0.021759 0.038281
0 0.156713 0.153255 0.068056 0.012240
0 0.762037 0.521745 0.019444 0.040885
0 0.941435 0.597266 0.017130 0.046094
0 0.038657 0.615495 0.017130 0.046094
0 0.563657 0.538411 0.020833 0.037760
0 0.860417 0.636328 0.021759 0.035677
0 0.550231 0.493099 0.021759 0.035677
0 0.089583 0.560156 0.017130 0.044792
0 0.478472 0.289714 0.081944 0.009115
0 0.714583 0.413672 0.017130 0.043490
0 0.802546 0.580339 0.017130 0.043490
0 0.770139 0.257422 0.017130 0.043490
0 0.809491 0.888932 0.077315 0.009635
0 0.109954 0.185807 0.076389 0.009635
0 0.767824 0.679297 0.021759 0.033073
0 0.163657 0.282161 0.072685 0.009635
0 0.895139 0.623047 0.017130 0.040365
0 0.117361 0.140885 0.017130 0.039583
0 0.649769 0.159505 0.072685 0.009115
0 0.612731 0.877214 0.054167 0.012240
0 0.772454 0.417578 0.021759 0.030469
0 0.545602 0.855078 0.068056 0.009635
0 0.779398 0.473568 0.017130 0.038281
0 0.654398 0.340755 0.017130 0.038281
0 0.809028 0.545182 0.020833 0.030469
0 0.480787 0.813151 0.068056 0.009115
0 0.441435 0.232682 0.017130 0.035677
0 0.297454 0.305599 0.062500 0.009635
0 0.677546 0.542839 0.017130 0.035156
0 0.950231 0.714453 0.016204 0.035677
0 0.223843 0.517839 0.017130 0.033073
0 0.466898 0.235286 0.021759 0.025260
0 0.559491 0.726172 0.077315 0.007031
0 0.473380 0.439453 0.016204 0.032552
0 0.455324 0.081641 0.054167 0.009635
0 0.788657 0.547526 0.017130 0.029948
0 0.460648 0.381771 0.046296 0.010937
0 0.936806 0.726172 0.017130 0.027865
0 0.634722 0.362630 0.051852 0.009115
0 0.160880 0.248307 0.048611 0.009635
0 0.538657 0.448828 0.044907 0.009635
0 0.475694 0.334245 0.011574 0.035677
0 0.714583 0.739844 0.017130 0.023958
0 0.449537 0.283203 0.061111 0.006510
0 0.596528 0.188151 0.040278 0.009115
0 0.294444 0.637630 0.010185 0.033073
