0 0.100694 0.982031 0.196759 0.034375
0 0.814120 0.872005 0.068056 0.085156
0 0.517824 0.483984 0.068056 0.064323
0 0.267361 0.448828 0.039352 0.098177
0 0.348843 0.907161 0.146759 0.025260
0 0.455324 0.316016 0.054167 0.061719
0 0.608102 0.793880 0.100463 0.033073
0 0.828009 0.549089 0.114352 0.027865
0 0.100694 0.523047 0.039352 0.079948
0 0.746991 0.308203 0.118981 0.025260
0 0.534028 0.212891 0.054167 0.053385
0 0.483102 0.515234 0.100463 0.027865
0 0.476157 0.280859 0.151389 0.017448
0 0.566435 0.506120 0.044907 0.056510
0 0.819907 0.338151 0.144444 0.017448
0 0.807176 0.244792 0.035648 0.070312
0 0.598380 0.528255 0.034722 0.069531
0 0.494676 0.122005 0.049537 0.048698
0 0.638194 0.489583 0.031019 0.075521
0 0.168287 0.310807 0.044907 0.051302
0 0.501620 0.124609 0.128241 0.017448
0 0.263194 0.879818 0.095833 0.022656
0 0.341435 0.865495 0.085648 0.025260
0 0.698380 0.517839 0.031019 0.069531
0 0.207639 0.852474 0.105093 0.020052
0 0.603472 0.709245 0.044907 0.046094
0 0.552546 0.448828 0.081944 0.025260
0 0.770139 0.776953 0.044907 0.046094
0 0.811343 0.374609 0.034722 0.059115
0 0.893981 0.621354 0.042593 0.047396
0 0.804861 0.093359 0.114352 0.017448
0 0.476157 0.426693 0.040278 0.048698
0 0.448380 0.719661 0.040278 0.046094
0 0.809491 0.891536 0.040278 0.046094
0 0.679861 0.393490 0.077315 0.023958
0 0.589583 0.821224 0.072685 0.025260
0 0.422917 0.240495 0.072685 0.025260
0 0.230324 0.161719 0.030093 0.060417
0 0.163194 0.823828 0.043981 0.040885
0 0.100000 0.450781 0.075000 0.023958
0 0.583796 0.323828 0.088889 0.020052
0 0.265046 0.342057 0.034722 0.051302
0 0.762731 0.546484 0.030093 0.059115
0 0.496991 0.412370 0.026389 0.066927
0 0.446065 0.200130 0.100463 0.017448
0 0.786343 0.413672 0.077315 0.022656
0 0.286343 0.147786 0.040278 0.042969
0 0.207176 0.302995 0.030093 0.056510
0 0.515046 0.888281 0.090278 0.018750
0 0.214583 0.356380 0.072685 0.022656
0 0.948380 0.204036 0.040278 0.040885
0 0.668287 0.201432 0.035648 0.046094
0 0.388194 0.513932 0.031019 0.051302
0 0.561806 0.150651 0.035648 0.043490
0 0.170602 0.723568 0.040278 0.038281
0 0.642824 0.861589 0.068056 0.022656
0 0.429861 0.106380 0.068056 0.022656
0 0.550231 0.200130 0.040278 0.038281
0 0.193287 0.883724 0.076389 0.020052
0 0.695602 0.194922 0.034722 0.043490
0 0.229167 0.269141 0.074074 0.020052
0 0.609259 0.275651 0.084259 0.017448
0 0.538194 0.573828 0.071759 0.020052
0 0.584954 0.398047 0.026389 0.053906
0 0.603472 0.250911 0.091204 0.014844
0 0.726157 0.752214 0.031019 0.043490
0 0.809491 0.825130 0.077315 0.017448
0 0.110417 0.793880 0.077315 0.017448
0 0.855324 0.517839 0.076389 0.017448
0 0.587269 0.176432 0.031019 0.042969
0 0.619676 0.750651 0.068056 0.019531
0 0.828009 0.743750 0.031019 0.042188
0 0.258102 0.603516 0.030093 0.042969
0 0.837269 0.377214 0.021759 0.059115
0 0.621991 0.399349 0.063426 0.020052
0 0.244676 0.513932 0.031019 0.040885
0 0.735417 0.175130 0.031019 0.040365
0 0.279398 0.722005 0.063426 0.019531
0 0.571065 0.628516 0.026389 0.046094
0 0.557176 0.394141 0.026389 0.046094
0 0.888194 0.210547 0.031019 0.038281
0 0.564120 0.654557 0.058796 0.020052
0 0.649769 0.166276 0.035648 0.033073
0 0.429861 0.191016 0.058796 0.020052
0 0.140509 0.379818 0.035648 0.033073
0 0.179861 0.495703 0.077315 0.014844
0 0.534028 0.700130 0.026389 0.043490
0 0.084954 0.754818 0.026389 0.043490
0 0.779398 0.387630 0.026389 0.043490
0 0.561806 0.637630 0.091204 0.012240
0 0.352315 0.094661 0.024074 0.046094
0 0.973380 0.767578 0.025463 0.042969
0 0.964583 0.144141 0.026389 0.040885
0 0.108102 0.300391 0.026389 0.040885
0 0.436806 0.616536 0.063426 0.016927
0 0.672917 0.824870 0.063426 0.016927
0 0.607639 0.842057 0.071759 0.014844
0 0.185648 0.606380 0.061111 0.017448
0 0.316435 0.519141 0.026389 0.039844
0 0.601157 0.437109 0.031019 0.033073
0 0.915972 0.231380 0.058796 0.017448
0 0.307176 0.416276 0.026389 0.038281
0 0.946065 0.463151 0.026389 0.038281
0 0.057176 0.520443 0.026389 0.038281
0 0.649769 0.218359 0.026389 0.038281
0 0.221065 0.254818 0.057870 0.017448
0 0.647454 0.293620 0.031019 0.032552
0 0.554398 0.857682 0.067130 0.014844
0 0.364583 0.308203 0.067130 0.014844
0 0.707176 0.161068 0.030093 0.033073
0 0.391667 0.218099 0.084259 0.011719
0 0.408565 0.301693 0.025463 0.038281
0 0.878935 0.585547 0.021759 0.043490
0 0.624306 0.773047 0.077315 0.012240
0 0.494676 0.545182 0.031019 0.030469
0 0.756250 0.730078 0.026389 0.035677
0 0.802546 0.425391 0.026389 0.035677
0 0.447917 0.582943 0.076389 0.012240
0 0.494213 0.098568 0.076389 0.012240
0 0.043287 0.314714 0.017130 0.053906
0 0.740046 0.129167 0.021759 0.042188
0 0.071065 0.492839 0.063426 0.014323
0 0.348380 0.779557 0.025463 0.035677
0 0.321065 0.340755 0.072685 0.012240
0 0.536343 0.086589 0.021759 0.040365
0 0.704861 0.562109 0.071759 0.012240
0 0.177546 0.692318 0.026389 0.033073
0 0.531250 0.164974 0.057870 0.014844
0 0.443287 0.763932 0.057870 0.014844
0 0.901620 0.870703 0.020833 0.040885
0 0.295602 0.218359 0.068056 0.012240
0 0.295602 0.793880 0.021759 0.038281
0 0.948380 0.624609 0.021759 0.038281
0 0.559491 0.874609 0.068056 0.012240
0 0.411343 0.614193 0.068056 0.012240
0 0.966898 0.413021 0.021759 0.036979
0 0.910880 0.562109 0.020833 0.038281
0 0.485417 0.143880 0.086574 0.009115
0 0.598843 0.295182 0.081944 0.009635
0 0.534028 0.122005 0.063426 0.012240
0 0.719213 0.809505 0.063426 0.012240
0 0.205324 0.338151 0.063426 0.012240
0 0.140509 0.338151 0.017130 0.043490
0 0.490046 0.894141 0.077315 0.009635
0 0.109954 0.500911 0.020833 0.035677
0 0.696065 0.676432 0.026389 0.027344
0 0.693750 0.835547 0.058796 0.012240
0 0.925231 0.640234 0.021759 0.033073
0 0.175231 0.634766 0.021759 0.032552
0 0.432176 0.399349 0.072685 0.009635
0 0.325694 0.201432 0.017130 0.040885
0 0.583796 0.424089 0.024074 0.027865
0 0.367361 0.399349 0.026389 0.025260
0 0.619676 0.878516 0.068056 0.009635
0 0.691435 0.533464 0.017130 0.038281
0 0.489583 0.224870 0.020833 0.030469
0 0.681713 0.702474 0.053241 0.011719
0 0.878935 0.843359 0.049537 0.012240
0 0.587269 0.830339 0.049537 0.012240
0 0.415972 0.898047 0.049537 0.012240
0 0.955324 0.500651 0.017130 0.035156
0 0.211806 0.832943 0.048611 0.012240
0 0.182176 0.375260 0.017130 0.034375
0 0.157870 0.589453 0.061111 0.009635
0 0.959954 0.346615 0.017130 0.034375
0 0.253935 0.282161 0.058796 0.009635
0 0.362731 0.436458 0.017130 0.031771
0 0.228472 0.379818 0.017130 0.027865
0 0.624306 0.185547 0.049537 0.009115
0 0.535880 0.232422 0.011574 0.035156
0 0.536343 0.327734 0.012500 0.027865
0 0.790509 0.682943 0.011574 0.029948
0 0.101157 0.349609 0.012500 0.024740
0 0.915972 0.690365 0.012500 0.023958
0 0.649769 0.369401 0.017130 0.017448
0 0.707639 0.995052 0.031019 0.008333
0 0.186806 0.004818 0.026389 0.007031
