0 0.538657 0.616797 0.230093 0.048698
0 0.851620 0.290625 0.159722 0.052604
0 0.811343 0.254818 0.164352 0.022656
0 0.568750 0.168880 0.058796 0.059115
0 0.443750 0.447526 0.123611 0.027865
0 0.797454 0.485286 0.108796 0.030469
0 0.735417 0.088802 0.058796 0.055208
0 0.848843 0.838151 0.044907 0.069531
0 0.913657 0.624609 0.044907 0.069531
0 0.174769 0.225911 0.048611 0.063802
0 0.209954 0.554297 0.118981 0.022656
0 0.671296 0.360938 0.050926 0.052604
0 0.213426 0.167578 0.051852 0.051302
0 0.943750 0.496094 0.040278 0.062500
0 0.885880 0.174089 0.035648 0.069531
0 0.426389 0.142839 0.088889 0.027865
0 0.865046 0.138932 0.095833 0.025260
0 0.948380 0.141276 0.049537 0.045573
0 0.119676 0.319271 0.105093 0.021354
0 0.105787 0.776953 0.031019 0.072135
0 0.781713 0.381771 0.132870 0.016146
0 0.138194 0.088151 0.040278 0.048698
0 0.253935 0.332682 0.040278 0.048177
0 0.128935 0.636328 0.031019 0.061719
0 0.977315 0.823177 0.042593 0.039583
0 0.575694 0.127214 0.091204 0.017448
0 0.378935 0.217057 0.021759 0.072135
0 0.277083 0.857682 0.105093 0.014844
0 0.105324 0.894141 0.104167 0.014844
0 0.263194 0.163672 0.040278 0.038281
0 0.913657 0.215755 0.081944 0.017448
0 0.172917 0.494141 0.063426 0.022135
0 0.753935 0.128516 0.086574 0.014844
0 0.929861 0.094661 0.031019 0.040885
0 0.253472 0.694922 0.020833 0.059115
0 0.909028 0.192318 0.100463 0.012240
0 0.874306 0.358984 0.031019 0.038281
0 0.698380 0.275391 0.021759 0.053385
0 0.260880 0.127214 0.091204 0.012240
0 0.399769 0.496354 0.026389 0.042188
0 0.928704 0.039714 0.093519 0.009115
0 0.237269 0.256120 0.016204 0.051302
0 0.314120 0.713151 0.021759 0.038281
0 0.194444 0.855078 0.050926 0.009635
0 0.968750 0.237630 0.053241 0.009115
0 0.991204 0.197526 0.014815 0.027865
0 0.101157 0.993099 0.040278 0.009635
0 0.995833 0.533203 0.005556 0.011719
