0 0.659028 0.245703 0.118981 0.035677
0 0.536343 0.525651 0.049537 0.085156
0 0.480787 0.285807 0.123611 0.032552
0 0.267824 0.202734 0.058796 0.059115
0 0.559491 0.247005 0.040278 0.074740
0 0.520139 0.904557 0.118981 0.025260
0 0.813657 0.442318 0.104167 0.027865
0 0.126620 0.622005 0.165278 0.017448
0 0.654398 0.295573 0.044907 0.062500
0 0.603009 0.336849 0.053241 0.051302
0 0.341898 0.633724 0.105093 0.025260
0 0.734954 0.778255 0.094907 0.027865
0 0.649769 0.738932 0.044907 0.058594
0 0.899306 0.560807 0.043981 0.056510
0 0.878935 0.890234 0.049537 0.048698
0 0.707639 0.882422 0.040278 0.059115
0 0.638194 0.840495 0.040278 0.058594
0 0.822917 0.225911 0.048611 0.048177
0 0.251620 0.851172 0.081944 0.027865
0 0.797917 0.864193 0.100463 0.022656
0 0.709954 0.819661 0.081944 0.027344
0 0.619676 0.416276 0.095833 0.022656
0 0.735417 0.580078 0.040278 0.053385
0 0.257407 0.664714 0.084259 0.024740
0 0.726157 0.276953 0.040278 0.051302
0 0.961111 0.338151 0.037963 0.053906
0 0.583796 0.615495 0.098148 0.020052
0 0.244676 0.895443 0.086574 0.022656
0 0.786343 0.503516 0.077315 0.025260
0 0.473843 0.470964 0.044907 0.043490
0 0.392361 0.291276 0.039352 0.048698
0 0.267824 0.732031 0.077315 0.023958
0 0.179861 0.166276 0.105093 0.017448
0 0.661343 0.491797 0.077315 0.022656
0 0.133565 0.528255 0.040278 0.043490
0 0.274306 0.296484 0.034722 0.048698
0 0.211111 0.341016 0.075000 0.022135
0 0.371991 0.792318 0.081944 0.019531
0 0.716898 0.693620 0.031019 0.051302
0 0.862731 0.580339 0.026389 0.059115
0 0.858102 0.239193 0.035648 0.043490
0 0.897454 0.595964 0.040278 0.038281
0 0.856481 0.160807 0.069444 0.022135
0 0.932176 0.671224 0.035648 0.042969
0 0.096528 0.327474 0.040278 0.037760
0 0.572917 0.452734 0.067130 0.022656
0 0.080324 0.631120 0.026389 0.056510
0 0.897454 0.717708 0.040278 0.036979
0 0.455324 0.677995 0.072685 0.020052
0 0.125463 0.434505 0.033333 0.043490
0 0.253935 0.248958 0.086574 0.016146
0 0.167130 0.433203 0.024074 0.056510
0 0.594213 0.163672 0.035648 0.038281
0 0.540509 0.362891 0.067130 0.020052
0 0.711806 0.217057 0.067130 0.020052
0 0.790509 0.817318 0.076389 0.017448
0 0.179861 0.582682 0.031019 0.042969
0 0.670602 0.540625 0.031019 0.042188
0 0.950231 0.616146 0.034722 0.036979
0 0.631250 0.524349 0.035648 0.035677
0 0.214583 0.482682 0.035648 0.035677
0 0.573380 0.151953 0.031019 0.040885
0 0.269676 0.701432 0.062500 0.020052
0 0.471528 0.889583 0.077315 0.016146
0 0.471528 0.446224 0.021759 0.056510
0 0.464583 0.236328 0.072685 0.016927
0 0.774306 0.302734 0.034722 0.035156
0 0.177546 0.381120 0.026389 0.046094
0 0.316435 0.696224 0.081944 0.014844
0 0.038657 0.560807 0.026389 0.046094
0 0.790972 0.093750 0.031019 0.039062
0 0.221528 0.642839 0.068056 0.017448
0 0.207639 0.723568 0.031019 0.038281
0 0.376620 0.270443 0.035648 0.033073
0 0.263194 0.472266 0.058796 0.020052
0 0.279398 0.260026 0.035648 0.033073
0 0.925231 0.356380 0.021759 0.053906
0 0.661343 0.914974 0.058796 0.020052
0 0.871528 0.767578 0.099537 0.011719
0 0.221065 0.240495 0.076389 0.014844
0 0.321065 0.752474 0.026389 0.042969
0 0.888194 0.339453 0.021759 0.051302
0 0.385880 0.332943 0.091204 0.012240
0 0.552546 0.306250 0.026389 0.042188
0 0.832639 0.844661 0.031019 0.035677
0 0.647454 0.146745 0.031019 0.035677
0 0.378935 0.177083 0.021759 0.049479
0 0.288657 0.177995 0.026389 0.040885
0 0.802546 0.558203 0.072685 0.014844
0 0.033565 0.530208 0.025463 0.042188
0 0.233102 0.719922 0.026389 0.040365
0 0.221065 0.437109 0.085648 0.012240
0 0.483102 0.703776 0.072685 0.014323
0 0.172917 0.485026 0.072685 0.014323
0 0.249306 0.575130 0.031019 0.033073
0 0.647454 0.450130 0.031019 0.033073
0 0.867361 0.364844 0.054167 0.018750
0 0.899769 0.635026 0.026389 0.038281
0 0.119676 0.632161 0.058796 0.016927
0 0.443287 0.461849 0.020833 0.046094
0 0.138194 0.198828 0.031019 0.030469
0 0.816435 0.280859 0.054167 0.017448
0 0.439120 0.188411 0.031019 0.030469
0 0.580324 0.875911 0.063426 0.014844
0 0.536806 0.648047 0.076389 0.012240
0 0.084954 0.570964 0.026389 0.035156
0 0.598380 0.300651 0.025463 0.035156
0 0.358102 0.444922 0.072685 0.012240
0 0.219213 0.101172 0.072685 0.012240
0 0.800231 0.651953 0.021759 0.040885
0 0.652083 0.529557 0.021759 0.040885
0 0.591898 0.581641 0.058796 0.014844
0 0.818750 0.784766 0.058796 0.014844
0 0.242361 0.142839 0.026389 0.033073
0 0.819907 0.491797 0.070370 0.012240
0 0.080324 0.449870 0.026389 0.032552
0 0.177546 0.215495 0.026389 0.032552
0 0.269676 0.390234 0.025463 0.033073
0 0.240046 0.278255 0.021759 0.038281
0 0.142824 0.809505 0.021759 0.038281
0 0.591435 0.762630 0.067130 0.012240
0 0.578009 0.235937 0.021759 0.036979
0 0.559491 0.597005 0.086574 0.009115
0 0.923611 0.463151 0.064815 0.012240
0 0.348843 0.917578 0.081944 0.009635
0 0.406250 0.494141 0.067130 0.011719
0 0.696065 0.305339 0.017130 0.045573
0 0.466898 0.766536 0.021759 0.035677
0 0.865046 0.474870 0.021759 0.035677
0 0.565972 0.491797 0.062500 0.012240
0 0.469213 0.535807 0.063426 0.011719
0 0.874306 0.792578 0.049537 0.014844
0 0.420602 0.358984 0.058796 0.012240
0 0.117361 0.180599 0.072685 0.009635
0 0.219213 0.610286 0.017130 0.040885
0 0.483102 0.433203 0.017130 0.040885
0 0.135880 0.873307 0.072685 0.009635
0 0.265509 0.178646 0.026389 0.026562
0 0.538657 0.373047 0.072685 0.009115
0 0.624306 0.451432 0.021759 0.030469
0 0.094213 0.291276 0.054167 0.012240
0 0.681713 0.730078 0.043981 0.014844
0 0.432176 0.224609 0.026389 0.024740
0 0.228009 0.573177 0.016204 0.039583
0 0.238889 0.409115 0.075000 0.008333
0 0.061343 0.603516 0.053241 0.011719
0 0.698380 0.366797 0.021759 0.027865
0 0.538657 0.862891 0.061574 0.009635
0 0.332176 0.457943 0.048611 0.012240
0 0.617361 0.649089 0.063426 0.009115
0 0.436343 0.625911 0.016204 0.035677
0 0.580324 0.194922 0.044907 0.012240
0 0.461111 0.339453 0.056481 0.009635
0 0.478009 0.526953 0.053241 0.009635
0 0.506250 0.765625 0.017130 0.028646
0 0.626157 0.669922 0.016204 0.029948
0 0.369676 0.289974 0.049537 0.009635
0 0.533565 0.273047 0.016204 0.027865
0 0.487731 0.718099 0.063426 0.006510
0 0.238194 0.426432 0.034722 0.011719
0 0.008565 0.694531 0.012500 0.013021
