0 0.889352 0.025651 0.218519 0.043490
0 0.341435 0.343359 0.067130 0.074740
0 0.179861 0.661068 0.058796 0.074740
0 0.462269 0.517839 0.058796 0.074740
0 0.455324 0.641536 0.109722 0.035677
0 0.138194 0.808203 0.049537 0.066927
0 0.170602 0.140234 0.114352 0.027865
0 0.832639 0.848568 0.049537 0.059115
0 0.478472 0.571875 0.054167 0.052604
0 0.191435 0.754818 0.100463 0.027865
0 0.334954 0.482682 0.054167 0.051302
0 0.383102 0.516536 0.048611 0.056510
0 0.462269 0.774349 0.049537 0.051302
0 0.152083 0.519141 0.049537 0.051302
0 0.325694 0.185547 0.044907 0.055990
0 0.175231 0.529557 0.040278 0.061719
0 0.073380 0.675391 0.095833 0.025260
0 0.814120 0.683203 0.095833 0.025260
0 0.054861 0.595964 0.040278 0.059115
0 0.869676 0.866146 0.040278 0.057813
0 0.108102 0.857682 0.044907 0.051302
0 0.582639 0.821224 0.049537 0.046094
0 0.858102 0.226172 0.035648 0.059115
0 0.802546 0.542578 0.081944 0.025260
0 0.469213 0.125911 0.081944 0.025260
0 0.061806 0.849870 0.044907 0.046094
0 0.020139 0.868099 0.035648 0.056510
0 0.052546 0.219661 0.035648 0.056510
0 0.284028 0.787109 0.035648 0.055990
0 0.922917 0.327734 0.044907 0.043490
0 0.216898 0.582682 0.114352 0.016927
0 0.660185 0.761328 0.075000 0.025260
0 0.564120 0.636328 0.040278 0.046094
0 0.117361 0.503516 0.044907 0.040885
0 0.233102 0.185807 0.044907 0.040885
0 0.362731 0.706641 0.091204 0.020052
0 0.744676 0.757422 0.040278 0.043490
0 0.392824 0.661068 0.077315 0.022656
0 0.104630 0.516536 0.037963 0.046094
0 0.392824 0.881120 0.086574 0.020052
0 0.267361 0.875911 0.030093 0.056510
0 0.282407 0.340755 0.097222 0.017448
0 0.135880 0.881771 0.035648 0.047396
0 0.749306 0.658464 0.031019 0.053906
0 0.890509 0.539974 0.081944 0.020052
0 0.125463 0.567318 0.093519 0.017448
0 0.300231 0.740495 0.031019 0.051302
0 0.693750 0.358984 0.068056 0.022656
0 0.809491 0.452734 0.068056 0.022656
0 0.448380 0.848568 0.086574 0.017448
0 0.878935 0.293620 0.031019 0.048177
0 0.450694 0.534766 0.035648 0.040885
0 0.209954 0.480078 0.072685 0.020052
0 0.756250 0.813672 0.035648 0.040365
0 0.457639 0.706641 0.031019 0.046094
0 0.617361 0.653255 0.081944 0.017448
0 0.272454 0.826432 0.031019 0.046094
0 0.559491 0.667578 0.031019 0.046094
0 0.495833 0.598307 0.024074 0.058594
0 0.198380 0.666276 0.021759 0.064323
0 0.633565 0.371745 0.021759 0.063802
0 0.100694 0.183203 0.030093 0.046094
0 0.881250 0.782552 0.026389 0.052083
0 0.684491 0.140234 0.077315 0.017448
0 0.408565 0.832943 0.034722 0.038281
0 0.163657 0.717708 0.035648 0.036979
0 0.337269 0.912370 0.086574 0.014844
0 0.839583 0.818620 0.063426 0.020052
0 0.934491 0.644792 0.021759 0.057813
0 0.149769 0.616146 0.026389 0.047396
0 0.760417 0.864193 0.071759 0.017448
0 0.216898 0.789714 0.031019 0.040365
0 0.409028 0.518490 0.091204 0.013542
0 0.566435 0.719401 0.063426 0.019531
0 0.223843 0.516536 0.026389 0.046094
0 0.361111 0.576432 0.060185 0.020052
0 0.286343 0.145443 0.068056 0.017448
0 0.503935 0.895443 0.031019 0.038281
0 0.241898 0.706641 0.025463 0.046094
0 0.543287 0.530859 0.026389 0.043490
0 0.477315 0.504167 0.024074 0.047396
0 0.659028 0.866536 0.026389 0.042969
0 0.064120 0.727474 0.021759 0.051302
0 0.198380 0.454036 0.031019 0.035677
0 0.501620 0.799089 0.063426 0.017448
0 0.101157 0.138672 0.031019 0.035156
0 0.950694 0.396745 0.026389 0.040885
0 0.154398 0.487891 0.072685 0.014844
0 0.365046 0.676693 0.021759 0.048698
0 0.230787 0.171484 0.058796 0.017448
0 0.411343 0.183203 0.068056 0.014844
0 0.520139 0.655859 0.026389 0.038281
0 0.353472 0.594010 0.072685 0.013542
0 0.424074 0.558203 0.065741 0.014844
0 0.374306 0.856380 0.077315 0.012240
0 0.432176 0.491797 0.054167 0.017448
0 0.402083 0.821224 0.031019 0.030469
0 0.670139 0.108984 0.076389 0.012240
0 0.435648 0.862891 0.061111 0.014844
0 0.344213 0.374609 0.072685 0.012240
0 0.084491 0.614193 0.016204 0.053906
0 0.575231 0.552344 0.025463 0.034375
0 0.739583 0.472266 0.020833 0.040885
0 0.040972 0.809505 0.068056 0.012240
0 0.253935 0.830339 0.021759 0.038281
0 0.936806 0.467057 0.017130 0.046094
0 0.964120 0.336849 0.025463 0.030469
0 0.616898 0.319922 0.062500 0.012240
0 0.186806 0.738932 0.063426 0.011719
0 0.128935 0.258724 0.049537 0.014844
0 0.066435 0.267839 0.026389 0.027865
0 0.917130 0.709245 0.024074 0.030469
0 0.233102 0.141536 0.017130 0.040885
0 0.265509 0.670182 0.072685 0.009635
0 0.580324 0.118099 0.072685 0.009635
0 0.561806 0.927734 0.072685 0.009115
0 0.182176 0.914974 0.044907 0.014844
0 0.446065 0.735286 0.044907 0.014844
0 0.572222 0.472266 0.068519 0.009635
0 0.179861 0.318359 0.021759 0.029948
0 0.744676 0.880469 0.077315 0.008333
0 0.329861 0.760026 0.016204 0.038281
0 0.392824 0.425781 0.021759 0.028646
0 0.274769 0.521745 0.063426 0.009635
0 0.311806 0.498307 0.063426 0.009635
0 0.293287 0.396745 0.017130 0.035677
0 0.802546 0.823828 0.017130 0.035677
0 0.814120 0.801693 0.049537 0.012240
0 0.844213 0.621745 0.017130 0.032552
0 0.406713 0.245443 0.058796 0.009115
0 0.822917 0.555339 0.057870 0.009115
0 0.223843 0.302995 0.054167 0.009635
0 0.161343 0.314714 0.012500 0.038281
0 0.646296 0.202474 0.065741 0.006510
0 0.235417 0.213151 0.058796 0.007031
0 0.376157 0.161719 0.016204 0.023958
