0 0.121991 0.967708 0.239352 0.063021
0 0.084954 0.982682 0.165278 0.030469
0 0.773611 0.424740 0.125926 0.039583
0 0.492361 0.735286 0.137500 0.030469
0 0.258565 0.756120 0.105093 0.035677
0 0.811806 0.590755 0.054167 0.059115
0 0.091898 0.745703 0.105093 0.030469
0 0.793287 0.133724 0.054167 0.056510
0 0.246991 0.262630 0.109722 0.027865
0 0.061806 0.610026 0.054167 0.050781
0 0.703009 0.749609 0.095833 0.027865
0 0.448380 0.213151 0.095833 0.027865
0 0.596065 0.364193 0.094907 0.027865
0 0.864583 0.526953 0.039352 0.066927
0 0.828009 0.094661 0.095833 0.025260
0 0.071065 0.481120 0.044907 0.053385
0 0.689120 0.843359 0.040278 0.059115
0 0.279398 0.615495 0.091204 0.025260
0 0.476157 0.075781 0.095833 0.023958
0 0.522454 0.555599 0.086574 0.025260
0 0.716898 0.477214 0.086574 0.024740
0 0.932176 0.592708 0.044907 0.047396
0 0.123148 0.784766 0.084259 0.025260
0 0.432176 0.289974 0.044907 0.046094
0 0.348843 0.671484 0.091204 0.022656
0 0.920602 0.417578 0.040278 0.051302
0 0.429398 0.331250 0.039352 0.052083
0 0.121528 0.894141 0.081019 0.025260
0 0.249306 0.286068 0.086574 0.022656
0 0.277083 0.088151 0.086574 0.022656
0 0.483102 0.523047 0.044907 0.043490
0 0.029398 0.301693 0.044907 0.043490
0 0.295602 0.519141 0.095833 0.020052
0 0.276620 0.443620 0.030093 0.061719
0 0.515509 0.801693 0.100463 0.017448
0 0.293287 0.838151 0.100463 0.017448
0 0.844213 0.499609 0.035648 0.048698
0 0.230787 0.834245 0.086574 0.020052
0 0.870833 0.343359 0.098148 0.017448
0 0.550231 0.087891 0.077315 0.022135
0 0.286343 0.653255 0.095833 0.017448
0 0.279398 0.812109 0.072685 0.022656
0 0.788657 0.547786 0.035648 0.046094
0 0.040972 0.365495 0.031019 0.051302
0 0.374306 0.230078 0.031019 0.051302
0 0.214583 0.152995 0.091204 0.016927
0 0.462269 0.145443 0.068056 0.022656
0 0.915972 0.486589 0.040278 0.038281
0 0.309491 0.142578 0.040278 0.037760
0 0.068750 0.761068 0.077315 0.019531
0 0.797917 0.696615 0.035648 0.041667
0 0.377315 0.374609 0.083333 0.017448
0 0.130787 0.538672 0.081019 0.017448
0 0.172917 0.486328 0.081944 0.016927
0 0.200694 0.347266 0.026389 0.051302
0 0.610417 0.577734 0.077315 0.017448
0 0.567593 0.144141 0.065741 0.020052
0 0.309491 0.708594 0.095833 0.013542
0 0.300231 0.403255 0.021759 0.059115
0 0.751620 0.273047 0.026389 0.048698
0 0.508565 0.839453 0.086574 0.014844
0 0.135880 0.168620 0.026389 0.048177
0 0.429861 0.472266 0.031019 0.040885
0 0.478472 0.635026 0.072685 0.017448
0 0.200694 0.567318 0.072685 0.017448
0 0.584954 0.095964 0.072685 0.017448
0 0.203009 0.614844 0.031019 0.039583
0 0.177546 0.438411 0.026389 0.046094
0 0.671759 0.459245 0.079630 0.014844
0 0.341898 0.792578 0.058796 0.020052
0 0.140509 0.888672 0.081944 0.014323
0 0.596065 0.425391 0.057870 0.020052
0 0.437963 0.866797 0.065741 0.017448
0 0.619676 0.211849 0.021759 0.051302
0 0.709491 0.504818 0.090278 0.012240
0 0.600000 0.504818 0.028704 0.038281
0 0.274769 0.670182 0.072685 0.014844
0 0.936806 0.696224 0.026389 0.040885
0 0.436806 0.625911 0.026389 0.040885
0 0.513194 0.473568 0.021759 0.048698
0 0.633565 0.205078 0.021759 0.048177
0 0.624306 0.401302 0.077315 0.013542
0 0.393981 0.336849 0.033333 0.030469
0 0.411343 0.698828 0.068056 0.014844
0 0.911343 0.513932 0.021759 0.046094
0 0.466435 0.571224 0.067130 0.014844
0 0.200694 0.380469 0.072685 0.013542
0 0.513194 0.584896 0.031019 0.031771
0 0.664352 0.788672 0.055556 0.017448
0 0.802083 0.796224 0.025463 0.037760
0 0.772454 0.345964 0.021759 0.043490
0 0.226157 0.235286 0.031019 0.030469
0 0.142824 0.820964 0.031019 0.029948
0 0.371528 0.551693 0.053241 0.017448
0 0.323380 0.384375 0.021759 0.042188
0 0.882407 0.113932 0.075000 0.011719
0 0.221528 0.682943 0.021759 0.040365
0 0.260880 0.632422 0.026389 0.033073
0 0.078009 0.300391 0.058796 0.014844
0 0.760880 0.780859 0.026389 0.033073
0 0.654398 0.489193 0.026389 0.033073
0 0.549074 0.405599 0.019444 0.042969
0 0.684491 0.648047 0.021759 0.038281
0 0.323380 0.223568 0.021759 0.038281
0 0.686806 0.083333 0.063426 0.013021
0 0.244213 0.400651 0.020833 0.038281
0 0.170139 0.822526 0.020833 0.038281
0 0.253935 0.120052 0.058796 0.013542
0 0.390509 0.836849 0.081944 0.009635
0 0.621991 0.537370 0.017130 0.046094
0 0.154398 0.336849 0.017130 0.046094
0 0.839120 0.071224 0.053241 0.014844
0 0.034028 0.422526 0.026389 0.029948
0 0.265509 0.872005 0.063426 0.012240
0 0.652083 0.198828 0.021759 0.035677
0 0.093750 0.506120 0.025463 0.030469
0 0.480787 0.128255 0.021759 0.035156
0 0.480787 0.344661 0.077315 0.009635
0 0.396991 0.362891 0.076389 0.009635
0 0.619676 0.459245 0.049537 0.014844
0 0.208796 0.816016 0.024074 0.030469
0 0.061343 0.727474 0.071759 0.009635
0 0.347685 0.548438 0.061111 0.010937
0 0.390509 0.852214 0.072685 0.009115
0 0.358102 0.399349 0.026389 0.025260
0 0.684491 0.318620 0.068056 0.009635
0 0.603472 0.344661 0.017130 0.035677
0 0.593750 0.797786 0.062500 0.009635
0 0.068750 0.779557 0.058796 0.009635
0 0.409028 0.202474 0.044907 0.011719
0 0.705324 0.185807 0.054167 0.009635
0 0.422454 0.399349 0.053241 0.009635
0 0.751157 0.391536 0.053241 0.009635
0 0.075694 0.822917 0.017130 0.028646
0 0.614583 0.322526 0.011574 0.038281
0 0.818287 0.701432 0.011574 0.035677
0 0.809491 0.882422 0.058796 0.007031
0 0.258102 0.250651 0.011574 0.035156
0 0.056713 0.464453 0.016204 0.025260
0 0.311343 0.465495 0.016204 0.022135
0 0.068287 0.683203 0.011574 0.030469
0 0.762731 0.654557 0.011574 0.025260
0 0.105787 0.996354 0.049537 0.005729
0 0.015509 0.651693 0.026389 0.009115
0 0.552546 0.023047 0.026389 0.007031
