0 0.182176 0.576432 0.072685 0.066927
0 0.753935 0.321224 0.132870 0.035677
0 0.264352 0.291276 0.061111 0.074740
0 0.127778 0.673438 0.121296 0.036979
0 0.657870 0.371354 0.107407 0.036979
0 0.469213 0.397396 0.054167 0.063021
0 0.522454 0.342057 0.058796 0.056510
0 0.200694 0.697526 0.118981 0.027865
0 0.265509 0.803385 0.054167 0.057292
0 0.624306 0.467057 0.049537 0.061719
0 0.178704 0.432552 0.102778 0.029167
0 0.091898 0.130859 0.095833 0.029948
0 0.244676 0.790365 0.049537 0.057292
0 0.823380 0.201432 0.049537 0.056510
0 0.189120 0.240234 0.086574 0.029948
0 0.841898 0.232682 0.049537 0.051302
0 0.765046 0.288672 0.090278 0.027865
0 0.121991 0.848307 0.044907 0.053385
0 0.242361 0.409766 0.035648 0.066927
0 0.721528 0.171484 0.105093 0.022656
0 0.068750 0.556901 0.040278 0.059115
0 0.135880 0.534766 0.044907 0.051302
0 0.936806 0.582943 0.044907 0.048698
0 0.115046 0.701432 0.086574 0.025260
0 0.654398 0.150651 0.035648 0.053906
0 0.065278 0.866797 0.042593 0.043490
0 0.760880 0.243099 0.072685 0.025260
0 0.612269 0.253906 0.043981 0.041667
0 0.103472 0.409766 0.091204 0.020052
0 0.691435 0.495703 0.035648 0.051302
0 0.670602 0.189714 0.077315 0.022656
0 0.082639 0.791276 0.040278 0.043490
0 0.118519 0.750911 0.037963 0.046094
0 0.837269 0.115495 0.086574 0.020052
0 0.235417 0.136328 0.086574 0.020052
0 0.145139 0.296484 0.035648 0.048698
0 0.193750 0.120703 0.086574 0.020052
0 0.822917 0.327734 0.039352 0.043490
0 0.214583 0.858984 0.026389 0.064323
0 0.888194 0.253516 0.040278 0.040885
0 0.306713 0.295182 0.034722 0.046094
0 0.096528 0.532161 0.031019 0.051302
0 0.718056 0.314714 0.070370 0.022656
0 0.795602 0.447526 0.021759 0.069531
0 0.115046 0.595964 0.031019 0.048698
0 0.529398 0.219661 0.026389 0.056510
0 0.325231 0.891536 0.071759 0.020052
0 0.572917 0.516536 0.094907 0.014844
0 0.857639 0.267839 0.025463 0.053906
0 0.746991 0.192318 0.035648 0.038281
0 0.131250 0.421484 0.035648 0.038281
0 0.772454 0.142839 0.031019 0.043490
0 0.138194 0.646484 0.068056 0.019531
0 0.655556 0.242448 0.037963 0.034375
0 0.149769 0.726172 0.026389 0.048698
0 0.177546 0.222266 0.063426 0.020052
0 0.052546 0.214453 0.035648 0.035677
0 0.700694 0.107682 0.035648 0.035677
0 0.091898 0.467057 0.031019 0.040885
0 0.201852 0.154557 0.084259 0.014844
0 0.221528 0.232422 0.031019 0.040365
0 0.804861 0.240495 0.021759 0.056510
0 0.115046 0.513932 0.021759 0.056510
0 0.295139 0.175391 0.030093 0.040885
0 0.737731 0.427995 0.081944 0.014844
0 0.751620 0.219661 0.081944 0.014844
0 0.709954 0.300391 0.081944 0.014844
0 0.615046 0.198828 0.058796 0.020052
0 0.293287 0.424089 0.035648 0.033073
0 0.749306 0.386328 0.077315 0.014844
0 0.066435 0.830339 0.026389 0.043490
0 0.552083 0.163672 0.034722 0.033073
0 0.703009 0.209896 0.031019 0.036979
0 0.089120 0.835286 0.034722 0.032552
0 0.196065 0.684505 0.091204 0.012240
0 0.096528 0.370703 0.021759 0.051302
0 0.282870 0.881120 0.024074 0.046094
0 0.321065 0.595964 0.063426 0.017448
0 0.193287 0.849870 0.020833 0.051302
0 0.580324 0.317057 0.063426 0.016927
0 0.485417 0.238542 0.021759 0.047396
0 0.198380 0.770443 0.031019 0.033073
0 0.772454 0.271745 0.068056 0.014844
0 0.837269 0.105078 0.068056 0.014844
0 0.233102 0.754818 0.026389 0.038281
0 0.491204 0.156901 0.070370 0.014323
0 0.304861 0.214453 0.021759 0.046094
0 0.483102 0.129818 0.081944 0.012240
0 0.860417 0.487891 0.021759 0.046094
0 0.277083 0.728516 0.058796 0.016927
0 0.053704 0.675391 0.065741 0.014844
0 0.535880 0.405208 0.030093 0.031771
0 0.920602 0.510026 0.021759 0.043490
0 0.091898 0.270443 0.021759 0.043490
0 0.216898 0.754818 0.021759 0.043490
0 0.087269 0.486589 0.021759 0.043490
0 0.233102 0.122005 0.054167 0.017448
0 0.050231 0.797786 0.031019 0.030469
0 0.760880 0.355078 0.026389 0.035677
0 0.140509 0.211849 0.026389 0.035677
0 0.255787 0.236589 0.053241 0.017448
0 0.068750 0.915625 0.021759 0.042188
0 0.485417 0.558203 0.021759 0.040885
0 0.929861 0.292578 0.021759 0.040885
0 0.911343 0.281250 0.031019 0.028646
0 0.156713 0.344661 0.058796 0.014844
0 0.655556 0.326172 0.028704 0.029948
0 0.165972 0.517839 0.021759 0.038281
0 0.362269 0.858724 0.025463 0.032552
0 0.346528 0.332292 0.021759 0.036979
0 0.297917 0.837500 0.072685 0.010937
0 0.061806 0.282161 0.017130 0.046094
0 0.061806 0.713151 0.063426 0.012240
0 0.858102 0.306901 0.017130 0.043490
0 0.892361 0.490234 0.020833 0.035156
0 0.264352 0.161068 0.014815 0.048698
0 0.175231 0.890234 0.021759 0.033073
0 0.946065 0.448828 0.017130 0.040885
0 0.181713 0.455078 0.025463 0.027344
0 0.604630 0.291276 0.056481 0.012240
0 0.200694 0.795182 0.026389 0.025260
0 0.881250 0.128255 0.026389 0.024740
0 0.160880 0.378516 0.067130 0.009635
0 0.534028 0.129557 0.017130 0.037760
0 0.944907 0.338151 0.014815 0.043490
0 0.584491 0.215755 0.016204 0.038281
0 0.552546 0.224870 0.017130 0.035677
0 0.723843 0.112891 0.017130 0.035677
0 0.811806 0.159766 0.063426 0.009635
0 0.727315 0.248307 0.024074 0.025260
0 0.307176 0.115234 0.017130 0.035156
0 0.955324 0.250651 0.017130 0.035156
0 0.344213 0.141276 0.063426 0.009115
0 0.265046 0.487630 0.016204 0.035156
0 0.936806 0.228516 0.017130 0.032552
0 0.626157 0.273047 0.043981 0.012240
0 0.566435 0.263281 0.063426 0.008333
0 0.126620 0.552734 0.017130 0.029948
0 0.649306 0.304297 0.016204 0.027865
0 0.626157 0.158203 0.016204 0.027344
0 0.047454 0.474870 0.016204 0.020052
0 0.123843 0.914974 0.030093 0.009635
