0 0.101157 0.756771 0.151389 0.047396
0 0.406713 0.403255 0.142130 0.043490
0 0.321065 0.170182 0.063426 0.087760
0 0.531250 0.607682 0.131944 0.035677
0 0.661343 0.137630 0.132870 0.027865
0 0.339583 0.872005 0.044907 0.079948
0 0.898611 0.482682 0.061111 0.056510
0 0.679861 0.536068 0.105093 0.027865
0 0.215278 0.405208 0.055556 0.052604
0 0.679861 0.206380 0.040278 0.071615
0 0.117361 0.235286 0.054167 0.051302
0 0.284028 0.585547 0.091204 0.027865
0 0.578009 0.314714 0.049537 0.048698
0 0.469213 0.427344 0.100463 0.023958
0 0.740046 0.653255 0.105093 0.022656
0 0.559491 0.168229 0.086574 0.026562
0 0.064120 0.698828 0.049537 0.046094
0 0.777083 0.317969 0.049537 0.044792
0 0.179861 0.243099 0.086574 0.025260
0 0.825694 0.364193 0.044907 0.048698
0 0.484954 0.578385 0.048611 0.044792
0 0.534028 0.461849 0.044907 0.046094
0 0.909028 0.450781 0.146759 0.013542
0 0.550231 0.533464 0.086574 0.022656
0 0.230787 0.883724 0.077315 0.025260
0 0.569444 0.550391 0.097222 0.020052
0 0.267361 0.413672 0.085648 0.022656
0 0.652083 0.612891 0.095833 0.020052
0 0.698380 0.360286 0.123611 0.014844
0 0.527083 0.715755 0.105093 0.017448
0 0.131250 0.360286 0.044907 0.040885
0 0.135880 0.662370 0.044907 0.040885
0 0.871991 0.521745 0.072685 0.025260
0 0.825231 0.886068 0.043981 0.040365
0 0.929861 0.787370 0.031019 0.056510
0 0.590741 0.573177 0.093519 0.018750
0 0.681713 0.765234 0.099537 0.017448
0 0.191435 0.674089 0.035648 0.048698
0 0.084954 0.188411 0.081944 0.020052
0 0.774769 0.524349 0.081944 0.020052
0 0.047917 0.480078 0.035648 0.046094
0 0.436806 0.349870 0.109722 0.014844
0 0.443287 0.809505 0.030093 0.053906
0 0.635417 0.891536 0.034722 0.046094
0 0.784028 0.822526 0.091204 0.017448
0 0.628935 0.862891 0.077315 0.020052
0 0.605787 0.522786 0.040278 0.037760
0 0.438657 0.689714 0.039352 0.038281
0 0.715278 0.791276 0.064815 0.022656
0 0.261574 0.247656 0.037037 0.039583
0 0.158565 0.276953 0.071759 0.020052
0 0.578009 0.800391 0.031019 0.046094
0 0.596528 0.447526 0.114352 0.012240
0 0.580324 0.493750 0.026389 0.052604
0 0.182176 0.814714 0.035648 0.038281
0 0.413657 0.711849 0.091204 0.014844
0 0.235417 0.778255 0.031019 0.043490
0 0.503935 0.300391 0.021759 0.061719
0 0.674769 0.141536 0.067130 0.020052
0 0.098843 0.845703 0.035648 0.037760
0 0.699074 0.204036 0.032407 0.040885
0 0.799074 0.162370 0.065741 0.020052
0 0.544444 0.588151 0.075000 0.017448
0 0.190278 0.726562 0.033333 0.039062
0 0.494676 0.651953 0.086574 0.014844
0 0.121991 0.398047 0.072685 0.017448
0 0.501620 0.858984 0.072685 0.017448
0 0.170602 0.500911 0.021759 0.056510
0 0.527083 0.250911 0.021759 0.056510
0 0.654398 0.698568 0.026389 0.045573
0 0.417824 0.901953 0.081019 0.014844
0 0.800231 0.418880 0.068056 0.017448
0 0.307176 0.668880 0.035648 0.033073
0 0.295602 0.622005 0.021759 0.053906
0 0.453009 0.217057 0.058796 0.020052
0 0.223380 0.432552 0.062500 0.018750
0 0.392361 0.444922 0.094907 0.012240
0 0.355324 0.258073 0.085648 0.013542
0 0.709954 0.197266 0.035648 0.032552
0 0.848843 0.424089 0.026389 0.043490
0 0.420602 0.836849 0.021759 0.051302
0 0.721528 0.490495 0.021759 0.051302
0 0.741204 0.746745 0.065741 0.016927
0 0.042824 0.377214 0.025463 0.043490
0 0.075694 0.839453 0.026389 0.040885
0 0.089583 0.351172 0.026389 0.038281
0 0.170139 0.864193 0.057870 0.017448
0 0.471065 0.513932 0.067130 0.014844
0 0.031713 0.731120 0.058796 0.016927
0 0.781250 0.241797 0.030093 0.033073
0 0.376620 0.387370 0.081944 0.011719
0 0.170602 0.661068 0.021759 0.043490
0 0.730787 0.138932 0.031019 0.030469
0 0.242361 0.141536 0.063426 0.014844
0 0.376620 0.740495 0.026389 0.035677
0 0.226157 0.697266 0.021759 0.042969
0 0.295139 0.554297 0.076389 0.012240
0 0.408565 0.124349 0.053241 0.016927
0 0.645139 0.538672 0.072685 0.012240
0 0.888194 0.279557 0.021759 0.040885
0 0.587269 0.248047 0.021759 0.040365
0 0.469213 0.992448 0.063426 0.013542
0 0.170139 0.456641 0.057870 0.014844
0 0.469213 0.231120 0.026389 0.032552
0 0.418287 0.460286 0.072685 0.011719
0 0.705324 0.869401 0.017130 0.048698
0 0.538657 0.288021 0.026389 0.031771
0 0.439120 0.725911 0.049537 0.016927
0 0.642824 0.598568 0.068056 0.012240
0 0.027083 0.265234 0.021759 0.038281
0 0.753935 0.288672 0.021759 0.038281
0 0.267361 0.086589 0.057870 0.014323
0 0.351157 0.832292 0.021759 0.036979
0 0.617361 0.172786 0.054167 0.014844
0 0.080324 0.177995 0.026389 0.030469
0 0.202546 0.577734 0.020833 0.038281
0 0.409028 0.144141 0.081944 0.009635
0 0.797454 0.258724 0.053241 0.014844
0 0.422454 0.368099 0.081019 0.009635
0 0.737269 0.806901 0.062500 0.012240
0 0.297454 0.287370 0.016204 0.046094
0 0.145139 0.182943 0.081944 0.009115
0 0.920602 0.286719 0.021759 0.034375
0 0.094213 0.634766 0.017130 0.042969
0 0.209954 0.687109 0.026389 0.027865
0 0.355324 0.769792 0.020833 0.034375
0 0.820602 0.523047 0.016204 0.043490
0 0.496528 0.638932 0.071759 0.009635
0 0.792130 0.791927 0.014815 0.044792
0 0.788657 0.222266 0.026389 0.025260
0 0.832639 0.487891 0.021759 0.030469
0 0.552546 0.713151 0.054167 0.012240
0 0.598843 0.148047 0.054167 0.012240
0 0.392824 0.172786 0.068056 0.009635
0 0.353472 0.892578 0.017130 0.037760
0 0.400926 0.550391 0.065741 0.009635
0 0.625000 0.098568 0.050926 0.012240
0 0.621991 0.800391 0.063426 0.009635
0 0.802546 0.443620 0.017130 0.035677
0 0.656713 0.226172 0.021759 0.027865
0 0.221065 0.340755 0.048611 0.012240
0 0.733102 0.226823 0.017130 0.034375
0 0.811806 0.283464 0.017130 0.033073
0 0.904398 0.564714 0.017130 0.033073
0 0.043287 0.687109 0.044907 0.012240
0 0.117361 0.323568 0.017130 0.029948
0 0.047917 0.208984 0.017130 0.029948
0 0.209954 0.728776 0.017130 0.027865
0 0.663657 0.657161 0.017130 0.025260
0 0.545602 0.826432 0.040278 0.009635
0 0.667824 0.567318 0.053241 0.007031
0 0.299769 0.248307 0.011574 0.030469
