0 0.513194 0.709245 0.179167 0.046094
0 0.100000 0.982031 0.195370 0.034375
0 0.649769 0.481380 0.128241 0.038281
0 0.396991 0.552995 0.113426 0.035677
0 0.691435 0.569661 0.063426 0.058594
0 0.816898 0.339453 0.053241 0.066927
0 0.464120 0.325130 0.118056 0.027865
0 0.853472 0.137630 0.128241 0.022656
0 0.848843 0.755469 0.146759 0.018750
0 0.496991 0.354818 0.109722 0.024740
0 0.425231 0.240495 0.132870 0.020052
0 0.427546 0.132422 0.091204 0.027865
0 0.964583 0.664062 0.035648 0.070312
0 0.705324 0.684505 0.109722 0.022656
0 0.503935 0.398438 0.049537 0.049479
0 0.875463 0.374349 0.088889 0.027344
0 0.744676 0.382161 0.086574 0.027344
0 0.534028 0.823828 0.044907 0.051302
0 0.767361 0.724870 0.048611 0.046094
0 0.696065 0.732682 0.035648 0.061719
0 0.714583 0.796484 0.044907 0.048698
0 0.772454 0.766536 0.086574 0.025260
0 0.119676 0.829036 0.086574 0.025260
0 0.147454 0.183203 0.105093 0.020052
0 0.950694 0.631120 0.044907 0.046094
0 0.557176 0.700130 0.091204 0.022656
0 0.897454 0.172526 0.031019 0.066406
0 0.207176 0.789714 0.141204 0.014323
0 0.812963 0.866536 0.047222 0.042969
0 0.135880 0.437500 0.044907 0.044271
0 0.860417 0.525651 0.040278 0.048698
0 0.138194 0.207943 0.040278 0.048698
0 0.675231 0.840755 0.040278 0.048698
0 0.309491 0.825130 0.086574 0.022656
0 0.219213 0.819922 0.044907 0.043490
0 0.485417 0.888932 0.095833 0.020052
0 0.707639 0.240495 0.031019 0.061719
0 0.934491 0.469401 0.077315 0.024740
0 0.492361 0.777604 0.044907 0.042188
0 0.665278 0.489193 0.106481 0.017448
0 0.501620 0.622005 0.081944 0.022656
0 0.829167 0.720964 0.042593 0.043490
0 0.871528 0.650651 0.081019 0.022656
0 0.621991 0.550391 0.072685 0.025260
0 0.792824 0.758724 0.090278 0.020052
0 0.777083 0.084245 0.031019 0.056510
0 0.953009 0.845964 0.077315 0.022656
0 0.510880 0.763281 0.072685 0.023958
0 0.184491 0.410807 0.077315 0.022135
0 0.925231 0.176042 0.040278 0.042188
0 0.179861 0.828776 0.086574 0.019531
0 0.146296 0.304036 0.028704 0.058594
0 0.071065 0.189714 0.072685 0.022656
0 0.802083 0.626953 0.071759 0.022135
0 0.601157 0.612891 0.105093 0.014844
0 0.392824 0.151953 0.077315 0.020052
0 0.145139 0.879818 0.035648 0.043490
0 0.740046 0.451432 0.077315 0.020052
0 0.272454 0.857682 0.077315 0.020052
0 0.216898 0.111589 0.068056 0.022656
0 0.591435 0.282161 0.076389 0.020052
0 0.391667 0.167578 0.102778 0.014844
0 0.502778 0.174089 0.065741 0.022656
0 0.164352 0.855078 0.074074 0.020052
0 0.473843 0.159766 0.072685 0.020052
0 0.839583 0.683203 0.035648 0.040885
0 0.867361 0.357422 0.035648 0.040365
0 0.785880 0.388281 0.076389 0.018750
0 0.665972 0.159766 0.031019 0.046094
0 0.770139 0.858984 0.081944 0.017448
0 0.612731 0.223568 0.081944 0.017448
0 0.119676 0.839453 0.095833 0.014844
0 0.833796 0.390625 0.075000 0.018229
0 0.790972 0.430599 0.068056 0.020052
0 0.427546 0.613542 0.063426 0.021354
0 0.279398 0.252214 0.109722 0.012240
0 0.699537 0.305859 0.033333 0.040365
0 0.105324 0.123307 0.067130 0.020052
0 0.083333 0.763281 0.097222 0.013542
0 0.661343 0.909766 0.086574 0.014844
0 0.932176 0.293880 0.026389 0.048698
0 0.640509 0.289974 0.035648 0.035677
0 0.427546 0.836589 0.035648 0.035156
0 0.775926 0.674089 0.028704 0.043490
0 0.450231 0.860286 0.034722 0.035677
0 0.853472 0.478776 0.100463 0.012240
0 0.598843 0.163672 0.100463 0.012240
0 0.689120 0.792578 0.021759 0.056510
0 0.547917 0.181641 0.072685 0.016927
0 0.406713 0.773698 0.031019 0.039583
0 0.833796 0.644141 0.061111 0.020052
0 0.159028 0.753516 0.081944 0.014844
0 0.453009 0.184505 0.095833 0.012240
0 0.119676 0.795182 0.058796 0.020052
0 0.540972 0.269141 0.058796 0.020052
0 0.950694 0.226172 0.026389 0.043490
0 0.628935 0.532161 0.077315 0.014844
0 0.286343 0.870703 0.077315 0.014844
0 0.422454 0.874609 0.034722 0.033073
0 0.862731 0.835286 0.026389 0.042969
0 0.739583 0.183203 0.076389 0.014844
0 0.584491 0.153255 0.090278 0.012240
0 0.897454 0.711589 0.021759 0.050781
0 0.263889 0.150651 0.060185 0.017448
0 0.765509 0.482422 0.072685 0.014323
0 0.536343 0.877214 0.031019 0.033073
0 0.656713 0.658464 0.058796 0.017448
0 0.506250 0.369401 0.026389 0.038281
0 0.084954 0.158464 0.081944 0.012240
0 0.936806 0.874349 0.026389 0.037760
0 0.142824 0.245443 0.021759 0.045573
0 0.854630 0.465755 0.056481 0.017448
0 0.532407 0.197526 0.078704 0.012240
0 0.934491 0.241797 0.021759 0.043490
0 0.087269 0.866797 0.077315 0.012240
0 0.214583 0.300391 0.026389 0.035677
0 0.626620 0.316016 0.063426 0.014844
0 0.869676 0.179036 0.021759 0.042969
0 0.228009 0.214453 0.062500 0.014844
0 0.853009 0.120703 0.025463 0.035677
0 0.186806 0.174089 0.072685 0.012240
0 0.265509 0.137630 0.072685 0.012240
0 0.638194 0.709245 0.021759 0.040885
0 0.621991 0.411068 0.072685 0.012240
0 0.436806 0.209245 0.091204 0.009635
0 0.510880 0.124609 0.026389 0.033073
0 0.290509 0.742188 0.030093 0.028646
0 0.329861 0.732682 0.016204 0.051302
0 0.832639 0.447526 0.021759 0.038281
0 0.346528 0.205339 0.068056 0.012240
0 0.119676 0.223568 0.021759 0.038281
0 0.360417 0.843359 0.068056 0.012240
0 0.275926 0.692318 0.065741 0.012240
0 0.478472 0.146745 0.054167 0.014844
0 0.659028 0.494401 0.063426 0.012240
0 0.082639 0.399349 0.021759 0.035677
0 0.565972 0.822526 0.062500 0.012240
0 0.630787 0.335547 0.062500 0.012240
0 0.814120 0.331380 0.021759 0.035156
0 0.568750 0.373307 0.049537 0.014844
0 0.476157 0.338151 0.058796 0.012240
0 0.464583 0.404557 0.017130 0.040885
0 0.934028 0.697526 0.020833 0.033073
0 0.406019 0.636328 0.069444 0.009635
0 0.924074 0.220964 0.019444 0.033073
0 0.946065 0.815755 0.044907 0.014323
0 0.443287 0.831641 0.020833 0.030469
0 0.094907 0.810807 0.064815 0.009635
0 0.915972 0.317318 0.021759 0.027865
0 0.255093 0.237630 0.061111 0.009115
0 0.084954 0.580078 0.017130 0.032552
0 0.619676 0.659505 0.058796 0.009115
0 0.378935 0.788672 0.021759 0.022656
0 0.542824 0.437500 0.016204 0.028646
0 0.971528 0.297786 0.012500 0.035677
0 0.758102 0.431250 0.020833 0.021354
0 0.723843 0.450130 0.035648 0.012240
0 0.311806 0.883724 0.044907 0.009635
0 0.559028 0.342057 0.011574 0.035677
0 0.156713 0.382422 0.058796 0.007031
0 0.083333 0.210286 0.060185 0.006510
0 0.323380 0.860026 0.040278 0.009115
0 0.751157 0.806901 0.016204 0.022656
0 0.985417 0.004818 0.026389 0.007031
