0 0.534028 0.616797 0.230093 0.048698
0 0.902083 0.663672 0.095833 0.100781
0 0.234259 0.379818 0.158333 0.053906
0 0.868519 0.576432 0.139815 0.046094
0 0.955324 0.780208 0.063426 0.073438
0 0.848843 0.787109 0.118981 0.029948
0 0.406713 0.493099 0.114352 0.030469
0 0.867824 0.376563 0.108796 0.031771
0 0.932176 0.661068 0.035648 0.095573
0 0.645139 0.522786 0.118981 0.027344
0 0.214120 0.531901 0.043981 0.066406
0 0.624306 0.180599 0.049537 0.051302
0 0.154398 0.435156 0.035648 0.070833
0 0.485417 0.437109 0.105093 0.022656
0 0.929861 0.293880 0.105093 0.022656
0 0.871991 0.199479 0.044907 0.052604
0 0.892361 0.827474 0.085648 0.027344
0 0.807176 0.334245 0.044907 0.051302
0 0.471528 0.520182 0.095833 0.022135
0 0.811806 0.875911 0.100463 0.020052
0 0.351157 0.844661 0.132870 0.014844
0 0.249306 0.631510 0.040278 0.046875
0 0.741204 0.268229 0.042593 0.044271
0 0.808333 0.085547 0.028704 0.064323
0 0.191435 0.614193 0.026389 0.069531
0 0.256250 0.433203 0.044907 0.040885
0 0.121991 0.804948 0.035648 0.050000
0 0.797917 0.760417 0.035648 0.049479
0 0.499306 0.463151 0.040278 0.038281
0 0.753935 0.822266 0.123611 0.011719
0 0.779398 0.206380 0.035648 0.040365
0 0.866204 0.248307 0.024074 0.056510
0 0.253935 0.500911 0.021759 0.061719
0 0.019676 0.744401 0.034722 0.038281
0 0.818750 0.159115 0.021759 0.060417
0 0.133565 0.551432 0.021759 0.058594
0 0.809491 0.480078 0.031019 0.040885
0 0.986574 0.266927 0.024074 0.052083
0 0.426389 0.416016 0.098148 0.011719
0 0.765509 0.386328 0.017130 0.056510
0 0.802546 0.291276 0.017130 0.048698
0 0.823380 0.218099 0.049537 0.016927
0 0.656713 0.386328 0.021759 0.035677
0 0.650231 0.426693 0.053241 0.012240
0 0.799769 0.032161 0.020833 0.025260
0 0.045602 0.727474 0.012500 0.035677
0 0.098843 0.993099 0.044907 0.009635
