0 0.167130 0.713151 0.121296 0.038281
0 0.054861 0.724870 0.049537 0.077344
0 0.279398 0.747005 0.063426 0.059115
0 0.469213 0.692318 0.100463 0.033073
0 0.506250 0.274349 0.100463 0.030469
0 0.067593 0.379167 0.112037 0.026562
0 0.932176 0.858333 0.091204 0.031771
0 0.172917 0.566016 0.109722 0.025260
0 0.909028 0.630859 0.109722 0.024740
0 0.397454 0.654557 0.105093 0.025260
0 0.078009 0.520182 0.105093 0.022135
0 0.781713 0.605078 0.049537 0.046094
0 0.946065 0.684505 0.081944 0.027865
0 0.052546 0.366797 0.081944 0.027865
0 0.177546 0.116797 0.044907 0.048698
0 0.309491 0.877214 0.040278 0.053906
0 0.087269 0.468359 0.031019 0.069531
0 0.820602 0.822526 0.090278 0.022656
0 0.297454 0.263932 0.043981 0.046094
0 0.163657 0.748047 0.100463 0.019531
0 0.034028 0.317318 0.044907 0.043490
0 0.219213 0.532813 0.044907 0.042188
0 0.050231 0.425391 0.040278 0.046094
0 0.809491 0.863542 0.114352 0.016146
0 0.281713 0.473568 0.031019 0.059115
0 0.932176 0.566016 0.072685 0.025260
0 0.784028 0.107682 0.072685 0.025260
0 0.047917 0.805599 0.035648 0.051302
0 0.538657 0.804297 0.100463 0.017448
0 0.545602 0.736589 0.077315 0.022656
0 0.189120 0.188411 0.086574 0.020052
0 0.371528 0.475521 0.081019 0.021354
0 0.649769 0.870703 0.081944 0.020052
0 0.325694 0.344401 0.026389 0.061198
0 0.057176 0.644792 0.072685 0.021354
0 0.119676 0.189714 0.068056 0.022656
0 0.253472 0.227474 0.076389 0.020052
0 0.565972 0.478776 0.034722 0.043490
0 0.726157 0.490234 0.077315 0.019531
0 0.399769 0.731380 0.081944 0.017448
0 0.821065 0.788672 0.081944 0.017448
0 0.679861 0.693620 0.031019 0.046094
0 0.191435 0.869401 0.026389 0.053906
0 0.579861 0.588151 0.025463 0.053906
0 0.733102 0.140234 0.035648 0.038281
0 0.277083 0.206641 0.068056 0.020052
0 0.561343 0.780208 0.081019 0.016146
0 0.938657 0.738932 0.076389 0.016927
0 0.381250 0.548828 0.026389 0.048177
0 0.524769 0.558203 0.035648 0.035677
0 0.196065 0.554297 0.072685 0.017448
0 0.017824 0.547526 0.031019 0.040365
0 0.704861 0.793880 0.071759 0.017448
0 0.304861 0.807943 0.086574 0.014323
0 0.765509 0.302995 0.026389 0.046094
0 0.682176 0.470964 0.035648 0.033073
0 0.402083 0.395443 0.095833 0.012240
0 0.316435 0.628255 0.081944 0.014323
0 0.651620 0.783464 0.067130 0.017448
0 0.473843 0.358724 0.035648 0.032552
0 0.276620 0.723568 0.030093 0.038281
0 0.689120 0.733333 0.031019 0.036979
0 0.193287 0.168620 0.094907 0.011719
0 0.066435 0.789974 0.026389 0.040885
0 0.580324 0.745703 0.072685 0.014844
0 0.506250 0.472266 0.026389 0.040885
0 0.545139 0.586849 0.030093 0.035677
0 0.388194 0.702734 0.021759 0.048698
0 0.318750 0.179297 0.021759 0.048698
0 0.036343 0.239193 0.021759 0.048698
0 0.665972 0.684505 0.031019 0.033073
0 0.084954 0.171484 0.026389 0.038281
0 0.948380 0.724609 0.068056 0.014323
0 0.561343 0.437109 0.025463 0.038281
0 0.737731 0.196224 0.026389 0.035677
0 0.723843 0.774349 0.063426 0.014844
0 0.362731 0.782161 0.026389 0.035677
0 0.659028 0.836589 0.026389 0.035156
0 0.135880 0.283203 0.054167 0.016927
0 0.369213 0.267839 0.020833 0.043490
0 0.760880 0.852214 0.063426 0.014323
0 0.473843 0.525651 0.072685 0.012240
0 0.321065 0.283464 0.072685 0.012240
0 0.251620 0.885026 0.072685 0.012240
0 0.300231 0.526953 0.058796 0.014844
0 0.551389 0.851172 0.070370 0.012240
0 0.559491 0.825130 0.068056 0.012240
0 0.223843 0.266536 0.017130 0.046094
0 0.131250 0.132422 0.063426 0.012240
0 0.154398 0.541016 0.026389 0.027344
0 0.853472 0.844661 0.072685 0.009635
0 0.186343 0.482682 0.016204 0.040885
0 0.117361 0.151953 0.044907 0.014844
0 0.496991 0.832943 0.054167 0.012240
0 0.251620 0.819922 0.017130 0.038281
0 0.228472 0.470964 0.017130 0.038281
0 0.865046 0.193359 0.068056 0.009115
0 0.468750 0.562109 0.016204 0.038281
0 0.899769 0.896745 0.063426 0.009635
0 0.464583 0.888932 0.063426 0.009635
0 0.420602 0.183203 0.021759 0.025260
0 0.221528 0.669922 0.021759 0.024740
0 0.265046 0.616797 0.043981 0.012240
0 0.790509 0.164974 0.020833 0.025260
0 0.233102 0.156901 0.054167 0.009115
0 0.728472 0.605078 0.044907 0.009635
0 0.985417 0.004818 0.026389 0.007031
