0 0.536343 0.616797 0.225463 0.043490
0 0.873148 0.128255 0.149074 0.045573
0 0.575694 0.232682 0.072685 0.072135
0 0.522454 0.849609 0.049537 0.087240
0 0.288657 0.091797 0.063426 0.061198
0 0.112731 0.765885 0.044907 0.076042
0 0.671759 0.822526 0.116667 0.027865
0 0.373843 0.775651 0.094907 0.033073
0 0.893981 0.234635 0.162963 0.018750
0 0.689120 0.267839 0.049537 0.053906
0 0.207639 0.780859 0.040278 0.064323
0 0.682176 0.072526 0.091204 0.027865
0 0.822917 0.081380 0.122685 0.019531
0 0.517824 0.459245 0.031019 0.072135
0 0.915972 0.059245 0.040278 0.053385
0 0.658565 0.205339 0.034722 0.059115
0 0.958796 0.191016 0.079630 0.025260
0 0.077546 0.726172 0.039352 0.048698
0 0.450231 0.285417 0.034722 0.052604
0 0.887731 0.550391 0.039352 0.046094
0 0.202546 0.695573 0.039352 0.044792
0 0.324537 0.373307 0.033333 0.051302
0 0.396296 0.079036 0.084259 0.020052
0 0.527083 0.831641 0.040278 0.040885
0 0.246991 0.852214 0.026389 0.061198
0 0.561806 0.141536 0.091204 0.014844
0 0.177546 0.671484 0.026389 0.048698
0 0.404398 0.049089 0.072685 0.017448
0 0.107639 0.438411 0.081019 0.014844
0 0.953009 0.392839 0.021759 0.053906
0 0.068750 0.541016 0.021759 0.053385
0 0.961111 0.151953 0.075000 0.014844
0 0.786343 0.119141 0.086574 0.011719
0 0.878935 0.706641 0.021759 0.046094
0 0.777083 0.236328 0.058796 0.016927
0 0.753935 0.052995 0.086574 0.009635
0 0.230787 0.395443 0.021759 0.038281
0 0.991204 0.795182 0.014815 0.046094
0 0.531713 0.917318 0.021759 0.029948
0 0.098843 0.993099 0.044907 0.009635
