0 0.149769 0.628516 0.118981 0.040885
0 0.172917 0.861589 0.165278 0.027865
0 0.233102 0.525651 0.137500 0.033073
0 0.786343 0.451432 0.114352 0.035677
0 0.128935 0.192057 0.142130 0.027344
0 0.714583 0.302995 0.035648 0.098177
0 0.662037 0.745443 0.115741 0.029948
0 0.209954 0.267578 0.054167 0.063802
0 0.082639 0.988542 0.160648 0.021354
0 0.843056 0.166276 0.042593 0.079948
0 0.652778 0.435807 0.060185 0.056510
0 0.295602 0.154557 0.058796 0.056510
0 0.762731 0.705339 0.057870 0.053906
0 0.784028 0.224870 0.118981 0.025260
0 0.133565 0.708594 0.049537 0.060417
0 0.624306 0.653255 0.049537 0.059115
0 0.558333 0.659505 0.047222 0.061198
0 0.613889 0.354167 0.037963 0.070312
0 0.615046 0.176693 0.095833 0.027865
0 0.121991 0.529557 0.044907 0.056510
0 0.670602 0.617448 0.086574 0.029167
0 0.767824 0.132422 0.086574 0.027865
0 0.528241 0.154557 0.088889 0.025260
0 0.121991 0.876953 0.100463 0.022135
0 0.691435 0.476172 0.044907 0.048698
0 0.733102 0.550391 0.081944 0.025260
0 0.763889 0.656250 0.087963 0.023438
0 0.061343 0.723568 0.034722 0.059115
0 0.732639 0.614193 0.034722 0.059115
0 0.653935 0.177995 0.043981 0.046094
0 0.848843 0.594401 0.100463 0.019531
0 0.448380 0.379818 0.086574 0.022656
0 0.466435 0.670182 0.076389 0.025260
0 0.885880 0.405859 0.035648 0.053906
0 0.246991 0.650651 0.035648 0.053906
0 0.560648 0.579036 0.033333 0.056510
0 0.858102 0.760026 0.081944 0.022656
0 0.098843 0.407161 0.072685 0.025260
0 0.765509 0.170182 0.091204 0.020052
0 0.304398 0.706641 0.039352 0.046094
0 0.763194 0.088151 0.077315 0.022656
0 0.522454 0.776302 0.031019 0.055208
0 0.321065 0.610026 0.118981 0.014323
0 0.220370 0.174089 0.075000 0.022656
0 0.618519 0.576432 0.084259 0.020052
0 0.293287 0.470964 0.072685 0.022656
0 0.105787 0.784766 0.040278 0.040885
0 0.316435 0.349870 0.081944 0.020052
0 0.913657 0.706641 0.035648 0.046094
0 0.451389 0.228516 0.074074 0.022135
0 0.537500 0.582943 0.033333 0.048698
0 0.626620 0.536068 0.091204 0.017448
0 0.446065 0.559505 0.091204 0.017448
0 0.677083 0.360286 0.025463 0.061719
0 0.922917 0.207943 0.035648 0.043490
0 0.228472 0.353776 0.035648 0.043490
0 0.515509 0.523047 0.035648 0.043490
0 0.393519 0.376953 0.069444 0.022135
0 0.071065 0.108724 0.035648 0.042969
0 0.767824 0.590755 0.031019 0.048698
0 0.883565 0.327474 0.031019 0.048177
0 0.770139 0.157161 0.100463 0.014844
0 0.174769 0.593099 0.039352 0.037760
0 0.506250 0.380469 0.026389 0.055208
0 0.742361 0.198828 0.072685 0.020052
0 0.823380 0.373307 0.031019 0.046094
0 0.316435 0.374609 0.081944 0.017448
0 0.545602 0.482682 0.095833 0.014844
0 0.663194 0.701432 0.034722 0.040885
0 0.771991 0.490495 0.094907 0.014844
0 0.567593 0.464453 0.093519 0.014844
0 0.837269 0.607422 0.095833 0.014323
0 0.309491 0.805599 0.068056 0.020052
0 0.542824 0.340495 0.025463 0.053385
0 0.779398 0.206641 0.091204 0.014844
0 0.057176 0.555599 0.026389 0.051302
0 0.038657 0.834896 0.063426 0.021354
0 0.328009 0.090755 0.077315 0.017448
0 0.348843 0.705078 0.035648 0.037760
0 0.396991 0.762630 0.104167 0.012240
0 0.196065 0.490495 0.035648 0.035677
0 0.881250 0.248307 0.063426 0.020052
0 0.934491 0.498307 0.031019 0.040885
0 0.929861 0.813151 0.021759 0.055990
0 0.098843 0.141536 0.026389 0.046094
0 0.159028 0.191016 0.081944 0.014844
0 0.700694 0.417578 0.026389 0.046094
0 0.272454 0.332943 0.031019 0.038281
0 0.915972 0.478776 0.068056 0.017448
0 0.508565 0.132422 0.068056 0.017448
0 0.818750 0.084245 0.058796 0.020052
0 0.869676 0.620052 0.086574 0.013542
0 0.574074 0.300130 0.060185 0.019531
0 0.299074 0.541276 0.019444 0.059115
0 0.045602 0.748307 0.077315 0.014844
0 0.274769 0.416276 0.026389 0.043490
0 0.862731 0.400651 0.026389 0.043490
0 0.459954 0.853776 0.026389 0.043490
0 0.557176 0.197526 0.091204 0.012240
0 0.441435 0.494401 0.063426 0.017448
0 0.453009 0.144141 0.031019 0.035677
0 0.225000 0.748307 0.019444 0.056510
0 0.890509 0.503516 0.072685 0.014844
0 0.542824 0.725521 0.025463 0.042188
0 0.782870 0.762630 0.061111 0.017448
0 0.582639 0.171484 0.086574 0.012240
0 0.712269 0.275651 0.021759 0.048698
0 0.432176 0.159505 0.072685 0.014323
0 0.721528 0.525000 0.021759 0.047396
0 0.314120 0.679297 0.031019 0.033073
0 0.818750 0.623307 0.068056 0.014844
0 0.633565 0.141536 0.068056 0.014844
0 0.909028 0.392839 0.026389 0.038281
0 0.165972 0.425391 0.021759 0.046094
0 0.017824 0.667578 0.021759 0.046094
0 0.932176 0.650391 0.026389 0.037760
0 0.075694 0.587891 0.026389 0.037760
0 0.572917 0.675391 0.020833 0.046094
0 0.427083 0.449870 0.081019 0.011719
0 0.358102 0.082943 0.054167 0.017448
0 0.043287 0.020443 0.054167 0.017448
0 0.881250 0.817318 0.054167 0.017448
0 0.922917 0.414974 0.026389 0.035677
0 0.142824 0.158464 0.021759 0.042448
0 0.602315 0.556901 0.024074 0.038281
0 0.730324 0.523047 0.020833 0.043490
0 0.788657 0.591406 0.026389 0.034375
0 0.441435 0.434505 0.072685 0.012240
0 0.191435 0.668880 0.026389 0.033073
0 0.193750 0.745703 0.058796 0.014844
0 0.628935 0.399349 0.086574 0.009635
0 0.270139 0.817318 0.017130 0.048698
0 0.387037 0.102474 0.056481 0.014844
0 0.091898 0.817318 0.021759 0.038281
0 0.818750 0.291276 0.021759 0.038281
0 0.300231 0.116797 0.068056 0.012240
0 0.855787 0.280599 0.021759 0.037760
0 0.094213 0.735286 0.026389 0.030469
0 0.344213 0.162370 0.054167 0.014844
0 0.633565 0.072266 0.068056 0.011719
0 0.168287 0.766536 0.017130 0.046094
0 0.440972 0.586849 0.025463 0.030469
0 0.314120 0.420182 0.049537 0.014844
0 0.385417 0.708594 0.016204 0.044792
0 0.508565 0.843359 0.058796 0.012240
0 0.823380 0.543880 0.021759 0.033073
0 0.429398 0.257422 0.057870 0.012240
0 0.495139 0.575130 0.057870 0.012240
0 0.492361 0.107682 0.017130 0.040885
0 0.776620 0.182943 0.076389 0.009115
0 0.584491 0.337891 0.016204 0.042969
0 0.441435 0.786719 0.017130 0.039583
0 0.542824 0.430990 0.016204 0.041667
0 0.293287 0.099870 0.044907 0.014844
0 0.660185 0.264974 0.056481 0.011719
0 0.063657 0.485938 0.020833 0.031771
0 0.570602 0.240495 0.043981 0.014844
0 0.543287 0.392578 0.017130 0.037760
0 0.204861 0.309245 0.016204 0.037760
0 0.194907 0.392839 0.047222 0.012240
0 0.825231 0.727214 0.016204 0.035156
0 0.168287 0.358984 0.017130 0.033073
0 0.846065 0.427995 0.057870 0.009635
0 0.878935 0.276953 0.021759 0.025260
0 0.885417 0.549089 0.043981 0.012240
0 0.209954 0.768880 0.017130 0.029948
0 0.038194 0.278646 0.016204 0.028646
0 0.434491 0.103776 0.012500 0.033073
0 0.653935 0.568620 0.034722 0.009635
