0 0.578009 0.693620 0.142130 0.046094
0 0.175231 0.748307 0.132870 0.035677
0 0.624306 0.254167 0.068056 0.063021
0 0.134722 0.498307 0.061111 0.066927
0 0.524769 0.891536 0.156019 0.025260
0 0.721065 0.348568 0.048611 0.079948
0 0.784028 0.895443 0.109722 0.033073
0 0.392824 0.627214 0.095833 0.033073
0 0.330324 0.709245 0.044907 0.061719
0 0.598843 0.349870 0.109722 0.025260
0 0.330324 0.385677 0.109722 0.023958
0 0.531713 0.694271 0.095833 0.026562
0 0.557176 0.429297 0.091204 0.027865
0 0.101157 0.260026 0.049537 0.048698
0 0.851157 0.720964 0.040278 0.059115
0 0.089583 0.590104 0.109722 0.021354
0 0.608102 0.409766 0.044907 0.051302
0 0.288657 0.739193 0.081944 0.027865
0 0.339583 0.271745 0.109722 0.020052
0 0.684028 0.376563 0.048611 0.044792
0 0.543287 0.601172 0.091204 0.022656
0 0.539352 0.336849 0.101852 0.020052
0 0.403241 0.766536 0.098148 0.020052
0 0.862731 0.395443 0.044907 0.043490
0 0.684491 0.511328 0.095833 0.020052
0 0.145139 0.241146 0.044907 0.042188
0 0.309491 0.646745 0.040278 0.046094
0 0.402083 0.447526 0.031019 0.059115
0 0.527083 0.787370 0.031019 0.056510
0 0.782870 0.542578 0.042593 0.040885
0 0.922917 0.906510 0.072685 0.023958
0 0.802546 0.189714 0.035648 0.048698
0 0.411343 0.351432 0.040278 0.042969
0 0.133565 0.570964 0.086574 0.019531
0 0.653241 0.598307 0.098148 0.016927
0 0.946065 0.122005 0.072685 0.022656
0 0.450694 0.878516 0.081944 0.020052
0 0.334954 0.490495 0.081944 0.020052
0 0.693750 0.825521 0.068056 0.023438
0 0.775926 0.362891 0.037963 0.040885
0 0.512731 0.170182 0.104167 0.014844
0 0.240046 0.154557 0.077315 0.020052
0 0.883565 0.136328 0.077315 0.020052
0 0.790972 0.095964 0.040278 0.038281
0 0.888194 0.749609 0.086574 0.017448
0 0.559491 0.536068 0.031019 0.048698
0 0.693750 0.184505 0.086574 0.017448
0 0.746991 0.352474 0.026389 0.056510
0 0.240046 0.590495 0.086574 0.016927
0 0.899769 0.279557 0.035648 0.040885
0 0.677546 0.618099 0.072685 0.020052
0 0.765509 0.571224 0.035648 0.040885
0 0.626620 0.461589 0.035648 0.040365
0 0.249306 0.456641 0.095833 0.014844
0 0.867361 0.766276 0.072685 0.019531
0 0.814120 0.138932 0.068056 0.020052
0 0.453009 0.761328 0.068056 0.020052
0 0.334954 0.118099 0.091204 0.014844
0 0.946065 0.313411 0.026389 0.051302
0 0.922917 0.157812 0.063426 0.021354
0 0.707639 0.197526 0.077315 0.017448
0 0.758102 0.105078 0.067130 0.020052
0 0.584954 0.257161 0.035648 0.037760
0 0.936343 0.227214 0.025463 0.050781
0 0.473843 0.447526 0.026389 0.048698
0 0.522454 0.404557 0.086574 0.014844
0 0.871991 0.292578 0.035648 0.035677
0 0.353472 0.552995 0.035648 0.035677
0 0.388194 0.167578 0.031019 0.040885
0 0.061806 0.694922 0.072685 0.017448
0 0.501157 0.649349 0.062500 0.020052
0 0.819444 0.434505 0.032407 0.038281
0 0.666667 0.145443 0.069444 0.017448
0 0.830324 0.255859 0.026389 0.045573
0 0.895139 0.362630 0.026389 0.045573
0 0.865046 0.353776 0.031019 0.038281
0 0.207639 0.202734 0.068056 0.017448
0 0.378935 0.533203 0.031019 0.037760
0 0.939120 0.673828 0.031019 0.037760
0 0.531250 0.498307 0.076389 0.014844
0 0.318750 0.618099 0.021759 0.051302
0 0.417824 0.791276 0.025463 0.043490
0 0.520139 0.733984 0.063426 0.017448
0 0.431019 0.187109 0.033333 0.033073
0 0.142824 0.216406 0.058796 0.018750
0 0.700694 0.680599 0.026389 0.040885
0 0.496991 0.547786 0.072685 0.014844
0 0.429398 0.430599 0.030093 0.035677
0 0.285880 0.851172 0.085648 0.012240
0 0.079167 0.523047 0.024074 0.043490
0 0.483102 0.682552 0.026389 0.039583
0 0.800231 0.238281 0.021759 0.046875
0 0.179861 0.379557 0.086574 0.011719
0 0.594213 0.564714 0.026389 0.038281
0 0.615046 0.218099 0.031019 0.032552
0 0.453009 0.438411 0.021759 0.046094
0 0.689120 0.168620 0.058796 0.016927
0 0.740046 0.581380 0.021759 0.045573
0 0.793287 0.415625 0.026389 0.036979
0 0.578704 0.511068 0.032407 0.029948
0 0.825694 0.853516 0.081944 0.011719
0 0.596065 0.852214 0.067130 0.014323
0 0.392824 0.213151 0.077315 0.012240
0 0.888194 0.723568 0.021759 0.043490
0 0.513194 0.753516 0.031019 0.030469
0 0.885880 0.263932 0.026389 0.035677
0 0.156250 0.145443 0.076389 0.012240
0 0.877778 0.606120 0.028704 0.032552
0 0.756250 0.513672 0.026389 0.035156
0 0.490046 0.714193 0.031019 0.029948
0 0.394676 0.157161 0.025463 0.035677
0 0.705324 0.088151 0.072685 0.012240
0 0.112731 0.184505 0.072685 0.012240
0 0.542130 0.223307 0.051852 0.016927
0 0.582639 0.146745 0.058796 0.014844
0 0.538657 0.580078 0.026389 0.032552
0 0.836806 0.284766 0.057870 0.014844
0 0.973843 0.147786 0.026389 0.032552
0 0.964583 0.330078 0.026389 0.032552
0 0.869213 0.646745 0.020833 0.040885
0 0.936806 0.635026 0.017130 0.048698
0 0.707639 0.552995 0.086574 0.009635
0 0.635880 0.418880 0.017130 0.048698
0 0.045602 0.736589 0.021759 0.038281
0 0.763194 0.663672 0.068056 0.012240
0 0.484259 0.176432 0.070370 0.011719
0 0.818750 0.095703 0.021759 0.037760
0 0.714583 0.261328 0.026389 0.030469
0 0.659028 0.433203 0.017130 0.046094
0 0.510880 0.659766 0.081944 0.009635
0 0.453009 0.696224 0.021759 0.035677
0 0.519676 0.482682 0.025463 0.030469
0 0.779398 0.322526 0.017130 0.043490
0 0.770139 0.411068 0.017130 0.043490
0 0.723843 0.291276 0.017130 0.043490
0 0.892361 0.641536 0.020833 0.035677
0 0.469213 0.475911 0.063426 0.011719
0 0.262731 0.633724 0.020833 0.035677
0 0.550231 0.321224 0.049537 0.014844
0 0.858102 0.236328 0.026389 0.027344
0 0.647454 0.161068 0.058796 0.012240
0 0.411343 0.671484 0.058796 0.012240
0 0.904398 0.224870 0.017130 0.040885
0 0.936806 0.753516 0.017130 0.040885
0 0.469213 0.993750 0.063426 0.010937
0 0.945602 0.368099 0.016204 0.040885
0 0.543287 0.718359 0.054167 0.012240
0 0.656713 0.717057 0.021759 0.030469
0 0.877778 0.093750 0.019444 0.033854
0 0.751620 0.299089 0.017130 0.038281
0 0.927546 0.588151 0.017130 0.038281
0 0.640509 0.382422 0.017130 0.038281
0 0.797917 0.298828 0.017130 0.037760
0 0.789815 0.517839 0.019444 0.033073
0 0.677546 0.667578 0.017130 0.035677
0 0.862731 0.321224 0.017130 0.035677
0 0.845370 0.664974 0.019444 0.030469
0 0.292130 0.487891 0.061111 0.009635
0 0.314120 0.370703 0.058796 0.009635
0 0.899769 0.670182 0.017130 0.030469
0 0.642824 0.741797 0.021759 0.022656
0 0.865046 0.912109 0.049537 0.009115
0 0.429861 0.130859 0.040278 0.009115
0 0.746991 0.142839 0.017130 0.017448
