0 0.605787 0.633724 0.105093 0.103385
0 0.284028 0.830078 0.072685 0.105469
0 0.040972 0.585547 0.068056 0.090365
0 0.133565 0.735286 0.142130 0.035677
0 0.216898 0.886328 0.068056 0.061719
0 0.304861 0.723568 0.040278 0.090365
0 0.080324 0.399349 0.118981 0.030469
0 0.730787 0.638672 0.049537 0.066406
0 0.678704 0.265234 0.139815 0.022656
0 0.390509 0.683203 0.035648 0.087760
0 0.920139 0.816667 0.057870 0.052604
0 0.184491 0.276953 0.095833 0.030469
0 0.917130 0.987240 0.116667 0.023958
0 0.409028 0.750911 0.091204 0.030469
0 0.172917 0.823828 0.091204 0.030469
0 0.503935 0.858984 0.095833 0.027865
0 0.454630 0.312109 0.092593 0.027865
0 0.828009 0.675391 0.049537 0.051302
0 0.184491 0.411068 0.049537 0.048698
0 0.124306 0.825130 0.031019 0.074740
0 0.909028 0.571224 0.044907 0.051302
0 0.536343 0.628516 0.049537 0.046094
0 0.466898 0.172526 0.049537 0.045573
0 0.450694 0.916016 0.081944 0.027344
0 0.642824 0.719661 0.086574 0.025260
0 0.267824 0.348568 0.095833 0.022656
0 0.878935 0.250651 0.086574 0.024740
0 0.322917 0.728776 0.039352 0.053906
0 0.455324 0.941016 0.081944 0.025260
0 0.920602 0.878516 0.040278 0.051302
0 0.603472 0.511328 0.035648 0.056510
0 0.270833 0.497005 0.046296 0.043490
0 0.297917 0.771094 0.044907 0.044792
0 0.047917 0.794922 0.035648 0.055990
0 0.295602 0.814714 0.040278 0.048698
0 0.457639 0.890234 0.086574 0.022656
0 0.212269 0.715104 0.031019 0.063021
0 0.566435 0.528255 0.044907 0.043490
0 0.473843 0.694922 0.044907 0.043490
0 0.269676 0.594010 0.081019 0.023958
0 0.274769 0.921484 0.035648 0.053906
0 0.652083 0.589453 0.031019 0.061719
0 0.615046 0.566016 0.040278 0.046094
0 0.219213 0.278255 0.081944 0.022656
0 0.316435 0.498307 0.072685 0.025260
0 0.932176 0.177995 0.072685 0.025260
0 0.420602 0.426693 0.040278 0.043490
0 0.128935 0.543880 0.040278 0.043490
0 0.253935 0.706380 0.031019 0.055990
0 0.205324 0.223307 0.035648 0.048177
0 0.906713 0.468359 0.031019 0.053906
0 0.191435 0.809505 0.072685 0.022656
0 0.080324 0.305339 0.035648 0.045573
0 0.367361 0.718359 0.035648 0.043490
0 0.126620 0.166276 0.035648 0.043490
0 0.631250 0.338151 0.035648 0.043490
0 0.758565 0.319922 0.040278 0.038281
0 0.624306 0.818359 0.105093 0.014323
0 0.170139 0.778255 0.039352 0.038281
0 0.434028 0.390234 0.085648 0.017448
0 0.693750 0.553646 0.031019 0.047396
0 0.246991 0.688411 0.072685 0.020052
0 0.263194 0.649349 0.031019 0.046094
0 0.417824 0.698828 0.034722 0.040885
0 0.414352 0.263281 0.074074 0.018750
0 0.654398 0.345964 0.035648 0.038281
0 0.802546 0.525651 0.035648 0.038281
0 0.024769 0.493099 0.026389 0.051302
0 0.353472 0.269792 0.063426 0.021354
0 0.707176 0.214453 0.085648 0.014844
0 0.409028 0.779557 0.063426 0.020052
0 0.721528 0.384375 0.077315 0.016146
0 0.341898 0.151693 0.086574 0.014323
0 0.716435 0.909505 0.085648 0.014323
0 0.325694 0.816016 0.026389 0.046094
0 0.140509 0.209245 0.081944 0.014844
0 0.804861 0.699740 0.031019 0.039062
0 0.193750 0.754818 0.068056 0.017448
0 0.832639 0.926693 0.031019 0.038281
0 0.492361 0.723568 0.035648 0.033073
0 0.809491 0.231380 0.021759 0.053906
0 0.232639 0.394141 0.025463 0.046094
0 0.314120 0.619141 0.068056 0.016927
0 0.524769 0.338151 0.026389 0.043490
0 0.661343 0.446224 0.077315 0.014844
0 0.920602 0.284766 0.021759 0.051302
0 0.177546 0.874609 0.091204 0.012240
0 0.205324 0.585547 0.063426 0.017448
0 0.795602 0.329688 0.068056 0.016146
0 0.349306 0.200130 0.062500 0.017448
0 0.603472 0.284766 0.072685 0.014844
0 0.788657 0.291016 0.063426 0.016927
0 0.707639 0.635026 0.021759 0.048698
0 0.781713 0.379818 0.021759 0.048698
0 0.207639 0.330339 0.021759 0.048698
0 0.591898 0.174089 0.058796 0.017448
0 0.332176 0.642188 0.057870 0.017708
0 0.959954 0.720964 0.026389 0.038281
0 0.605324 0.757422 0.057870 0.017448
0 0.536343 0.197917 0.077315 0.013021
0 0.221528 0.615495 0.021759 0.046094
0 0.659028 0.377214 0.081944 0.012240
0 0.679398 0.878516 0.067130 0.014844
0 0.035880 0.842708 0.020833 0.047396
0 0.940972 0.361589 0.025463 0.038281
0 0.216898 0.862630 0.068056 0.014323
0 0.765509 0.438411 0.017130 0.056510
0 0.482407 0.434505 0.055556 0.017448
0 0.064120 0.562109 0.021759 0.043490
0 0.744676 0.296484 0.077315 0.012240
0 0.182176 0.183203 0.063426 0.014844
0 0.441435 0.568620 0.026389 0.035677
0 0.957639 0.861328 0.021759 0.042969
0 0.459491 0.847266 0.062500 0.014844
0 0.140509 0.379818 0.072685 0.012240
0 0.860417 0.771745 0.021759 0.040885
0 0.561806 0.798828 0.026389 0.032552
0 0.605324 0.196224 0.057870 0.014844
0 0.089583 0.934245 0.072685 0.011719
0 0.189120 0.939714 0.068056 0.012240
0 0.420602 0.476172 0.021759 0.038281
0 0.607639 0.551432 0.025463 0.032552
0 0.862731 0.073828 0.054167 0.014844
0 0.496991 0.680599 0.017130 0.046094
0 0.534028 0.409766 0.017130 0.046094
0 0.584491 0.133724 0.081019 0.009635
0 0.145139 0.767839 0.063426 0.012240
0 0.334954 0.382422 0.063426 0.012240
0 0.672454 0.249609 0.062500 0.012240
0 0.219213 0.447526 0.017130 0.043490
0 0.276620 0.248047 0.020833 0.035156
0 0.054861 0.358984 0.058796 0.012240
0 0.649769 0.474870 0.017130 0.040885
0 0.506250 0.558203 0.044907 0.014844
0 0.453009 0.758724 0.021759 0.030469
0 0.689120 0.201432 0.068056 0.009635
0 0.800231 0.357422 0.021759 0.029948
0 0.355787 0.474219 0.077315 0.008333
0 0.845370 0.836849 0.065741 0.009635
0 0.355787 0.465755 0.049537 0.012240
0 0.323380 0.778255 0.049537 0.012240
0 0.293287 0.315755 0.017130 0.035156
0 0.015046 0.717708 0.016204 0.036979
0 0.376620 0.281901 0.063426 0.009115
0 0.643981 0.632422 0.014815 0.038281
0 0.733102 0.270443 0.044907 0.012240
0 0.408565 0.238932 0.016204 0.032552
0 0.476157 0.233984 0.040278 0.012240
0 0.091898 0.845964 0.012500 0.038281
0 0.186806 0.377214 0.017130 0.027865
0 0.582639 0.464453 0.049537 0.009635
0 0.100694 0.713151 0.020833 0.022656
0 0.276620 0.394141 0.048611 0.009635
0 0.148611 0.159766 0.014815 0.030469
0 0.390046 0.241797 0.016204 0.027865
0 0.362731 0.430599 0.044907 0.009635
0 0.253472 0.124609 0.057870 0.007031
0 0.413657 0.144792 0.035648 0.010937
0 0.612731 0.942318 0.054167 0.007031
