0 0.531250 0.619401 0.224537 0.053906
0 0.913657 0.642839 0.081944 0.105990
0 0.855787 0.825130 0.160648 0.048698
0 0.883565 0.607031 0.068056 0.076042
0 0.207639 0.498307 0.058796 0.066927
0 0.858102 0.130859 0.054167 0.066406
0 0.736111 0.483724 0.050926 0.069010
0 0.615046 0.452734 0.095833 0.033073
0 0.598843 0.508724 0.091204 0.030469
0 0.777083 0.237240 0.049537 0.055208
0 0.811806 0.581380 0.128241 0.019531
0 0.860417 0.332943 0.040278 0.059115
0 0.637731 0.115234 0.094907 0.024740
0 0.871991 0.227865 0.044907 0.052083
0 0.885880 0.164714 0.081944 0.024740
0 0.332639 0.849870 0.132870 0.014844
0 0.823380 0.361589 0.040278 0.048698
0 0.885417 0.358984 0.043981 0.043490
0 0.145139 0.407161 0.026389 0.072135
0 0.628935 0.225521 0.040278 0.047396
0 0.890509 0.011328 0.091204 0.020052
0 0.850694 0.809505 0.104167 0.017448
0 0.538657 0.436458 0.109722 0.016146
0 0.172917 0.573828 0.026389 0.066927
0 0.802546 0.179948 0.072685 0.023958
0 0.115046 0.806901 0.031019 0.053906
0 0.848843 0.224870 0.035648 0.046094
0 0.260880 0.500911 0.026389 0.061719
0 0.906713 0.601172 0.040278 0.038281
0 0.473843 0.511328 0.100463 0.014844
0 0.797917 0.757422 0.026389 0.053906
0 0.091898 0.504167 0.021759 0.057813
0 0.703009 0.256771 0.077315 0.016146
0 0.802546 0.158203 0.072685 0.016927
0 0.809028 0.478125 0.030093 0.036979
0 0.795602 0.105078 0.031019 0.035677
0 0.022454 0.511328 0.021759 0.046094
0 0.746991 0.335547 0.081944 0.012240
0 0.925231 0.757161 0.021759 0.042969
0 0.765046 0.444922 0.071759 0.012240
0 0.965741 0.153255 0.065741 0.012240
0 0.232639 0.562109 0.016204 0.048698
0 0.922454 0.562109 0.016204 0.043490
0 0.975000 0.119401 0.047222 0.012240
0 0.638194 0.188411 0.058796 0.009635
0 0.098843 0.993099 0.044907 0.009635
0 0.040972 0.636328 0.012500 0.030469
