0 0.110417 0.688411 0.105093 0.098177
0 0.228472 0.114193 0.165278 0.038281
0 0.553704 0.210547 0.176852 0.033073
0 0.457639 0.576432 0.068056 0.077344
0 0.406713 0.452083 0.114352 0.031771
0 0.737731 0.507422 0.054167 0.059115
0 0.200694 0.744401 0.109722 0.027865
0 0.929398 0.516276 0.048611 0.061198
0 0.851157 0.124349 0.105093 0.027344
0 0.362731 0.204036 0.091204 0.030469
0 0.409028 0.407161 0.044907 0.061719
0 0.617361 0.833594 0.054167 0.050000
0 0.490046 0.834245 0.049537 0.051302
0 0.283565 0.455078 0.090278 0.027344
0 0.290972 0.282161 0.095833 0.025260
0 0.411343 0.754818 0.086574 0.027865
0 0.786343 0.825130 0.040278 0.059115
0 0.258565 0.122005 0.105093 0.022656
0 0.858102 0.193620 0.044907 0.051302
0 0.510880 0.215755 0.100463 0.022656
0 0.612269 0.547786 0.043981 0.051302
0 0.339583 0.596875 0.035648 0.062500
0 0.231944 0.179297 0.079630 0.027865
0 0.284028 0.612891 0.035648 0.061719
0 0.103472 0.835547 0.044907 0.048698
0 0.334954 0.333594 0.091204 0.023958
0 0.799074 0.646745 0.047222 0.046094
0 0.320602 0.529948 0.034722 0.062500
0 0.513194 0.796484 0.095833 0.022656
0 0.742361 0.241797 0.091204 0.022656
0 0.552083 0.343359 0.090278 0.022656
0 0.302546 0.742839 0.081944 0.024740
0 0.163657 0.232682 0.100463 0.020052
0 0.470370 0.310807 0.130556 0.014844
0 0.392361 0.874609 0.085648 0.022656
0 0.665972 0.545182 0.095833 0.020052
0 0.121528 0.335547 0.043981 0.043490
0 0.439120 0.799089 0.105093 0.017448
0 0.260880 0.797786 0.091204 0.020052
0 0.237269 0.331641 0.034722 0.051302
0 0.295602 0.491797 0.040278 0.043490
0 0.654398 0.513281 0.091204 0.018750
0 0.871528 0.103776 0.034722 0.048698
0 0.355787 0.780859 0.031019 0.053906
0 0.721528 0.271745 0.040278 0.040885
0 0.196065 0.630859 0.035648 0.045573
0 0.355324 0.232682 0.039352 0.040885
0 0.153241 0.383724 0.079630 0.020052
0 0.559491 0.372656 0.040278 0.039583
0 0.598380 0.202734 0.090278 0.017448
0 0.150463 0.172786 0.027778 0.056510
0 0.728472 0.736589 0.026389 0.059115
0 0.409028 0.640234 0.035648 0.043490
0 0.510417 0.720964 0.034722 0.043490
0 0.207639 0.593750 0.114352 0.013021
0 0.719213 0.154557 0.100463 0.014844
0 0.834954 0.545182 0.035648 0.040885
0 0.376620 0.797786 0.035648 0.040885
0 0.108102 0.870703 0.072685 0.020052
0 0.464583 0.133724 0.072685 0.020052
0 0.742361 0.122005 0.081944 0.017448
0 0.151620 0.440104 0.076389 0.018229
0 0.918287 0.151953 0.026389 0.051302
0 0.890509 0.326432 0.026389 0.051302
0 0.252778 0.709245 0.037963 0.035677
0 0.420602 0.739193 0.077315 0.017448
0 0.334954 0.317057 0.035648 0.037760
0 0.657176 0.748307 0.067130 0.020052
0 0.911343 0.366536 0.031019 0.042969
0 0.811806 0.392839 0.026389 0.048698
0 0.385880 0.701432 0.063426 0.020052
0 0.589583 0.170182 0.063426 0.020052
0 0.709954 0.094661 0.063426 0.020052
0 0.348843 0.357682 0.063426 0.020052
0 0.404398 0.267839 0.072685 0.017448
0 0.929861 0.677995 0.031019 0.040885
0 0.890509 0.861589 0.072685 0.017448
0 0.140046 0.858984 0.071759 0.017448
0 0.652083 0.220964 0.068056 0.017448
0 0.253935 0.671484 0.031019 0.038281
0 0.078009 0.702734 0.031019 0.038281
0 0.679861 0.700391 0.031019 0.037760
0 0.605787 0.723307 0.068056 0.016927
0 0.705324 0.575130 0.026389 0.043490
0 0.969213 0.843359 0.026389 0.043490
0 0.082639 0.829036 0.031019 0.035677
0 0.811806 0.155859 0.063426 0.017448
0 0.753935 0.698828 0.031019 0.035677
0 0.932176 0.228776 0.063426 0.017448
0 0.713426 0.775651 0.033333 0.033073
0 0.735417 0.703385 0.058796 0.018750
0 0.228009 0.666016 0.025463 0.042969
0 0.315278 0.388281 0.024074 0.044792
0 0.179398 0.782161 0.030093 0.035677
0 0.827546 0.506120 0.030093 0.035677
0 0.330324 0.518880 0.026389 0.040365
0 0.050231 0.489193 0.021759 0.048698
0 0.860417 0.515234 0.021759 0.048698
0 0.758102 0.622005 0.085648 0.012240
0 0.628935 0.569922 0.031019 0.033073
0 0.267824 0.877214 0.058796 0.017448
0 0.436806 0.422135 0.054167 0.018750
0 0.242361 0.593359 0.026389 0.038281
0 0.793287 0.322526 0.026389 0.038281
0 0.795602 0.105078 0.021759 0.046094
0 0.543287 0.853125 0.091204 0.010937
0 0.054398 0.668880 0.030093 0.033073
0 0.828009 0.342969 0.031019 0.031250
0 0.902778 0.456641 0.023148 0.040885
0 0.698380 0.795182 0.031019 0.030469
0 0.760417 0.515234 0.053241 0.017448
0 0.364583 0.585547 0.020833 0.043490
0 0.478472 0.813151 0.063426 0.014323
0 0.407870 0.848568 0.051852 0.017448
0 0.874306 0.441016 0.021759 0.040885
0 0.640509 0.868099 0.017130 0.051302
0 0.700231 0.114193 0.071759 0.012240
0 0.371991 0.444922 0.026389 0.033073
0 0.952546 0.118099 0.057870 0.014844
0 0.691435 0.727865 0.054167 0.015625
0 0.818750 0.619401 0.021759 0.038281
0 0.036343 0.567318 0.021759 0.038281
0 0.571065 0.761328 0.054167 0.014844
0 0.145139 0.834245 0.054167 0.014844
0 0.927546 0.818620 0.054167 0.014844
0 0.576852 0.877214 0.061111 0.012240
0 0.094213 0.640234 0.017130 0.043490
0 0.485417 0.673438 0.068056 0.010937
0 0.448380 0.776953 0.049537 0.014844
0 0.735417 0.848568 0.021759 0.033073
0 0.293287 0.571484 0.017130 0.040365
0 0.689120 0.905599 0.058796 0.011719
0 0.707639 0.179036 0.058796 0.011719
0 0.922917 0.125911 0.044907 0.014844
0 0.943750 0.375911 0.021759 0.030469
0 0.632407 0.517578 0.056481 0.011719
0 0.028935 0.681901 0.053241 0.012240
0 0.300231 0.232422 0.021759 0.029948
0 0.558333 0.562109 0.019444 0.033073
0 0.358102 0.113281 0.017130 0.036458
0 0.760880 0.529557 0.017130 0.035677
0 0.265509 0.261328 0.063426 0.009635
0 0.874306 0.754818 0.021759 0.027865
0 0.376157 0.863542 0.053241 0.010937
0 0.240046 0.802995 0.058796 0.009635
0 0.867361 0.648047 0.017130 0.033073
0 0.506250 0.111589 0.044907 0.012240
0 0.922917 0.749609 0.044907 0.012240
0 0.358102 0.718359 0.044907 0.012240
0 0.244676 0.207943 0.012500 0.043490
0 0.466898 0.698828 0.021759 0.025260
0 0.487731 0.419531 0.017130 0.031771
0 0.686343 0.684505 0.016204 0.033073
0 0.309028 0.766276 0.057870 0.009115
0 0.557176 0.649349 0.017130 0.030469
0 0.408565 0.592057 0.016204 0.030469
0 0.040972 0.614193 0.040278 0.012240
0 0.726157 0.559505 0.012500 0.038281
0 0.966435 0.129818 0.039352 0.012240
0 0.578009 0.120703 0.049537 0.009635
0 0.770139 0.872005 0.035648 0.012240
0 0.325694 0.150651 0.035648 0.012240
0 0.719213 0.435807 0.044907 0.009635
0 0.862731 0.282161 0.017130 0.025260
0 0.912500 0.619401 0.014815 0.027865
0 0.371991 0.174089 0.017130 0.022656
0 0.542824 0.621354 0.034722 0.010937
0 0.582639 0.649089 0.040278 0.009115
0 0.367361 0.487891 0.017130 0.020052
0 0.429861 0.826432 0.031019 0.009635
0 0.937269 0.634375 0.043981 0.005729
0 0.280556 0.314453 0.037963 0.006510
0 0.561806 0.041016 0.026389 0.006510
