0 0.790972 0.412370 0.327315 0.066927
0 0.865046 0.225521 0.105093 0.115104
0 0.605787 0.287370 0.105093 0.098177
0 0.508565 0.873047 0.179167 0.055990
0 0.935648 0.233984 0.116667 0.038281
0 0.491204 0.287370 0.061111 0.066927
0 0.207639 0.831641 0.132870 0.030469
0 0.934491 0.887630 0.105093 0.033073
0 0.124306 0.550391 0.049537 0.066927
0 0.177546 0.183203 0.054167 0.051302
0 0.885880 0.767839 0.035648 0.074740
0 0.135880 0.294922 0.044907 0.055990
0 0.926389 0.205078 0.144444 0.016927
0 0.771991 0.387630 0.131944 0.017448
0 0.383565 0.133724 0.105093 0.020052
0 0.821065 0.868099 0.026389 0.072135
0 0.323380 0.539974 0.040278 0.046094
0 0.642824 0.267839 0.031019 0.059115
0 0.161343 0.860286 0.114352 0.014844
0 0.742361 0.477474 0.026389 0.061719
0 0.564120 0.536068 0.040278 0.038281
0 0.786343 0.220964 0.031019 0.048698
0 0.804861 0.176693 0.031019 0.048698
0 0.883565 0.047526 0.077315 0.019531
0 0.432176 0.465755 0.026389 0.053906
0 0.980787 0.112891 0.021759 0.061719
0 0.961111 0.338151 0.075000 0.017448
0 0.887731 0.008724 0.085648 0.014844
0 0.988889 0.810807 0.019444 0.061719
0 0.575231 0.180599 0.081019 0.014844
0 0.216898 0.309505 0.031019 0.038281
0 0.459954 0.158464 0.091204 0.012240
0 0.927546 0.082943 0.091204 0.012240
0 0.214583 0.561849 0.026389 0.037760
0 0.510880 0.511328 0.063426 0.014844
0 0.450694 0.616797 0.072685 0.012240
0 0.108102 0.459245 0.017130 0.051302
0 0.904398 0.181641 0.026389 0.032552
0 0.832639 0.135026 0.068056 0.012240
0 0.781713 0.132161 0.021759 0.037760
0 0.692593 0.873307 0.056481 0.009635
0 0.818750 0.924089 0.021759 0.022656
0 0.098843 0.993099 0.044907 0.009635
