0 0.108102 0.978125 0.211574 0.042188
0 0.111111 0.629167 0.152778 0.031771
0 0.550231 0.872005 0.114352 0.038281
0 0.145139 0.378516 0.054167 0.072135
0 0.107639 0.733984 0.062500 0.059115
0 0.193287 0.126562 0.057870 0.063021
0 0.381250 0.676693 0.109722 0.033073
0 0.403241 0.192057 0.061111 0.058594
0 0.527546 0.352474 0.141204 0.025260
0 0.162500 0.454688 0.051852 0.068229
0 0.896296 0.383724 0.037963 0.087760
0 0.203009 0.870703 0.105093 0.030469
0 0.652083 0.839453 0.105093 0.030469
0 0.330324 0.532161 0.054167 0.056510
0 0.839583 0.891536 0.118981 0.025260
0 0.339583 0.162370 0.044907 0.061719
0 0.307176 0.729818 0.091204 0.029948
0 0.544444 0.393490 0.112037 0.023958
0 0.679861 0.206641 0.105093 0.025260
0 0.184491 0.823828 0.049537 0.051302
0 0.483796 0.794922 0.101852 0.024740
0 0.846528 0.820573 0.049537 0.050000
0 0.772454 0.632422 0.049537 0.048698
0 0.483102 0.185807 0.035648 0.061719
0 0.770139 0.111589 0.091204 0.022656
0 0.135880 0.288672 0.091204 0.022656
0 0.461111 0.481380 0.047222 0.043490
0 0.075694 0.813411 0.026389 0.077344
0 0.621991 0.248047 0.100463 0.019531
0 0.925231 0.140234 0.086574 0.022656
0 0.214583 0.364193 0.035648 0.053906
0 0.167824 0.791276 0.108796 0.017448
0 0.103009 0.522786 0.034722 0.053385
0 0.966898 0.385026 0.031019 0.059115
0 0.163194 0.524089 0.043981 0.040365
0 0.809491 0.412370 0.031019 0.056510
0 0.415972 0.161068 0.077315 0.022656
0 0.309491 0.157161 0.040278 0.040885
0 0.760880 0.745703 0.035648 0.046094
0 0.883102 0.760026 0.030093 0.053906
0 0.186806 0.223568 0.035648 0.043490
0 0.494676 0.451432 0.077315 0.020052
0 0.559491 0.770443 0.031019 0.048698
0 0.471528 0.861589 0.031019 0.048698
0 0.348843 0.793229 0.035648 0.042188
0 0.966898 0.446875 0.031019 0.047396
0 0.564120 0.597917 0.031019 0.047396
0 0.645139 0.373307 0.035648 0.040885
0 0.976157 0.680599 0.031019 0.046094
0 0.513194 0.253516 0.031019 0.046094
0 0.439120 0.363542 0.086574 0.016146
0 0.156713 0.852474 0.068056 0.020052
0 0.911343 0.278255 0.031019 0.043490
0 0.503472 0.086849 0.067130 0.020052
0 0.524769 0.377604 0.072685 0.018229
0 0.502315 0.412370 0.064815 0.020052
0 0.221528 0.830339 0.021759 0.059115
0 0.320602 0.882812 0.034722 0.036458
0 0.774769 0.293880 0.100463 0.012240
0 0.315972 0.263672 0.062500 0.019531
0 0.293287 0.443620 0.026389 0.046094
0 0.277083 0.132422 0.031019 0.038281
0 0.800231 0.887630 0.068056 0.017448
0 0.696065 0.361589 0.035648 0.033073
0 0.716435 0.642839 0.067130 0.017448
0 0.371991 0.280859 0.026389 0.043490
0 0.473843 0.595964 0.026389 0.043490
0 0.181019 0.419531 0.061111 0.018750
0 0.207176 0.236328 0.030093 0.037760
0 0.431713 0.236589 0.062500 0.017448
0 0.432176 0.521745 0.026389 0.040885
0 0.978472 0.620703 0.026389 0.040885
0 0.862731 0.771484 0.026389 0.040365
0 0.245833 0.517839 0.061111 0.017448
0 0.105787 0.247005 0.021759 0.048698
0 0.809491 0.905859 0.086574 0.012240
0 0.304861 0.549089 0.021759 0.048698
0 0.527083 0.619792 0.031019 0.033854
0 0.936343 0.167578 0.025463 0.040885
0 0.226157 0.559505 0.031019 0.033073
0 0.606944 0.352474 0.033333 0.030469
0 0.846528 0.092057 0.068056 0.014844
0 0.520139 0.510026 0.026389 0.038281
0 0.941435 0.093359 0.026389 0.038281
0 0.121528 0.765234 0.081019 0.012240
0 0.633102 0.569922 0.030093 0.033073
0 0.823380 0.558854 0.031019 0.031771
0 0.604630 0.429297 0.056481 0.017448
0 0.204167 0.445573 0.024074 0.039583
0 0.193750 0.556901 0.021759 0.043490
0 0.318750 0.309505 0.021759 0.043490
0 0.328009 0.280859 0.077315 0.012240
0 0.800231 0.494401 0.021759 0.043490
0 0.790972 0.385026 0.021759 0.043490
0 0.274769 0.386328 0.026389 0.035677
0 0.045139 0.993750 0.085648 0.010937
0 0.709954 0.388672 0.026389 0.035156
0 0.299769 0.605078 0.030093 0.030469
0 0.189120 0.266536 0.021759 0.040885
0 0.566435 0.668880 0.072685 0.012240
0 0.659028 0.188411 0.091204 0.009635
0 0.295139 0.333594 0.020833 0.042188
0 0.538657 0.637630 0.026389 0.033073
0 0.892361 0.458984 0.020833 0.040365
0 0.559491 0.658464 0.068056 0.012240
0 0.397454 0.517839 0.021759 0.038281
0 0.675231 0.408464 0.021759 0.038281
0 0.272454 0.306901 0.021759 0.038281
0 0.188657 0.375260 0.020833 0.039583
0 0.461806 0.715755 0.067130 0.012240
0 0.418287 0.092057 0.054167 0.014844
0 0.177546 0.833984 0.026389 0.029948
0 0.697222 0.507161 0.019444 0.037760
0 0.663194 0.122656 0.053241 0.013542
0 0.073380 0.835547 0.021759 0.033073
0 0.939120 0.275651 0.021759 0.033073
0 0.895139 0.589844 0.017130 0.041667
0 0.540972 0.218099 0.021759 0.032552
0 0.471528 0.654297 0.077315 0.009115
0 0.948380 0.176432 0.021759 0.032552
0 0.395139 0.274349 0.017130 0.040885
0 0.371991 0.534505 0.017130 0.040365
0 0.239583 0.249609 0.020833 0.033073
0 0.240046 0.770182 0.058796 0.011719
0 0.408565 0.545182 0.016204 0.040885
0 0.269676 0.472266 0.016204 0.040885
0 0.196065 0.899089 0.072685 0.009115
0 0.277083 0.782161 0.021759 0.030469
0 0.425231 0.347266 0.021759 0.030469
0 0.265046 0.269531 0.025463 0.026042
0 0.277083 0.748307 0.068056 0.009635
0 0.587269 0.537370 0.068056 0.009635
0 0.839583 0.720703 0.017130 0.037760
0 0.422917 0.269141 0.017130 0.035677
0 0.839120 0.261328 0.016204 0.035677
0 0.313657 0.757161 0.048611 0.011719
0 0.223843 0.648047 0.017130 0.033073
0 0.272454 0.568620 0.021759 0.025260
0 0.443750 0.271484 0.021759 0.024740
0 0.204861 0.330339 0.016204 0.033073
0 0.413657 0.849219 0.063426 0.008333
0 0.348843 0.519141 0.017130 0.030469
0 0.839120 0.412370 0.016204 0.030469
0 0.741898 0.414714 0.053241 0.009115
0 0.883102 0.507422 0.011574 0.038281
0 0.432176 0.482682 0.017130 0.025260
0 0.399306 0.597917 0.016204 0.026562
0 0.274769 0.215755 0.017130 0.022656
0 0.578009 0.085286 0.058796 0.006510
0 0.042130 0.006120 0.033333 0.009635
0 0.684491 0.457943 0.012500 0.022656
0 0.635880 0.994401 0.026389 0.007031
