0 0.520139 0.655859 0.406019 0.059115
0 0.510880 0.599870 0.378241 0.061719
0 0.100694 0.982031 0.196759 0.034375
0 0.427546 0.167578 0.137500 0.040885
0 0.892824 0.675391 0.077315 0.072135
0 0.344213 0.144141 0.146759 0.030469
0 0.186806 0.313411 0.063426 0.061719
0 0.540509 0.361589 0.113426 0.033073
0 0.755787 0.353776 0.108796 0.033073
0 0.635417 0.782161 0.062500 0.056510
0 0.311806 0.848568 0.044907 0.074740
0 0.834954 0.648047 0.118981 0.027865
0 0.675231 0.799089 0.031019 0.095573
0 0.689120 0.450130 0.049537 0.059115
0 0.422917 0.668880 0.044907 0.064323
0 0.429861 0.627214 0.123611 0.022656
0 0.274769 0.374609 0.100463 0.027865
0 0.730787 0.374349 0.123611 0.022135
0 0.260880 0.396745 0.100463 0.025260
0 0.790972 0.181901 0.049537 0.048698
0 0.418287 0.584245 0.091204 0.025260
0 0.566435 0.792578 0.044907 0.051302
0 0.520139 0.497005 0.081944 0.027865
0 0.336806 0.289974 0.113426 0.020052
0 0.716898 0.808203 0.040278 0.056510
0 0.587269 0.866797 0.031019 0.069531
0 0.714583 0.554297 0.091204 0.022656
0 0.573380 0.292318 0.105093 0.019531
0 0.728009 0.158464 0.034722 0.059115
0 0.844213 0.294922 0.081944 0.024740
0 0.645139 0.628516 0.100463 0.020052
0 0.950694 0.688411 0.035648 0.056510
0 0.316435 0.208984 0.137500 0.014323
0 0.578009 0.137630 0.086574 0.022656
0 0.566435 0.176693 0.044907 0.043490
0 0.135880 0.106380 0.044907 0.043490
0 0.647454 0.185807 0.077315 0.025260
0 0.698380 0.138932 0.040278 0.046094
0 0.293287 0.317969 0.044907 0.041146
0 0.634722 0.531510 0.033333 0.055208
0 0.545139 0.431901 0.104167 0.017448
0 0.552083 0.370703 0.090278 0.020052
0 0.457639 0.338151 0.040278 0.043490
0 0.765046 0.392839 0.099537 0.017448
0 0.285880 0.836589 0.030093 0.055990
0 0.237731 0.786068 0.072685 0.022656
0 0.938657 0.715495 0.094907 0.016927
0 0.367361 0.796224 0.072685 0.022135
0 0.341898 0.778646 0.068056 0.023438
0 0.427546 0.450130 0.091204 0.017448
0 0.763194 0.838151 0.040278 0.038281
0 0.615046 0.486589 0.086574 0.017448
0 0.642824 0.898047 0.031019 0.048698
0 0.818750 0.145182 0.031019 0.048177
0 0.392361 0.816016 0.039352 0.035677
0 0.788657 0.791016 0.081944 0.016927
0 0.735417 0.560807 0.068056 0.020052
0 0.631250 0.230078 0.026389 0.051302
0 0.751620 0.696875 0.035648 0.036979
0 0.461806 0.353776 0.030093 0.043490
0 0.239583 0.168880 0.030093 0.043490
0 0.682176 0.306901 0.026389 0.048698
0 0.237731 0.120703 0.063426 0.020052
0 0.867361 0.079036 0.035648 0.035677
0 0.909028 0.861589 0.072685 0.017448
0 0.672917 0.197526 0.072685 0.017448
0 0.691435 0.169922 0.035648 0.035156
0 0.848843 0.411719 0.035648 0.034375
0 0.922454 0.274089 0.062500 0.019531
0 0.279398 0.886328 0.081944 0.014844
0 0.425231 0.379818 0.095833 0.012240
0 0.304398 0.150651 0.067130 0.017448
0 0.309491 0.133724 0.077315 0.014844
0 0.263194 0.870703 0.077315 0.014844
0 0.888194 0.821875 0.031019 0.036979
0 0.485417 0.256120 0.021759 0.051302
0 0.856944 0.099870 0.024074 0.046094
0 0.932176 0.127214 0.063426 0.017448
0 0.167593 0.470703 0.064815 0.016927
0 0.096528 0.312109 0.021759 0.048698
0 0.383565 0.887630 0.086574 0.012240
0 0.953009 0.754818 0.086574 0.012240
0 0.795602 0.601432 0.021759 0.048177
0 0.722685 0.722266 0.070370 0.014844
0 0.216898 0.799089 0.031019 0.033073
0 0.652083 0.538672 0.031019 0.033073
0 0.808333 0.901953 0.028704 0.035677
0 0.628935 0.119141 0.086574 0.011719
0 0.765509 0.598568 0.026389 0.038281
0 0.899769 0.468359 0.026389 0.038281
0 0.179861 0.120703 0.021759 0.046094
0 0.506250 0.207943 0.081944 0.012240
0 0.918287 0.658203 0.026389 0.037760
0 0.751157 0.254818 0.025463 0.038281
0 0.431713 0.296484 0.025463 0.038281
0 0.925231 0.814714 0.021759 0.043490
0 0.453009 0.765234 0.021759 0.043490
0 0.203009 0.429297 0.021759 0.043490
0 0.272454 0.106380 0.077315 0.012240
0 0.147454 0.210547 0.077315 0.012240
0 0.909028 0.536068 0.054167 0.017448
0 0.098843 0.422786 0.026389 0.035677
0 0.700694 0.821224 0.026389 0.035677
0 0.883565 0.586589 0.031019 0.029948
0 0.888194 0.201172 0.031019 0.029948
0 0.457176 0.519141 0.094907 0.009635
0 0.664352 0.744401 0.074074 0.012240
0 0.571065 0.202734 0.072685 0.012240
0 0.045602 0.279557 0.021759 0.040885
0 0.763194 0.201432 0.021759 0.040885
0 0.503935 0.818620 0.021759 0.040885
0 0.561806 0.261328 0.091204 0.009635
0 0.318750 0.120703 0.058796 0.014844
0 0.950694 0.402344 0.054167 0.015625
0 0.904398 0.624609 0.017130 0.048698
0 0.568750 0.757161 0.021759 0.037760
0 0.530556 0.124609 0.065741 0.012240
0 0.483102 0.144141 0.081944 0.009635
0 0.598380 0.279557 0.053241 0.014844
0 0.851157 0.136328 0.021759 0.035677
0 0.281713 0.776953 0.021759 0.035677
0 0.487731 0.286068 0.063426 0.012240
0 0.941435 0.291276 0.063426 0.012240
0 0.054861 0.393880 0.021759 0.035156
0 0.814120 0.638932 0.077315 0.009635
0 0.568750 0.110286 0.077315 0.009635
0 0.564120 0.245703 0.049537 0.014844
0 0.128472 0.172526 0.020833 0.035156
0 0.712269 0.866797 0.021759 0.033073
0 0.874306 0.353516 0.021759 0.032552
0 0.774306 0.270443 0.016204 0.043490
0 0.816435 0.664974 0.017130 0.040885
0 0.804398 0.278255 0.020833 0.033073
0 0.450694 0.226172 0.017130 0.038281
0 0.797917 0.322526 0.017130 0.038281
0 0.626620 0.828776 0.026389 0.024740
0 0.543287 0.854818 0.026389 0.024740
0 0.909028 0.844010 0.026389 0.023958
0 0.797454 0.843359 0.016204 0.038281
0 0.895139 0.086849 0.017130 0.035677
0 0.832639 0.088151 0.021759 0.027865
0 0.737269 0.281510 0.016204 0.036979
0 0.776620 0.651953 0.057870 0.009635
0 0.457639 0.112891 0.021759 0.025260
0 0.957639 0.388281 0.040278 0.013542
0 0.855787 0.790625 0.049537 0.010937
0 0.778935 0.429297 0.016204 0.033073
0 0.656713 0.243490 0.021759 0.020833
0 0.920602 0.618099 0.012500 0.035677
0 0.450694 0.684505 0.035648 0.012240
0 0.623148 0.552734 0.010185 0.014323
