0 0.096065 0.982031 0.187500 0.034375
0 0.896991 0.786719 0.076389 0.076042
0 0.071065 0.615495 0.128241 0.040885
0 0.763194 0.472266 0.058796 0.087760
0 0.172917 0.808203 0.128241 0.035677
0 0.498843 0.254818 0.113426 0.038281
0 0.145139 0.853776 0.109722 0.038281
0 0.809491 0.364193 0.058796 0.059115
0 0.763194 0.688411 0.058796 0.056510
0 0.498843 0.757422 0.113426 0.022656
0 0.515046 0.814453 0.090278 0.027344
0 0.263194 0.567708 0.049537 0.049479
0 0.323380 0.316016 0.095833 0.025260
0 0.409028 0.099870 0.091204 0.025260
0 0.723843 0.698828 0.044907 0.051302
0 0.457639 0.513932 0.086574 0.025260
0 0.818750 0.084245 0.086574 0.025260
0 0.689120 0.528255 0.040278 0.053906
0 0.214583 0.176693 0.035648 0.059115
0 0.756250 0.766536 0.044907 0.046094
0 0.575694 0.730078 0.081944 0.025260
0 0.760880 0.235286 0.081944 0.025260
0 0.853472 0.120703 0.081944 0.025260
0 0.589583 0.602474 0.044907 0.046094
0 0.367361 0.756120 0.044907 0.046094
0 0.274769 0.747005 0.091204 0.022656
0 0.536343 0.519531 0.077315 0.026042
0 0.040972 0.700130 0.040278 0.048698
0 0.050231 0.806901 0.086574 0.022656
0 0.953009 0.746745 0.040278 0.048177
0 0.267824 0.875911 0.095833 0.020052
0 0.339583 0.812109 0.109722 0.017448
0 0.464583 0.174089 0.109722 0.017448
0 0.348843 0.730729 0.044907 0.042188
0 0.353472 0.425391 0.044907 0.040885
0 0.446065 0.868099 0.091204 0.020052
0 0.520139 0.602474 0.035648 0.051302
0 0.514352 0.319922 0.079630 0.022656
0 0.087269 0.276302 0.040278 0.044792
0 0.508565 0.726172 0.040278 0.043490
0 0.774769 0.491797 0.035648 0.048698
0 0.191435 0.235677 0.035648 0.046875
0 0.753935 0.448828 0.040278 0.040885
0 0.184491 0.711849 0.040278 0.040885
0 0.415972 0.141276 0.040278 0.040365
0 0.100694 0.782161 0.039352 0.040885
0 0.235417 0.342057 0.031019 0.051302
0 0.665972 0.802995 0.031019 0.051302
0 0.198380 0.440365 0.031019 0.050000
0 0.527083 0.563411 0.077315 0.020052
0 0.920139 0.774349 0.030093 0.051302
0 0.740046 0.163672 0.040278 0.038281
0 0.133565 0.275651 0.040278 0.038281
0 0.082639 0.882422 0.068056 0.022656
0 0.580324 0.522786 0.035648 0.042969
0 0.415972 0.648047 0.031019 0.048698
0 0.358102 0.779557 0.072685 0.020052
0 0.341898 0.847005 0.021759 0.066406
0 0.584954 0.878906 0.091204 0.015625
0 0.536343 0.007422 0.114352 0.012240
0 0.325694 0.679036 0.063426 0.022135
0 0.591898 0.351172 0.031019 0.043490
0 0.429398 0.355078 0.067130 0.020052
0 0.624306 0.112630 0.021759 0.061198
0 0.510880 0.290625 0.035648 0.036979
0 0.533565 0.647786 0.034722 0.037760
0 0.271991 0.296484 0.030093 0.043490
0 0.176389 0.556901 0.033333 0.038281
0 0.279398 0.823828 0.035648 0.035677
0 0.325694 0.529557 0.035648 0.035677
0 0.321065 0.566016 0.035648 0.035677
0 0.413657 0.293880 0.072685 0.017448
0 0.809491 0.448437 0.021759 0.057292
0 0.896296 0.483984 0.028704 0.043490
0 0.675231 0.643880 0.086574 0.014323
0 0.580324 0.472005 0.063426 0.019531
0 0.364583 0.449479 0.076389 0.016146
0 0.878935 0.565365 0.031019 0.039583
0 0.214583 0.817969 0.035648 0.034375
0 0.454167 0.404557 0.061111 0.020052
0 0.440972 0.420182 0.081019 0.014844
0 0.871991 0.844010 0.063426 0.018750
0 0.726157 0.757422 0.031019 0.038281
0 0.293287 0.536068 0.035648 0.033073
0 0.874306 0.215755 0.021759 0.053906
0 0.207639 0.569661 0.031019 0.037760
0 0.376620 0.338151 0.026389 0.043490
0 0.703009 0.079036 0.077315 0.014844
0 0.422917 0.736328 0.026389 0.042969
0 0.817593 0.669271 0.028704 0.039062
0 0.506250 0.469010 0.081944 0.013542
0 0.290972 0.769141 0.031019 0.035677
0 0.742361 0.628906 0.026389 0.041667
0 0.834954 0.261328 0.072685 0.014844
0 0.827546 0.636328 0.030093 0.035677
0 0.253935 0.502214 0.021759 0.048698
0 0.453009 0.598568 0.058796 0.017448
0 0.453009 0.786068 0.058796 0.017448
0 0.564120 0.564714 0.031019 0.033073
0 0.165972 0.243490 0.021759 0.046875
0 0.609954 0.299089 0.057870 0.017448
0 0.170602 0.689453 0.058796 0.016927
0 0.494676 0.223568 0.021759 0.043490
0 0.267824 0.517839 0.021759 0.043490
0 0.795602 0.684505 0.021759 0.043490
0 0.823380 0.378516 0.031019 0.030469
0 0.170602 0.755469 0.068056 0.013542
0 0.366204 0.390234 0.024074 0.038281
0 0.656713 0.615495 0.021759 0.040885
0 0.281713 0.268880 0.021759 0.040365
0 0.633565 0.195964 0.095833 0.009115
0 0.253935 0.086849 0.058796 0.014844
0 0.522454 0.793620 0.049537 0.016927
0 0.420602 0.838151 0.068056 0.012240
0 0.142824 0.244141 0.021759 0.037760
0 0.050231 0.293620 0.021759 0.037760
0 0.054398 0.460547 0.020833 0.038281
0 0.895139 0.594661 0.017130 0.046094
0 0.147454 0.443620 0.021759 0.035677
0 0.466898 0.482031 0.021759 0.034375
0 0.844213 0.674089 0.017130 0.043490
0 0.133102 0.381120 0.020833 0.035677
0 0.521991 0.196224 0.076389 0.009635
0 0.071065 0.327474 0.017130 0.042969
0 0.792130 0.349870 0.024074 0.030469
0 0.392824 0.275651 0.021759 0.033073
0 0.163657 0.667578 0.017130 0.040885
0 0.394676 0.191016 0.016204 0.040885
0 0.663657 0.454036 0.044907 0.014844
0 0.645139 0.659766 0.026389 0.025260
0 0.779398 0.275651 0.054167 0.012240
0 0.422917 0.473568 0.017130 0.038281
0 0.473380 0.708594 0.016204 0.039583
0 0.820602 0.524609 0.043981 0.014323
0 0.616898 0.679297 0.016204 0.038281
0 0.436806 0.675391 0.063426 0.009635
0 0.455324 0.110286 0.017130 0.035677
0 0.223380 0.608073 0.016204 0.036458
0 0.723380 0.292578 0.016204 0.035677
0 0.366898 0.672526 0.016204 0.035156
0 0.385880 0.733984 0.017130 0.033073
0 0.399769 0.632422 0.017130 0.033073
0 0.189120 0.482422 0.021759 0.024740
0 0.296759 0.777995 0.024074 0.022135
0 0.441435 0.651953 0.054167 0.009635
0 0.168287 0.572526 0.017130 0.027865
0 0.549769 0.672786 0.048611 0.009635
0 0.020139 0.749609 0.035648 0.012240
0 0.362731 0.125911 0.017130 0.025260
0 0.121991 0.601172 0.017130 0.022656
0 0.175231 0.405859 0.012500 0.027865
0 0.552546 0.023047 0.026389 0.007031
