0 0.722222 0.490495 0.199074 0.061719
0 0.462269 0.315755 0.132870 0.045573
0 0.406713 0.443359 0.132870 0.040365
0 0.321065 0.345964 0.118981 0.027865
0 0.852315 0.879818 0.098148 0.033073
0 0.499306 0.141536 0.114352 0.025260
0 0.325694 0.831380 0.091204 0.029948
0 0.587269 0.830339 0.049537 0.053906
0 0.499306 0.796484 0.095833 0.027865
0 0.274306 0.452734 0.090278 0.027865
0 0.623843 0.550391 0.048611 0.051302
0 0.540972 0.771745 0.095833 0.025260
0 0.734954 0.442318 0.048611 0.048698
0 0.855787 0.253516 0.049537 0.046094
0 0.214583 0.237891 0.035648 0.061719
0 0.760880 0.835547 0.044907 0.048698
0 0.527083 0.213151 0.095833 0.022656
0 0.263194 0.116797 0.095833 0.022656
0 0.804398 0.219401 0.085648 0.024740
0 0.288657 0.493099 0.044907 0.046094
0 0.399306 0.402604 0.034722 0.057813
0 0.332639 0.327734 0.086574 0.022656
0 0.214583 0.551693 0.044907 0.043490
0 0.244676 0.175391 0.077315 0.025260
0 0.941435 0.387630 0.044907 0.043490
0 0.670139 0.546484 0.085648 0.022656
0 0.336806 0.590755 0.030093 0.064323
0 0.473843 0.830078 0.044907 0.042969
0 0.852315 0.162109 0.098148 0.019531
0 0.303704 0.275651 0.084259 0.022656
0 0.395139 0.744401 0.081944 0.022656
0 0.816435 0.261328 0.044907 0.040885
0 0.242361 0.568620 0.072685 0.025260
0 0.746991 0.529557 0.044907 0.040885
0 0.800231 0.681901 0.040278 0.043490
0 0.890509 0.338151 0.026389 0.064323
0 0.365046 0.230078 0.040278 0.040885
0 0.371991 0.499609 0.072685 0.022656
0 0.385880 0.508724 0.081944 0.020052
0 0.871991 0.362891 0.035648 0.046094
0 0.612731 0.204687 0.100463 0.016146
0 0.515509 0.124609 0.091204 0.017448
0 0.199074 0.861589 0.069444 0.022656
0 0.721528 0.157161 0.105093 0.014844
0 0.768981 0.632422 0.088889 0.017448
0 0.223843 0.668880 0.035648 0.043490
0 0.216435 0.482682 0.030093 0.051302
0 0.439120 0.731380 0.068056 0.022656
0 0.828009 0.351172 0.040278 0.038281
0 0.800231 0.569922 0.040278 0.038281
0 0.485417 0.176693 0.040278 0.038281
0 0.189120 0.603776 0.086574 0.017448
0 0.909028 0.412370 0.072685 0.020052
0 0.377315 0.877214 0.083333 0.017448
0 0.692593 0.632161 0.065741 0.022135
0 0.154398 0.434505 0.081944 0.017448
0 0.237731 0.799089 0.081944 0.017448
0 0.751620 0.122005 0.081944 0.017448
0 0.328009 0.464453 0.031019 0.046094
0 0.103472 0.641276 0.072685 0.019531
0 0.543287 0.883464 0.072685 0.019531
0 0.339583 0.774349 0.026389 0.051302
0 0.925231 0.707943 0.031019 0.043490
0 0.119676 0.770443 0.031019 0.043490
0 0.494213 0.711198 0.030093 0.044792
0 0.485880 0.136328 0.067130 0.020052
0 0.321065 0.383464 0.026389 0.050781
0 0.249306 0.333594 0.031019 0.042188
0 0.360417 0.790625 0.031019 0.042188
0 0.221528 0.690365 0.068056 0.018750
0 0.631250 0.105078 0.035648 0.035677
0 0.904398 0.378516 0.035648 0.035677
0 0.733102 0.282161 0.035648 0.035677
0 0.723843 0.245703 0.063426 0.020052
0 0.094213 0.379818 0.072685 0.017448
0 0.874306 0.537370 0.031019 0.040885
0 0.686806 0.774089 0.035648 0.035156
0 0.292824 0.616797 0.025463 0.048698
0 0.918287 0.216797 0.063426 0.019531
0 0.409028 0.844401 0.063426 0.019531
0 0.321065 0.516536 0.026389 0.046094
0 0.811806 0.396745 0.026389 0.046094
0 0.726157 0.092057 0.058796 0.020052
0 0.545602 0.345964 0.095833 0.012240
0 0.392824 0.295182 0.058796 0.020052
0 0.615046 0.864193 0.021759 0.053906
0 0.807176 0.608984 0.035648 0.033073
0 0.598843 0.168229 0.072685 0.016146
0 0.494213 0.155859 0.067130 0.017448
0 0.105324 0.592057 0.057870 0.020052
0 0.633102 0.737630 0.057870 0.019531
0 0.478472 0.658464 0.063426 0.017448
0 0.446065 0.799089 0.063426 0.017448
0 0.848843 0.133724 0.026389 0.040885
0 0.550231 0.749609 0.058796 0.017448
0 0.909028 0.465755 0.026389 0.038281
0 0.105787 0.870703 0.068056 0.014844
0 0.793287 0.325130 0.026389 0.038281
0 0.827546 0.843359 0.057870 0.017448
0 0.846528 0.568620 0.021759 0.046094
0 0.363889 0.848568 0.056481 0.017448
0 0.346528 0.306250 0.031019 0.031771
0 0.834954 0.639583 0.026389 0.036979
0 0.410880 0.732422 0.067130 0.014323
0 0.267824 0.252214 0.077315 0.012240
0 0.522454 0.858984 0.077315 0.012240
0 0.418287 0.827734 0.054167 0.017448
0 0.913657 0.840755 0.054167 0.017448
0 0.362731 0.559505 0.054167 0.017448
0 0.700694 0.183203 0.063426 0.014844
0 0.571065 0.558203 0.026389 0.035677
0 0.286343 0.569661 0.021759 0.042969
0 0.385880 0.692057 0.054167 0.016927
0 0.674769 0.886328 0.030093 0.030469
0 0.431019 0.418880 0.051852 0.017448
0 0.836806 0.521484 0.030093 0.029948
0 0.360417 0.578385 0.021759 0.039583
0 0.040972 0.562109 0.021759 0.038281
0 0.758565 0.874609 0.068056 0.012240
0 0.640046 0.572266 0.025463 0.032552
0 0.586111 0.713151 0.065741 0.012240
0 0.471528 0.992448 0.058796 0.013542
0 0.950694 0.191016 0.017130 0.046094
0 0.246991 0.675130 0.026389 0.029948
0 0.749306 0.709245 0.021759 0.035677
0 0.172917 0.622005 0.063426 0.012240
0 0.660185 0.516276 0.084259 0.009115
0 0.158565 0.170182 0.016204 0.046094
0 0.719213 0.582943 0.017130 0.043490
0 0.881250 0.465755 0.017130 0.043490
0 0.145139 0.760026 0.017130 0.043490
0 0.531713 0.821224 0.049537 0.014844
0 0.969213 0.816667 0.017130 0.042188
0 0.596528 0.116797 0.058796 0.012240
0 0.809491 0.095312 0.021759 0.031771
0 0.364583 0.436849 0.020833 0.032552
0 0.441435 0.649349 0.044907 0.014844
0 0.411343 0.623307 0.021759 0.030469
0 0.295602 0.227474 0.021759 0.030469
0 0.080324 0.715755 0.017130 0.038281
0 0.658565 0.903255 0.053241 0.012240
0 0.079861 0.801693 0.053241 0.012240
0 0.042130 0.426432 0.014815 0.042969
0 0.712269 0.110026 0.068056 0.009115
0 0.135880 0.834245 0.063426 0.009635
0 0.047917 0.750911 0.017130 0.035677
0 0.222685 0.731120 0.051852 0.011719
0 0.545602 0.619401 0.049537 0.012240
0 0.482639 0.417578 0.016204 0.035677
0 0.670139 0.783203 0.020833 0.027344
0 0.770139 0.546484 0.017130 0.033073
0 0.557176 0.637630 0.017130 0.033073
0 0.934028 0.118099 0.057870 0.009635
0 0.249306 0.205078 0.012500 0.042969
0 0.674769 0.727214 0.057870 0.009115
0 0.404398 0.586849 0.017130 0.030469
0 0.852315 0.659766 0.051852 0.009635
0 0.773611 0.522786 0.042593 0.011719
0 0.031713 0.603776 0.040278 0.012240
0 0.179861 0.679297 0.040278 0.012240
0 0.355787 0.710286 0.040278 0.011719
0 0.684028 0.224870 0.048611 0.009635
0 0.365046 0.110677 0.012500 0.036458
0 0.946065 0.111589 0.063426 0.007031
0 0.674769 0.692578 0.011574 0.037760
0 0.910880 0.658464 0.011574 0.033073
0 0.934028 0.664974 0.039352 0.009635
0 0.841898 0.604818 0.040278 0.009115
0 0.270139 0.657161 0.017130 0.020052
0 0.017824 0.662370 0.031019 0.009635
0 0.362269 0.481380 0.016204 0.017448
0 0.873843 0.681901 0.011574 0.022656
0 0.285185 0.308854 0.037963 0.005729
