0 0.392361 0.577734 0.150463 0.048698
0 0.494676 0.256120 0.068056 0.066927
0 0.552083 0.583594 0.043981 0.102083
0 0.186806 0.362891 0.063426 0.061719
0 0.774769 0.817969 0.146759 0.023958
0 0.644676 0.497005 0.099537 0.033073
0 0.300231 0.729167 0.049537 0.065104
0 0.364583 0.555599 0.104167 0.030469
0 0.670602 0.632422 0.058796 0.053906
0 0.531713 0.296484 0.095833 0.033073
0 0.940972 0.200130 0.053241 0.053906
0 0.687963 0.516536 0.093519 0.030469
0 0.256250 0.219661 0.054167 0.051302
0 0.603472 0.196224 0.091204 0.030469
0 0.223843 0.355078 0.054167 0.051302
0 0.612731 0.677995 0.109722 0.025260
0 0.542824 0.498307 0.090278 0.030469
0 0.375463 0.826432 0.135185 0.020052
0 0.814120 0.900651 0.095833 0.027865
0 0.568750 0.235286 0.049537 0.051302
0 0.883565 0.266536 0.049537 0.051302
0 0.183333 0.636328 0.047222 0.051302
0 0.253935 0.296484 0.049537 0.048698
0 0.262731 0.478776 0.085648 0.027865
0 0.453009 0.710286 0.086574 0.027344
0 0.371528 0.490234 0.034722 0.066406
0 0.649769 0.791276 0.081944 0.027865
0 0.325694 0.395443 0.100463 0.022656
0 0.909028 0.546224 0.081944 0.027344
0 0.364583 0.784766 0.048611 0.046094
0 0.424769 0.206380 0.048611 0.045573
0 0.406713 0.107682 0.086574 0.025260
0 0.448380 0.525651 0.095833 0.022656
0 0.946065 0.510417 0.035648 0.059896
0 0.165972 0.177995 0.105093 0.020052
0 0.473843 0.642839 0.035648 0.059115
0 0.256250 0.672786 0.081944 0.025260
0 0.515509 0.700130 0.091204 0.022656
0 0.410185 0.585547 0.047222 0.043490
0 0.807176 0.581641 0.100463 0.020052
0 0.874306 0.669531 0.040278 0.050000
0 0.844213 0.674740 0.044907 0.044792
0 0.476157 0.385026 0.031019 0.064323
0 0.170602 0.213151 0.040278 0.048698
0 0.170602 0.883724 0.077315 0.025260
0 0.853472 0.590495 0.044907 0.042969
0 0.584954 0.572526 0.035648 0.053906
0 0.362269 0.650651 0.043981 0.043490
0 0.893981 0.401302 0.042593 0.044792
0 0.408565 0.491797 0.034722 0.053906
0 0.237731 0.866797 0.081944 0.022656
0 0.781713 0.628255 0.040278 0.045573
0 0.108102 0.433203 0.035648 0.051302
0 0.774769 0.743099 0.035648 0.051302
0 0.686806 0.386328 0.035648 0.051302
0 0.084954 0.297526 0.072685 0.024740
0 0.723380 0.712500 0.108796 0.016146
0 0.260880 0.595964 0.100463 0.017448
0 0.744676 0.168880 0.040278 0.043490
0 0.043287 0.470964 0.035648 0.048698
0 0.246991 0.324870 0.100463 0.016927
0 0.597685 0.622656 0.042593 0.039583
0 0.559491 0.425391 0.040278 0.040885
0 0.367361 0.610286 0.081944 0.020052
0 0.395139 0.198828 0.035648 0.046094
0 0.866898 0.559505 0.071759 0.022656
0 0.755093 0.573828 0.107407 0.014844
0 0.177546 0.757422 0.035648 0.043490
0 0.230787 0.444922 0.040278 0.038281
0 0.392824 0.364193 0.040278 0.038281
0 0.802083 0.868750 0.071759 0.021354
0 0.915972 0.644792 0.040278 0.036979
0 0.707176 0.535807 0.067130 0.022135
0 0.116898 0.555599 0.099537 0.014844
0 0.640509 0.315365 0.026389 0.055208
0 0.709954 0.185807 0.035648 0.040885
0 0.094213 0.318620 0.035648 0.040885
0 0.321065 0.451172 0.100463 0.014323
0 0.853009 0.164974 0.071759 0.020052
0 0.272454 0.737891 0.031019 0.046094
0 0.089583 0.671484 0.026389 0.053906
0 0.918287 0.783464 0.026389 0.053906
0 0.821065 0.357031 0.035648 0.039583
0 0.735417 0.882161 0.021759 0.063802
0 0.647454 0.586198 0.031019 0.044792
0 0.909028 0.478776 0.035648 0.038281
0 0.601157 0.153255 0.031019 0.043490
0 0.323380 0.649349 0.021759 0.061719
0 0.170139 0.150651 0.076389 0.017448
0 0.760417 0.465755 0.034722 0.038281
0 0.946065 0.711198 0.026389 0.050000
0 0.226157 0.509375 0.031019 0.042188
0 0.149769 0.525651 0.026389 0.048698
0 0.608102 0.569922 0.026389 0.048698
0 0.443750 0.334245 0.086574 0.014844
0 0.034028 0.611328 0.026389 0.048177
0 0.746991 0.646745 0.035648 0.035677
0 0.668287 0.308203 0.035648 0.035677
0 0.821065 0.097005 0.035648 0.035156
0 0.927546 0.806641 0.072685 0.016927
0 0.057176 0.526953 0.026389 0.046094
0 0.216898 0.247005 0.068056 0.017448
0 0.175231 0.806901 0.068056 0.017448
0 0.133565 0.421224 0.031019 0.037760
0 0.904398 0.307292 0.026389 0.044271
0 0.794444 0.409505 0.028704 0.040365
0 0.117361 0.710547 0.026389 0.043490
0 0.756250 0.661068 0.091204 0.012240
0 0.192593 0.164974 0.075000 0.014844
0 0.794444 0.560547 0.056481 0.019531
0 0.237731 0.258724 0.072685 0.014844
0 0.723843 0.425391 0.026389 0.040885
0 0.404398 0.401953 0.026389 0.040885
0 0.168287 0.355078 0.026389 0.040885
0 0.608102 0.303255 0.026389 0.040365
0 0.869676 0.890234 0.086574 0.012240
0 0.855787 0.512630 0.086574 0.012240
0 0.504630 0.213151 0.060185 0.017448
0 0.435648 0.296224 0.088889 0.011719
0 0.355787 0.715755 0.031019 0.033073
0 0.434491 0.236589 0.031019 0.033073
0 0.145139 0.840755 0.026389 0.038281
0 0.675231 0.735286 0.068056 0.014844
0 0.711111 0.380859 0.028704 0.035156
0 0.466898 0.215495 0.031019 0.032552
0 0.332639 0.743099 0.021759 0.046094
0 0.638194 0.743099 0.021759 0.046094
0 0.348843 0.457943 0.081944 0.012240
0 0.908565 0.129818 0.025463 0.038281
0 0.365046 0.347005 0.068056 0.014323
0 0.835648 0.542578 0.064815 0.014844
0 0.619213 0.714193 0.067130 0.014323
0 0.628935 0.580339 0.021759 0.043490
0 0.550231 0.723568 0.077315 0.012240
0 0.950694 0.838151 0.054167 0.017448
0 0.855787 0.133724 0.031019 0.030469
0 0.561806 0.797786 0.063426 0.014844
0 0.031713 0.533203 0.021759 0.042969
0 0.043287 0.687109 0.017130 0.053906
0 0.946065 0.822526 0.072685 0.012240
0 0.640509 0.124609 0.072685 0.012240
0 0.876620 0.316016 0.017130 0.051302
0 0.427083 0.791276 0.016204 0.053906
0 0.550231 0.464193 0.021759 0.040365
0 0.538657 0.905859 0.070833 0.012240
0 0.315278 0.413672 0.070370 0.012240
0 0.867361 0.382161 0.026389 0.032552
0 0.899769 0.103776 0.017130 0.048698
0 0.404398 0.901693 0.091204 0.009115
0 0.235417 0.561849 0.021759 0.037760
0 0.340741 0.325130 0.065741 0.012240
0 0.575694 0.745703 0.081944 0.009635
0 0.807176 0.245703 0.017130 0.046094
0 0.744676 0.412370 0.021759 0.035677
0 0.284028 0.603776 0.063426 0.012240
0 0.762037 0.389583 0.028704 0.026562
0 0.885417 0.615495 0.016204 0.046094
0 0.969213 0.533464 0.017130 0.043490
0 0.723843 0.200130 0.017130 0.043490
0 0.608102 0.218359 0.017130 0.043490
0 0.779398 0.101172 0.017130 0.043490
0 0.214583 0.689453 0.063426 0.011719
0 0.709954 0.340495 0.017130 0.042969
0 0.859954 0.857682 0.076389 0.009635
0 0.212269 0.420182 0.049537 0.014844
0 0.608102 0.514974 0.026389 0.027344
0 0.234954 0.392839 0.057870 0.012240
0 0.871991 0.097266 0.017130 0.040885
0 0.959954 0.730078 0.017130 0.040885
0 0.278241 0.368099 0.070370 0.009635
0 0.867361 0.818620 0.026389 0.025260
0 0.721528 0.769141 0.021759 0.030469
0 0.272454 0.352474 0.021759 0.030469
0 0.432176 0.374609 0.017130 0.038281
0 0.522454 0.862891 0.068056 0.009635
0 0.256250 0.514974 0.017130 0.037760
0 0.755787 0.354818 0.025463 0.024740
0 0.420602 0.672526 0.068056 0.009115
0 0.966898 0.869792 0.021759 0.028646
0 0.112269 0.504557 0.016204 0.037760
0 0.969213 0.456641 0.017130 0.035677
0 0.413657 0.263932 0.017130 0.035677
0 0.899769 0.490495 0.017130 0.035677
0 0.635880 0.644141 0.017130 0.035677
0 0.832639 0.635026 0.021759 0.027865
0 0.931713 0.675391 0.016204 0.035677
0 0.080324 0.878255 0.063426 0.009115
0 0.911343 0.621354 0.021759 0.026562
0 0.656713 0.909766 0.058796 0.009635
0 0.844213 0.101172 0.017130 0.033073
0 0.374306 0.727214 0.021759 0.024740
0 0.490046 0.733724 0.058796 0.006510
0 0.837269 0.218359 0.012500 0.017448
