0 0.746991 0.866146 0.100463 0.104688
0 0.280556 0.180599 0.139815 0.046094
0 0.328009 0.568359 0.169907 0.035156
0 0.538657 0.610026 0.063426 0.076823
0 0.689120 0.167578 0.058796 0.082552
0 0.509722 0.892839 0.125926 0.033073
0 0.494676 0.382422 0.058796 0.059115
0 0.640509 0.874609 0.054167 0.059115
0 0.578009 0.603776 0.049537 0.064323
0 0.851157 0.486328 0.058796 0.053385
0 0.737731 0.622005 0.128241 0.022656
0 0.348843 0.727474 0.091204 0.030469
0 0.583796 0.184505 0.098148 0.027865
0 0.370370 0.353776 0.097222 0.027865
0 0.603472 0.717708 0.100463 0.026562
0 0.168287 0.470964 0.044907 0.059115
0 0.761574 0.414974 0.046296 0.056510
0 0.742361 0.487891 0.035648 0.072135
0 0.385880 0.520443 0.091204 0.027865
0 0.028241 0.095964 0.051852 0.048698
0 0.203009 0.267839 0.049537 0.048698
0 0.115046 0.202474 0.086574 0.027344
0 0.065972 0.316667 0.043981 0.052604
0 0.267824 0.411068 0.040278 0.053906
0 0.386574 0.538672 0.092593 0.022656
0 0.561806 0.802995 0.081944 0.025260
0 0.788657 0.636328 0.100463 0.020052
0 0.676389 0.551693 0.088889 0.022656
0 0.878935 0.403255 0.086574 0.022656
0 0.207639 0.317318 0.040278 0.048698
0 0.663657 0.515234 0.044907 0.043490
0 0.508565 0.826432 0.077315 0.025260
0 0.118519 0.378516 0.037963 0.051302
0 0.038657 0.426432 0.044907 0.042969
0 0.256250 0.314714 0.035648 0.053906
0 0.406713 0.702734 0.105093 0.017448
0 0.473843 0.563411 0.044907 0.040885
0 0.205324 0.802995 0.072685 0.025260
0 0.751620 0.282161 0.044907 0.040885
0 0.844213 0.211849 0.044907 0.040885
0 0.284028 0.701432 0.035648 0.051302
0 0.455324 0.464453 0.035648 0.051302
0 0.815972 0.662370 0.034722 0.051302
0 0.735417 0.417578 0.031019 0.056510
0 0.578009 0.472266 0.031019 0.056510
0 0.559491 0.864193 0.040278 0.043490
0 0.892824 0.262630 0.040278 0.043490
0 0.898611 0.464453 0.042593 0.040885
0 0.304861 0.446224 0.086574 0.020052
0 0.684491 0.374349 0.040278 0.042969
0 0.496991 0.236589 0.026389 0.064323
0 0.286343 0.546484 0.095833 0.017448
0 0.147454 0.345313 0.077315 0.021354
0 0.390509 0.369401 0.072685 0.022656
0 0.487731 0.747005 0.072685 0.022656
0 0.571065 0.769141 0.081944 0.020052
0 0.756250 0.151953 0.035648 0.046094
0 0.568750 0.618099 0.031019 0.051302
0 0.439120 0.873307 0.105093 0.014844
0 0.161343 0.374609 0.040278 0.038281
0 0.633102 0.740495 0.076389 0.020052
0 0.615046 0.145182 0.040278 0.037760
0 0.610417 0.288672 0.031019 0.048698
0 0.378935 0.271484 0.105093 0.014323
0 0.946065 0.289974 0.026389 0.056510
0 0.859954 0.590755 0.030093 0.048698
0 0.399074 0.907161 0.097222 0.014844
0 0.809491 0.394141 0.031019 0.046094
0 0.040972 0.701172 0.031019 0.045573
0 0.945602 0.135026 0.081019 0.017448
0 0.491898 0.317318 0.081019 0.017448
0 0.342593 0.456641 0.069444 0.020052
0 0.881250 0.357682 0.026389 0.051302
0 0.397454 0.895443 0.077315 0.017448
0 0.334954 0.400391 0.035648 0.037760
0 0.131250 0.503255 0.091204 0.014323
0 0.394676 0.420833 0.118056 0.010937
0 0.402083 0.748307 0.086574 0.014844
0 0.265509 0.478776 0.026389 0.048698
0 0.397454 0.732682 0.086574 0.014844
0 0.483102 0.530859 0.072685 0.017448
0 0.168287 0.201172 0.035648 0.035156
0 0.203009 0.568359 0.031019 0.040365
0 0.311343 0.619401 0.025463 0.048698
0 0.087269 0.717057 0.021759 0.056510
0 0.651620 0.759375 0.076389 0.016146
0 0.638194 0.313151 0.021759 0.055990
0 0.760880 0.302344 0.063426 0.018750
0 0.837269 0.132422 0.068056 0.017448
0 0.251157 0.719661 0.025463 0.046094
0 0.244676 0.525391 0.031019 0.037760
0 0.788194 0.512370 0.034722 0.032552
0 0.580324 0.785156 0.026389 0.041667
0 0.369213 0.666927 0.057870 0.018750
0 0.621991 0.125911 0.072685 0.014844
0 0.297917 0.474609 0.026389 0.040365
0 0.378935 0.304297 0.086574 0.012240
0 0.347685 0.230729 0.061111 0.016146
0 0.473843 0.246094 0.026389 0.036458
0 0.471528 0.799089 0.077315 0.012240
0 0.059491 0.720964 0.021759 0.043490
0 0.300231 0.425391 0.031019 0.030469
0 0.251620 0.348568 0.054167 0.017448
0 0.630787 0.353125 0.025463 0.036979
0 0.936806 0.573828 0.026389 0.035677
0 0.316435 0.490495 0.026389 0.035677
0 0.197917 0.150651 0.076389 0.012240
0 0.360417 0.389974 0.021759 0.042969
0 0.946065 0.501953 0.017130 0.053385
0 0.610417 0.428646 0.021759 0.042188
0 0.429398 0.256120 0.030093 0.030469
0 0.487269 0.339453 0.025463 0.035677
0 0.184491 0.313411 0.021759 0.040885
0 0.209954 0.426693 0.072685 0.012240
0 0.455324 0.515234 0.072685 0.012240
0 0.332639 0.677083 0.031019 0.028646
0 0.559491 0.159766 0.058796 0.014844
0 0.742361 0.770443 0.026389 0.033073
0 0.745833 0.318620 0.024074 0.035677
0 0.807176 0.439453 0.026389 0.032552
0 0.409028 0.676953 0.026389 0.032552
0 0.904398 0.319661 0.026389 0.032552
0 0.105324 0.297786 0.020833 0.040885
0 0.601157 0.203125 0.021759 0.039062
0 0.779398 0.228776 0.017130 0.048698
0 0.105787 0.864193 0.068056 0.012240
0 0.464583 0.219661 0.026389 0.030469
0 0.413657 0.831641 0.054167 0.014844
0 0.119213 0.119401 0.020833 0.038281
0 0.186806 0.445964 0.026389 0.029948
0 0.494676 0.485286 0.021759 0.035677
0 0.422917 0.720964 0.063426 0.012240
0 0.880787 0.305599 0.016204 0.046094
0 0.586806 0.675391 0.020833 0.035677
0 0.177546 0.569661 0.017130 0.042969
0 0.487731 0.614193 0.026389 0.027865
0 0.672917 0.822526 0.026389 0.027865
0 0.781250 0.185547 0.020833 0.035156
0 0.915972 0.127214 0.058796 0.012240
0 0.777083 0.098568 0.058796 0.012240
0 0.959954 0.386328 0.017130 0.040885
0 0.659028 0.313411 0.017130 0.040885
0 0.700231 0.348307 0.016204 0.042969
0 0.534028 0.332943 0.054167 0.012240
0 0.867361 0.314714 0.017130 0.038281
0 0.686806 0.796484 0.017130 0.038281
0 0.774769 0.603776 0.017130 0.038281
0 0.420139 0.432552 0.076389 0.008333
0 0.709954 0.776953 0.017130 0.035677
0 0.190278 0.607682 0.061111 0.009635
0 0.918287 0.276302 0.017130 0.034375
0 0.973843 0.229427 0.017130 0.034375
0 0.805556 0.295182 0.023148 0.025260
0 0.200231 0.628255 0.062500 0.009115
0 0.714583 0.579036 0.054167 0.009635
0 0.839583 0.243099 0.017130 0.030469
0 0.300231 0.732682 0.012500 0.040885
0 0.927546 0.487630 0.017130 0.029948
0 0.758565 0.364193 0.021759 0.022656
0 0.712269 0.641927 0.021759 0.020833
0 0.307176 0.691016 0.017130 0.025260
0 0.775926 0.684245 0.019444 0.022135
0 0.503935 0.606380 0.012500 0.033073
0 0.297917 0.374609 0.054167 0.007031
0 0.774769 0.398698 0.017130 0.018750
0 0.716435 0.487891 0.011574 0.025260
0 0.733102 0.995052 0.026389 0.008333
