0 0.606944 0.180599 0.061111 0.092969
0 0.580324 0.376563 0.118981 0.036979
0 0.896296 0.527344 0.056481 0.072917
0 0.234259 0.628516 0.130556 0.030469
0 0.328009 0.879818 0.058796 0.064323
0 0.494676 0.886328 0.123611 0.030469
0 0.854630 0.599870 0.056481 0.061719
0 0.839583 0.878516 0.165278 0.020052
0 0.716898 0.338151 0.040278 0.079948
0 0.492361 0.770182 0.054167 0.058594
0 0.284491 0.649349 0.118056 0.025260
0 0.235417 0.780208 0.049537 0.057813
0 0.696065 0.804297 0.100463 0.027865
0 0.390046 0.299740 0.108796 0.023958
0 0.517824 0.718359 0.040278 0.064323
0 0.236574 0.159766 0.033333 0.077344
0 0.230787 0.384375 0.095833 0.026562
0 0.105787 0.133724 0.049537 0.051302
0 0.723843 0.733984 0.035648 0.069531
0 0.208796 0.339062 0.042593 0.057292
0 0.670602 0.648047 0.049537 0.048698
0 0.612731 0.698568 0.091204 0.024740
0 0.487731 0.171484 0.044907 0.048698
0 0.179861 0.137630 0.095833 0.022656
0 0.874306 0.421484 0.040278 0.053906
0 0.964120 0.478776 0.043981 0.048698
0 0.436806 0.797786 0.044907 0.046094
0 0.153935 0.494401 0.034722 0.059115
0 0.439120 0.382422 0.114352 0.017448
0 0.554861 0.640234 0.086574 0.022656
0 0.293287 0.697526 0.044907 0.043490
0 0.373843 0.495703 0.076389 0.025260
0 0.189120 0.498307 0.040278 0.046094
0 0.337269 0.381120 0.040278 0.046094
0 0.365046 0.688411 0.040278 0.046094
0 0.597685 0.155859 0.042593 0.043490
0 0.501620 0.157161 0.072685 0.025260
0 0.443750 0.429036 0.031019 0.058594
0 0.306019 0.162370 0.088889 0.020052
0 0.837269 0.801693 0.031019 0.053906
0 0.341898 0.465755 0.031019 0.053906
0 0.172917 0.239193 0.072685 0.022656
0 0.103009 0.243099 0.034722 0.046094
0 0.566435 0.278255 0.035648 0.043490
0 0.959954 0.356380 0.035648 0.043490
0 0.415972 0.304297 0.068056 0.022656
0 0.174769 0.115495 0.076389 0.020052
0 0.735417 0.632422 0.086574 0.017448
0 0.082639 0.806641 0.021759 0.069010
0 0.568287 0.106380 0.085648 0.017448
0 0.598843 0.865234 0.026389 0.055990
0 0.816435 0.224870 0.072685 0.020052
0 0.582639 0.123307 0.095833 0.014844
0 0.675231 0.769792 0.086574 0.016146
0 0.709954 0.321224 0.026389 0.051302
0 0.830324 0.539974 0.091204 0.014844
0 0.517824 0.606380 0.077315 0.017448
0 0.656713 0.572526 0.031019 0.043490
0 0.424769 0.681901 0.076389 0.017448
0 0.524769 0.389583 0.035648 0.036979
0 0.575694 0.324479 0.035648 0.036979
0 0.425926 0.661719 0.069444 0.018750
0 0.559028 0.569661 0.030093 0.042969
0 0.744676 0.133724 0.086574 0.014844
0 0.084954 0.187109 0.026389 0.048698
0 0.369213 0.422786 0.085648 0.014844
0 0.881250 0.888932 0.063426 0.020052
0 0.501620 0.599870 0.063426 0.020052
0 0.751620 0.399089 0.035648 0.035156
0 0.251157 0.671484 0.071759 0.017448
0 0.628472 0.202734 0.020833 0.059115
0 0.177546 0.170182 0.081944 0.014844
0 0.256250 0.132422 0.026389 0.043490
0 0.573380 0.446224 0.077315 0.014844
0 0.326157 0.556901 0.034722 0.033073
0 0.668287 0.405859 0.063426 0.017448
0 0.933333 0.405859 0.028704 0.038281
0 0.131250 0.576432 0.026389 0.040885
0 0.670139 0.493099 0.030093 0.035677
0 0.700694 0.468099 0.063426 0.016927
0 0.040972 0.762630 0.021759 0.048698
0 0.959491 0.459245 0.025463 0.040885
0 0.177546 0.748047 0.072685 0.014323
0 0.091898 0.758724 0.068056 0.014844
0 0.237731 0.437109 0.026389 0.038281
0 0.163657 0.364193 0.081944 0.012240
0 0.971528 0.136328 0.021759 0.046094
0 0.152083 0.576432 0.021759 0.046094
0 0.496991 0.830339 0.081944 0.012240
0 0.230324 0.230469 0.020833 0.046875
0 0.112269 0.200130 0.025463 0.038281
0 0.914815 0.549089 0.028704 0.033073
0 0.105787 0.598568 0.021759 0.043490
0 0.355787 0.108984 0.077315 0.012240
0 0.675231 0.267188 0.058796 0.016146
0 0.295602 0.099870 0.031019 0.030469
0 0.293287 0.120703 0.063426 0.014844
0 0.270139 0.521745 0.063426 0.014844
0 0.913657 0.422786 0.026389 0.035677
0 0.496528 0.870703 0.062500 0.014844
0 0.566435 0.521484 0.026389 0.035156
0 0.769676 0.896745 0.062500 0.014844
0 0.554861 0.792578 0.021759 0.040885
0 0.823380 0.508464 0.021759 0.040365
0 0.800231 0.480078 0.058796 0.014844
0 0.248843 0.706380 0.020833 0.040365
0 0.778935 0.387630 0.025463 0.033073
0 0.205324 0.099609 0.091204 0.009115
0 0.786343 0.465755 0.068056 0.012240
0 0.957176 0.603776 0.020833 0.038281
0 0.206481 0.648047 0.028704 0.027865
0 0.242361 0.555599 0.081944 0.009635
0 0.797917 0.883724 0.081944 0.009635
0 0.311806 0.753516 0.017130 0.046094
0 0.665972 0.227474 0.021759 0.035677
0 0.073380 0.545182 0.021759 0.035677
0 0.894676 0.571224 0.025463 0.030469
0 0.894676 0.709245 0.016204 0.046094
0 0.869676 0.138932 0.077315 0.009635
0 0.211111 0.291016 0.019444 0.037760
0 0.174769 0.722005 0.020833 0.035156
0 0.355787 0.179297 0.058796 0.012240
0 0.355324 0.504818 0.057870 0.012240
0 0.723843 0.365495 0.026389 0.025260
0 0.575694 0.090755 0.054167 0.012240
0 0.418287 0.515234 0.054167 0.012240
0 0.059491 0.735286 0.068056 0.009635
0 0.469213 0.793880 0.017130 0.038281
0 0.334954 0.706380 0.044907 0.014323
0 0.811343 0.202734 0.016204 0.038281
0 0.543287 0.480078 0.017130 0.035677
0 0.765509 0.560807 0.017130 0.035677
0 0.267824 0.265234 0.049537 0.012240
0 0.654398 0.094401 0.063426 0.009115
0 0.056713 0.534766 0.016204 0.035677
0 0.373843 0.877214 0.039352 0.012240
0 0.531713 0.099870 0.021759 0.020052
0 0.851157 0.528255 0.012500 0.033073
0 0.200694 0.845964 0.054167 0.007031
0 0.105324 0.985286 0.039352 0.009635
0 0.616898 0.996354 0.025463 0.005729
