0 0.084491 0.125911 0.071759 0.072135
0 0.871991 0.593099 0.109722 0.037760
0 0.510880 0.418880 0.081944 0.027865
0 0.624306 0.222917 0.040278 0.052604
0 0.753935 0.592057 0.040278 0.051302
0 0.040972 0.450130 0.031019 0.064323
0 0.844213 0.329036 0.035648 0.051302
0 0.716435 0.258724 0.039352 0.040885
0 0.892824 0.654557 0.077315 0.020052
0 0.880787 0.204687 0.071759 0.021354
0 0.679861 0.411068 0.031019 0.048698
0 0.895139 0.360286 0.072685 0.020052
0 0.464583 0.124609 0.081944 0.017448
0 0.124306 0.275651 0.031019 0.043490
0 0.265046 0.499609 0.034722 0.038281
0 0.645139 0.337500 0.035648 0.036979
0 0.458796 0.586849 0.061111 0.020052
0 0.788194 0.180599 0.081019 0.014844
0 0.369676 0.095964 0.068056 0.017448
0 0.101157 0.291276 0.031019 0.038281
0 0.082639 0.293880 0.031019 0.038281
0 0.726157 0.469661 0.058796 0.020052
0 0.756250 0.251953 0.035648 0.032552
0 0.052546 0.278255 0.026389 0.043490
0 0.050231 0.555599 0.031019 0.035677
0 0.491898 0.135026 0.062500 0.017448
0 0.806713 0.398047 0.062500 0.017448
0 0.043287 0.602474 0.026389 0.040885
0 0.115046 0.431901 0.086574 0.012240
0 0.545602 0.097266 0.068056 0.014844
0 0.288657 0.608984 0.081944 0.012240
0 0.501620 0.202734 0.081944 0.012240
0 0.154398 0.648047 0.081944 0.012240
0 0.881250 0.095964 0.081944 0.012240
0 0.906250 0.267839 0.030093 0.033073
0 0.883565 0.106120 0.058796 0.016927
0 0.684491 0.204427 0.031019 0.031250
0 0.733102 0.121094 0.026389 0.036458
0 0.902083 0.627214 0.077315 0.012240
0 0.348843 0.163672 0.054167 0.017448
0 0.292824 0.724609 0.025463 0.035156
0 0.397454 0.151693 0.021759 0.040365
0 0.290972 0.159766 0.058796 0.014844
0 0.659028 0.108724 0.072685 0.011719
0 0.399769 0.379557 0.072685 0.011719
0 0.154398 0.277604 0.026389 0.031771
0 0.707176 0.226172 0.030093 0.027865
0 0.550231 0.332943 0.021759 0.038281
0 0.203009 0.444661 0.021759 0.037760
0 0.505787 0.534115 0.025463 0.029167
0 0.529398 0.179297 0.026389 0.027865
0 0.025926 0.393880 0.047222 0.014323
0 0.885880 0.239193 0.054167 0.012240
0 0.811343 0.526953 0.025463 0.025260
0 0.607639 0.581380 0.025463 0.024740
0 0.522454 0.519141 0.021759 0.027865
0 0.260880 0.375651 0.063426 0.009115
0 0.494213 0.183203 0.057870 0.009635
0 0.373843 0.263672 0.057870 0.009115
0 0.242361 0.196224 0.017130 0.030469
0 0.010880 0.666927 0.017130 0.029167
0 0.883102 0.710547 0.039352 0.012240
0 0.223843 0.200781 0.017130 0.023958
0 0.700694 0.372005 0.017130 0.022656
