0 0.665509 0.401953 0.048611 0.098177
0 0.762037 0.318620 0.065741 0.072135
0 0.172917 0.868099 0.054167 0.077344
0 0.876620 0.718099 0.063426 0.058594
0 0.804861 0.671484 0.058796 0.053906
0 0.395139 0.218359 0.109722 0.027865
0 0.207639 0.792578 0.095833 0.030469
0 0.862731 0.063411 0.091204 0.030469
0 0.080324 0.743099 0.109722 0.025260
0 0.159028 0.420182 0.109722 0.025260
0 0.716898 0.793880 0.049537 0.053906
0 0.463426 0.659766 0.051852 0.051302
0 0.885880 0.866797 0.044907 0.059115
0 0.371991 0.237891 0.100463 0.025260
0 0.476157 0.229427 0.086574 0.029167
0 0.799769 0.270182 0.113426 0.022135
0 0.332639 0.465755 0.049537 0.048698
0 0.887731 0.765234 0.085648 0.027865
0 0.147454 0.475521 0.049537 0.047396
0 0.385880 0.796484 0.081944 0.027865
0 0.864583 0.170182 0.048611 0.046094
0 0.487731 0.291927 0.091204 0.023958
0 0.216898 0.293880 0.040278 0.053906
0 0.895139 0.168229 0.044907 0.047396
0 0.598843 0.864193 0.035648 0.059115
0 0.117361 0.918880 0.091204 0.022656
0 0.223380 0.767839 0.034722 0.059115
0 0.213426 0.917578 0.079630 0.025260
0 0.234259 0.357682 0.079630 0.025260
0 0.714583 0.340755 0.026389 0.074740
0 0.429861 0.118099 0.077315 0.025260
0 0.123843 0.408464 0.085648 0.022656
0 0.897454 0.545182 0.040278 0.046094
0 0.073380 0.775000 0.086574 0.021354
0 0.786343 0.780208 0.086574 0.021354
0 0.675231 0.318359 0.040278 0.045573
0 0.418287 0.144141 0.044907 0.040885
0 0.063657 0.493099 0.039352 0.046094
0 0.945602 0.599609 0.034722 0.050781
0 0.325694 0.739193 0.100463 0.017448
0 0.612731 0.765234 0.035648 0.048698
0 0.175231 0.566016 0.086574 0.020052
0 0.265509 0.710547 0.026389 0.064323
0 0.314120 0.668229 0.077315 0.021354
0 0.513194 0.180599 0.040278 0.040885
0 0.307176 0.550391 0.035648 0.046094
0 0.123148 0.482422 0.028704 0.055990
0 0.482639 0.834896 0.025463 0.063021
0 0.258565 0.237891 0.031019 0.051302
0 0.524769 0.444922 0.035648 0.043490
0 0.030556 0.254818 0.028704 0.053906
0 0.790972 0.444922 0.068056 0.022656
0 0.652083 0.116797 0.068056 0.022656
0 0.104167 0.386328 0.037037 0.040885
0 0.948380 0.416276 0.031019 0.048698
0 0.672454 0.374349 0.034722 0.042969
0 0.836111 0.908464 0.065741 0.022656
0 0.061806 0.868099 0.072685 0.020052
0 0.080324 0.615234 0.035648 0.040365
0 0.186806 0.267839 0.081944 0.017448
0 0.216898 0.435807 0.095833 0.014844
0 0.365046 0.138932 0.068056 0.020052
0 0.621991 0.498307 0.026389 0.051302
0 0.388194 0.903255 0.077315 0.017448
0 0.184491 0.850521 0.031019 0.042188
0 0.600000 0.232031 0.037963 0.034375
0 0.760880 0.542969 0.035648 0.036458
0 0.950694 0.220964 0.026389 0.048698
0 0.235417 0.258724 0.031019 0.040885
0 0.399769 0.262630 0.100463 0.012240
0 0.931019 0.668880 0.070370 0.017448
0 0.186806 0.453385 0.035648 0.034375
0 0.040972 0.624609 0.031019 0.038281
0 0.110417 0.247005 0.095833 0.012240
0 0.823380 0.869401 0.021759 0.053906
0 0.478472 0.257812 0.026389 0.044271
0 0.718056 0.272786 0.024074 0.048177
0 0.508565 0.133724 0.077315 0.014844
0 0.293287 0.231120 0.026389 0.042969
0 0.258102 0.542578 0.076389 0.014844
0 0.825231 0.200130 0.025463 0.043490
0 0.234259 0.150391 0.028704 0.037760
0 0.052546 0.607682 0.026389 0.040885
0 0.524769 0.118099 0.072685 0.014844
0 0.209954 0.651953 0.072685 0.014844
0 0.733102 0.657161 0.072685 0.014844
0 0.571065 0.233984 0.026389 0.038281
0 0.730787 0.116536 0.031019 0.032552
0 0.821065 0.585547 0.081944 0.012240
0 0.545602 0.203776 0.021759 0.045573
0 0.454167 0.506120 0.024074 0.040885
0 0.110417 0.885026 0.021759 0.043490
0 0.258565 0.175391 0.031019 0.030469
0 0.080324 0.753255 0.063426 0.014323
0 0.756250 0.739193 0.072685 0.012240
0 0.858102 0.812109 0.072685 0.012240
0 0.318750 0.693620 0.021759 0.040885
0 0.834491 0.450130 0.025463 0.033073
0 0.164815 0.388932 0.056481 0.014844
0 0.966898 0.499349 0.021759 0.037760
0 0.169444 0.762630 0.065741 0.012240
0 0.909028 0.118099 0.026389 0.030469
0 0.748148 0.489193 0.028704 0.027865
0 0.165972 0.368099 0.021759 0.035677
0 0.486574 0.435807 0.079630 0.009635
0 0.932176 0.510026 0.017130 0.043490
0 0.422917 0.173828 0.017130 0.042969
0 0.342593 0.929297 0.060185 0.012240
0 0.303704 0.251953 0.019444 0.037760
0 0.355787 0.536068 0.058796 0.012240
0 0.119676 0.182943 0.049537 0.014323
0 0.149769 0.693620 0.017130 0.040885
0 0.084954 0.194271 0.026389 0.026562
0 0.581481 0.150651 0.056481 0.012240
0 0.154398 0.350260 0.026389 0.026042
0 0.121991 0.316016 0.044907 0.014844
0 0.182176 0.523047 0.017130 0.038281
0 0.744676 0.620703 0.068056 0.009635
0 0.362731 0.838151 0.017130 0.038281
0 0.075694 0.385026 0.017130 0.038281
0 0.560648 0.168620 0.024074 0.027344
0 0.262037 0.901693 0.065741 0.009115
0 0.388194 0.715495 0.021759 0.027344
0 0.510880 0.110026 0.063426 0.009115
0 0.015046 0.605078 0.016204 0.035677
0 0.059028 0.808203 0.057870 0.009635
0 0.037500 0.389583 0.014815 0.036979
0 0.248843 0.919531 0.057870 0.008333
0 0.550231 0.102474 0.049537 0.009635
0 0.513194 0.240495 0.049537 0.009635
0 0.584954 0.136328 0.017130 0.025260
0 0.399769 0.180599 0.044907 0.009635
0 0.391667 0.389974 0.056481 0.006510
0 0.711806 0.108333 0.011574 0.031771
0 0.528935 0.215755 0.016204 0.022656
0 0.448380 0.306901 0.012500 0.027865
