0 0.540972 0.619401 0.234722 0.048698
0 0.230787 0.401953 0.068056 0.072135
0 0.441435 0.858333 0.146759 0.031771
0 0.103472 0.824870 0.063426 0.069010
0 0.709954 0.338151 0.109722 0.038281
0 0.403241 0.149349 0.116667 0.035677
0 0.667824 0.110026 0.164352 0.024740
0 0.237731 0.159766 0.063426 0.061719
0 0.617361 0.288411 0.118981 0.032552
0 0.909028 0.207682 0.165278 0.022135
0 0.330324 0.451432 0.054167 0.066927
0 0.656713 0.054297 0.095833 0.033073
0 0.635880 0.782161 0.109722 0.025260
0 0.200694 0.472005 0.044907 0.061198
0 0.716898 0.597917 0.049537 0.052604
0 0.746528 0.593359 0.043981 0.059115
0 0.559028 0.489193 0.030093 0.085156
0 0.674074 0.830078 0.093519 0.027344
0 0.951852 0.152995 0.093519 0.027344
0 0.809028 0.770833 0.030093 0.080729
0 0.712269 0.457682 0.031019 0.074219
0 0.362731 0.201432 0.109722 0.020052
0 0.832176 0.856380 0.094907 0.022656
0 0.427546 0.405859 0.035648 0.059115
0 0.700694 0.502865 0.035648 0.055208
0 0.660880 0.233984 0.085648 0.022656
0 0.731481 0.558203 0.041667 0.046094
0 0.703009 0.895443 0.105093 0.017448
0 0.686343 0.555599 0.090278 0.020052
0 0.676389 0.378516 0.024074 0.072135
0 0.521991 0.406510 0.122685 0.013542
0 0.568287 0.186849 0.094907 0.016927
0 0.582176 0.355078 0.039352 0.040885
0 0.890509 0.010026 0.091204 0.017448
0 0.249306 0.413672 0.031019 0.048698
0 0.756250 0.920182 0.100463 0.014844
0 0.638194 0.430339 0.086574 0.014323
0 0.472685 0.672786 0.098148 0.009635
0 0.260417 0.233984 0.016204 0.053906
0 0.610417 0.211849 0.077315 0.009635
0 0.462269 0.039714 0.049537 0.014323
0 0.712269 0.323568 0.077315 0.009115
0 0.978009 0.375911 0.016204 0.040885
0 0.100694 0.993099 0.039352 0.009635
