0 0.222685 0.667578 0.135185 0.035677
0 0.285880 0.694922 0.048611 0.095573
0 0.571065 0.562109 0.118981 0.038281
0 0.374306 0.201432 0.068056 0.061719
0 0.911343 0.261328 0.114352 0.035677
0 0.709954 0.364844 0.128241 0.029167
0 0.501620 0.338802 0.054167 0.060417
0 0.165972 0.275651 0.095833 0.033073
0 0.628472 0.814714 0.048611 0.064323
0 0.381250 0.727474 0.054167 0.056510
0 0.876157 0.900651 0.099537 0.027865
0 0.476157 0.347266 0.040278 0.066927
0 0.794444 0.832943 0.093519 0.027865
0 0.462269 0.222266 0.049537 0.051302
0 0.398611 0.486589 0.088889 0.027865
0 0.175231 0.309505 0.086574 0.027865
0 0.586111 0.188411 0.093519 0.025260
0 0.201389 0.135026 0.101852 0.022656
0 0.776620 0.900000 0.085648 0.026562
0 0.753472 0.519141 0.048611 0.046094
0 0.529398 0.218099 0.081944 0.027344
0 0.406250 0.727214 0.048611 0.045573
0 0.524769 0.761719 0.081944 0.026042
0 0.246991 0.222266 0.035648 0.056510
0 0.367361 0.321224 0.035648 0.056510
0 0.212269 0.697526 0.040278 0.048698
0 0.196065 0.463151 0.044907 0.043490
0 0.097222 0.162370 0.097222 0.020052
0 0.101157 0.706380 0.077315 0.024740
0 0.832639 0.444010 0.040278 0.046875
0 0.709954 0.129818 0.081944 0.022656
0 0.186806 0.154557 0.091204 0.020052
0 0.464583 0.627214 0.035648 0.048698
0 0.314120 0.468099 0.040278 0.042969
0 0.881250 0.231120 0.035648 0.048177
0 0.123843 0.739193 0.039352 0.043490
0 0.308333 0.607682 0.084259 0.020052
0 0.789815 0.765234 0.037963 0.043490
0 0.105787 0.612891 0.040278 0.040885
0 0.626620 0.334245 0.081944 0.020052
0 0.121991 0.396745 0.035648 0.046094
0 0.176389 0.633724 0.107407 0.014844
0 0.309491 0.756120 0.031019 0.051302
0 0.075694 0.827474 0.026389 0.058594
0 0.711806 0.230078 0.030093 0.051302
0 0.772454 0.239193 0.068056 0.022656
0 0.226157 0.780859 0.040278 0.038281
0 0.133102 0.698828 0.076389 0.020052
0 0.147454 0.486589 0.031019 0.048698
0 0.665972 0.525651 0.086574 0.017448
0 0.554861 0.793620 0.068056 0.022135
0 0.047454 0.848307 0.025463 0.058594
0 0.196065 0.409766 0.100463 0.014844
0 0.200694 0.433203 0.100463 0.014844
0 0.153241 0.291276 0.065741 0.022656
0 0.567593 0.174089 0.065741 0.022656
0 0.753472 0.173828 0.067130 0.022135
0 0.932176 0.253516 0.072685 0.020052
0 0.279398 0.261328 0.072685 0.020052
0 0.621991 0.913672 0.081944 0.017448
0 0.383565 0.378516 0.031019 0.046094
0 0.071065 0.399609 0.026389 0.053385
0 0.811806 0.520833 0.035648 0.039062
0 0.297917 0.683203 0.091204 0.014844
0 0.939120 0.401953 0.021759 0.061719
0 0.196065 0.562760 0.026389 0.050000
0 0.871991 0.770443 0.026389 0.048698
0 0.756250 0.401953 0.035648 0.035677
0 0.415972 0.427995 0.031019 0.040885
0 0.149769 0.601172 0.072685 0.017448
0 0.697917 0.274349 0.030093 0.040885
0 0.149769 0.619141 0.072685 0.016927
0 0.329861 0.535807 0.025463 0.048177
0 0.222685 0.476172 0.070370 0.017448
0 0.351157 0.278255 0.031019 0.038281
0 0.615046 0.713151 0.068056 0.017448
0 0.906713 0.625911 0.058796 0.020052
0 0.591898 0.244401 0.095833 0.012240
0 0.892824 0.654557 0.058796 0.020052
0 0.499306 0.899349 0.058796 0.020052
0 0.383565 0.641536 0.058796 0.020052
0 0.082639 0.272396 0.031019 0.036979
0 0.736574 0.498307 0.024074 0.046094
0 0.089120 0.752214 0.025463 0.043490
0 0.095370 0.440755 0.056481 0.019531
0 0.237731 0.394141 0.026389 0.040885
0 0.784028 0.323568 0.026389 0.040365
0 0.587269 0.885026 0.086574 0.012240
0 0.031250 0.583984 0.020833 0.050781
0 0.715741 0.541927 0.056481 0.018750
0 0.751620 0.784115 0.026389 0.039583
0 0.337269 0.275391 0.031019 0.032552
0 0.332639 0.822266 0.031019 0.032552
0 0.200694 0.887630 0.081944 0.012240
0 0.279398 0.301693 0.081944 0.012240
0 0.385880 0.663672 0.081944 0.012240
0 0.730324 0.909766 0.067130 0.014844
0 0.072917 0.757422 0.030093 0.033073
0 0.587269 0.590495 0.058796 0.016927
0 0.273611 0.524349 0.024074 0.040885
0 0.806713 0.642839 0.025463 0.038281
0 0.800231 0.395833 0.021759 0.044271
0 0.309491 0.635026 0.077315 0.012240
0 0.161343 0.337500 0.058796 0.016146
0 0.221528 0.372005 0.021759 0.043490
0 0.858102 0.344661 0.026389 0.035677
0 0.802546 0.860286 0.063426 0.014844
0 0.770139 0.362891 0.063426 0.014844
0 0.446065 0.706641 0.026389 0.035677
0 0.290972 0.324089 0.031019 0.029948
0 0.047917 0.783203 0.054167 0.016927
0 0.814120 0.308203 0.021759 0.040885
0 0.529398 0.629818 0.072685 0.012240
0 0.860417 0.443620 0.021759 0.040885
0 0.045139 0.648698 0.030093 0.029167
0 0.705324 0.408464 0.026389 0.033073
0 0.161343 0.438411 0.058796 0.014844
0 0.630093 0.226172 0.070370 0.012240
0 0.700694 0.799089 0.017130 0.048698
0 0.821065 0.788021 0.026389 0.031771
0 0.779398 0.572266 0.017130 0.048177
0 0.126620 0.891536 0.054167 0.014844
0 0.895139 0.753516 0.017130 0.046094
0 0.645139 0.633724 0.017130 0.046094
0 0.707639 0.610286 0.021759 0.035677
0 0.696065 0.929297 0.063426 0.012240
0 0.144676 0.114193 0.062500 0.012240
0 0.200694 0.203776 0.081944 0.009115
0 0.434028 0.766536 0.020833 0.035677
0 0.813657 0.756120 0.020833 0.035677
0 0.079861 0.624609 0.016204 0.043490
0 0.890046 0.825130 0.016204 0.043490
0 0.205324 0.612891 0.072685 0.009635
0 0.561806 0.579036 0.072685 0.009635
0 0.612731 0.475521 0.063426 0.010937
0 0.411343 0.288021 0.021759 0.031771
0 0.329861 0.313411 0.016204 0.040885
0 0.064120 0.711849 0.021759 0.030469
0 0.848843 0.226172 0.017130 0.038281
0 0.788657 0.890234 0.017130 0.038281
0 0.168287 0.372005 0.017130 0.038281
0 0.385880 0.452734 0.017130 0.038281
0 0.130787 0.771745 0.025463 0.025260
0 0.525926 0.170182 0.065741 0.009635
0 0.874306 0.416927 0.021759 0.029167
0 0.459491 0.825130 0.016204 0.038281
0 0.089583 0.412370 0.017130 0.035677
0 0.265046 0.565755 0.062500 0.009115
0 0.080324 0.236589 0.017130 0.033073
0 0.691435 0.491797 0.017130 0.033073
0 0.420602 0.766927 0.021759 0.026042
0 0.664815 0.237891 0.056481 0.009635
0 0.209954 0.620703 0.054167 0.009635
0 0.770139 0.456641 0.017130 0.030469
0 0.033565 0.806641 0.043981 0.011719
0 0.100000 0.222266 0.051852 0.009635
0 0.654398 0.518880 0.054167 0.009115
0 0.834491 0.787370 0.016204 0.030469
0 0.454861 0.214193 0.016204 0.029948
0 0.573380 0.775391 0.021759 0.022135
0 0.656250 0.442057 0.011574 0.037760
0 0.661343 0.752865 0.012500 0.034375
0 0.589583 0.617839 0.017130 0.024740
0 0.279398 0.119141 0.063426 0.006510
0 0.943287 0.641276 0.011574 0.035156
0 0.669444 0.485286 0.010185 0.035677
0 0.378935 0.417969 0.012500 0.026042
0 0.663194 0.780859 0.016204 0.017448
0 0.464583 0.997656 0.026389 0.003125
