0 0.165972 0.847266 0.058796 0.103385
0 0.217361 0.735026 0.122685 0.040365
0 0.096528 0.760026 0.142130 0.022656
0 0.082176 0.293880 0.057870 0.053906
0 0.383565 0.236328 0.095833 0.032552
0 0.297917 0.878516 0.100463 0.030469
0 0.770139 0.874609 0.128241 0.022656
0 0.358102 0.180599 0.091204 0.030469
0 0.082639 0.730469 0.105093 0.026042
0 0.517824 0.250260 0.049537 0.055208
0 0.347685 0.123307 0.088889 0.030469
0 0.421759 0.446224 0.088889 0.030469
0 0.791667 0.276693 0.087963 0.029948
0 0.846528 0.577083 0.095833 0.026562
0 0.362731 0.284505 0.044907 0.055990
0 0.943750 0.582943 0.049537 0.048698
0 0.197917 0.325130 0.085648 0.027865
0 0.837269 0.231380 0.040278 0.059115
0 0.066435 0.649349 0.044907 0.051302
0 0.652083 0.323828 0.049537 0.046094
0 0.226852 0.295182 0.087963 0.025260
0 0.131250 0.792578 0.035648 0.061719
0 0.186806 0.780859 0.044907 0.048698
0 0.524306 0.778255 0.043981 0.048698
0 0.432176 0.287370 0.100463 0.020052
0 0.950694 0.769141 0.035648 0.056510
0 0.148611 0.425391 0.098148 0.020052
0 0.128935 0.496354 0.040278 0.047396
0 0.770833 0.249609 0.083333 0.022656
0 0.367361 0.693620 0.072685 0.025260
0 0.927546 0.662370 0.072685 0.025260
0 0.054861 0.530859 0.040278 0.043490
0 0.450231 0.129818 0.034722 0.048698
0 0.771991 0.554297 0.094907 0.017448
0 0.911343 0.386328 0.040278 0.040885
0 0.816435 0.698568 0.026389 0.061198
0 0.415509 0.133724 0.039352 0.040885
0 0.176389 0.502214 0.070370 0.022656
0 0.057870 0.840104 0.074074 0.021354
0 0.668287 0.338151 0.035648 0.043490
0 0.663657 0.558203 0.026389 0.056510
0 0.303241 0.769141 0.074074 0.020052
0 0.221528 0.420182 0.068056 0.020052
0 0.015509 0.771745 0.026389 0.051302
0 0.816435 0.808203 0.091204 0.014844
0 0.344213 0.797786 0.026389 0.051302
0 0.758565 0.267839 0.077315 0.017448
0 0.370833 0.715495 0.079630 0.016927
0 0.179398 0.448177 0.094907 0.013542
0 0.052546 0.474870 0.035648 0.035677
0 0.274769 0.209245 0.035648 0.035677
0 0.784028 0.217057 0.063426 0.020052
0 0.830324 0.856380 0.072685 0.017448
0 0.078009 0.383724 0.031019 0.040885
0 0.818750 0.991146 0.077315 0.016146
0 0.214583 0.363932 0.072685 0.016927
0 0.209954 0.125911 0.026389 0.046094
0 0.066435 0.513932 0.026389 0.046094
0 0.381250 0.248307 0.081944 0.014844
0 0.179398 0.610677 0.076389 0.015625
0 0.170602 0.681641 0.031019 0.037760
0 0.527083 0.189453 0.031019 0.037760
0 0.508565 0.176432 0.068056 0.016927
0 0.147454 0.553646 0.031019 0.036979
0 0.552546 0.465495 0.026389 0.042969
0 0.204861 0.861589 0.025463 0.043490
0 0.591898 0.326172 0.021759 0.050781
0 0.784028 0.205339 0.063426 0.017448
0 0.772454 0.110286 0.031019 0.035677
0 0.696065 0.316406 0.026389 0.041667
0 0.367361 0.524349 0.026389 0.040885
0 0.343056 0.455339 0.061111 0.017448
0 0.656713 0.903906 0.077315 0.013542
0 0.581481 0.244401 0.084259 0.012240
0 0.221528 0.148047 0.031019 0.033073
0 0.244676 0.257422 0.031019 0.033073
0 0.883565 0.590495 0.086574 0.011719
0 0.719213 0.259766 0.026389 0.037760
0 0.109954 0.912370 0.067130 0.014844
0 0.550231 0.137370 0.058796 0.016927
0 0.663194 0.267839 0.081019 0.012240
0 0.943750 0.545833 0.031019 0.031771
0 0.461111 0.899349 0.065741 0.014844
0 0.519676 0.361589 0.025463 0.038281
0 0.645139 0.370443 0.017130 0.055990
0 0.076852 0.603776 0.028704 0.033073
0 0.832639 0.637630 0.021759 0.043490
0 0.735417 0.582943 0.077315 0.012240
0 0.698380 0.333984 0.031019 0.029948
0 0.496991 0.155859 0.072685 0.012240
0 0.314120 0.318620 0.021759 0.040885
0 0.115046 0.253516 0.086574 0.009635
0 0.693750 0.491536 0.049537 0.016927
0 0.091898 0.786068 0.021759 0.038281
0 0.596528 0.220964 0.021759 0.038281
0 0.480787 0.200130 0.021759 0.038281
0 0.420602 0.898047 0.021759 0.038281
0 0.799769 0.831641 0.085648 0.009635
0 0.612269 0.111328 0.025463 0.032552
0 0.371991 0.732682 0.026389 0.030469
0 0.441435 0.270182 0.063426 0.011719
0 0.832639 0.912370 0.049537 0.014844
0 0.429398 0.214453 0.048611 0.014844
0 0.568287 0.230078 0.048611 0.014844
0 0.781713 0.356380 0.021759 0.033073
0 0.131250 0.375911 0.017130 0.040885
0 0.580324 0.164974 0.017130 0.040885
0 0.233102 0.568359 0.017130 0.040365
0 0.802083 0.753516 0.071759 0.009635
0 0.684028 0.283464 0.020833 0.033073
0 0.543287 0.164062 0.017130 0.039062
0 0.741898 0.907161 0.016204 0.040885
0 0.353472 0.158464 0.054167 0.012240
0 0.807176 0.898047 0.054167 0.012240
0 0.029398 0.707943 0.017130 0.038281
0 0.899769 0.817318 0.017130 0.038281
0 0.934491 0.362630 0.021759 0.029948
0 0.848843 0.405599 0.017130 0.037760
0 0.376620 0.263281 0.017130 0.034375
0 0.510880 0.343359 0.017130 0.033073
0 0.145139 0.322526 0.063426 0.007031
0 0.915509 0.259115 0.020833 0.020833
0 0.821065 0.672786 0.017130 0.025260
0 0.409028 0.442057 0.063426 0.006510
0 0.846065 0.514583 0.011574 0.026562
