0 0.434491 0.566016 0.206944 0.046094
0 0.749306 0.767839 0.179167 0.038281
0 0.230787 0.912109 0.151389 0.040365
0 0.903935 0.713151 0.136574 0.043490
0 0.126620 0.789974 0.072685 0.072135
0 0.554398 0.181250 0.131944 0.031771
0 0.156713 0.198828 0.151389 0.025260
0 0.647454 0.197266 0.114352 0.032552
0 0.811806 0.440755 0.054167 0.066406
0 0.186343 0.613932 0.127315 0.027344
0 0.399769 0.843359 0.118981 0.027865
0 0.165972 0.270443 0.095833 0.033073
0 0.240046 0.580339 0.095833 0.033073
0 0.631250 0.370703 0.091204 0.030469
0 0.200694 0.659766 0.109722 0.025260
0 0.166667 0.856380 0.097222 0.027865
0 0.096528 0.627604 0.049537 0.049479
0 0.214583 0.592057 0.118981 0.020052
0 0.705324 0.112891 0.091204 0.025260
0 0.145139 0.590755 0.081944 0.027865
0 0.756250 0.250651 0.044907 0.050781
0 0.274306 0.624609 0.081019 0.027865
0 0.036343 0.267839 0.040278 0.053906
0 0.749306 0.813411 0.105093 0.020052
0 0.779398 0.757422 0.118981 0.017448
0 0.209954 0.680599 0.044907 0.046094
0 0.510880 0.219661 0.081944 0.025260
0 0.635880 0.507422 0.091204 0.022656
0 0.436806 0.631120 0.035648 0.056510
0 0.093056 0.843359 0.033333 0.059115
0 0.300231 0.510026 0.086574 0.022656
0 0.869676 0.913672 0.086574 0.022656
0 0.031713 0.200130 0.040278 0.048698
0 0.378935 0.162370 0.077315 0.025260
0 0.406713 0.414974 0.077315 0.025260
0 0.568750 0.240495 0.095833 0.020052
0 0.117361 0.299089 0.081944 0.022656
0 0.311806 0.717057 0.072685 0.025260
0 0.140509 0.761328 0.072685 0.025260
0 0.925231 0.317969 0.040278 0.044792
0 0.069907 0.797786 0.088889 0.020052
0 0.177083 0.537370 0.034722 0.051302
0 0.943750 0.593359 0.040278 0.043490
0 0.743519 0.860286 0.037963 0.046094
0 0.715741 0.198828 0.037963 0.046094
0 0.203009 0.469661 0.086574 0.020052
0 0.869676 0.686849 0.040278 0.042969
0 0.547917 0.304297 0.026389 0.064323
0 0.661343 0.824479 0.040278 0.042188
0 0.302546 0.823828 0.035648 0.046094
0 0.094213 0.162370 0.109722 0.014844
0 0.237269 0.136328 0.081019 0.020052
0 0.064120 0.828776 0.031019 0.050781
0 0.346528 0.330339 0.040278 0.038281
0 0.767824 0.343359 0.068056 0.022656
0 0.494676 0.249609 0.068056 0.022656
0 0.517361 0.233984 0.067130 0.022656
0 0.628935 0.809505 0.031019 0.048698
0 0.124306 0.815755 0.077315 0.019531
0 0.068287 0.332943 0.039352 0.038281
0 0.128472 0.150391 0.067130 0.022135
0 0.825694 0.888932 0.072685 0.020052
0 0.882407 0.421484 0.037963 0.038281
0 0.170602 0.175391 0.095833 0.014844
0 0.709954 0.379557 0.063426 0.022135
0 0.258102 0.196224 0.030093 0.046094
0 0.385880 0.650651 0.035648 0.038281
0 0.020139 0.300391 0.026389 0.051302
0 0.154398 0.834245 0.091204 0.014844
0 0.818750 0.733984 0.077315 0.017448
0 0.346528 0.861589 0.077315 0.017448
0 0.221065 0.896745 0.067130 0.020052
0 0.328704 0.283203 0.078704 0.016927
0 0.353935 0.601172 0.034722 0.038281
0 0.654398 0.317318 0.100463 0.012240
0 0.841898 0.237240 0.031019 0.039583
0 0.057176 0.295182 0.026389 0.046094
0 0.584954 0.870703 0.081944 0.014844
0 0.716898 0.398047 0.095833 0.012240
0 0.633102 0.743099 0.057870 0.020052
0 0.811806 0.822266 0.035648 0.032552
0 0.774769 0.202734 0.026389 0.043490
0 0.950231 0.752214 0.034722 0.033073
0 0.786343 0.623958 0.031019 0.036979
0 0.237269 0.405859 0.025463 0.043490
0 0.658565 0.543880 0.062500 0.017448
0 0.015509 0.336849 0.026389 0.040885
0 0.496991 0.141536 0.026389 0.040885
0 0.580324 0.649349 0.026389 0.040885
0 0.311806 0.849870 0.072685 0.014844
0 0.228472 0.164974 0.072685 0.014844
0 0.279398 0.542578 0.026389 0.040885
0 0.520139 0.636328 0.072685 0.014844
0 0.807176 0.495703 0.072685 0.014844
0 0.811806 0.856120 0.063426 0.016927
0 0.458796 0.736589 0.061111 0.017448
0 0.045602 0.353776 0.021759 0.048698
0 0.695602 0.248307 0.025463 0.040885
0 0.073380 0.213151 0.058796 0.017448
0 0.096528 0.697266 0.086574 0.011719
0 0.034028 0.705339 0.026389 0.038281
0 0.402083 0.818620 0.068056 0.014844
0 0.778935 0.556250 0.025463 0.039583
0 0.756250 0.895443 0.081944 0.012240
0 0.691435 0.660807 0.026389 0.037760
0 0.119213 0.683203 0.067130 0.014844
0 0.478935 0.822526 0.081019 0.012240
0 0.456481 0.287370 0.065741 0.014844
0 0.151620 0.620443 0.067130 0.014323
0 0.714583 0.830339 0.054167 0.017448
0 0.941435 0.219661 0.026389 0.035677
0 0.084954 0.271745 0.026389 0.035677
0 0.950694 0.554297 0.017130 0.053906
0 0.050231 0.647396 0.021759 0.042188
0 0.196065 0.387630 0.026389 0.033073
0 0.816435 0.252214 0.026389 0.033073
0 0.698380 0.472005 0.058796 0.014323
0 0.823380 0.335547 0.021759 0.038281
0 0.932176 0.841146 0.026389 0.031250
0 0.161343 0.363932 0.021759 0.037760
0 0.179861 0.116536 0.021759 0.037760
0 0.068750 0.561458 0.021759 0.036979
0 0.075231 0.770443 0.016204 0.048698
0 0.899769 0.313151 0.026389 0.029948
0 0.904398 0.780859 0.063426 0.012240
0 0.654398 0.233984 0.063426 0.012240
0 0.820602 0.386328 0.016204 0.046094
0 0.642824 0.381120 0.077315 0.009635
0 0.369676 0.547786 0.077315 0.009635
0 0.279398 0.228776 0.026389 0.027865
0 0.281713 0.149349 0.049537 0.014844
0 0.374306 0.220964 0.021759 0.033073
0 0.309491 0.198568 0.077315 0.009115
0 0.646991 0.405859 0.020833 0.033073
0 0.663657 0.609635 0.017130 0.039583
0 0.302546 0.112891 0.044907 0.014844
0 0.936806 0.788672 0.054167 0.012240
0 0.922917 0.426693 0.017130 0.038281
0 0.723843 0.218359 0.017130 0.038281
0 0.187963 0.927995 0.065741 0.009635
0 0.484954 0.381120 0.020833 0.030469
0 0.786343 0.251563 0.021759 0.029167
0 0.647454 0.177734 0.068056 0.009115
0 0.399769 0.855078 0.063426 0.009635
0 0.459954 0.860026 0.063426 0.009115
0 0.418287 0.278255 0.017130 0.033073
0 0.855324 0.331641 0.057870 0.009635
0 0.067593 0.445573 0.065741 0.008333
0 0.617361 0.916276 0.044907 0.012240
0 0.918287 0.280859 0.044907 0.012240
0 0.266667 0.566016 0.056481 0.009635
0 0.802083 0.668620 0.016204 0.032552
0 0.223380 0.373307 0.016204 0.030469
0 0.545602 0.532161 0.012500 0.035677
0 0.572917 0.282161 0.011574 0.035677
0 0.405093 0.830078 0.055556 0.006510
0 0.846065 0.487240 0.011574 0.029167
0 0.481944 0.418620 0.033333 0.006510
