0 0.429861 0.024349 0.419907 0.046094
0 0.892824 0.024089 0.211574 0.040365
0 0.449537 0.743099 0.079630 0.072135
0 0.374306 0.579036 0.058796 0.072135
0 0.376620 0.014583 0.128241 0.029167
0 0.203009 0.238932 0.114352 0.032552
0 0.075694 0.235026 0.100463 0.035156
0 0.804861 0.286068 0.151389 0.022656
0 0.425231 0.874870 0.049537 0.069010
0 0.293287 0.641536 0.128241 0.025260
0 0.751620 0.326432 0.044907 0.072135
0 0.318750 0.373307 0.040278 0.077344
0 0.297917 0.836849 0.100463 0.030469
0 0.265509 0.015234 0.100463 0.027865
0 0.786343 0.767839 0.049537 0.053906
0 0.411343 0.937109 0.114352 0.022656
0 0.036343 0.603516 0.040278 0.063802
0 0.189120 0.848568 0.049537 0.048698
0 0.909028 0.743099 0.091204 0.025260
0 0.121991 0.588151 0.081944 0.027865
0 0.682176 0.353776 0.100463 0.022656
0 0.337269 0.177734 0.040278 0.055990
0 0.689815 0.222917 0.041667 0.052604
0 0.432176 0.731380 0.044907 0.048698
0 0.185648 0.286719 0.088889 0.023958
0 0.057176 0.860286 0.044907 0.046094
0 0.397454 0.336849 0.040278 0.051302
0 0.101157 0.912370 0.095833 0.020052
0 0.234954 0.473307 0.039352 0.048177
0 0.786343 0.232943 0.040278 0.045573
0 0.663657 0.862891 0.072685 0.025260
0 0.223843 0.800391 0.091204 0.020052
0 0.190972 0.128516 0.034722 0.051302
0 0.515509 0.833594 0.091204 0.018750
0 0.777778 0.394141 0.041667 0.040885
0 0.434491 0.814063 0.040278 0.042188
0 0.910185 0.151953 0.084259 0.020052
0 0.760880 0.136719 0.035648 0.046875
0 0.955324 0.829036 0.035648 0.046094
0 0.219213 0.697266 0.072685 0.022135
0 0.292130 0.491797 0.088889 0.017448
0 0.723843 0.405859 0.035648 0.043490
0 0.844213 0.515234 0.035648 0.043490
0 0.240046 0.515234 0.068056 0.022656
0 0.781250 0.864193 0.067130 0.022656
0 0.109954 0.890234 0.030093 0.048698
0 0.719213 0.891536 0.072685 0.020052
0 0.871991 0.472005 0.035648 0.040365
0 0.828009 0.800391 0.031019 0.046094
0 0.953009 0.620703 0.031019 0.046094
0 0.802546 0.301693 0.081944 0.017448
0 0.828009 0.881120 0.031019 0.046094
0 0.281713 0.266276 0.031019 0.045573
0 0.337269 0.797786 0.068056 0.020052
0 0.182176 0.559245 0.035648 0.037760
0 0.741898 0.387630 0.034722 0.038281
0 0.820602 0.741797 0.034722 0.038281
0 0.362269 0.856380 0.034722 0.038281
0 0.378935 0.217057 0.086574 0.014844
0 0.904398 0.387630 0.026389 0.048698
0 0.893981 0.322526 0.033333 0.038281
0 0.921759 0.215755 0.033333 0.038281
0 0.275926 0.791276 0.033333 0.038281
0 0.348843 0.532161 0.063426 0.020052
0 0.969213 0.888932 0.035648 0.035677
0 0.478472 0.568620 0.063426 0.020052
0 0.103009 0.743099 0.062500 0.020052
0 0.515509 0.128516 0.081944 0.014844
0 0.589583 0.373047 0.026389 0.045573
0 0.628935 0.148047 0.031019 0.038281
0 0.489583 0.698828 0.020833 0.056510
0 0.767824 0.244401 0.021759 0.053906
0 0.760880 0.705339 0.035648 0.033073
0 0.964583 0.145833 0.026389 0.044271
0 0.378472 0.691016 0.057870 0.020052
0 0.591898 0.198828 0.077315 0.014844
0 0.184491 0.438411 0.077315 0.014844
0 0.746991 0.483984 0.026389 0.043490
0 0.678704 0.937109 0.065741 0.017448
0 0.735417 0.565755 0.077315 0.014323
0 0.536343 0.901693 0.077315 0.014323
0 0.159028 0.653255 0.063426 0.017448
0 0.878935 0.732682 0.031019 0.035677
0 0.189120 0.201432 0.031019 0.035677
0 0.813657 0.258464 0.076389 0.014323
0 0.520139 0.758724 0.026389 0.040885
0 0.709954 0.452474 0.063426 0.016927
0 0.675231 0.148047 0.021759 0.048698
0 0.851157 0.426693 0.086574 0.012240
0 0.471528 0.325130 0.031019 0.033073
0 0.494676 0.210547 0.031019 0.033073
0 0.936806 0.385026 0.026389 0.038281
0 0.851157 0.167578 0.068056 0.014844
0 0.540972 0.144141 0.068056 0.014844
0 0.163657 0.418880 0.026389 0.038281
0 0.230787 0.329036 0.068056 0.014844
0 0.043287 0.786068 0.026389 0.038281
0 0.911343 0.521745 0.021759 0.046094
0 0.758102 0.904557 0.067130 0.014844
0 0.336111 0.783203 0.084259 0.011719
0 0.369676 0.352214 0.068056 0.014323
0 0.795602 0.426693 0.021759 0.043490
0 0.124306 0.468359 0.077315 0.012240
0 0.233102 0.237240 0.026389 0.035937
0 0.814120 0.547786 0.031019 0.030469
0 0.608102 0.425391 0.063426 0.014844
0 0.885880 0.295182 0.026389 0.035677
0 0.309028 0.723568 0.076389 0.012240
0 0.191435 0.895443 0.017130 0.053906
0 0.605787 0.438151 0.031019 0.029948
0 0.444444 0.007161 0.078704 0.011719
0 0.428704 0.606380 0.075000 0.012240
0 0.362731 0.335286 0.054167 0.016927
0 0.133565 0.498307 0.021759 0.040885
0 0.594213 0.603776 0.072685 0.012240
0 0.825694 0.306901 0.072685 0.012240
0 0.297917 0.892839 0.072685 0.012240
0 0.181713 0.480729 0.053241 0.016146
0 0.924769 0.899349 0.057870 0.014844
0 0.202546 0.769141 0.020833 0.040885
0 0.448380 0.787370 0.086574 0.009635
0 0.531713 0.788411 0.049537 0.016927
0 0.431713 0.451432 0.016204 0.051302
0 0.619676 0.817318 0.068056 0.012240
0 0.304861 0.585547 0.021759 0.038281
0 0.817593 0.853776 0.065741 0.012240
0 0.589583 0.753516 0.026389 0.030469
0 0.109954 0.767839 0.020833 0.038281
0 0.733102 0.157161 0.017130 0.046094
0 0.540972 0.365495 0.077315 0.009635
0 0.790972 0.520833 0.021759 0.033854
0 0.446065 0.624349 0.026389 0.027344
0 0.936343 0.502214 0.016204 0.043490
0 0.140509 0.550391 0.072685 0.009635
0 0.618519 0.119401 0.056481 0.012240
0 0.476157 0.626953 0.058796 0.011719
0 0.604167 0.469401 0.074074 0.009115
0 0.149306 0.881120 0.016204 0.040885
0 0.459954 0.659766 0.026389 0.025260
0 0.115046 0.253516 0.021759 0.030469
0 0.219213 0.861589 0.017130 0.038281
0 0.892824 0.930599 0.068056 0.009635
0 0.633565 0.542318 0.021759 0.029948
0 0.837269 0.221615 0.077315 0.008333
0 0.435648 0.583984 0.070370 0.009115
0 0.598380 0.589453 0.062500 0.009635
0 0.073380 0.267188 0.021759 0.026562
0 0.862731 0.405859 0.017130 0.033073
0 0.543287 0.738932 0.017130 0.032552
0 0.807176 0.522786 0.017130 0.032552
0 0.468750 0.148047 0.016204 0.033073
0 0.765046 0.728125 0.016204 0.031771
0 0.339583 0.406250 0.017130 0.028646
0 0.145139 0.840755 0.017130 0.027865
0 0.316435 0.126562 0.017130 0.026562
0 0.948380 0.569922 0.012500 0.033073
0 0.774306 0.781901 0.016204 0.024740
0 0.841435 0.181641 0.057870 0.006510
0 0.496991 0.840495 0.054167 0.006510
0 0.915509 0.722266 0.011574 0.025260
