0 0.123148 0.780599 0.139815 0.032552
0 0.367361 0.084896 0.063426 0.057813
0 0.806713 0.622005 0.043981 0.079948
0 0.811343 0.564714 0.053241 0.064323
0 0.207639 0.685807 0.049537 0.056510
0 0.462269 0.181901 0.049537 0.053906
0 0.205324 0.567318 0.044907 0.059115
0 0.707639 0.493099 0.049537 0.051302
0 0.571065 0.772786 0.109722 0.022135
0 0.624306 0.562760 0.123611 0.018750
0 0.832639 0.784115 0.031019 0.065625
0 0.360417 0.567969 0.040278 0.050000
0 0.332639 0.908464 0.086574 0.022656
0 0.964583 0.143490 0.026389 0.070833
0 0.553241 0.602474 0.074074 0.025260
0 0.663657 0.521484 0.118981 0.014323
0 0.871991 0.066016 0.026389 0.061719
0 0.709491 0.904557 0.099537 0.014844
0 0.598843 0.164974 0.091204 0.014844
0 0.980787 0.396745 0.021759 0.061719
0 0.366204 0.636068 0.033333 0.040365
0 0.132407 0.808203 0.065741 0.020052
0 0.524769 0.541276 0.035648 0.033073
0 0.703009 0.920182 0.077315 0.014844
0 0.545602 0.568620 0.021759 0.051302
0 0.846065 0.292578 0.030093 0.035677
0 0.517824 0.663021 0.095833 0.010937
0 0.975694 0.621615 0.030093 0.033854
0 0.957639 0.477474 0.021759 0.046094
0 0.903935 0.238932 0.025463 0.037760
0 0.455324 0.506120 0.063426 0.014844
0 0.964583 0.652214 0.026389 0.035156
0 0.115046 0.795182 0.068056 0.009635
0 0.098843 0.993099 0.044907 0.009635
