0 0.214583 0.232682 0.081944 0.077344
0 0.844213 0.921484 0.165278 0.022656
0 0.543287 0.187109 0.109722 0.033073
0 0.339583 0.777995 0.100463 0.032552
0 0.054861 0.614844 0.049537 0.065625
0 0.062963 0.472917 0.047222 0.068229
0 0.642824 0.175391 0.123611 0.025260
0 0.621528 0.563151 0.118056 0.024740
0 0.853472 0.235286 0.054167 0.051302
0 0.524769 0.844661 0.109722 0.025260
0 0.811806 0.792578 0.109722 0.025260
0 0.955324 0.775651 0.035648 0.074740
0 0.023611 0.391536 0.033333 0.077344
0 0.459954 0.892839 0.091204 0.027865
0 0.906713 0.301693 0.086574 0.027865
0 0.820602 0.686458 0.090278 0.026562
0 0.964583 0.299089 0.035648 0.064323
0 0.186806 0.767839 0.100463 0.022656
0 0.436806 0.682943 0.091204 0.024740
0 0.922917 0.873047 0.091204 0.024740
0 0.403935 0.877865 0.043981 0.050000
0 0.075694 0.241797 0.044907 0.048698
0 0.453009 0.228776 0.095833 0.022656
0 0.369676 0.532161 0.031019 0.066927
0 0.237731 0.429297 0.118981 0.017448
0 0.334954 0.737891 0.081944 0.025260
0 0.811806 0.167578 0.044907 0.046094
0 0.631250 0.858984 0.091204 0.022656
0 0.818750 0.662370 0.040278 0.051302
0 0.531713 0.725521 0.077315 0.026562
0 0.637731 0.909115 0.085648 0.023958
0 0.040972 0.755859 0.040278 0.050781
0 0.103472 0.503516 0.035648 0.056510
0 0.844213 0.812500 0.044907 0.044271
0 0.596528 0.737891 0.031019 0.061719
0 0.617361 0.418880 0.109722 0.017448
0 0.811343 0.866797 0.043981 0.043490
0 0.853472 0.506771 0.035648 0.052604
0 0.473843 0.660807 0.109722 0.016927
0 0.749306 0.732682 0.040278 0.046094
0 0.619676 0.544531 0.077315 0.023958
0 0.075694 0.628516 0.035648 0.051302
0 0.464583 0.922786 0.091204 0.020052
0 0.797917 0.597266 0.035648 0.051302
0 0.325694 0.793620 0.035648 0.048177
0 0.902083 0.899089 0.086574 0.019531
0 0.401620 0.689453 0.039352 0.042969
0 0.712269 0.497005 0.031019 0.053906
0 0.371991 0.257422 0.072685 0.022656
0 0.962269 0.261328 0.040278 0.040885
0 0.823380 0.761328 0.040278 0.040885
0 0.446065 0.761328 0.081944 0.020052
0 0.196759 0.508073 0.120370 0.013542
0 0.726157 0.205990 0.040278 0.039583
0 0.358102 0.629818 0.026389 0.059115
0 0.170602 0.162370 0.105093 0.014844
0 0.196065 0.267839 0.035648 0.043490
0 0.506250 0.158203 0.091204 0.016927
0 0.207639 0.687109 0.086574 0.017448
0 0.462269 0.215495 0.068056 0.022135
0 0.204861 0.194661 0.034722 0.042969
0 0.751620 0.133073 0.109722 0.013542
0 0.490046 0.817057 0.086574 0.016927
0 0.862731 0.841406 0.026389 0.055208
0 0.733102 0.644141 0.035648 0.040885
0 0.941435 0.715755 0.081944 0.017448
0 0.582639 0.485286 0.031019 0.046094
0 0.689120 0.594401 0.095833 0.014323
0 0.249306 0.136328 0.068056 0.020052
0 0.672917 0.872005 0.035648 0.038281
0 0.784028 0.601172 0.035648 0.038281
0 0.307176 0.118099 0.026389 0.051302
0 0.781713 0.381120 0.021759 0.061719
0 0.516667 0.771484 0.093519 0.014323
0 0.522454 0.661068 0.105093 0.012240
0 0.240046 0.801693 0.021759 0.059115
0 0.270139 0.580339 0.026389 0.048698
0 0.709954 0.550391 0.063426 0.020052
0 0.293287 0.167578 0.063426 0.020052
0 0.714583 0.095964 0.072685 0.017448
0 0.626620 0.520443 0.072685 0.017448
0 0.753935 0.438411 0.031019 0.040885
0 0.346528 0.719401 0.086574 0.014323
0 0.603472 0.878255 0.063426 0.019531
0 0.348843 0.769141 0.081944 0.014844
0 0.883102 0.786719 0.030093 0.039583
0 0.763194 0.494401 0.031019 0.038281
0 0.929861 0.124609 0.068056 0.017448
0 0.763194 0.146745 0.058796 0.020052
0 0.535185 0.529557 0.028704 0.040885
0 0.744676 0.564453 0.031019 0.037760
0 0.665972 0.697266 0.021759 0.053385
0 0.760880 0.541276 0.026389 0.043490
0 0.851157 0.201432 0.077315 0.014844
0 0.893981 0.659115 0.033333 0.034375
0 0.269676 0.541016 0.034722 0.032552
0 0.459954 0.411068 0.091204 0.012240
0 0.668287 0.447526 0.063426 0.017448
0 0.844213 0.129818 0.063426 0.017448
0 0.740046 0.500911 0.031019 0.035677
0 0.426389 0.398047 0.033333 0.033073
0 0.478472 0.503516 0.072685 0.014844
0 0.890509 0.329036 0.026389 0.040885
0 0.108102 0.204036 0.026389 0.040885
0 0.964583 0.376953 0.063426 0.016927
0 0.582639 0.385026 0.086574 0.012240
0 0.860417 0.176693 0.021759 0.048698
0 0.823380 0.220964 0.031019 0.033073
0 0.365046 0.573828 0.068056 0.014844
0 0.957176 0.511328 0.067130 0.014844
0 0.595370 0.905859 0.056481 0.017448
0 0.415509 0.571224 0.020833 0.046094
0 0.749306 0.211849 0.031019 0.030469
0 0.115046 0.623307 0.031019 0.030469
0 0.950694 0.183203 0.063426 0.014844
0 0.566435 0.495703 0.026389 0.035677
0 0.560648 0.551693 0.024074 0.038281
0 0.656250 0.274349 0.030093 0.030469
0 0.304861 0.430599 0.021759 0.040885
0 0.529398 0.592708 0.054167 0.016146
0 0.862731 0.098568 0.026389 0.033073
0 0.763194 0.086849 0.058796 0.014844
0 0.675231 0.241146 0.077315 0.010937
0 0.152083 0.662109 0.058796 0.014323
0 0.927546 0.421484 0.017130 0.048698
0 0.781713 0.888932 0.086574 0.009635
0 0.780556 0.659766 0.056481 0.014844
0 0.785880 0.163411 0.030093 0.027344
0 0.883565 0.709896 0.021759 0.036979
0 0.715741 0.108984 0.065741 0.012240
0 0.446065 0.443620 0.054167 0.014844
0 0.402083 0.118490 0.021759 0.036458
0 0.343750 0.679297 0.016204 0.048698
0 0.246991 0.105078 0.081944 0.009635
0 0.922917 0.513932 0.017130 0.046094
0 0.022454 0.599870 0.021759 0.035677
0 0.816435 0.489844 0.017130 0.044792
0 0.450231 0.098568 0.062500 0.012240
0 0.640509 0.632422 0.017130 0.043490
0 0.978472 0.562109 0.017130 0.043490
0 0.450694 0.588151 0.017130 0.043490
0 0.922917 0.639583 0.017130 0.042188
0 0.165972 0.257422 0.021759 0.033073
0 0.804861 0.395443 0.021759 0.033073
0 0.802546 0.263932 0.017130 0.040885
0 0.932176 0.110286 0.072685 0.009635
0 0.350694 0.167318 0.048611 0.014323
0 0.784028 0.287109 0.017130 0.040365
0 0.121991 0.175130 0.072685 0.009115
0 0.709954 0.706380 0.072685 0.009115
0 0.862731 0.458984 0.072685 0.009115
0 0.448380 0.282161 0.021759 0.030469
0 0.876620 0.851172 0.017130 0.038281
0 0.950694 0.210547 0.017130 0.038281
0 0.788194 0.118099 0.025463 0.025260
0 0.248148 0.666016 0.019444 0.032552
0 0.631250 0.842057 0.063426 0.009635
0 0.904398 0.172786 0.017130 0.035677
0 0.154398 0.631120 0.017130 0.035677
0 0.671759 0.183203 0.061111 0.009635
0 0.302546 0.564714 0.017130 0.033073
0 0.534028 0.223828 0.017130 0.032552
0 0.712269 0.857422 0.058796 0.009115
0 0.790509 0.758724 0.020833 0.025260
0 0.413657 0.659766 0.017130 0.030469
0 0.742361 0.526953 0.017130 0.030469
0 0.760880 0.348568 0.072685 0.007031
0 0.846528 0.770443 0.021759 0.022656
0 0.230787 0.572266 0.040278 0.011719
0 0.161343 0.510677 0.049537 0.008333
0 0.950694 0.499609 0.017130 0.022656
0 0.855787 0.667578 0.040278 0.009635
0 0.083796 0.299089 0.014815 0.022656
0 0.538194 0.115495 0.016204 0.020052
