0 0.864583 0.869141 0.122685 0.042969
0 0.749306 0.193620 0.114352 0.035677
0 0.795602 0.219401 0.058796 0.066406
0 0.427083 0.782161 0.099537 0.030469
0 0.537500 0.401953 0.093519 0.030469
0 0.265509 0.172786 0.091204 0.030469
0 0.895139 0.162370 0.054167 0.051302
0 0.214583 0.370703 0.091204 0.030469
0 0.781713 0.903255 0.095833 0.027865
0 0.716898 0.434505 0.049537 0.053906
0 0.402083 0.118099 0.105093 0.025260
0 0.330324 0.714453 0.044907 0.056510
0 0.705324 0.905859 0.044907 0.053906
0 0.286343 0.900651 0.086574 0.027865
0 0.809491 0.171484 0.086574 0.027865
0 0.240046 0.411068 0.105093 0.022656
0 0.240046 0.206641 0.049537 0.046094
0 0.149769 0.781901 0.044907 0.050781
0 0.818750 0.149349 0.151389 0.014844
0 0.235417 0.407161 0.031019 0.072135
0 0.811343 0.456380 0.090278 0.024740
0 0.939120 0.507422 0.040278 0.053906
0 0.712269 0.264974 0.040278 0.053385
0 0.584954 0.201432 0.081944 0.025260
0 0.531250 0.901563 0.076389 0.026042
0 0.290972 0.213411 0.040278 0.048177
0 0.494213 0.767839 0.085648 0.022656
0 0.115046 0.704036 0.040278 0.046094
0 0.922917 0.685807 0.035648 0.051302
0 0.444907 0.895443 0.079630 0.022656
0 0.559491 0.569922 0.040278 0.043490
0 0.395139 0.741797 0.035648 0.048698
0 0.822917 0.792318 0.085648 0.019531
0 0.650926 0.616536 0.075000 0.022135
0 0.214120 0.853776 0.071759 0.022656
0 0.672917 0.559505 0.091204 0.017448
0 0.406713 0.161068 0.068056 0.022656
0 0.902083 0.760026 0.040278 0.038281
0 0.837269 0.590755 0.068056 0.022656
0 0.948380 0.619401 0.040278 0.038281
0 0.633565 0.398047 0.068056 0.022656
0 0.165509 0.222266 0.076389 0.020052
0 0.531250 0.226172 0.067130 0.022656
0 0.434028 0.369401 0.039352 0.038281
0 0.601157 0.662760 0.040278 0.036458
0 0.544444 0.533464 0.037963 0.038281
0 0.552083 0.464453 0.071759 0.020052
0 0.719213 0.474609 0.035648 0.040365
0 0.362731 0.414714 0.072685 0.019531
0 0.304398 0.266536 0.094907 0.014844
0 0.383102 0.300391 0.039352 0.035677
0 0.584954 0.181641 0.081944 0.016927
0 0.194444 0.338151 0.078704 0.017448
0 0.807176 0.757422 0.035648 0.038281
0 0.580324 0.688411 0.026389 0.051302
0 0.228472 0.157161 0.091204 0.014844
0 0.834954 0.276953 0.091204 0.014844
0 0.689120 0.423828 0.031019 0.042969
0 0.054398 0.247005 0.030093 0.043490
0 0.605787 0.493750 0.031019 0.042188
0 0.371991 0.668880 0.026389 0.048698
0 0.448380 0.216406 0.068056 0.018750
0 0.948380 0.730078 0.031019 0.040885
0 0.628935 0.649349 0.031019 0.040885
0 0.034028 0.756771 0.026389 0.047396
0 0.746991 0.266276 0.035648 0.035156
0 0.079861 0.284766 0.062500 0.020052
0 0.385417 0.802995 0.034722 0.035677
0 0.381250 0.140234 0.100463 0.012240
0 0.885880 0.905599 0.072685 0.016927
0 0.246991 0.761328 0.026389 0.046094
0 0.337269 0.400651 0.068056 0.017448
0 0.318750 0.459245 0.058796 0.020052
0 0.693750 0.674089 0.021759 0.053906
0 0.645139 0.197526 0.035648 0.033073
0 0.413657 0.661068 0.035648 0.033073
0 0.566435 0.151693 0.081944 0.014323
0 0.251620 0.733724 0.035648 0.032552
0 0.362731 0.233724 0.035648 0.032552
0 0.123843 0.166276 0.030093 0.038281
0 0.376620 0.497005 0.026389 0.043490
0 0.895139 0.577734 0.026389 0.043490
0 0.946065 0.473568 0.026389 0.043490
0 0.769676 0.226172 0.025463 0.043490
0 0.232639 0.283203 0.025463 0.042969
0 0.094213 0.901953 0.026389 0.040885
0 0.904398 0.633073 0.026389 0.039583
0 0.609954 0.526302 0.030093 0.034375
0 0.753935 0.457943 0.031019 0.033073
0 0.179861 0.392578 0.086574 0.011719
0 0.684491 0.743099 0.068056 0.014844
0 0.659028 0.481380 0.026389 0.038281
0 0.443750 0.422786 0.021759 0.046094
0 0.721528 0.531901 0.021759 0.045573
0 0.610417 0.690755 0.021759 0.045573
0 0.204861 0.181901 0.025463 0.038281
0 0.869676 0.370703 0.031019 0.030469
0 0.753935 0.225911 0.021759 0.042969
0 0.350694 0.780859 0.076389 0.012240
0 0.334954 0.219401 0.026389 0.035156
0 0.269676 0.319922 0.053241 0.017448
0 0.262037 0.145443 0.075000 0.012240
0 0.170602 0.172135 0.031019 0.029167
0 0.237731 0.801693 0.072685 0.012240
0 0.920602 0.599870 0.021759 0.040885
0 0.848843 0.262630 0.072685 0.012240
0 0.228472 0.345964 0.072685 0.012240
0 0.406713 0.206641 0.021759 0.040885
0 0.017824 0.258724 0.021759 0.040885
0 0.898611 0.306901 0.070370 0.012240
0 0.969213 0.497005 0.017130 0.048698
0 0.094213 0.300130 0.091204 0.009115
0 0.535880 0.351172 0.030093 0.027865
0 0.638194 0.457943 0.021759 0.038281
0 0.906713 0.564714 0.021759 0.038281
0 0.779398 0.529557 0.026389 0.030469
0 0.483102 0.605078 0.026389 0.030469
0 0.751157 0.507422 0.016204 0.048698
0 0.487731 0.120703 0.017130 0.046094
0 0.297917 0.141536 0.081944 0.009635
0 0.027083 0.362891 0.021759 0.035677
0 0.159028 0.372005 0.017130 0.043490
0 0.286343 0.762630 0.058796 0.012240
0 0.631250 0.503516 0.017130 0.040885
0 0.311806 0.204036 0.017130 0.040885
0 0.672454 0.404557 0.016204 0.040885
0 0.200694 0.877214 0.054167 0.012240
0 0.964583 0.442318 0.017130 0.038281
0 0.172917 0.894792 0.017130 0.036979
0 0.510880 0.652995 0.054167 0.011719
0 0.151620 0.282161 0.020833 0.030469
0 0.315278 0.255859 0.042593 0.014323
0 0.667130 0.164974 0.024074 0.025260
0 0.915972 0.382422 0.021759 0.027865
0 0.903935 0.782161 0.062500 0.009635
0 0.971528 0.777995 0.021759 0.027344
0 0.267361 0.292318 0.057870 0.009115
0 0.770139 0.151953 0.054167 0.009635
0 0.765509 0.370703 0.017130 0.030469
0 0.334954 0.851172 0.017130 0.027865
0 0.485417 0.409766 0.049537 0.009635
0 0.953009 0.762370 0.012500 0.037760
0 0.858102 0.571224 0.044907 0.009635
0 0.564120 0.252214 0.058796 0.007031
0 0.946065 0.706641 0.017130 0.020052
0 0.730787 0.385677 0.012500 0.023958
