0 0.057176 0.826432 0.072685 0.087760
0 0.775926 0.233984 0.065741 0.069531
0 0.520139 0.694922 0.063426 0.059115
0 0.212269 0.687109 0.105093 0.033073
0 0.763194 0.668880 0.040278 0.069531
0 0.108102 0.615234 0.044907 0.061198
0 0.212269 0.776693 0.086574 0.029948
0 0.144676 0.228776 0.090278 0.027865
0 0.567593 0.431250 0.093519 0.026562
0 0.065278 0.523047 0.088889 0.027865
0 0.897454 0.642839 0.040278 0.059115
0 0.244676 0.894141 0.114352 0.020052
0 0.531713 0.813411 0.049537 0.046094
0 0.598843 0.851172 0.100463 0.022656
0 0.735417 0.109635 0.049537 0.044792
0 0.323380 0.323828 0.086574 0.025260
0 0.315972 0.628516 0.108796 0.020052
0 0.832639 0.161068 0.095833 0.022656
0 0.314120 0.677995 0.105093 0.020052
0 0.066435 0.485286 0.044907 0.046094
0 0.483102 0.617448 0.044907 0.044792
0 0.221528 0.431901 0.086574 0.022656
0 0.453009 0.448828 0.077315 0.025260
0 0.330324 0.174089 0.044907 0.043490
0 0.642361 0.349870 0.076389 0.025260
0 0.305324 0.752214 0.039352 0.048698
0 0.665972 0.485026 0.077315 0.024740
0 0.289815 0.649349 0.093519 0.020052
0 0.645833 0.188411 0.092593 0.020052
0 0.265509 0.405859 0.081944 0.022656
0 0.675231 0.131120 0.040278 0.046094
0 0.552546 0.140234 0.081944 0.022656
0 0.696065 0.394141 0.044907 0.040885
0 0.233102 0.573177 0.035648 0.050000
0 0.561806 0.567318 0.100463 0.017448
0 0.198380 0.732682 0.031019 0.056510
0 0.300231 0.595964 0.077315 0.022656
0 0.494213 0.771745 0.085648 0.020052
0 0.131250 0.477474 0.081944 0.020052
0 0.663657 0.154297 0.081944 0.019531
0 0.611574 0.817318 0.070370 0.022656
0 0.596528 0.528646 0.086574 0.018229
0 0.163194 0.379818 0.090278 0.017448
0 0.638194 0.602474 0.105093 0.014844
0 0.809491 0.352474 0.077315 0.020052
0 0.459954 0.616797 0.035648 0.043490
0 0.476157 0.689714 0.068056 0.022656
0 0.883565 0.385026 0.031019 0.048698
0 0.304398 0.252214 0.039352 0.038281
0 0.422454 0.219661 0.099537 0.014844
0 0.228009 0.787370 0.099537 0.014844
0 0.376620 0.736589 0.081944 0.017448
0 0.496991 0.663672 0.081944 0.017448
0 0.225000 0.864844 0.075000 0.018750
0 0.161343 0.518490 0.031019 0.044792
0 0.383565 0.464193 0.095833 0.014323
0 0.612269 0.405599 0.081019 0.016927
0 0.212269 0.904557 0.068056 0.020052
0 0.578009 0.506120 0.068056 0.020052
0 0.543287 0.726172 0.035648 0.038281
0 0.503935 0.636328 0.068056 0.020052
0 0.524769 0.414974 0.026389 0.051302
0 0.781713 0.667578 0.021759 0.061719
0 0.749306 0.692318 0.031019 0.043490
0 0.165972 0.733984 0.031019 0.043490
0 0.336806 0.701432 0.067130 0.020052
0 0.043287 0.653646 0.026389 0.049479
0 0.945602 0.246094 0.071759 0.018229
0 0.142824 0.403255 0.105093 0.012240
0 0.304861 0.883724 0.086574 0.014844
0 0.159028 0.254818 0.026389 0.048698
0 0.272454 0.341406 0.068056 0.018750
0 0.302546 0.386328 0.063426 0.020052
0 0.922454 0.812109 0.025463 0.048698
0 0.824537 0.628516 0.061111 0.020052
0 0.082639 0.247005 0.068056 0.017448
0 0.189120 0.629818 0.068056 0.017448
0 0.207639 0.543880 0.021759 0.053906
0 0.897454 0.105078 0.058796 0.020052
0 0.750463 0.163672 0.024074 0.048698
0 0.634259 0.677995 0.078704 0.014844
0 0.534028 0.494401 0.026389 0.043490
0 0.204861 0.668880 0.034722 0.033073
0 0.267361 0.752214 0.020833 0.053906
0 0.837269 0.883724 0.021759 0.051302
0 0.605787 0.144141 0.021759 0.051302
0 0.508565 0.352214 0.077315 0.014323
0 0.221528 0.750651 0.077315 0.014323
0 0.513194 0.175391 0.031019 0.035677
0 0.837269 0.602214 0.031019 0.035156
0 0.848843 0.344661 0.072685 0.014844
0 0.446065 0.649089 0.026389 0.040365
0 0.212269 0.127214 0.021759 0.048698
0 0.645139 0.315755 0.072685 0.014323
0 0.164352 0.778906 0.055556 0.018750
0 0.605787 0.371745 0.086574 0.011719
0 0.540972 0.745703 0.068056 0.014844
0 0.434491 0.787370 0.068056 0.014844
0 0.304398 0.498307 0.067130 0.014844
0 0.767824 0.154297 0.021759 0.045573
0 0.517824 0.508073 0.021759 0.044792
0 0.833796 0.445964 0.024074 0.040365
0 0.575694 0.895182 0.081944 0.011719
0 0.822917 0.563411 0.020833 0.046094
0 0.869676 0.454036 0.031019 0.030469
0 0.121991 0.257422 0.054167 0.017448
0 0.580324 0.715755 0.054167 0.017448
0 0.626620 0.360286 0.063426 0.014844
0 0.420139 0.166276 0.076389 0.012240
0 0.755787 0.489193 0.053241 0.017448
0 0.409028 0.432943 0.026389 0.035156
0 0.571065 0.806250 0.081944 0.010937
0 0.476852 0.132422 0.050926 0.017448
0 0.251620 0.381771 0.054167 0.016146
0 0.517824 0.817969 0.021759 0.039583
0 0.469213 0.992448 0.063426 0.013542
0 0.115046 0.123047 0.058796 0.014323
0 0.792824 0.457943 0.025463 0.033073
0 0.966898 0.385026 0.021759 0.038281
0 0.087269 0.845964 0.021759 0.038281
0 0.480787 0.418880 0.021759 0.038281
0 0.816435 0.735286 0.026389 0.030469
0 0.186806 0.399349 0.054167 0.014844
0 0.396296 0.304297 0.028704 0.027865
0 0.941435 0.427995 0.017130 0.046094
0 0.640046 0.332943 0.062500 0.012240
0 0.443750 0.118099 0.077315 0.009635
0 0.920602 0.549089 0.021759 0.033073
0 0.383565 0.825130 0.021759 0.033073
0 0.207639 0.424089 0.058796 0.012240
0 0.309028 0.713151 0.057870 0.012240
0 0.468750 0.812109 0.016204 0.043490
0 0.578704 0.663411 0.060185 0.011719
0 0.760880 0.795833 0.017130 0.036979
0 0.440278 0.731380 0.051852 0.012240
0 0.943750 0.128255 0.068056 0.009115
0 0.836806 0.810547 0.067130 0.009115
0 0.617361 0.091406 0.044907 0.013542
0 0.374306 0.155859 0.049537 0.012240
0 0.686806 0.424089 0.017130 0.033073
0 0.394444 0.662370 0.055556 0.009635
0 0.556713 0.642578 0.016204 0.032552
0 0.772454 0.752214 0.021759 0.022656
0 0.540509 0.461849 0.048611 0.009635
0 0.851157 0.181250 0.021759 0.021354
0 0.677546 0.798828 0.063426 0.006510
0 0.179861 0.541276 0.012500 0.033073
0 0.582639 0.472266 0.040278 0.009635
0 0.873843 0.779557 0.011574 0.030469
0 0.851157 0.653255 0.049537 0.007031
