0 0.100000 0.982031 0.195370 0.034375
0 0.905556 0.779557 0.139815 0.035677
0 0.286343 0.631120 0.151389 0.030469
0 0.885880 0.852474 0.156019 0.025260
0 0.056713 0.502214 0.053241 0.064323
0 0.709954 0.124609 0.100463 0.033073
0 0.621991 0.748307 0.044907 0.072135
0 0.730787 0.446224 0.105093 0.030469
0 0.323380 0.515234 0.095833 0.033073
0 0.351157 0.422526 0.095833 0.029948
0 0.735417 0.873307 0.049537 0.056510
0 0.050231 0.672526 0.086574 0.029948
0 0.782870 0.122396 0.051852 0.049479
0 0.844213 0.829036 0.100463 0.025260
0 0.818750 0.570964 0.049537 0.050781
0 0.525926 0.615495 0.093519 0.025260
0 0.165972 0.631771 0.142130 0.016146
0 0.479630 0.523698 0.047222 0.044792
0 0.918287 0.883724 0.044907 0.046094
0 0.705324 0.339453 0.044907 0.046094
0 0.880787 0.172786 0.043981 0.046094
0 0.881250 0.463802 0.081944 0.023958
0 0.040972 0.270443 0.040278 0.048698
0 0.138194 0.814063 0.031019 0.063021
0 0.256250 0.598568 0.044907 0.043490
0 0.206481 0.266536 0.093519 0.020052
0 0.730787 0.802734 0.095833 0.019531
0 0.100694 0.821224 0.030093 0.061719
0 0.295602 0.417578 0.040278 0.046094
0 0.936806 0.875911 0.072685 0.025260
0 0.126620 0.209245 0.035648 0.051302
0 0.223843 0.125911 0.035648 0.051302
0 0.413657 0.376563 0.081944 0.021354
0 0.191435 0.431901 0.072685 0.022656
0 0.365046 0.680599 0.040278 0.040885
0 0.135880 0.611589 0.072685 0.022656
0 0.640509 0.099870 0.081944 0.020052
0 0.626620 0.347266 0.035648 0.046094
0 0.322222 0.742448 0.084259 0.018750
0 0.905556 0.394141 0.037963 0.040885
0 0.295602 0.148047 0.068056 0.022656
0 0.159028 0.139974 0.035648 0.042969
0 0.110417 0.645182 0.040278 0.037760
0 0.892824 0.689714 0.031019 0.048698
0 0.089583 0.500911 0.026389 0.056510
0 0.029398 0.631120 0.026389 0.056510
0 0.781250 0.400391 0.039352 0.037760
0 0.703009 0.400000 0.031019 0.047396
0 0.714120 0.704036 0.071759 0.020052
0 0.501157 0.196224 0.071759 0.020052
0 0.728472 0.292318 0.035648 0.040365
0 0.793287 0.455339 0.026389 0.053906
0 0.608102 0.847005 0.072685 0.019531
0 0.858102 0.146094 0.035648 0.039583
0 0.186806 0.530599 0.063426 0.022135
0 0.561806 0.362891 0.026389 0.051302
0 0.036343 0.184505 0.031019 0.043490
0 0.422454 0.461849 0.025463 0.051302
0 0.510880 0.687109 0.026389 0.048698
0 0.631250 0.829036 0.035648 0.035677
0 0.316435 0.842057 0.035648 0.035677
0 0.154398 0.170182 0.035648 0.035677
0 0.902083 0.581641 0.031019 0.040885
0 0.383565 0.342057 0.031019 0.040885
0 0.237269 0.170182 0.062500 0.020052
0 0.454861 0.864193 0.071759 0.017448
0 0.934491 0.829688 0.077315 0.016146
0 0.552083 0.125911 0.034722 0.035677
0 0.811806 0.412370 0.026389 0.046094
0 0.233102 0.727474 0.026389 0.046094
0 0.425231 0.606771 0.021759 0.054688
0 0.485417 0.762630 0.068056 0.017448
0 0.068750 0.611589 0.068056 0.017448
0 0.078009 0.431901 0.031019 0.038281
0 0.574537 0.862891 0.079630 0.014844
0 0.943750 0.408464 0.021759 0.053906
0 0.475694 0.163672 0.067130 0.017448
0 0.679398 0.827734 0.067130 0.017448
0 0.753935 0.684245 0.031019 0.037760
0 0.874306 0.145182 0.031019 0.037760
0 0.625463 0.186849 0.098148 0.011719
0 0.434028 0.223568 0.030093 0.038281
0 0.790972 0.722266 0.077315 0.014844
0 0.841898 0.259375 0.021759 0.052604
0 0.170602 0.667578 0.077315 0.014844
0 0.193750 0.891536 0.077315 0.014844
0 0.533565 0.254818 0.034722 0.033073
0 0.779398 0.613932 0.026389 0.042969
0 0.545139 0.754818 0.020833 0.053906
0 0.611111 0.264583 0.069444 0.016146
0 0.455324 0.116797 0.091204 0.012240
0 0.308333 0.822266 0.065741 0.016927
0 0.904398 0.284766 0.026389 0.040885
0 0.848843 0.433203 0.026389 0.040885
0 0.700694 0.589453 0.026389 0.040885
0 0.709954 0.289974 0.026389 0.040885
0 0.293287 0.162370 0.072685 0.014844
0 0.575694 0.822266 0.091204 0.011719
0 0.057176 0.550130 0.026389 0.040365
0 0.402083 0.666276 0.086574 0.012240
0 0.962269 0.418880 0.021759 0.048698
0 0.716898 0.207943 0.086574 0.012240
0 0.599306 0.887370 0.090278 0.011719
0 0.777083 0.380208 0.031019 0.033854
0 0.207639 0.780859 0.031019 0.033073
0 0.610417 0.903255 0.058796 0.017448
0 0.822917 0.177083 0.030093 0.033854
0 0.521296 0.830990 0.075000 0.013542
0 0.709954 0.617448 0.054167 0.018750
0 0.540972 0.800391 0.068056 0.014844
0 0.355787 0.441016 0.068056 0.014844
0 0.086806 0.174089 0.057870 0.017448
0 0.665972 0.651693 0.021759 0.045573
0 0.976157 0.565755 0.021759 0.045573
0 0.597685 0.696875 0.061111 0.016146
0 0.728472 0.233724 0.081944 0.011719
0 0.195602 0.366536 0.081019 0.011719
0 0.490046 0.455339 0.021759 0.043490
0 0.652083 0.351172 0.021759 0.043490
0 0.767824 0.542578 0.031019 0.030469
0 0.582639 0.357682 0.031019 0.030469
0 0.271991 0.262630 0.076389 0.012240
0 0.902083 0.330078 0.021759 0.042969
0 0.677546 0.411068 0.017130 0.053906
0 0.763194 0.084896 0.021759 0.042188
0 0.946065 0.668620 0.054167 0.016927
0 0.915972 0.245703 0.021759 0.040885
0 0.807176 0.072526 0.072685 0.012240
0 0.737731 0.086849 0.017130 0.051302
0 0.638194 0.526693 0.021759 0.040365
0 0.295139 0.269141 0.057870 0.014844
0 0.584954 0.712891 0.072685 0.011719
0 0.635880 0.629167 0.026389 0.031771
0 0.652083 0.450391 0.049537 0.016927
0 0.392824 0.689714 0.021759 0.038281
0 0.351157 0.608984 0.021759 0.038281
0 0.360417 0.728776 0.068056 0.012240
0 0.846528 0.580078 0.021759 0.037760
0 0.478472 0.185807 0.054167 0.014844
0 0.822917 0.155859 0.020833 0.038281
0 0.538194 0.676693 0.016204 0.048698
0 0.218750 0.193620 0.053241 0.014844
0 0.211806 0.345703 0.020833 0.037760
0 0.740046 0.482682 0.021759 0.035677
0 0.376620 0.137630 0.063426 0.012240
0 0.126157 0.528255 0.062500 0.012240
0 0.499306 0.727474 0.077315 0.009635
0 0.420602 0.188411 0.077315 0.009635
0 0.103472 0.101172 0.017130 0.043490
0 0.779398 0.160807 0.017130 0.042969
0 0.401620 0.842708 0.067130 0.010937
0 0.309491 0.476172 0.021759 0.033073
0 0.402083 0.291276 0.058796 0.012240
0 0.654398 0.516927 0.017130 0.041667
0 0.057176 0.821224 0.017130 0.040885
0 0.825694 0.555599 0.017130 0.040885
0 0.711806 0.716797 0.076389 0.009115
0 0.302546 0.602214 0.017130 0.040365
0 0.404398 0.457943 0.017130 0.038281
0 0.163194 0.189714 0.016204 0.038281
0 0.871991 0.378516 0.017130 0.035677
0 0.362731 0.128516 0.063426 0.009635
0 0.758565 0.624609 0.021759 0.027865
0 0.478472 0.278255 0.017130 0.033073
0 0.670602 0.878516 0.058796 0.009635
0 0.103472 0.306250 0.017130 0.031771
0 0.946065 0.448828 0.017130 0.030469
0 0.913657 0.209245 0.017130 0.030469
0 0.769676 0.473568 0.016204 0.027865
0 0.554398 0.629167 0.057870 0.005729
0 0.776620 0.288672 0.011574 0.027865
0 0.707639 0.995052 0.031019 0.008333
0 0.186343 0.003516 0.025463 0.004427
