0 0.578009 0.844661 0.197685 0.040885
0 0.904398 0.562109 0.063426 0.079948
0 0.325231 0.852474 0.164352 0.030469
0 0.492361 0.321875 0.128241 0.036979
0 0.399769 0.537370 0.109722 0.035677
0 0.501620 0.213151 0.054167 0.064323
0 0.814120 0.076432 0.132870 0.025260
0 0.642824 0.157161 0.105093 0.030469
0 0.334954 0.812109 0.118981 0.022656
0 0.489583 0.442318 0.113426 0.022656
0 0.885880 0.112891 0.100463 0.025260
0 0.589583 0.310807 0.044907 0.051302
0 0.973843 0.700130 0.044907 0.048698
0 0.084954 0.308203 0.035648 0.051302
0 0.890509 0.010026 0.091204 0.017448
0 0.941435 0.612891 0.026389 0.056510
0 0.082639 0.492448 0.031019 0.044792
0 0.463426 0.331641 0.065741 0.020052
0 0.432176 0.755859 0.091204 0.014323
0 0.635880 0.459635 0.035648 0.036458
0 0.984259 0.595573 0.028704 0.044271
0 0.538657 0.598568 0.072685 0.017448
0 0.399306 0.887630 0.025463 0.048698
0 0.598843 0.106120 0.100463 0.011719
0 0.591898 0.142578 0.095833 0.011719
0 0.285880 0.851172 0.085648 0.012240
0 0.143981 0.787370 0.024074 0.040885
0 0.642824 0.275651 0.077315 0.012240
0 0.624306 0.075781 0.068056 0.013542
0 0.927083 0.291276 0.016204 0.053906
0 0.913657 0.469401 0.017130 0.050781
0 0.522454 0.076432 0.086574 0.009635
0 0.825231 0.101172 0.025463 0.027865
0 0.527083 0.048828 0.058796 0.011719
0 0.883565 0.189453 0.021759 0.027344
0 0.098843 0.993099 0.044907 0.009635
0 0.874306 0.764193 0.012500 0.029948
