0 0.040972 0.829036 0.077315 0.098177
0 0.578009 0.672786 0.068056 0.082552
0 0.814120 0.140234 0.142130 0.038281
0 0.913657 0.468359 0.063426 0.064323
0 0.448380 0.910807 0.142130 0.027344
0 0.480787 0.769141 0.123611 0.030469
0 0.786343 0.875911 0.105093 0.035677
0 0.785185 0.595964 0.047222 0.074740
0 0.939120 0.704036 0.040278 0.077344
0 0.126620 0.733724 0.044907 0.063802
0 0.631250 0.258724 0.054167 0.051302
0 0.809491 0.226172 0.049537 0.053906
0 0.929861 0.180339 0.086574 0.029948
0 0.890509 0.896745 0.100463 0.025260
0 0.302546 0.515234 0.109722 0.022656
0 0.478472 0.880859 0.100463 0.024740
0 0.420602 0.765234 0.040278 0.059115
0 0.744676 0.207943 0.105093 0.022656
0 0.462269 0.817969 0.095833 0.023958
0 0.177546 0.616797 0.044907 0.048698
0 0.070602 0.760026 0.043981 0.048698
0 0.409028 0.560807 0.044907 0.046094
0 0.514352 0.637630 0.088889 0.022656
0 0.280556 0.841406 0.102778 0.018750
0 0.321065 0.608984 0.035648 0.053906
0 0.466435 0.683203 0.094907 0.020052
0 0.725000 0.925391 0.093519 0.020052
0 0.015509 0.814714 0.026389 0.069531
0 0.853472 0.740495 0.044907 0.040885
0 0.575694 0.607682 0.035648 0.051302
0 0.811806 0.774089 0.035648 0.050781
0 0.393981 0.760026 0.033333 0.053906
0 0.874306 0.594010 0.095833 0.018750
0 0.821065 0.182943 0.072685 0.024740
0 0.513194 0.478516 0.105093 0.016927
0 0.274769 0.177734 0.091204 0.019531
0 0.248843 0.645182 0.039352 0.042969
0 0.716898 0.275391 0.031019 0.053385
0 0.455324 0.381120 0.035648 0.046094
0 0.871991 0.206641 0.081944 0.020052
0 0.657870 0.536068 0.033333 0.048698
0 0.751620 0.636068 0.081944 0.019531
0 0.828009 0.433203 0.105093 0.014844
0 0.492361 0.158464 0.035648 0.043490
0 0.258565 0.537370 0.077315 0.020052
0 0.566435 0.556901 0.035648 0.043490
0 0.874306 0.528255 0.040278 0.038281
0 0.270139 0.570964 0.035648 0.040365
0 0.774769 0.237630 0.035648 0.040365
0 0.406713 0.235286 0.031019 0.046094
0 0.413657 0.669922 0.072685 0.019531
0 0.601157 0.695573 0.031019 0.044792
0 0.145139 0.152995 0.081944 0.016927
0 0.439120 0.162370 0.068056 0.020052
0 0.890509 0.175391 0.091204 0.014844
0 0.237731 0.581641 0.026389 0.051302
0 0.491898 0.544922 0.090278 0.014323
0 0.638194 0.697526 0.021759 0.059115
0 0.626620 0.622005 0.026389 0.048698
0 0.365046 0.282161 0.086574 0.014844
0 0.844213 0.166276 0.072685 0.017448
0 0.491898 0.507422 0.025463 0.048698
0 0.385880 0.137630 0.100463 0.012240
0 0.420139 0.513932 0.030093 0.040885
0 0.273611 0.491797 0.098148 0.012240
0 0.946065 0.799089 0.035648 0.033073
0 0.219213 0.780469 0.026389 0.044271
0 0.668287 0.168620 0.035648 0.032552
0 0.235417 0.164974 0.077315 0.014844
0 0.388194 0.217448 0.021759 0.052083
0 0.598843 0.194922 0.091204 0.012240
0 0.834954 0.291276 0.091204 0.012240
0 0.270139 0.551693 0.091204 0.012240
0 0.709954 0.545833 0.026389 0.042188
0 0.811806 0.730729 0.026389 0.042188
0 0.570602 0.148047 0.090278 0.012240
0 0.656713 0.573177 0.058796 0.018750
0 0.828009 0.521484 0.031019 0.035156
0 0.631250 0.427995 0.072685 0.014844
0 0.723843 0.758724 0.072685 0.014844
0 0.608102 0.271745 0.026389 0.040885
0 0.649769 0.607422 0.026389 0.040365
0 0.828009 0.486589 0.021759 0.048698
0 0.152083 0.642839 0.031019 0.033073
0 0.328009 0.537370 0.068056 0.014844
0 0.369676 0.818620 0.068056 0.014844
0 0.691435 0.937109 0.081944 0.012240
0 0.300694 0.154557 0.067130 0.014844
0 0.181713 0.215755 0.081019 0.012240
0 0.227315 0.507422 0.079630 0.012240
0 0.679861 0.429948 0.021759 0.044792
0 0.953009 0.559896 0.021759 0.044271
0 0.109954 0.651953 0.020833 0.046094
0 0.334491 0.241536 0.025463 0.037760
0 0.582639 0.213151 0.077315 0.012240
0 0.661343 0.679297 0.021759 0.043490
0 0.078009 0.244401 0.077315 0.012240
0 0.103472 0.508724 0.063426 0.014844
0 0.744676 0.236328 0.021759 0.042969
0 0.462269 0.796224 0.077315 0.011719
0 0.707639 0.498307 0.021759 0.040885
0 0.566435 0.908464 0.072685 0.012240
0 0.853472 0.275651 0.072685 0.012240
0 0.274769 0.864193 0.072685 0.012240
0 0.128935 0.175391 0.021759 0.040885
0 0.652083 0.493099 0.021759 0.040885
0 0.270139 0.155859 0.072685 0.012240
0 0.365046 0.524349 0.021759 0.040885
0 0.027083 0.730078 0.021759 0.040885
0 0.061806 0.563411 0.017130 0.051302
0 0.966898 0.604818 0.021759 0.040365
0 0.793287 0.192318 0.026389 0.033073
0 0.617361 0.681901 0.026389 0.033073
0 0.281713 0.681901 0.021759 0.038281
0 0.790972 0.353776 0.068056 0.012240
0 0.911343 0.523047 0.021759 0.038281
0 0.892824 0.601172 0.068056 0.012240
0 0.837269 0.538411 0.021759 0.037760
0 0.165972 0.678646 0.021759 0.036979
0 0.418287 0.844661 0.054167 0.014844
0 0.603472 0.175391 0.081944 0.009635
0 0.159028 0.835547 0.063426 0.012240
0 0.115046 0.534766 0.021759 0.035677
0 0.297917 0.646484 0.054167 0.014323
0 0.142824 0.591406 0.021759 0.034375
0 0.054861 0.886328 0.077315 0.009635
0 0.369676 0.792578 0.077315 0.009635
0 0.300231 0.845313 0.068056 0.010937
0 0.233102 0.765234 0.026389 0.027865
0 0.207639 0.189714 0.021759 0.033073
0 0.503935 0.598568 0.021759 0.033073
0 0.914815 0.558594 0.019444 0.036458
0 0.818750 0.764974 0.021759 0.032552
0 0.783565 0.510026 0.025463 0.027865
0 0.964583 0.503516 0.017130 0.040885
0 0.112731 0.784766 0.017130 0.040885
0 0.209954 0.586849 0.017130 0.040885
0 0.608102 0.529557 0.017130 0.040885
0 0.219213 0.138932 0.072685 0.009635
0 0.109259 0.599870 0.019444 0.035677
0 0.753935 0.278906 0.021759 0.031771
0 0.479630 0.812109 0.056481 0.012240
0 0.871991 0.322526 0.054167 0.012240
0 0.446065 0.676693 0.054167 0.012240
0 0.459491 0.197526 0.053241 0.012240
0 0.841898 0.781901 0.021759 0.029948
0 0.160880 0.717448 0.020833 0.031250
0 0.529398 0.201432 0.017130 0.035677
0 0.222685 0.518880 0.042593 0.014323
0 0.538657 0.531901 0.017130 0.035156
0 0.654398 0.726172 0.017130 0.033073
0 0.691435 0.671224 0.017130 0.032552
0 0.300231 0.717057 0.021759 0.025260
0 0.242361 0.260026 0.044907 0.012240
0 0.564120 0.823568 0.058796 0.009115
0 0.786343 0.618750 0.021759 0.021354
0 0.089583 0.535417 0.017130 0.026562
0 0.718750 0.405859 0.016204 0.027865
0 0.695602 0.140234 0.016204 0.022656
0 0.179861 0.551693 0.012500 0.027865
0 0.418287 0.878516 0.017130 0.020052
0 0.943750 0.259375 0.058796 0.005729
