0 0.887037 0.025651 0.223148 0.043490
0 0.154398 0.863932 0.091204 0.089844
0 0.096528 0.819922 0.077315 0.074740
0 0.135880 0.715755 0.128241 0.038281
0 0.635880 0.288672 0.118981 0.038281
0 0.867361 0.719661 0.146759 0.030469
0 0.572222 0.163672 0.065741 0.064323
0 0.112731 0.612891 0.063426 0.061719
0 0.186343 0.448828 0.108796 0.035677
0 0.480324 0.168880 0.131944 0.027865
0 0.749306 0.319271 0.105093 0.031771
0 0.707639 0.783203 0.049537 0.058594
0 0.540509 0.420182 0.113426 0.025260
0 0.630093 0.370703 0.042593 0.066927
0 0.862731 0.063411 0.091204 0.030469
0 0.022454 0.297786 0.040278 0.066927
0 0.728472 0.250911 0.044907 0.056510
0 0.336806 0.243099 0.048611 0.051302
0 0.226157 0.317318 0.049537 0.048698
0 0.091435 0.895182 0.085648 0.027344
0 0.304861 0.282161 0.049537 0.046094
0 0.142824 0.556901 0.040278 0.053906
0 0.506250 0.288672 0.035648 0.059115
0 0.853472 0.526953 0.044907 0.046094
0 0.066435 0.586198 0.035648 0.055208
0 0.362731 0.911719 0.035648 0.055208
0 0.307176 0.895443 0.044907 0.043490
0 0.807176 0.317318 0.044907 0.043490
0 0.443750 0.776953 0.095833 0.020052
0 0.619676 0.533203 0.086574 0.022135
0 0.074537 0.371094 0.033333 0.057292
0 0.147454 0.776953 0.031019 0.056510
0 0.258565 0.856380 0.077315 0.022656
0 0.774769 0.374609 0.035648 0.048698
0 0.893981 0.235026 0.042593 0.040365
0 0.545602 0.364193 0.031019 0.053906
0 0.575694 0.222005 0.081944 0.019531
0 0.272454 0.657161 0.105093 0.014844
0 0.411343 0.183203 0.077315 0.020052
0 0.499306 0.146745 0.077315 0.020052
0 0.860417 0.239193 0.040278 0.038281
0 0.876620 0.884375 0.026389 0.057813
0 0.865046 0.635026 0.031019 0.048698
0 0.887731 0.319922 0.039352 0.038281
0 0.862731 0.542578 0.035648 0.040885
0 0.079861 0.552995 0.025463 0.056510
0 0.209954 0.188151 0.035648 0.040365
0 0.943750 0.399349 0.031019 0.046094
0 0.649306 0.898047 0.081019 0.017448
0 0.390509 0.890234 0.035648 0.038281
0 0.198380 0.608984 0.031019 0.043490
0 0.267824 0.504818 0.077315 0.017448
0 0.068750 0.261328 0.021759 0.061719
0 0.733102 0.622266 0.035648 0.037760
0 0.325694 0.730729 0.035648 0.036979
0 0.684491 0.459245 0.086574 0.014844
0 0.334954 0.770443 0.026389 0.048698
0 0.044444 0.427734 0.065741 0.019531
0 0.811806 0.761328 0.035648 0.035677
0 0.858102 0.297786 0.063426 0.020052
0 0.559491 0.284766 0.031019 0.040885
0 0.510417 0.163672 0.071759 0.017448
0 0.545602 0.730729 0.077315 0.016146
0 0.209954 0.124349 0.072685 0.016927
0 0.191435 0.730078 0.081944 0.014844
0 0.283565 0.894792 0.025463 0.047396
0 0.340741 0.860286 0.019444 0.061719
0 0.170602 0.163672 0.031019 0.038281
0 0.125463 0.489193 0.024074 0.048698
0 0.365046 0.866146 0.031019 0.036979
0 0.253472 0.911068 0.020833 0.053906
0 0.744676 0.922526 0.077315 0.014323
0 0.255787 0.137630 0.090278 0.012240
0 0.865046 0.917578 0.031019 0.035677
0 0.376620 0.153255 0.063426 0.017448
0 0.510880 0.480078 0.072685 0.014844
0 0.080324 0.751953 0.063426 0.016927
0 0.230787 0.148047 0.058796 0.017448
0 0.184491 0.640234 0.058796 0.017448
0 0.869676 0.288672 0.058796 0.017448
0 0.147454 0.629818 0.031019 0.033073
0 0.615046 0.795182 0.105093 0.009635
0 0.410880 0.598568 0.020833 0.048698
0 0.103472 0.666276 0.026389 0.038281
0 0.230787 0.646745 0.068056 0.014844
0 0.638194 0.112891 0.068056 0.014844
0 0.165972 0.381120 0.021759 0.046094
0 0.277083 0.925391 0.021759 0.046094
0 0.626157 0.151302 0.071759 0.013542
0 0.684028 0.206641 0.020833 0.046094
0 0.684028 0.149349 0.020833 0.046094
0 0.943750 0.796484 0.021759 0.043490
0 0.226157 0.702734 0.021759 0.043490
0 0.304861 0.700130 0.021759 0.043490
0 0.939120 0.663672 0.021759 0.043490
0 0.286343 0.711849 0.031019 0.030469
0 0.714583 0.771745 0.026389 0.035677
0 0.459954 0.373307 0.026389 0.035677
0 0.874769 0.840755 0.076389 0.012240
0 0.054861 0.492839 0.031019 0.029948
0 0.196759 0.108984 0.074074 0.012240
0 0.867361 0.715755 0.072685 0.012240
0 0.200694 0.562109 0.072685 0.012240
0 0.873843 0.678646 0.020833 0.042188
0 0.175231 0.524089 0.021759 0.040365
0 0.100694 0.359635 0.030093 0.029167
0 0.064120 0.870052 0.021759 0.039583
0 0.190972 0.153255 0.025463 0.033073
0 0.809491 0.737891 0.086574 0.009635
0 0.740046 0.718359 0.021759 0.038281
0 0.603472 0.274349 0.026389 0.030469
0 0.511574 0.122005 0.064815 0.012240
0 0.848843 0.319922 0.063426 0.012240
0 0.828009 0.232682 0.021759 0.035677
0 0.355787 0.782161 0.021759 0.035677
0 0.339120 0.893880 0.016204 0.045573
0 0.432176 0.275651 0.026389 0.027865
0 0.749306 0.822526 0.021759 0.033073
0 0.955324 0.673177 0.017130 0.041667
0 0.704861 0.213151 0.016204 0.043490
0 0.262731 0.101172 0.057870 0.012240
0 0.755787 0.723568 0.016204 0.043490
0 0.029398 0.589453 0.017130 0.040885
0 0.040972 0.469401 0.021759 0.029948
0 0.584954 0.123307 0.017130 0.035677
0 0.751620 0.097266 0.063426 0.009635
0 0.487731 0.110286 0.063426 0.009635
0 0.964583 0.849870 0.017130 0.035677
0 0.779398 0.886068 0.017130 0.035156
0 0.236574 0.245703 0.061111 0.009635
0 0.420602 0.198828 0.058796 0.009635
0 0.934491 0.750651 0.021759 0.024740
0 0.355324 0.680339 0.057870 0.009115
0 0.355787 0.736589 0.040278 0.012240
0 0.611111 0.917578 0.050926 0.009635
0 0.080324 0.338151 0.035648 0.012240
0 0.609954 0.316016 0.011574 0.035677
0 0.405093 0.491797 0.055556 0.007031
