0 0.535880 0.619401 0.224537 0.043490
0 0.095370 0.982031 0.186111 0.034375
0 0.647454 0.157812 0.058796 0.099479
0 0.816435 0.551693 0.165278 0.027865
0 0.937963 0.653255 0.065741 0.069531
0 0.711806 0.488932 0.113426 0.037760
0 0.223843 0.445964 0.118981 0.035156
0 0.403241 0.461589 0.116667 0.035156
0 0.936806 0.055599 0.109722 0.035677
0 0.294444 0.847917 0.056481 0.068229
0 0.619676 0.519141 0.151389 0.025260
0 0.411343 0.155599 0.105093 0.032552
0 0.700694 0.105078 0.054167 0.061719
0 0.112731 0.814714 0.054167 0.059115
0 0.383565 0.379818 0.095833 0.033073
0 0.656713 0.796484 0.132870 0.022656
0 0.371991 0.551693 0.054167 0.053906
0 0.709954 0.378516 0.054167 0.051302
0 0.876620 0.618099 0.035648 0.077344
0 0.121991 0.232682 0.035648 0.072135
0 0.159028 0.659766 0.128241 0.020052
0 0.161343 0.202734 0.049537 0.048698
0 0.531713 0.562109 0.095833 0.022656
0 0.142824 0.851172 0.123611 0.017448
0 0.656713 0.354818 0.086574 0.024740
0 0.365741 0.587891 0.087963 0.022135
0 0.608102 0.300391 0.091204 0.020052
0 0.260880 0.521745 0.026389 0.066927
0 0.212269 0.860286 0.031019 0.056510
0 0.341435 0.507161 0.076389 0.022135
0 0.332639 0.447526 0.031019 0.053906
0 0.730787 0.069922 0.095833 0.017448
0 0.785185 0.663672 0.028704 0.048698
0 0.652083 0.526953 0.077315 0.014844
0 0.101157 0.274349 0.021759 0.051302
0 0.855787 0.166927 0.021759 0.050000
0 0.103472 0.774349 0.072685 0.014844
0 0.441435 0.485286 0.026389 0.040885
0 0.584954 0.512370 0.081944 0.011719
0 0.628935 0.085547 0.077315 0.012240
0 0.722685 0.059245 0.070370 0.011719
0 0.107639 0.378516 0.016204 0.046094
0 0.638194 0.409766 0.068056 0.009635
0 0.656713 0.060807 0.068056 0.009635
0 0.866898 0.073828 0.062500 0.009635
0 0.476157 0.240234 0.058796 0.009115
