0 0.473380 0.919531 0.127315 0.034375
0 0.856944 0.339193 0.061111 0.066406
0 0.358102 0.345964 0.118981 0.033073
0 0.633565 0.598307 0.095833 0.032552
0 0.196065 0.710547 0.044907 0.064323
0 0.917130 0.410156 0.051852 0.052083
0 0.346065 0.481380 0.094907 0.027865
0 0.767824 0.541276 0.114352 0.022656
0 0.830324 0.606380 0.044907 0.053906
0 0.355787 0.922786 0.095833 0.025260
0 0.184491 0.752865 0.031019 0.076042
0 0.424769 0.626563 0.048611 0.047396
0 0.346528 0.808203 0.040278 0.056510
0 0.149306 0.411068 0.081019 0.027865
0 0.083333 0.755859 0.087963 0.024740
0 0.911343 0.572266 0.040278 0.053385
0 0.911343 0.226823 0.086574 0.023958
0 0.123148 0.652995 0.121296 0.016927
0 0.108102 0.879818 0.044907 0.043490
0 0.818750 0.831641 0.040278 0.046094
0 0.956481 0.424089 0.037963 0.048698
0 0.050231 0.687109 0.031019 0.059115
0 0.637731 0.901953 0.039352 0.046094
0 0.154398 0.682943 0.072685 0.024740
0 0.845370 0.418880 0.102778 0.017448
0 0.814120 0.741536 0.040278 0.042969
0 0.774769 0.325130 0.072685 0.022656
0 0.054861 0.362891 0.040278 0.040885
0 0.760880 0.789974 0.035648 0.046094
0 0.756250 0.878516 0.035648 0.046094
0 0.101157 0.260026 0.031019 0.052865
0 0.413657 0.380859 0.035648 0.045573
0 0.590046 0.330078 0.090278 0.016927
0 0.193750 0.463151 0.021759 0.069531
0 0.707639 0.273047 0.086574 0.017448
0 0.536343 0.940755 0.105093 0.014323
0 0.223843 0.930599 0.072685 0.020052
0 0.584954 0.474870 0.072685 0.020052
0 0.300231 0.714844 0.031019 0.046875
0 0.241898 0.677995 0.025463 0.056510
0 0.742361 0.129818 0.081944 0.017448
0 0.270139 0.443359 0.072685 0.019531
0 0.200231 0.278255 0.081019 0.017448
0 0.648611 0.780859 0.079630 0.017448
0 0.904398 0.888932 0.091204 0.014844
0 0.494676 0.887630 0.031019 0.043490
0 0.145139 0.754167 0.035648 0.036979
0 0.331481 0.557552 0.037963 0.034375
0 0.304398 0.772786 0.030093 0.042969
0 0.492361 0.741536 0.026389 0.048177
0 0.543287 0.568620 0.035648 0.035677
0 0.730787 0.467057 0.031019 0.040885
0 0.499306 0.818620 0.031019 0.040885
0 0.394676 0.816016 0.034722 0.035677
0 0.221528 0.774349 0.021759 0.056510
0 0.378472 0.664974 0.030093 0.040885
0 0.645139 0.370703 0.026389 0.046094
0 0.409028 0.113932 0.100463 0.011719
0 0.040972 0.481380 0.021759 0.053906
0 0.054861 0.713802 0.086574 0.013542
0 0.795139 0.528255 0.067130 0.017448
0 0.621528 0.747005 0.034722 0.033073
0 0.040972 0.443620 0.031019 0.035677
0 0.374306 0.631120 0.031019 0.035677
0 0.469213 0.176693 0.063426 0.017448
0 0.596528 0.740234 0.031019 0.035156
0 0.239583 0.339453 0.030093 0.035677
0 0.226157 0.385026 0.021759 0.048698
0 0.494676 0.382422 0.031019 0.033073
0 0.066435 0.525000 0.063426 0.016146
0 0.221065 0.460547 0.020833 0.048698
0 0.888194 0.284766 0.068056 0.014844
0 0.950694 0.374609 0.026389 0.038281
0 0.529398 0.533464 0.026389 0.038281
0 0.446065 0.843359 0.081944 0.012240
0 0.522454 0.269141 0.021759 0.046094
0 0.844213 0.689714 0.081944 0.012240
0 0.197917 0.252214 0.030093 0.033073
0 0.790509 0.815755 0.020833 0.045573
0 0.133565 0.463151 0.021759 0.043490
0 0.242361 0.730078 0.063426 0.014844
0 0.566435 0.516276 0.026389 0.035156
0 0.851157 0.487240 0.031019 0.029167
0 0.190972 0.145182 0.053241 0.016927
0 0.009722 0.797786 0.019444 0.046094
0 0.777083 0.646745 0.021759 0.040885
0 0.786343 0.454036 0.021759 0.040885
0 0.212269 0.584245 0.021759 0.040885
0 0.716898 0.763672 0.095833 0.009115
0 0.652083 0.159766 0.058796 0.014844
0 0.885417 0.622005 0.025463 0.033073
0 0.883565 0.262630 0.021759 0.038281
0 0.902083 0.580339 0.021759 0.038281
0 0.318287 0.680599 0.085648 0.009635
0 0.533565 0.353516 0.025463 0.032552
0 0.154398 0.901953 0.054167 0.014844
0 0.753472 0.434505 0.020833 0.038281
0 0.265509 0.305599 0.081944 0.009635
0 0.422917 0.545182 0.017130 0.046094
0 0.793287 0.344661 0.081944 0.009635
0 0.121528 0.847266 0.053241 0.014844
0 0.762037 0.617839 0.019444 0.040365
0 0.418287 0.499609 0.063426 0.012240
0 0.420602 0.464453 0.021759 0.035677
0 0.381250 0.754818 0.063426 0.012240
0 0.661343 0.748307 0.021759 0.035677
0 0.029398 0.873047 0.054167 0.014323
0 0.398611 0.409766 0.051852 0.014844
0 0.600694 0.896745 0.048611 0.014844
0 0.196065 0.664974 0.072685 0.009635
0 0.700694 0.831641 0.017130 0.040885
0 0.017824 0.644792 0.021759 0.031771
0 0.583796 0.299089 0.056481 0.012240
0 0.506944 0.681901 0.055556 0.012240
0 0.561806 0.365495 0.026389 0.025260
0 0.027083 0.677995 0.021759 0.030469
0 0.184491 0.810807 0.021759 0.030469
0 0.420602 0.136328 0.068056 0.009635
0 0.959954 0.814714 0.017130 0.038281
0 0.465278 0.504818 0.018519 0.033073
0 0.380093 0.737891 0.024074 0.025260
0 0.258565 0.843359 0.021759 0.027865
0 0.496991 0.865234 0.063426 0.009115
0 0.552546 0.315755 0.063426 0.009115
0 0.260880 0.473828 0.017130 0.032552
0 0.064120 0.404557 0.021759 0.025260
0 0.503935 0.401693 0.058796 0.009115
0 0.596528 0.834245 0.049537 0.009635
0 0.078009 0.180599 0.049537 0.009635
0 0.125463 0.675391 0.047222 0.009635
0 0.961806 0.309505 0.011574 0.033073
0 0.438657 0.319922 0.011574 0.033073
0 0.265509 0.398047 0.054167 0.007031
0 0.209491 0.370443 0.016204 0.019531
