0 0.392824 0.125911 0.132870 0.035677
0 0.753935 0.699870 0.058796 0.074219
0 0.767824 0.523047 0.058796 0.064323
0 0.929861 0.384375 0.058796 0.063021
0 0.659028 0.538021 0.063426 0.057813
0 0.390509 0.196224 0.054167 0.066927
0 0.457176 0.396094 0.113426 0.029167
0 0.582639 0.523047 0.049537 0.064323
0 0.895139 0.176693 0.109722 0.027865
0 0.425231 0.646745 0.049537 0.061719
0 0.823380 0.352474 0.095833 0.030469
0 0.240046 0.549089 0.049537 0.053906
0 0.570602 0.711198 0.053241 0.050000
0 0.733102 0.184245 0.109722 0.022135
0 0.895139 0.280859 0.100463 0.022656
0 0.119676 0.172526 0.049537 0.045573
0 0.656713 0.605078 0.031019 0.066927
0 0.626620 0.412370 0.044907 0.046094
0 0.929861 0.318620 0.040278 0.051302
0 0.406713 0.423438 0.095833 0.021354
0 0.784722 0.190365 0.037037 0.055208
0 0.910185 0.660807 0.037963 0.053385
0 0.369676 0.250911 0.077315 0.025260
0 0.828009 0.248307 0.077315 0.025260
0 0.205324 0.882422 0.035648 0.053906
0 0.689120 0.920182 0.095833 0.020052
0 0.369213 0.443620 0.094907 0.020052
0 0.547454 0.731380 0.081019 0.022656
0 0.672917 0.255208 0.035648 0.049479
0 0.267824 0.368099 0.031019 0.056510
0 0.550231 0.142839 0.077315 0.022656
0 0.260880 0.661068 0.035648 0.048698
0 0.703009 0.721615 0.031019 0.055208
0 0.883102 0.146745 0.030093 0.056510
0 0.536343 0.582292 0.040278 0.042188
0 0.492361 0.741797 0.072685 0.022656
0 0.189120 0.146094 0.040278 0.039583
0 0.913657 0.207943 0.091204 0.017448
0 0.309491 0.409505 0.031019 0.050781
0 0.052546 0.356380 0.035648 0.043490
0 0.374306 0.339453 0.077315 0.020052
0 0.589583 0.806641 0.091204 0.016927
0 0.244676 0.877214 0.040278 0.038281
0 0.851157 0.517839 0.068056 0.022656
0 0.193750 0.325130 0.068056 0.022656
0 0.341898 0.499609 0.123611 0.012240
0 0.184491 0.564714 0.031019 0.048698
0 0.415972 0.569922 0.086574 0.017448
0 0.215741 0.433203 0.075000 0.020052
0 0.332176 0.530859 0.085648 0.017448
0 0.591435 0.642839 0.030093 0.048698
0 0.112731 0.215755 0.081944 0.017448
0 0.559491 0.185807 0.095833 0.014844
0 0.545139 0.907161 0.094907 0.014844
0 0.344907 0.617448 0.027778 0.050000
0 0.892824 0.183203 0.068056 0.020052
0 0.492361 0.720964 0.035648 0.038281
0 0.631250 0.601172 0.035648 0.038281
0 0.034028 0.213151 0.035648 0.038281
0 0.693750 0.541276 0.031019 0.043490
0 0.689120 0.504818 0.031019 0.043490
0 0.290972 0.136328 0.021759 0.061719
0 0.826852 0.138672 0.093519 0.014323
0 0.235417 0.158464 0.105093 0.012240
0 0.645139 0.677995 0.035648 0.035677
0 0.381250 0.873307 0.063426 0.020052
0 0.487731 0.584245 0.063426 0.020052
0 0.649769 0.297786 0.035648 0.035677
0 0.329861 0.719661 0.034722 0.035677
0 0.719213 0.599870 0.026389 0.046094
0 0.316435 0.831641 0.026389 0.046094
0 0.853472 0.243099 0.081944 0.014844
0 0.832639 0.214453 0.058796 0.020052
0 0.619676 0.457943 0.021759 0.053906
0 0.917824 0.133724 0.025463 0.046094
0 0.596991 0.237891 0.057870 0.020052
0 0.890509 0.893229 0.063426 0.018229
0 0.496991 0.197526 0.026389 0.043490
0 0.265509 0.418880 0.026389 0.043490
0 0.265046 0.574870 0.034722 0.032552
0 0.300231 0.146484 0.077315 0.014323
0 0.686806 0.396745 0.072685 0.014844
0 0.682176 0.709245 0.026389 0.040885
0 0.311806 0.383724 0.072685 0.014844
0 0.237269 0.256120 0.071759 0.014844
0 0.542130 0.204036 0.070370 0.014844
0 0.851157 0.413672 0.058796 0.017448
0 0.618519 0.756120 0.028704 0.035677
0 0.429861 0.927995 0.068056 0.014844
0 0.591435 0.853776 0.057870 0.017448
0 0.429398 0.150651 0.057870 0.017448
0 0.425231 0.480078 0.021759 0.046094
0 0.554861 0.645443 0.077315 0.012240
0 0.411343 0.589193 0.031019 0.029948
0 0.774769 0.926042 0.081944 0.010937
0 0.848843 0.233984 0.072685 0.012240
0 0.566435 0.107682 0.091204 0.009635
0 0.570602 0.166276 0.071759 0.012240
0 0.190278 0.202474 0.051852 0.016927
0 0.432176 0.900391 0.072685 0.011719
0 0.288657 0.175130 0.091204 0.009115
0 0.836806 0.153255 0.067130 0.012240
0 0.392361 0.400651 0.067130 0.012240
0 0.839583 0.806250 0.017130 0.047396
0 0.418287 0.779557 0.054167 0.014844
0 0.466898 0.992448 0.058796 0.013542
0 0.793287 0.480078 0.017130 0.046094
0 0.853472 0.605078 0.017130 0.046094
0 0.756250 0.261328 0.081944 0.009635
0 0.103472 0.602214 0.026389 0.029948
0 0.772454 0.412370 0.021759 0.035677
0 0.302546 0.220964 0.063426 0.012240
0 0.934491 0.248307 0.021759 0.035677
0 0.362731 0.429297 0.063426 0.012240
0 0.060185 0.442318 0.023148 0.033073
0 0.950231 0.722266 0.016204 0.046094
0 0.524769 0.843099 0.063426 0.011719
0 0.834491 0.619010 0.025463 0.028646
0 0.218750 0.663672 0.016204 0.043490
0 0.788194 0.390234 0.016204 0.043490
0 0.547917 0.750911 0.072685 0.009635
0 0.957639 0.269792 0.021759 0.031771
0 0.140046 0.167969 0.016204 0.041667
0 0.182176 0.416276 0.054167 0.012240
0 0.395139 0.481380 0.054167 0.012240
0 0.837269 0.683203 0.021759 0.030469
0 0.367361 0.267839 0.054167 0.012240
0 0.200694 0.655859 0.017130 0.038281
0 0.292824 0.719401 0.016204 0.040365
0 0.940972 0.516276 0.016204 0.040365
0 0.721065 0.531250 0.048611 0.013021
0 0.503935 0.227214 0.068056 0.009115
0 0.642824 0.764974 0.021759 0.027344
0 0.471065 0.153255 0.020833 0.027865
0 0.888194 0.493099 0.058796 0.009635
0 0.654398 0.231120 0.017130 0.032552
0 0.297454 0.275651 0.016204 0.033073
0 0.233102 0.133724 0.054167 0.009635
0 0.167130 0.223568 0.042593 0.012240
0 0.576852 0.443359 0.056481 0.009115
0 0.668287 0.138672 0.017130 0.029948
0 0.047454 0.539974 0.016204 0.030469
0 0.302083 0.298828 0.071759 0.006510
0 0.901620 0.723568 0.011574 0.033073
