0 0.659722 0.342057 0.148148 0.051302
0 0.878472 0.274349 0.141204 0.035677
0 0.332176 0.589453 0.131944 0.030469
0 0.091898 0.301693 0.049537 0.079948
0 0.788657 0.727474 0.044907 0.072135
0 0.659028 0.487891 0.091204 0.030469
0 0.949537 0.642839 0.098148 0.027865
0 0.871991 0.905859 0.118981 0.022656
0 0.471528 0.663672 0.049537 0.053906
0 0.596528 0.879557 0.049537 0.053385
0 0.287500 0.355078 0.100926 0.025260
0 0.679861 0.625911 0.095833 0.025260
0 0.730787 0.201432 0.095833 0.025260
0 0.539815 0.418880 0.084259 0.027865
0 0.348843 0.271745 0.091204 0.025260
0 0.209954 0.826432 0.091204 0.025260
0 0.520139 0.317318 0.035648 0.064323
0 0.608102 0.637630 0.044907 0.048698
0 0.316435 0.324479 0.044907 0.047396
0 0.925231 0.233333 0.040278 0.052604
0 0.716898 0.766536 0.105093 0.020052
0 0.290972 0.122005 0.086574 0.022656
0 0.290972 0.651953 0.077315 0.025260
0 0.904398 0.598568 0.044907 0.043490
0 0.851157 0.177995 0.095833 0.020052
0 0.131250 0.590755 0.081944 0.022656
0 0.332639 0.887630 0.105093 0.017448
0 0.844213 0.188411 0.072685 0.025260
0 0.834954 0.750651 0.026389 0.066406
0 0.189120 0.666276 0.040278 0.043490
0 0.373843 0.460547 0.076389 0.022656
0 0.200694 0.541016 0.035648 0.048177
0 0.809491 0.162370 0.114352 0.014844
0 0.812963 0.218359 0.075000 0.022656
0 0.484259 0.775651 0.075000 0.022656
0 0.536343 0.118750 0.040278 0.042188
0 0.848380 0.658464 0.034722 0.048698
0 0.979630 0.421875 0.037963 0.044271
0 0.937963 0.992448 0.121296 0.013542
0 0.571065 0.550391 0.081944 0.020052
0 0.811806 0.127604 0.035648 0.044271
0 0.165972 0.313411 0.031019 0.050260
0 0.448380 0.362891 0.077315 0.020052
0 0.564120 0.401953 0.077315 0.020052
0 0.258565 0.776953 0.077315 0.020052
0 0.179861 0.106380 0.040278 0.038281
0 0.527083 0.853776 0.068056 0.022656
0 0.253935 0.268880 0.077315 0.019531
0 0.422917 0.388932 0.035648 0.040885
0 0.941435 0.365234 0.035648 0.040365
0 0.652083 0.157161 0.021759 0.061719
0 0.777083 0.207943 0.077315 0.017448
0 0.550231 0.161068 0.077315 0.017448
0 0.246991 0.241536 0.035648 0.037760
0 0.605324 0.116797 0.076389 0.017448
0 0.600694 0.439714 0.076389 0.017448
0 0.517824 0.498307 0.086574 0.014844
0 0.538657 0.622005 0.026389 0.048698
0 0.381250 0.294922 0.035648 0.035156
0 0.153935 0.882422 0.071759 0.017448
0 0.170602 0.273047 0.031019 0.038281
0 0.814120 0.088151 0.068056 0.017448
0 0.735417 0.400651 0.068056 0.017448
0 0.601157 0.183203 0.058796 0.020052
0 0.296759 0.580990 0.061111 0.018750
0 0.253472 0.293620 0.067130 0.016927
0 0.691435 0.122005 0.063426 0.017448
0 0.605787 0.821224 0.031019 0.035677
0 0.334954 0.620703 0.026389 0.040885
0 0.459954 0.305599 0.026389 0.040885
0 0.580324 0.214193 0.026389 0.040365
0 0.149769 0.681901 0.026389 0.038281
0 0.677546 0.741797 0.026389 0.038281
0 0.836806 0.536068 0.057870 0.017448
0 0.540972 0.706641 0.021759 0.046094
0 0.869213 0.731380 0.030093 0.033073
0 0.207639 0.254818 0.021759 0.043490
0 0.652083 0.861589 0.077315 0.012240
0 0.976157 0.599870 0.031019 0.030469
0 0.161343 0.399349 0.031019 0.030469
0 0.816435 0.503516 0.026389 0.035677
0 0.649769 0.605078 0.063426 0.014844
0 0.571065 0.317318 0.052315 0.017448
0 0.429861 0.334635 0.021759 0.041667
0 0.920139 0.606380 0.020833 0.043490
0 0.939120 0.154557 0.021759 0.040885
0 0.411343 0.339453 0.021759 0.040885
0 0.915972 0.461849 0.021759 0.040885
0 0.761343 0.176693 0.071759 0.012240
0 0.976157 0.160026 0.021759 0.040365
0 0.642824 0.881120 0.058796 0.014844
0 0.690278 0.589453 0.024074 0.035677
0 0.496991 0.202474 0.026389 0.032552
0 0.115046 0.361589 0.021759 0.038281
0 0.128935 0.332943 0.021759 0.038281
0 0.409028 0.883724 0.054167 0.014844
0 0.951852 0.575391 0.028704 0.027344
0 0.390509 0.413672 0.063426 0.012240
0 0.524769 0.832943 0.063426 0.012240
0 0.616898 0.098568 0.062500 0.012240
0 0.128935 0.153906 0.021759 0.034375
0 0.758565 0.131120 0.049537 0.014844
0 0.848843 0.108984 0.026389 0.027865
0 0.253935 0.812109 0.021759 0.033073
0 0.478009 0.202734 0.016204 0.043490
0 0.355324 0.361979 0.020833 0.033854
0 0.890509 0.342708 0.063426 0.010937
0 0.937963 0.180599 0.019444 0.035677
0 0.190972 0.227474 0.016204 0.040885
0 0.904398 0.233724 0.017130 0.037760
0 0.763889 0.110026 0.069444 0.009115
0 0.246991 0.669922 0.063426 0.009115
0 0.089120 0.404297 0.016204 0.035156
0 0.205324 0.174089 0.017130 0.033073
0 0.244213 0.714453 0.020833 0.025260
0 0.742361 0.313411 0.054167 0.009635
0 0.297454 0.526953 0.053241 0.009635
0 0.612731 0.324089 0.017130 0.029948
0 0.501620 0.148698 0.017130 0.029167
0 0.142824 0.241797 0.021759 0.022656
0 0.892824 0.116797 0.012500 0.038281
0 0.975000 0.183203 0.047222 0.009635
0 0.265509 0.791016 0.017130 0.022135
0 0.993519 0.231380 0.010185 0.033073
0 0.612731 0.030599 0.026389 0.006510
0 0.765509 0.996354 0.026389 0.005729
0 0.663194 0.997656 0.025463 0.003125
