0 0.094213 0.444010 0.063426 0.067708
0 0.374306 0.371354 0.068056 0.063021
0 0.638194 0.199870 0.114352 0.032552
0 0.891667 0.632422 0.047222 0.074740
0 0.846065 0.810156 0.057870 0.060417
0 0.343056 0.188411 0.061111 0.056510
0 0.890509 0.898047 0.137500 0.022656
0 0.561806 0.825130 0.109722 0.027865
0 0.543287 0.269792 0.109722 0.026562
0 0.376620 0.260026 0.044907 0.064323
0 0.207639 0.594661 0.040278 0.066927
0 0.480787 0.405859 0.049537 0.053906
0 0.200694 0.254818 0.091204 0.027865
0 0.272454 0.789974 0.049537 0.051302
0 0.867361 0.253516 0.100463 0.025260
0 0.193750 0.391536 0.040278 0.061719
0 0.353009 0.474870 0.043981 0.056510
0 0.547917 0.720964 0.044907 0.053906
0 0.552546 0.863932 0.044907 0.053385
0 0.200694 0.459245 0.044907 0.051302
0 0.912500 0.575130 0.042593 0.053906
0 0.655556 0.243099 0.088889 0.025260
0 0.795602 0.317318 0.040278 0.053906
0 0.152083 0.627865 0.114352 0.018750
0 0.089583 0.338151 0.035648 0.059115
0 0.814120 0.177344 0.086574 0.023958
0 0.265509 0.206641 0.100463 0.020052
0 0.071065 0.809505 0.044907 0.043490
0 0.654398 0.512630 0.044907 0.043490
0 0.674074 0.864193 0.084259 0.022656
0 0.521991 0.529557 0.094907 0.020052
0 0.158565 0.806901 0.108796 0.017448
0 0.900926 0.377214 0.042593 0.043490
0 0.159028 0.230078 0.072685 0.025260
0 0.520139 0.141536 0.091204 0.020052
0 0.329167 0.819661 0.042593 0.042969
0 0.626157 0.209245 0.090278 0.020052
0 0.654398 0.601562 0.035648 0.049479
0 0.587269 0.866797 0.077315 0.022656
0 0.698380 0.215755 0.040278 0.043490
0 0.476157 0.615234 0.031019 0.055990
0 0.106944 0.250911 0.033333 0.051302
0 0.207639 0.163672 0.031019 0.053906
0 0.064120 0.611589 0.031019 0.053906
0 0.448380 0.579688 0.077315 0.021354
0 0.089583 0.572526 0.072685 0.022656
0 0.325694 0.447526 0.072685 0.022656
0 0.140046 0.550391 0.034722 0.046094
0 0.561806 0.374609 0.035648 0.043490
0 0.855787 0.707292 0.040278 0.036979
0 0.464583 0.680339 0.026389 0.055990
0 0.277083 0.389974 0.086574 0.016927
0 0.784028 0.805599 0.072685 0.020052
0 0.904398 0.594661 0.072685 0.020052
0 0.809491 0.219661 0.031019 0.046094
0 0.531713 0.753516 0.031019 0.046094
0 0.665972 0.899089 0.095833 0.014323
0 0.281713 0.322917 0.031019 0.044271
0 0.746991 0.123307 0.091204 0.014844
0 0.142824 0.512630 0.077315 0.017448
0 0.072222 0.269141 0.028704 0.046094
0 0.054398 0.788672 0.030093 0.043490
0 0.559491 0.213151 0.021759 0.059115
0 0.272454 0.500911 0.086574 0.014844
0 0.612731 0.549089 0.026389 0.048698
0 0.131250 0.177995 0.063426 0.020052
0 0.804861 0.657161 0.031019 0.040885
0 0.235417 0.579036 0.031019 0.040885
0 0.237731 0.410417 0.026389 0.047396
0 0.027083 0.620443 0.021759 0.055990
0 0.140509 0.318359 0.026389 0.045573
0 0.145139 0.365234 0.026389 0.045573
0 0.759259 0.822526 0.097222 0.012240
0 0.545602 0.325130 0.068056 0.017448
0 0.221528 0.236589 0.031019 0.038281
0 0.050231 0.575130 0.031019 0.038281
0 0.839583 0.918620 0.100463 0.011719
0 0.369676 0.146745 0.058796 0.020052
0 0.809028 0.570964 0.020833 0.055990
0 0.763889 0.414974 0.032407 0.035677
0 0.230787 0.499349 0.068056 0.016927
0 0.529398 0.416016 0.026389 0.042969
0 0.841898 0.550781 0.031019 0.036458
0 0.432176 0.633073 0.081944 0.013542
0 0.906713 0.529297 0.031019 0.035156
0 0.307176 0.224870 0.072685 0.014844
0 0.496991 0.451432 0.072685 0.014844
0 0.795602 0.390234 0.086574 0.012240
0 0.383565 0.270443 0.021759 0.048698
0 0.267824 0.510026 0.086574 0.012240
0 0.828009 0.418880 0.031019 0.033073
0 0.689120 0.460547 0.031019 0.033073
0 0.200694 0.705339 0.026389 0.038281
0 0.223843 0.523047 0.026389 0.038281
0 0.714583 0.637630 0.081944 0.012240
0 0.409028 0.569922 0.081944 0.012240
0 0.225694 0.762630 0.030093 0.033073
0 0.903935 0.286068 0.025463 0.038281
0 0.152083 0.676693 0.021759 0.043490
0 0.191435 0.302995 0.063426 0.014844
0 0.256250 0.342057 0.026389 0.035677
0 0.538657 0.683203 0.063426 0.014844
0 0.758565 0.217057 0.021759 0.040885
0 0.617361 0.103776 0.072685 0.012240
0 0.448380 0.537370 0.058796 0.014844
0 0.617361 0.707682 0.026389 0.032552
0 0.846528 0.589193 0.058796 0.014323
0 0.550231 0.491797 0.021759 0.038281
0 0.425231 0.176693 0.021759 0.038281
0 0.050231 0.218359 0.021759 0.038281
0 0.167824 0.360026 0.016204 0.050781
0 0.883565 0.210286 0.021759 0.037760
0 0.557176 0.123307 0.054167 0.014844
0 0.642824 0.176432 0.068056 0.011719
0 0.193750 0.727083 0.021759 0.036458
0 0.590741 0.672526 0.019444 0.040365
0 0.409028 0.541276 0.063426 0.012240
0 0.451852 0.769141 0.051852 0.014844
0 0.259259 0.146745 0.050926 0.014844
0 0.128935 0.618099 0.077315 0.009635
0 0.214583 0.411068 0.017130 0.043490
0 0.462269 0.442969 0.021759 0.034375
0 0.839583 0.645443 0.026389 0.027865
0 0.452546 0.482682 0.048611 0.014844
0 0.929861 0.499609 0.021759 0.033073
0 0.318750 0.267839 0.021759 0.033073
0 0.307176 0.323828 0.017130 0.040885
0 0.422917 0.368099 0.072685 0.009635
0 0.119676 0.303646 0.021759 0.031771
0 0.339583 0.166927 0.017130 0.039583
0 0.082639 0.321224 0.021759 0.030469
0 0.330324 0.598568 0.017130 0.038281
0 0.204167 0.549089 0.014815 0.043490
0 0.538657 0.394792 0.017130 0.036979
0 0.471528 0.094401 0.068056 0.009115
0 0.409028 0.485286 0.063426 0.009635
0 0.422917 0.592057 0.063426 0.009635
0 0.427083 0.381120 0.062500 0.009635
0 0.286343 0.124349 0.021759 0.027344
0 0.351157 0.309245 0.049537 0.011719
0 0.760417 0.474609 0.016204 0.035156
0 0.705324 0.556901 0.017130 0.033073
0 0.888194 0.509115 0.021759 0.026042
0 0.941435 0.408464 0.044907 0.012240
0 0.828009 0.162109 0.058796 0.009115
0 0.857639 0.273047 0.043981 0.012240
0 0.686806 0.508724 0.044907 0.009635
0 0.858102 0.216406 0.017130 0.023958
0 0.047917 0.171484 0.017130 0.021615
0 0.447222 0.525651 0.047222 0.007031
