0 0.100000 0.982031 0.195370 0.034375
0 0.834954 0.517839 0.174537 0.033073
0 0.742361 0.090755 0.072685 0.069531
0 0.626620 0.783464 0.072685 0.069531
0 0.457639 0.183203 0.132870 0.035677
0 0.920139 0.637370 0.067130 0.063802
0 0.756250 0.511328 0.118981 0.035677
0 0.956481 0.707031 0.065741 0.062500
0 0.101852 0.305990 0.060185 0.057292
0 0.420602 0.563411 0.123611 0.025260
0 0.175231 0.417578 0.095833 0.030469
0 0.834954 0.139974 0.128241 0.022135
0 0.545602 0.707943 0.114352 0.022656
0 0.476157 0.793620 0.049537 0.048177
0 0.929861 0.168880 0.040278 0.059115
0 0.869676 0.873047 0.114352 0.019531
0 0.320602 0.814453 0.081019 0.027344
0 0.686806 0.486328 0.128241 0.016927
0 0.567593 0.589453 0.047222 0.046094
0 0.531713 0.543880 0.040278 0.053906
0 0.686806 0.760026 0.035648 0.059115
0 0.946065 0.615755 0.044907 0.045573
0 0.897454 0.169531 0.031019 0.065625
0 0.758102 0.250651 0.104167 0.019531
0 0.584954 0.164974 0.100463 0.020052
0 0.145139 0.193620 0.100463 0.020052
0 0.214583 0.789714 0.137500 0.014323
0 0.864583 0.486589 0.085648 0.022656
0 0.270139 0.278255 0.109722 0.017448
0 0.134722 0.440104 0.042593 0.044271
0 0.111574 0.830339 0.079630 0.022656
0 0.263194 0.155599 0.077315 0.022135
0 0.200231 0.150651 0.034722 0.048698
0 0.839120 0.319271 0.034722 0.047396
0 0.712269 0.787370 0.040278 0.040885
0 0.598843 0.299089 0.072685 0.022656
0 0.635880 0.551693 0.072685 0.022656
0 0.631250 0.711849 0.026389 0.061719
0 0.418287 0.636068 0.081944 0.019531
0 0.221528 0.822135 0.040278 0.039062
0 0.700231 0.701172 0.108796 0.014323
0 0.411343 0.138932 0.077315 0.020052
0 0.943750 0.429297 0.040278 0.038281
0 0.138194 0.221354 0.031019 0.049479
0 0.235417 0.849609 0.105093 0.014323
0 0.146991 0.304297 0.039352 0.038281
0 0.774769 0.676042 0.035648 0.042188
0 0.096065 0.123047 0.076389 0.019531
0 0.075231 0.763932 0.099537 0.014844
0 0.871991 0.597266 0.035648 0.040885
0 0.233102 0.227474 0.072685 0.020052
0 0.795602 0.642188 0.068056 0.021354
0 0.177546 0.827734 0.081944 0.017448
0 0.788657 0.765234 0.081944 0.017448
0 0.834954 0.200130 0.026389 0.053906
0 0.727315 0.176693 0.079630 0.017448
0 0.758565 0.474870 0.068056 0.020052
0 0.112731 0.842057 0.091204 0.014844
0 0.462269 0.627214 0.077315 0.017448
0 0.360417 0.845964 0.077315 0.017448
0 0.385880 0.174089 0.109722 0.012240
0 0.619213 0.368099 0.067130 0.020052
0 0.810648 0.761328 0.088889 0.014844
0 0.382407 0.154557 0.065741 0.020052
0 0.657870 0.379167 0.061111 0.021354
0 0.108102 0.417969 0.035648 0.036458
0 0.559491 0.305599 0.086574 0.014844
0 0.909028 0.894141 0.063426 0.020052
0 0.534028 0.289974 0.063426 0.020052
0 0.767824 0.310807 0.031019 0.040885
0 0.950694 0.301042 0.026389 0.047396
0 0.293287 0.745443 0.035648 0.035156
0 0.186343 0.181901 0.071759 0.017448
0 0.131250 0.793620 0.072685 0.016927
0 0.690972 0.246745 0.025463 0.048177
0 0.346528 0.262630 0.068056 0.017448
0 0.409028 0.877214 0.035648 0.033073
0 0.633565 0.616797 0.095833 0.012240
0 0.682176 0.356380 0.035648 0.033073
0 0.573380 0.155859 0.095833 0.012240
0 0.871528 0.177995 0.025463 0.046094
0 0.692593 0.331641 0.028704 0.040885
0 0.277083 0.873307 0.077315 0.014844
0 0.973380 0.343359 0.034722 0.033073
0 0.267361 0.860286 0.076389 0.014844
0 0.510880 0.387630 0.091204 0.012240
0 0.142824 0.266536 0.021759 0.051302
0 0.515509 0.766536 0.072685 0.014844
0 0.163657 0.136328 0.072685 0.014844
0 0.415509 0.834245 0.030093 0.035677
0 0.057176 0.604427 0.026389 0.039583
0 0.429861 0.717708 0.021759 0.047396
0 0.633565 0.362891 0.068056 0.014844
0 0.877778 0.724870 0.019444 0.051302
0 0.887731 0.771745 0.067130 0.014844
0 0.494676 0.118750 0.031019 0.031771
0 0.559028 0.826172 0.067130 0.014323
0 0.656713 0.155859 0.021759 0.043490
0 0.432176 0.834245 0.026389 0.035677
0 0.709954 0.748307 0.026389 0.035677
0 0.779398 0.443620 0.063426 0.014844
0 0.082176 0.166276 0.076389 0.012240
0 0.323380 0.097266 0.095833 0.009635
0 0.858102 0.374349 0.054167 0.016927
0 0.160880 0.751953 0.076389 0.011719
0 0.256250 0.145443 0.072685 0.012240
0 0.334954 0.735286 0.017130 0.051302
0 0.871991 0.843359 0.026389 0.033073
0 0.120833 0.814714 0.070370 0.012240
0 0.421759 0.224870 0.088889 0.009635
0 0.895139 0.356120 0.026389 0.032552
0 0.941435 0.327474 0.072685 0.011719
0 0.119676 0.236589 0.021759 0.038281
0 0.937963 0.298438 0.019444 0.042188
0 0.157407 0.389974 0.069444 0.011719
0 0.932176 0.092057 0.054167 0.014844
0 0.598148 0.911068 0.064815 0.012240
0 0.904398 0.683203 0.017130 0.046094
0 0.915972 0.313411 0.021759 0.035677
0 0.450694 0.898047 0.063426 0.012240
0 0.154398 0.335547 0.026389 0.027865
0 0.461806 0.151953 0.048611 0.014844
0 0.712269 0.447526 0.021759 0.033073
0 0.684028 0.220964 0.020833 0.033073
0 0.950694 0.237240 0.017130 0.039583
0 0.515046 0.205990 0.081019 0.008333
0 0.845370 0.682552 0.019444 0.034375
0 0.464583 0.870703 0.026389 0.025260
0 0.163657 0.349870 0.026389 0.025260
0 0.337269 0.232682 0.068056 0.009635
0 0.524306 0.188411 0.043981 0.014844
0 0.459954 0.436849 0.017130 0.037760
0 0.258102 0.263932 0.067130 0.009635
0 0.950694 0.362630 0.044907 0.014323
0 0.825694 0.332292 0.017130 0.036979
0 0.631944 0.344661 0.064815 0.009635
0 0.830324 0.732682 0.017130 0.035677
0 0.119676 0.142839 0.021759 0.027865
0 0.860417 0.119401 0.021759 0.027865
0 0.521296 0.438411 0.019444 0.030469
0 0.616204 0.659766 0.061111 0.009635
0 0.589583 0.453385 0.017130 0.034375
0 0.784028 0.294271 0.017130 0.033854
0 0.621991 0.323568 0.063426 0.009115
0 0.314120 0.861328 0.049537 0.011719
0 0.534028 0.727214 0.063426 0.009115
0 0.921759 0.249609 0.014815 0.038281
0 0.742361 0.809505 0.017130 0.033073
0 0.087269 0.224870 0.058796 0.009635
0 0.396296 0.778906 0.019444 0.029167
0 0.498148 0.373307 0.056481 0.009635
0 0.627778 0.537370 0.056481 0.009635
0 0.904398 0.321224 0.017130 0.030469
0 0.918287 0.438411 0.017130 0.030469
0 0.441435 0.332943 0.017130 0.027865
0 0.758102 0.983984 0.020833 0.022656
0 0.271991 0.699870 0.067130 0.006510
0 0.580324 0.365234 0.017130 0.024740
0 0.953009 0.385026 0.058796 0.007031
0 0.928009 0.452474 0.062500 0.006510
