0 0.642824 0.767839 0.105093 0.105990
0 0.540972 0.618099 0.225463 0.040885
0 0.374306 0.293880 0.169907 0.048698
0 0.858102 0.766536 0.081944 0.092969
0 0.538657 0.274349 0.081944 0.092969
0 0.587269 0.542578 0.058796 0.113802
0 0.096528 0.982031 0.188426 0.034375
0 0.907870 0.470964 0.061111 0.095573
0 0.492361 0.778255 0.128241 0.038281
0 0.779398 0.598568 0.063426 0.074740
0 0.937963 0.651302 0.065741 0.065625
0 0.292130 0.866146 0.061111 0.063021
0 0.128935 0.304297 0.058796 0.064323
0 0.395139 0.645443 0.063426 0.059115
0 0.672917 0.783464 0.044907 0.074740
0 0.746991 0.718359 0.044907 0.074740
0 0.811806 0.722266 0.054167 0.061719
0 0.316435 0.749609 0.100463 0.033073
0 0.857639 0.561849 0.145833 0.022135
0 0.133565 0.186198 0.049537 0.062500
0 0.227315 0.414974 0.042593 0.072135
0 0.825694 0.649349 0.109722 0.025260
0 0.551389 0.252214 0.051852 0.048698
0 0.395139 0.533854 0.044907 0.054688
0 0.540972 0.104427 0.123611 0.018750
0 0.518981 0.293880 0.042593 0.053906
0 0.499306 0.607031 0.040278 0.055208
0 0.698380 0.077734 0.123611 0.017448
0 0.390509 0.241797 0.035648 0.059115
0 0.721528 0.824870 0.123611 0.016927
0 0.689120 0.643490 0.040278 0.050000
0 0.881250 0.745443 0.035648 0.055990
0 0.596528 0.510417 0.040278 0.049479
0 0.478472 0.541016 0.044907 0.042969
0 0.746991 0.658464 0.035648 0.053906
0 0.810185 0.469661 0.041667 0.040885
0 0.330324 0.254818 0.091204 0.017448
0 0.976157 0.472266 0.021759 0.072135
0 0.888194 0.093359 0.068056 0.022656
0 0.571065 0.571224 0.026389 0.056510
0 0.528241 0.563151 0.024074 0.061198
0 0.584954 0.157161 0.035648 0.040885
0 0.925231 0.155859 0.031019 0.043490
0 0.142824 0.314714 0.031019 0.043490
0 0.438657 0.184505 0.076389 0.017448
0 0.328009 0.430599 0.031019 0.040885
0 0.984259 0.290234 0.028704 0.040365
0 0.439120 0.210547 0.086574 0.012240
0 0.689120 0.416536 0.031019 0.032552
0 0.390509 0.133724 0.017130 0.056510
