0 0.933333 0.903906 0.130556 0.190625
0 0.061806 0.275651 0.072685 0.095573
0 0.131250 0.687109 0.156019 0.038281
0 0.262731 0.288672 0.067130 0.074740
0 0.189120 0.867448 0.058796 0.076042
0 0.858102 0.313411 0.054167 0.072135
0 0.170139 0.702734 0.168981 0.022656
0 0.103472 0.802995 0.054167 0.066927
0 0.604630 0.654297 0.056481 0.061198
0 0.587269 0.707943 0.049537 0.069531
0 0.508565 0.310807 0.058796 0.056510
0 0.485417 0.386328 0.049537 0.066927
0 0.897454 0.812109 0.049537 0.064323
0 0.186806 0.592057 0.054167 0.056510
0 0.871991 0.723568 0.054167 0.053906
0 0.353472 0.184505 0.118981 0.022656
0 0.337269 0.630859 0.086574 0.029948
0 0.675231 0.248307 0.049537 0.051302
0 0.612731 0.430599 0.035648 0.066927
0 0.175231 0.414974 0.049537 0.046094
0 0.147454 0.883724 0.040278 0.056510
0 0.751620 0.663672 0.044907 0.048698
0 0.591898 0.832943 0.095833 0.022656
0 0.314120 0.223568 0.040278 0.053906
0 0.218750 0.775651 0.043981 0.048698
0 0.848380 0.262630 0.043981 0.048698
0 0.246991 0.135026 0.091204 0.022656
0 0.141667 0.450130 0.047222 0.043490
0 0.103472 0.614844 0.044907 0.044792
0 0.823380 0.661458 0.040278 0.049479
0 0.360417 0.696224 0.077315 0.025260
0 0.142824 0.310807 0.031019 0.061719
0 0.093056 0.715755 0.107407 0.017448
0 0.841898 0.922786 0.040278 0.046094
0 0.758565 0.286068 0.105093 0.017448
0 0.061806 0.472266 0.044907 0.040885
0 0.054861 0.869401 0.040278 0.043490
0 0.088426 0.649349 0.042593 0.040885
0 0.080324 0.918880 0.035648 0.048698
0 0.767824 0.227474 0.086574 0.020052
0 0.316435 0.296484 0.035648 0.048698
0 0.337269 0.796224 0.040278 0.042969
0 0.944907 0.183464 0.042593 0.040365
0 0.089120 0.541276 0.034722 0.048698
0 0.491898 0.705078 0.034722 0.048177
0 0.068287 0.536719 0.030093 0.055208
0 0.702546 0.301693 0.094907 0.017448
0 0.388194 0.597266 0.040278 0.040885
0 0.774769 0.357422 0.035648 0.045573
0 0.543287 0.510677 0.118981 0.013542
0 0.596528 0.258724 0.031019 0.051302
0 0.508565 0.641536 0.105093 0.014844
0 0.764352 0.176432 0.070370 0.022135
0 0.265509 0.559505 0.035648 0.043490
0 0.314120 0.775651 0.068056 0.022656
0 0.128935 0.658464 0.068056 0.022656
0 0.052546 0.140885 0.081944 0.018750
0 0.295602 0.757422 0.086574 0.017448
0 0.858102 0.198828 0.026389 0.056510
0 0.251620 0.493099 0.035648 0.040885
0 0.260880 0.396745 0.072685 0.020052
0 0.774769 0.262630 0.081944 0.017448
0 0.608102 0.340495 0.026389 0.053385
0 0.202546 0.748307 0.030093 0.046094
0 0.818287 0.607682 0.030093 0.046094
0 0.119213 0.555599 0.030093 0.046094
0 0.357639 0.900651 0.025463 0.053906
0 0.274769 0.713802 0.072685 0.018750
0 0.258565 0.937109 0.077315 0.017448
0 0.439120 0.674089 0.077315 0.017448
0 0.340278 0.303385 0.037037 0.036458
0 0.124306 0.426432 0.031019 0.042969
0 0.758565 0.210286 0.077315 0.016927
0 0.830324 0.395443 0.026389 0.048698
0 0.149769 0.360286 0.063426 0.020052
0 0.443287 0.616406 0.020833 0.059896
0 0.876157 0.594661 0.062500 0.020052
0 0.712269 0.317057 0.105093 0.011719
0 0.828009 0.250911 0.021759 0.056510
0 0.422917 0.119141 0.072685 0.016927
0 0.297917 0.886328 0.026389 0.046094
0 0.321065 0.862891 0.026389 0.046094
0 0.899769 0.558203 0.081944 0.014844
0 0.068750 0.796484 0.031019 0.038281
0 0.369676 0.114193 0.068056 0.017448
0 0.788657 0.106380 0.035648 0.033073
0 0.108102 0.528255 0.026389 0.043490
0 0.410185 0.794531 0.084259 0.013542
0 0.123843 0.671224 0.067130 0.016927
0 0.159028 0.236589 0.063426 0.017448
0 0.714120 0.357031 0.081019 0.013542
0 0.696065 0.141536 0.072685 0.014844
0 0.175231 0.846615 0.031019 0.034375
0 0.212269 0.697526 0.086574 0.012240
0 0.613889 0.207292 0.065741 0.016146
0 0.616204 0.158464 0.024074 0.043490
0 0.859954 0.713802 0.030093 0.034375
0 0.392824 0.385026 0.031019 0.033073
0 0.540972 0.740495 0.068056 0.014844
0 0.205324 0.720313 0.026389 0.036979
0 0.885417 0.918880 0.025463 0.038281
0 0.142361 0.732682 0.020833 0.046094
0 0.675231 0.184505 0.021759 0.043490
0 0.696759 0.644141 0.023148 0.040885
0 0.446065 0.102474 0.063426 0.014844
0 0.494213 0.150651 0.076389 0.012240
0 0.459491 0.659766 0.062500 0.014844
0 0.947222 0.157161 0.019444 0.046094
0 0.362269 0.640234 0.071759 0.012240
0 0.663194 0.896745 0.090278 0.009635
0 0.638194 0.294531 0.021759 0.039583
0 0.123843 0.646745 0.057870 0.014844
0 0.915972 0.495703 0.086574 0.009635
0 0.888194 0.114193 0.068056 0.012240
0 0.207639 0.101172 0.068056 0.012240
0 0.091898 0.478776 0.021759 0.038281
0 0.591898 0.113932 0.021759 0.037760
0 0.251620 0.237891 0.054167 0.014844
0 0.885880 0.276953 0.026389 0.030469
0 0.640509 0.243099 0.054167 0.014844
0 0.084954 0.362891 0.017130 0.046094
0 0.836806 0.478516 0.020833 0.037760
0 0.188657 0.186849 0.020833 0.037760
0 0.816435 0.202734 0.063426 0.012240
0 0.043287 0.153255 0.063426 0.012240
0 0.932176 0.421484 0.017130 0.043490
0 0.885880 0.161068 0.026389 0.027865
0 0.804861 0.193620 0.049537 0.014844
0 0.149769 0.491797 0.026389 0.027865
0 0.082639 0.754818 0.021759 0.033073
0 0.494676 0.231380 0.058796 0.012240
0 0.226157 0.632422 0.058796 0.012240
0 0.303241 0.586849 0.074074 0.009635
0 0.773611 0.192969 0.024074 0.029167
0 0.730324 0.340755 0.020833 0.033073
0 0.540972 0.703385 0.049537 0.013542
0 0.052083 0.355078 0.016204 0.040885
0 0.195602 0.852474 0.016204 0.040885
0 0.425231 0.766536 0.021759 0.030469
0 0.209954 0.207943 0.054167 0.012240
0 0.675231 0.388932 0.021759 0.030469
0 0.667824 0.149349 0.043981 0.014844
0 0.163657 0.525391 0.017130 0.037760
0 0.237269 0.155599 0.016204 0.037760
0 0.209954 0.493099 0.017130 0.035677
0 0.190972 0.115495 0.062500 0.009635
0 0.084954 0.500651 0.017130 0.035156
0 0.241898 0.209245 0.016204 0.035677
0 0.730787 0.235937 0.021759 0.026562
0 0.321065 0.113932 0.017130 0.032552
0 0.587269 0.189714 0.021759 0.022656
0 0.552546 0.114193 0.017130 0.027865
0 0.932176 0.830339 0.017130 0.027865
0 0.200694 0.687760 0.054167 0.008333
0 0.653241 0.166016 0.014815 0.027344
0 0.124306 0.269141 0.040278 0.009635
0 0.865046 0.125911 0.040278 0.009635
0 0.642824 0.174089 0.012500 0.027865
0 0.047917 0.482682 0.017130 0.020052
0 0.345370 0.377214 0.010185 0.022656
