0 0.094213 0.844661 0.183796 0.046094
0 0.163194 0.783464 0.127315 0.038281
0 0.264352 0.132422 0.125926 0.038281
0 0.598843 0.888932 0.128241 0.035677
0 0.784028 0.651953 0.054167 0.077344
0 0.615046 0.779297 0.058796 0.066406
0 0.661343 0.321224 0.058796 0.056510
0 0.148611 0.623307 0.051852 0.056510
0 0.816435 0.654557 0.054167 0.051302
0 0.806019 0.773047 0.098148 0.027865
0 0.508565 0.701172 0.086574 0.029948
0 0.164815 0.425130 0.102778 0.024740
0 0.760880 0.226172 0.091204 0.027865
0 0.124306 0.352474 0.049537 0.051302
0 0.830324 0.480078 0.044907 0.056510
0 0.300231 0.814714 0.105093 0.022656
0 0.218750 0.542578 0.118056 0.020052
0 0.740046 0.889974 0.086574 0.027344
0 0.793287 0.554297 0.035648 0.064323
0 0.621528 0.444922 0.127315 0.017448
0 0.566435 0.725911 0.100463 0.022135
0 0.455324 0.568620 0.035648 0.061719
0 0.149769 0.180599 0.109722 0.020052
0 0.353472 0.705990 0.091204 0.023958
0 0.331481 0.414974 0.047222 0.046094
0 0.309491 0.452734 0.040278 0.053906
0 0.707639 0.912370 0.105093 0.020052
0 0.316435 0.273047 0.035648 0.059115
0 0.517824 0.550391 0.040278 0.051302
0 0.258565 0.201432 0.040278 0.051302
0 0.220370 0.724870 0.102778 0.020052
0 0.686806 0.502865 0.044907 0.044792
0 0.501620 0.466406 0.044907 0.044792
0 0.082639 0.622005 0.031019 0.064323
0 0.772454 0.726172 0.086574 0.022656
0 0.272454 0.293880 0.086574 0.022656
0 0.756250 0.598568 0.044907 0.043490
0 0.564120 0.112891 0.077315 0.025260
0 0.418287 0.712500 0.035648 0.052604
0 0.503935 0.256120 0.040278 0.046094
0 0.142824 0.298438 0.114352 0.016146
0 0.348843 0.179036 0.081944 0.022135
0 0.579861 0.651693 0.043981 0.040365
0 0.288657 0.364193 0.035648 0.048698
0 0.318750 0.829036 0.086574 0.020052
0 0.839583 0.921484 0.072685 0.022656
0 0.821065 0.900651 0.072685 0.022656
0 0.212269 0.258724 0.040278 0.040885
0 0.700694 0.849870 0.109722 0.014844
0 0.415972 0.607422 0.040278 0.040365
0 0.696065 0.343359 0.026389 0.059115
0 0.536343 0.172786 0.105093 0.014844
0 0.920139 0.880469 0.039352 0.039583
0 0.809491 0.136328 0.077315 0.020052
0 0.309491 0.728776 0.068056 0.022656
0 0.665509 0.804297 0.067130 0.022656
0 0.494676 0.194922 0.086574 0.017448
0 0.934028 0.116797 0.039352 0.038281
0 0.427546 0.779557 0.100463 0.014844
0 0.911343 0.186458 0.040278 0.036979
0 0.770139 0.550130 0.026389 0.055990
0 0.950694 0.873307 0.035648 0.040885
0 0.800231 0.271745 0.031019 0.046094
0 0.818750 0.375911 0.031019 0.046094
0 0.681713 0.529297 0.071759 0.019531
0 0.485417 0.770052 0.031019 0.044271
0 0.733102 0.089453 0.091204 0.014844
0 0.348843 0.269141 0.026389 0.051302
0 0.094213 0.323828 0.026389 0.051302
0 0.253935 0.163672 0.077315 0.017448
0 0.633565 0.555339 0.068056 0.019531
0 0.353472 0.594010 0.035648 0.036979
0 0.456481 0.292578 0.065741 0.020052
0 0.719213 0.440104 0.026389 0.049479
0 0.241898 0.353125 0.034722 0.036979
0 0.552546 0.485286 0.063426 0.020052
0 0.556019 0.400391 0.033333 0.037760
0 0.668287 0.195573 0.091204 0.013542
0 0.635880 0.827734 0.100463 0.012240
0 0.463426 0.494401 0.070370 0.017448
0 0.848843 0.154557 0.081944 0.014844
0 0.538657 0.782161 0.081944 0.014844
0 0.517824 0.809505 0.068056 0.017448
0 0.540972 0.536068 0.031019 0.038281
0 0.039815 0.816016 0.079630 0.014844
0 0.915972 0.450130 0.021759 0.053906
0 0.684491 0.864193 0.095833 0.012240
0 0.439120 0.403255 0.095833 0.012240
0 0.237731 0.632422 0.026389 0.043490
0 0.881250 0.757422 0.026389 0.043490
0 0.332639 0.240495 0.077315 0.014844
0 0.513194 0.508464 0.058796 0.019531
0 0.865046 0.105729 0.031019 0.036979
0 0.700694 0.606120 0.026389 0.042969
0 0.751157 0.466146 0.025463 0.044271
0 0.743519 0.102474 0.075000 0.014844
0 0.098380 0.135026 0.025463 0.043490
0 0.448380 0.695964 0.021759 0.050781
0 0.281713 0.683203 0.031019 0.035677
0 0.443287 0.415625 0.067130 0.016146
0 0.230324 0.492448 0.057870 0.018750
0 0.223843 0.227474 0.026389 0.040885
0 0.311806 0.740495 0.072685 0.014844
0 0.774769 0.441016 0.026389 0.040885
0 0.163657 0.144141 0.072685 0.014844
0 0.887731 0.818620 0.020833 0.051302
0 0.355787 0.447526 0.021759 0.048698
0 0.670602 0.692318 0.086574 0.012240
0 0.656713 0.924089 0.086574 0.012240
0 0.322222 0.572266 0.019444 0.053385
0 0.732639 0.560807 0.025463 0.040885
0 0.624306 0.629818 0.058796 0.017448
0 0.564120 0.161068 0.058796 0.017448
0 0.897454 0.855078 0.068056 0.014844
0 0.895139 0.369401 0.026389 0.038281
0 0.633565 0.646745 0.068056 0.014844
0 0.564120 0.808203 0.068056 0.014844
0 0.718750 0.552344 0.025463 0.039583
0 0.186806 0.478776 0.081944 0.012240
0 0.888194 0.909766 0.021759 0.046094
0 0.943750 0.526953 0.021759 0.046094
0 0.913657 0.296484 0.081944 0.012240
0 0.828009 0.558203 0.021759 0.046094
0 0.314120 0.672526 0.021759 0.045573
0 0.496528 0.325130 0.081019 0.012240
0 0.494213 0.439714 0.030093 0.033073
0 0.489583 0.412109 0.067130 0.014323
0 0.675231 0.122005 0.077315 0.012240
0 0.971528 0.137630 0.021759 0.043490
0 0.645139 0.840755 0.054167 0.017448
0 0.439120 0.766536 0.031019 0.030469
0 0.608102 0.551693 0.054167 0.017448
0 0.163657 0.314714 0.054167 0.017448
0 0.760417 0.379167 0.025463 0.036979
0 0.270139 0.607682 0.063426 0.014844
0 0.036343 0.650391 0.021759 0.042969
0 0.513194 0.374349 0.021759 0.042969
0 0.082639 0.565365 0.021759 0.042188
0 0.509028 0.179036 0.076389 0.011719
0 0.665972 0.357682 0.021759 0.040885
0 0.677546 0.286068 0.026389 0.033073
0 0.524769 0.629818 0.026389 0.033073
0 0.936343 0.668880 0.025463 0.033073
0 0.346528 0.101172 0.068056 0.012240
0 0.253472 0.807943 0.057870 0.014323
0 0.765509 0.834896 0.017130 0.047396
0 0.047917 0.472266 0.026389 0.030469
0 0.752778 0.438411 0.019444 0.040885
0 0.881250 0.519141 0.017130 0.046094
0 0.728472 0.383724 0.017130 0.046094
0 0.865046 0.651953 0.021759 0.035677
0 0.649769 0.168880 0.063426 0.012240
0 0.153935 0.158464 0.062500 0.012240
0 0.480787 0.396745 0.049537 0.014844
0 0.751620 0.511719 0.017130 0.041667
0 0.681713 0.299089 0.016204 0.043490
0 0.434491 0.477214 0.077315 0.009115
0 0.290509 0.327734 0.057870 0.012240
0 0.670602 0.781901 0.049537 0.014323
0 0.478472 0.308203 0.072685 0.009635
0 0.899769 0.722005 0.017130 0.040365
0 0.890509 0.630859 0.017130 0.040365
0 0.443750 0.822266 0.058796 0.011719
0 0.464583 0.250911 0.026389 0.025260
0 0.492361 0.220964 0.054167 0.012240
0 0.529398 0.377214 0.017130 0.038281
0 0.140509 0.687109 0.017130 0.038281
0 0.765509 0.280859 0.017130 0.038281
0 0.116204 0.207682 0.024074 0.027344
0 0.158565 0.260026 0.053241 0.012240
0 0.784028 0.494141 0.017130 0.037760
0 0.420602 0.154297 0.068056 0.009115
0 0.969213 0.331641 0.017130 0.035677
0 0.946065 0.839453 0.017130 0.035677
0 0.707639 0.752214 0.021759 0.027865
0 0.179861 0.364193 0.049537 0.012240
0 0.684491 0.421224 0.021759 0.027344
0 0.943750 0.175391 0.058796 0.009635
0 0.115046 0.192318 0.077315 0.007031
0 0.487731 0.459245 0.017130 0.030469
0 0.381250 0.409505 0.054167 0.009115
0 0.939120 0.715755 0.012500 0.038281
0 0.138194 0.450130 0.068056 0.007031
0 0.453009 0.089453 0.049537 0.009635
0 0.054861 0.267578 0.012500 0.037760
0 0.601157 0.819661 0.068056 0.006510
0 0.548611 0.466797 0.046296 0.009115
0 0.674074 0.558203 0.010185 0.035677
0 0.290509 0.633464 0.011574 0.029948
