0 0.538657 0.616797 0.220833 0.043490
0 0.142361 0.163672 0.085648 0.079948
0 0.095370 0.983333 0.186111 0.031771
0 0.888194 0.222005 0.068056 0.066406
0 0.242361 0.552995 0.063426 0.066927
0 0.281713 0.176693 0.049537 0.085156
0 0.975000 0.823828 0.047222 0.087760
0 0.730324 0.723568 0.057870 0.064323
0 0.353472 0.431901 0.109722 0.033073
0 0.689120 0.302995 0.114352 0.030469
0 0.813657 0.427995 0.039352 0.087760
0 0.932176 0.882422 0.100463 0.033073
0 0.131250 0.598568 0.054167 0.059115
0 0.528935 0.554297 0.043981 0.069531
0 0.476157 0.060807 0.151389 0.020052
0 0.543287 0.675391 0.054167 0.051302
0 0.162500 0.329427 0.051852 0.046875
0 0.703009 0.796484 0.040278 0.059115
0 0.233102 0.215495 0.035648 0.063802
0 0.115046 0.154557 0.031019 0.061719
0 0.205324 0.476172 0.109722 0.017448
0 0.534028 0.789974 0.128241 0.014844
0 0.920602 0.524349 0.040278 0.046094
0 0.154398 0.581641 0.035648 0.051302
0 0.645139 0.120052 0.072685 0.023958
0 0.295602 0.620052 0.040278 0.039583
0 0.182870 0.395443 0.027778 0.053906
0 0.881250 0.417578 0.035648 0.040885
0 0.376620 0.723568 0.035648 0.038281
0 0.056713 0.486328 0.025463 0.053385
0 0.846528 0.805599 0.021759 0.056510
0 0.963426 0.233984 0.070370 0.017448
0 0.860417 0.671484 0.021759 0.053906
0 0.471528 0.076172 0.077315 0.014323
0 0.800231 0.231380 0.086574 0.012240
0 0.285880 0.260026 0.020833 0.048698
0 0.564120 0.179297 0.077315 0.012240
0 0.508102 0.041276 0.076389 0.012240
0 0.860417 0.353516 0.021759 0.042969
0 0.325694 0.218359 0.072685 0.012240
0 0.398611 0.119141 0.051852 0.016927
0 0.434491 0.067318 0.068056 0.012240
0 0.656713 0.163411 0.058796 0.011719
0 0.131250 0.573828 0.017130 0.035677
0 0.112731 0.664974 0.017130 0.025260
