0 0.390509 0.318620 0.165278 0.051302
0 0.924074 0.442318 0.149074 0.048698
0 0.337269 0.858724 0.077315 0.074219
0 0.365046 0.357682 0.068056 0.066927
0 0.772454 0.545182 0.058796 0.077344
0 0.204167 0.099870 0.107407 0.035677
0 0.790972 0.668880 0.049537 0.074740
0 0.237731 0.309505 0.109722 0.033073
0 0.193750 0.336589 0.049537 0.071615
0 0.751157 0.592057 0.062500 0.056510
0 0.832639 0.663672 0.058796 0.059115
0 0.385880 0.762630 0.100463 0.033073
0 0.773611 0.771484 0.042593 0.071615
0 0.595370 0.872005 0.130556 0.022656
0 0.514352 0.227474 0.051852 0.056510
0 0.545602 0.602865 0.049537 0.052083
0 0.594213 0.513932 0.035648 0.072135
0 0.550231 0.536068 0.040278 0.059115
0 0.464583 0.650651 0.035648 0.064323
0 0.527083 0.706641 0.114352 0.020052
0 0.786343 0.822526 0.123611 0.017448
0 0.121528 0.230078 0.034722 0.061719
0 0.837269 0.769141 0.031019 0.066927
0 0.874306 0.224870 0.132870 0.014844
0 0.739583 0.685807 0.076389 0.025260
0 0.885880 0.696875 0.035648 0.052604
0 0.955324 0.042578 0.072685 0.025260
0 0.610417 0.608984 0.040278 0.043490
0 0.565278 0.128516 0.116667 0.014844
0 0.700694 0.364193 0.072685 0.022656
0 0.890509 0.010026 0.091204 0.017448
0 0.981944 0.581641 0.033333 0.046094
0 0.756250 0.446224 0.035648 0.039844
0 0.505787 0.502214 0.025463 0.048698
0 0.135880 0.511068 0.081944 0.014323
0 0.429861 0.549089 0.021759 0.048698
0 0.939120 0.640234 0.021759 0.048698
0 0.924769 0.172786 0.067130 0.014844
0 0.369676 0.148698 0.021759 0.044792
0 0.932176 0.536068 0.072685 0.012240
0 0.156713 0.245703 0.068056 0.009635
0 0.027083 0.512630 0.049537 0.012240
0 0.671759 0.105078 0.051852 0.009635
0 0.334954 0.835547 0.017130 0.027865
0 0.378935 0.282813 0.012500 0.036979
0 0.336806 0.483073 0.011574 0.031250
