0 0.611574 0.558203 0.088889 0.082552
0 0.156713 0.595703 0.160648 0.042969
0 0.434491 0.797786 0.151389 0.035677
0 0.351157 0.801693 0.123611 0.038281
0 0.922917 0.976172 0.137500 0.033073
0 0.369676 0.869401 0.058796 0.069531
0 0.829167 0.640234 0.051852 0.059115
0 0.777083 0.797786 0.049537 0.061719
0 0.594213 0.486589 0.054167 0.053906
0 0.425231 0.313411 0.095833 0.030469
0 0.253935 0.180599 0.049537 0.051302
0 0.159028 0.132422 0.109722 0.022656
0 0.087269 0.745443 0.040278 0.061198
0 0.892824 0.861589 0.105093 0.022656
0 0.142361 0.746745 0.048611 0.048177
0 0.617361 0.161068 0.100463 0.022656
0 0.697917 0.766536 0.039352 0.056510
0 0.194907 0.111589 0.079630 0.027865
0 0.399306 0.788411 0.090278 0.022135
0 0.825694 0.425130 0.035648 0.055990
0 0.457639 0.235026 0.077315 0.024740
0 0.758565 0.085547 0.077315 0.022656
0 0.480324 0.207943 0.076389 0.022656
0 0.089583 0.886979 0.026389 0.063021
0 0.925231 0.520182 0.031019 0.053385
0 0.131250 0.198828 0.081944 0.020052
0 0.209954 0.602474 0.081944 0.020052
0 0.654398 0.426693 0.035648 0.043490
0 0.665972 0.082943 0.040278 0.038281
0 0.744676 0.515234 0.086574 0.017448
0 0.893981 0.406901 0.024074 0.061198
0 0.326389 0.114193 0.064815 0.022656
0 0.047917 0.873307 0.035648 0.040885
0 0.871991 0.269141 0.072685 0.020052
0 0.506250 0.878516 0.035648 0.040885
0 0.135880 0.834245 0.072685 0.020052
0 0.658565 0.571224 0.025463 0.056510
0 0.140046 0.159766 0.071759 0.020052
0 0.476157 0.761328 0.095833 0.014844
0 0.881250 0.552734 0.072685 0.019531
0 0.605324 0.649349 0.039352 0.035677
0 0.343750 0.811849 0.081019 0.016927
0 0.878935 0.086849 0.068056 0.020052
0 0.751620 0.369401 0.035648 0.038281
0 0.406713 0.177995 0.068056 0.020052
0 0.244213 0.312109 0.076389 0.017448
0 0.108102 0.537370 0.063426 0.020052
0 0.640509 0.878516 0.035648 0.035677
0 0.138194 0.493099 0.031019 0.040885
0 0.578009 0.233984 0.068056 0.017448
0 0.425231 0.603776 0.021759 0.053906
0 0.196065 0.822526 0.035648 0.033073
0 0.689120 0.240495 0.058796 0.020052
0 0.499306 0.821224 0.058796 0.020052
0 0.921759 0.835547 0.024074 0.048698
0 0.392824 0.145182 0.031019 0.037760
0 0.334954 0.593359 0.026389 0.043490
0 0.168287 0.791276 0.026389 0.043490
0 0.709954 0.124609 0.063426 0.017448
0 0.909028 0.316016 0.072685 0.014844
0 0.323380 0.536068 0.058796 0.017448
0 0.646991 0.723568 0.057870 0.017448
0 0.897454 0.288411 0.058796 0.016927
0 0.168287 0.236979 0.026389 0.036458
0 0.457639 0.371354 0.086574 0.010937
0 0.203009 0.866797 0.077315 0.012240
0 0.624306 0.802995 0.031019 0.030469
0 0.355787 0.185807 0.031019 0.030469
0 0.249306 0.555599 0.031019 0.030469
0 0.811806 0.761328 0.026389 0.035677
0 0.034028 0.172786 0.026389 0.035677
0 0.276620 0.090755 0.076389 0.012240
0 0.369213 0.663411 0.020833 0.042969
0 0.135880 0.853776 0.072685 0.012240
0 0.871991 0.351172 0.072685 0.012240
0 0.330324 0.885026 0.072685 0.012240
0 0.343750 0.098568 0.071759 0.012240
0 0.661343 0.753255 0.021759 0.040365
0 0.231944 0.203776 0.061111 0.014323
0 0.834491 0.098568 0.025463 0.033073
0 0.422917 0.543880 0.017130 0.048698
0 0.777083 0.845964 0.021759 0.038281
0 0.482639 0.843620 0.025463 0.032552
0 0.552546 0.289974 0.026389 0.030469
0 0.589583 0.409766 0.026389 0.030469
0 0.165972 0.480078 0.021759 0.035677
0 0.427083 0.724609 0.016204 0.045573
0 0.552546 0.756120 0.017130 0.040885
0 0.612731 0.274349 0.044907 0.014844
0 0.272454 0.224870 0.068056 0.009635
0 0.881250 0.891536 0.063426 0.009635
0 0.075694 0.498047 0.017130 0.035156
0 0.867361 0.719401 0.017130 0.029948
0 0.240046 0.356380 0.021759 0.022656
0 0.328009 0.226172 0.012500 0.038281
0 0.991204 0.900000 0.014815 0.031771
0 0.586111 0.844661 0.047222 0.009635
0 0.112731 0.095964 0.017130 0.022656
0 0.564120 0.141536 0.012500 0.030469
0 0.214120 0.253255 0.016204 0.019531
