0 0.691435 0.391927 0.183796 0.020833
0 0.145139 0.720313 0.063426 0.057813
0 0.388194 0.276302 0.114352 0.029167
0 0.624306 0.571224 0.058796 0.056510
0 0.672454 0.278255 0.099537 0.033073
0 0.728472 0.148047 0.054167 0.059115
0 0.513194 0.283724 0.049537 0.063802
0 0.677546 0.875651 0.100463 0.029948
0 0.800231 0.135026 0.049537 0.059115
0 0.834954 0.780859 0.054167 0.053906
0 0.777778 0.253516 0.050926 0.056510
0 0.936806 0.719661 0.054167 0.051302
0 0.265509 0.706641 0.091204 0.030469
0 0.543287 0.498307 0.109722 0.025260
0 0.492361 0.472005 0.091204 0.029948
0 0.959491 0.797786 0.043981 0.061719
0 0.929861 0.757422 0.095833 0.027865
0 0.906250 0.842057 0.039352 0.066927
0 0.714583 0.694922 0.091204 0.027865
0 0.279398 0.265234 0.091204 0.027865
0 0.381250 0.252214 0.109722 0.022656
0 0.346528 0.808594 0.049537 0.046875
0 0.402083 0.430599 0.049537 0.046094
0 0.579167 0.158464 0.098148 0.022656
0 0.749306 0.873307 0.086574 0.025260
0 0.626620 0.418880 0.044907 0.048698
0 0.340741 0.698568 0.047222 0.045573
0 0.970370 0.667839 0.037963 0.055990
0 0.871991 0.215755 0.035648 0.059115
0 0.869213 0.422786 0.030093 0.066927
0 0.913657 0.560807 0.035648 0.056510
0 0.664352 0.456641 0.037037 0.051302
0 0.370370 0.644141 0.074074 0.025260
0 0.640046 0.666276 0.081019 0.022656
0 0.727315 0.611589 0.102778 0.017448
0 0.110417 0.421484 0.040278 0.043490
0 0.815278 0.896745 0.042593 0.040885
0 0.703009 0.628516 0.086574 0.020052
0 0.510880 0.442318 0.035648 0.048698
0 0.703009 0.805599 0.086574 0.020052
0 0.609954 0.634375 0.039352 0.042188
0 0.233102 0.835547 0.072685 0.022656
0 0.321065 0.136328 0.081944 0.020052
0 0.774306 0.491797 0.071759 0.022656
0 0.578009 0.471615 0.040278 0.039583
0 0.737731 0.179297 0.091204 0.017448
0 0.357639 0.453385 0.034722 0.044792
0 0.552546 0.105729 0.072685 0.021354
0 0.154398 0.426693 0.035648 0.043490
0 0.645139 0.621745 0.035648 0.042969
0 0.698380 0.262370 0.068056 0.022135
0 0.709954 0.551693 0.118981 0.012240
0 0.497454 0.501563 0.090278 0.016146
0 0.802546 0.576432 0.035648 0.040885
0 0.274769 0.292578 0.072685 0.020052
0 0.464583 0.110286 0.035648 0.040885
0 0.932176 0.239583 0.026389 0.054688
0 0.795602 0.808203 0.031019 0.046094
0 0.712269 0.493099 0.031019 0.046094
0 0.684491 0.756120 0.031019 0.046094
0 0.161343 0.868099 0.031019 0.046094
0 0.871991 0.146484 0.072685 0.019531
0 0.425926 0.510026 0.032407 0.043490
0 0.388194 0.733984 0.114352 0.012240
0 0.617361 0.541016 0.063426 0.022135
0 0.429398 0.592057 0.039352 0.035677
0 0.802546 0.163411 0.118981 0.011719
0 0.560648 0.187109 0.079630 0.017448
0 0.478472 0.788411 0.081944 0.016927
0 0.448380 0.680339 0.095833 0.014323
0 0.758565 0.808203 0.068056 0.020052
0 0.753935 0.131120 0.068056 0.020052
0 0.981944 0.550391 0.033333 0.040885
0 0.856944 0.821224 0.033333 0.040885
0 0.858102 0.633724 0.026389 0.051302
0 0.874306 0.558203 0.021759 0.061719
0 0.270139 0.125651 0.026389 0.050781
0 0.258565 0.780599 0.031019 0.042969
0 0.896296 0.490495 0.028704 0.046094
0 0.234259 0.874609 0.075000 0.017448
0 0.534028 0.212240 0.035648 0.036458
0 0.855787 0.261328 0.086574 0.014844
0 0.936806 0.316016 0.063426 0.020052
0 0.605787 0.480078 0.031019 0.040885
0 0.487269 0.201432 0.062500 0.020052
0 0.409028 0.643880 0.063426 0.019531
0 0.608102 0.681901 0.100463 0.012240
0 0.707639 0.641927 0.077315 0.015625
0 0.286343 0.799089 0.031019 0.038281
0 0.531713 0.775651 0.031019 0.038281
0 0.490046 0.658464 0.068056 0.017448
0 0.513194 0.895443 0.095833 0.012240
0 0.204861 0.261328 0.025463 0.046094
0 0.466898 0.612891 0.077315 0.014844
0 0.616898 0.720964 0.034722 0.033073
0 0.286343 0.378516 0.021759 0.051302
0 0.571065 0.713802 0.081944 0.013542
0 0.630787 0.765234 0.090278 0.012240
0 0.628935 0.582292 0.068056 0.016146
0 0.214120 0.118490 0.025463 0.041667
0 0.722222 0.767839 0.060185 0.017448
0 0.561806 0.641276 0.072685 0.014323
0 0.899769 0.190104 0.026389 0.039062
0 0.925231 0.668880 0.031019 0.033073
0 0.163657 0.132422 0.081944 0.012240
0 0.205324 0.221224 0.026389 0.037760
0 0.234954 0.173828 0.057870 0.016927
0 0.397454 0.628255 0.068056 0.014323
0 0.565278 0.129818 0.028704 0.033073
0 0.726157 0.351172 0.077315 0.012240
0 0.698380 0.588151 0.021759 0.043490
0 0.825694 0.356380 0.054167 0.017448
0 0.519676 0.378516 0.025463 0.035677
0 0.870833 0.696224 0.061111 0.014844
0 0.418287 0.835547 0.072685 0.012240
0 0.746991 0.106380 0.072685 0.012240
0 0.163657 0.230078 0.017130 0.051302
0 0.811806 0.395443 0.026389 0.033073
0 0.409028 0.361328 0.026389 0.032552
0 0.672917 0.496745 0.026389 0.032552
0 0.362731 0.314453 0.072685 0.011719
0 0.374306 0.168880 0.021759 0.038281
0 0.656713 0.322526 0.021759 0.038281
0 0.184028 0.148047 0.067130 0.012240
0 0.409028 0.774089 0.026389 0.029948
0 0.383102 0.501953 0.067130 0.011719
0 0.862269 0.116536 0.016204 0.048177
0 0.506250 0.222005 0.017130 0.045573
0 0.834954 0.851172 0.063426 0.012240
0 0.971528 0.284766 0.021759 0.035677
0 0.784028 0.666276 0.063426 0.012240
0 0.272454 0.243099 0.021759 0.035677
0 0.564120 0.368359 0.021759 0.035156
0 0.242361 0.662760 0.026389 0.028646
0 0.610417 0.097266 0.077315 0.009635
0 0.656250 0.480078 0.020833 0.035677
0 0.486111 0.729818 0.050926 0.014323
0 0.677546 0.415625 0.017130 0.042188
0 0.193750 0.671484 0.058796 0.012240
0 0.144676 0.338151 0.016204 0.043490
0 0.341435 0.184505 0.057870 0.012240
0 0.367361 0.349870 0.072685 0.009635
0 0.150926 0.827734 0.056481 0.012240
0 0.789815 0.220964 0.056481 0.012240
0 0.851852 0.667578 0.069444 0.009635
0 0.288657 0.629818 0.054167 0.012240
0 0.321065 0.364193 0.017130 0.038281
0 0.214583 0.366797 0.017130 0.038281
0 0.233102 0.827474 0.054167 0.011719
0 0.795602 0.211589 0.068056 0.009115
0 0.510417 0.171224 0.016204 0.037760
0 0.904398 0.235286 0.017130 0.035677
0 0.496991 0.826432 0.017130 0.035677
0 0.740046 0.369401 0.021759 0.027865
0 0.466898 0.437109 0.021759 0.027865
0 0.966435 0.489193 0.020833 0.027865
0 0.962269 0.593359 0.012500 0.043490
0 0.760880 0.143880 0.054167 0.009115
0 0.467593 0.183203 0.050926 0.009635
0 0.873148 0.879557 0.037963 0.011719
0 0.566435 0.773047 0.035648 0.012240
0 0.493519 0.539714 0.047222 0.009115
0 0.979630 0.206641 0.037963 0.009635
0 0.159028 0.261328 0.035648 0.009635
0 0.663194 0.997656 0.025463 0.003125
