0 0.937963 0.633724 0.121296 0.129427
0 0.961111 0.773047 0.075000 0.163281
0 0.795602 0.597266 0.086574 0.082552
0 0.274769 0.836849 0.128241 0.040885
0 0.693750 0.172526 0.068056 0.076823
0 0.788657 0.470964 0.054167 0.074740
0 0.955324 0.202734 0.063426 0.059115
0 0.658565 0.459245 0.053241 0.066927
0 0.212269 0.332943 0.058796 0.059115
0 0.554398 0.403906 0.057870 0.055208
0 0.503935 0.895443 0.095833 0.033073
0 0.658565 0.866536 0.053241 0.058594
0 0.522454 0.340755 0.105093 0.027865
0 0.774306 0.586849 0.043981 0.061719
0 0.328009 0.616797 0.095833 0.027865
0 0.559491 0.743099 0.105093 0.025260
0 0.450694 0.394141 0.044907 0.056510
0 0.395139 0.322526 0.109722 0.022656
0 0.777083 0.675391 0.095833 0.025260
0 0.802546 0.224870 0.091204 0.025260
0 0.263194 0.677995 0.049537 0.046094
0 0.858796 0.588802 0.037037 0.060417
0 0.621991 0.521745 0.044907 0.046094
0 0.840741 0.507422 0.037963 0.053906
0 0.304861 0.409505 0.040278 0.050781
0 0.520139 0.477474 0.035648 0.056510
0 0.591898 0.200130 0.086574 0.022656
0 0.448380 0.866797 0.086574 0.022656
0 0.531713 0.771745 0.077315 0.025260
0 0.321065 0.710547 0.109722 0.017448
0 0.582639 0.123047 0.077315 0.024740
0 0.758565 0.711849 0.040278 0.046094
0 0.860417 0.914323 0.077315 0.023958
0 0.156713 0.189714 0.105093 0.017448
0 0.241898 0.181901 0.081019 0.022656
0 0.617361 0.162370 0.044907 0.040885
0 0.895139 0.279557 0.044907 0.040885
0 0.237731 0.685807 0.044907 0.040885
0 0.426389 0.918880 0.079630 0.022656
0 0.802546 0.797526 0.091204 0.019531
0 0.699074 0.416276 0.032407 0.053906
0 0.427546 0.400391 0.035648 0.048177
0 0.613889 0.783464 0.075000 0.022656
0 0.466898 0.756120 0.040278 0.040885
0 0.802546 0.133724 0.035648 0.046094
0 0.760880 0.482682 0.026389 0.061719
0 0.131250 0.497005 0.091204 0.017448
0 0.415972 0.284766 0.105093 0.014844
0 0.610417 0.560807 0.077315 0.020052
0 0.466898 0.778255 0.040278 0.038281
0 0.846528 0.689714 0.068056 0.022656
0 0.690278 0.842057 0.033333 0.046094
0 0.235417 0.319922 0.031019 0.048698
0 0.654398 0.342057 0.026389 0.056510
0 0.288657 0.321224 0.026389 0.056510
0 0.230787 0.902995 0.086574 0.016927
0 0.936806 0.875911 0.072685 0.020052
0 0.580324 0.641536 0.035648 0.040885
0 0.605324 0.762370 0.085648 0.016927
0 0.602315 0.530859 0.033333 0.043490
0 0.334954 0.675130 0.035648 0.040365
0 0.534028 0.674089 0.026389 0.053906
0 0.940972 0.433203 0.034722 0.040885
0 0.033565 0.870703 0.034722 0.040885
0 0.304398 0.493099 0.030093 0.046094
0 0.758565 0.099870 0.068056 0.020052
0 0.774769 0.452734 0.035648 0.038281
0 0.281713 0.295182 0.068056 0.020052
0 0.561806 0.463151 0.035648 0.038281
0 0.358102 0.693620 0.091204 0.014844
0 0.811806 0.347266 0.026389 0.051302
0 0.365046 0.735286 0.086574 0.014844
0 0.552546 0.637630 0.026389 0.048698
0 0.328009 0.723307 0.075463 0.016927
0 0.376620 0.413411 0.026389 0.048177
0 0.321065 0.316016 0.035648 0.035677
0 0.165972 0.266536 0.031019 0.040885
0 0.665972 0.391536 0.031019 0.040885
0 0.848843 0.357422 0.035648 0.035156
0 0.469676 0.911068 0.071759 0.017448
0 0.857639 0.640234 0.025463 0.048698
0 0.561806 0.176693 0.100463 0.012240
0 0.749306 0.597266 0.021759 0.056510
0 0.540509 0.485286 0.030093 0.040885
0 0.216435 0.852214 0.085648 0.014323
0 0.524769 0.821224 0.081944 0.014844
0 0.672917 0.657161 0.081944 0.014844
0 0.196065 0.297786 0.081944 0.014844
0 0.663194 0.206641 0.081019 0.014844
0 0.341435 0.270443 0.067130 0.017448
0 0.909028 0.853516 0.035648 0.032552
0 0.973843 0.277995 0.035648 0.032552
0 0.716898 0.769141 0.077315 0.014844
0 0.871991 0.187109 0.026389 0.043490
0 0.346528 0.451432 0.077315 0.014844
0 0.573380 0.875911 0.021759 0.051302
0 0.189120 0.620703 0.021759 0.051302
0 0.501620 0.248307 0.026389 0.040885
0 0.677546 0.344661 0.026389 0.040885
0 0.112731 0.198828 0.072685 0.014844
0 0.966435 0.253516 0.030093 0.035677
0 0.036343 0.793880 0.021759 0.048698
0 0.883565 0.332943 0.021759 0.048698
0 0.189120 0.160417 0.095833 0.010937
0 0.094213 0.842708 0.063426 0.016146
0 0.594213 0.582943 0.026389 0.038281
0 0.836806 0.814714 0.057870 0.017448
0 0.362731 0.301693 0.081944 0.012240
0 0.350694 0.429297 0.030093 0.033073
0 0.823380 0.899089 0.068056 0.014323
0 0.487731 0.447266 0.081944 0.011719
0 0.427546 0.475911 0.081944 0.011719
0 0.302083 0.283203 0.081019 0.011719
0 0.911343 0.832943 0.077315 0.012240
0 0.594213 0.713151 0.054167 0.017448
0 0.797454 0.555599 0.062500 0.014844
0 0.834954 0.884375 0.081944 0.010937
0 0.660880 0.585286 0.076389 0.011719
0 0.096528 0.545182 0.021759 0.040885
0 0.642824 0.816016 0.021759 0.040885
0 0.730787 0.172786 0.021759 0.040885
0 0.411343 0.511328 0.058796 0.014844
0 0.631250 0.133464 0.091204 0.009115
0 0.540972 0.879557 0.049537 0.016927
0 0.740046 0.184505 0.021759 0.038281
0 0.772454 0.207943 0.021759 0.038281
0 0.492361 0.422786 0.026389 0.030469
0 0.367361 0.664974 0.026389 0.030469
0 0.712269 0.160156 0.021759 0.036458
0 0.446065 0.804297 0.063426 0.012240
0 0.959954 0.156901 0.054167 0.014323
0 0.756250 0.171875 0.026389 0.028646
0 0.635880 0.309505 0.017130 0.043490
0 0.770139 0.257422 0.017130 0.043490
0 0.184491 0.175391 0.077315 0.009635
0 0.855787 0.907161 0.049537 0.014844
0 0.536343 0.804297 0.021759 0.033073
0 0.758565 0.616797 0.021759 0.033073
0 0.101157 0.232422 0.077315 0.009115
0 0.700694 0.373307 0.017130 0.040885
0 0.672454 0.097266 0.071759 0.009635
0 0.536343 0.415625 0.021759 0.031771
0 0.038194 0.555599 0.016204 0.040885
0 0.612731 0.218359 0.017130 0.038281
0 0.409028 0.421484 0.017130 0.038281
0 0.130787 0.270443 0.053241 0.012240
0 0.925231 0.333984 0.021759 0.029948
0 0.237731 0.246745 0.017130 0.037760
0 0.131250 0.121745 0.017130 0.037760
0 0.130787 0.217057 0.025463 0.025260
0 0.858102 0.326432 0.017130 0.035677
0 0.527083 0.530859 0.021759 0.027865
0 0.846528 0.752214 0.049537 0.012240
0 0.718750 0.922786 0.062500 0.009635
0 0.359954 0.812109 0.048611 0.012240
0 0.890509 0.866797 0.017130 0.033073
0 0.459954 0.244401 0.017130 0.033073
0 0.955324 0.858984 0.017130 0.033073
0 0.422917 0.702474 0.017130 0.032552
0 0.825231 0.197526 0.016204 0.033073
0 0.610417 0.886328 0.012500 0.040885
0 0.696065 0.796484 0.017130 0.027865
0 0.922454 0.273047 0.016204 0.027865
0 0.834954 0.615495 0.017130 0.025260
0 0.422454 0.779557 0.043981 0.009635
0 0.839583 0.292578 0.017130 0.020052
