0 0.248843 0.363932 0.067130 0.084635
0 0.568287 0.605078 0.131944 0.040885
0 0.935648 0.381120 0.125926 0.040885
0 0.369676 0.149349 0.123611 0.040885
0 0.338426 0.102474 0.162963 0.030469
0 0.753935 0.375911 0.105093 0.035677
0 0.684491 0.193620 0.058796 0.061719
0 0.703704 0.274349 0.050926 0.066927
0 0.399769 0.300391 0.100463 0.030469
0 0.617361 0.641536 0.091204 0.030469
0 0.537500 0.714453 0.088889 0.030469
0 0.520139 0.202734 0.091204 0.027865
0 0.209954 0.405859 0.035648 0.069531
0 0.450231 0.379818 0.108796 0.022656
0 0.135880 0.632812 0.044907 0.054688
0 0.434491 0.737891 0.095833 0.025260
0 0.979630 0.344661 0.037963 0.061719
0 0.205324 0.291276 0.044907 0.048698
0 0.107639 0.795182 0.034722 0.056510
0 0.902083 0.635026 0.086574 0.022656
0 0.730787 0.843359 0.040278 0.048698
0 0.371991 0.705339 0.026389 0.069531
0 0.576852 0.895182 0.037963 0.048177
0 0.816435 0.888672 0.035648 0.050781
0 0.402083 0.128516 0.031019 0.056510
0 0.138194 0.364193 0.077315 0.022656
0 0.804398 0.239193 0.039352 0.043490
0 0.399769 0.271745 0.081944 0.020052
0 0.719213 0.737891 0.035648 0.046094
0 0.211806 0.646745 0.039352 0.040885
0 0.756250 0.538672 0.035648 0.043490
0 0.818750 0.681901 0.040278 0.038281
0 0.411343 0.364193 0.068056 0.022656
0 0.522454 0.809505 0.086574 0.017448
0 0.288657 0.493490 0.035648 0.041667
0 0.811806 0.198828 0.035648 0.040885
0 0.179861 0.446224 0.031019 0.046094
0 0.665972 0.670182 0.031019 0.046094
0 0.628935 0.183203 0.095833 0.014844
0 0.126620 0.318359 0.072685 0.019531
0 0.415972 0.659115 0.031019 0.044792
0 0.848380 0.483724 0.081019 0.016927
0 0.871991 0.219661 0.091204 0.014844
0 0.185648 0.153255 0.024074 0.053906
0 0.594213 0.672786 0.063426 0.020052
0 0.760880 0.227214 0.026389 0.045573
0 0.939120 0.606380 0.031019 0.038281
0 0.098843 0.705990 0.026389 0.044792
0 0.184491 0.343099 0.031019 0.037760
0 0.131250 0.387370 0.035648 0.032552
0 0.895139 0.457682 0.026389 0.042969
0 0.659028 0.317969 0.026389 0.042188
0 0.237269 0.192318 0.090278 0.012240
0 0.506250 0.775651 0.063426 0.017448
0 0.776620 0.775000 0.020833 0.052604
0 0.300231 0.211198 0.021759 0.050000
0 0.140509 0.191016 0.026389 0.040885
0 0.640509 0.081641 0.072685 0.014844
0 0.765509 0.727474 0.072685 0.014844
0 0.182176 0.193620 0.026389 0.040885
0 0.642824 0.681901 0.021759 0.048698
0 0.315972 0.414714 0.025463 0.040365
0 0.323380 0.572526 0.058796 0.017448
0 0.244213 0.218359 0.057870 0.017448
0 0.802546 0.559505 0.081944 0.012240
0 0.226157 0.816016 0.021759 0.046094
0 0.579861 0.265234 0.081019 0.012240
0 0.508102 0.373307 0.020833 0.046094
0 0.198380 0.228776 0.021759 0.043490
0 0.517824 0.129818 0.021759 0.043490
0 0.855787 0.669922 0.031019 0.029948
0 0.850694 0.594661 0.094907 0.009635
0 0.172917 0.101172 0.026389 0.033073
0 0.693750 0.314714 0.068056 0.012240
0 0.503935 0.835547 0.068056 0.012240
0 0.968056 0.521094 0.061111 0.013542
0 0.341435 0.819922 0.067130 0.012240
0 0.163657 0.317318 0.063426 0.012240
0 0.730787 0.506120 0.021759 0.035677
0 0.253935 0.646484 0.021759 0.035156
0 0.297917 0.697526 0.026389 0.027865
0 0.633102 0.452734 0.057870 0.012240
0 0.547917 0.506120 0.072685 0.009635
0 0.317130 0.352474 0.027778 0.025260
0 0.262731 0.280859 0.020833 0.033073
0 0.102315 0.154557 0.014815 0.046094
0 0.138194 0.730078 0.021759 0.030469
0 0.932176 0.472266 0.063426 0.009635
0 0.480787 0.385026 0.049537 0.012240
0 0.462269 0.325130 0.049537 0.012240
0 0.320602 0.220052 0.016204 0.036458
0 0.672917 0.139974 0.017130 0.032552
0 0.839583 0.386328 0.054167 0.009635
0 0.176389 0.229167 0.014815 0.033854
0 0.540972 0.872005 0.068056 0.007031
0 0.415509 0.764974 0.020833 0.022135
0 0.358102 0.120703 0.017130 0.020052
0 0.380787 0.392839 0.034722 0.007031
0 0.612731 0.030599 0.026389 0.006510
0 0.767824 0.996354 0.021759 0.005729
0 0.662500 0.997656 0.024074 0.003125
