0 0.100694 0.982031 0.196759 0.034375
0 0.841898 0.700130 0.142130 0.033073
0 0.501157 0.171484 0.136574 0.033073
0 0.656713 0.188411 0.123611 0.035677
0 0.221065 0.775651 0.131944 0.033073
0 0.161343 0.258724 0.068056 0.061719
0 0.415972 0.832943 0.049537 0.074740
0 0.870833 0.129818 0.051852 0.069531
0 0.540972 0.491797 0.058796 0.059115
0 0.108102 0.401042 0.054167 0.059896
0 0.767824 0.442318 0.095833 0.033073
0 0.675231 0.800391 0.031019 0.098177
0 0.138194 0.218359 0.105093 0.027865
0 0.605787 0.857682 0.049537 0.056510
0 0.325694 0.149349 0.091204 0.030469
0 0.483102 0.868099 0.054167 0.051302
0 0.858102 0.877865 0.137500 0.018750
0 0.698380 0.106120 0.151389 0.016927
0 0.912500 0.360286 0.125926 0.020052
0 0.896991 0.412370 0.094907 0.025260
0 0.554861 0.827474 0.086574 0.027344
0 0.229167 0.176693 0.083333 0.027865
0 0.456481 0.380859 0.093519 0.024740
0 0.464583 0.144141 0.091204 0.025260
0 0.209954 0.874349 0.100463 0.022135
0 0.506250 0.340755 0.044907 0.048698
0 0.915972 0.482682 0.086574 0.025260
0 0.143519 0.411068 0.032407 0.064323
0 0.709954 0.543880 0.091204 0.022656
0 0.756250 0.379557 0.091204 0.022135
0 0.870370 0.667578 0.078704 0.025260
0 0.128935 0.883724 0.077315 0.025260
0 0.800694 0.791276 0.085648 0.022656
0 0.904398 0.748307 0.044907 0.040885
0 0.922917 0.844661 0.091204 0.020052
0 0.829167 0.205078 0.033333 0.053385
0 0.665972 0.267839 0.077315 0.022656
0 0.642824 0.209245 0.086574 0.020052
0 0.844213 0.733724 0.035648 0.048177
0 0.323380 0.185807 0.114352 0.014844
0 0.770139 0.694922 0.072685 0.022656
0 0.367361 0.114193 0.072685 0.022656
0 0.534028 0.308203 0.081944 0.020052
0 0.813657 0.566016 0.039352 0.040885
0 0.671759 0.248307 0.079630 0.020052
0 0.059491 0.153906 0.040278 0.039583
0 0.112731 0.838151 0.091204 0.017448
0 0.624306 0.491797 0.040278 0.038281
0 0.779398 0.197266 0.035648 0.042969
0 0.341435 0.735026 0.030093 0.050781
0 0.786343 0.770443 0.086574 0.017448
0 0.448380 0.270443 0.086574 0.017448
0 0.679398 0.340755 0.039352 0.038281
0 0.366898 0.441016 0.099537 0.014844
0 0.044444 0.812109 0.037963 0.038281
0 0.210648 0.169922 0.074074 0.019531
0 0.422454 0.230078 0.071759 0.020052
0 0.119676 0.242839 0.031019 0.045573
0 0.149769 0.850911 0.081944 0.016927
0 0.480787 0.425391 0.068056 0.020052
0 0.165972 0.118099 0.068056 0.020052
0 0.804861 0.201432 0.021759 0.061719
0 0.219213 0.254167 0.081944 0.016146
0 0.662500 0.587500 0.061111 0.021354
0 0.367361 0.850911 0.026389 0.048177
0 0.246991 0.430599 0.035648 0.035677
0 0.534028 0.180599 0.063426 0.020052
0 0.936343 0.516536 0.062500 0.020052
0 0.499306 0.516536 0.021759 0.056510
0 0.612731 0.737891 0.026389 0.046094
0 0.367361 0.207292 0.109722 0.010937
0 0.749306 0.567318 0.031019 0.038281
0 0.211806 0.317318 0.067130 0.017448
0 0.925231 0.616536 0.031019 0.037760
0 0.399769 0.332682 0.035648 0.032552
0 0.725000 0.742839 0.028704 0.040365
0 0.531250 0.248307 0.057870 0.020052
0 0.522454 0.118750 0.021759 0.052604
0 0.802546 0.343359 0.026389 0.043490
0 0.670139 0.724870 0.076389 0.014844
0 0.338426 0.395052 0.033333 0.033854
0 0.448380 0.816016 0.021759 0.051302
0 0.628935 0.894141 0.021759 0.051302
0 0.607639 0.812109 0.025463 0.043490
0 0.703009 0.795182 0.031019 0.035677
0 0.679861 0.308203 0.031019 0.035677
0 0.246991 0.153255 0.063426 0.017448
0 0.534028 0.375911 0.072685 0.014844
0 0.351157 0.885026 0.086574 0.012240
0 0.119676 0.275651 0.021759 0.048698
0 0.950231 0.235286 0.025463 0.040885
0 0.763194 0.674089 0.031019 0.033073
0 0.825694 0.603776 0.026389 0.038281
0 0.663657 0.455339 0.081944 0.012240
0 0.576852 0.222266 0.019444 0.051302
0 0.621991 0.353516 0.026389 0.037760
0 0.295139 0.783464 0.030093 0.033073
0 0.705324 0.507812 0.054167 0.018229
0 0.440972 0.723568 0.025463 0.038281
0 0.265509 0.218099 0.081944 0.011719
0 0.503935 0.082943 0.077315 0.012240
0 0.522454 0.597266 0.031019 0.030469
0 0.464583 0.404557 0.063426 0.014844
0 0.484954 0.252214 0.076389 0.012240
0 0.799074 0.754557 0.028704 0.032552
0 0.946065 0.382161 0.054167 0.016927
0 0.624306 0.291016 0.077315 0.011719
0 0.895139 0.875651 0.063426 0.014323
0 0.568750 0.550391 0.021759 0.040885
0 0.071065 0.250911 0.017130 0.051302
0 0.591898 0.899089 0.021759 0.040365
0 0.913194 0.103776 0.016204 0.053906
0 0.735417 0.302734 0.021759 0.040365
0 0.751620 0.220964 0.026389 0.033073
0 0.162500 0.157161 0.024074 0.035677
0 0.767361 0.300391 0.020833 0.040885
0 0.422917 0.171484 0.017130 0.048698
0 0.402083 0.603776 0.068056 0.012240
0 0.480787 0.582943 0.021759 0.038281
0 0.577546 0.142839 0.067130 0.012240
0 0.464583 0.347266 0.054167 0.014844
0 0.656713 0.103516 0.068056 0.011719
0 0.520139 0.783464 0.063426 0.012240
0 0.744676 0.320964 0.021759 0.035156
0 0.800231 0.659766 0.077315 0.009635
0 0.809491 0.625911 0.077315 0.009635
0 0.789815 0.827734 0.019444 0.038281
0 0.355787 0.261328 0.049537 0.014844
0 0.054861 0.271745 0.049537 0.014844
0 0.528935 0.264974 0.062500 0.011719
0 0.946065 0.123698 0.017130 0.041667
0 0.494213 0.905859 0.057870 0.012240
0 0.742361 0.839453 0.017130 0.040885
0 0.300231 0.363281 0.021759 0.031250
0 0.899769 0.789974 0.044907 0.014844
0 0.279398 0.114193 0.054167 0.012240
0 0.078009 0.331641 0.021759 0.030469
0 0.809491 0.414974 0.068056 0.009635
0 0.121528 0.145443 0.053241 0.012240
0 0.084491 0.161068 0.016204 0.033073
0 0.510880 0.466797 0.017130 0.029948
0 0.719213 0.349609 0.017130 0.029948
0 0.862731 0.827734 0.017130 0.027865
0 0.066435 0.452474 0.017130 0.027344
0 0.414815 0.100911 0.037963 0.011719
0 0.868519 0.399089 0.037963 0.009115
0 0.365046 0.537370 0.031019 0.009635
0 0.133102 0.152995 0.039352 0.006510
