0 0.869676 0.763932 0.077315 0.098177
0 0.380093 0.313411 0.162963 0.046094
0 0.096065 0.983333 0.187500 0.031771
0 0.316435 0.868099 0.072685 0.066927
0 0.917130 0.523047 0.162963 0.027865
0 0.528935 0.781250 0.127315 0.033854
0 0.763194 0.719661 0.058796 0.072135
0 0.556019 0.073828 0.116667 0.035677
0 0.821065 0.717708 0.063426 0.057813
0 0.749306 0.653255 0.058796 0.059115
0 0.427546 0.658464 0.054167 0.059115
0 0.540972 0.258724 0.049537 0.061719
0 0.128935 0.206380 0.049537 0.061198
0 0.198380 0.366797 0.040278 0.074740
0 0.490046 0.559245 0.049537 0.058594
0 0.712269 0.793880 0.040278 0.069531
0 0.830324 0.642839 0.100463 0.027865
0 0.432176 0.698828 0.091204 0.030469
0 0.445602 0.236589 0.099537 0.027865
0 0.540972 0.571224 0.040278 0.061719
0 0.520139 0.624349 0.044907 0.053385
0 0.888194 0.744401 0.040278 0.059115
0 0.742361 0.827474 0.128241 0.016927
0 0.405556 0.558203 0.037963 0.056510
0 0.598843 0.503516 0.044907 0.046094
0 0.197222 0.304297 0.047222 0.043490
0 0.979630 0.616797 0.037963 0.053906
0 0.314120 0.288672 0.086574 0.022656
0 0.692593 0.649609 0.037963 0.050781
0 0.851157 0.597005 0.077315 0.024740
0 0.331481 0.763932 0.075000 0.025260
0 0.522454 0.111589 0.105093 0.017448
0 0.947222 0.554297 0.102778 0.017448
0 0.346065 0.158464 0.030093 0.053906
0 0.899306 0.154557 0.034722 0.046094
0 0.510880 0.150651 0.035648 0.043490
0 0.124306 0.293229 0.031019 0.047396
0 0.542824 0.043880 0.081019 0.017448
0 0.586806 0.573828 0.020833 0.056510
0 0.324074 0.464453 0.023148 0.040885
0 0.415972 0.551042 0.021759 0.042188
0 0.970370 0.500911 0.056481 0.014844
0 0.082639 0.260026 0.021759 0.038281
