0 0.476157 0.843359 0.068056 0.074740
0 0.117361 0.884375 0.128241 0.036979
0 0.539815 0.730078 0.056481 0.066927
0 0.287500 0.675130 0.061111 0.061198
0 0.681019 0.325130 0.107407 0.033073
0 0.582639 0.845964 0.095833 0.033073
0 0.455324 0.872656 0.100463 0.029167
0 0.057176 0.744401 0.035648 0.079948
0 0.811806 0.842057 0.044907 0.061719
0 0.895139 0.256120 0.109722 0.025260
0 0.488426 0.524089 0.138889 0.019531
0 0.115046 0.404557 0.040278 0.066927
0 0.286343 0.205339 0.049537 0.053906
0 0.527083 0.383724 0.105093 0.025260
0 0.240046 0.825130 0.151389 0.017448
0 0.397454 0.772396 0.049537 0.050000
0 0.344213 0.593750 0.044907 0.054688
0 0.490046 0.314714 0.086574 0.027865
0 0.376620 0.141536 0.035648 0.066927
0 0.057176 0.618099 0.044907 0.051302
0 0.163657 0.252214 0.081944 0.027865
0 0.123843 0.842448 0.085648 0.026042
0 0.897454 0.633073 0.040278 0.055208
0 0.103472 0.787370 0.109722 0.020052
0 0.626620 0.624609 0.044907 0.048698
0 0.684491 0.719661 0.086574 0.025260
0 0.263194 0.489193 0.095833 0.022656
0 0.814120 0.543880 0.040278 0.053906
0 0.652083 0.701432 0.105093 0.020052
0 0.869676 0.502865 0.086574 0.023958
0 0.848843 0.323828 0.044907 0.046094
0 0.779398 0.688411 0.044907 0.046094
0 0.765509 0.404557 0.100463 0.020052
0 0.268981 0.373307 0.079630 0.025260
0 0.714120 0.841797 0.043981 0.045573
0 0.517824 0.901953 0.077315 0.025260
0 0.690972 0.603385 0.043981 0.044271
0 0.507407 0.787109 0.037963 0.050781
0 0.262731 0.861589 0.039352 0.048698
0 0.765509 0.443620 0.026389 0.072135
0 0.332639 0.792578 0.040278 0.046094
0 0.397454 0.704036 0.040278 0.046094
0 0.587269 0.627865 0.077315 0.023958
0 0.443750 0.832943 0.031019 0.059115
0 0.869676 0.767839 0.031019 0.059115
0 0.371991 0.469661 0.072685 0.025260
0 0.589583 0.472266 0.044907 0.040885
0 0.259722 0.418880 0.079630 0.022656
0 0.684491 0.114193 0.077315 0.022656
0 0.630093 0.539974 0.042593 0.040885
0 0.603472 0.525651 0.035648 0.048698
0 0.196065 0.287370 0.040278 0.040885
0 0.686806 0.784505 0.081944 0.019531
0 0.170602 0.625260 0.040278 0.039583
0 0.665972 0.138672 0.031019 0.050781
0 0.589583 0.736589 0.035648 0.043490
0 0.156713 0.128516 0.077315 0.020052
0 0.108102 0.715755 0.035648 0.043490
0 0.443750 0.709245 0.077315 0.020052
0 0.328009 0.510026 0.040278 0.038281
0 0.846528 0.437109 0.040278 0.038281
0 0.392824 0.825130 0.031019 0.048698
0 0.619676 0.872005 0.086574 0.017448
0 0.520139 0.860286 0.026389 0.056510
0 0.654398 0.551693 0.026389 0.053906
0 0.739583 0.289974 0.039352 0.035677
0 0.363889 0.684505 0.028704 0.048698
0 0.884259 0.467057 0.069444 0.020052
0 0.337269 0.761328 0.068056 0.020052
0 0.797917 0.429297 0.035648 0.038281
0 0.082639 0.304297 0.031019 0.043490
0 0.281713 0.580339 0.077315 0.017448
0 0.851157 0.635026 0.031019 0.043490
0 0.549769 0.502214 0.076389 0.017448
0 0.082176 0.530859 0.076389 0.017448
0 0.235417 0.172526 0.068056 0.019531
0 0.481250 0.651693 0.067130 0.019531
0 0.369676 0.645182 0.077315 0.016927
0 0.698380 0.475260 0.031019 0.041667
0 0.478472 0.726172 0.026389 0.048698
0 0.920139 0.730729 0.030093 0.042188
0 0.983102 0.155208 0.026389 0.047396
0 0.156713 0.177734 0.031019 0.040365
0 0.645139 0.667318 0.035648 0.035156
0 0.518981 0.590104 0.033333 0.036979
0 0.722685 0.209245 0.061111 0.020052
0 0.784028 0.136328 0.026389 0.046094
0 0.639352 0.857031 0.088889 0.013542
0 0.393519 0.880859 0.060185 0.019531
0 0.079167 0.573568 0.033333 0.035156
0 0.240046 0.679036 0.031019 0.037760
0 0.364583 0.655859 0.067130 0.017448
0 0.809491 0.725911 0.031019 0.037760
0 0.614583 0.299089 0.030093 0.038281
0 0.853472 0.533464 0.026389 0.043490
0 0.543287 0.478776 0.026389 0.043490
0 0.346528 0.625911 0.077315 0.014844
0 0.031713 0.534766 0.021759 0.051302
0 0.547454 0.827734 0.090278 0.012240
0 0.959954 0.218359 0.063426 0.017448
0 0.891667 0.473568 0.028704 0.038281
0 0.158565 0.299089 0.062500 0.017448
0 0.193750 0.164714 0.031019 0.035156
0 0.646296 0.619661 0.028704 0.037760
0 0.807176 0.323828 0.026389 0.040885
0 0.699537 0.650651 0.061111 0.017448
0 0.778241 0.260026 0.061111 0.017448
0 0.602315 0.201432 0.070370 0.014844
0 0.795602 0.704688 0.021759 0.047396
0 0.552546 0.174089 0.026389 0.038281
0 0.896991 0.778255 0.030093 0.033073
0 0.378935 0.514583 0.031019 0.031771
0 0.668287 0.814453 0.081944 0.011719
0 0.457639 0.900651 0.077315 0.012240
0 0.415972 0.607682 0.031019 0.030469
0 0.501620 0.821224 0.026389 0.035677
0 0.369213 0.445964 0.030093 0.029948
0 0.867361 0.598568 0.072685 0.012240
0 0.589583 0.233984 0.072685 0.012240
0 0.758565 0.513932 0.021759 0.040885
0 0.156713 0.709245 0.021759 0.040885
0 0.454167 0.883464 0.061111 0.014323
0 0.781713 0.547786 0.058796 0.014844
0 0.545602 0.198828 0.058796 0.014844
0 0.652083 0.802995 0.058796 0.014844
0 0.469213 0.992448 0.063426 0.013542
0 0.721528 0.754818 0.068056 0.012240
0 0.939120 0.351172 0.021759 0.038281
0 0.219213 0.191016 0.081944 0.009635
0 0.848380 0.584245 0.053241 0.014844
0 0.334954 0.851172 0.063426 0.012240
0 0.361574 0.386328 0.079630 0.009635
0 0.495833 0.701432 0.014815 0.051302
0 0.075694 0.434505 0.017130 0.043490
0 0.973843 0.392578 0.017130 0.042969
0 0.802546 0.791276 0.026389 0.027865
0 0.207639 0.530859 0.021759 0.033073
0 0.716898 0.426693 0.021759 0.033073
0 0.684491 0.304297 0.021759 0.033073
0 0.948380 0.195964 0.077315 0.009115
0 0.161343 0.774089 0.049537 0.014323
0 0.186343 0.530859 0.025463 0.027865
0 0.399769 0.615495 0.017130 0.040885
0 0.922917 0.508724 0.017130 0.040885
0 0.895139 0.745703 0.017130 0.040885
0 0.961806 0.332943 0.020833 0.033073
0 0.078009 0.128516 0.021759 0.030469
0 0.596528 0.644141 0.068056 0.009635
0 0.061806 0.491797 0.017130 0.038281
0 0.413657 0.476172 0.017130 0.038281
0 0.223843 0.153255 0.017130 0.038281
0 0.760880 0.830078 0.017130 0.037760
0 0.885880 0.694661 0.017130 0.037760
0 0.913194 0.390234 0.016204 0.038281
0 0.742361 0.667578 0.017130 0.035677
0 0.946065 0.269141 0.017130 0.035677
0 0.433333 0.680599 0.019444 0.030469
0 0.557176 0.102214 0.063426 0.009115
0 0.043287 0.569922 0.017130 0.033073
0 0.154398 0.406510 0.063426 0.008333
0 0.832176 0.594401 0.057870 0.009115
0 0.436806 0.090495 0.044907 0.011719
0 0.094213 0.758724 0.054167 0.009635
0 0.304861 0.651302 0.021759 0.023958
0 0.744676 0.552344 0.021759 0.023958
0 0.841898 0.296484 0.040278 0.012240
0 0.883565 0.304297 0.021759 0.022656
0 0.390046 0.413672 0.016204 0.027865
0 0.753935 0.571224 0.012500 0.030469
0 0.437963 0.111328 0.056481 0.006510
0 0.501620 0.622005 0.017130 0.017448
