0 0.223843 0.214453 0.072685 0.072135
0 0.793287 0.623307 0.072685 0.072135
0 0.209954 0.099870 0.128241 0.040885
0 0.700694 0.586849 0.118981 0.035677
0 0.406713 0.567318 0.114352 0.033073
0 0.751620 0.144792 0.118981 0.031771
0 0.784028 0.778255 0.109722 0.027865
0 0.506250 0.312109 0.109722 0.027865
0 0.328009 0.822526 0.105093 0.027865
0 0.763194 0.301432 0.049537 0.058594
0 0.746991 0.450781 0.054167 0.050000
0 0.658565 0.233984 0.053241 0.048698
0 0.640509 0.093359 0.091204 0.027865
0 0.251620 0.421484 0.081944 0.027865
0 0.344213 0.240495 0.044907 0.046094
0 0.742361 0.855078 0.081944 0.025260
0 0.718750 0.227865 0.034722 0.057292
0 0.455324 0.601172 0.044907 0.043490
0 0.309491 0.176432 0.040278 0.048177
0 0.616204 0.418880 0.107407 0.017448
0 0.223843 0.129818 0.081944 0.022656
0 0.321065 0.539974 0.044907 0.040885
0 0.520139 0.143880 0.072685 0.024740
0 0.903935 0.711589 0.043981 0.040365
0 0.878935 0.395443 0.077315 0.022656
0 0.503935 0.882422 0.040278 0.043490
0 0.559491 0.111589 0.077315 0.022656
0 0.855787 0.160807 0.077315 0.022135
0 0.591435 0.523047 0.039352 0.043490
0 0.860417 0.227214 0.086574 0.019531
0 0.323380 0.314714 0.031019 0.053906
0 0.660185 0.845964 0.037963 0.043490
0 0.948380 0.547786 0.040278 0.040885
0 0.057176 0.190755 0.035648 0.045573
0 0.770139 0.262370 0.091204 0.016927
0 0.318750 0.408464 0.040278 0.038281
0 0.609954 0.148047 0.039352 0.038281
0 0.381250 0.215104 0.035648 0.042188
0 0.594213 0.823828 0.026389 0.056510
0 0.339120 0.835547 0.081019 0.017448
0 0.256250 0.845703 0.063426 0.022135
0 0.157407 0.748307 0.069444 0.020052
0 0.788657 0.668880 0.035648 0.038281
0 0.314120 0.119401 0.031019 0.043490
0 0.934491 0.457943 0.031019 0.043490
0 0.517824 0.741797 0.077315 0.017448
0 0.260417 0.371354 0.034722 0.036979
0 0.409028 0.478776 0.072685 0.017448
0 0.775926 0.183203 0.084259 0.014844
0 0.516667 0.008724 0.084259 0.014844
0 0.471528 0.758464 0.086574 0.014323
0 0.367361 0.429948 0.091204 0.013542
0 0.446065 0.154557 0.026389 0.046094
0 0.230787 0.270182 0.031019 0.037760
0 0.615046 0.746745 0.031019 0.037760
0 0.527083 0.512370 0.068056 0.016927
0 0.809491 0.236328 0.068056 0.016927
0 0.385880 0.314714 0.026389 0.043490
0 0.258565 0.261328 0.021759 0.051302
0 0.040972 0.326432 0.031019 0.035677
0 0.503935 0.185807 0.031019 0.035677
0 0.246991 0.008724 0.072685 0.014844
0 0.052546 0.123307 0.026389 0.040885
0 0.696065 0.094661 0.072685 0.014844
0 0.529398 0.404557 0.072685 0.014844
0 0.286343 0.853776 0.021759 0.048698
0 0.360417 0.601172 0.021759 0.048698
0 0.517824 0.221354 0.031019 0.033854
0 0.628935 0.482031 0.077315 0.013542
0 0.344213 0.757422 0.026389 0.038281
0 0.603472 0.316667 0.091204 0.010937
0 0.098843 0.095312 0.026389 0.036979
0 0.650926 0.369141 0.056481 0.016927
0 0.656713 0.296484 0.077315 0.012240
0 0.105787 0.788672 0.021759 0.043490
0 0.443750 0.786068 0.077315 0.012240
0 0.396296 0.757422 0.028704 0.033073
0 0.064120 0.150651 0.021759 0.043490
0 0.328009 0.572526 0.021759 0.043490
0 0.774769 0.508724 0.026389 0.035677
0 0.031250 0.356380 0.020833 0.043490
0 0.165509 0.650391 0.020833 0.042969
0 0.804861 0.407161 0.021759 0.040885
0 0.091898 0.128516 0.021759 0.040885
0 0.365046 0.888932 0.058796 0.014844
0 0.371991 0.168880 0.026389 0.033073
0 0.105787 0.189714 0.021759 0.038281
0 0.552546 0.081641 0.054167 0.014844
0 0.941435 0.120703 0.054167 0.014844
0 0.671759 0.470964 0.024074 0.033073
0 0.119676 0.464453 0.021759 0.035677
0 0.878935 0.758724 0.021759 0.035677
0 0.117361 0.882422 0.063426 0.012240
0 0.452546 0.868750 0.020833 0.036979
0 0.653935 0.437109 0.062500 0.012240
0 0.892824 0.449089 0.021759 0.035156
0 0.909028 0.528255 0.026389 0.027865
0 0.284028 0.150651 0.026389 0.027865
0 0.200694 0.116536 0.026389 0.027344
0 0.145139 0.235286 0.017130 0.040885
0 0.096528 0.727474 0.021759 0.030469
0 0.251620 0.515234 0.054167 0.012240
0 0.406713 0.493099 0.068056 0.009635
0 0.605324 0.432552 0.048611 0.013542
0 0.218750 0.297786 0.043981 0.014844
0 0.330324 0.215495 0.017130 0.037760
0 0.412500 0.888932 0.042593 0.014844
0 0.561806 0.417578 0.063426 0.009635
0 0.142824 0.728776 0.021759 0.027865
0 0.633565 0.408203 0.049537 0.011719
0 0.214583 0.143880 0.063426 0.009115
0 0.888194 0.490495 0.021759 0.025260
0 0.084954 0.508724 0.017130 0.030469
0 0.453009 0.715755 0.021759 0.022656
0 0.447685 0.907161 0.050926 0.009635
0 0.378935 0.732682 0.049537 0.009635
0 0.337269 0.631120 0.049537 0.009635
0 0.237731 0.560807 0.044907 0.009635
0 0.753472 0.512630 0.011574 0.027865
0 0.753935 0.658203 0.040278 0.006510
0 0.575694 0.996354 0.026389 0.005729
