0 0.786343 0.848568 0.123611 0.033073
0 0.804861 0.395182 0.049537 0.079427
0 0.034028 0.532161 0.054167 0.061719
0 0.587269 0.789974 0.058796 0.056510
0 0.200694 0.452734 0.100463 0.033073
0 0.515509 0.672526 0.109722 0.029948
0 0.388194 0.792578 0.105093 0.030469
0 0.251620 0.181901 0.054167 0.053906
0 0.633565 0.138932 0.114352 0.025260
0 0.659028 0.469661 0.091204 0.030469
0 0.161343 0.124609 0.151389 0.017448
0 0.133102 0.622005 0.048611 0.053906
0 0.809028 0.828776 0.085648 0.029948
0 0.816435 0.666276 0.091204 0.027865
0 0.906250 0.447526 0.085648 0.027865
0 0.140509 0.787370 0.091204 0.025260
0 0.834491 0.598568 0.081019 0.027865
0 0.883565 0.261328 0.086574 0.025260
0 0.226157 0.339453 0.086574 0.025260
0 0.926389 0.784766 0.042593 0.051302
0 0.786343 0.369401 0.040278 0.053906
0 0.524769 0.395182 0.044907 0.048177
0 0.536343 0.279557 0.142130 0.014844
0 0.230787 0.493099 0.142130 0.014844
0 0.848843 0.351172 0.044907 0.043490
0 0.109954 0.835547 0.085648 0.022656
0 0.855787 0.496745 0.114352 0.016927
0 0.436806 0.416016 0.044907 0.042969
0 0.873148 0.722266 0.075000 0.025260
0 0.561111 0.310807 0.074074 0.025260
0 0.946065 0.579036 0.072685 0.025260
0 0.432176 0.526953 0.072685 0.025260
0 0.020139 0.167578 0.035648 0.051302
0 0.177546 0.470703 0.081944 0.022135
0 0.200694 0.799089 0.100463 0.017448
0 0.665972 0.767839 0.077315 0.022656
0 0.374306 0.474609 0.086574 0.019531
0 0.042824 0.421484 0.034722 0.048698
0 0.661343 0.207682 0.031019 0.053385
0 0.770139 0.568620 0.035648 0.046094
0 0.459954 0.242839 0.035648 0.045573
0 0.325231 0.390234 0.071759 0.022656
0 0.112731 0.817057 0.035648 0.042969
0 0.270139 0.927995 0.100463 0.014844
0 0.196759 0.727474 0.074074 0.020052
0 0.256250 0.607682 0.072685 0.020052
0 0.112731 0.709245 0.035648 0.040885
0 0.529398 0.743099 0.072685 0.020052
0 0.839583 0.688151 0.072685 0.019531
0 0.075694 0.253255 0.072685 0.019531
0 0.739583 0.146094 0.104167 0.013542
0 0.483102 0.509766 0.026389 0.053385
0 0.314815 0.602474 0.069444 0.020052
0 0.313657 0.544922 0.030093 0.045573
0 0.904398 0.556901 0.035648 0.038281
0 0.179861 0.263932 0.068056 0.020052
0 0.478472 0.207943 0.035648 0.038281
0 0.141667 0.650000 0.028704 0.047396
0 0.061806 0.743099 0.026389 0.051302
0 0.131250 0.360286 0.026389 0.051302
0 0.635880 0.443359 0.091204 0.014323
0 0.918287 0.507161 0.109722 0.011719
0 0.929861 0.629818 0.021759 0.059115
0 0.513194 0.261328 0.086574 0.014844
0 0.181019 0.866797 0.033333 0.038281
0 0.941435 0.930599 0.063426 0.020052
0 0.932176 0.425391 0.035648 0.035677
0 0.709954 0.879818 0.072685 0.017448
0 0.476157 0.831641 0.021759 0.056510
0 0.026620 0.357682 0.030093 0.040885
0 0.098843 0.188411 0.026389 0.046094
0 0.777083 0.765234 0.031019 0.038281
0 0.830324 0.469010 0.026389 0.044792
0 0.214583 0.710286 0.100463 0.011719
0 0.677546 0.575130 0.035648 0.033073
0 0.571065 0.551693 0.035648 0.033073
0 0.885417 0.784766 0.025463 0.046094
0 0.624306 0.854036 0.031019 0.037760
0 0.534028 0.548828 0.035648 0.032552
0 0.545602 0.164974 0.077315 0.014844
0 0.096065 0.586849 0.076389 0.014844
0 0.920602 0.719661 0.021759 0.051302
0 0.413657 0.866797 0.063426 0.017448
0 0.034028 0.317318 0.063426 0.017448
0 0.279398 0.832943 0.063426 0.017448
0 0.161343 0.362630 0.031019 0.035156
0 0.772454 0.659505 0.031019 0.035156
0 0.975694 0.800391 0.020833 0.051302
0 0.531713 0.848958 0.031019 0.033854
0 0.753935 0.840755 0.058796 0.017448
0 0.892824 0.288672 0.031019 0.033073
0 0.601157 0.916276 0.058796 0.017448
0 0.716898 0.892839 0.031019 0.033073
0 0.334954 0.455990 0.054167 0.018750
0 0.168287 0.533464 0.026389 0.038281
0 0.216898 0.529557 0.068056 0.014844
0 0.096528 0.336589 0.021759 0.045573
0 0.746528 0.903255 0.025463 0.038281
0 0.068750 0.226172 0.021759 0.043490
0 0.133565 0.426693 0.077315 0.012240
0 0.240046 0.700130 0.077315 0.012240
0 0.309491 0.821224 0.031019 0.030469
0 0.807176 0.227474 0.063426 0.014844
0 0.214583 0.662370 0.026389 0.035677
0 0.371991 0.914974 0.026389 0.035677
0 0.214583 0.856380 0.017130 0.053906
0 0.043287 0.668620 0.054167 0.016927
0 0.333796 0.135026 0.051852 0.017448
0 0.322917 0.181641 0.020833 0.042969
0 0.648148 0.116797 0.050926 0.017448
0 0.418287 0.270443 0.026389 0.033073
0 0.760880 0.408464 0.026389 0.033073
0 0.814120 0.579036 0.058796 0.014844
0 0.703009 0.219661 0.058796 0.014844
0 0.962269 0.711849 0.058796 0.014844
0 0.651620 0.352474 0.057870 0.014844
0 0.200694 0.608724 0.026389 0.032552
0 0.054398 0.623307 0.020833 0.040885
0 0.411343 0.551302 0.021759 0.039062
0 0.341898 0.513672 0.058796 0.014323
0 0.438657 0.575130 0.030093 0.027865
0 0.341898 0.119401 0.068056 0.012240
0 0.453009 0.379818 0.021759 0.038281
0 0.256250 0.427995 0.026389 0.030469
0 0.108102 0.482682 0.026389 0.030469
0 0.948380 0.752865 0.058796 0.013542
0 0.496528 0.369401 0.016204 0.048698
0 0.121991 0.180599 0.017130 0.046094
0 0.589120 0.822266 0.016204 0.048177
0 0.732639 0.409766 0.025463 0.030469
0 0.735417 0.570964 0.021759 0.035156
0 0.895139 0.424089 0.026389 0.027865
0 0.869676 0.390234 0.021759 0.033073
0 0.149769 0.844661 0.072685 0.009635
0 0.538657 0.519141 0.017130 0.040885
0 0.756250 0.461849 0.017130 0.040885
0 0.764815 0.632422 0.055556 0.012240
0 0.469213 0.757422 0.017130 0.038281
0 0.189120 0.391536 0.068056 0.009635
0 0.089120 0.703776 0.016204 0.040365
0 0.621991 0.317057 0.017130 0.037760
0 0.097685 0.687109 0.014815 0.043490
0 0.709954 0.110026 0.044907 0.014323
0 0.410880 0.617839 0.020833 0.029948
0 0.677546 0.756120 0.063426 0.009635
0 0.654398 0.881120 0.017130 0.035677
0 0.399769 0.357682 0.017130 0.035677
0 0.260880 0.469661 0.063426 0.009635
0 0.818750 0.655859 0.049537 0.012240
0 0.448380 0.874609 0.049537 0.012240
0 0.710648 0.652995 0.050926 0.011719
0 0.858102 0.627604 0.017130 0.033854
0 0.587269 0.737240 0.021759 0.026562
0 0.496991 0.431901 0.072685 0.007031
0 0.226157 0.279557 0.012500 0.040885
0 0.457639 0.006120 0.049537 0.009635
0 0.527083 0.006120 0.049537 0.009635
0 0.735417 0.719661 0.049537 0.009635
0 0.584491 0.510677 0.016204 0.029167
0 0.392361 0.818359 0.048611 0.009115
0 0.395139 0.201432 0.044907 0.009635
0 0.216898 0.180599 0.040278 0.009635
0 0.679861 0.593099 0.058796 0.006510
0 0.334954 0.793880 0.054167 0.007031
0 0.008565 0.361849 0.012500 0.029948
0 0.355787 0.577734 0.049537 0.007031
0 0.197917 0.827474 0.011574 0.027344
0 0.062963 0.460286 0.047222 0.006510
0 0.020139 0.205990 0.035648 0.008333
0 0.633565 0.548828 0.021759 0.006510
0 0.618056 0.003516 0.023148 0.004427
