0 0.341898 0.858984 0.188426 0.043490
0 0.441435 0.801693 0.183796 0.033073
0 0.466898 0.654557 0.160648 0.035677
0 0.086111 0.474870 0.065741 0.066927
0 0.101157 0.511328 0.058796 0.061719
0 0.260417 0.805599 0.043981 0.077344
0 0.678704 0.594661 0.102778 0.030469
0 0.289815 0.211849 0.116667 0.025260
0 0.025926 0.413672 0.051852 0.053906
0 0.764352 0.824870 0.098148 0.027344
0 0.619213 0.433203 0.104167 0.025260
0 0.750000 0.747396 0.050926 0.049479
0 0.825694 0.896484 0.044907 0.055990
0 0.343056 0.584896 0.051852 0.047396
0 0.378935 0.606380 0.049537 0.048698
0 0.388194 0.804297 0.086574 0.027865
0 0.383565 0.892578 0.086574 0.027344
0 0.487731 0.805599 0.091204 0.025260
0 0.561806 0.181901 0.081944 0.027865
0 0.256250 0.481380 0.081944 0.027865
0 0.832639 0.235286 0.049537 0.046094
0 0.223843 0.174089 0.081944 0.027865
0 0.284028 0.591016 0.100463 0.022135
0 0.227315 0.383073 0.116667 0.018750
0 0.288657 0.478776 0.044907 0.048698
0 0.145139 0.783464 0.044907 0.048698
0 0.355787 0.558203 0.086574 0.025260
0 0.286343 0.233984 0.095833 0.022656
0 0.744676 0.580339 0.040278 0.053906
0 0.422917 0.497005 0.035648 0.059115
0 0.307176 0.847005 0.081944 0.024740
0 0.869676 0.836198 0.040278 0.050000
0 0.321065 0.651302 0.044907 0.044792
0 0.489352 0.334245 0.078704 0.025260
0 0.723843 0.199870 0.044907 0.042969
0 0.513194 0.157161 0.095833 0.020052
0 0.628935 0.907161 0.095833 0.020052
0 0.807176 0.362630 0.026389 0.071615
0 0.214583 0.131120 0.072685 0.025260
0 0.779398 0.701432 0.044907 0.040885
0 0.705324 0.750911 0.035648 0.051302
0 0.233102 0.443620 0.118981 0.014844
0 0.115046 0.436849 0.077315 0.022135
0 0.472222 0.767839 0.097222 0.017448
0 0.124306 0.191667 0.040278 0.042188
0 0.509722 0.715755 0.070370 0.022656
0 0.332639 0.395443 0.040278 0.038281
0 0.267824 0.608984 0.040278 0.038281
0 0.670602 0.572526 0.068056 0.022656
0 0.503935 0.551693 0.040278 0.038281
0 0.564120 0.138672 0.077315 0.019531
0 0.121991 0.246354 0.035648 0.042188
0 0.865046 0.383724 0.021759 0.066927
0 0.811806 0.614193 0.026389 0.053906
0 0.543287 0.663411 0.063426 0.022135
0 0.825694 0.270182 0.063426 0.022135
0 0.360417 0.464453 0.068056 0.020052
0 0.344213 0.681901 0.035648 0.038281
0 0.425231 0.870703 0.068056 0.020052
0 0.540972 0.598568 0.077315 0.017448
0 0.858102 0.212891 0.035648 0.037760
0 0.800231 0.668620 0.031019 0.042969
0 0.581481 0.516536 0.028704 0.046094
0 0.795602 0.626563 0.031019 0.042188
0 0.682870 0.146745 0.064815 0.020052
0 0.163657 0.646745 0.035648 0.035677
0 0.779398 0.597266 0.035648 0.035677
0 0.878935 0.310807 0.031019 0.040885
0 0.687963 0.616797 0.102778 0.012240
0 0.755787 0.135026 0.071759 0.017448
0 0.547454 0.533464 0.025463 0.048698
0 0.559028 0.744401 0.020833 0.059115
0 0.580324 0.616797 0.100463 0.012240
0 0.782870 0.151953 0.061111 0.020052
0 0.655093 0.872005 0.027778 0.043490
0 0.753472 0.203385 0.030093 0.039583
0 0.892824 0.671484 0.031019 0.038281
0 0.499306 0.327734 0.021759 0.053906
0 0.619676 0.707943 0.021759 0.053906
0 0.888194 0.260026 0.095833 0.012240
0 0.360417 0.746745 0.068056 0.016927
0 0.830324 0.403255 0.026389 0.043490
0 0.411343 0.211849 0.077315 0.014844
0 0.457639 0.597917 0.031019 0.036979
0 0.686343 0.367448 0.025463 0.044792
0 0.149769 0.288672 0.091204 0.012240
0 0.552546 0.702734 0.091204 0.012240
0 0.258565 0.755859 0.077315 0.014323
0 0.915972 0.802734 0.031019 0.035156
0 0.721065 0.229427 0.057870 0.018750
0 0.478472 0.524349 0.072685 0.014844
0 0.589583 0.860286 0.072685 0.014844
0 0.788657 0.875911 0.072685 0.014844
0 0.199537 0.205339 0.061111 0.017448
0 0.855787 0.392839 0.021759 0.048698
0 0.772454 0.898047 0.086574 0.012240
0 0.517824 0.483984 0.086574 0.012240
0 0.693750 0.476172 0.086574 0.012240
0 0.420602 0.580339 0.021759 0.048698
0 0.834491 0.184245 0.062500 0.016927
0 0.492361 0.901693 0.072685 0.014323
0 0.787500 0.444661 0.061111 0.016927
0 0.319907 0.163411 0.061111 0.016927
0 0.964583 0.361979 0.026389 0.039062
0 0.457639 0.366797 0.031019 0.033073
0 0.582639 0.584245 0.068056 0.014844
0 0.536343 0.886328 0.068056 0.014844
0 0.415972 0.322266 0.031019 0.032552
0 0.874306 0.784505 0.021759 0.045573
0 0.015046 0.622005 0.025463 0.038281
0 0.593750 0.389974 0.081019 0.011719
0 0.638194 0.569922 0.077315 0.012240
0 0.203009 0.108984 0.077315 0.012240
0 0.795602 0.533464 0.021759 0.043490
0 0.897454 0.214453 0.031019 0.030469
0 0.971528 0.274349 0.031019 0.030469
0 0.149769 0.493099 0.026389 0.035677
0 0.557176 0.099870 0.063426 0.014844
0 0.251620 0.557943 0.063426 0.014323
0 0.779398 0.393880 0.063426 0.014323
0 0.306019 0.504818 0.051852 0.017448
0 0.623843 0.512370 0.020833 0.042969
0 0.832639 0.688411 0.021759 0.040885
0 0.543287 0.845964 0.072685 0.012240
0 0.325694 0.082943 0.072685 0.012240
0 0.832639 0.771484 0.021759 0.040365
0 0.848380 0.500911 0.090278 0.009635
0 0.742361 0.437109 0.026389 0.033073
0 0.425231 0.122656 0.021759 0.039583
0 0.163657 0.254557 0.026389 0.032552
0 0.586806 0.250911 0.020833 0.040885
0 0.828009 0.559896 0.021759 0.039062
0 0.568750 0.551693 0.021759 0.038281
0 0.790972 0.481380 0.021759 0.038281
0 0.774769 0.571224 0.026389 0.030469
0 0.665972 0.827474 0.068056 0.011719
0 0.723380 0.402344 0.025463 0.031250
0 0.233102 0.141536 0.081944 0.009635
0 0.149769 0.276953 0.081944 0.009635
0 0.964583 0.641276 0.026389 0.029948
0 0.723380 0.707943 0.062500 0.012240
0 0.871991 0.536458 0.017130 0.044271
0 0.189120 0.433203 0.077315 0.009635
0 0.777083 0.816016 0.049537 0.014844
0 0.134722 0.552995 0.024074 0.030469
0 0.943750 0.588151 0.021759 0.033073
0 0.869676 0.189714 0.021759 0.033073
0 0.953009 0.460286 0.021759 0.032552
0 0.656250 0.702734 0.057870 0.012240
0 0.561806 0.464193 0.017130 0.040365
0 0.514352 0.575130 0.024074 0.027865
0 0.700694 0.792578 0.026389 0.025260
0 0.839583 0.427995 0.044907 0.014844
0 0.756250 0.515234 0.017130 0.038281
0 0.267824 0.403646 0.021759 0.028646
0 0.704861 0.398047 0.016204 0.038281
0 0.857639 0.525651 0.016204 0.038281
0 0.723380 0.874609 0.016204 0.038281
0 0.339583 0.524349 0.017130 0.035677
0 0.561806 0.214453 0.017130 0.035677
0 0.343056 0.651953 0.024074 0.025260
0 0.089583 0.231380 0.017130 0.033073
0 0.369676 0.511328 0.058796 0.009635
0 0.318750 0.761328 0.058796 0.009635
0 0.131250 0.209635 0.017130 0.031250
0 0.353472 0.629557 0.044907 0.011719
0 0.848843 0.727474 0.054167 0.009635
0 0.806713 0.326432 0.053241 0.009635
0 0.799769 0.216406 0.020833 0.023958
0 0.740046 0.523047 0.021759 0.022656
0 0.457639 0.441016 0.049537 0.009635
0 0.721065 0.416276 0.020833 0.022656
0 0.774769 0.539974 0.017130 0.020052
0 0.371991 0.726172 0.044907 0.007031
