0 0.140509 0.303385 0.146759 0.046875
0 0.682176 0.761328 0.118981 0.040885
0 0.631250 0.267839 0.165278 0.027865
0 0.436806 0.771745 0.063426 0.061719
0 0.466898 0.338151 0.105093 0.033073
0 0.767361 0.434505 0.057870 0.053906
0 0.317593 0.166667 0.056481 0.054688
0 0.582639 0.440365 0.105093 0.029167
0 0.742361 0.144141 0.091204 0.030469
0 0.450694 0.366797 0.118981 0.022656
0 0.503935 0.247005 0.049537 0.053906
0 0.091898 0.808203 0.049537 0.051302
0 0.573380 0.558203 0.049537 0.051302
0 0.677546 0.288672 0.109722 0.022656
0 0.545602 0.593750 0.049537 0.049479
0 0.721528 0.170182 0.095833 0.025260
0 0.531713 0.300391 0.031019 0.077344
0 0.550231 0.400000 0.049537 0.047396
0 0.472685 0.142187 0.042593 0.052604
0 0.362731 0.291016 0.100463 0.022135
0 0.237731 0.340755 0.035648 0.059115
0 0.493519 0.907161 0.139815 0.014844
0 0.719213 0.278255 0.118981 0.017448
0 0.810648 0.353776 0.042593 0.048698
0 0.821065 0.896745 0.044907 0.046094
0 0.259722 0.728516 0.042593 0.048177
0 0.255787 0.635026 0.090278 0.022656
0 0.355787 0.895443 0.114352 0.017448
0 0.249306 0.892839 0.086574 0.022656
0 0.638194 0.404557 0.077315 0.025260
0 0.369213 0.526953 0.076389 0.025260
0 0.862731 0.267578 0.109722 0.016927
0 0.487731 0.720964 0.081944 0.022656
0 0.300231 0.558203 0.040278 0.046094
0 0.316435 0.435807 0.044907 0.040885
0 0.927546 0.388672 0.035648 0.050781
0 0.311343 0.581641 0.090278 0.020052
0 0.332639 0.398698 0.040278 0.044792
0 0.777083 0.337500 0.031019 0.057813
0 0.450694 0.210547 0.100463 0.017448
0 0.249306 0.538672 0.040278 0.043490
0 0.656713 0.220964 0.077315 0.022656
0 0.168287 0.483984 0.035648 0.048698
0 0.618519 0.194922 0.075000 0.022656
0 0.795602 0.180339 0.086574 0.019531
0 0.669444 0.198828 0.084259 0.020052
0 0.869676 0.382422 0.095833 0.017448
0 0.061806 0.274349 0.035648 0.046094
0 0.658565 0.481380 0.071759 0.022656
0 0.509722 0.519141 0.107407 0.014844
0 0.904398 0.684505 0.091204 0.017448
0 0.346528 0.710547 0.068056 0.022656
0 0.781250 0.608984 0.039352 0.038281
0 0.483102 0.472266 0.072685 0.020052
0 0.432176 0.701172 0.100463 0.014323
0 0.650926 0.648307 0.037963 0.037760
0 0.547917 0.804297 0.026389 0.053906
0 0.140509 0.783203 0.063426 0.022135
0 0.473843 0.543880 0.035648 0.038281
0 0.184491 0.417578 0.068056 0.020052
0 0.781713 0.666927 0.021759 0.060417
0 0.059491 0.762630 0.021759 0.059115
0 0.270139 0.351172 0.026389 0.048698
0 0.172917 0.886328 0.063426 0.020052
0 0.619676 0.732682 0.031019 0.040885
0 0.828009 0.573828 0.031019 0.040885
0 0.584954 0.651693 0.035648 0.035156
0 0.596528 0.607422 0.031019 0.040365
0 0.116898 0.412370 0.034722 0.035677
0 0.464583 0.132422 0.100463 0.012240
0 0.117361 0.125911 0.081944 0.014844
0 0.392824 0.338151 0.031019 0.038281
0 0.133565 0.569922 0.068056 0.017448
0 0.578009 0.582943 0.031019 0.038281
0 0.721528 0.392839 0.031019 0.038281
0 0.112731 0.551693 0.035648 0.033073
0 0.704167 0.723568 0.024074 0.048698
0 0.913657 0.212891 0.035648 0.032552
0 0.615046 0.577083 0.021759 0.052604
0 0.890509 0.588151 0.026389 0.043490
0 0.737731 0.616797 0.026389 0.043490
0 0.200231 0.820573 0.025463 0.044792
0 0.534028 0.504818 0.091204 0.012240
0 0.108102 0.848568 0.091204 0.012240
0 0.401620 0.681641 0.094907 0.011719
0 0.573380 0.102214 0.021759 0.050781
0 0.665972 0.107682 0.031019 0.035677
0 0.948380 0.310807 0.031019 0.035677
0 0.487731 0.660417 0.100463 0.010937
0 0.309028 0.526953 0.030093 0.035677
0 0.075694 0.875651 0.072685 0.014323
0 0.815972 0.433203 0.025463 0.040885
0 0.704861 0.321224 0.025463 0.040885
0 0.746991 0.642839 0.026389 0.038281
0 0.402083 0.451432 0.068056 0.014844
0 0.832639 0.318620 0.021759 0.046094
0 0.665972 0.459245 0.021759 0.046094
0 0.837269 0.511068 0.068056 0.014323
0 0.494676 0.702083 0.086574 0.010937
0 0.277083 0.515234 0.021759 0.043490
0 0.115046 0.519141 0.031019 0.030469
0 0.031713 0.689453 0.021759 0.042969
0 0.649306 0.727474 0.025463 0.035677
0 0.631250 0.499609 0.072685 0.012240
0 0.193750 0.625911 0.058796 0.014844
0 0.756250 0.872005 0.017130 0.048698
0 0.027083 0.593359 0.021759 0.038281
0 0.494676 0.413411 0.021759 0.037760
0 0.802546 0.128516 0.054167 0.014844
0 0.029398 0.878516 0.026389 0.030469
0 0.200694 0.237630 0.026389 0.029948
0 0.341898 0.818620 0.021759 0.035677
0 0.228009 0.425130 0.025463 0.029948
0 0.775926 0.467708 0.019444 0.036979
0 0.406250 0.661068 0.057870 0.012240
0 0.591898 0.092708 0.021759 0.031771
0 0.546759 0.123307 0.014815 0.046094
0 0.817593 0.149089 0.075000 0.009115
0 0.844213 0.271484 0.072685 0.009115
0 0.696065 0.448568 0.072685 0.009115
0 0.385880 0.286068 0.054167 0.012240
0 0.712269 0.469661 0.021759 0.030469
0 0.441435 0.405599 0.017130 0.037760
0 0.867361 0.301432 0.054167 0.011719
0 0.759259 0.088151 0.050926 0.012240
0 0.904398 0.297786 0.017130 0.035677
0 0.969213 0.279818 0.017130 0.035156
0 0.376620 0.633464 0.063426 0.009115
0 0.892824 0.263932 0.058796 0.009635
0 0.740046 0.224870 0.058796 0.009635
0 0.240046 0.526953 0.021759 0.025260
0 0.064120 0.610286 0.021759 0.025260
0 0.367361 0.121745 0.044907 0.011719
0 0.436806 0.097266 0.054167 0.009635
0 0.103472 0.451432 0.017130 0.030469
0 0.561806 0.341797 0.054167 0.009115
0 0.478472 0.104818 0.054167 0.009115
0 0.429861 0.646094 0.058796 0.008333
0 0.957639 0.661068 0.012500 0.038281
0 0.760880 0.194922 0.017130 0.027865
0 0.527083 0.131120 0.021759 0.020052
0 0.464583 0.379557 0.035648 0.011719
0 0.855787 0.221224 0.012500 0.032552
0 0.272454 0.391536 0.012500 0.030469
0 0.668287 0.249609 0.054167 0.007031
0 0.561806 0.041016 0.026389 0.006510
