0 0.459954 0.518490 0.072685 0.081250
0 0.608102 0.280859 0.128241 0.033073
0 0.503935 0.664974 0.068056 0.061719
0 0.709954 0.202474 0.128241 0.032552
0 0.763194 0.257422 0.132870 0.027865
0 0.907870 0.866797 0.051852 0.069531
0 0.878935 0.205990 0.123611 0.029167
0 0.707639 0.525391 0.095833 0.032552
0 0.270139 0.677734 0.100463 0.029948
0 0.858102 0.122005 0.054167 0.053906
0 0.334954 0.545182 0.109722 0.025260
0 0.827546 0.844661 0.048611 0.056510
0 0.182176 0.771094 0.091204 0.029167
0 0.277083 0.369141 0.114352 0.022135
0 0.259722 0.718099 0.051852 0.048177
0 0.753472 0.628516 0.048611 0.051302
0 0.193750 0.688411 0.040278 0.061719
0 0.808333 0.671484 0.088889 0.027865
0 0.841898 0.300391 0.095833 0.025260
0 0.281713 0.736589 0.049537 0.048698
0 0.057870 0.373698 0.046296 0.052083
0 0.112731 0.383724 0.035648 0.066927
0 0.899769 0.446224 0.044907 0.051302
0 0.902083 0.131120 0.049537 0.046094
0 0.182176 0.111589 0.100463 0.022656
0 0.294444 0.404557 0.047222 0.046094
0 0.876157 0.348568 0.043981 0.048698
0 0.367361 0.361589 0.035648 0.059115
0 0.094213 0.491797 0.035648 0.059115
0 0.814120 0.401953 0.040278 0.051302
0 0.800231 0.169531 0.031019 0.065625
0 0.145139 0.203776 0.081944 0.024740
0 0.416667 0.851172 0.087963 0.022656
0 0.277083 0.832943 0.040278 0.048698
0 0.309491 0.588151 0.040278 0.048698
0 0.550231 0.909766 0.077315 0.025260
0 0.325694 0.483984 0.044907 0.043490
0 0.140509 0.680990 0.044907 0.041667
0 0.891667 0.306901 0.028704 0.064323
0 0.175231 0.525651 0.031019 0.059115
0 0.413657 0.188411 0.091204 0.020052
0 0.121528 0.633724 0.043981 0.040885
0 0.348380 0.275651 0.099537 0.017448
0 0.038657 0.728776 0.035648 0.048698
0 0.082176 0.189714 0.039352 0.043490
0 0.230787 0.592057 0.114352 0.014844
0 0.246991 0.627604 0.072685 0.023438
0 0.619676 0.931901 0.095833 0.017448
0 0.608102 0.135026 0.072685 0.022656
0 0.237731 0.564714 0.072685 0.022656
0 0.413657 0.123307 0.081944 0.020052
0 0.871528 0.427995 0.034722 0.046094
0 0.478472 0.500260 0.035648 0.044792
0 0.612731 0.155859 0.091204 0.017448
0 0.811343 0.573568 0.081019 0.019531
0 0.425231 0.878516 0.105093 0.014844
0 0.832639 0.519141 0.077315 0.020052
0 0.049769 0.318620 0.030093 0.051302
0 0.800231 0.325130 0.068056 0.022656
0 0.295602 0.135026 0.068056 0.022656
0 0.073380 0.890234 0.040278 0.038281
0 0.910880 0.470703 0.039352 0.037760
0 0.131713 0.560807 0.099537 0.014844
0 0.628472 0.715755 0.030093 0.048698
0 0.205324 0.370703 0.035648 0.040885
0 0.714583 0.425391 0.035648 0.040885
0 0.413657 0.610286 0.072685 0.020052
0 0.411343 0.650000 0.068056 0.021354
0 0.441435 0.539714 0.035648 0.040365
0 0.633565 0.618099 0.095833 0.014844
0 0.207639 0.535417 0.031019 0.044792
0 0.066435 0.822266 0.081944 0.016927
0 0.105787 0.269141 0.068056 0.020052
0 0.784028 0.806901 0.035648 0.038281
0 0.047917 0.589453 0.026389 0.051302
0 0.220370 0.125911 0.037963 0.035677
0 0.147454 0.325130 0.031019 0.043490
0 0.170602 0.236589 0.077315 0.017448
0 0.142824 0.416276 0.077315 0.017448
0 0.828009 0.463151 0.077315 0.017448
0 0.128935 0.827474 0.031019 0.042969
0 0.881250 0.221354 0.072685 0.018229
0 0.772454 0.925391 0.086574 0.014844
0 0.887731 0.539974 0.085648 0.014844
0 0.473843 0.869401 0.072685 0.017448
0 0.378935 0.805339 0.031019 0.040365
0 0.015509 0.581641 0.026389 0.046094
0 0.506250 0.892839 0.035648 0.033073
0 0.899769 0.520443 0.035648 0.033073
0 0.355787 0.687109 0.021759 0.053906
0 0.737731 0.768880 0.081944 0.014323
0 0.598380 0.870703 0.025463 0.046094
0 0.184491 0.447266 0.031019 0.037760
0 0.071065 0.369401 0.026389 0.043490
0 0.837269 0.813411 0.077315 0.014844
0 0.767824 0.493099 0.021759 0.051302
0 0.913194 0.671484 0.025463 0.043490
0 0.378935 0.930339 0.077315 0.014323
0 0.909028 0.497005 0.063426 0.017448
0 0.800231 0.782161 0.031019 0.035677
0 0.228472 0.340755 0.063426 0.017448
0 0.767824 0.107682 0.031019 0.035677
0 0.170602 0.805599 0.031019 0.035677
0 0.186806 0.164974 0.072685 0.014844
0 0.756250 0.816016 0.026389 0.040885
0 0.492361 0.899349 0.026389 0.040885
0 0.728472 0.914974 0.072685 0.014844
0 0.520139 0.365755 0.026389 0.040365
0 0.883565 0.788672 0.021759 0.048698
0 0.564120 0.890234 0.086574 0.012240
0 0.267361 0.632422 0.057870 0.017448
0 0.105324 0.723568 0.030093 0.033073
0 0.359259 0.861589 0.056481 0.017448
0 0.950231 0.210286 0.025463 0.037760
0 0.897454 0.186458 0.086574 0.010937
0 0.665972 0.291276 0.077315 0.012240
0 0.318750 0.523047 0.077315 0.012240
0 0.196065 0.908464 0.054167 0.017448
0 0.652083 0.098307 0.077315 0.011719
0 0.538194 0.571224 0.025463 0.035677
0 0.145139 0.745052 0.026389 0.034375
0 0.401620 0.431250 0.020833 0.042188
0 0.762731 0.854427 0.030093 0.029167
0 0.807176 0.827734 0.026389 0.033073
0 0.762731 0.246354 0.076389 0.010937
0 0.176389 0.754557 0.070370 0.011719
0 0.517824 0.551432 0.021759 0.037760
0 0.501157 0.596615 0.016204 0.050000
0 0.793287 0.547786 0.054167 0.014844
0 0.487731 0.789974 0.017130 0.046094
0 0.334954 0.771484 0.017130 0.045573
0 0.573380 0.547786 0.021759 0.035677
0 0.334491 0.228776 0.062500 0.012240
0 0.495370 0.201432 0.078704 0.009635
0 0.422917 0.507161 0.063426 0.011719
0 0.171759 0.625651 0.024074 0.029948
0 0.287500 0.538411 0.061111 0.011719
0 0.940972 0.559505 0.016204 0.043490
0 0.876620 0.847266 0.017130 0.040885
0 0.797917 0.558203 0.072685 0.009635
0 0.103472 0.894141 0.017130 0.040885
0 0.515509 0.289714 0.017130 0.040365
0 0.145139 0.472656 0.026389 0.026042
0 0.649769 0.630859 0.072685 0.009115
0 0.946065 0.144141 0.044907 0.014844
0 0.804861 0.907161 0.068056 0.009635
0 0.214583 0.460547 0.017130 0.038281
0 0.540972 0.821224 0.068056 0.009635
0 0.396991 0.580990 0.076389 0.008333
0 0.050231 0.791276 0.049537 0.012240
0 0.251157 0.329036 0.062500 0.009635
0 0.677546 0.791276 0.017130 0.033073
0 0.536343 0.463151 0.068056 0.007031
0 0.050231 0.228776 0.012500 0.038281
0 0.934491 0.771745 0.049537 0.009635
0 0.160880 0.335547 0.011574 0.038281
0 0.809028 0.611589 0.011574 0.038281
0 0.862731 0.855078 0.017130 0.025260
0 0.848843 0.628516 0.017130 0.025260
0 0.712269 0.118099 0.031019 0.009635
