0 0.633565 0.460547 0.151389 0.048698
0 0.117361 0.983333 0.230093 0.031771
0 0.582639 0.892839 0.068056 0.064323
0 0.309028 0.642839 0.178241 0.022656
0 0.228472 0.267839 0.054167 0.069531
0 0.191435 0.619401 0.054167 0.064323
0 0.888194 0.280859 0.123611 0.027865
0 0.784028 0.668880 0.100463 0.033073
0 0.418287 0.520443 0.118981 0.027865
0 0.752778 0.711849 0.102778 0.030469
0 0.351157 0.438411 0.049537 0.061719
0 0.450694 0.100911 0.137500 0.022135
0 0.940278 0.448828 0.116667 0.025260
0 0.844213 0.424089 0.054167 0.053906
0 0.140509 0.722656 0.091204 0.031250
0 0.762037 0.745703 0.093519 0.030469
0 0.455324 0.763932 0.091204 0.030469
0 0.825694 0.263021 0.054167 0.049479
0 0.954167 0.483984 0.051852 0.048698
0 0.672917 0.336589 0.044907 0.055990
0 0.380787 0.599870 0.043981 0.056510
0 0.740046 0.879818 0.086574 0.027865
0 0.355787 0.499609 0.049537 0.048698
0 0.424769 0.444922 0.048611 0.048698
0 0.422917 0.214453 0.091204 0.025260
0 0.337269 0.844661 0.049537 0.046094
0 0.302546 0.127214 0.044907 0.048698
0 0.576852 0.460286 0.079630 0.027344
0 0.494676 0.163672 0.095833 0.022656
0 0.344213 0.170833 0.100463 0.021354
0 0.876620 0.327083 0.044907 0.047396
0 0.946065 0.141536 0.044907 0.046094
0 0.316435 0.214453 0.044907 0.046094
0 0.589583 0.218359 0.091204 0.022656
0 0.749306 0.603776 0.040278 0.048698
0 0.513194 0.765234 0.040278 0.048698
0 0.177546 0.174089 0.035648 0.053906
0 0.529398 0.381120 0.128241 0.014844
0 0.512500 0.697526 0.083333 0.022656
0 0.526620 0.537370 0.039352 0.046094
0 0.343056 0.316016 0.088889 0.020052
0 0.505787 0.560807 0.034722 0.051302
0 0.596528 0.705339 0.077315 0.022656
0 0.554861 0.739193 0.040278 0.043490
0 0.587269 0.619141 0.040278 0.042969
0 0.615046 0.728776 0.095833 0.017448
0 0.427546 0.559505 0.072685 0.022656
0 0.689120 0.214453 0.040278 0.040885
0 0.686806 0.164974 0.026389 0.061719
0 0.818750 0.826432 0.031019 0.051302
0 0.233102 0.585547 0.091204 0.017448
0 0.638194 0.753516 0.105093 0.014844
0 0.191435 0.236589 0.026389 0.059115
0 0.615046 0.641536 0.077315 0.020052
0 0.932176 0.744141 0.091204 0.016927
0 0.143981 0.414974 0.033333 0.046094
0 0.265509 0.211849 0.035648 0.040885
0 0.103472 0.276953 0.072685 0.020052
0 0.300231 0.503516 0.031019 0.046094
0 0.575694 0.804297 0.081944 0.017448
0 0.714583 0.452734 0.081944 0.017448
0 0.443750 0.649349 0.031019 0.046094
0 0.763194 0.425130 0.031019 0.045573
0 0.737731 0.173828 0.063426 0.022135
0 0.272454 0.625911 0.068056 0.020052
0 0.589583 0.905859 0.035648 0.038281
0 0.111574 0.365234 0.024074 0.055990
0 0.918287 0.611328 0.035648 0.037760
0 0.225694 0.418880 0.076389 0.017448
0 0.748148 0.146745 0.065741 0.020052
0 0.471528 0.618099 0.086574 0.014844
0 0.246991 0.176693 0.026389 0.048698
0 0.429861 0.573828 0.086574 0.014844
0 0.883565 0.230078 0.086574 0.014844
0 0.721528 0.149349 0.031019 0.040885
0 0.726157 0.568620 0.031019 0.040885
0 0.591898 0.764583 0.114352 0.010937
0 0.527083 0.589193 0.031019 0.040365
0 0.765509 0.274089 0.063426 0.019531
0 0.608102 0.442318 0.100463 0.012240
0 0.483102 0.715755 0.100463 0.012240
0 0.476157 0.570964 0.021759 0.055990
0 0.483796 0.642188 0.074074 0.016146
0 0.696065 0.203385 0.063426 0.018750
0 0.448380 0.726172 0.068056 0.017448
0 0.573380 0.494401 0.031019 0.038281
0 0.184491 0.116797 0.068056 0.017448
0 0.237731 0.517839 0.035648 0.033073
0 0.179861 0.105078 0.058796 0.020052
0 0.593750 0.336849 0.025463 0.046094
0 0.749306 0.763281 0.086574 0.013542
0 0.209954 0.356380 0.091204 0.012240
0 0.311806 0.340755 0.091204 0.012240
0 0.230787 0.795182 0.021759 0.051302
0 0.809491 0.779297 0.077315 0.014323
0 0.492361 0.838151 0.063426 0.017448
0 0.344213 0.740495 0.026389 0.040885
0 0.876620 0.264974 0.091204 0.011719
0 0.374306 0.473568 0.086574 0.012240
0 0.801389 0.180599 0.070370 0.014844
0 0.124306 0.473568 0.031019 0.033073
0 0.981944 0.362891 0.033333 0.030469
0 0.314120 0.081641 0.068056 0.014844
0 0.615046 0.691016 0.068056 0.014844
0 0.984259 0.794922 0.028704 0.035156
0 0.373843 0.198828 0.067130 0.014844
0 0.244213 0.223568 0.030093 0.033073
0 0.929398 0.373307 0.020833 0.046094
0 0.177546 0.772135 0.026389 0.036458
0 0.345370 0.103516 0.028704 0.032552
0 0.656250 0.495703 0.030093 0.030469
0 0.107639 0.293620 0.053241 0.016927
0 0.911343 0.396745 0.021759 0.040885
0 0.420602 0.599870 0.021759 0.040885
0 0.115046 0.258724 0.021759 0.040885
0 0.300231 0.547526 0.021759 0.040365
0 0.885417 0.749609 0.071759 0.012240
0 0.915972 0.802344 0.021759 0.039583
0 0.344213 0.421224 0.026389 0.032552
0 0.628935 0.136328 0.086574 0.009635
0 0.848843 0.171484 0.017130 0.048698
0 0.420602 0.687109 0.021759 0.038281
0 0.547917 0.542969 0.026389 0.031250
0 0.517824 0.636068 0.086574 0.009115
0 0.325694 0.138672 0.054167 0.014323
0 0.189120 0.287370 0.077315 0.009635
0 0.779398 0.528255 0.017130 0.043490
0 0.407870 0.513281 0.024074 0.030729
0 0.737269 0.513021 0.016204 0.044271
0 0.675231 0.835547 0.058796 0.012240
0 0.105787 0.478776 0.021759 0.033073
0 0.334954 0.157161 0.072685 0.009635
0 0.659028 0.219661 0.017130 0.040885
0 0.872685 0.562109 0.055556 0.012240
0 0.626620 0.669922 0.072685 0.009115
0 0.487731 0.224870 0.044907 0.014844
0 0.939120 0.472266 0.021759 0.030469
0 0.617361 0.661068 0.054167 0.012240
0 0.977315 0.316016 0.042593 0.014844
0 0.205324 0.164974 0.017130 0.035677
0 0.659028 0.800391 0.063426 0.009635
0 0.820602 0.496354 0.016204 0.036979
0 0.988889 0.122656 0.019444 0.029167
0 0.544444 0.659766 0.056481 0.009635
0 0.089583 0.174740 0.017130 0.029167
0 0.455324 0.532813 0.044907 0.010937
0 0.584954 0.674089 0.017130 0.027865
0 0.844213 0.631771 0.017130 0.026562
0 0.101157 0.219661 0.021759 0.020052
0 0.252778 0.102474 0.019444 0.020052
0 0.991204 0.523698 0.014815 0.023958
0 0.265046 0.838151 0.016204 0.017448
0 0.917824 0.337891 0.016204 0.016927
0 0.993519 0.300391 0.010185 0.025260
0 0.612269 0.030599 0.025463 0.006510
0 0.767824 0.997656 0.021759 0.003125
0 0.665509 0.997656 0.020833 0.003125
