0 0.846528 0.280599 0.123611 0.032552
0 0.735417 0.480078 0.049537 0.066927
0 0.304398 0.107031 0.113426 0.029167
0 0.561806 0.890234 0.128241 0.022656
0 0.207639 0.063411 0.105093 0.025260
0 0.196065 0.786068 0.044907 0.053906
0 0.446065 0.111589 0.044907 0.053906
0 0.948380 0.207292 0.049537 0.047396
0 0.173611 0.530859 0.101852 0.022656
0 0.707176 0.094661 0.104167 0.020052
0 0.584954 0.250651 0.035648 0.050781
0 0.570602 0.878516 0.118056 0.014844
0 0.536343 0.412370 0.040278 0.040885
0 0.496528 0.737891 0.071759 0.020052
0 0.082639 0.677995 0.031019 0.046094
0 0.848380 0.106380 0.081019 0.017448
0 0.565972 0.290625 0.062500 0.021354
0 0.876620 0.245703 0.081944 0.014844
0 0.068287 0.423828 0.030093 0.037760
0 0.559491 0.055339 0.077315 0.014323
0 0.177546 0.142839 0.081944 0.012240
0 0.716898 0.074219 0.031019 0.031250
0 0.355787 0.084245 0.086574 0.009635
0 0.962269 0.421224 0.049537 0.016927
0 0.355787 0.852474 0.049537 0.014844
0 0.340741 0.099870 0.047222 0.014844
0 0.971528 0.080078 0.021759 0.027344
0 0.098843 0.993099 0.044907 0.009635
0 0.211111 0.072526 0.056481 0.007031
0 0.564120 0.067057 0.058796 0.006510
0 0.096065 0.118099 0.039352 0.009635
