0 0.934491 0.458594 0.077315 0.076042
0 0.670602 0.769141 0.179167 0.030469
0 0.777083 0.288672 0.068056 0.064323
0 0.196065 0.473568 0.063426 0.064323
0 0.070602 0.724609 0.108796 0.035156
0 0.218056 0.707943 0.061111 0.059115
0 0.253935 0.765234 0.105093 0.033073
0 0.147454 0.127214 0.058796 0.053906
0 0.542130 0.612891 0.149074 0.020052
0 0.170602 0.637630 0.049537 0.059115
0 0.124306 0.623307 0.040278 0.072135
0 0.848843 0.538672 0.044907 0.064323
0 0.451852 0.907813 0.102778 0.026562
0 0.133565 0.266276 0.086574 0.029948
0 0.587269 0.318620 0.049537 0.051302
0 0.399769 0.806901 0.044907 0.053906
0 0.753935 0.614193 0.049537 0.048698
0 0.457639 0.486589 0.105093 0.022656
0 0.531713 0.371354 0.049537 0.047396
0 0.521296 0.590755 0.084259 0.027865
0 0.674769 0.602474 0.048611 0.046094
0 0.335648 0.549740 0.092593 0.023958
0 0.179861 0.245703 0.086574 0.025260
0 0.290972 0.420182 0.086574 0.025260
0 0.878935 0.327734 0.040278 0.053906
0 0.429398 0.098568 0.094907 0.022656
0 0.434491 0.448828 0.105093 0.020052
0 0.784028 0.201432 0.044907 0.046094
0 0.890509 0.875911 0.081944 0.025260
0 0.284028 0.638932 0.044907 0.046094
0 0.918287 0.141536 0.081944 0.025260
0 0.777083 0.740495 0.040278 0.051302
0 0.542824 0.166276 0.090278 0.022656
0 0.522454 0.569922 0.086574 0.022656
0 0.179398 0.258724 0.076389 0.025260
0 0.329167 0.870052 0.079630 0.023958
0 0.427083 0.353776 0.108796 0.017448
0 0.564120 0.883724 0.040278 0.046094
0 0.749306 0.886979 0.086574 0.021354
0 0.089583 0.112891 0.035648 0.051302
0 0.828009 0.215755 0.040278 0.043490
0 0.476157 0.418880 0.077315 0.022656
0 0.252778 0.370703 0.037963 0.046094
0 0.068287 0.864193 0.076389 0.022656
0 0.157870 0.219401 0.042593 0.040365
0 0.177546 0.719661 0.035648 0.046094
0 0.703009 0.361589 0.132870 0.012240
0 0.975694 0.159766 0.039352 0.040885
0 0.679861 0.620703 0.077315 0.020052
0 0.587269 0.592057 0.077315 0.020052
0 0.738889 0.675391 0.102778 0.014844
0 0.630787 0.761328 0.099537 0.014844
0 0.307176 0.441016 0.072685 0.020052
0 0.621991 0.507161 0.026389 0.053385
0 0.508565 0.304297 0.021759 0.064323
0 0.851157 0.104427 0.031019 0.044792
0 0.726157 0.774349 0.068056 0.020052
0 0.616898 0.202734 0.034722 0.038281
0 0.062963 0.631120 0.065741 0.020052
0 0.640509 0.259375 0.035648 0.036979
0 0.491898 0.144792 0.081019 0.016146
0 0.383565 0.830339 0.021759 0.059115
0 0.165972 0.193620 0.086574 0.014844
0 0.723380 0.603125 0.034722 0.036979
0 0.432176 0.336849 0.063426 0.020052
0 0.492361 0.442318 0.072685 0.017448
0 0.455324 0.372005 0.100463 0.012240
0 0.522454 0.847266 0.021759 0.056510
0 0.580324 0.895443 0.100463 0.012240
0 0.205324 0.666927 0.035648 0.034375
0 0.797917 0.516536 0.026389 0.046094
0 0.670602 0.200781 0.021759 0.055208
0 0.545602 0.835547 0.031019 0.038281
0 0.735417 0.512630 0.021759 0.053906
0 0.536343 0.254557 0.021759 0.053385
0 0.059491 0.495703 0.077315 0.014844
0 0.284028 0.390234 0.026389 0.043490
0 0.466898 0.803646 0.031019 0.036979
0 0.097685 0.840365 0.033333 0.033854
0 0.630787 0.533464 0.025463 0.043490
0 0.582639 0.250911 0.031019 0.035677
0 0.324537 0.848568 0.033333 0.033073
0 0.510417 0.885026 0.062500 0.017448
0 0.381250 0.597266 0.072685 0.014844
0 0.330324 0.836849 0.026389 0.040885
0 0.318287 0.719661 0.030093 0.035677
0 0.076389 0.796484 0.027778 0.038281
0 0.082639 0.400651 0.031019 0.033073
0 0.559491 0.855078 0.068056 0.014844
0 0.277083 0.177995 0.068056 0.014844
0 0.547917 0.132422 0.081944 0.012240
0 0.013194 0.672526 0.021759 0.045573
0 0.307176 0.261719 0.026389 0.036458
0 0.231944 0.435156 0.070370 0.013542
0 0.723380 0.113932 0.081019 0.011719
0 0.397454 0.162370 0.031019 0.030469
0 0.318750 0.631120 0.031019 0.030469
0 0.598843 0.633724 0.063426 0.014844
0 0.473843 0.232682 0.026389 0.035677
0 0.267824 0.311849 0.021759 0.042969
0 0.219213 0.674089 0.017130 0.053906
0 0.943287 0.223568 0.020833 0.043490
0 0.670602 0.556641 0.077315 0.011719
0 0.569907 0.097266 0.061111 0.014844
0 0.601157 0.704036 0.021759 0.040885
0 0.399306 0.396745 0.090278 0.009635
0 0.318750 0.112891 0.058796 0.014844
0 0.186806 0.301693 0.026389 0.033073
0 0.057176 0.664323 0.063426 0.013542
0 0.186806 0.751563 0.026389 0.031771
0 0.712269 0.158464 0.021759 0.038281
0 0.550231 0.663411 0.021759 0.037760
0 0.381250 0.136328 0.054167 0.014844
0 0.751620 0.868099 0.026389 0.030469
0 0.471528 0.992448 0.058796 0.013542
0 0.436806 0.539974 0.081944 0.009635
0 0.943750 0.279557 0.021759 0.035677
0 0.448380 0.599870 0.021759 0.035677
0 0.494676 0.844661 0.021759 0.035677
0 0.635880 0.455990 0.091204 0.008333
0 0.413194 0.103776 0.062500 0.012240
0 0.659722 0.574870 0.064815 0.011719
0 0.448380 0.472266 0.077315 0.009635
0 0.529398 0.783203 0.017130 0.042969
0 0.263194 0.123307 0.049537 0.014844
0 0.424769 0.686068 0.020833 0.035156
0 0.300231 0.098568 0.058796 0.012240
0 0.640046 0.782161 0.071759 0.009635
0 0.214583 0.332943 0.054167 0.012240
0 0.828009 0.454036 0.021759 0.030469
0 0.351157 0.170182 0.068056 0.009635
0 0.337269 0.133464 0.068056 0.009115
0 0.108102 0.347266 0.017130 0.035677
0 0.865046 0.181901 0.049537 0.012240
0 0.376157 0.146745 0.062500 0.009635
0 0.737731 0.150000 0.017130 0.031771
0 0.263194 0.576172 0.058796 0.009115
0 0.043287 0.185807 0.054167 0.009635
0 0.573380 0.791276 0.068056 0.007031
0 0.226157 0.211849 0.012500 0.035677
0 0.777083 0.163411 0.068056 0.006510
0 0.881250 0.819661 0.035648 0.011719
0 0.056713 0.129557 0.016204 0.016927
0 0.100694 0.319922 0.011574 0.022656
