0 0.727315 0.508724 0.200000 0.056510
0 0.159028 0.637630 0.146759 0.043490
0 0.568750 0.687109 0.058796 0.059115
0 0.378935 0.429297 0.123611 0.027865
0 0.828009 0.573828 0.058796 0.056510
0 0.682176 0.205078 0.146759 0.022135
0 0.083796 0.625911 0.098148 0.030469
0 0.411343 0.665625 0.105093 0.026562
0 0.524769 0.563411 0.035648 0.077344
0 0.745833 0.243750 0.098148 0.026562
0 0.288657 0.827734 0.091204 0.027865
0 0.760880 0.727474 0.044907 0.056510
0 0.209954 0.475911 0.044907 0.053385
0 0.677546 0.542578 0.035648 0.066927
0 0.875000 0.729427 0.041667 0.055208
0 0.601157 0.899349 0.049537 0.046094
0 0.383565 0.386328 0.040278 0.056510
0 0.645139 0.176042 0.081944 0.026562
0 0.203009 0.731380 0.095833 0.022656
0 0.911343 0.720964 0.040278 0.053906
0 0.175231 0.661068 0.040278 0.053906
0 0.443750 0.280859 0.123611 0.017448
0 0.859259 0.883464 0.084259 0.024740
0 0.575694 0.560807 0.044907 0.046094
0 0.765509 0.662370 0.044907 0.046094
0 0.352315 0.885026 0.116667 0.017448
0 0.653935 0.144141 0.043981 0.046094
0 0.647454 0.800391 0.077315 0.025260
0 0.848843 0.676693 0.044907 0.043490
0 0.795602 0.336849 0.040278 0.046094
0 0.639352 0.616797 0.042593 0.043490
0 0.740046 0.163672 0.105093 0.017448
0 0.283565 0.671484 0.081019 0.022656
0 0.890509 0.675391 0.035648 0.051302
0 0.584954 0.141536 0.091204 0.020052
0 0.755787 0.776953 0.090278 0.020052
0 0.353472 0.562109 0.035648 0.048698
0 0.318287 0.765234 0.039352 0.043490
0 0.303704 0.275651 0.075000 0.022656
0 0.677546 0.842708 0.035648 0.047396
0 0.332639 0.569922 0.031019 0.053906
0 0.856481 0.386328 0.032407 0.051302
0 0.763889 0.456641 0.032407 0.051302
0 0.358102 0.715755 0.072685 0.022656
0 0.422917 0.834245 0.035648 0.046094
0 0.357639 0.802995 0.081019 0.020052
0 0.619676 0.750911 0.031019 0.051302
0 0.948380 0.724870 0.031019 0.051302
0 0.723843 0.741146 0.072685 0.021354
0 0.536343 0.112891 0.077315 0.020052
0 0.368519 0.279297 0.037963 0.040365
0 0.080324 0.743099 0.035648 0.040885
0 0.243519 0.499609 0.037963 0.038281
0 0.697222 0.653255 0.037963 0.038281
0 0.857639 0.310807 0.071759 0.020052
0 0.809491 0.404557 0.031019 0.046094
0 0.203009 0.526953 0.031019 0.046094
0 0.209954 0.702734 0.081944 0.017448
0 0.927546 0.296224 0.026389 0.053385
0 0.448380 0.677344 0.031019 0.044792
0 0.723843 0.140234 0.035648 0.038281
0 0.186806 0.623307 0.091204 0.014844
0 0.885880 0.349870 0.026389 0.051302
0 0.402083 0.713151 0.077315 0.017448
0 0.781713 0.116797 0.077315 0.017448
0 0.321065 0.370443 0.026389 0.050781
0 0.381944 0.217057 0.037037 0.035677
0 0.490046 0.860286 0.086574 0.014844
0 0.285880 0.789974 0.085648 0.014844
0 0.538194 0.140234 0.071759 0.017448
0 0.617361 0.226172 0.100463 0.012240
0 0.561806 0.236589 0.100463 0.012240
0 0.510880 0.722266 0.081944 0.014844
0 0.426389 0.708984 0.061111 0.019531
0 0.406713 0.582943 0.031019 0.038281
0 0.865046 0.153255 0.031019 0.038281
0 0.915972 0.123307 0.058796 0.020052
0 0.432176 0.145443 0.035648 0.033073
0 0.670139 0.556901 0.030093 0.038281
0 0.904398 0.788672 0.026389 0.043490
0 0.832176 0.699870 0.030093 0.037760
0 0.656713 0.210286 0.095833 0.011719
0 0.848843 0.530859 0.091204 0.012240
0 0.860417 0.623307 0.021759 0.051302
0 0.149769 0.409115 0.081944 0.013542
0 0.538657 0.749609 0.063426 0.017448
0 0.528935 0.837891 0.025463 0.042969
0 0.427083 0.395443 0.062500 0.017448
0 0.323380 0.483984 0.021759 0.048698
0 0.897454 0.452734 0.086574 0.012240
0 0.943750 0.551693 0.021759 0.048698
0 0.832176 0.373568 0.030093 0.035156
0 0.268981 0.564714 0.024074 0.043490
0 0.277083 0.599219 0.077315 0.013542
0 0.477315 0.110286 0.070370 0.014844
0 0.295602 0.514583 0.021759 0.047396
0 0.591898 0.616797 0.031019 0.033073
0 0.188657 0.257422 0.020833 0.048698
0 0.250926 0.650391 0.060185 0.016927
0 0.735417 0.849870 0.068056 0.014844
0 0.922917 0.491797 0.026389 0.038281
0 0.091435 0.613932 0.030093 0.032552
0 0.101157 0.867839 0.068056 0.014323
0 0.910880 0.381120 0.020833 0.046094
0 0.830324 0.093359 0.054167 0.017448
0 0.084954 0.204036 0.026389 0.035677
0 0.897454 0.548828 0.021759 0.042969
0 0.307176 0.481380 0.017130 0.053906
0 0.809028 0.616797 0.020833 0.043490
0 0.756250 0.106380 0.072685 0.012240
0 0.689120 0.094661 0.021759 0.040885
0 0.385880 0.473568 0.072685 0.012240
0 0.358102 0.686458 0.054167 0.016146
0 0.244676 0.745703 0.058796 0.014844
0 0.263194 0.618099 0.058796 0.014844
0 0.932176 0.229036 0.026389 0.032552
0 0.365046 0.864193 0.068056 0.012240
0 0.351157 0.413672 0.021759 0.038281
0 0.688657 0.582552 0.020833 0.039062
0 0.223843 0.717057 0.054167 0.014844
0 0.559028 0.398047 0.020833 0.038281
0 0.452546 0.767839 0.020833 0.038281
0 0.582639 0.771745 0.021759 0.035677
0 0.723843 0.200130 0.063426 0.012240
0 0.878935 0.227474 0.021759 0.035677
0 0.483102 0.413672 0.017130 0.043490
0 0.246991 0.205339 0.017130 0.043490
0 0.088426 0.799089 0.061111 0.012240
0 0.647454 0.664974 0.077315 0.009635
0 0.964583 0.166276 0.026389 0.027865
0 0.270139 0.304036 0.026389 0.027344
0 0.892824 0.174089 0.058796 0.012240
0 0.564120 0.890234 0.058796 0.012240
0 0.397454 0.239453 0.021759 0.032552
0 0.494676 0.451172 0.049537 0.014323
0 0.623843 0.111589 0.057870 0.012240
0 0.457639 0.182161 0.021759 0.032552
0 0.303704 0.211849 0.019444 0.035677
0 0.909028 0.311068 0.017130 0.040365
0 0.094213 0.771094 0.017130 0.039583
0 0.168287 0.695964 0.072685 0.009115
0 0.103009 0.732682 0.016204 0.040885
0 0.190972 0.206641 0.016204 0.040885
0 0.487731 0.175391 0.026389 0.025260
0 0.601157 0.808203 0.021759 0.030469
0 0.483102 0.905859 0.054167 0.012240
0 0.580324 0.210547 0.054167 0.012240
0 0.946065 0.306901 0.017130 0.038281
0 0.501620 0.537109 0.026389 0.024740
0 0.385880 0.692969 0.072685 0.008333
0 0.635880 0.830990 0.017130 0.034375
0 0.272454 0.323177 0.021759 0.026562
0 0.880093 0.758073 0.024074 0.023958
0 0.189120 0.739844 0.068056 0.008333
0 0.314120 0.237891 0.058796 0.009635
0 0.214583 0.590495 0.017130 0.032552
0 0.311806 0.619401 0.044907 0.012240
0 0.436343 0.603776 0.016204 0.033073
0 0.392824 0.762630 0.040278 0.012240
0 0.471528 0.482682 0.012500 0.035677
0 0.383565 0.110026 0.012500 0.035156
0 0.640509 0.188411 0.017130 0.025260
0 0.381250 0.560547 0.017130 0.024740
0 0.635880 0.577734 0.017130 0.022656
0 0.786343 0.618099 0.040278 0.009635
0 0.376620 0.441016 0.035648 0.009635
0 0.218056 0.793620 0.042593 0.006510
