0 0.844213 0.299089 0.072685 0.079948
0 0.165509 0.566016 0.159722 0.035677
0 0.237731 0.804036 0.054167 0.095052
0 0.337269 0.115495 0.142130 0.035677
0 0.751620 0.470964 0.109722 0.038281
0 0.929861 0.744401 0.049537 0.079948
0 0.853009 0.144141 0.062500 0.056510
0 0.334954 0.323828 0.044907 0.072135
0 0.865046 0.494401 0.114352 0.027865
0 0.420602 0.762370 0.049537 0.058594
0 0.115046 0.844661 0.031019 0.082552
0 0.253935 0.881120 0.095833 0.025260
0 0.821065 0.247005 0.081944 0.027865
0 0.772454 0.339453 0.086574 0.025260
0 0.219213 0.151953 0.044907 0.046094
0 0.909028 0.821224 0.081944 0.025260
0 0.594213 0.732422 0.044907 0.045573
0 0.492361 0.118099 0.100463 0.020052
0 0.598843 0.117448 0.081944 0.023958
0 0.302546 0.773047 0.044907 0.043490
0 0.443750 0.342057 0.077315 0.025260
0 0.473843 0.176693 0.109722 0.017448
0 0.128472 0.881120 0.030093 0.061719
0 0.534028 0.822526 0.081944 0.022656
0 0.128935 0.545182 0.040278 0.046094
0 0.686343 0.507422 0.081019 0.022656
0 0.616898 0.507422 0.081019 0.022656
0 0.413657 0.094661 0.072685 0.025260
0 0.848843 0.654557 0.072685 0.025260
0 0.464583 0.371745 0.081944 0.022135
0 0.301389 0.907161 0.088889 0.020052
0 0.457639 0.319922 0.077315 0.022656
0 0.536343 0.174089 0.040278 0.043490
0 0.674074 0.843359 0.098148 0.017448
0 0.595370 0.813151 0.084259 0.019531
0 0.242361 0.223568 0.072685 0.022656
0 0.742361 0.214453 0.109722 0.014844
0 0.950694 0.657161 0.026389 0.061719
0 0.716898 0.115234 0.040278 0.040365
0 0.759722 0.175391 0.107407 0.014844
0 0.750463 0.362891 0.079630 0.020052
0 0.392824 0.146745 0.031019 0.051302
0 0.484954 0.747656 0.039352 0.039583
0 0.309491 0.335547 0.040278 0.038281
0 0.087269 0.726172 0.040278 0.038281
0 0.878935 0.176693 0.068056 0.022656
0 0.929861 0.400651 0.068056 0.022656
0 0.499306 0.305339 0.105093 0.014323
0 0.936806 0.366146 0.035648 0.042188
0 0.554861 0.780599 0.031019 0.048177
0 0.504630 0.291016 0.087963 0.016927
0 0.890509 0.329036 0.035648 0.040885
0 0.742361 0.491797 0.081944 0.017448
0 0.319907 0.281901 0.098148 0.014323
0 0.091435 0.388932 0.039352 0.035677
0 0.068750 0.266276 0.095833 0.014323
0 0.260880 0.497005 0.035648 0.038281
0 0.142824 0.180599 0.068056 0.020052
0 0.258565 0.645443 0.077315 0.017448
0 0.214583 0.335156 0.026389 0.049479
0 0.052546 0.168880 0.026389 0.048698
0 0.848843 0.894141 0.035648 0.035677
0 0.656713 0.414974 0.031019 0.040885
0 0.397454 0.672786 0.031019 0.040885
0 0.871991 0.263672 0.063426 0.019531
0 0.744213 0.142839 0.020833 0.059115
0 0.696065 0.278255 0.100463 0.012240
0 0.108102 0.465495 0.072685 0.016927
0 0.126620 0.698828 0.026389 0.046094
0 0.050231 0.343359 0.031019 0.038281
0 0.337269 0.890234 0.068056 0.017448
0 0.501620 0.707943 0.035648 0.033073
0 0.052546 0.723568 0.035648 0.033073
0 0.565972 0.132161 0.099537 0.011719
0 0.832639 0.626953 0.031019 0.037760
0 0.077546 0.366797 0.067130 0.017448
0 0.563657 0.685807 0.057870 0.020052
0 0.313657 0.843359 0.030093 0.038281
0 0.080324 0.541276 0.026389 0.043490
0 0.848380 0.799479 0.025463 0.044271
0 0.263194 0.610286 0.021759 0.051302
0 0.238889 0.302995 0.075000 0.014844
0 0.631250 0.213151 0.063426 0.017448
0 0.728472 0.323828 0.072685 0.014844
0 0.195602 0.707031 0.025463 0.041667
0 0.601157 0.885026 0.058796 0.017448
0 0.638194 0.757422 0.031019 0.033073
0 0.071065 0.212500 0.063426 0.016146
0 0.219213 0.736589 0.026389 0.038281
0 0.332176 0.246745 0.085648 0.011719
0 0.515509 0.322526 0.081944 0.012240
0 0.647454 0.868099 0.021759 0.046094
0 0.183333 0.198828 0.019444 0.051302
0 0.469213 0.222266 0.100463 0.009635
0 0.809491 0.093359 0.077315 0.012240
0 0.679861 0.900651 0.077315 0.012240
0 0.589583 0.401953 0.063426 0.014844
0 0.316435 0.433203 0.026389 0.035677
0 0.517824 0.094010 0.031019 0.029167
0 0.795139 0.438151 0.030093 0.029948
0 0.737731 0.747005 0.072685 0.012240
0 0.205324 0.668620 0.072685 0.011719
0 0.367361 0.843359 0.017130 0.048698
0 0.494676 0.103776 0.068056 0.012240
0 0.466898 0.715495 0.021759 0.037760
0 0.785880 0.666016 0.030093 0.027344
0 0.307176 0.144141 0.026389 0.030469
0 0.534028 0.274349 0.026389 0.030469
0 0.148611 0.679297 0.024074 0.033073
0 0.684491 0.144141 0.021759 0.035677
0 0.603472 0.469401 0.081944 0.009115
0 0.073380 0.153646 0.021759 0.033854
0 0.779398 0.108984 0.026389 0.027865
0 0.864583 0.732682 0.048611 0.014844
0 0.040972 0.442318 0.021759 0.033073
0 0.216898 0.449870 0.021759 0.032552
0 0.823380 0.552734 0.049537 0.014323
0 0.054861 0.556641 0.021759 0.032552
0 0.066435 0.292578 0.017130 0.040885
0 0.390509 0.401953 0.017130 0.040885
0 0.820602 0.705078 0.016204 0.042969
0 0.986574 0.528255 0.024074 0.027865
0 0.436806 0.680339 0.072685 0.009115
0 0.811806 0.588151 0.017130 0.038281
0 0.233102 0.715755 0.017130 0.038281
0 0.833333 0.502214 0.050926 0.012240
0 0.277083 0.854818 0.068056 0.009115
0 0.561806 0.607682 0.063426 0.009635
0 0.510880 0.430599 0.063426 0.009635
0 0.583796 0.354427 0.070370 0.008333
0 0.878935 0.292578 0.058796 0.009635
0 0.779398 0.399089 0.061574 0.009115
0 0.065972 0.431901 0.016204 0.033073
0 0.909028 0.358073 0.017130 0.031250
0 0.681713 0.767578 0.016204 0.032552
0 0.918287 0.628516 0.054167 0.009635
0 0.617361 0.253516 0.054167 0.009635
0 0.547454 0.701432 0.016204 0.030469
0 0.721528 0.142578 0.040278 0.011719
0 0.170139 0.873307 0.048611 0.009635
0 0.336806 0.461849 0.048611 0.009635
0 0.325694 0.694661 0.017130 0.027344
0 0.793287 0.191016 0.017130 0.025260
0 0.640509 0.157161 0.044907 0.009635
0 0.862731 0.349870 0.017130 0.025260
0 0.415972 0.084245 0.040278 0.009635
0 0.101157 0.990495 0.040278 0.009635
0 0.318750 0.095703 0.058796 0.006510
0 0.647454 0.622005 0.012500 0.027865
0 0.823380 0.455339 0.012500 0.022656
0 0.880093 0.538672 0.037963 0.007031
0 0.006250 0.283464 0.007870 0.012240
