0 0.534028 0.616797 0.230093 0.048698
0 0.883565 0.537370 0.086574 0.103385
0 0.101157 0.205339 0.086574 0.079948
0 0.888194 0.461198 0.142130 0.034375
0 0.718750 0.345964 0.062500 0.074740
0 0.964583 0.512630 0.063426 0.069531
0 0.911343 0.675391 0.058796 0.061719
0 0.860417 0.751172 0.049537 0.066406
0 0.918287 0.339453 0.100463 0.030469
0 0.351157 0.845964 0.095833 0.027865
0 0.821065 0.422786 0.035648 0.061719
0 0.728472 0.060807 0.109722 0.020052
0 0.190972 0.450781 0.043981 0.050000
0 0.531250 0.056901 0.094907 0.022656
0 0.149769 0.383724 0.100463 0.020052
0 0.954630 0.204036 0.087963 0.020052
0 0.951389 0.524349 0.037037 0.046094
0 0.918287 0.365495 0.109722 0.014844
0 0.827546 0.081641 0.039352 0.035677
0 0.642824 0.405599 0.077315 0.016927
0 0.520139 0.114193 0.072685 0.017448
0 0.164815 0.366797 0.102778 0.012240
0 0.946065 0.212891 0.072685 0.016927
0 0.778935 0.531510 0.090278 0.013542
0 0.520139 0.087891 0.100463 0.011719
0 0.110417 0.571224 0.021759 0.051302
0 0.803704 0.753516 0.019444 0.056510
0 0.825694 0.188411 0.063426 0.014844
0 0.951852 0.181901 0.075000 0.012240
0 0.987731 0.502214 0.017130 0.048698
0 0.739583 0.473568 0.030093 0.027865
0 0.578009 0.569922 0.021759 0.038281
0 0.934028 0.156901 0.057870 0.014323
0 0.105787 0.857422 0.086574 0.009115
0 0.742361 0.066016 0.081944 0.009635
0 0.833796 0.340755 0.061111 0.012240
0 0.522454 0.063411 0.077315 0.009635
0 0.219213 0.493750 0.017130 0.042188
0 0.895139 0.862891 0.017130 0.040885
0 0.686343 0.737891 0.016204 0.040885
0 0.101157 0.993099 0.040278 0.009635
0 0.995833 0.351172 0.005556 0.012240
