0 0.090741 0.558203 0.075000 0.092969
0 0.121528 0.875911 0.099537 0.030469
0 0.429861 0.828776 0.049537 0.061198
0 0.487269 0.269141 0.053241 0.051302
0 0.131250 0.254818 0.035648 0.064323
0 0.941435 0.119401 0.081944 0.027865
0 0.184491 0.683203 0.040278 0.056510
0 0.793287 0.470964 0.044907 0.048698
0 0.654398 0.351172 0.044907 0.048698
0 0.531713 0.879818 0.123611 0.017448
0 0.772454 0.428646 0.040278 0.052604
0 0.219213 0.756120 0.044907 0.046094
0 0.022454 0.184245 0.040278 0.048177
0 0.098843 0.192057 0.044907 0.042969
0 0.654398 0.860286 0.072685 0.025260
0 0.296065 0.342057 0.039352 0.046094
0 0.501620 0.843359 0.100463 0.017448
0 0.528935 0.403255 0.099537 0.017448
0 0.885417 0.272396 0.081019 0.021354
0 0.645139 0.413411 0.035648 0.048177
0 0.781713 0.366797 0.031019 0.053906
0 0.774769 0.270443 0.072685 0.022656
0 0.432176 0.308203 0.026389 0.061719
0 0.517824 0.628516 0.031019 0.051302
0 0.436343 0.663411 0.071759 0.022135
0 0.466898 0.119401 0.040278 0.038281
0 0.587269 0.461849 0.021759 0.066927
0 0.554861 0.352734 0.031019 0.045573
0 0.909028 0.111589 0.035648 0.038281
0 0.177546 0.375911 0.091204 0.014844
0 0.351157 0.340755 0.077315 0.017448
0 0.716435 0.167578 0.067130 0.020052
0 0.836806 0.100911 0.030093 0.042969
0 0.499306 0.362891 0.086574 0.014844
0 0.598843 0.098568 0.026389 0.048698
0 0.579861 0.158464 0.071759 0.017448
0 0.490741 0.463151 0.023148 0.053906
0 0.388194 0.489844 0.031019 0.039583
0 0.228472 0.917578 0.081944 0.014844
0 0.355324 0.791927 0.030093 0.039583
0 0.448380 0.138932 0.077315 0.014844
0 0.774769 0.119401 0.026389 0.043490
0 0.353472 0.389974 0.026389 0.042969
0 0.121528 0.150391 0.034722 0.032552
0 0.632407 0.207682 0.065741 0.016927
0 0.663657 0.223568 0.063426 0.017448
0 0.119676 0.659505 0.031019 0.035156
0 0.427083 0.231380 0.062500 0.017448
0 0.404398 0.789974 0.072685 0.014844
0 0.302083 0.787370 0.025463 0.040885
0 0.406713 0.210547 0.058796 0.017448
0 0.712269 0.618099 0.068056 0.014844
0 0.874306 0.210286 0.031019 0.032552
0 0.723843 0.093359 0.081944 0.012240
0 0.195602 0.205339 0.081019 0.012240
0 0.137037 0.528906 0.028704 0.034375
0 0.339583 0.108333 0.026389 0.036979
0 0.244213 0.235286 0.020833 0.046094
0 0.892824 0.125911 0.031019 0.030469
0 0.404398 0.868099 0.026389 0.035677
0 0.318750 0.154557 0.095833 0.009635
0 0.610417 0.539974 0.021759 0.040885
0 0.469213 0.864193 0.072685 0.012240
0 0.932176 0.431901 0.026389 0.033073
0 0.517824 0.517578 0.049537 0.016927
0 0.554398 0.309505 0.030093 0.027865
0 0.457639 0.095964 0.068056 0.012240
0 0.453009 0.168880 0.068056 0.012240
0 0.391204 0.135677 0.027778 0.029167
0 0.825694 0.508724 0.026389 0.030469
0 0.450231 0.582943 0.062500 0.012240
0 0.470833 0.377214 0.060185 0.012240
0 0.568750 0.097266 0.049537 0.014844
0 0.147454 0.387630 0.058796 0.012240
0 0.614583 0.330339 0.057870 0.012240
0 0.601157 0.595703 0.021759 0.032552
0 0.906713 0.657161 0.021759 0.030469
0 0.297917 0.093359 0.054167 0.012240
0 0.293287 0.288672 0.017130 0.038281
0 0.730787 0.513932 0.068056 0.009635
0 0.392361 0.745703 0.067130 0.009635
0 0.523148 0.727214 0.069444 0.009115
0 0.226157 0.093099 0.021759 0.027344
0 0.542824 0.625911 0.016204 0.035677
0 0.556713 0.581380 0.016204 0.035156
0 0.703009 0.917578 0.058796 0.009635
0 0.434491 0.157161 0.058796 0.009635
0 0.693750 0.143880 0.058796 0.009115
0 0.496991 0.110286 0.017130 0.030469
0 0.126620 0.683203 0.017130 0.030469
0 0.212269 0.538672 0.040278 0.012240
0 0.735417 0.389583 0.012500 0.036979
0 0.383102 0.099870 0.020833 0.020052
0 0.991204 0.205339 0.014815 0.027865
0 0.760880 0.120703 0.035648 0.009635
0 0.895139 0.263672 0.017130 0.019531
0 0.612731 0.030599 0.026389 0.006510
0 0.665509 0.997656 0.020833 0.003125
