0 0.147454 0.799089 0.077315 0.095573
0 0.240046 0.663672 0.077315 0.090365
0 0.714583 0.905859 0.072685 0.074740
0 0.354630 0.722266 0.102778 0.035677
0 0.779398 0.623307 0.100463 0.030469
0 0.219213 0.222266 0.118981 0.025260
0 0.228472 0.485286 0.118981 0.025260
0 0.797917 0.166276 0.054167 0.053906
0 0.179861 0.407161 0.114352 0.025260
0 0.760417 0.419271 0.053241 0.049479
0 0.212269 0.336849 0.049537 0.046094
0 0.170602 0.459245 0.049537 0.046094
0 0.684491 0.170182 0.049537 0.046094
0 0.777083 0.651042 0.040278 0.049479
0 0.633565 0.175391 0.031019 0.061719
0 0.703009 0.558203 0.040278 0.046094
0 0.885880 0.888932 0.044907 0.040885
0 0.821065 0.425391 0.072685 0.025260
0 0.409028 0.251563 0.081944 0.021354
0 0.466898 0.138932 0.086574 0.020052
0 0.235417 0.264974 0.040278 0.042969
0 0.172917 0.924089 0.026389 0.064323
0 0.789815 0.689714 0.037963 0.043490
0 0.626620 0.136328 0.081944 0.020052
0 0.159028 0.391536 0.081944 0.020052
0 0.760880 0.323828 0.035648 0.046094
0 0.897454 0.566016 0.031019 0.051302
0 0.241898 0.437109 0.090278 0.017448
0 0.809491 0.201432 0.077315 0.020052
0 0.902083 0.245703 0.077315 0.020052
0 0.378472 0.835547 0.067130 0.022656
0 0.896991 0.867448 0.030093 0.050000
0 0.325694 0.878516 0.100463 0.014844
0 0.242361 0.750911 0.026389 0.056510
0 0.325231 0.806641 0.034722 0.042969
0 0.573380 0.475521 0.040278 0.036979
0 0.562500 0.154557 0.074074 0.020052
0 0.438657 0.648047 0.030093 0.048698
0 0.057176 0.930599 0.035648 0.040885
0 0.064120 0.761719 0.031019 0.046875
0 0.591898 0.185807 0.031019 0.046094
0 0.103472 0.861589 0.026389 0.053906
0 0.684491 0.297526 0.031019 0.045573
0 0.714583 0.421224 0.026389 0.053385
0 0.800231 0.787370 0.068056 0.020052
0 0.311806 0.907161 0.091204 0.014844
0 0.201852 0.519141 0.037963 0.035677
0 0.591898 0.236589 0.031019 0.043490
0 0.540972 0.301693 0.031019 0.043490
0 0.219213 0.509766 0.035648 0.037760
0 0.282870 0.668880 0.024074 0.053906
0 0.763194 0.224870 0.086574 0.014844
0 0.615046 0.914974 0.086574 0.014844
0 0.040972 0.407161 0.021759 0.056510
0 0.177083 0.418880 0.099537 0.012240
0 0.848843 0.454036 0.081944 0.014844
0 0.385880 0.896745 0.081944 0.014844
0 0.082639 0.385026 0.031019 0.038281
0 0.013194 0.903255 0.021759 0.053906
0 0.628935 0.400391 0.031019 0.037760
0 0.499769 0.123307 0.057870 0.020052
0 0.344213 0.364453 0.035648 0.032552
0 0.383565 0.240234 0.058796 0.019531
0 0.068750 0.785417 0.031019 0.036979
0 0.258102 0.527995 0.030093 0.037760
0 0.189120 0.685807 0.021759 0.051302
0 0.212269 0.383464 0.077315 0.014323
0 0.763194 0.459245 0.031019 0.035677
0 0.506250 0.825130 0.063426 0.017448
0 0.883565 0.129818 0.021759 0.048698
0 0.157870 0.214453 0.070370 0.014844
0 0.554861 0.226172 0.031019 0.033073
0 0.119676 0.132422 0.058796 0.017448
0 0.059491 0.840495 0.086574 0.011719
0 0.462269 0.423828 0.086574 0.011719
0 0.057176 0.205339 0.026389 0.038281
0 0.328009 0.253516 0.021759 0.046094
0 0.036343 0.310807 0.021759 0.046094
0 0.087269 0.286979 0.031019 0.031250
0 0.374306 0.676693 0.077315 0.012240
0 0.860417 0.838151 0.077315 0.012240
0 0.374306 0.908464 0.077315 0.012240
0 0.615046 0.248307 0.031019 0.030469
0 0.141667 0.465495 0.019444 0.048177
0 0.505093 0.267578 0.079630 0.011719
0 0.420602 0.339714 0.031019 0.029948
0 0.892824 0.424740 0.021759 0.042188
0 0.707639 0.381510 0.021759 0.041667
0 0.374306 0.404557 0.021759 0.040885
0 0.124306 0.183203 0.058796 0.014844
0 0.038657 0.640234 0.026389 0.033073
0 0.761574 0.564453 0.050926 0.016927
0 0.084954 0.488932 0.026389 0.032552
0 0.587269 0.672526 0.058796 0.014323
0 0.911343 0.685807 0.086574 0.009635
0 0.619676 0.325130 0.021759 0.038281
0 0.253935 0.502214 0.021759 0.038281
0 0.133565 0.916276 0.068056 0.012240
0 0.578009 0.127214 0.021759 0.038281
0 0.285185 0.747005 0.065741 0.012240
0 0.163657 0.237891 0.026389 0.030469
0 0.459954 0.282161 0.081944 0.009635
0 0.630787 0.792578 0.016204 0.046094
0 0.063657 0.886328 0.020833 0.035677
0 0.642361 0.469661 0.020833 0.035677
0 0.042824 0.877214 0.025463 0.027865
0 0.677083 0.405859 0.016204 0.043490
0 0.705324 0.116146 0.026389 0.026562
0 0.432176 0.321484 0.017130 0.040365
0 0.097685 0.196224 0.070370 0.009635
0 0.126620 0.601823 0.017130 0.039583
0 0.404398 0.402344 0.017130 0.039062
0 0.830324 0.810547 0.072685 0.009115
0 0.203009 0.164974 0.021759 0.030469
0 0.939120 0.409766 0.021759 0.030469
0 0.428704 0.434245 0.056481 0.011719
0 0.538657 0.517839 0.017130 0.038281
0 0.932176 0.343359 0.017130 0.038281
0 0.010880 0.741536 0.017130 0.037760
0 0.866204 0.205339 0.014815 0.043490
0 0.385880 0.318620 0.017130 0.035677
0 0.441435 0.399349 0.063426 0.009635
0 0.529398 0.458594 0.072685 0.008333
0 0.772454 0.853776 0.049537 0.012240
0 0.089583 0.589193 0.017130 0.035156
0 0.126620 0.562109 0.017130 0.033073
0 0.490046 0.230078 0.021759 0.025260
0 0.716898 0.735026 0.058796 0.009115
0 0.853009 0.473568 0.016204 0.033073
0 0.330324 0.404557 0.054167 0.009635
0 0.038194 0.813411 0.053241 0.009635
0 0.421296 0.560156 0.060185 0.008333
0 0.296759 0.278646 0.014815 0.033854
