0 0.501620 0.234635 0.156019 0.034375
0 0.917130 0.176693 0.162963 0.027865
0 0.228009 0.543880 0.062500 0.069531
0 0.436806 0.879557 0.109722 0.037760
0 0.730787 0.209245 0.132870 0.030469
0 0.369676 0.485286 0.049537 0.066927
0 0.238889 0.392839 0.047222 0.064323
0 0.902083 0.037370 0.095833 0.030469
0 0.568750 0.302995 0.114352 0.025260
0 0.219213 0.200521 0.100463 0.028646
0 0.689120 0.883464 0.114352 0.024740
0 0.807176 0.115495 0.109722 0.025260
0 0.126620 0.361589 0.044907 0.059115
0 0.630787 0.544271 0.043981 0.059896
0 0.339583 0.890234 0.109722 0.022656
0 0.325694 0.851172 0.081944 0.027865
0 0.784028 0.226172 0.100463 0.022656
0 0.483102 0.858724 0.081944 0.027344
0 0.326852 0.367448 0.037963 0.055208
0 0.124306 0.633724 0.031019 0.066927
0 0.700694 0.125911 0.044907 0.046094
0 0.395139 0.691016 0.081944 0.025260
0 0.219213 0.887630 0.091204 0.022656
0 0.233102 0.645443 0.091204 0.022656
0 0.233102 0.711198 0.044907 0.044792
0 0.552546 0.177344 0.035648 0.055208
0 0.675231 0.655859 0.086574 0.022656
0 0.424769 0.385026 0.039352 0.048698
0 0.240046 0.506120 0.040278 0.046094
0 0.353472 0.247005 0.081944 0.022656
0 0.378935 0.543880 0.031019 0.059115
0 0.883565 0.382422 0.031019 0.059115
0 0.149769 0.316016 0.072685 0.025260
0 0.186806 0.456641 0.044907 0.040885
0 0.315278 0.645182 0.107407 0.016927
0 0.344213 0.143880 0.091204 0.019531
0 0.293287 0.879818 0.100463 0.017448
0 0.907870 0.519792 0.042593 0.039583
0 0.693750 0.819922 0.095833 0.017448
0 0.451852 0.579036 0.112037 0.014844
0 0.906713 0.576432 0.040278 0.040885
0 0.466435 0.246745 0.094907 0.016927
0 0.381250 0.349219 0.035648 0.044792
0 0.847685 0.090755 0.070370 0.022656
0 0.332176 0.477214 0.039352 0.040365
0 0.242361 0.530599 0.035648 0.042969
0 0.753935 0.200130 0.086574 0.017448
0 0.457639 0.887370 0.068056 0.022135
0 0.550231 0.228516 0.068056 0.022135
0 0.986574 0.498307 0.024074 0.061719
0 0.466435 0.551693 0.030093 0.048698
0 0.649769 0.719401 0.035648 0.040365
0 0.492361 0.348568 0.081944 0.017448
0 0.659722 0.793620 0.083333 0.016927
0 0.848843 0.788672 0.035648 0.038281
0 0.081481 0.670182 0.037963 0.035677
0 0.117361 0.689453 0.035648 0.037760
0 0.605787 0.167578 0.086574 0.014844
0 0.510880 0.412370 0.035648 0.035677
0 0.230787 0.300391 0.031019 0.040885
0 0.362731 0.284766 0.081944 0.014844
0 0.808333 0.168229 0.075000 0.016146
0 0.339120 0.164974 0.081019 0.014844
0 0.126620 0.549740 0.026389 0.044792
0 0.222685 0.659505 0.033333 0.035156
0 0.198380 0.147786 0.021759 0.053385
0 0.205324 0.812109 0.026389 0.043490
0 0.355787 0.261328 0.077315 0.014844
0 0.131250 0.135026 0.026389 0.043490
0 0.464583 0.286719 0.081944 0.013542
0 0.383565 0.477214 0.021759 0.050781
0 0.630787 0.080339 0.090278 0.012240
0 0.545602 0.339453 0.031019 0.035677
0 0.957639 0.388932 0.031019 0.035677
0 0.981944 0.697526 0.033333 0.033073
0 0.403935 0.778255 0.062500 0.017448
0 0.191435 0.110286 0.072685 0.014844
0 0.959954 0.316016 0.026389 0.040885
0 0.876620 0.920182 0.072685 0.014844
0 0.786343 0.791276 0.086574 0.012240
0 0.986574 0.298828 0.024074 0.042969
0 0.404398 0.241536 0.026389 0.037760
0 0.478009 0.752214 0.025463 0.038281
0 0.793287 0.076432 0.100463 0.009635
0 0.665972 0.204427 0.031019 0.031250
0 0.228472 0.167969 0.026389 0.036458
0 0.883565 0.733333 0.058796 0.016146
0 0.253935 0.166016 0.021759 0.042969
0 0.777083 0.339193 0.031019 0.029948
0 0.142824 0.224870 0.021759 0.040885
0 0.802546 0.158464 0.072685 0.012240
0 0.445602 0.205339 0.071759 0.012240
0 0.959954 0.265234 0.026389 0.033073
0 0.561806 0.330339 0.026389 0.033073
0 0.084954 0.577734 0.026389 0.033073
0 0.807176 0.389974 0.026389 0.032552
0 0.113889 0.202734 0.019444 0.043490
0 0.487731 0.321875 0.026389 0.031771
0 0.672917 0.613542 0.026389 0.031771
0 0.465741 0.129818 0.028704 0.027865
0 0.339583 0.813411 0.017130 0.046094
0 0.135880 0.690365 0.026389 0.029167
0 0.952546 0.125911 0.020833 0.035677
0 0.753935 0.137630 0.058796 0.012240
0 0.615046 0.348568 0.021759 0.033073
0 0.652083 0.095964 0.058796 0.012240
0 0.554861 0.365234 0.077315 0.009115
0 0.381250 0.899349 0.072685 0.009635
0 0.802546 0.500911 0.044907 0.014844
0 0.279398 0.539974 0.063426 0.009635
0 0.986574 0.329036 0.024074 0.025260
0 0.723380 0.722266 0.016204 0.035677
0 0.452546 0.083984 0.057870 0.009115
0 0.936806 0.248307 0.054167 0.009635
0 0.487731 0.360286 0.054167 0.009635
0 0.161343 0.616797 0.012500 0.038281
0 0.442593 0.657161 0.047222 0.009635
0 0.328704 0.184505 0.060185 0.007031
0 0.938657 0.269141 0.011574 0.035677
0 0.612731 0.030859 0.026389 0.007031
0 0.765509 0.996354 0.026389 0.005729
0 0.662500 0.997656 0.024074 0.003125
