0 0.889352 0.025651 0.218519 0.043490
0 0.403935 0.497005 0.182870 0.048698
0 0.290972 0.776953 0.058796 0.087760
0 0.135880 0.181641 0.063426 0.069010
0 0.913657 0.771745 0.063426 0.061719
0 0.101157 0.758724 0.132870 0.025260
0 0.483102 0.398047 0.054167 0.059115
0 0.402083 0.780859 0.095833 0.033073
0 0.527083 0.756120 0.123611 0.025260
0 0.696065 0.101172 0.137500 0.022656
0 0.045602 0.565755 0.040278 0.076823
0 0.200694 0.592057 0.118981 0.025260
0 0.610417 0.136328 0.114352 0.025260
0 0.334491 0.875911 0.108796 0.025260
0 0.189120 0.577734 0.095833 0.027865
0 0.142824 0.331380 0.086574 0.029948
0 0.524306 0.164974 0.034722 0.072135
0 0.727315 0.228776 0.088889 0.027865
0 0.369676 0.684505 0.086574 0.027865
0 0.325694 0.907161 0.044907 0.051302
0 0.228472 0.243099 0.091204 0.025260
0 0.311806 0.271484 0.044907 0.050781
0 0.681019 0.332943 0.098148 0.022656
0 0.619676 0.148047 0.095833 0.022656
0 0.105787 0.492057 0.040278 0.053385
0 0.457639 0.160807 0.095833 0.022135
0 0.068750 0.628516 0.040278 0.051302
0 0.476157 0.696224 0.040278 0.051302
0 0.050231 0.319922 0.031019 0.064323
0 0.464120 0.881120 0.034722 0.056510
0 0.277083 0.312109 0.086574 0.022656
0 0.626620 0.233724 0.044907 0.042969
0 0.758565 0.870443 0.095833 0.019531
0 0.860417 0.736589 0.105093 0.017448
0 0.649769 0.276953 0.044907 0.040885
0 0.668287 0.664974 0.072685 0.025260
0 0.797917 0.291276 0.100463 0.017448
0 0.902083 0.806901 0.095833 0.017448
0 0.200694 0.257422 0.072685 0.022656
0 0.344213 0.274349 0.035648 0.046094
0 0.839583 0.756120 0.109722 0.014844
0 0.591898 0.209245 0.031019 0.051302
0 0.255787 0.706380 0.081019 0.019531
0 0.911343 0.217057 0.077315 0.020052
0 0.925231 0.783464 0.040278 0.038281
0 0.082639 0.720964 0.086574 0.017448
0 0.446065 0.326172 0.026389 0.055990
0 0.343056 0.843359 0.033333 0.043490
0 0.260880 0.754818 0.081944 0.017448
0 0.156713 0.175391 0.031019 0.046094
0 0.205324 0.744401 0.035648 0.038281
0 0.589583 0.780859 0.035648 0.038281
0 0.175231 0.308203 0.021759 0.061719
0 0.304398 0.829036 0.067130 0.020052
0 0.242361 0.133724 0.063426 0.020052
0 0.289815 0.220703 0.075000 0.016927
0 0.663657 0.245052 0.035648 0.034375
0 0.459954 0.513932 0.081944 0.014844
0 0.407870 0.755469 0.063889 0.018750
0 0.175231 0.773047 0.095833 0.012240
0 0.094213 0.514974 0.035648 0.032552
0 0.307176 0.908464 0.026389 0.043490
0 0.300231 0.852474 0.077315 0.014844
0 0.050231 0.162370 0.077315 0.014844
0 0.878935 0.113542 0.031019 0.036979
0 0.596528 0.917188 0.031019 0.036458
0 0.272454 0.180599 0.031019 0.035677
0 0.746991 0.924089 0.063426 0.017448
0 0.841898 0.217057 0.031019 0.035677
0 0.066435 0.888932 0.026389 0.040885
0 0.311806 0.636328 0.072685 0.014844
0 0.635880 0.133724 0.072685 0.014844
0 0.911343 0.843359 0.021759 0.048698
0 0.924769 0.184505 0.085648 0.012240
0 0.268981 0.249609 0.024074 0.043490
0 0.258565 0.395443 0.031019 0.033073
0 0.096528 0.681901 0.031019 0.033073
0 0.735417 0.098568 0.058796 0.017448
0 0.476157 0.138932 0.068056 0.014844
0 0.547917 0.744401 0.081944 0.012240
0 0.756250 0.119401 0.081944 0.012240
0 0.439120 0.821224 0.021759 0.046094
0 0.358102 0.820573 0.072685 0.013542
0 0.844213 0.321224 0.017130 0.056510
0 0.647454 0.752214 0.021759 0.043490
0 0.670602 0.106380 0.077315 0.012240
0 0.161343 0.752214 0.077315 0.012240
0 0.529398 0.568620 0.026389 0.035677
0 0.223843 0.301693 0.017130 0.053906
0 0.037500 0.773047 0.051852 0.017448
0 0.038657 0.223568 0.072685 0.012240
0 0.457639 0.917578 0.021759 0.040885
0 0.503935 0.792318 0.095833 0.009115
0 0.050231 0.203776 0.095833 0.009115
0 0.828009 0.118099 0.058796 0.014844
0 0.645139 0.311849 0.026389 0.032552
0 0.024769 0.366536 0.026389 0.032552
0 0.925231 0.283464 0.021759 0.038281
0 0.163657 0.151953 0.026389 0.030469
0 0.450694 0.862891 0.026389 0.030469
0 0.117361 0.433203 0.026389 0.030469
0 0.746528 0.132422 0.062500 0.012240
0 0.830324 0.335938 0.026389 0.028646
0 0.867361 0.314714 0.017130 0.043490
0 0.175231 0.230078 0.077315 0.009635
0 0.214583 0.158724 0.017130 0.042969
0 0.621991 0.120703 0.072685 0.009635
0 0.862731 0.224870 0.017130 0.040885
0 0.133565 0.108073 0.021759 0.031250
0 0.680556 0.219661 0.069444 0.009635
0 0.445602 0.209245 0.016204 0.040885
0 0.668287 0.206380 0.072685 0.009115
0 0.103472 0.661068 0.017130 0.038281
0 0.034028 0.546224 0.017130 0.037760
0 0.108102 0.116146 0.017130 0.036979
0 0.453009 0.236328 0.021759 0.027344
0 0.461111 0.809505 0.047222 0.012240
0 0.749306 0.310807 0.058796 0.009635
0 0.226157 0.849870 0.021759 0.025260
0 0.061806 0.227474 0.054167 0.009635
0 0.946065 0.857682 0.017130 0.030469
0 0.066435 0.498307 0.017130 0.030469
0 0.776620 0.184505 0.020833 0.022656
0 0.091898 0.378516 0.012500 0.025260
