0 0.459954 0.138932 0.118981 0.040885
0 0.451852 0.588542 0.065741 0.070312
0 0.478472 0.312760 0.128241 0.034375
0 0.650926 0.847266 0.065741 0.061719
0 0.856944 0.232682 0.061111 0.056510
0 0.050231 0.543880 0.040278 0.079948
0 0.554861 0.207943 0.114352 0.027865
0 0.351157 0.598568 0.040278 0.069531
0 0.339583 0.211849 0.091204 0.030469
0 0.932176 0.325130 0.035648 0.074740
0 0.480324 0.215495 0.094907 0.027344
0 0.707639 0.485286 0.049537 0.046094
0 0.626620 0.707943 0.081944 0.027865
0 0.311806 0.758464 0.091204 0.024740
0 0.642824 0.500911 0.086574 0.025260
0 0.707639 0.151953 0.105093 0.020052
0 0.748843 0.233724 0.094907 0.022135
0 0.760880 0.648047 0.118981 0.017448
0 0.052546 0.771745 0.044907 0.046094
0 0.346528 0.472266 0.040278 0.051302
0 0.811343 0.379818 0.034722 0.059115
0 0.873148 0.653255 0.047222 0.043490
0 0.649306 0.554297 0.090278 0.022656
0 0.875463 0.562109 0.088889 0.022656
0 0.300694 0.799089 0.085648 0.022656
0 0.161343 0.763932 0.095833 0.020052
0 0.628935 0.680599 0.095833 0.020052
0 0.237269 0.158464 0.043981 0.043490
0 0.589583 0.559245 0.035648 0.053385
0 0.414352 0.869401 0.083333 0.022656
0 0.293981 0.459245 0.074074 0.025260
0 0.807176 0.745703 0.035648 0.051302
0 0.682870 0.614193 0.037037 0.048698
0 0.293287 0.742839 0.072685 0.024740
0 0.330324 0.544531 0.035648 0.050000
0 0.522454 0.804297 0.077315 0.022656
0 0.792130 0.904557 0.042593 0.040885
0 0.265509 0.674089 0.035648 0.048698
0 0.216435 0.858984 0.076389 0.022656
0 0.256250 0.635026 0.072685 0.022656
0 0.925231 0.615495 0.040278 0.040885
0 0.172917 0.484635 0.035648 0.044792
0 0.851157 0.308203 0.031019 0.051302
0 0.159028 0.751563 0.072685 0.021354
0 0.064120 0.148047 0.040278 0.038281
0 0.564120 0.174089 0.068056 0.022656
0 0.476157 0.098568 0.068056 0.022656
0 0.455324 0.673828 0.035648 0.042969
0 0.364583 0.707943 0.067130 0.022656
0 0.141667 0.168229 0.028704 0.052604
0 0.811343 0.801693 0.025463 0.059115
0 0.348843 0.347266 0.072685 0.020052
0 0.797917 0.860286 0.035648 0.040885
0 0.233102 0.261328 0.072685 0.020052
0 0.562500 0.845964 0.083333 0.017448
0 0.280093 0.541276 0.083333 0.017448
0 0.317130 0.486198 0.037037 0.039062
0 0.696065 0.757422 0.081944 0.017448
0 0.457639 0.112891 0.095833 0.014844
0 0.934028 0.381120 0.039352 0.035677
0 0.303704 0.392839 0.028704 0.048698
0 0.392824 0.171224 0.021759 0.063802
0 0.836111 0.112891 0.093519 0.014844
0 0.277083 0.352474 0.068056 0.020052
0 0.904398 0.447526 0.035648 0.038281
0 0.730787 0.124609 0.077315 0.017448
0 0.211111 0.821224 0.065741 0.020052
0 0.193750 0.153255 0.021759 0.059115
0 0.744676 0.720964 0.021759 0.059115
0 0.409028 0.413411 0.026389 0.048177
0 0.890509 0.097266 0.063426 0.020052
0 0.117361 0.829036 0.063426 0.020052
0 0.645139 0.661068 0.072685 0.017448
0 0.491204 0.832682 0.033333 0.037760
0 0.529398 0.795182 0.081944 0.014844
0 0.237731 0.344661 0.026389 0.046094
0 0.425231 0.814714 0.068056 0.017448
0 0.888194 0.322526 0.021759 0.053906
0 0.383565 0.716797 0.058796 0.019531
0 0.191435 0.491536 0.026389 0.042969
0 0.920602 0.651693 0.077315 0.014323
0 0.580324 0.115495 0.026389 0.040885
0 0.149769 0.447266 0.063426 0.016927
0 0.690972 0.779557 0.071759 0.014844
0 0.203009 0.726172 0.086574 0.012240
0 0.457639 0.804297 0.086574 0.012240
0 0.258565 0.801693 0.086574 0.012240
0 0.358102 0.323177 0.054167 0.018750
0 0.934491 0.107682 0.068056 0.014844
0 0.825694 0.322526 0.026389 0.038281
0 0.373843 0.780599 0.020833 0.048177
0 0.679861 0.653255 0.021759 0.043490
0 0.851157 0.340755 0.021759 0.043490
0 0.415972 0.664974 0.031019 0.030469
0 0.608102 0.778255 0.054167 0.017448
0 0.788657 0.313411 0.026389 0.035677
0 0.290972 0.625651 0.031019 0.029948
0 0.343750 0.372005 0.053241 0.017448
0 0.591898 0.639974 0.077315 0.011719
0 0.040509 0.525651 0.020833 0.043490
0 0.682176 0.122005 0.072685 0.012240
0 0.682176 0.873307 0.017130 0.051302
0 0.545602 0.737630 0.021759 0.040365
0 0.270139 0.582943 0.026389 0.033073
0 0.648611 0.797786 0.024074 0.035677
0 0.316435 0.332682 0.026389 0.032552
0 0.328009 0.661068 0.068056 0.012240
0 0.932176 0.852474 0.017130 0.046094
0 0.302546 0.560807 0.017130 0.046094
0 0.348380 0.287370 0.081019 0.009635
0 0.728472 0.090755 0.063426 0.012240
0 0.686806 0.580339 0.017130 0.043490
0 0.904398 0.207682 0.063426 0.011719
0 0.545602 0.567318 0.021759 0.033073
0 0.578009 0.819922 0.058796 0.012240
0 0.933333 0.420182 0.019444 0.035677
0 0.769676 0.553646 0.062500 0.010937
0 0.857639 0.797786 0.016204 0.040885
0 0.927546 0.689714 0.054167 0.012240
0 0.740046 0.802995 0.021759 0.030469
0 0.427546 0.606380 0.017130 0.038281
0 0.744676 0.912370 0.068056 0.009635
0 0.853472 0.398047 0.017130 0.038281
0 0.709491 0.866797 0.053241 0.012240
0 0.388194 0.455990 0.021759 0.029167
0 0.487731 0.417578 0.017130 0.035677
0 0.988889 0.159375 0.019444 0.031250
0 0.355787 0.736589 0.049537 0.012240
0 0.897454 0.556901 0.021759 0.027865
0 0.774769 0.099609 0.017130 0.035156
0 0.837269 0.699870 0.021759 0.027344
0 0.348843 0.117448 0.017130 0.034375
0 0.802083 0.592057 0.016204 0.035677
0 0.652083 0.206641 0.058796 0.009635
0 0.746991 0.502214 0.017130 0.033073
0 0.473843 0.489193 0.017130 0.033073
0 0.642361 0.629167 0.020833 0.026562
0 0.860417 0.256120 0.021759 0.025260
0 0.507407 0.816016 0.056481 0.009635
0 0.288657 0.240495 0.017130 0.030469
0 0.552546 0.605078 0.017130 0.030469
0 0.744676 0.683203 0.049537 0.009635
0 0.693750 0.422786 0.049537 0.009635
0 0.510880 0.494401 0.063426 0.007031
0 0.596528 0.576432 0.021759 0.020052
0 0.821065 0.864193 0.035648 0.012240
0 0.080324 0.636328 0.044907 0.009635
0 0.381250 0.493099 0.017130 0.025260
0 0.270139 0.326432 0.044907 0.009635
0 0.355787 0.692318 0.049537 0.007031
