0 0.169444 0.529557 0.065741 0.087760
0 0.779398 0.258464 0.063426 0.066406
0 0.457639 0.458984 0.105093 0.035156
0 0.728472 0.416276 0.109722 0.033073
0 0.716898 0.151953 0.058796 0.061719
0 0.038657 0.543880 0.035648 0.100781
0 0.357639 0.546484 0.099537 0.033073
0 0.528241 0.161068 0.116667 0.027865
0 0.828009 0.157161 0.105093 0.030469
0 0.554398 0.140234 0.104167 0.027865
0 0.112731 0.417578 0.044907 0.061719
0 0.112731 0.163672 0.044907 0.059115
0 0.866898 0.270443 0.034722 0.074740
0 0.464583 0.507422 0.091204 0.027865
0 0.487731 0.707682 0.091204 0.027344
0 0.672917 0.749609 0.109722 0.022656
0 0.404398 0.723568 0.109722 0.022656
0 0.212269 0.141536 0.095833 0.025260
0 0.689120 0.476172 0.049537 0.048698
0 0.822917 0.736589 0.048611 0.048698
0 0.434028 0.512630 0.104167 0.022656
0 0.571065 0.456641 0.091204 0.025260
0 0.499306 0.662370 0.086574 0.025260
0 0.675231 0.437109 0.040278 0.053906
0 0.258102 0.899349 0.085648 0.025260
0 0.043287 0.597266 0.044907 0.046094
0 0.278935 0.537370 0.043981 0.046094
0 0.246991 0.599609 0.035648 0.055990
0 0.860417 0.133724 0.095833 0.020052
0 0.154398 0.546484 0.035648 0.053906
0 0.358102 0.429297 0.109722 0.017448
0 0.228472 0.769141 0.044907 0.040885
0 0.770139 0.162109 0.091204 0.019531
0 0.196065 0.581641 0.026389 0.066927
0 0.626620 0.197526 0.100463 0.017448
0 0.661343 0.619401 0.040278 0.043490
0 0.624306 0.700130 0.077315 0.022656
0 0.700694 0.132422 0.026389 0.064323
0 0.332639 0.190755 0.086574 0.019531
0 0.103472 0.554036 0.026389 0.063802
0 0.786343 0.719661 0.031019 0.051302
0 0.130787 0.348307 0.071759 0.022135
0 0.888194 0.108984 0.040278 0.038281
0 0.703009 0.770443 0.068056 0.022656
0 0.610417 0.447266 0.040278 0.037760
0 0.682176 0.670182 0.100463 0.014844
0 0.390046 0.633724 0.071759 0.020052
0 0.163657 0.144401 0.035648 0.040365
0 0.296759 0.400000 0.088889 0.016146
0 0.545602 0.576432 0.031019 0.046094
0 0.249306 0.133724 0.095833 0.014844
0 0.897454 0.480078 0.095833 0.014844
0 0.258565 0.330339 0.021759 0.064323
0 0.330324 0.387370 0.063426 0.022135
0 0.957176 0.649349 0.020833 0.066927
0 0.184028 0.503516 0.039352 0.035677
0 0.922917 0.697526 0.035648 0.038281
0 0.082639 0.819922 0.031019 0.043490
0 0.434028 0.401693 0.067130 0.019531
0 0.677546 0.564714 0.026389 0.048698
0 0.337963 0.587500 0.078704 0.016146
0 0.478472 0.862891 0.063426 0.020052
0 0.733102 0.270443 0.072685 0.017448
0 0.054861 0.688411 0.031019 0.040885
0 0.274769 0.281901 0.035648 0.035156
0 0.640509 0.146484 0.035648 0.035156
0 0.860417 0.383724 0.021759 0.056510
0 0.883565 0.560807 0.021759 0.056510
0 0.501620 0.576432 0.026389 0.046094
0 0.385880 0.493099 0.081944 0.014844
0 0.508565 0.551693 0.068056 0.017448
0 0.147454 0.752214 0.031019 0.038281
0 0.485417 0.760026 0.031019 0.038281
0 0.552546 0.528255 0.035648 0.033073
0 0.561806 0.815755 0.081944 0.014323
0 0.432176 0.551432 0.035648 0.032552
0 0.732639 0.187109 0.034722 0.033073
0 0.832639 0.441016 0.021759 0.051302
0 0.190278 0.284766 0.024074 0.046094
0 0.802083 0.598568 0.090278 0.012240
0 0.082639 0.881120 0.031019 0.035677
0 0.518981 0.465755 0.033333 0.033073
0 0.075694 0.141536 0.026389 0.040885
0 0.353472 0.329036 0.072685 0.014844
0 0.524306 0.899349 0.071759 0.014844
0 0.341898 0.770443 0.021759 0.048698
0 0.832639 0.791276 0.086574 0.012240
0 0.309491 0.569922 0.086574 0.012240
0 0.934491 0.119401 0.031019 0.033073
0 0.307176 0.361589 0.026389 0.038281
0 0.903935 0.685156 0.025463 0.039583
0 0.096528 0.149349 0.021759 0.046094
0 0.610417 0.759766 0.058796 0.016927
0 0.660880 0.226172 0.030093 0.033073
0 0.575231 0.876563 0.090278 0.010937
0 0.466435 0.776953 0.020833 0.046094
0 0.370833 0.142839 0.028704 0.033073
0 0.411343 0.189714 0.077315 0.012240
0 0.654398 0.477474 0.026389 0.035677
0 0.550231 0.910807 0.077315 0.011719
0 0.869676 0.168620 0.077315 0.011719
0 0.047454 0.636068 0.062500 0.014323
0 0.520139 0.124609 0.072685 0.012240
0 0.464583 0.668880 0.072685 0.012240
0 0.737731 0.796484 0.072685 0.012240
0 0.186806 0.325130 0.072685 0.012240
0 0.624306 0.675391 0.021759 0.040885
0 0.927083 0.155599 0.071759 0.011719
0 0.934491 0.194922 0.068056 0.012240
0 0.415509 0.221615 0.020833 0.039583
0 0.471065 0.474219 0.020833 0.039583
0 0.571065 0.487891 0.017130 0.046094
0 0.307176 0.510026 0.063426 0.012240
0 0.848843 0.676693 0.063426 0.012240
0 0.140509 0.111589 0.063426 0.012240
0 0.911343 0.891536 0.021759 0.035677
0 0.732639 0.480078 0.025463 0.030469
0 0.095370 0.213802 0.056481 0.013542
0 0.561806 0.747005 0.017130 0.043490
0 0.163657 0.658464 0.017130 0.043490
0 0.316435 0.762630 0.017130 0.043490
0 0.804861 0.106380 0.021759 0.033073
0 0.689120 0.925130 0.077315 0.009115
0 0.946065 0.779557 0.017130 0.040885
0 0.406713 0.593099 0.058796 0.011719
0 0.524769 0.523698 0.017130 0.039583
0 0.094213 0.750911 0.026389 0.025260
0 0.552546 0.111589 0.017130 0.038281
0 0.784028 0.189714 0.017130 0.038281
0 0.941435 0.580339 0.017130 0.038281
0 0.116898 0.469661 0.043981 0.014844
0 0.328009 0.237240 0.021759 0.029167
0 0.339583 0.209245 0.063426 0.009635
0 0.126620 0.295182 0.063426 0.009635
0 0.471528 0.327734 0.049537 0.012240
0 0.087269 0.314714 0.021759 0.027865
0 0.628935 0.569922 0.021759 0.027865
0 0.246528 0.920182 0.062500 0.009635
0 0.809491 0.886328 0.058796 0.009635
0 0.520139 0.575130 0.017130 0.033073
0 0.878935 0.318620 0.021759 0.025260
0 0.591898 0.542318 0.021759 0.024740
0 0.353472 0.816016 0.054167 0.009635
0 0.328009 0.584245 0.049537 0.009635
0 0.105787 0.326432 0.012500 0.030469
0 0.582639 0.101172 0.049537 0.007031
0 0.547917 0.440365 0.017130 0.018750
