0 0.209954 0.467057 0.063426 0.066927
0 0.540972 0.605729 0.151389 0.026562
0 0.090741 0.443620 0.112037 0.030469
0 0.119213 0.770443 0.048611 0.064323
0 0.686806 0.213151 0.044907 0.069531
0 0.440278 0.353776 0.135185 0.022656
0 0.410185 0.894141 0.139815 0.020052
0 0.429861 0.789714 0.049537 0.055990
0 0.526620 0.444922 0.094907 0.027865
0 0.391667 0.567318 0.093519 0.027865
0 0.487269 0.226172 0.053241 0.048698
0 0.251620 0.843359 0.091204 0.027865
0 0.716898 0.528255 0.049537 0.048698
0 0.598843 0.321224 0.044907 0.051302
0 0.388194 0.662109 0.040278 0.055990
0 0.052546 0.580729 0.044907 0.049479
0 0.319907 0.444922 0.079630 0.027865
0 0.061806 0.851823 0.091204 0.023958
0 0.168287 0.224870 0.044907 0.046094
0 0.181713 0.252214 0.090278 0.022656
0 0.446065 0.451432 0.100463 0.020052
0 0.277778 0.416276 0.087963 0.022656
0 0.365046 0.792578 0.040278 0.048698
0 0.249306 0.372005 0.040278 0.048698
0 0.807176 0.103776 0.035648 0.053906
0 0.307176 0.770443 0.035648 0.053906
0 0.705324 0.360286 0.128241 0.014844
0 0.295602 0.269792 0.040278 0.047396
0 0.929861 0.459245 0.077315 0.024219
0 0.542824 0.166276 0.081019 0.022656
0 0.631250 0.867839 0.072685 0.024740
0 0.135880 0.271484 0.072685 0.024740
0 0.547454 0.538411 0.081019 0.022135
0 0.031713 0.478776 0.040278 0.043490
0 0.786343 0.872005 0.040278 0.043490
0 0.793287 0.536068 0.035648 0.048698
0 0.253935 0.811458 0.040278 0.042188
0 0.067593 0.629818 0.075000 0.022656
0 0.499306 0.770443 0.031019 0.053906
0 0.793287 0.202734 0.072685 0.022656
0 0.547917 0.560807 0.081944 0.020052
0 0.635880 0.842057 0.035648 0.046094
0 0.936806 0.802995 0.035648 0.046094
0 0.728472 0.683203 0.109722 0.014844
0 0.232639 0.752214 0.071759 0.022656
0 0.378935 0.166927 0.040278 0.039583
0 0.065972 0.645443 0.090278 0.017448
0 0.179861 0.739193 0.040278 0.038281
0 0.360417 0.538672 0.068056 0.022656
0 0.484954 0.430599 0.076389 0.020052
0 0.536343 0.663672 0.031019 0.048698
0 0.890509 0.215104 0.035648 0.042188
0 0.683333 0.564714 0.065741 0.022656
0 0.505787 0.914974 0.099537 0.014844
0 0.422917 0.408464 0.118981 0.012240
0 0.478472 0.542578 0.072685 0.020052
0 0.741204 0.754818 0.033333 0.043490
0 0.450694 0.469401 0.100463 0.014323
0 0.603472 0.753255 0.100463 0.014323
0 0.757407 0.251953 0.037963 0.037760
0 0.071065 0.148047 0.081944 0.017448
0 0.841898 0.443620 0.031019 0.046094
0 0.128935 0.618099 0.031019 0.046094
0 0.937500 0.295182 0.027778 0.051302
0 0.522454 0.875651 0.031019 0.045573
0 0.503935 0.309505 0.021759 0.064323
0 0.696065 0.335286 0.063426 0.022135
0 0.284028 0.184245 0.063426 0.022135
0 0.645833 0.225911 0.037037 0.037760
0 0.503935 0.847266 0.068056 0.020052
0 0.223843 0.825130 0.035648 0.038281
0 0.665972 0.115495 0.068056 0.020052
0 0.074537 0.792578 0.033333 0.040885
0 0.154398 0.141536 0.091204 0.014844
0 0.587269 0.252214 0.031019 0.043490
0 0.668287 0.463151 0.109722 0.012240
0 0.462269 0.369401 0.105093 0.012240
0 0.321065 0.844661 0.035648 0.035677
0 0.520139 0.826432 0.035648 0.035677
0 0.735417 0.610286 0.031019 0.040885
0 0.288657 0.391536 0.026389 0.046094
0 0.459954 0.485286 0.081944 0.014844
0 0.167130 0.261068 0.061111 0.019531
0 0.610417 0.210547 0.031019 0.038281
0 0.369676 0.331641 0.058796 0.020052
0 0.598843 0.153255 0.035648 0.033073
0 0.105787 0.335286 0.031019 0.037760
0 0.869676 0.881120 0.077315 0.014844
0 0.675231 0.654557 0.077315 0.014844
0 0.830324 0.551693 0.026389 0.043490
0 0.528241 0.590755 0.088889 0.012240
0 0.246991 0.435807 0.072685 0.014844
0 0.358102 0.829036 0.026389 0.040885
0 0.645139 0.539714 0.026389 0.040365
0 0.194907 0.306901 0.061111 0.017448
0 0.391667 0.496354 0.028704 0.036979
0 0.809491 0.528255 0.031019 0.033073
0 0.453009 0.529557 0.068056 0.014844
0 0.524306 0.135026 0.081019 0.012240
0 0.289815 0.705339 0.028704 0.033073
0 0.647454 0.155859 0.077315 0.012240
0 0.506250 0.804297 0.054167 0.017448
0 0.682176 0.594661 0.063426 0.014844
0 0.480787 0.142578 0.077315 0.011719
0 0.463426 0.878516 0.061111 0.014844
0 0.568750 0.704036 0.021759 0.040885
0 0.918287 0.111589 0.072685 0.012240
0 0.362731 0.671484 0.072685 0.012240
0 0.638889 0.525651 0.023148 0.038281
0 0.619676 0.092057 0.058796 0.014844
0 0.378935 0.138932 0.058796 0.014844
0 0.723843 0.866797 0.026389 0.033073
0 0.413657 0.108724 0.072685 0.011719
0 0.775463 0.263932 0.027778 0.030469
0 0.276620 0.163672 0.030093 0.027865
0 0.124306 0.286068 0.068056 0.012240
0 0.610417 0.455339 0.068056 0.012240
0 0.828009 0.098568 0.021759 0.038281
0 0.464583 0.648958 0.026389 0.031250
0 0.862731 0.829036 0.054167 0.014844
0 0.177546 0.201432 0.054167 0.014844
0 0.538657 0.302995 0.026389 0.030469
0 0.471528 0.992448 0.058796 0.013542
0 0.742361 0.526953 0.017130 0.046094
0 0.246991 0.317969 0.017130 0.044792
0 0.337269 0.170182 0.077315 0.009635
0 0.346528 0.135026 0.058796 0.012240
0 0.091898 0.343359 0.021759 0.033073
0 0.186806 0.623307 0.017130 0.040885
0 0.413657 0.675391 0.017130 0.040885
0 0.552546 0.782161 0.072685 0.009635
0 0.892361 0.247005 0.020833 0.033073
0 0.365046 0.099870 0.068056 0.009635
0 0.237731 0.115234 0.026389 0.024740
0 0.542824 0.101172 0.053241 0.012240
0 0.665509 0.097266 0.067130 0.009635
0 0.213426 0.653255 0.014815 0.043490
0 0.043287 0.349609 0.017130 0.035156
0 0.334954 0.810156 0.017130 0.034375
0 0.218750 0.219401 0.016204 0.035156
0 0.346528 0.118099 0.058796 0.009635
0 0.359954 0.149349 0.057870 0.009635
0 0.207176 0.331641 0.057870 0.009635
0 0.751620 0.298828 0.017130 0.032552
0 0.288657 0.552995 0.054167 0.009635
0 0.431713 0.519141 0.053241 0.009635
0 0.117361 0.471615 0.017130 0.023958
0 0.061806 0.132422 0.017130 0.022656
0 0.587269 0.770182 0.058796 0.006510
0 0.337269 0.919922 0.040278 0.009115
