0 0.221528 0.816667 0.086574 0.089063
0 0.735417 0.879818 0.058796 0.064323
0 0.547917 0.603776 0.054167 0.069531
0 0.260880 0.344010 0.100463 0.034375
0 0.140046 0.713802 0.053241 0.060417
0 0.238889 0.521745 0.037963 0.077344
0 0.841898 0.344661 0.095833 0.030469
0 0.911343 0.818620 0.114352 0.025260
0 0.760880 0.763281 0.091204 0.029167
0 0.154398 0.262630 0.044907 0.053906
0 0.774769 0.635677 0.035648 0.065625
0 0.200694 0.925391 0.091204 0.025260
0 0.626620 0.211849 0.091204 0.025260
0 0.196065 0.442057 0.100463 0.022135
0 0.402083 0.869401 0.040278 0.053906
0 0.059491 0.437109 0.040278 0.053906
0 0.909028 0.888672 0.109722 0.019531
0 0.790509 0.523698 0.113426 0.018750
0 0.320602 0.272396 0.043981 0.047396
0 0.061343 0.558594 0.043981 0.046875
0 0.255787 0.642839 0.090278 0.022656
0 0.584954 0.747005 0.044907 0.043490
0 0.348843 0.924089 0.044907 0.043490
0 0.409028 0.694271 0.118981 0.016146
0 0.131250 0.879818 0.081944 0.022656
0 0.834954 0.506120 0.035648 0.051302
0 0.543287 0.508724 0.035648 0.051302
0 0.251157 0.318620 0.043981 0.040885
0 0.647454 0.510026 0.040278 0.043490
0 0.378935 0.431901 0.077315 0.022656
0 0.765509 0.376953 0.035648 0.048177
0 0.405556 0.317318 0.037963 0.043490
0 0.036343 0.805599 0.040278 0.040885
0 0.057176 0.757422 0.072685 0.022656
0 0.714583 0.472266 0.035648 0.046094
0 0.862731 0.592057 0.035648 0.046094
0 0.297917 0.401302 0.035648 0.044792
0 0.209954 0.608984 0.035648 0.043490
0 0.034028 0.541276 0.035648 0.043490
0 0.885880 0.608984 0.035648 0.043490
0 0.624306 0.808203 0.077315 0.020052
0 0.050231 0.689714 0.068056 0.022656
0 0.527083 0.804297 0.068056 0.022656
0 0.832176 0.847266 0.076389 0.020052
0 0.929861 0.858724 0.040278 0.037760
0 0.600694 0.577734 0.039352 0.038281
0 0.411343 0.644792 0.031019 0.047396
0 0.455324 0.698568 0.100463 0.014323
0 0.432176 0.786068 0.081944 0.017448
0 0.307176 0.218359 0.081944 0.017448
0 0.244213 0.696224 0.020833 0.066927
0 0.222685 0.286068 0.079630 0.017448
0 0.941435 0.179297 0.035648 0.038281
0 0.193750 0.253516 0.068056 0.020052
0 0.885880 0.439714 0.035648 0.038281
0 0.163657 0.901953 0.091204 0.014844
0 0.112731 0.914974 0.026389 0.051302
0 0.110417 0.848568 0.077315 0.017448
0 0.489583 0.586849 0.067130 0.020052
0 0.290509 0.184505 0.076389 0.017448
0 0.818750 0.379818 0.021759 0.059115
0 0.098843 0.541276 0.026389 0.048698
0 0.828009 0.128516 0.086574 0.014844
0 0.758565 0.237891 0.086574 0.014844
0 0.561806 0.814714 0.026389 0.048698
0 0.024769 0.645182 0.026389 0.048177
0 0.422917 0.482682 0.063426 0.020052
0 0.950694 0.162370 0.063426 0.020052
0 0.293287 0.822526 0.072685 0.017448
0 0.296759 0.580339 0.070370 0.017448
0 0.251620 0.756120 0.081944 0.014844
0 0.659028 0.597266 0.026389 0.046094
0 0.341898 0.231380 0.031019 0.038281
0 0.249306 0.916276 0.031019 0.038281
0 0.031713 0.858984 0.031019 0.038281
0 0.348843 0.653255 0.035648 0.033073
0 0.711111 0.227474 0.028704 0.040885
0 0.547917 0.486328 0.035648 0.032552
0 0.369676 0.842708 0.021759 0.052604
0 0.797917 0.809505 0.026389 0.043490
0 0.063657 0.726172 0.020833 0.053906
0 0.119676 0.266536 0.031019 0.035677
0 0.290972 0.364844 0.058796 0.018750
0 0.527083 0.832292 0.068056 0.016146
0 0.608102 0.847266 0.072685 0.014844
0 0.901620 0.575781 0.020833 0.050000
0 0.406713 0.674089 0.031019 0.033073
0 0.244676 0.124609 0.058796 0.017448
0 0.501620 0.777604 0.063426 0.016146
0 0.302546 0.599219 0.054167 0.018750
0 0.034028 0.903255 0.026389 0.038281
0 0.446065 0.515234 0.081944 0.012240
0 0.906713 0.164323 0.021759 0.044792
0 0.505093 0.606120 0.056481 0.016927
0 0.072917 0.310547 0.020833 0.045573
0 0.929861 0.252214 0.021759 0.043490
0 0.409028 0.937109 0.054167 0.017448
0 0.777083 0.809245 0.021759 0.042969
0 0.531250 0.533464 0.020833 0.043490
0 0.750463 0.275651 0.051852 0.017448
0 0.492361 0.541276 0.072685 0.012240
0 0.105787 0.768880 0.021759 0.040365
0 0.496991 0.736589 0.026389 0.033073
0 0.674769 0.782161 0.057870 0.014844
0 0.410185 0.332943 0.019444 0.043490
0 0.177546 0.528255 0.017130 0.048698
0 0.946065 0.702734 0.017130 0.048698
0 0.784028 0.845964 0.017130 0.048698
0 0.698380 0.504818 0.021759 0.038281
0 0.013194 0.343359 0.021759 0.038281
0 0.665972 0.770443 0.068056 0.012240
0 0.165509 0.382422 0.067130 0.012240
0 0.772454 0.426432 0.021759 0.037760
0 0.100694 0.415625 0.048611 0.016146
0 0.161343 0.855078 0.021759 0.035677
0 0.133565 0.441016 0.021759 0.035677
0 0.278935 0.438151 0.053241 0.014323
0 0.814120 0.672786 0.077315 0.009635
0 0.652083 0.250911 0.077315 0.009635
0 0.897454 0.201432 0.077315 0.009635
0 0.066435 0.777995 0.017130 0.042969
0 0.371991 0.652995 0.017130 0.042969
0 0.240741 0.111589 0.060185 0.012240
0 0.496991 0.806901 0.026389 0.027865
0 0.894676 0.362891 0.071759 0.009635
0 0.110417 0.371354 0.021759 0.031771
0 0.601157 0.817057 0.058796 0.011719
0 0.340278 0.778255 0.055556 0.012240
0 0.917130 0.224870 0.045370 0.014844
0 0.528935 0.737891 0.016204 0.040885
0 0.825231 0.511328 0.016204 0.040885
0 0.677546 0.743099 0.026389 0.025260
0 0.487731 0.210547 0.017130 0.038281
0 0.642824 0.878516 0.068056 0.009635
0 0.545602 0.219661 0.068056 0.009635
0 0.946065 0.536068 0.017130 0.038281
0 0.809491 0.253516 0.068056 0.009635
0 0.164120 0.369401 0.053241 0.012240
0 0.721528 0.448568 0.021759 0.029948
0 0.538657 0.792578 0.063426 0.009635
0 0.066435 0.504818 0.017130 0.033073
0 0.788657 0.697526 0.017130 0.033073
0 0.346528 0.581641 0.021759 0.025260
0 0.216898 0.703385 0.040278 0.013542
0 0.362731 0.232682 0.017130 0.030469
0 0.193750 0.470964 0.040278 0.012240
0 0.304861 0.289974 0.049537 0.009635
0 0.233102 0.586849 0.017130 0.020052
0 0.847685 0.858724 0.051852 0.006510
0 0.810648 0.192318 0.042593 0.007031
