0 0.330324 0.843359 0.156019 0.027865
0 0.371991 0.888932 0.118981 0.035677
0 0.571065 0.465495 0.109722 0.037760
0 0.948380 0.857682 0.058796 0.066927
0 0.698380 0.095964 0.132870 0.027865
0 0.943287 0.747005 0.057870 0.059115
0 0.156713 0.368099 0.058796 0.056510
0 0.795602 0.063151 0.049537 0.061198
0 0.756250 0.872005 0.035648 0.079948
0 0.707639 0.482031 0.114352 0.023958
0 0.522454 0.559505 0.095833 0.027865
0 0.577546 0.858984 0.048611 0.053906
0 0.149769 0.583594 0.035648 0.070833
0 0.225694 0.606380 0.039352 0.059115
0 0.909722 0.594661 0.027778 0.077344
0 0.094213 0.571224 0.044907 0.046094
0 0.175231 0.851172 0.114352 0.017448
0 0.369676 0.872656 0.105093 0.018750
0 0.358102 0.705078 0.035648 0.053385
0 0.961111 0.080990 0.075000 0.023958
0 0.719213 0.421745 0.035648 0.048177
0 0.950694 0.381120 0.026389 0.061719
0 0.089583 0.283464 0.026389 0.059115
0 0.222685 0.892839 0.088889 0.017448
0 0.869676 0.051432 0.031019 0.048177
0 0.656713 0.637370 0.031019 0.048177
0 0.094213 0.826432 0.072685 0.020052
0 0.080324 0.619401 0.026389 0.048698
0 0.057176 0.451172 0.026389 0.035156
0 0.652083 0.449479 0.021759 0.042188
0 0.719213 0.151953 0.017130 0.040885
0 0.255093 0.545182 0.061111 0.009635
0 0.612731 0.311458 0.017130 0.031771
0 0.098843 0.993099 0.044907 0.009635
