0 0.390509 0.799089 0.230093 0.038281
0 0.713426 0.382422 0.144444 0.043490
0 0.443750 0.827734 0.132870 0.038281
0 0.767824 0.328385 0.132870 0.034375
0 0.892361 0.425391 0.048611 0.087760
0 0.693750 0.872005 0.123611 0.033073
0 0.554861 0.401953 0.058796 0.066927
0 0.216898 0.247005 0.049537 0.074740
0 0.550231 0.500911 0.114352 0.030469
0 0.258565 0.622005 0.123611 0.027865
0 0.381250 0.637630 0.100463 0.033073
0 0.871991 0.836849 0.054167 0.056510
0 0.682176 0.283464 0.109722 0.027865
0 0.925231 0.239844 0.040278 0.070833
0 0.520139 0.467057 0.091204 0.030469
0 0.778241 0.246745 0.051852 0.053385
0 0.260417 0.508724 0.090278 0.030469
0 0.637731 0.409766 0.048611 0.056510
0 0.892361 0.797786 0.048611 0.056510
0 0.499306 0.500911 0.105093 0.025260
0 0.738889 0.874609 0.093519 0.027865
0 0.284028 0.262630 0.091204 0.027865
0 0.619676 0.566016 0.049537 0.051302
0 0.272454 0.554948 0.049537 0.050000
0 0.837269 0.812109 0.049537 0.048698
0 0.146296 0.182943 0.047222 0.050781
0 0.800231 0.161068 0.105093 0.022656
0 0.920602 0.884766 0.086574 0.027344
0 0.816435 0.229167 0.081944 0.028646
0 0.899769 0.224609 0.044907 0.050781
0 0.701852 0.546224 0.102778 0.022135
0 0.768981 0.801693 0.079630 0.027865
0 0.590741 0.188802 0.139815 0.015625
0 0.582639 0.713151 0.123611 0.017448
0 0.159028 0.655859 0.091204 0.022656
0 0.779398 0.887630 0.091204 0.022656
0 0.395139 0.500911 0.100463 0.020052
0 0.784028 0.136328 0.035648 0.056510
0 0.296296 0.438411 0.134259 0.014844
0 0.672917 0.468750 0.044907 0.044271
0 0.281713 0.692318 0.086574 0.022656
0 0.277083 0.473568 0.040278 0.048698
0 0.330324 0.804297 0.044907 0.043490
0 0.553704 0.539974 0.037963 0.051302
0 0.660880 0.532161 0.076389 0.025260
0 0.862731 0.262630 0.081944 0.022656
0 0.637037 0.667318 0.075000 0.024740
0 0.807176 0.079036 0.072685 0.025260
0 0.737731 0.603516 0.081944 0.022135
0 0.811343 0.183203 0.090278 0.020052
0 0.328009 0.364193 0.040278 0.043490
0 0.105787 0.416276 0.040278 0.043490
0 0.892824 0.343359 0.077315 0.022656
0 0.203009 0.155859 0.040278 0.043490
0 0.867361 0.143490 0.072685 0.023958
0 0.598380 0.163672 0.099537 0.017448
0 0.878935 0.702474 0.077315 0.022135
0 0.450694 0.676432 0.100463 0.016927
0 0.888194 0.477474 0.040278 0.040885
0 0.517824 0.651953 0.040278 0.040885
0 0.645139 0.740495 0.035648 0.046094
0 0.642824 0.623047 0.040278 0.040365
0 0.869676 0.209245 0.031019 0.051302
0 0.427546 0.838151 0.091204 0.017448
0 0.554398 0.879818 0.067130 0.022656
0 0.932176 0.761328 0.026389 0.056510
0 0.149306 0.720703 0.034722 0.042969
0 0.578009 0.480469 0.040278 0.036458
0 0.459954 0.110286 0.035648 0.040885
0 0.409028 0.503516 0.035648 0.040885
0 0.813657 0.384375 0.039352 0.036979
0 0.707639 0.622656 0.077315 0.018750
0 0.656250 0.202083 0.067130 0.021354
0 0.606944 0.634766 0.033333 0.042969
0 0.665972 0.753516 0.031019 0.046094
0 0.591435 0.414974 0.039352 0.035677
0 0.512731 0.128906 0.067130 0.020833
0 0.323380 0.490495 0.068056 0.020052
0 0.455324 0.604427 0.072685 0.018750
0 0.932176 0.526953 0.026389 0.051302
0 0.784028 0.727474 0.026389 0.051302
0 0.735417 0.108984 0.077315 0.017448
0 0.381250 0.681641 0.035648 0.037760
0 0.732639 0.254557 0.034722 0.037760
0 0.961111 0.799089 0.075000 0.017448
0 0.675231 0.442318 0.105093 0.012240
0 0.609954 0.683203 0.085648 0.014844
0 0.584954 0.657161 0.035648 0.035677
0 0.677546 0.365495 0.035648 0.035677
0 0.705324 0.642839 0.072685 0.017448
0 0.309491 0.659505 0.031019 0.040365
0 0.318750 0.130859 0.086574 0.014323
0 0.140509 0.339844 0.026389 0.046875
0 0.857639 0.438411 0.034722 0.035677
0 0.491204 0.204036 0.061111 0.020052
0 0.811806 0.258724 0.026389 0.046094
0 0.409028 0.662370 0.081944 0.014844
0 0.818750 0.601172 0.031019 0.038281
0 0.332639 0.542578 0.058796 0.020052
0 0.878935 0.538672 0.021759 0.053906
0 0.362731 0.598568 0.035648 0.033073
0 0.485417 0.732682 0.058796 0.020052
0 0.788657 0.828776 0.081944 0.014323
0 0.616898 0.429297 0.034722 0.033073
0 0.325694 0.864193 0.091204 0.012240
0 0.462269 0.269141 0.021759 0.051302
0 0.851157 0.123047 0.021759 0.050781
0 0.267824 0.638281 0.058796 0.018750
0 0.852315 0.679297 0.088889 0.012240
0 0.490046 0.304297 0.021759 0.048698
0 0.711111 0.764583 0.065741 0.016146
0 0.893981 0.189714 0.024074 0.043490
0 0.665972 0.325130 0.031019 0.033073
0 0.721528 0.177995 0.068056 0.014844
0 0.529398 0.775651 0.026389 0.038281
0 0.186806 0.377214 0.026389 0.038281
0 0.922917 0.403255 0.026389 0.038281
0 0.381250 0.345964 0.081944 0.012240
0 0.453009 0.558203 0.021759 0.046094
0 0.980787 0.295182 0.021759 0.046094
0 0.698380 0.586589 0.021759 0.045573
0 0.212269 0.114193 0.021759 0.043490
0 0.230787 0.877214 0.077315 0.012240
0 0.633565 0.765234 0.077315 0.012240
0 0.483102 0.650651 0.054167 0.017448
0 0.279398 0.291276 0.054167 0.017448
0 0.513194 0.228516 0.021759 0.042969
0 0.327546 0.599219 0.020833 0.044792
0 0.598380 0.831641 0.025463 0.035677
0 0.293287 0.375911 0.017130 0.051302
0 0.510880 0.623307 0.017130 0.051302
0 0.376157 0.309505 0.071759 0.012240
0 0.693750 0.414714 0.058796 0.014323
0 0.369676 0.163672 0.021759 0.038281
0 0.253935 0.124609 0.021759 0.038281
0 0.559491 0.642839 0.068056 0.012240
0 0.425231 0.575130 0.021759 0.038281
0 0.177083 0.521484 0.016204 0.050781
0 0.228472 0.357682 0.026389 0.030469
0 0.413657 0.542578 0.054167 0.014844
0 0.633565 0.578385 0.058796 0.013542
0 0.491898 0.579427 0.025463 0.031250
0 0.281713 0.240495 0.021759 0.035677
0 0.649769 0.818359 0.081944 0.009115
0 0.158565 0.232682 0.016204 0.046094
0 0.515509 0.797786 0.072685 0.009635
0 0.259722 0.524349 0.070370 0.009635
0 0.991204 0.659505 0.014815 0.045573
0 0.237731 0.151953 0.044907 0.014844
0 0.800231 0.209245 0.068056 0.009635
0 0.527083 0.362891 0.068056 0.009635
0 0.737269 0.341797 0.071759 0.009115
0 0.290509 0.177734 0.020833 0.029948
0 0.645139 0.479818 0.017130 0.035156
0 0.510417 0.384375 0.016204 0.036979
0 0.531250 0.530859 0.048611 0.012240
0 0.446065 0.432943 0.063426 0.009115
0 0.812963 0.845964 0.047222 0.012240
0 0.524769 0.163672 0.017130 0.033073
0 0.274769 0.162370 0.017130 0.030469
0 0.959491 0.547786 0.016204 0.030469
0 0.480787 0.184505 0.068056 0.007031
0 0.307176 0.410807 0.017130 0.027344
0 0.751157 0.374609 0.016204 0.027865
0 0.529398 0.338151 0.035648 0.012240
0 0.334954 0.667578 0.017130 0.025260
0 0.274769 0.897786 0.063426 0.006510
0 0.156713 0.990495 0.040278 0.009635
0 0.162037 0.264974 0.032407 0.006510
0 0.984722 0.223568 0.027778 0.007031
0 0.993519 0.541276 0.010185 0.017448
0 0.665972 0.997656 0.031019 0.003125
