0 0.304398 0.651953 0.094907 0.108594
0 0.140509 0.680599 0.174537 0.051302
0 0.304861 0.767188 0.086574 0.099479
0 0.203009 0.890234 0.188426 0.043490
0 0.707639 0.885677 0.169907 0.039583
0 0.778935 0.177995 0.145833 0.040885
0 0.885880 0.392839 0.044907 0.126823
0 0.788657 0.839453 0.072685 0.072135
0 0.876620 0.276953 0.072685 0.066927
0 0.937963 0.741797 0.121296 0.038281
0 0.580324 0.892839 0.109722 0.038281
0 0.482639 0.707292 0.108796 0.036979
0 0.950694 0.111589 0.063426 0.059115
0 0.332176 0.659766 0.039352 0.092969
0 0.101157 0.630859 0.049537 0.061198
0 0.563657 0.760026 0.094907 0.027865
0 0.871528 0.160807 0.043981 0.053385
0 0.436806 0.772396 0.109722 0.021354
0 0.918287 0.047786 0.091204 0.025260
0 0.230324 0.880469 0.094907 0.023958
0 0.977315 0.701823 0.042593 0.052083
0 0.617361 0.849870 0.100463 0.020052
0 0.263194 0.576432 0.132870 0.014844
0 0.078009 0.563411 0.031019 0.061719
0 0.800231 0.664974 0.031019 0.061719
0 0.856944 0.487891 0.088889 0.020052
0 0.976157 0.201432 0.031019 0.056510
0 0.197222 0.901953 0.084259 0.020052
0 0.626157 0.225260 0.081019 0.020833
0 0.505093 0.792578 0.107407 0.014844
0 0.103009 0.661068 0.034722 0.043490
0 0.333796 0.786719 0.024074 0.060417
0 0.816435 0.299089 0.026389 0.053906
0 0.557176 0.857682 0.091204 0.014844
0 0.744676 0.174089 0.077315 0.017448
0 0.228472 0.159766 0.081944 0.014844
0 0.301389 0.123307 0.079630 0.014844
0 0.897454 0.353516 0.021759 0.048177
0 0.089120 0.496745 0.053241 0.016927
0 0.565278 0.150651 0.070370 0.012240
0 0.931713 0.144141 0.016204 0.046094
0 0.631250 0.093099 0.063426 0.011719
0 0.946065 0.228516 0.017130 0.042969
0 0.628935 0.047786 0.049537 0.014844
0 0.554861 0.051693 0.058796 0.012240
0 0.561806 0.066016 0.072685 0.009635
0 0.991204 0.068620 0.014815 0.040885
0 0.096528 0.993099 0.040278 0.009635
0 0.490046 0.631120 0.031019 0.009635
