0 0.055556 0.809505 0.078704 0.079948
0 0.749306 0.390885 0.132870 0.044792
0 0.469213 0.245443 0.128241 0.040365
0 0.520139 0.343359 0.156019 0.033073
0 0.087269 0.760417 0.114352 0.039062
0 0.770139 0.129167 0.063426 0.063021
0 0.682176 0.293880 0.118981 0.033073
0 0.922917 0.185547 0.100463 0.035156
0 0.612731 0.830339 0.146759 0.022656
0 0.888194 0.422526 0.095833 0.029948
0 0.190278 0.184505 0.098148 0.027865
0 0.878935 0.223568 0.151389 0.017448
0 0.095370 0.832943 0.047222 0.053906
0 0.204861 0.130859 0.043981 0.055990
0 0.049074 0.822917 0.047222 0.049479
0 0.714583 0.906901 0.091204 0.024740
0 0.328009 0.146745 0.086574 0.025260
0 0.437963 0.188411 0.102778 0.020052
0 0.376620 0.870443 0.081944 0.024740
0 0.369676 0.153255 0.086574 0.022656
0 0.207639 0.882161 0.105093 0.016927
0 0.892824 0.726172 0.040278 0.043490
0 0.698380 0.366797 0.040278 0.043490
0 0.864583 0.692318 0.076389 0.022656
0 0.165972 0.753255 0.040278 0.040365
0 0.726157 0.794531 0.040278 0.039583
0 0.839583 0.124609 0.035648 0.043490
0 0.258565 0.773047 0.040278 0.038281
0 0.957639 0.835547 0.040278 0.038281
0 0.915972 0.661068 0.086574 0.017448
0 0.841898 0.492839 0.077315 0.019531
0 0.642824 0.388672 0.077315 0.019531
0 0.536343 0.207682 0.068056 0.022135
0 0.066435 0.731380 0.081944 0.017448
0 0.608102 0.611589 0.026389 0.053906
0 0.679861 0.451432 0.068056 0.020052
0 0.844213 0.806901 0.035648 0.038281
0 0.603472 0.254818 0.035648 0.038281
0 0.492361 0.411068 0.035648 0.038281
0 0.029398 0.579036 0.026389 0.051302
0 0.723843 0.576432 0.091204 0.014844
0 0.177546 0.558203 0.026389 0.051302
0 0.330324 0.547786 0.091204 0.014844
0 0.422917 0.248307 0.091204 0.014844
0 0.022454 0.291276 0.031019 0.043490
0 0.679861 0.778906 0.068056 0.018750
0 0.404861 0.914974 0.062500 0.020052
0 0.751620 0.904557 0.081944 0.014844
0 0.659028 0.865495 0.081944 0.014844
0 0.566435 0.696224 0.081944 0.014844
0 0.022454 0.869401 0.031019 0.038281
0 0.568750 0.119401 0.031019 0.038281
0 0.388194 0.886328 0.058796 0.020052
0 0.825694 0.351172 0.026389 0.043490
0 0.202546 0.495703 0.076389 0.014844
0 0.703009 0.880859 0.077315 0.014323
0 0.161343 0.560807 0.031019 0.035677
0 0.730787 0.756120 0.031019 0.035677
0 0.792824 0.694922 0.062500 0.017448
0 0.288194 0.722266 0.025463 0.040885
0 0.554861 0.439714 0.031019 0.033073
0 0.439120 0.450130 0.031019 0.033073
0 0.388194 0.901953 0.068056 0.014844
0 0.779398 0.853776 0.026389 0.038281
0 0.068750 0.443620 0.021759 0.046094
0 0.045602 0.558203 0.021759 0.046094
0 0.262731 0.530859 0.030093 0.033073
0 0.309028 0.304297 0.030093 0.033073
0 0.445602 0.474870 0.099537 0.009635
0 0.860417 0.619401 0.021759 0.043490
0 0.172917 0.704036 0.026389 0.035677
0 0.334491 0.714453 0.062500 0.014844
0 0.865046 0.742839 0.021759 0.040365
0 0.642824 0.200781 0.021759 0.039583
0 0.918287 0.220703 0.072685 0.011719
0 0.503935 0.832943 0.021759 0.038281
0 0.661343 0.372005 0.068056 0.012240
0 0.471528 0.992448 0.058796 0.013542
0 0.191435 0.831641 0.017130 0.046094
0 0.410880 0.121745 0.067130 0.011719
0 0.631250 0.882422 0.063426 0.012240
0 0.633565 0.560807 0.077315 0.009635
0 0.730787 0.552995 0.077315 0.009635
0 0.434491 0.691016 0.077315 0.009635
0 0.689120 0.192318 0.058796 0.012240
0 0.953009 0.564714 0.021759 0.033073
0 0.240046 0.468359 0.021759 0.033073
0 0.045602 0.301432 0.021759 0.032552
0 0.821065 0.451432 0.026389 0.025260
0 0.740046 0.310807 0.068056 0.009635
0 0.390509 0.395443 0.017130 0.038281
0 0.244676 0.831380 0.021759 0.029948
0 0.487269 0.144141 0.062500 0.009635
0 0.552546 0.617839 0.063426 0.009115
0 0.679861 0.589453 0.058796 0.009635
0 0.038657 0.801693 0.044907 0.012240
0 0.801852 0.738932 0.046296 0.011719
0 0.631250 0.683203 0.017130 0.030469
0 0.807176 0.391536 0.017130 0.030469
0 0.097685 0.645443 0.042593 0.012240
0 0.941435 0.359245 0.017130 0.027344
0 0.425231 0.164714 0.049537 0.009115
0 0.536343 0.718099 0.068056 0.006510
0 0.902083 0.853516 0.068056 0.006510
0 0.723843 0.130859 0.035648 0.009115
0 0.008565 0.009766 0.012500 0.016927
