0 0.568750 0.623307 0.401389 0.066927
0 0.429398 0.648698 0.206019 0.023958
0 0.385880 0.177995 0.118981 0.035677
0 0.476157 0.365495 0.049537 0.072135
0 0.550231 0.631120 0.114352 0.030469
0 0.462269 0.309505 0.058796 0.059115
0 0.672917 0.816016 0.035648 0.087760
0 0.788657 0.392839 0.174537 0.017448
0 0.459954 0.693620 0.044907 0.066927
0 0.066435 0.327083 0.035648 0.083854
0 0.918287 0.226172 0.054167 0.053906
0 0.737269 0.241797 0.053241 0.053906
0 0.621528 0.293880 0.053241 0.053906
0 0.260880 0.214453 0.091204 0.030469
0 0.575694 0.193620 0.091204 0.030469
0 0.830324 0.422786 0.091204 0.030469
0 0.774306 0.474870 0.108796 0.025260
0 0.358102 0.879557 0.100463 0.027344
0 0.422917 0.705339 0.044907 0.059115
0 0.788657 0.140234 0.109722 0.022656
0 0.566435 0.267188 0.091204 0.026562
0 0.325694 0.809505 0.044907 0.053906
0 0.874306 0.718359 0.049537 0.048698
0 0.235417 0.341016 0.049537 0.048177
0 0.656713 0.444922 0.105093 0.022656
0 0.772454 0.762630 0.132870 0.017448
0 0.450231 0.111589 0.081019 0.027865
0 0.387037 0.805599 0.047222 0.046094
0 0.925694 0.480078 0.085648 0.025260
0 0.955324 0.697526 0.035648 0.059115
0 0.547917 0.348568 0.044907 0.043490
0 0.024306 0.192318 0.043981 0.043490
0 0.566435 0.822526 0.081944 0.022656
0 0.078009 0.226172 0.105093 0.017448
0 0.274769 0.321224 0.072685 0.025260
0 0.908565 0.526693 0.090278 0.019531
0 0.781713 0.834245 0.031019 0.056510
0 0.501620 0.241797 0.035648 0.048698
0 0.554861 0.301693 0.095833 0.017448
0 0.721528 0.108333 0.077315 0.021354
0 0.233102 0.456641 0.035648 0.046094
0 0.692593 0.332943 0.093519 0.017448
0 0.438657 0.210286 0.030093 0.053385
0 0.362731 0.114193 0.091204 0.017448
0 0.890509 0.343359 0.026389 0.059115
0 0.906713 0.864193 0.040278 0.038281
0 0.925231 0.780859 0.040278 0.038281
0 0.800231 0.653255 0.040278 0.038281
0 0.823380 0.348307 0.040278 0.037760
0 0.473843 0.466667 0.072685 0.020833
0 0.203009 0.793880 0.086574 0.017448
0 0.258565 0.380859 0.077315 0.019531
0 0.723843 0.573828 0.035648 0.040885
0 0.246528 0.253516 0.025463 0.056510
0 0.552546 0.202734 0.081944 0.017448
0 0.557176 0.322526 0.081944 0.017448
0 0.288657 0.168880 0.081944 0.017448
0 0.101157 0.401042 0.068056 0.020833
0 0.640509 0.140885 0.035648 0.039583
0 0.496991 0.796484 0.035648 0.038281
0 0.235417 0.158464 0.077315 0.017448
0 0.869676 0.361328 0.031019 0.042969
0 0.900926 0.283464 0.075000 0.017448
0 0.432176 0.881120 0.035648 0.035677
0 0.908565 0.131120 0.062500 0.020052
0 0.864583 0.862891 0.030093 0.040885
0 0.781250 0.745443 0.085648 0.014323
0 0.955324 0.765885 0.035648 0.034375
0 0.801389 0.115495 0.033333 0.035677
0 0.883565 0.176693 0.031019 0.038281
0 0.580324 0.400391 0.100463 0.011719
0 0.101157 0.280208 0.031019 0.036979
0 0.313657 0.862891 0.076389 0.014844
0 0.119676 0.279557 0.021759 0.051302
0 0.480787 0.269141 0.021759 0.051302
0 0.763194 0.445573 0.021759 0.050000
0 0.114583 0.161719 0.057870 0.018750
0 0.672917 0.089453 0.072685 0.014844
0 0.362731 0.644141 0.072685 0.014844
0 0.862731 0.097266 0.026389 0.040885
0 0.811806 0.320573 0.026389 0.039583
0 0.610417 0.491797 0.058796 0.017448
0 0.392824 0.830339 0.058796 0.017448
0 0.211111 0.240495 0.028704 0.035677
0 0.582639 0.875911 0.068056 0.014844
0 0.920602 0.702474 0.031019 0.032552
0 0.915972 0.092057 0.021759 0.046094
0 0.779398 0.780859 0.081944 0.012240
0 0.096065 0.179036 0.057870 0.016927
0 0.220370 0.172786 0.065741 0.014844
0 0.555556 0.437109 0.078704 0.012240
0 0.258565 0.124609 0.077315 0.012240
0 0.665972 0.146745 0.031019 0.030469
0 0.890509 0.093359 0.017130 0.053906
0 0.371991 0.325130 0.017130 0.053906
0 0.929861 0.448177 0.068056 0.013542
0 0.257407 0.090755 0.075000 0.012240
0 0.950694 0.110937 0.054167 0.016146
0 0.267824 0.388932 0.058796 0.014844
0 0.296759 0.085547 0.070370 0.012240
0 0.073380 0.304948 0.021759 0.039583
0 0.494676 0.875260 0.021759 0.039583
0 0.837269 0.083594 0.021759 0.039583
0 0.397454 0.410677 0.021759 0.039062
0 0.568750 0.430599 0.086574 0.009635
0 0.644676 0.883724 0.016204 0.051302
0 0.346528 0.145443 0.068056 0.012240
0 0.355787 0.475911 0.021759 0.037760
0 0.781250 0.301693 0.020833 0.038281
0 0.584954 0.239193 0.063426 0.012240
0 0.304861 0.202734 0.021759 0.033073
0 0.619676 0.176693 0.058796 0.012240
0 0.726157 0.215495 0.021759 0.032552
0 0.839583 0.396745 0.072685 0.009635
0 0.557176 0.217057 0.017130 0.040885
0 0.631250 0.513932 0.017130 0.040885
0 0.744676 0.514583 0.021759 0.031771
0 0.170139 0.137630 0.020833 0.033073
0 0.173611 0.159766 0.046296 0.014844
0 0.145139 0.281510 0.017130 0.039583
0 0.545139 0.291016 0.057870 0.011719
0 0.943287 0.720703 0.020833 0.032552
0 0.936343 0.164974 0.016204 0.040885
0 0.700694 0.161068 0.017130 0.038281
0 0.378935 0.237891 0.068056 0.009635
0 0.834491 0.900651 0.053241 0.012240
0 0.878472 0.792578 0.067130 0.009635
0 0.272454 0.138281 0.077315 0.008333
0 0.596065 0.789974 0.020833 0.030469
0 0.768981 0.821224 0.014815 0.040885
0 0.844213 0.500260 0.072685 0.008333
0 0.860417 0.757422 0.021759 0.027865
0 0.669444 0.279818 0.019444 0.029948
0 0.315972 0.110286 0.053241 0.009635
0 0.804861 0.692057 0.040278 0.011719
0 0.181713 0.366797 0.016204 0.027865
0 0.909028 0.741536 0.017130 0.022135
0 0.612731 0.133464 0.035648 0.009115
