0 0.117361 0.752214 0.137500 0.038281
0 0.349537 0.494792 0.129630 0.033854
0 0.242361 0.704036 0.118981 0.035677
0 0.233102 0.098568 0.128241 0.033073
0 0.367361 0.676693 0.109722 0.038281
0 0.712269 0.607422 0.058796 0.061198
0 0.550231 0.717057 0.114352 0.030469
0 0.223843 0.302734 0.054167 0.061198
0 0.538194 0.249609 0.118056 0.027865
0 0.248843 0.864193 0.141204 0.022656
0 0.050231 0.308203 0.040278 0.077344
0 0.774769 0.342057 0.054167 0.056510
0 0.177546 0.607682 0.100463 0.030469
0 0.384259 0.435807 0.115741 0.025260
0 0.272454 0.811849 0.049537 0.058594
0 0.759722 0.607682 0.088889 0.030469
0 0.334954 0.775651 0.044907 0.059115
0 0.540972 0.784766 0.105093 0.025260
0 0.274769 0.541276 0.091204 0.027865
0 0.355787 0.413672 0.086574 0.027865
0 0.911343 0.213151 0.086574 0.027865
0 0.433333 0.455339 0.102778 0.022656
0 0.219213 0.542578 0.044907 0.046094
0 0.760880 0.853776 0.091204 0.022656
0 0.817593 0.809245 0.121296 0.016927
0 0.200694 0.498307 0.035648 0.056510
0 0.355787 0.819010 0.095833 0.020833
0 0.798611 0.741797 0.083333 0.022656
0 0.385880 0.172786 0.072685 0.025260
0 0.695602 0.547786 0.043981 0.040885
0 0.855787 0.857682 0.031019 0.056510
0 0.707639 0.499609 0.040278 0.043490
0 0.494676 0.474870 0.114352 0.014844
0 0.670602 0.793880 0.095833 0.017448
0 0.586111 0.696224 0.112037 0.014844
0 0.534028 0.150651 0.072685 0.022656
0 0.270139 0.503516 0.035648 0.046094
0 0.205324 0.185807 0.035648 0.046094
0 0.272454 0.160807 0.095833 0.016927
0 0.448380 0.848568 0.040278 0.038281
0 0.156250 0.237630 0.030093 0.050781
0 0.508565 0.101172 0.086574 0.017448
0 0.038657 0.360026 0.035648 0.040365
0 0.036343 0.516536 0.031019 0.046094
0 0.492361 0.585547 0.081944 0.017448
0 0.934028 0.542578 0.020833 0.066927
0 0.446065 0.356380 0.035648 0.038281
0 0.112731 0.468359 0.035648 0.038281
0 0.016667 0.808203 0.033333 0.040885
0 0.140509 0.097266 0.091204 0.014844
0 0.163657 0.327083 0.063426 0.021354
0 0.241898 0.742448 0.099537 0.013542
0 0.179861 0.749609 0.077315 0.017448
0 0.848843 0.606641 0.035648 0.037760
0 0.156713 0.862630 0.068056 0.019531
0 0.235417 0.563151 0.068056 0.019531
0 0.412500 0.379818 0.075000 0.017448
0 0.448380 0.762630 0.021759 0.059115
0 0.642824 0.517839 0.021759 0.059115
0 0.821065 0.715755 0.026389 0.048698
0 0.066435 0.205339 0.026389 0.048698
0 0.848843 0.385026 0.026389 0.048698
0 0.881250 0.124609 0.072685 0.017448
0 0.126157 0.318620 0.034722 0.035677
0 0.534028 0.231380 0.100463 0.012240
0 0.816435 0.470703 0.072685 0.016927
0 0.310648 0.585547 0.070370 0.017448
0 0.203009 0.146745 0.058796 0.020052
0 0.852315 0.716406 0.033333 0.034375
0 0.890509 0.171484 0.091204 0.012240
0 0.348843 0.647396 0.026389 0.042188
0 0.890046 0.267839 0.090278 0.012240
0 0.671759 0.364193 0.088889 0.012240
0 0.797917 0.560807 0.026389 0.040885
0 0.137731 0.360286 0.030093 0.035677
0 0.154398 0.396484 0.026389 0.040365
0 0.281713 0.684245 0.021759 0.048177
0 0.787037 0.133724 0.069444 0.014844
0 0.647454 0.153255 0.058796 0.017448
0 0.915972 0.189714 0.058796 0.017448
0 0.721528 0.207943 0.058796 0.017448
0 0.397454 0.796484 0.031019 0.033073
0 0.703009 0.895182 0.086574 0.011719
0 0.881250 0.874609 0.026389 0.038281
0 0.050231 0.796224 0.058796 0.016927
0 0.239583 0.474870 0.020833 0.046094
0 0.740046 0.095964 0.077315 0.012240
0 0.647454 0.321224 0.031019 0.030469
0 0.626620 0.414974 0.026389 0.035677
0 0.705324 0.193620 0.063426 0.014844
0 0.828009 0.510286 0.021759 0.042969
0 0.924769 0.776953 0.030093 0.030469
0 0.339583 0.380469 0.026389 0.034375
0 0.078009 0.169531 0.031019 0.029167
0 0.878935 0.495703 0.021759 0.040885
0 0.691435 0.088151 0.072685 0.012240
0 0.381250 0.119141 0.072685 0.011719
0 0.076852 0.431901 0.019444 0.043490
0 0.448380 0.106380 0.068056 0.012240
0 0.721528 0.122005 0.068056 0.012240
0 0.480787 0.340755 0.068056 0.012240
0 0.675231 0.483333 0.021759 0.036979
0 0.450694 0.123307 0.054167 0.014844
0 0.941435 0.826432 0.017130 0.046094
0 0.571065 0.323828 0.081944 0.009635
0 0.131250 0.541276 0.063426 0.012240
0 0.485417 0.362891 0.021759 0.035677
0 0.539815 0.812760 0.019444 0.039583
0 0.462269 0.404297 0.021759 0.035156
0 0.307176 0.687109 0.017130 0.043490
0 0.547454 0.877865 0.025463 0.029167
0 0.230787 0.719661 0.049537 0.014844
0 0.855324 0.763932 0.048611 0.014844
0 0.156713 0.477214 0.077315 0.009115
0 0.920602 0.380859 0.077315 0.009115
0 0.765509 0.495703 0.017130 0.040885
0 0.404398 0.771745 0.017130 0.040885
0 0.700694 0.693620 0.072685 0.009635
0 0.117361 0.810807 0.072685 0.009635
0 0.230324 0.365234 0.048611 0.014323
0 0.094213 0.235286 0.026389 0.025260
0 0.196065 0.261328 0.026389 0.025260
0 0.279398 0.480078 0.026389 0.025260
0 0.522454 0.659766 0.068056 0.009635
0 0.038657 0.744401 0.017130 0.038281
0 0.374306 0.209245 0.068056 0.009635
0 0.267824 0.717057 0.068056 0.009635
0 0.369213 0.594661 0.067130 0.009635
0 0.943287 0.784766 0.020833 0.030469
0 0.915509 0.284505 0.067130 0.009115
0 0.390509 0.136328 0.063426 0.009635
0 0.811806 0.128516 0.063426 0.009635
0 0.524769 0.201432 0.063426 0.009635
0 0.543287 0.279557 0.017130 0.035677
0 0.950694 0.356380 0.017130 0.033073
0 0.327546 0.461849 0.057870 0.009635
0 0.608102 0.538411 0.017130 0.032552
0 0.419444 0.717057 0.056481 0.009635
0 0.080324 0.634115 0.017130 0.031250
0 0.094213 0.727474 0.017130 0.030469
0 0.816435 0.383724 0.017130 0.030469
0 0.797917 0.258724 0.054167 0.009635
0 0.691435 0.672135 0.017130 0.029167
0 0.140046 0.498307 0.016204 0.030469
0 0.291667 0.625911 0.050926 0.009635
0 0.103472 0.124609 0.017130 0.027865
0 0.510880 0.504557 0.017130 0.027344
0 0.566435 0.516927 0.017130 0.026042
0 0.795139 0.110026 0.048611 0.009115
0 0.047917 0.352474 0.017130 0.025260
0 0.251620 0.448828 0.017130 0.025260
0 0.693287 0.484245 0.011574 0.032552
0 0.744213 0.161328 0.011574 0.016927
