0 0.919444 0.532161 0.065741 0.100781
0 0.256250 0.590755 0.137500 0.043490
0 0.765046 0.594010 0.118056 0.039583
0 0.304398 0.549089 0.113426 0.038281
0 0.684491 0.344661 0.068056 0.061719
0 0.288657 0.914974 0.128241 0.030469
0 0.094213 0.738932 0.063426 0.058594
0 0.626620 0.163672 0.128241 0.027865
0 0.128935 0.661068 0.142130 0.022656
0 0.073380 0.840755 0.049537 0.064323
0 0.278935 0.762630 0.043981 0.069531
0 0.152083 0.636328 0.095833 0.030469
0 0.909028 0.377214 0.054167 0.053906
0 0.814120 0.093359 0.049537 0.053906
0 0.161343 0.791016 0.049537 0.053385
0 0.540972 0.379557 0.095833 0.027344
0 0.489583 0.681901 0.039352 0.064323
0 0.214120 0.209245 0.099537 0.025260
0 0.177546 0.752214 0.109722 0.022656
0 0.089583 0.911068 0.044907 0.053906
0 0.177546 0.694922 0.044907 0.053906
0 0.314120 0.617057 0.049537 0.048177
0 0.871991 0.153255 0.081944 0.027865
0 0.883565 0.649349 0.040278 0.056510
0 0.168287 0.177995 0.109722 0.020052
0 0.272454 0.161068 0.095833 0.022656
0 0.575694 0.316016 0.044907 0.046094
0 0.536343 0.839453 0.040278 0.051302
0 0.315278 0.878516 0.042593 0.046094
0 0.707639 0.460547 0.040278 0.048698
0 0.263194 0.399349 0.077315 0.025260
0 0.568287 0.244401 0.085648 0.022656
0 0.087269 0.626563 0.040278 0.047396
0 0.473843 0.722266 0.072685 0.025260
0 0.784028 0.761328 0.044907 0.040885
0 0.464583 0.454036 0.091204 0.020052
0 0.399769 0.490234 0.072685 0.024740
0 0.119676 0.332943 0.077315 0.022656
0 0.094213 0.386979 0.081944 0.021354
0 0.061806 0.562109 0.035648 0.048698
0 0.809491 0.558203 0.086574 0.020052
0 0.459491 0.392839 0.034722 0.048698
0 0.239583 0.860026 0.030093 0.055990
0 0.547917 0.499609 0.072685 0.022656
0 0.825694 0.275651 0.072685 0.022656
0 0.524769 0.920182 0.081944 0.020052
0 0.302546 0.237891 0.081944 0.020052
0 0.459954 0.526693 0.035648 0.045573
0 0.709954 0.215495 0.072685 0.022135
0 0.021991 0.250260 0.039352 0.039583
0 0.179861 0.870703 0.077315 0.020052
0 0.354167 0.552995 0.037037 0.040885
0 0.679861 0.911979 0.040278 0.036458
0 0.154398 0.909766 0.072685 0.020052
0 0.089583 0.782161 0.072685 0.020052
0 0.209491 0.878516 0.071759 0.020052
0 0.939120 0.524349 0.031019 0.046094
0 0.709954 0.408464 0.081944 0.017448
0 0.825694 0.499609 0.026389 0.053906
0 0.802546 0.439453 0.081944 0.016927
0 0.162500 0.479818 0.070370 0.019531
0 0.578009 0.403255 0.031019 0.043490
0 0.578009 0.900651 0.031019 0.043490
0 0.138194 0.684505 0.077315 0.017448
0 0.369213 0.119401 0.076389 0.017448
0 0.703009 0.668880 0.105093 0.012240
0 0.963426 0.718359 0.033333 0.038281
0 0.328009 0.287370 0.031019 0.040885
0 0.621991 0.437109 0.072685 0.017448
0 0.927546 0.716797 0.063426 0.019531
0 0.915972 0.340755 0.031019 0.038281
0 0.749306 0.723568 0.031019 0.038281
0 0.619676 0.822526 0.095833 0.012240
0 0.906713 0.818620 0.021759 0.051302
0 0.078009 0.735286 0.021759 0.051302
0 0.804861 0.717057 0.021759 0.051302
0 0.492361 0.364193 0.063426 0.017448
0 0.770139 0.921484 0.063426 0.017448
0 0.140509 0.201432 0.026389 0.040885
0 0.733102 0.511328 0.072685 0.014844
0 0.230787 0.525651 0.058796 0.017448
0 0.392824 0.809505 0.058796 0.017448
0 0.126620 0.489193 0.026389 0.038281
0 0.905556 0.261589 0.028704 0.035156
0 0.784028 0.306901 0.081944 0.012240
0 0.373843 0.909766 0.067130 0.014844
0 0.130787 0.697526 0.081019 0.012240
0 0.212269 0.695964 0.021759 0.045573
0 0.929398 0.627214 0.030093 0.033073
0 0.339120 0.213151 0.081019 0.012240
0 0.721065 0.177734 0.067130 0.014323
0 0.152083 0.789974 0.031019 0.030469
0 0.399769 0.844661 0.026389 0.035677
0 0.719213 0.316016 0.063426 0.014844
0 0.135880 0.448828 0.026389 0.035677
0 0.329861 0.128516 0.062500 0.014844
0 0.778935 0.344661 0.062500 0.014844
0 0.390509 0.534505 0.026389 0.035156
0 0.438657 0.515234 0.020833 0.043490
0 0.681019 0.400651 0.051852 0.017448
0 0.052546 0.340755 0.072685 0.012240
0 0.790972 0.399349 0.021759 0.040885
0 0.962269 0.823828 0.021759 0.040885
0 0.790972 0.855990 0.021759 0.039062
0 0.795602 0.331380 0.058796 0.014323
0 0.110417 0.222005 0.058796 0.014323
0 0.339583 0.210547 0.017130 0.048698
0 0.540972 0.361589 0.021759 0.038281
0 0.934491 0.564453 0.021759 0.037760
0 0.321065 0.472266 0.054167 0.014844
0 0.476157 0.911979 0.021759 0.036458
0 0.765046 0.696224 0.053241 0.014844
0 0.369676 0.183203 0.021759 0.035677
0 0.420139 0.167578 0.076389 0.009635
0 0.240046 0.728385 0.021759 0.033854
0 0.042824 0.160807 0.062500 0.011719
0 0.050231 0.679297 0.021759 0.033073
0 0.385417 0.189714 0.016204 0.043490
0 0.159028 0.745703 0.072685 0.009635
0 0.196065 0.325781 0.017130 0.039583
0 0.641667 0.292578 0.065741 0.009635
0 0.859954 0.480078 0.020833 0.030469
0 0.375463 0.582943 0.051852 0.012240
0 0.917824 0.308203 0.025463 0.024219
0 0.910880 0.849609 0.067130 0.009115
0 0.806713 0.486328 0.016204 0.037760
0 0.825694 0.886328 0.063426 0.009635
0 0.936806 0.276953 0.017130 0.035677
0 0.853472 0.711589 0.017130 0.035156
0 0.871528 0.920182 0.062500 0.009635
0 0.302083 0.319922 0.016204 0.033073
0 0.413657 0.482682 0.054167 0.009635
0 0.941435 0.605078 0.017130 0.030469
0 0.834954 0.256120 0.054167 0.009635
0 0.320602 0.191016 0.016204 0.030469
0 0.885880 0.320573 0.017130 0.026562
0 0.423611 0.006120 0.046296 0.009635
0 0.316435 0.347005 0.017130 0.024740
0 0.659028 0.445573 0.017130 0.023958
0 0.356944 0.300391 0.042593 0.009635
0 0.721065 0.872656 0.048611 0.008333
0 0.536343 0.554036 0.058796 0.006510
0 0.506250 0.160807 0.054167 0.006510
0 0.498148 0.004818 0.036111 0.007031
