0 0.804861 0.606380 0.068056 0.069531
0 0.758102 0.099870 0.113426 0.035677
0 0.957639 0.813411 0.058796 0.061719
0 0.142824 0.892839 0.058796 0.059115
0 0.777083 0.504818 0.095833 0.033073
0 0.700694 0.883724 0.100463 0.030469
0 0.950694 0.525391 0.054167 0.053385
0 0.156713 0.661068 0.095833 0.027865
0 0.441435 0.792578 0.100463 0.025260
0 0.746991 0.743099 0.118981 0.020052
0 0.871991 0.163672 0.044907 0.048698
0 0.645139 0.246354 0.044907 0.047396
0 0.061806 0.204036 0.044907 0.046094
0 0.117361 0.292318 0.100463 0.019531
0 0.823380 0.877214 0.040278 0.048698
0 0.726157 0.860286 0.077315 0.025260
0 0.844213 0.210547 0.044907 0.043490
0 0.633102 0.838151 0.085648 0.022656
0 0.623843 0.316016 0.094907 0.020052
0 0.182176 0.102474 0.072685 0.025260
0 0.358102 0.115495 0.035648 0.051302
0 0.375463 0.835547 0.033333 0.053906
0 0.198380 0.166276 0.040278 0.043490
0 0.797917 0.843359 0.026389 0.064323
0 0.534028 0.201432 0.035648 0.046094
0 0.506250 0.204036 0.026389 0.061719
0 0.159028 0.237891 0.026389 0.061719
0 0.670602 0.696224 0.077315 0.020052
0 0.550231 0.166276 0.068056 0.022656
0 0.582176 0.218359 0.067130 0.022656
0 0.522454 0.801432 0.068056 0.022135
0 0.816435 0.295182 0.100463 0.014844
0 0.883565 0.882161 0.086574 0.016927
0 0.436806 0.243099 0.072685 0.020052
0 0.733102 0.829036 0.035648 0.040885
0 0.774769 0.835547 0.026389 0.053906
0 0.330324 0.142839 0.026389 0.053906
0 0.644676 0.873307 0.034722 0.040885
0 0.915972 0.542318 0.031019 0.045573
0 0.543287 0.705078 0.063426 0.022135
0 0.494676 0.260026 0.031019 0.043490
0 0.517361 0.826432 0.067130 0.020052
0 0.271991 0.909766 0.067130 0.020052
0 0.563657 0.822526 0.076389 0.017448
0 0.501620 0.696224 0.035648 0.035677
0 0.094213 0.309505 0.072685 0.017448
0 0.608102 0.802734 0.063426 0.019531
0 0.686806 0.219401 0.026389 0.045573
0 0.582639 0.101172 0.095833 0.012240
0 0.753472 0.908464 0.067130 0.017448
0 0.880093 0.386328 0.075000 0.014844
0 0.425231 0.862891 0.031019 0.035677
0 0.608102 0.775651 0.063426 0.017448
0 0.140509 0.118099 0.026389 0.040885
0 0.193287 0.138932 0.020833 0.051302
0 0.730787 0.194922 0.086574 0.012240
0 0.351157 0.840755 0.021759 0.048698
0 0.395139 0.143490 0.026389 0.039583
0 0.235417 0.889583 0.021759 0.047396
0 0.258565 0.164974 0.068056 0.014844
0 0.927546 0.851172 0.081944 0.012240
0 0.082639 0.691016 0.021759 0.046094
0 0.408333 0.809505 0.055556 0.017448
0 0.425231 0.148047 0.021759 0.043490
0 0.265509 0.326432 0.026389 0.035677
0 0.108102 0.120703 0.026389 0.035677
0 0.649769 0.467057 0.026389 0.035677
0 0.189120 0.091797 0.031019 0.029948
0 0.503935 0.385677 0.068056 0.013542
0 0.609954 0.885026 0.020833 0.043490
0 0.976157 0.620703 0.021759 0.040885
0 0.329861 0.882422 0.016204 0.053906
0 0.260417 0.153255 0.071759 0.012240
0 0.029398 0.827083 0.054167 0.016146
0 0.920602 0.871354 0.077315 0.010937
0 0.360417 0.082943 0.068056 0.012240
0 0.216898 0.778255 0.021759 0.038281
0 0.726157 0.283464 0.068056 0.012240
0 0.168287 0.904557 0.054167 0.014844
0 0.705324 0.844661 0.026389 0.030469
0 0.640509 0.353776 0.063426 0.012240
0 0.295602 0.789323 0.021759 0.034375
0 0.711806 0.245052 0.020833 0.034375
0 0.943750 0.207682 0.021759 0.032552
0 0.510417 0.886328 0.016204 0.040885
0 0.853472 0.537370 0.026389 0.025260
0 0.302546 0.192318 0.054167 0.012240
0 0.496528 0.105078 0.043981 0.014844
0 0.573380 0.897396 0.058796 0.010937
0 0.908565 0.666016 0.053241 0.011719
0 0.307176 0.394141 0.017130 0.035677
0 0.682176 0.378516 0.017130 0.035677
0 0.950694 0.563151 0.017130 0.035156
0 0.804398 0.153255 0.020833 0.027865
0 0.521991 0.512630 0.020833 0.027865
0 0.758565 0.439453 0.049537 0.011719
0 0.163194 0.821224 0.016204 0.035677
0 0.299074 0.877214 0.047222 0.012240
0 0.073380 0.282161 0.058796 0.009635
0 0.054398 0.136328 0.057870 0.009635
0 0.513194 0.448568 0.058796 0.009115
0 0.788194 0.457682 0.043981 0.011719
0 0.851157 0.098568 0.021759 0.022656
0 0.874306 0.541276 0.012500 0.038281
0 0.773611 0.787370 0.014815 0.030469
0 0.295602 0.073568 0.012500 0.024740
0 0.984722 0.006120 0.027778 0.009635
