0 0.554398 0.622005 0.085648 0.079948
0 0.309491 0.873047 0.132870 0.045573
0 0.684491 0.422786 0.068056 0.061719
0 0.281713 0.720703 0.058796 0.069010
0 0.899769 0.813411 0.063426 0.061719
0 0.217593 0.909766 0.060185 0.061719
0 0.117361 0.469661 0.118981 0.030469
0 0.547917 0.229818 0.054167 0.061198
0 0.471065 0.651953 0.057870 0.056510
0 0.154398 0.732682 0.100463 0.030469
0 0.209954 0.576432 0.118981 0.025260
0 0.899769 0.409766 0.091204 0.030469
0 0.172917 0.665365 0.128241 0.020833
0 0.244676 0.642839 0.095833 0.027865
0 0.953009 0.779557 0.049537 0.051302
0 0.055556 0.476172 0.041667 0.059115
0 0.633565 0.289974 0.095833 0.025260
0 0.887731 0.155859 0.085648 0.027865
0 0.936806 0.528906 0.035648 0.065625
0 0.811806 0.688411 0.044907 0.051302
0 0.080324 0.662370 0.044907 0.051302
0 0.346528 0.489844 0.095833 0.023958
0 0.265509 0.296484 0.081944 0.027865
0 0.376620 0.151302 0.091204 0.023958
0 0.106944 0.128516 0.107407 0.020052
0 0.485417 0.210547 0.040278 0.048698
0 0.253935 0.344661 0.077315 0.025260
0 0.675231 0.841797 0.077315 0.024740
0 0.677546 0.864844 0.100463 0.018750
0 0.213426 0.676693 0.107407 0.017448
0 0.446065 0.429297 0.081944 0.022656
0 0.052546 0.625911 0.044907 0.040885
0 0.582176 0.339453 0.039352 0.046094
0 0.732639 0.883724 0.043981 0.040885
0 0.515509 0.825781 0.035648 0.050000
0 0.716898 0.728776 0.077315 0.022656
0 0.795602 0.278255 0.077315 0.022656
0 0.126620 0.856380 0.035648 0.048698
0 0.859259 0.674089 0.075000 0.022656
0 0.616898 0.812760 0.025463 0.065625
0 0.383565 0.375911 0.040278 0.040885
0 0.751620 0.779557 0.081944 0.020052
0 0.522454 0.461849 0.031019 0.051302
0 0.501620 0.286068 0.035648 0.043490
0 0.328009 0.413672 0.040278 0.038281
0 0.851157 0.437109 0.040278 0.038281
0 0.369676 0.306641 0.040278 0.037760
0 0.427546 0.853776 0.081944 0.017448
0 0.101157 0.714193 0.031019 0.045573
0 0.786343 0.202734 0.031019 0.043490
0 0.200694 0.227214 0.091204 0.014323
0 0.639352 0.233984 0.033333 0.038281
0 0.163657 0.566016 0.035648 0.035677
0 0.971528 0.855078 0.031019 0.040885
0 0.101157 0.511328 0.031019 0.040885
0 0.225694 0.628516 0.030093 0.040885
0 0.369676 0.864193 0.031019 0.038281
0 0.279398 0.192057 0.100463 0.011719
0 0.170602 0.249609 0.095833 0.012240
0 0.455324 0.510026 0.035648 0.033073
0 0.874306 0.899349 0.058796 0.020052
0 0.071065 0.622005 0.026389 0.043490
0 0.735417 0.656901 0.077315 0.014323
0 0.733102 0.720964 0.063426 0.017448
0 0.903241 0.662109 0.024074 0.045573
0 0.318750 0.909115 0.021759 0.050000
0 0.803704 0.723307 0.028704 0.037760
0 0.411343 0.880208 0.021759 0.049479
0 0.557176 0.302995 0.026389 0.040885
0 0.899769 0.711589 0.026389 0.040365
0 0.050231 0.319922 0.021759 0.048698
0 0.922454 0.748307 0.025463 0.040885
0 0.087269 0.869401 0.031019 0.033073
0 0.851157 0.929297 0.058796 0.017448
0 0.179861 0.352474 0.068056 0.014844
0 0.337269 0.573828 0.068056 0.014844
0 0.381250 0.658464 0.026389 0.038281
0 0.208796 0.704036 0.024074 0.040885
0 0.366204 0.452734 0.079630 0.012240
0 0.454861 0.642839 0.025463 0.038281
0 0.341898 0.761328 0.031019 0.030469
0 0.119676 0.171224 0.021759 0.042969
0 0.596528 0.421224 0.077315 0.011719
0 0.545602 0.815365 0.031019 0.029167
0 0.531713 0.552995 0.021759 0.040885
0 0.237269 0.848568 0.016204 0.053906
0 0.619676 0.513932 0.058796 0.014844
0 0.253935 0.441016 0.058796 0.014844
0 0.793287 0.764974 0.072685 0.011719
0 0.955324 0.551693 0.017130 0.048698
0 0.790972 0.444922 0.021759 0.038281
0 0.415509 0.278255 0.067130 0.012240
0 0.348843 0.283464 0.063426 0.012240
0 0.780556 0.497656 0.019444 0.039583
0 0.142824 0.108984 0.058796 0.012240
0 0.216898 0.550130 0.077315 0.009115
0 0.640046 0.712891 0.016204 0.042969
0 0.804861 0.317057 0.058796 0.011719
0 0.672917 0.193620 0.044907 0.014844
0 0.862731 0.855078 0.044907 0.014844
0 0.534028 0.579036 0.044907 0.014844
0 0.494676 0.526953 0.021759 0.030469
0 0.686806 0.119401 0.017130 0.038281
0 0.589583 0.462891 0.017130 0.037760
0 0.742361 0.650651 0.052315 0.012240
0 0.931713 0.390234 0.016204 0.038281
0 0.733102 0.691016 0.063426 0.009635
0 0.228472 0.735286 0.063426 0.009635
0 0.728472 0.539974 0.063426 0.009635
0 0.906713 0.913672 0.021759 0.027865
0 0.681713 0.706641 0.062500 0.009635
0 0.473843 0.547526 0.017130 0.035156
0 0.038657 0.218359 0.017130 0.033073
0 0.057176 0.866797 0.017130 0.033073
0 0.635880 0.460286 0.017130 0.032552
0 0.867361 0.694922 0.044907 0.012240
0 0.133565 0.589193 0.021759 0.024740
0 0.031713 0.154297 0.058796 0.009115
0 0.321065 0.373307 0.017130 0.030469
0 0.913657 0.487891 0.017130 0.030469
0 0.940972 0.352474 0.016204 0.030469
0 0.302546 0.169531 0.054167 0.008333
0 0.378935 0.426693 0.012500 0.033073
0 0.850694 0.796484 0.011574 0.033073
