0 0.572222 0.408464 0.065741 0.064323
0 0.520139 0.507161 0.109722 0.037760
0 0.874306 0.339453 0.132870 0.030469
0 0.657870 0.243099 0.135185 0.025260
0 0.260880 0.434505 0.044907 0.074740
0 0.580324 0.205339 0.054167 0.059115
0 0.564120 0.865234 0.123611 0.024740
0 0.795602 0.511068 0.123611 0.024740
0 0.583796 0.126302 0.051852 0.057292
0 0.503935 0.875651 0.151389 0.019531
0 0.439120 0.586849 0.095833 0.030469
0 0.502778 0.271745 0.093519 0.030469
0 0.425231 0.304297 0.123611 0.022656
0 0.154398 0.706641 0.054167 0.051302
0 0.772454 0.476172 0.095833 0.027865
0 0.844213 0.390234 0.044907 0.059115
0 0.052083 0.697526 0.043981 0.059115
0 0.332639 0.688411 0.049537 0.051302
0 0.492361 0.765234 0.091204 0.027865
0 0.198380 0.205990 0.086574 0.029167
0 0.659028 0.525651 0.044907 0.053906
0 0.495370 0.196224 0.115741 0.020052
0 0.946065 0.806901 0.081944 0.027865
0 0.591898 0.511068 0.040278 0.055990
0 0.555556 0.269141 0.087963 0.025260
0 0.667130 0.330339 0.079630 0.027865
0 0.270139 0.120703 0.035648 0.061719
0 0.422917 0.473568 0.044907 0.048698
0 0.770833 0.306901 0.092593 0.022656
0 0.209954 0.271745 0.044907 0.046094
0 0.082639 0.349870 0.040278 0.051302
0 0.404398 0.741797 0.091204 0.022656
0 0.953009 0.570312 0.040278 0.049479
0 0.575694 0.703125 0.044907 0.044271
0 0.286343 0.278255 0.040278 0.048698
0 0.628935 0.349870 0.077315 0.025260
0 0.096528 0.430599 0.077315 0.025260
0 0.598843 0.077734 0.044907 0.043490
0 0.621991 0.533464 0.035648 0.053906
0 0.168287 0.840755 0.109722 0.017448
0 0.830324 0.245703 0.026389 0.072135
0 0.328009 0.467708 0.040278 0.047396
0 0.915972 0.371354 0.040278 0.047396
0 0.852315 0.431901 0.042593 0.043490
0 0.887037 0.619141 0.028704 0.063802
0 0.682176 0.217057 0.044907 0.040885
0 0.339583 0.125000 0.035648 0.049479
0 0.552546 0.780859 0.100463 0.017448
0 0.483102 0.418880 0.035648 0.048698
0 0.696065 0.202734 0.035648 0.048698
0 0.524769 0.400651 0.026389 0.064323
0 0.385880 0.784505 0.081944 0.019531
0 0.641667 0.271094 0.084259 0.018750
0 0.925231 0.872005 0.040278 0.038281
0 0.214120 0.316667 0.071759 0.021354
0 0.415972 0.288672 0.086574 0.017448
0 0.411343 0.679297 0.031019 0.048698
0 0.661343 0.476172 0.031019 0.048698
0 0.276620 0.838151 0.085648 0.017448
0 0.682176 0.295182 0.035648 0.040885
0 0.454861 0.237891 0.071759 0.020052
0 0.608102 0.731380 0.081944 0.017448
0 0.580324 0.154297 0.072685 0.019531
0 0.565278 0.448828 0.070370 0.020052
0 0.723843 0.187109 0.035648 0.038281
0 0.480787 0.554297 0.077315 0.017448
0 0.499306 0.589453 0.021759 0.061719
0 0.860417 0.536068 0.077315 0.017448
0 0.142824 0.476172 0.031019 0.043490
0 0.068287 0.472266 0.067130 0.020052
0 0.399769 0.886979 0.081944 0.016146
0 0.684491 0.663021 0.031019 0.042188
0 0.726157 0.767839 0.021759 0.059115
0 0.589583 0.593359 0.026389 0.048698
0 0.898611 0.205339 0.033333 0.038281
0 0.514352 0.668880 0.033333 0.038281
0 0.566435 0.662370 0.063426 0.020052
0 0.682176 0.454036 0.063426 0.020052
0 0.580324 0.744401 0.072685 0.017448
0 0.427546 0.095312 0.026389 0.047396
0 0.579861 0.560807 0.062500 0.020052
0 0.214583 0.594401 0.035648 0.035156
0 0.584954 0.190365 0.035648 0.034375
0 0.821065 0.875911 0.026389 0.046094
0 0.295602 0.799089 0.068056 0.017448
0 0.494676 0.851172 0.068056 0.017448
0 0.749306 0.353776 0.021759 0.053906
0 0.573380 0.763672 0.077315 0.014323
0 0.457639 0.099609 0.031019 0.035156
0 0.124306 0.305859 0.031019 0.035156
0 0.309491 0.740234 0.031019 0.035156
0 0.089120 0.112891 0.071759 0.014844
0 0.434028 0.210547 0.085648 0.012240
0 0.568287 0.337500 0.094907 0.010937
0 0.615046 0.442318 0.031019 0.033073
0 0.318750 0.812109 0.058796 0.017448
0 0.293287 0.398047 0.026389 0.038281
0 0.091898 0.704036 0.021759 0.046094
0 0.763194 0.177995 0.021759 0.046094
0 0.624306 0.146745 0.021759 0.046094
0 0.578009 0.388932 0.021759 0.046094
0 0.973843 0.176953 0.026389 0.037760
0 0.556713 0.637630 0.081019 0.012240
0 0.126157 0.340755 0.025463 0.038281
0 0.538657 0.139974 0.081944 0.011719
0 0.902083 0.858333 0.086574 0.010937
0 0.920602 0.228125 0.058796 0.016146
0 0.832639 0.392839 0.021759 0.043490
0 0.892824 0.558203 0.031019 0.030469
0 0.906713 0.664974 0.031019 0.030469
0 0.645139 0.809505 0.054167 0.017448
0 0.228472 0.632161 0.054167 0.016927
0 0.355324 0.412370 0.030093 0.030469
0 0.193750 0.488932 0.077315 0.011719
0 0.515509 0.826172 0.063426 0.014323
0 0.936806 0.484635 0.026389 0.034375
0 0.730787 0.724219 0.031019 0.029167
0 0.915972 0.623307 0.021759 0.040885
0 0.707176 0.540625 0.020833 0.042188
0 0.633565 0.295182 0.086574 0.009635
0 0.665972 0.814714 0.068056 0.012240
0 0.980787 0.692318 0.021759 0.038281
0 0.670139 0.706380 0.057870 0.014323
0 0.473843 0.110286 0.026389 0.030469
0 0.800231 0.817057 0.068056 0.011719
0 0.744213 0.728776 0.020833 0.038281
0 0.242361 0.750911 0.017130 0.046094
0 0.221065 0.294531 0.057870 0.013542
0 0.744213 0.792969 0.020833 0.036458
0 0.117361 0.479167 0.026389 0.028646
0 0.668287 0.158464 0.017130 0.043490
0 0.157407 0.637630 0.060185 0.012240
0 0.603009 0.401042 0.016204 0.044271
0 0.582639 0.823568 0.049537 0.014323
0 0.158565 0.361589 0.016204 0.043490
0 0.978472 0.589453 0.017130 0.040885
0 0.696065 0.162370 0.017130 0.040885
0 0.202546 0.559245 0.057870 0.011719
0 0.121528 0.709245 0.016204 0.040885
0 0.510880 0.114193 0.054167 0.012240
0 0.763194 0.097266 0.068056 0.009635
0 0.691435 0.685547 0.026389 0.024740
0 0.774306 0.118099 0.025463 0.025260
0 0.964583 0.433594 0.017130 0.036458
0 0.706019 0.443620 0.064815 0.009635
0 0.366898 0.197526 0.016204 0.038281
0 0.580324 0.227474 0.017130 0.035677
0 0.455324 0.597266 0.063426 0.009635
0 0.459491 0.287370 0.016204 0.035677
0 0.913194 0.516536 0.016204 0.035677
0 0.730787 0.084245 0.058796 0.009635
0 0.709954 0.457682 0.017130 0.032552
0 0.540972 0.125651 0.058796 0.009115
0 0.295602 0.250651 0.058796 0.009115
0 0.381250 0.844010 0.063426 0.008333
0 0.802546 0.388932 0.017130 0.030469
0 0.223380 0.355078 0.016204 0.030469
0 0.184491 0.580339 0.021759 0.022656
0 0.716898 0.632422 0.021759 0.022656
0 0.953009 0.282161 0.012500 0.035677
0 0.538194 0.215495 0.016204 0.027344
0 0.114583 0.089193 0.011574 0.035156
0 0.589583 0.326432 0.017130 0.020052
0 0.677546 0.375651 0.017130 0.019531
0 0.709954 0.995052 0.026389 0.008333
0 0.186806 0.004818 0.026389 0.007031
