0 0.115046 0.894141 0.160648 0.051302
0 0.580324 0.550651 0.081944 0.076823
0 0.395139 0.840104 0.044907 0.104688
0 0.314120 0.489844 0.123611 0.034375
0 0.733102 0.595964 0.128241 0.033073
0 0.698380 0.896745 0.132870 0.030469
0 0.152083 0.822526 0.123611 0.027865
0 0.163194 0.869401 0.043981 0.074740
0 0.258565 0.892839 0.142130 0.022656
0 0.105787 0.442318 0.058796 0.053906
0 0.943750 0.720573 0.040278 0.078125
0 0.696065 0.538411 0.054167 0.053385
0 0.677546 0.207943 0.100463 0.027865
0 0.910185 0.520833 0.047222 0.054688
0 0.821065 0.362891 0.100463 0.025260
0 0.513194 0.594661 0.095833 0.025260
0 0.735417 0.659766 0.095833 0.025260
0 0.770139 0.441016 0.118981 0.020052
0 0.149769 0.907161 0.091204 0.025260
0 0.284028 0.603776 0.081944 0.027865
0 0.860417 0.057943 0.086574 0.024740
0 0.193750 0.366536 0.095833 0.022135
0 0.649769 0.685807 0.044907 0.046094
0 0.557176 0.615495 0.044907 0.046094
0 0.214583 0.438411 0.044907 0.046094
0 0.824537 0.377214 0.116667 0.017448
0 0.478472 0.365495 0.035648 0.056510
0 0.913657 0.325130 0.035648 0.053906
0 0.119676 0.509375 0.040278 0.047396
0 0.073380 0.880469 0.077315 0.023958
0 0.344213 0.612891 0.044907 0.040885
0 0.515509 0.792578 0.035648 0.051302
0 0.946065 0.230078 0.035648 0.051302
0 0.443750 0.269141 0.031019 0.056510
0 0.490046 0.499609 0.077315 0.022656
0 0.406713 0.845964 0.095833 0.017448
0 0.108102 0.468359 0.072685 0.022656
0 0.133565 0.133724 0.040278 0.040885
0 0.909028 0.693620 0.026389 0.061719
0 0.270139 0.801693 0.091204 0.017448
0 0.815972 0.913411 0.071759 0.022135
0 0.314120 0.632812 0.040278 0.039062
0 0.459954 0.760026 0.035648 0.043490
0 0.450694 0.874349 0.091204 0.016927
0 0.855324 0.861589 0.030093 0.048698
0 0.941435 0.391536 0.035648 0.040885
0 0.177546 0.149349 0.035648 0.040885
0 0.608102 0.335547 0.026389 0.053906
0 0.103472 0.386068 0.072685 0.019531
0 0.770139 0.341797 0.072685 0.019531
0 0.809028 0.547786 0.039352 0.035677
0 0.443287 0.571224 0.039352 0.035677
0 0.374306 0.654557 0.021759 0.061719
0 0.682176 0.722005 0.026389 0.050781
0 0.948380 0.657813 0.031019 0.042188
0 0.957639 0.460547 0.021759 0.059115
0 0.314120 0.723568 0.021759 0.059115
0 0.582639 0.912370 0.086574 0.014844
0 0.499306 0.743099 0.086574 0.014844
0 0.200694 0.266536 0.035648 0.035677
0 0.325694 0.420182 0.063426 0.020052
0 0.520139 0.247005 0.072685 0.017448
0 0.684491 0.347266 0.031019 0.040885
0 0.216898 0.480078 0.031019 0.040885
0 0.742361 0.724219 0.091204 0.013542
0 0.758565 0.358984 0.068056 0.017448
0 0.399769 0.468359 0.035648 0.033073
0 0.829167 0.835547 0.024074 0.048698
0 0.234954 0.848568 0.067130 0.017448
0 0.690972 0.773047 0.025463 0.043490
0 0.101157 0.185807 0.031019 0.035677
0 0.675231 0.276953 0.031019 0.035677
0 0.761574 0.774349 0.074074 0.014844
0 0.918287 0.394141 0.026389 0.040885
0 0.608102 0.568620 0.026389 0.040885
0 0.228472 0.136328 0.072685 0.014844
0 0.131250 0.336849 0.026389 0.040885
0 0.446065 0.818620 0.026389 0.040885
0 0.566435 0.870703 0.072685 0.014844
0 0.899769 0.139974 0.091204 0.011719
0 0.227315 0.515234 0.061111 0.017448
0 0.475694 0.414714 0.030093 0.035156
0 0.574537 0.424089 0.024074 0.043490
0 0.890509 0.114844 0.054167 0.018750
0 0.066435 0.606380 0.026389 0.038281
0 0.513194 0.615495 0.068056 0.014844
0 0.052546 0.499609 0.026389 0.038281
0 0.800231 0.483724 0.031019 0.032552
0 0.746991 0.747005 0.081944 0.012240
0 0.851157 0.633724 0.021759 0.046094
0 0.605324 0.185807 0.067130 0.014844
0 0.855787 0.120443 0.068056 0.014323
0 0.492361 0.155859 0.054167 0.017448
0 0.145139 0.170182 0.063426 0.014844
0 0.918287 0.581641 0.026389 0.035677
0 0.200694 0.704036 0.026389 0.035677
0 0.477315 0.666276 0.024074 0.038281
0 0.534028 0.392578 0.054167 0.016927
0 0.734259 0.785417 0.056481 0.016146
0 0.443287 0.607422 0.030093 0.029948
0 0.654398 0.721354 0.026389 0.033854
0 0.897454 0.566016 0.021759 0.040885
0 0.104630 0.118099 0.028704 0.030469
0 0.765509 0.210547 0.026389 0.033073
0 0.161343 0.191016 0.058796 0.014844
0 0.100694 0.706641 0.057870 0.014844
0 0.943287 0.628516 0.057870 0.014844
0 0.359259 0.805599 0.056481 0.014844
0 0.156713 0.494401 0.021759 0.038281
0 0.237269 0.261328 0.053241 0.014844
0 0.784028 0.869401 0.063426 0.012240
0 0.031713 0.625911 0.021759 0.035677
0 0.240741 0.649349 0.050926 0.014844
0 0.029398 0.827734 0.017130 0.043490
0 0.160880 0.427995 0.020833 0.035677
0 0.234259 0.680599 0.075000 0.009635
0 0.223843 0.119141 0.026389 0.027344
0 0.753935 0.809505 0.058796 0.012240
0 0.485417 0.254818 0.021759 0.033073
0 0.535880 0.668880 0.057870 0.012240
0 0.450694 0.159766 0.017130 0.040885
0 0.154398 0.211849 0.072685 0.009635
0 0.649769 0.862891 0.072685 0.009635
0 0.242361 0.670182 0.072685 0.009635
0 0.046759 0.654557 0.014815 0.046094
0 0.056713 0.295182 0.016204 0.040885
0 0.964583 0.872005 0.017130 0.038281
0 0.348843 0.655859 0.017130 0.038281
0 0.936806 0.463151 0.017130 0.038281
0 0.172454 0.526302 0.016204 0.039583
0 0.059028 0.136328 0.020833 0.030469
0 0.478009 0.830078 0.053241 0.011719
0 0.635880 0.532161 0.017130 0.035677
0 0.496991 0.297786 0.063426 0.009635
0 0.959954 0.782161 0.017130 0.035677
0 0.626620 0.786719 0.072685 0.008333
0 0.895139 0.757422 0.017130 0.033073
0 0.876157 0.750260 0.016204 0.034375
0 0.921759 0.180599 0.056481 0.009635
0 0.387731 0.239193 0.076389 0.007031
0 0.251620 0.448828 0.054167 0.009635
0 0.552546 0.834245 0.054167 0.009635
0 0.645139 0.925130 0.054167 0.009115
0 0.351157 0.285807 0.021759 0.022135
0 0.356944 0.546484 0.037963 0.012240
0 0.311806 0.770443 0.035648 0.012240
0 0.758102 0.792578 0.020833 0.020052
0 0.707176 0.336849 0.011574 0.025260
