0 0.934491 0.831641 0.077315 0.077344
0 0.464583 0.595964 0.072685 0.074740
0 0.580324 0.881120 0.156019 0.025260
0 0.734954 0.231380 0.113426 0.033073
0 0.501620 0.263021 0.128241 0.028646
0 0.498148 0.187109 0.116667 0.027865
0 0.344213 0.802995 0.100463 0.030469
0 0.955324 0.372005 0.054167 0.053906
0 0.721528 0.123047 0.095833 0.029948
0 0.399769 0.581641 0.054167 0.051302
0 0.700694 0.097266 0.109722 0.025260
0 0.906713 0.730469 0.049537 0.052083
0 0.216898 0.722266 0.049537 0.051302
0 0.515509 0.786068 0.109722 0.022656
0 0.825694 0.866797 0.109722 0.022656
0 0.656713 0.293620 0.049537 0.048177
0 0.753935 0.517839 0.105093 0.022656
0 0.487731 0.654557 0.091204 0.025260
0 0.760880 0.334635 0.035648 0.062500
0 0.490046 0.905859 0.095833 0.022656
0 0.043287 0.209896 0.044907 0.047396
0 0.367361 0.164974 0.081944 0.025260
0 0.427083 0.194922 0.090278 0.022656
0 0.665972 0.614844 0.040278 0.050000
0 0.190278 0.892839 0.088889 0.022656
0 0.568750 0.312109 0.114352 0.017448
0 0.818750 0.179297 0.114352 0.017448
0 0.740046 0.474870 0.095833 0.020052
0 0.774769 0.280208 0.044907 0.042188
0 0.064120 0.763932 0.040278 0.046094
0 0.617361 0.677995 0.072685 0.025260
0 0.459954 0.532161 0.091204 0.020052
0 0.052546 0.469661 0.091204 0.020052
0 0.831481 0.496745 0.037963 0.048177
0 0.895139 0.783464 0.100463 0.017448
0 0.749306 0.273438 0.031019 0.054688
0 0.160185 0.498307 0.084259 0.020052
0 0.406250 0.255859 0.030093 0.055990
0 0.696065 0.431901 0.072685 0.022656
0 0.200694 0.513932 0.081944 0.020052
0 0.149769 0.420182 0.081944 0.020052
0 0.390046 0.888932 0.081019 0.020052
0 0.649306 0.849870 0.108796 0.014844
0 0.469213 0.832682 0.072685 0.022135
0 0.116898 0.550391 0.034722 0.046094
0 0.499306 0.204036 0.105093 0.014844
0 0.059028 0.664974 0.030093 0.051302
0 0.749306 0.171484 0.040278 0.038281
0 0.832176 0.252214 0.067130 0.022656
0 0.234954 0.418880 0.067130 0.022656
0 0.347222 0.662370 0.032407 0.046094
0 0.756250 0.430599 0.072685 0.020052
0 0.244213 0.853516 0.085648 0.016927
0 0.094213 0.736589 0.081944 0.017448
0 0.464120 0.688411 0.034722 0.040885
0 0.834954 0.640885 0.035648 0.039583
0 0.042130 0.300391 0.070370 0.020052
0 0.538657 0.416276 0.035648 0.038281
0 0.233102 0.270443 0.035648 0.038281
0 0.159028 0.836849 0.091204 0.014844
0 0.765509 0.107682 0.091204 0.014844
0 0.524769 0.733333 0.063426 0.021354
0 0.781713 0.150651 0.031019 0.043490
0 0.642824 0.200130 0.077315 0.017448
0 0.846065 0.198828 0.067130 0.020052
0 0.853009 0.666276 0.034722 0.038281
0 0.138194 0.850911 0.077315 0.016927
0 0.669444 0.159115 0.037963 0.034375
0 0.385880 0.603776 0.026389 0.048698
0 0.300231 0.651953 0.086574 0.014844
0 0.390509 0.674089 0.026389 0.048698
0 0.226157 0.875911 0.086574 0.014844
0 0.642824 0.216406 0.068056 0.018750
0 0.674769 0.789974 0.085648 0.014844
0 0.936806 0.318620 0.063426 0.020052
0 0.862731 0.534766 0.063426 0.020052
0 0.080324 0.899349 0.063426 0.020052
0 0.080324 0.110286 0.035648 0.035677
0 0.105787 0.631120 0.031019 0.040885
0 0.286343 0.258724 0.031019 0.040885
0 0.323380 0.514193 0.031019 0.040365
0 0.427083 0.358984 0.071759 0.017448
0 0.119676 0.651953 0.021759 0.056510
0 0.722685 0.681901 0.070370 0.017448
0 0.824537 0.692318 0.070370 0.017448
0 0.297917 0.401953 0.081944 0.014844
0 0.719213 0.282161 0.026389 0.046094
0 0.811806 0.295182 0.026389 0.046094
0 0.469213 0.801042 0.063426 0.018750
0 0.665972 0.321224 0.058796 0.020052
0 0.153935 0.654557 0.025463 0.046094
0 0.233102 0.231380 0.026389 0.043490
0 0.043287 0.601172 0.026389 0.043490
0 0.600000 0.531510 0.084259 0.013542
0 0.846528 0.355078 0.021759 0.051302
0 0.887731 0.378255 0.076389 0.014323
0 0.091898 0.167318 0.031019 0.035156
0 0.459954 0.375911 0.072685 0.014844
0 0.024769 0.847266 0.026389 0.040885
0 0.376620 0.149349 0.072685 0.014844
0 0.691435 0.720703 0.091204 0.011719
0 0.334954 0.271094 0.026389 0.039583
0 0.478472 0.453776 0.072685 0.014323
0 0.411343 0.720964 0.031019 0.033073
0 0.091898 0.830339 0.058796 0.017448
0 0.323380 0.375911 0.068056 0.014844
0 0.554861 0.834245 0.068056 0.014844
0 0.161343 0.094661 0.068056 0.014844
0 0.147454 0.442057 0.031019 0.032552
0 0.899769 0.606380 0.081944 0.012240
0 0.036343 0.412370 0.021759 0.046094
0 0.100694 0.214453 0.067130 0.014844
0 0.118056 0.701432 0.027778 0.035677
0 0.526620 0.141536 0.020833 0.046094
0 0.290972 0.122005 0.077315 0.012240
0 0.712269 0.448828 0.031019 0.030469
0 0.314120 0.555599 0.031019 0.030469
0 0.950231 0.181250 0.025463 0.036979
0 0.807176 0.623307 0.026389 0.035677
0 0.309028 0.832943 0.076389 0.012240
0 0.443750 0.712891 0.021759 0.042969
0 0.251620 0.816406 0.026389 0.033854
0 0.774769 0.760026 0.072685 0.012240
0 0.121991 0.765234 0.026389 0.033073
0 0.315972 0.624609 0.025463 0.033073
0 0.277083 0.136328 0.086574 0.009635
0 0.147454 0.149349 0.086574 0.009635
0 0.915972 0.572526 0.068056 0.012240
0 0.073380 0.549089 0.021759 0.038281
0 0.396991 0.215755 0.067130 0.012240
0 0.927083 0.460547 0.016204 0.048698
0 0.726157 0.597656 0.021759 0.036458
0 0.968750 0.158464 0.016204 0.048698
0 0.890509 0.331641 0.017130 0.046094
0 0.307176 0.114193 0.063426 0.012240
0 0.306713 0.916276 0.062500 0.012240
0 0.214583 0.676693 0.017130 0.043490
0 0.742361 0.499349 0.063426 0.011719
0 0.795602 0.656250 0.021759 0.033854
0 0.587269 0.118099 0.049537 0.014844
0 0.503472 0.506380 0.020833 0.035156
0 0.061806 0.726432 0.026389 0.027344
0 0.647454 0.565755 0.077315 0.009115
0 0.603009 0.500911 0.016204 0.040885
0 0.705324 0.262630 0.017130 0.038281
0 0.691435 0.267578 0.017130 0.037760
0 0.818287 0.118099 0.067130 0.009635
0 0.061343 0.413672 0.016204 0.038281
0 0.480787 0.633464 0.068056 0.009115
0 0.093750 0.762370 0.016204 0.037760
0 0.225694 0.143880 0.067130 0.009115
0 0.209954 0.332943 0.017130 0.033073
0 0.535185 0.226172 0.019444 0.027865
0 0.355324 0.453776 0.057870 0.009115
0 0.785880 0.547786 0.020833 0.025260
0 0.191435 0.761328 0.017130 0.030469
0 0.885880 0.511328 0.017130 0.030469
0 0.268981 0.628516 0.014815 0.030469
0 0.527083 0.086849 0.021759 0.020052
0 0.932176 0.773047 0.035648 0.012240
0 0.168287 0.756120 0.017130 0.020052
0 0.008565 0.741797 0.012500 0.012240
