0 0.157870 0.324870 0.061111 0.079427
0 0.064120 0.633073 0.058796 0.081250
0 0.221528 0.845964 0.114352 0.038281
0 0.100000 0.714193 0.056481 0.076823
0 0.149769 0.885026 0.054167 0.079948
0 0.478472 0.208333 0.063426 0.065104
0 0.663657 0.866797 0.118981 0.033073
0 0.703009 0.318620 0.123611 0.030469
0 0.147454 0.831380 0.040278 0.092448
0 0.226157 0.780859 0.058796 0.059115
0 0.282870 0.282161 0.061111 0.056510
0 0.068750 0.771745 0.058796 0.056510
0 0.920602 0.670182 0.049537 0.061719
0 0.265509 0.460547 0.054167 0.053906
0 0.203009 0.217057 0.114352 0.025260
0 0.290972 0.604818 0.114352 0.024740
0 0.091898 0.459245 0.049537 0.056510
0 0.362731 0.599870 0.091204 0.030469
0 0.793981 0.515234 0.037037 0.069531
0 0.209954 0.521745 0.100463 0.025260
0 0.418287 0.516536 0.100463 0.025260
0 0.804861 0.462500 0.105093 0.023958
0 0.060648 0.872005 0.042593 0.053906
0 0.043287 0.142839 0.081944 0.027865
0 0.788194 0.566016 0.090278 0.025260
0 0.543287 0.205078 0.081944 0.027344
0 0.196065 0.336849 0.035648 0.061719
0 0.196065 0.396484 0.109722 0.019531
0 0.843750 0.120703 0.081019 0.025260
0 0.112731 0.422786 0.035648 0.056510
0 0.140509 0.258464 0.100463 0.019531
0 0.911343 0.624609 0.086574 0.022656
0 0.142824 0.510026 0.040278 0.048698
0 0.499306 0.326432 0.077315 0.025260
0 0.536343 0.793620 0.114352 0.016927
0 0.466898 0.659505 0.077315 0.024740
0 0.307176 0.813411 0.128241 0.014844
0 0.440278 0.558203 0.033333 0.056510
0 0.538657 0.603776 0.081944 0.022656
0 0.422917 0.336849 0.044907 0.040885
0 0.103472 0.821224 0.044907 0.040885
0 0.760417 0.534766 0.034722 0.051302
0 0.362037 0.317969 0.074074 0.023958
0 0.440278 0.811849 0.079630 0.022135
0 0.119676 0.211849 0.031019 0.056510
0 0.050231 0.215755 0.040278 0.043490
0 0.597685 0.800391 0.033333 0.051302
0 0.772454 0.107422 0.086574 0.019531
0 0.153935 0.611589 0.034722 0.048698
0 0.221065 0.663411 0.039352 0.042969
0 0.523148 0.766276 0.041667 0.040365
0 0.121991 0.132422 0.072685 0.022656
0 0.816435 0.843359 0.091204 0.017448
0 0.682870 0.155599 0.037037 0.042969
0 0.508565 0.253516 0.077315 0.020052
0 0.034028 0.236589 0.035648 0.043490
0 0.527083 0.730078 0.077315 0.020052
0 0.503935 0.717057 0.077315 0.020052
0 0.272454 0.338151 0.040278 0.038281
0 0.138194 0.754818 0.068056 0.022656
0 0.091898 0.213151 0.040278 0.038281
0 0.080324 0.863932 0.035648 0.042969
0 0.669444 0.343359 0.065741 0.022656
0 0.909028 0.401693 0.026389 0.055990
0 0.207639 0.188411 0.021759 0.066927
0 0.605324 0.575130 0.020833 0.069531
0 0.191435 0.610286 0.035648 0.040885
0 0.315278 0.452474 0.033333 0.042969
0 0.196065 0.497005 0.026389 0.053906
0 0.235417 0.343099 0.021759 0.063802
0 0.744676 0.154297 0.095833 0.014323
0 0.420602 0.873307 0.068056 0.020052
0 0.140509 0.243099 0.091204 0.014844
0 0.858102 0.159766 0.026389 0.051302
0 0.492361 0.988542 0.063426 0.021354
0 0.226157 0.566016 0.021759 0.061719
0 0.288657 0.254557 0.035648 0.037760
0 0.460417 0.157161 0.090278 0.014844
0 0.668287 0.675781 0.063426 0.020833
0 0.712269 0.136328 0.086574 0.014844
0 0.323380 0.526302 0.068056 0.018750
0 0.760880 0.125911 0.063426 0.020052
0 0.413657 0.691016 0.026389 0.046094
0 0.594213 0.201432 0.026389 0.046094
0 0.830324 0.870703 0.026389 0.046094
0 0.228472 0.297786 0.081944 0.014844
0 0.307176 0.563411 0.026389 0.046094
0 0.957639 0.460938 0.031019 0.039062
0 0.642824 0.814714 0.031019 0.038281
0 0.564120 0.547786 0.058796 0.020052
0 0.925231 0.579036 0.058796 0.020052
0 0.480324 0.122005 0.067130 0.017448
0 0.013194 0.501953 0.021759 0.053385
0 0.941435 0.267839 0.026389 0.043490
0 0.505787 0.702474 0.034722 0.032552
0 0.851157 0.347266 0.021759 0.051302
0 0.221528 0.730078 0.021759 0.051302
0 0.524306 0.413672 0.090278 0.012240
0 0.572917 0.131771 0.020833 0.052604
0 0.120833 0.305339 0.024074 0.045573
0 0.341898 0.635677 0.021759 0.050000
0 0.746991 0.547786 0.026389 0.040885
0 0.583333 0.606120 0.032407 0.032552
0 0.332176 0.519141 0.067130 0.014844
0 0.702546 0.192318 0.030093 0.033073
0 0.509722 0.843359 0.079630 0.012240
0 0.545602 0.114193 0.021759 0.043490
0 0.415972 0.577734 0.021759 0.043490
0 0.929861 0.735286 0.031019 0.030469
0 0.455324 0.420182 0.026389 0.035677
0 0.219213 0.484635 0.026389 0.034375
0 0.573380 0.248307 0.021759 0.040885
0 0.286343 0.454036 0.021759 0.040885
0 0.700694 0.666276 0.026389 0.033073
0 0.543287 0.567318 0.026389 0.033073
0 0.426389 0.607682 0.024074 0.035677
0 0.902083 0.213151 0.068056 0.012240
0 0.165972 0.158464 0.021759 0.038281
0 0.087269 0.572266 0.021759 0.037760
0 0.600000 0.172786 0.019444 0.040885
0 0.418287 0.355078 0.081944 0.009635
0 0.121528 0.576432 0.053241 0.014844
0 0.330324 0.905859 0.063426 0.012240
0 0.874306 0.375651 0.021759 0.035156
0 0.899306 0.521745 0.016204 0.046094
0 0.353472 0.562109 0.017130 0.043490
0 0.890046 0.573568 0.016204 0.045573
0 0.654398 0.374609 0.026389 0.027865
0 0.022454 0.569922 0.021759 0.033073
0 0.466898 0.593359 0.058796 0.012240
0 0.431713 0.218359 0.016204 0.043490
0 0.701852 0.810156 0.084259 0.008333
0 0.168287 0.771484 0.017130 0.040365
0 0.895139 0.336849 0.026389 0.025260
0 0.045602 0.154557 0.068056 0.009635
0 0.640509 0.671484 0.017130 0.038281
0 0.647454 0.631120 0.068056 0.009635
0 0.057176 0.559245 0.017130 0.037760
0 0.839120 0.225911 0.016204 0.037760
0 0.821065 0.816016 0.063426 0.009635
0 0.459954 0.560807 0.017130 0.035677
0 0.562963 0.573828 0.019444 0.030469
0 0.218750 0.336849 0.016204 0.035677
0 0.792824 0.206641 0.016204 0.035677
0 0.630787 0.123047 0.062500 0.009115
0 0.850694 0.095703 0.048611 0.011719
0 0.682176 0.541276 0.017130 0.033073
0 0.360417 0.641927 0.021759 0.026042
0 0.637731 0.771745 0.057870 0.009635
0 0.487731 0.517839 0.044907 0.012240
0 0.087269 0.763932 0.021759 0.025260
0 0.524306 0.013932 0.053241 0.009635
0 0.571065 0.166927 0.017130 0.029167
0 0.142824 0.739193 0.021759 0.022656
0 0.253935 0.273047 0.040278 0.012240
0 0.920602 0.282161 0.012500 0.035677
0 0.573380 0.079036 0.021759 0.020052
0 0.089583 0.343359 0.017130 0.022656
0 0.975000 0.004557 0.047222 0.006510
0 0.543287 0.077734 0.017130 0.017448
