0 0.531713 0.616797 0.225463 0.043490
0 0.882407 0.231380 0.084259 0.079948
0 0.596528 0.835286 0.169907 0.032552
0 0.196065 0.825130 0.137500 0.033073
0 0.522454 0.300391 0.058796 0.066927
0 0.075694 0.633724 0.054167 0.072135
0 0.964583 0.088151 0.035648 0.095573
0 0.866898 0.551432 0.053241 0.058594
0 0.788657 0.379818 0.128241 0.022656
0 0.237731 0.078776 0.100463 0.024740
0 0.142824 0.307552 0.040278 0.055208
0 0.942593 0.194922 0.112037 0.017448
0 0.961111 0.172786 0.075000 0.025260
0 0.511574 0.412370 0.074074 0.025260
0 0.894676 0.727474 0.025463 0.072135
0 0.661343 0.873307 0.086574 0.020052
0 0.147454 0.855078 0.114352 0.014844
0 0.783565 0.209896 0.034722 0.047396
0 0.973843 0.581641 0.035648 0.040885
0 0.598843 0.175391 0.072685 0.020052
0 0.834954 0.089453 0.035648 0.040885
0 0.816435 0.181901 0.026389 0.053906
0 0.744676 0.491797 0.021759 0.064323
0 0.232639 0.606380 0.025463 0.053906
0 0.851157 0.132422 0.077315 0.017448
0 0.920139 0.562109 0.020833 0.064323
0 0.971528 0.102474 0.021759 0.056510
0 0.663657 0.266276 0.026389 0.045573
0 0.325694 0.537109 0.026389 0.045573
0 0.531713 0.155859 0.095833 0.012240
0 0.385880 0.650651 0.072685 0.012240
0 0.957639 0.060807 0.021759 0.040885
0 0.464583 0.629818 0.063426 0.012240
0 0.913657 0.172135 0.026389 0.029167
0 0.797917 0.133724 0.017130 0.040885
0 0.112731 0.506120 0.017130 0.040885
0 0.098843 0.993099 0.044907 0.009635
