0 0.061806 0.737891 0.063426 0.092969
0 0.473843 0.118099 0.137500 0.040885
0 0.413657 0.195573 0.137500 0.034375
0 0.186111 0.424089 0.064815 0.069531
0 0.449537 0.392839 0.116667 0.038281
0 0.170602 0.848568 0.114352 0.033073
0 0.578009 0.291276 0.058796 0.064323
0 0.191435 0.721615 0.100463 0.034375
0 0.149306 0.638281 0.118056 0.029167
0 0.383102 0.551693 0.113426 0.027865
0 0.705324 0.592057 0.118981 0.025260
0 0.184491 0.920182 0.095833 0.025260
0 0.367361 0.148047 0.044907 0.053906
0 0.272454 0.332943 0.049537 0.048698
0 0.385417 0.765885 0.099537 0.023958
0 0.535880 0.510026 0.039352 0.059115
0 0.240046 0.228776 0.132870 0.017448
0 0.503935 0.448828 0.049537 0.046094
0 0.392824 0.823828 0.040278 0.056510
0 0.214583 0.478776 0.128241 0.017448
0 0.328009 0.644141 0.086574 0.025260
0 0.707639 0.408464 0.095833 0.022656
0 0.619676 0.256120 0.105093 0.020052
0 0.094213 0.868099 0.044907 0.046094
0 0.270139 0.805599 0.044907 0.046094
0 0.325694 0.334245 0.081944 0.025260
0 0.570602 0.765234 0.118056 0.017448
0 0.251620 0.641276 0.044907 0.045573
0 0.862731 0.242839 0.100463 0.019531
0 0.797454 0.831641 0.034722 0.056510
0 0.904398 0.739193 0.044907 0.043490
0 0.103472 0.353776 0.044907 0.043490
0 0.603472 0.791276 0.044907 0.043490
0 0.313657 0.400651 0.085648 0.022656
0 0.034028 0.259766 0.035648 0.053385
0 0.699537 0.334245 0.024074 0.077344
0 0.091898 0.144141 0.040278 0.046094
0 0.838426 0.470964 0.042593 0.043490
0 0.869676 0.872005 0.105093 0.017448
0 0.066435 0.368099 0.035648 0.051302
0 0.293287 0.566016 0.091204 0.020052
0 0.784028 0.758724 0.035648 0.051302
0 0.029398 0.508724 0.035648 0.051302
0 0.681713 0.702474 0.081019 0.022135
0 0.197917 0.164323 0.039352 0.044792
0 0.821065 0.640234 0.100463 0.017448
0 0.128935 0.460547 0.040278 0.043490
0 0.446065 0.315365 0.072685 0.023958
0 0.580324 0.608724 0.100463 0.016927
0 0.233102 0.125000 0.072685 0.023438
0 0.466898 0.775651 0.031019 0.053906
0 0.147454 0.232682 0.040278 0.040885
0 0.899769 0.282161 0.035648 0.046094
0 0.520139 0.638932 0.109722 0.014844
0 0.552546 0.232422 0.035648 0.045573
0 0.607639 0.336849 0.108796 0.014844
0 0.165972 0.599870 0.031019 0.051302
0 0.712269 0.196875 0.040278 0.039583
0 0.351157 0.529557 0.105093 0.014844
0 0.182176 0.387630 0.026389 0.059115
0 0.853472 0.569922 0.035648 0.043490
0 0.234954 0.396745 0.030093 0.051302
0 0.517824 0.793880 0.040278 0.038281
0 0.152083 0.158464 0.086574 0.017448
0 0.105787 0.551693 0.031019 0.048698
0 0.823380 0.395443 0.086574 0.017448
0 0.244676 0.889974 0.068056 0.022135
0 0.788657 0.318620 0.026389 0.056510
0 0.748148 0.163672 0.065741 0.022656
0 0.209954 0.633724 0.072685 0.020052
0 0.386574 0.187109 0.083333 0.017448
0 0.468750 0.894141 0.071759 0.020052
0 0.104630 0.262370 0.037963 0.037760
0 0.534028 0.273047 0.081944 0.017448
0 0.464583 0.226172 0.081944 0.017448
0 0.584954 0.560547 0.072685 0.019531
0 0.792824 0.184505 0.081019 0.017448
0 0.740741 0.506120 0.069444 0.020052
0 0.925231 0.564453 0.031019 0.042969
0 0.896296 0.465755 0.075000 0.017448
0 0.251620 0.374609 0.026389 0.048698
0 0.307176 0.756120 0.035648 0.035677
0 0.850694 0.780859 0.020833 0.059115
0 0.404398 0.907161 0.081944 0.014844
0 0.550231 0.622005 0.068056 0.017448
0 0.235417 0.184505 0.031019 0.038281
0 0.878935 0.366797 0.031019 0.038281
0 0.918287 0.228776 0.035648 0.033073
0 0.638194 0.231380 0.095833 0.012240
0 0.876620 0.213542 0.026389 0.044271
0 0.810185 0.620703 0.078704 0.014844
0 0.084954 0.322526 0.026389 0.043490
0 0.531713 0.173437 0.031019 0.036979
0 0.365046 0.582031 0.031019 0.036458
0 0.762731 0.340755 0.020833 0.053906
0 0.133565 0.771745 0.031019 0.035677
0 0.219213 0.589453 0.072685 0.014844
0 0.205324 0.516536 0.072685 0.014844
0 0.956481 0.573177 0.028704 0.036979
0 0.436343 0.116536 0.062500 0.016927
0 0.925231 0.171484 0.031019 0.033073
0 0.804861 0.366797 0.031019 0.033073
0 0.561806 0.908464 0.081944 0.012240
0 0.855787 0.706641 0.021759 0.046094
0 0.684491 0.175391 0.021759 0.046094
0 0.950694 0.416016 0.026389 0.037760
0 0.225694 0.152604 0.020833 0.047396
0 0.542130 0.366797 0.079630 0.012240
0 0.955324 0.737891 0.017130 0.056510
0 0.341898 0.257422 0.021759 0.043490
0 0.378935 0.129818 0.021759 0.043490
0 0.848843 0.209245 0.026389 0.035677
0 0.256250 0.107682 0.026389 0.035677
0 0.038657 0.763932 0.026389 0.035677
0 0.159028 0.125911 0.063426 0.014844
0 0.156250 0.108984 0.076389 0.012240
0 0.332639 0.891536 0.021759 0.040885
0 0.899769 0.603776 0.072685 0.012240
0 0.358102 0.855078 0.017130 0.051302
0 0.617361 0.532813 0.054167 0.016146
0 0.124306 0.120703 0.058796 0.014844
0 0.112731 0.330339 0.026389 0.033073
0 0.348843 0.723307 0.072685 0.011719
0 0.399769 0.785807 0.072685 0.011719
0 0.733102 0.115495 0.054167 0.014844
0 0.141667 0.358984 0.028704 0.027865
0 0.184491 0.735026 0.086574 0.009115
0 0.013194 0.756120 0.021759 0.035677
0 0.777083 0.474870 0.021759 0.035677
0 0.208796 0.495703 0.051852 0.014844
0 0.501620 0.348568 0.017130 0.043490
0 0.529398 0.450130 0.017130 0.043490
0 0.853472 0.538672 0.026389 0.027865
0 0.121528 0.304948 0.016204 0.044792
0 0.675231 0.585547 0.058796 0.012240
0 0.080324 0.232682 0.072685 0.009635
0 0.418287 0.329036 0.017130 0.040885
0 0.334954 0.263932 0.017130 0.040885
0 0.752778 0.717057 0.047222 0.014844
0 0.089583 0.516276 0.072685 0.009115
0 0.522454 0.735286 0.021759 0.030469
0 0.874306 0.391536 0.021759 0.030469
0 0.621991 0.452734 0.017130 0.038281
0 0.346528 0.782161 0.068056 0.009635
0 0.738194 0.598568 0.053241 0.012240
0 0.066435 0.581380 0.026389 0.024740
0 0.721065 0.638932 0.020833 0.030469
0 0.765509 0.696224 0.017130 0.035677
0 0.154398 0.792578 0.063426 0.009635
0 0.918287 0.524349 0.063426 0.009635
0 0.829861 0.552344 0.025463 0.023958
0 0.417130 0.235286 0.024074 0.025260
0 0.138194 0.426693 0.021759 0.027865
0 0.358102 0.714193 0.063426 0.009115
0 0.760417 0.308203 0.016204 0.035677
0 0.681713 0.250651 0.016204 0.035156
0 0.233102 0.720964 0.017130 0.033073
0 0.013194 0.179297 0.021759 0.022656
0 0.066435 0.826432 0.017130 0.025260
0 0.953009 0.299089 0.012500 0.033073
0 0.902083 0.218099 0.012500 0.032552
0 0.427546 0.181901 0.017130 0.022656
0 0.535185 0.335547 0.010185 0.033073
