0 0.177546 0.749609 0.211574 0.059115
0 0.753935 0.888932 0.151389 0.040885
0 0.790972 0.802995 0.068056 0.072135
0 0.096528 0.579036 0.058796 0.066927
0 0.221528 0.388932 0.105093 0.035677
0 0.883102 0.305599 0.122685 0.030469
0 0.659028 0.753516 0.054167 0.066927
0 0.193750 0.601562 0.058796 0.059896
0 0.730787 0.218359 0.105093 0.033073
0 0.170602 0.775651 0.105093 0.033073
0 0.522454 0.426693 0.105093 0.033073
0 0.608102 0.101823 0.128241 0.023958
0 0.582639 0.341406 0.095833 0.029167
0 0.100000 0.486589 0.121296 0.022656
0 0.311806 0.289714 0.109722 0.024740
0 0.362269 0.460547 0.043981 0.059115
0 0.127778 0.252604 0.047222 0.054688
0 0.934491 0.245703 0.049537 0.051302
0 0.473843 0.766536 0.100463 0.025260
0 0.696065 0.336849 0.044907 0.056510
0 0.752778 0.584245 0.047222 0.051302
0 0.128935 0.735286 0.095833 0.025260
0 0.240046 0.765234 0.086574 0.027865
0 0.769676 0.607031 0.043981 0.050000
0 0.678704 0.487630 0.112037 0.019531
0 0.094213 0.332943 0.044907 0.048698
0 0.784028 0.189714 0.044907 0.048698
0 0.453009 0.778255 0.095833 0.022656
0 0.578009 0.870703 0.105093 0.020052
0 0.131250 0.654557 0.081944 0.025260
0 0.557176 0.845964 0.091204 0.022656
0 0.664815 0.193620 0.102778 0.020052
0 0.557176 0.774089 0.044907 0.045573
0 0.428704 0.591797 0.102778 0.019531
0 0.381250 0.252214 0.044907 0.043490
0 0.760880 0.687109 0.044907 0.043490
0 0.950694 0.414323 0.091204 0.021354
0 0.138194 0.177995 0.095833 0.020052
0 0.940972 0.351172 0.043981 0.043490
0 0.534722 0.804297 0.083333 0.022656
0 0.772454 0.232422 0.095833 0.019531
0 0.895139 0.290365 0.044907 0.041667
0 0.571065 0.142839 0.081944 0.022656
0 0.536343 0.453776 0.040278 0.045573
0 0.876620 0.191016 0.044907 0.040885
0 0.682176 0.206641 0.072685 0.025260
0 0.716898 0.554948 0.040278 0.044792
0 0.459491 0.373568 0.043981 0.040365
0 0.948380 0.236589 0.040278 0.043490
0 0.764352 0.360286 0.042593 0.040885
0 0.378935 0.230078 0.086574 0.020052
0 0.858102 0.541016 0.035648 0.048177
0 0.385880 0.425391 0.035648 0.046094
0 0.512731 0.574870 0.030093 0.053385
0 0.360417 0.263932 0.031019 0.051302
0 0.679861 0.886328 0.077315 0.020052
0 0.573380 0.674089 0.068056 0.022656
0 0.318750 0.668880 0.031019 0.048698
0 0.882407 0.753516 0.075000 0.020052
0 0.098380 0.612891 0.034722 0.040885
0 0.056713 0.292578 0.034722 0.040885
0 0.514352 0.310807 0.070370 0.020052
0 0.830324 0.620052 0.035648 0.039583
0 0.827546 0.422786 0.030093 0.046094
0 0.281713 0.538672 0.077315 0.017448
0 0.089120 0.277995 0.034722 0.037760
0 0.278935 0.203776 0.025463 0.050781
0 0.936806 0.730078 0.035648 0.035677
0 0.131250 0.170182 0.035648 0.035677
0 0.527083 0.320964 0.086574 0.014323
0 0.520139 0.174089 0.100463 0.012240
0 0.611574 0.603776 0.070370 0.017448
0 0.527083 0.679948 0.031019 0.039583
0 0.726157 0.354818 0.021759 0.055990
0 0.473380 0.193359 0.062500 0.019531
0 0.418287 0.579036 0.081944 0.014844
0 0.270139 0.459245 0.081944 0.014844
0 0.513889 0.224870 0.060185 0.020052
0 0.459954 0.705990 0.063426 0.018750
0 0.494676 0.689714 0.031019 0.038281
0 0.628935 0.163672 0.068056 0.017448
0 0.566435 0.622396 0.063426 0.018229
0 0.906713 0.817057 0.068056 0.016927
0 0.744213 0.369401 0.030093 0.038281
0 0.661343 0.141536 0.077315 0.014844
0 0.152083 0.782161 0.077315 0.014844
0 0.851157 0.696224 0.021759 0.051302
0 0.383565 0.709245 0.021759 0.051302
0 0.895139 0.840755 0.091204 0.012240
0 0.356944 0.558203 0.024074 0.046094
0 0.828009 0.097266 0.031019 0.035677
0 0.828009 0.388932 0.031019 0.035677
0 0.332639 0.644141 0.031019 0.035677
0 0.686806 0.543880 0.063426 0.017448
0 0.436806 0.411068 0.063426 0.017448
0 0.441435 0.724870 0.072685 0.014844
0 0.297917 0.802995 0.072685 0.014844
0 0.941435 0.148307 0.063426 0.016927
0 0.334954 0.263672 0.026389 0.040365
0 0.814120 0.552344 0.031019 0.034375
0 0.491898 0.408203 0.090278 0.011719
0 0.666667 0.176693 0.060185 0.017448
0 0.777083 0.406250 0.031019 0.033854
0 0.742361 0.666276 0.026389 0.038281
0 0.799769 0.309245 0.020833 0.048177
0 0.351157 0.709245 0.021759 0.046094
0 0.730787 0.657161 0.021759 0.046094
0 0.478472 0.181901 0.081944 0.012240
0 0.871991 0.624349 0.026389 0.037760
0 0.474537 0.516536 0.064815 0.014844
0 0.369213 0.365755 0.020833 0.045573
0 0.115046 0.189714 0.077315 0.012240
0 0.749306 0.103776 0.021759 0.043490
0 0.170602 0.310807 0.031019 0.030469
0 0.679861 0.659766 0.031019 0.030469
0 0.918287 0.172786 0.026389 0.035677
0 0.825694 0.860286 0.063426 0.014844
0 0.052546 0.355078 0.026389 0.035677
0 0.214120 0.131120 0.062500 0.014844
0 0.598843 0.793620 0.054167 0.016927
0 0.694907 0.597266 0.061111 0.014844
0 0.601157 0.441016 0.021759 0.040885
0 0.159028 0.145443 0.072685 0.012240
0 0.703009 0.623307 0.021759 0.040885
0 0.223843 0.631120 0.091204 0.009635
0 0.615046 0.748047 0.021759 0.040365
0 0.751620 0.112240 0.063426 0.013542
0 0.174769 0.443620 0.057870 0.014844
0 0.392824 0.151042 0.021759 0.039062
0 0.848843 0.465755 0.017130 0.048698
0 0.703009 0.525651 0.068056 0.012240
0 0.499306 0.668880 0.021759 0.038281
0 0.337269 0.577734 0.021759 0.038281
0 0.706481 0.295833 0.019444 0.042188
0 0.452546 0.879818 0.067130 0.012240
0 0.459954 0.672786 0.054167 0.014844
0 0.413657 0.691016 0.054167 0.014844
0 0.408565 0.447526 0.016204 0.048698
0 0.777083 0.498047 0.021759 0.035156
0 0.922917 0.674089 0.017130 0.043490
0 0.881250 0.689714 0.017130 0.043490
0 0.535185 0.692057 0.019444 0.037760
0 0.506250 0.483724 0.026389 0.027344
0 0.550231 0.569922 0.021759 0.033073
0 0.740046 0.919922 0.077315 0.009115
0 0.668287 0.336849 0.017130 0.040885
0 0.029398 0.704036 0.017130 0.040885
0 0.848843 0.138932 0.072685 0.009635
0 0.446065 0.454036 0.017130 0.040885
0 0.505787 0.750911 0.071759 0.009635
0 0.896991 0.481380 0.020833 0.033073
0 0.834491 0.339453 0.016204 0.040885
0 0.890046 0.547786 0.016204 0.040885
0 0.274769 0.655859 0.017130 0.038281
0 0.446065 0.536068 0.017130 0.038281
0 0.750463 0.400651 0.014815 0.043490
0 0.635880 0.791016 0.054167 0.011719
0 0.455324 0.485286 0.063426 0.009635
0 0.181713 0.412370 0.062500 0.009635
0 0.080324 0.555859 0.017130 0.035156
0 0.918287 0.236589 0.017130 0.033073
0 0.578009 0.691016 0.058796 0.009635
0 0.778935 0.348958 0.016204 0.033854
0 0.413657 0.085547 0.044907 0.012240
0 0.082176 0.750651 0.057870 0.009115
0 0.608102 0.866536 0.044907 0.011719
0 0.943750 0.525651 0.012500 0.038281
0 0.293287 0.608984 0.017130 0.027865
0 0.783565 0.122005 0.016204 0.027865
0 0.661343 0.712240 0.021759 0.020833
0 0.156250 0.162109 0.048611 0.009115
0 0.957639 0.635677 0.012500 0.034375
0 0.693287 0.685807 0.020833 0.020052
0 0.444907 0.138672 0.042593 0.009115
0 0.885880 0.381120 0.017130 0.020052
0 0.753472 0.547526 0.011574 0.019531
