0 0.536343 0.615495 0.225463 0.046094
0 0.760417 0.110286 0.182870 0.051302
0 0.605787 0.132422 0.179167 0.043490
0 0.554861 0.833984 0.068056 0.066406
0 0.152083 0.863932 0.114352 0.037760
0 0.772454 0.822526 0.049537 0.074740
0 0.079861 0.758724 0.062500 0.056510
0 0.557176 0.220964 0.044907 0.074740
0 0.885417 0.167578 0.164352 0.020052
0 0.883565 0.859635 0.058796 0.055208
0 0.881250 0.063411 0.100463 0.030469
0 0.080324 0.706380 0.100463 0.029948
0 0.852315 0.144141 0.107407 0.025260
0 0.838426 0.063411 0.088889 0.030469
0 0.758565 0.151693 0.049537 0.050781
0 0.186806 0.638932 0.035648 0.066927
0 0.770139 0.849219 0.044907 0.050000
0 0.316435 0.289974 0.035648 0.061719
0 0.506250 0.254818 0.044907 0.048698
0 0.385880 0.256120 0.100463 0.020052
0 0.311343 0.417969 0.034722 0.052083
0 0.476852 0.272786 0.041667 0.042969
0 0.740046 0.320573 0.086574 0.018750
0 0.645139 0.144141 0.100463 0.014844
0 0.943750 0.851172 0.021759 0.064323
0 0.966435 0.568359 0.030093 0.045573
0 0.956481 0.157161 0.084259 0.014844
0 0.944213 0.670182 0.030093 0.040885
0 0.587269 0.538672 0.068056 0.017448
0 0.406713 0.292578 0.021759 0.051302
0 0.154398 0.546484 0.081944 0.012240
0 0.647454 0.077734 0.077315 0.012240
0 0.851157 0.210286 0.049537 0.016927
0 0.309028 0.735026 0.057870 0.014323
0 0.159028 0.619401 0.017130 0.038281
0 0.773611 0.097266 0.024074 0.025260
