0 0.538657 0.618099 0.230093 0.040885
0 0.965741 0.836849 0.065741 0.103385
0 0.686806 0.343359 0.118981 0.027865
0 0.315972 0.550391 0.043981 0.072135
0 0.236574 0.592057 0.033333 0.092969
0 0.214120 0.419922 0.043981 0.066406
0 0.149769 0.266536 0.035648 0.077344
0 0.580324 0.411068 0.118981 0.022656
0 0.376620 0.360677 0.035648 0.072917
0 0.612731 0.549089 0.128241 0.017448
0 0.344213 0.276953 0.035648 0.061719
0 0.934491 0.537370 0.086574 0.025260
0 0.420602 0.369401 0.040278 0.053906
0 0.554861 0.347266 0.105093 0.020052
0 0.209491 0.275000 0.043981 0.047396
0 0.642824 0.407161 0.040278 0.051302
0 0.143981 0.538021 0.042593 0.047396
0 0.464583 0.361589 0.026389 0.074740
0 0.258565 0.481380 0.031019 0.059115
0 0.179861 0.811849 0.031019 0.058594
0 0.487731 0.086589 0.072685 0.024740
0 0.834954 0.283464 0.100463 0.017448
0 0.902083 0.082943 0.040278 0.043490
0 0.200694 0.338151 0.072685 0.022656
0 0.284028 0.399349 0.026389 0.061719
0 0.487731 0.047786 0.072685 0.020052
0 0.411343 0.870964 0.021759 0.066406
0 0.979630 0.121354 0.037963 0.036979
0 0.145139 0.413672 0.026389 0.048698
0 0.621991 0.472266 0.035648 0.035677
0 0.182176 0.732682 0.081944 0.014844
0 0.589120 0.446224 0.081019 0.014844
0 0.693750 0.350521 0.105093 0.010937
0 0.491204 0.389193 0.024074 0.045573
0 0.920139 0.599219 0.020833 0.050000
0 0.098843 0.463802 0.026389 0.039583
0 0.094213 0.572917 0.017130 0.039062
0 0.411343 0.504818 0.021759 0.027865
0 0.365046 0.123307 0.058796 0.009635
0 0.689120 0.248307 0.058796 0.009635
0 0.439120 0.510026 0.012500 0.038281
