0 0.366898 0.840755 0.053241 0.095573
0 0.297917 0.789974 0.044907 0.103385
0 0.647454 0.530208 0.068056 0.063021
0 0.215741 0.832943 0.065741 0.064323
0 0.453009 0.886328 0.105093 0.035677
0 0.821065 0.902995 0.109722 0.032552
0 0.716898 0.882422 0.114352 0.027865
0 0.147454 0.122005 0.058796 0.053906
0 0.583796 0.909505 0.125926 0.024740
0 0.061806 0.217057 0.044907 0.066927
0 0.908565 0.149349 0.090278 0.030469
0 0.171759 0.567318 0.042593 0.064323
0 0.109954 0.478385 0.094907 0.028646
0 0.311806 0.723568 0.044907 0.059115
0 0.670139 0.280859 0.048611 0.053906
0 0.427546 0.204036 0.100463 0.025260
0 0.559491 0.593359 0.049537 0.048698
0 0.783565 0.664714 0.034722 0.066406
0 0.862731 0.222005 0.044907 0.050781
0 0.394676 0.766276 0.090278 0.024740
0 0.089583 0.525651 0.044907 0.048698
0 0.140509 0.765234 0.044907 0.048698
0 0.346528 0.231380 0.123611 0.017448
0 0.584954 0.149349 0.081944 0.025260
0 0.723843 0.831641 0.081944 0.025260
0 0.679398 0.722266 0.039352 0.051302
0 0.744676 0.483984 0.086574 0.022656
0 0.881250 0.629818 0.044907 0.043490
0 0.751620 0.780859 0.109722 0.017448
0 0.089583 0.339453 0.072685 0.025260
0 0.626620 0.766536 0.044907 0.040885
0 0.135880 0.305599 0.044907 0.040885
0 0.950694 0.375911 0.035648 0.051302
0 0.389352 0.681901 0.079630 0.022656
0 0.936343 0.526953 0.034722 0.051302
0 0.661343 0.374609 0.040278 0.043490
0 0.133565 0.418880 0.040278 0.043490
0 0.064120 0.611589 0.040278 0.043490
0 0.936806 0.733984 0.072685 0.022656
0 0.547917 0.780859 0.072685 0.022656
0 0.850694 0.726823 0.039352 0.039583
0 0.061806 0.301042 0.072685 0.021354
0 0.427546 0.486589 0.035648 0.043490
0 0.596528 0.601172 0.040278 0.038281
0 0.670602 0.778255 0.040278 0.038281
0 0.156250 0.336849 0.076389 0.020052
0 0.040509 0.569922 0.067130 0.022656
0 0.385880 0.847266 0.026389 0.056510
0 0.317593 0.718359 0.065741 0.022656
0 0.140509 0.513932 0.072685 0.020052
0 0.159028 0.607682 0.035648 0.040885
0 0.786343 0.795833 0.068056 0.021354
0 0.934028 0.452474 0.030093 0.048177
0 0.552083 0.355078 0.025463 0.056510
0 0.418287 0.822526 0.026389 0.053906
0 0.214583 0.672526 0.072685 0.019531
0 0.763194 0.227214 0.031019 0.045573
0 0.615741 0.482682 0.069444 0.020052
0 0.455324 0.520182 0.081944 0.016927
0 0.232639 0.731380 0.025463 0.053906
0 0.647454 0.723568 0.031019 0.043490
0 0.624306 0.655859 0.031019 0.043490
0 0.927546 0.116536 0.035648 0.037760
0 0.828009 0.793620 0.031019 0.042969
0 0.471528 0.094401 0.068056 0.019531
0 0.168287 0.861979 0.026389 0.049479
0 0.242361 0.632422 0.026389 0.048698
0 0.586806 0.857682 0.085648 0.014844
0 0.663657 0.235286 0.035648 0.035677
0 0.962269 0.417578 0.031019 0.040885
0 0.612269 0.913672 0.071759 0.017448
0 0.515509 0.615755 0.035648 0.035156
0 0.038657 0.508724 0.026389 0.046094
0 0.395139 0.138932 0.081944 0.014844
0 0.853472 0.167578 0.026389 0.046094
0 0.034028 0.620703 0.026389 0.046094
0 0.973843 0.342057 0.026389 0.046094
0 0.182176 0.657161 0.081944 0.014844
0 0.175231 0.835547 0.068056 0.017448
0 0.091898 0.422786 0.058796 0.020052
0 0.084954 0.731380 0.035648 0.033073
0 0.524769 0.763672 0.081944 0.014323
0 0.204861 0.888932 0.025463 0.046094
0 0.524306 0.672786 0.025463 0.046094
0 0.251620 0.291016 0.035648 0.032552
0 0.328704 0.730729 0.069444 0.016146
0 0.429861 0.701172 0.077315 0.014323
0 0.709491 0.429297 0.090278 0.012240
0 0.205324 0.648047 0.063426 0.017448
0 0.119676 0.685156 0.058796 0.018750
0 0.922917 0.384115 0.026389 0.041667
0 0.698380 0.798438 0.068056 0.016146
0 0.932176 0.295182 0.072685 0.014844
0 0.728472 0.323828 0.026389 0.040885
0 0.221528 0.366797 0.086574 0.012240
0 0.200231 0.576823 0.025463 0.041667
0 0.200231 0.388672 0.025463 0.040365
0 0.619676 0.340755 0.031019 0.033073
0 0.651620 0.111589 0.057870 0.017448
0 0.128935 0.379557 0.031019 0.032552
0 0.276620 0.676432 0.020833 0.048177
0 0.142824 0.237891 0.021759 0.046094
0 0.855787 0.532161 0.021759 0.046094
0 0.330324 0.270443 0.081944 0.012240
0 0.922917 0.259766 0.026389 0.037760
0 0.286343 0.262370 0.058796 0.016927
0 0.442593 0.715755 0.056481 0.017448
0 0.059491 0.765234 0.077315 0.012240
0 0.325231 0.183854 0.025463 0.036979
0 0.256250 0.566016 0.063426 0.014844
0 0.038657 0.750911 0.063426 0.014844
0 0.366898 0.917578 0.062500 0.014844
0 0.043287 0.741797 0.072685 0.012240
0 0.448380 0.224609 0.095833 0.009115
0 0.598380 0.812760 0.025463 0.034375
0 0.492361 0.801693 0.026389 0.033073
0 0.596528 0.422786 0.058796 0.014844
0 0.531713 0.737891 0.058796 0.014844
0 0.498843 0.456641 0.057870 0.014844
0 0.140509 0.327474 0.072685 0.011719
0 0.466435 0.654557 0.020833 0.040885
0 0.341898 0.505859 0.058796 0.014323
0 0.330324 0.543880 0.017130 0.048698
0 0.337269 0.804297 0.021759 0.038281
0 0.388194 0.317318 0.021759 0.038281
0 0.596528 0.395443 0.021759 0.038281
0 0.193750 0.452734 0.021759 0.038281
0 0.403241 0.874349 0.070370 0.011719
0 0.186806 0.316016 0.026389 0.030469
0 0.899769 0.467057 0.017130 0.046094
0 0.265046 0.599870 0.053241 0.014844
0 0.369676 0.552995 0.021759 0.035677
0 0.799074 0.286719 0.019444 0.039583
0 0.654398 0.674740 0.026389 0.029167
0 0.065972 0.547526 0.025463 0.029948
0 0.009259 0.805339 0.018519 0.040365
0 0.964583 0.676693 0.017130 0.043490
0 0.895139 0.775651 0.017130 0.043490
0 0.562963 0.439453 0.019444 0.037760
0 0.059491 0.360286 0.049537 0.014844
0 0.549769 0.422786 0.048611 0.014844
0 0.915972 0.421484 0.058796 0.012240
0 0.480787 0.561849 0.021759 0.032552
0 0.252778 0.175130 0.075000 0.009115
0 0.966898 0.149740 0.021759 0.031250
0 0.223380 0.631120 0.016204 0.040885
0 0.552546 0.112891 0.026389 0.025260
0 0.707639 0.266536 0.021759 0.030469
0 0.341898 0.339453 0.068056 0.009635
0 0.561806 0.698828 0.063426 0.009635
0 0.233102 0.545182 0.063426 0.009635
0 0.316435 0.370703 0.017130 0.035677
0 0.318287 0.794531 0.020833 0.029167
0 0.230787 0.512630 0.021759 0.027865
0 0.823380 0.468099 0.021759 0.027344
0 0.593056 0.097266 0.061111 0.009635
0 0.184491 0.123307 0.058796 0.009635
0 0.348843 0.191016 0.017130 0.030469
0 0.182176 0.112891 0.054167 0.009635
0 0.428009 0.284766 0.053241 0.009635
0 0.862731 0.248047 0.017130 0.024740
0 0.621528 0.780859 0.016204 0.022656
0 0.333333 0.931901 0.050926 0.007031
0 0.802546 0.151953 0.017130 0.020052
0 0.438657 0.608984 0.011574 0.027865
0 0.843750 0.539974 0.016204 0.020052
0 0.767361 0.330339 0.011574 0.027865
0 0.472685 0.997656 0.033333 0.003125
