0 0.098843 0.733984 0.109722 0.100781
0 0.343750 0.917318 0.155093 0.035156
0 0.705324 0.456641 0.128241 0.040885
0 0.573380 0.296875 0.058796 0.080729
0 0.209491 0.551693 0.062500 0.074740
0 0.807176 0.619401 0.109722 0.038281
0 0.221065 0.391927 0.048611 0.078125
0 0.821759 0.488542 0.055556 0.063021
0 0.728472 0.342057 0.044907 0.066927
0 0.075694 0.622005 0.054167 0.053906
0 0.348843 0.534766 0.091204 0.030469
0 0.163657 0.280859 0.091204 0.027865
0 0.652083 0.363281 0.040278 0.062500
0 0.124306 0.454036 0.049537 0.046094
0 0.770139 0.754818 0.081944 0.027865
0 0.610417 0.256120 0.040278 0.056510
0 0.495833 0.650651 0.079630 0.027865
0 0.698380 0.421484 0.095833 0.022656
0 0.112731 0.375911 0.044907 0.046094
0 0.323380 0.284766 0.040278 0.051302
0 0.297917 0.731380 0.091204 0.022656
0 0.047917 0.474870 0.035648 0.056510
0 0.103472 0.809505 0.044907 0.043490
0 0.494676 0.465495 0.040278 0.048177
0 0.929861 0.592708 0.040278 0.047396
0 0.285185 0.424089 0.084259 0.022656
0 0.415972 0.209245 0.040278 0.046094
0 0.260880 0.131120 0.072685 0.025260
0 0.584954 0.827474 0.026389 0.069010
0 0.135880 0.649089 0.091204 0.019531
0 0.351157 0.278255 0.040278 0.043490
0 0.781713 0.585547 0.077315 0.022656
0 0.594213 0.806901 0.026389 0.064323
0 0.828009 0.217708 0.040278 0.042188
0 0.087269 0.461849 0.040278 0.040885
0 0.339583 0.405859 0.072685 0.022656
0 0.422917 0.870703 0.081944 0.020052
0 0.656713 0.248307 0.077315 0.020052
0 0.300231 0.312109 0.068056 0.022656
0 0.703009 0.762370 0.040278 0.037760
0 0.198380 0.470964 0.086574 0.017448
0 0.059491 0.390234 0.031019 0.048698
0 0.214583 0.696224 0.100463 0.014844
0 0.855324 0.129557 0.039352 0.037760
0 0.230324 0.377214 0.030093 0.048698
0 0.385880 0.826172 0.100463 0.014323
0 0.478472 0.218359 0.081944 0.017448
0 0.510880 0.358984 0.026389 0.053906
0 0.131250 0.556250 0.026389 0.052604
0 0.867361 0.474219 0.100463 0.013542
0 0.339583 0.334896 0.063426 0.021354
0 0.617361 0.548438 0.063426 0.021354
0 0.075231 0.319661 0.034722 0.037760
0 0.246296 0.270443 0.074074 0.017448
0 0.936806 0.715755 0.026389 0.048698
0 0.542824 0.194271 0.034722 0.036979
0 0.733102 0.360286 0.035648 0.035677
0 0.853472 0.732682 0.035648 0.035677
0 0.175231 0.368099 0.021759 0.056510
0 0.205324 0.209245 0.081944 0.014844
0 0.538657 0.524349 0.026389 0.046094
0 0.378935 0.728776 0.031019 0.038281
0 0.157870 0.672786 0.079630 0.014844
0 0.457639 0.700130 0.021759 0.053906
0 0.943750 0.819922 0.021759 0.053906
0 0.091898 0.253516 0.058796 0.020052
0 0.899769 0.705729 0.026389 0.044271
0 0.665509 0.551693 0.030093 0.038281
0 0.656713 0.698828 0.077315 0.014844
0 0.822222 0.648047 0.065741 0.017448
0 0.392361 0.655599 0.067130 0.016927
0 0.163657 0.621745 0.026389 0.042969
0 0.679861 0.205078 0.095833 0.011719
0 0.135880 0.898047 0.091204 0.012240
0 0.892824 0.795182 0.021759 0.051302
0 0.065278 0.758724 0.024074 0.046094
0 0.172917 0.154557 0.072685 0.014844
0 0.177546 0.818620 0.072685 0.014844
0 0.258565 0.830339 0.021759 0.048698
0 0.115046 0.317318 0.021759 0.048698
0 0.850694 0.826172 0.020833 0.050781
0 0.213426 0.415625 0.033333 0.031771
0 0.542824 0.377604 0.081019 0.013021
0 0.839120 0.599609 0.071759 0.014323
0 0.911343 0.718359 0.031019 0.033073
0 0.182176 0.272396 0.063426 0.016146
0 0.105787 0.172786 0.068056 0.014844
0 0.156713 0.200391 0.031019 0.032552
0 0.204861 0.356380 0.025463 0.038281
0 0.883102 0.677734 0.020833 0.045573
0 0.147454 0.504818 0.077315 0.012240
0 0.645139 0.536068 0.054167 0.017448
0 0.978472 0.862891 0.026389 0.035677
0 0.918287 0.862891 0.026389 0.035677
0 0.830324 0.326432 0.026389 0.035677
0 0.915509 0.390885 0.020833 0.044792
0 0.145139 0.854818 0.026389 0.035156
0 0.357639 0.552995 0.062500 0.014844
0 0.443287 0.927344 0.067130 0.013542
0 0.953009 0.782161 0.021759 0.040885
0 0.038657 0.363932 0.026389 0.032552
0 0.371991 0.181901 0.017130 0.048698
0 0.851157 0.619401 0.068056 0.012240
0 0.716898 0.327734 0.021759 0.038281
0 0.808333 0.382422 0.065741 0.012240
0 0.362731 0.232682 0.026389 0.030469
0 0.284028 0.849870 0.054167 0.014844
0 0.325694 0.175391 0.081944 0.009635
0 0.228472 0.482682 0.081944 0.009635
0 0.626157 0.133724 0.053241 0.014844
0 0.943750 0.409766 0.021759 0.035677
0 0.413194 0.552995 0.025463 0.030469
0 0.865046 0.591797 0.021759 0.035156
0 0.443750 0.568359 0.021759 0.035156
0 0.515046 0.274349 0.016204 0.046094
0 0.473380 0.724870 0.016204 0.046094
0 0.765509 0.671224 0.063426 0.011719
0 0.527083 0.823828 0.049537 0.014844
0 0.360417 0.797786 0.049537 0.014844
0 0.788657 0.391536 0.072685 0.009635
0 0.936806 0.495703 0.017130 0.040885
0 0.594213 0.449219 0.026389 0.026042
0 0.876620 0.404557 0.044907 0.014844
0 0.881250 0.150651 0.017130 0.038281
0 0.517824 0.308203 0.068056 0.009635
0 0.672917 0.270443 0.017130 0.038281
0 0.830324 0.783464 0.017130 0.038281
0 0.772454 0.136328 0.068056 0.009635
0 0.547917 0.478776 0.017130 0.038281
0 0.626157 0.762630 0.053241 0.012240
0 0.575694 0.751953 0.017130 0.037760
0 0.103472 0.582682 0.017130 0.037760
0 0.676389 0.713151 0.051852 0.012240
0 0.075694 0.287370 0.063426 0.009635
0 0.707639 0.317318 0.049537 0.012240
0 0.601157 0.215755 0.021759 0.027865
0 0.310648 0.414974 0.061111 0.009635
0 0.844213 0.919922 0.063426 0.009115
0 0.506250 0.736589 0.017130 0.033073
0 0.436806 0.700130 0.017130 0.033073
0 0.478472 0.549089 0.017130 0.033073
0 0.897454 0.516536 0.021759 0.025260
0 0.897454 0.748307 0.021759 0.025260
0 0.514352 0.474870 0.014815 0.035677
0 0.353009 0.784766 0.053241 0.009635
0 0.388194 0.150651 0.012500 0.038281
0 0.799769 0.369401 0.020833 0.022656
0 0.794444 0.404557 0.047222 0.009635
0 0.399306 0.308203 0.043981 0.009635
0 0.533565 0.755859 0.016204 0.024740
0 0.888194 0.417578 0.040278 0.009635
0 0.883102 0.381120 0.039352 0.009635
0 0.856944 0.357682 0.014815 0.025260
0 0.494676 0.056901 0.021759 0.007031
