0 0.853472 0.451432 0.054167 0.098177
0 0.401620 0.422786 0.141204 0.035677
0 0.692130 0.793880 0.064815 0.059115
0 0.390509 0.444922 0.128241 0.027865
0 0.484954 0.781510 0.141204 0.023958
0 0.221528 0.560547 0.058796 0.055990
0 0.334954 0.300391 0.146759 0.020052
0 0.582639 0.557552 0.049537 0.057813
0 0.392824 0.556901 0.095833 0.027865
0 0.795602 0.533464 0.049537 0.053906
0 0.207639 0.170182 0.049537 0.051302
0 0.744676 0.524349 0.049537 0.051302
0 0.638194 0.702474 0.114352 0.022135
0 0.628935 0.725521 0.114352 0.021354
0 0.378472 0.197526 0.085648 0.027865
0 0.168287 0.873307 0.156019 0.014844
0 0.415509 0.163672 0.131944 0.017448
0 0.297917 0.500911 0.044907 0.051302
0 0.828009 0.628516 0.114352 0.020052
0 0.899769 0.200130 0.081944 0.027865
0 0.628935 0.388932 0.040278 0.056510
0 0.733102 0.133724 0.146759 0.014844
0 0.354630 0.705339 0.093519 0.022656
0 0.941435 0.745703 0.035648 0.056510
0 0.684491 0.651042 0.040278 0.049479
0 0.179861 0.375911 0.077315 0.025260
0 0.753935 0.750911 0.095833 0.020052
0 0.570602 0.470313 0.034722 0.055208
0 0.480787 0.180339 0.077315 0.024740
0 0.315972 0.145443 0.081019 0.022656
0 0.834954 0.649349 0.044907 0.040885
0 0.501620 0.552995 0.035648 0.051302
0 0.723843 0.469661 0.035648 0.051302
0 0.545139 0.256120 0.039352 0.046094
0 0.496991 0.675651 0.072685 0.024740
0 0.177083 0.793620 0.081019 0.022135
0 0.402083 0.148047 0.077315 0.022656
0 0.156713 0.732682 0.040278 0.040885
0 0.822917 0.327734 0.030093 0.053906
0 0.624306 0.579427 0.031019 0.052083
0 0.892361 0.107682 0.039352 0.040885
0 0.564120 0.607682 0.031019 0.051302
0 0.814120 0.130469 0.031019 0.050000
0 0.844213 0.189062 0.072685 0.021354
0 0.825694 0.254167 0.072685 0.021354
0 0.899769 0.731380 0.035648 0.043490
0 0.443750 0.856380 0.068056 0.022656
0 0.874306 0.319922 0.040278 0.038281
0 0.822222 0.167318 0.037963 0.040365
0 0.503935 0.770443 0.086574 0.017448
0 0.521296 0.714453 0.075000 0.020052
0 0.709491 0.222266 0.099537 0.014844
0 0.276620 0.676693 0.030093 0.048698
0 0.302546 0.633724 0.035648 0.040885
0 0.571065 0.836849 0.035648 0.040885
0 0.927546 0.440755 0.035648 0.040365
0 0.765509 0.650651 0.081944 0.017448
0 0.242361 0.700130 0.081944 0.017448
0 0.446065 0.205078 0.063426 0.022135
0 0.385880 0.657161 0.091204 0.014844
0 0.390509 0.383724 0.091204 0.014844
0 0.503935 0.663672 0.077315 0.017448
0 0.189120 0.635026 0.031019 0.043490
0 0.434491 0.413672 0.077315 0.017448
0 0.251620 0.252214 0.026389 0.048698
0 0.708796 0.517839 0.033333 0.038281
0 0.904398 0.762370 0.026389 0.048177
0 0.765509 0.688411 0.035648 0.035677
0 0.186806 0.688411 0.035648 0.035677
0 0.353472 0.878516 0.063426 0.020052
0 0.251157 0.431901 0.071759 0.017448
0 0.689120 0.589193 0.031019 0.040365
0 0.954861 0.188411 0.034722 0.035677
0 0.573380 0.457682 0.105093 0.011719
0 0.388194 0.113932 0.105093 0.011719
0 0.186806 0.244401 0.100463 0.012240
0 0.675231 0.519141 0.021759 0.056510
0 0.501620 0.402604 0.109722 0.010937
0 0.726157 0.590755 0.021759 0.053906
0 0.226157 0.668880 0.021759 0.053906
0 0.371528 0.271745 0.025463 0.046094
0 0.496991 0.372005 0.026389 0.043490
0 0.758102 0.120703 0.076389 0.014844
0 0.289352 0.239193 0.064815 0.017448
0 0.800231 0.914974 0.021759 0.051302
0 0.744676 0.883724 0.021759 0.051302
0 0.727315 0.623307 0.075000 0.014844
0 0.405556 0.235286 0.075000 0.014844
0 0.128935 0.710547 0.086574 0.012240
0 0.304861 0.718359 0.021759 0.048698
0 0.415972 0.866797 0.086574 0.012240
0 0.662500 0.725911 0.024074 0.042969
0 0.795139 0.280859 0.020833 0.048698
0 0.249306 0.892578 0.086574 0.011719
0 0.421759 0.756120 0.033333 0.030469
0 0.728472 0.885026 0.026389 0.038281
0 0.279398 0.218359 0.081944 0.012240
0 0.121991 0.220964 0.081944 0.012240
0 0.040972 0.493099 0.021759 0.046094
0 0.089120 0.457943 0.025463 0.038281
0 0.531713 0.486589 0.021759 0.043490
0 0.277083 0.911068 0.077315 0.012240
0 0.191435 0.422786 0.026389 0.035677
0 0.767824 0.192057 0.021759 0.042969
0 0.631250 0.163672 0.017130 0.053906
0 0.658565 0.446224 0.062500 0.014844
0 0.597685 0.606380 0.024074 0.038281
0 0.818750 0.741146 0.021759 0.042188
0 0.571065 0.142578 0.054167 0.016927
0 0.753935 0.599870 0.021759 0.040885
0 0.418287 0.476172 0.072685 0.012240
0 0.797917 0.322526 0.026389 0.033073
0 0.786343 0.704036 0.058796 0.014844
0 0.473843 0.288672 0.026389 0.033073
0 0.207639 0.128516 0.058796 0.014844
0 0.804861 0.693620 0.058796 0.014844
0 0.739583 0.711849 0.057870 0.014844
0 0.056713 0.762630 0.025463 0.033073
0 0.788657 0.213802 0.026389 0.031771
0 0.346528 0.158464 0.021759 0.038281
0 0.751620 0.839453 0.054167 0.014844
0 0.615046 0.374219 0.021759 0.036458
0 0.103472 0.287370 0.017130 0.046094
0 0.732639 0.927995 0.053241 0.014844
0 0.931713 0.584245 0.053241 0.014844
0 0.693750 0.659766 0.021759 0.035677
0 0.418287 0.801693 0.063426 0.012240
0 0.281713 0.792578 0.021759 0.035677
0 0.159028 0.138281 0.026389 0.029167
0 0.524306 0.170573 0.016204 0.046875
0 0.598843 0.305339 0.081944 0.009115
0 0.765509 0.887630 0.017130 0.043490
0 0.220370 0.590755 0.019444 0.038281
0 0.077546 0.584245 0.020833 0.035677
0 0.420139 0.516276 0.020833 0.035156
0 0.319907 0.614193 0.024074 0.027865
0 0.945602 0.737891 0.016204 0.040885
0 0.659028 0.122005 0.054167 0.012240
0 0.520139 0.429297 0.054167 0.012240
0 0.385880 0.343359 0.054167 0.012240
0 0.561806 0.783464 0.017130 0.038281
0 0.755787 0.093359 0.053241 0.012240
0 0.498148 0.727474 0.065741 0.009635
0 0.440972 0.450130 0.016204 0.038281
0 0.163657 0.894141 0.063426 0.009635
0 0.665972 0.624609 0.049537 0.012240
0 0.770139 0.312109 0.017130 0.033073
0 0.318750 0.555599 0.021759 0.025260
0 0.142824 0.196224 0.021759 0.025260
0 0.328009 0.789714 0.058796 0.009115
0 0.337269 0.547786 0.021759 0.024219
0 0.464583 0.239193 0.017130 0.027865
0 0.760880 0.671484 0.017130 0.027865
0 0.689120 0.111589 0.012500 0.027865
0 0.244676 0.106380 0.012500 0.027865
0 0.943287 0.360026 0.011574 0.029948
0 0.561806 0.041016 0.026389 0.006510
