0 0.784028 0.150260 0.109722 0.111979
0 0.538657 0.616797 0.230093 0.043490
0 0.121991 0.735286 0.081944 0.103385
0 0.094907 0.983333 0.185185 0.031771
0 0.375463 0.164974 0.070370 0.066927
0 0.216898 0.403255 0.058796 0.069531
0 0.635880 0.830990 0.118981 0.029167
0 0.496991 0.513932 0.054167 0.061719
0 0.703009 0.513281 0.049537 0.065625
0 0.152083 0.534766 0.105093 0.030469
0 0.098843 0.860938 0.118981 0.026562
0 0.742361 0.585547 0.044907 0.069531
0 0.311806 0.510026 0.044907 0.069531
0 0.152083 0.185547 0.049537 0.045573
0 0.133565 0.108984 0.031019 0.064323
0 0.218750 0.291016 0.025463 0.069010
0 0.677083 0.585547 0.099537 0.017448
0 0.471065 0.421484 0.076389 0.022656
0 0.554861 0.395443 0.095833 0.017448
0 0.381250 0.623047 0.035648 0.045573
0 0.422917 0.452734 0.026389 0.059115
0 0.431019 0.411068 0.088889 0.017448
0 0.147454 0.762370 0.031019 0.048177
0 0.610417 0.289974 0.095833 0.014844
0 0.308333 0.072526 0.028704 0.048698
0 0.633565 0.541276 0.077315 0.017448
0 0.369676 0.464453 0.021759 0.061719
0 0.432176 0.348568 0.109722 0.012240
0 0.142824 0.317057 0.021759 0.058594
0 0.965741 0.849219 0.065741 0.018750
0 0.263194 0.480078 0.021759 0.051302
0 0.080324 0.762630 0.063426 0.017448
0 0.179398 0.861589 0.085648 0.012240
0 0.082639 0.243099 0.021759 0.046094
0 0.258565 0.545182 0.021759 0.040885
0 0.117361 0.233984 0.017130 0.048698
0 0.538657 0.049089 0.063426 0.012240
0 0.614583 0.454688 0.067130 0.010937
0 0.625463 0.248307 0.070370 0.009635
0 0.993519 0.908203 0.010185 0.011719
