0 0.100000 0.982031 0.195370 0.034375
0 0.476157 0.754818 0.068056 0.069531
0 0.855787 0.642839 0.068056 0.064323
0 0.899769 0.509375 0.118981 0.031771
0 0.459954 0.832682 0.109722 0.032552
0 0.175231 0.866797 0.049537 0.069531
0 0.346528 0.796484 0.105093 0.027865
0 0.524769 0.107682 0.091204 0.030469
0 0.589583 0.161068 0.118981 0.022656
0 0.740046 0.273047 0.049537 0.053906
0 0.793287 0.116797 0.044907 0.059115
0 0.272454 0.881120 0.095833 0.025260
0 0.397454 0.740495 0.095833 0.025260
0 0.559491 0.687109 0.086574 0.027865
0 0.263194 0.155859 0.086574 0.027865
0 0.297917 0.552604 0.044907 0.052083
0 0.284028 0.460547 0.081944 0.027865
0 0.367361 0.122005 0.081944 0.027865
0 0.444444 0.186458 0.106481 0.021354
0 0.578009 0.821224 0.086574 0.025260
0 0.896991 0.099219 0.039352 0.055208
0 0.021296 0.260026 0.042593 0.048698
0 0.781713 0.177995 0.040278 0.051302
0 0.432176 0.796484 0.091204 0.022656
0 0.777083 0.142187 0.077315 0.026562
0 0.932176 0.847266 0.100463 0.020052
0 0.509722 0.220964 0.088889 0.022656
0 0.596528 0.304297 0.040278 0.048698
0 0.915972 0.869401 0.086574 0.022656
0 0.832639 0.401953 0.077315 0.025260
0 0.899769 0.631510 0.035648 0.052083
0 0.529398 0.146745 0.035648 0.051302
0 0.899769 0.468359 0.100463 0.017448
0 0.249306 0.247005 0.077315 0.022656
0 0.476157 0.278255 0.077315 0.022656
0 0.314120 0.162370 0.086574 0.020052
0 0.802546 0.580339 0.035648 0.048698
0 0.144676 0.760677 0.071759 0.023958
0 0.365046 0.575130 0.031019 0.053906
0 0.617361 0.179297 0.072685 0.022656
0 0.381250 0.778255 0.072685 0.022656
0 0.691435 0.110286 0.109722 0.014844
0 0.762731 0.241797 0.030093 0.053906
0 0.529398 0.192057 0.072685 0.022135
0 0.242361 0.802344 0.035648 0.044792
0 0.395139 0.674089 0.035648 0.043490
0 0.068750 0.335547 0.068056 0.022656
0 0.068750 0.213151 0.068056 0.022656
0 0.198380 0.273047 0.068056 0.022656
0 0.207639 0.856380 0.068056 0.022656
0 0.383102 0.343359 0.067130 0.022656
0 0.616898 0.718359 0.034722 0.043490
0 0.909028 0.487891 0.100463 0.014844
0 0.581481 0.082943 0.065741 0.022656
0 0.163657 0.719922 0.035648 0.040365
0 0.779398 0.301693 0.026389 0.053906
0 0.135880 0.648047 0.026389 0.053906
0 0.494676 0.206641 0.068056 0.020052
0 0.293287 0.502214 0.035648 0.038281
0 0.770139 0.529557 0.026389 0.051302
0 0.374306 0.874609 0.077315 0.017448
0 0.344213 0.894792 0.081944 0.016146
0 0.186806 0.593359 0.026389 0.048698
0 0.307176 0.120703 0.035648 0.035677
0 0.115046 0.685807 0.031019 0.040885
0 0.612731 0.853776 0.072685 0.017448
0 0.249306 0.782161 0.031019 0.040885
0 0.251620 0.645443 0.100463 0.012240
0 0.200694 0.112891 0.026389 0.046094
0 0.931713 0.613542 0.025463 0.047396
0 0.814120 0.552083 0.021759 0.054688
0 0.485417 0.312109 0.068056 0.017448
0 0.601157 0.148047 0.068056 0.017448
0 0.128472 0.584245 0.020833 0.056510
0 0.663657 0.214193 0.081944 0.014323
0 0.082639 0.018490 0.086574 0.013542
0 0.711806 0.187109 0.094907 0.012240
0 0.501620 0.145182 0.035648 0.032552
0 0.955324 0.471224 0.035648 0.032552
0 0.371528 0.829427 0.071759 0.015625
0 0.554861 0.443620 0.021759 0.051302
0 0.228472 0.008724 0.072685 0.014844
0 0.405556 0.307943 0.075000 0.014323
0 0.082176 0.862630 0.030093 0.035156
0 0.365046 0.756120 0.068056 0.014844
0 0.693750 0.784766 0.068056 0.014844
0 0.230324 0.577474 0.020833 0.048177
0 0.487731 0.411068 0.081944 0.012240
0 0.050231 0.766536 0.021759 0.046094
0 0.939120 0.761328 0.021759 0.046094
0 0.693750 0.435807 0.021759 0.046094
0 0.424769 0.089453 0.067130 0.014844
0 0.545139 0.779557 0.067130 0.014844
0 0.371528 0.627214 0.025463 0.038281
0 0.792824 0.254557 0.025463 0.037760
0 0.781250 0.623958 0.030093 0.031771
0 0.397454 0.215755 0.077315 0.012240
0 0.098843 0.515234 0.054167 0.017448
0 0.193750 0.555599 0.031019 0.030469
0 0.862731 0.584245 0.026389 0.035677
0 0.246991 0.201432 0.026389 0.035677
0 0.255787 0.875911 0.062500 0.014844
0 0.529398 0.300130 0.063426 0.014323
0 0.459954 0.328776 0.063426 0.014323
0 0.274769 0.080339 0.072685 0.012240
0 0.814120 0.745443 0.021759 0.040365
0 0.603472 0.767839 0.026389 0.033073
0 0.115046 0.206641 0.058796 0.014844
0 0.499306 0.455729 0.021759 0.039062
0 0.582639 0.447526 0.021759 0.038281
0 0.281250 0.847005 0.057870 0.014323
0 0.848843 0.248307 0.054167 0.014844
0 0.461111 0.480078 0.019444 0.040885
0 0.117361 0.123307 0.081944 0.009635
0 0.705324 0.169922 0.054167 0.014323
0 0.931713 0.723568 0.062500 0.012240
0 0.073380 0.224870 0.077315 0.009635
0 0.654398 0.775391 0.063426 0.011719
0 0.103472 0.101172 0.026389 0.027865
0 0.170602 0.454036 0.049537 0.014844
0 0.453009 0.385026 0.058796 0.012240
0 0.962269 0.509766 0.021759 0.032552
0 0.742361 0.618099 0.017130 0.040885
0 0.746991 0.761328 0.072685 0.009635
0 0.483102 0.636328 0.017130 0.040885
0 0.220370 0.615495 0.047222 0.014844
0 0.657870 0.795182 0.070370 0.009635
0 0.126157 0.269141 0.016204 0.040885
0 0.047917 0.566016 0.026389 0.025260
0 0.869676 0.881120 0.021759 0.030469
0 0.571065 0.296484 0.017130 0.038281
0 0.462269 0.782161 0.068056 0.009635
0 0.260880 0.229818 0.026389 0.024740
0 0.457176 0.097266 0.067130 0.009635
0 0.660185 0.201432 0.065741 0.009635
0 0.214120 0.827734 0.016204 0.038281
0 0.432176 0.881120 0.017130 0.035677
0 0.580324 0.719661 0.063426 0.009635
0 0.963426 0.144141 0.014815 0.040885
0 0.392824 0.507422 0.049537 0.012240
0 0.582639 0.106380 0.021759 0.027865
0 0.932176 0.098958 0.017130 0.033854
0 0.735417 0.733724 0.049537 0.011719
0 0.480787 0.076432 0.058796 0.009635
0 0.552546 0.358984 0.017130 0.033073
0 0.429861 0.610286 0.058796 0.009635
0 0.179861 0.086849 0.058796 0.009635
0 0.203009 0.717057 0.021759 0.025260
0 0.288657 0.205339 0.044907 0.012240
0 0.302546 0.101172 0.044907 0.012240
0 0.758565 0.432943 0.058796 0.009115
0 0.846065 0.305339 0.057870 0.009115
0 0.325231 0.085286 0.016204 0.032552
0 0.844213 0.508464 0.054167 0.009115
0 0.874306 0.345964 0.040278 0.012240
0 0.209954 0.447526 0.017130 0.027865
0 0.466898 0.852474 0.040278 0.009635
0 0.811806 0.351172 0.054167 0.007031
0 0.899769 0.764974 0.017130 0.022135
0 0.297454 0.184245 0.053241 0.006510
0 0.984259 0.006120 0.028704 0.009635
