0 0.325694 0.797135 0.257870 0.039583
0 0.289815 0.474609 0.093519 0.102865
0 0.538194 0.623307 0.219907 0.040885
0 0.905556 0.517839 0.186111 0.043490
0 0.156713 0.684505 0.068056 0.090365
0 0.666667 0.071224 0.143519 0.040885
0 0.415972 0.342708 0.114352 0.036979
0 0.267824 0.804297 0.142130 0.027865
0 0.818750 0.886328 0.105093 0.035677
0 0.913194 0.541276 0.127315 0.027865
0 0.402083 0.793880 0.105093 0.033073
0 0.409028 0.500911 0.054167 0.061719
0 0.277083 0.677995 0.058796 0.056510
0 0.800231 0.912370 0.114352 0.025260
0 0.205324 0.713151 0.044907 0.064323
0 0.449537 0.329036 0.042593 0.066927
0 0.214583 0.296484 0.100463 0.027865
0 0.972685 0.452734 0.051852 0.053906
0 0.315972 0.758724 0.053241 0.051302
0 0.825694 0.683203 0.100463 0.025260
0 0.809491 0.380469 0.049537 0.044792
0 0.795602 0.498047 0.031019 0.066406
0 0.949537 0.505859 0.098148 0.019531
0 0.838426 0.777604 0.024074 0.078646
0 0.659028 0.041276 0.081944 0.022656
0 0.288657 0.538672 0.100463 0.017448
0 0.954167 0.347005 0.088889 0.019531
0 0.272454 0.343359 0.086574 0.017448
0 0.279398 0.904557 0.100463 0.014844
0 0.212963 0.323177 0.106481 0.013542
0 0.580324 0.338802 0.035648 0.039583
0 0.054861 0.832943 0.021759 0.064323
0 0.527083 0.816016 0.021759 0.061719
0 0.147454 0.342057 0.086574 0.014844
0 0.901620 0.758464 0.020833 0.061198
0 0.152083 0.160807 0.021759 0.053385
0 0.311806 0.668880 0.091204 0.012240
0 0.906713 0.051042 0.021759 0.047396
0 0.379398 0.058203 0.057870 0.014844
0 0.515509 0.162370 0.081944 0.009635
0 0.571065 0.097005 0.026389 0.029948
0 0.083796 0.819922 0.014815 0.048698
0 0.695602 0.478125 0.016204 0.042188
0 0.098843 0.993099 0.044907 0.009635
