0 0.644676 0.704036 0.118056 0.030469
0 0.439120 0.194271 0.105093 0.031771
0 0.207176 0.899349 0.104167 0.030469
0 0.818750 0.926693 0.058796 0.053906
0 0.816435 0.322526 0.044907 0.064323
0 0.371991 0.754818 0.100463 0.027865
0 0.381250 0.159766 0.128241 0.020052
0 0.941435 0.761719 0.035648 0.070312
0 0.904398 0.197266 0.091204 0.027344
0 0.489583 0.641927 0.094907 0.026042
0 0.524769 0.749609 0.137500 0.017448
0 0.785880 0.666276 0.085648 0.027865
0 0.822222 0.425391 0.028704 0.082552
0 0.363889 0.792318 0.093519 0.024740
0 0.084954 0.261328 0.044907 0.051302
0 0.803704 0.168880 0.047222 0.048698
0 0.348843 0.192318 0.081944 0.027865
0 0.246528 0.450130 0.099537 0.022656
0 0.578009 0.373047 0.040278 0.055990
0 0.188657 0.167578 0.039352 0.056510
0 0.501620 0.244401 0.044907 0.048698
0 0.133102 0.271094 0.048611 0.044792
0 0.689120 0.567318 0.040278 0.053906
0 0.496991 0.722005 0.109722 0.019531
0 0.707639 0.136328 0.142130 0.014844
0 0.462269 0.560807 0.040278 0.051302
0 0.568750 0.571224 0.040278 0.051302
0 0.913194 0.804297 0.034722 0.059115
0 0.584491 0.855078 0.043981 0.046094
0 0.209954 0.578385 0.044907 0.044792
0 0.522454 0.463151 0.114352 0.017448
0 0.763194 0.851172 0.086574 0.022656
0 0.529398 0.327734 0.044907 0.043490
0 0.538657 0.382422 0.044907 0.043490
0 0.288657 0.736589 0.035648 0.053906
0 0.684954 0.604818 0.076389 0.024740
0 0.969213 0.858073 0.044907 0.041667
0 0.691435 0.631120 0.044907 0.040885
0 0.682176 0.722266 0.044907 0.040885
0 0.751620 0.644141 0.091204 0.020052
0 0.830324 0.618099 0.091204 0.020052
0 0.542130 0.306901 0.079630 0.022656
0 0.445602 0.179036 0.081019 0.022135
0 0.297454 0.657161 0.034722 0.051302
0 0.427546 0.424089 0.100463 0.017448
0 0.133565 0.387630 0.077315 0.022656
0 0.716898 0.517839 0.040278 0.043490
0 0.288657 0.239844 0.091204 0.018750
0 0.299769 0.141276 0.085648 0.019531
0 0.429398 0.707943 0.094907 0.017448
0 0.288657 0.808203 0.035648 0.046094
0 0.251620 0.749349 0.072685 0.022135
0 0.834954 0.184245 0.072685 0.022135
0 0.322917 0.896094 0.085648 0.018750
0 0.505093 0.735286 0.107407 0.014844
0 0.388194 0.588802 0.040278 0.039583
0 0.735417 0.120703 0.077315 0.020052
0 0.110417 0.886328 0.077315 0.020052
0 0.527083 0.711849 0.077315 0.020052
0 0.184491 0.713151 0.040278 0.038281
0 0.348843 0.112891 0.100463 0.014844
0 0.691435 0.224870 0.100463 0.014844
0 0.816435 0.250911 0.072685 0.020052
0 0.371991 0.144141 0.072685 0.020052
0 0.874306 0.225521 0.068056 0.021354
0 0.047917 0.393880 0.035648 0.040365
0 0.219213 0.280859 0.081944 0.017448
0 0.415972 0.571224 0.031019 0.046094
0 0.961806 0.180599 0.030093 0.046094
0 0.462269 0.774349 0.068056 0.020052
0 0.244676 0.183203 0.068056 0.020052
0 0.698380 0.771745 0.068056 0.020052
0 0.788657 0.128516 0.026389 0.051302
0 0.175231 0.687109 0.031019 0.043490
0 0.281713 0.616797 0.031019 0.043490
0 0.295602 0.124609 0.077315 0.017448
0 0.370833 0.231120 0.079630 0.016927
0 0.203472 0.912370 0.067130 0.020052
0 0.328009 0.767578 0.031019 0.042969
0 0.336806 0.264974 0.030093 0.042969
0 0.767824 0.903255 0.021759 0.059115
0 0.337269 0.399349 0.086574 0.014844
0 0.619676 0.512370 0.021759 0.058594
0 0.147454 0.480078 0.031019 0.040885
0 0.235417 0.594661 0.031019 0.040885
0 0.709954 0.906901 0.031019 0.040365
0 0.290509 0.306250 0.113426 0.010937
0 0.265509 0.539974 0.026389 0.046094
0 0.534028 0.693620 0.081944 0.014844
0 0.770139 0.266276 0.026389 0.045573
0 0.436806 0.440104 0.091204 0.013021
0 0.389352 0.171224 0.070370 0.016927
0 0.855787 0.364193 0.031019 0.038281
0 0.522454 0.677995 0.058796 0.020052
0 0.610417 0.155859 0.021759 0.053906
0 0.751620 0.679036 0.035648 0.032552
0 0.300231 0.842057 0.077315 0.014844
0 0.545602 0.899349 0.077315 0.014844
0 0.865046 0.310156 0.031019 0.036979
0 0.818750 0.638672 0.031019 0.035156
0 0.124306 0.425130 0.031019 0.035156
0 0.675231 0.457031 0.021759 0.049479
0 0.219213 0.649349 0.026389 0.040885
0 0.131250 0.149349 0.026389 0.040885
0 0.154398 0.771745 0.072685 0.014844
0 0.225694 0.719661 0.020833 0.051302
0 0.446065 0.884766 0.091204 0.011719
0 0.156250 0.443620 0.030093 0.035677
0 0.365046 0.499609 0.086574 0.012240
0 0.466898 0.491536 0.021759 0.048177
0 0.309491 0.832943 0.031019 0.033073
0 0.152083 0.140234 0.031019 0.033073
0 0.496991 0.171484 0.017130 0.059115
0 0.540972 0.763932 0.068056 0.014844
0 0.119213 0.228776 0.057870 0.017448
0 0.101157 0.279557 0.021759 0.046094
0 0.214583 0.207943 0.081944 0.012240
0 0.727315 0.470313 0.061111 0.016146
0 0.062963 0.141536 0.065741 0.014844
0 0.115046 0.218359 0.077315 0.012240
0 0.876157 0.493099 0.062500 0.014844
0 0.547454 0.675391 0.062500 0.014844
0 0.295139 0.533073 0.020833 0.044271
0 0.480787 0.326432 0.021759 0.040885
0 0.258565 0.110286 0.058796 0.014844
0 0.337269 0.352474 0.058796 0.014844
0 0.205324 0.629818 0.026389 0.033073
0 0.825694 0.747005 0.017130 0.048698
0 0.409028 0.613542 0.026389 0.031771
0 0.235417 0.215755 0.068056 0.012240
0 0.943750 0.246745 0.021759 0.037760
0 0.825694 0.336849 0.026389 0.030469
0 0.779398 0.701432 0.081944 0.009635
0 0.744676 0.263932 0.021759 0.035677
0 0.309491 0.154557 0.021759 0.035677
0 0.756250 0.189453 0.017130 0.042969
0 0.786343 0.306901 0.021759 0.033073
0 0.198843 0.127214 0.057870 0.012240
0 0.182176 0.794922 0.017130 0.040365
0 0.922917 0.567318 0.054167 0.012240
0 0.441435 0.392839 0.017130 0.038281
0 0.807176 0.892839 0.017130 0.038281
0 0.360417 0.542318 0.021759 0.029948
0 0.212269 0.683464 0.021759 0.029948
0 0.912500 0.172526 0.070370 0.009115
0 0.571065 0.141536 0.063426 0.009635
0 0.686806 0.498307 0.017130 0.035677
0 0.297917 0.579036 0.017130 0.035677
0 0.381250 0.828776 0.063426 0.009115
0 0.615046 0.432552 0.068056 0.008333
0 0.471528 0.849870 0.021759 0.025260
0 0.358102 0.490495 0.054167 0.009635
0 0.637731 0.120703 0.048611 0.009635
0 0.406250 0.842708 0.020833 0.021354
0 0.506250 0.612891 0.017130 0.025260
0 0.758565 0.293880 0.012500 0.033073
0 0.427546 0.854427 0.017130 0.023958
0 0.425231 0.235937 0.012500 0.031771
0 0.939120 0.425391 0.012500 0.030469
0 0.207639 0.793880 0.012500 0.022656
0 0.561806 0.041276 0.026389 0.007031
