0 0.540972 0.614193 0.225463 0.043490
0 0.330324 0.835286 0.072685 0.074219
0 0.147454 0.092057 0.068056 0.061719
0 0.297917 0.422135 0.063426 0.065625
0 0.971528 0.834245 0.049537 0.082552
0 0.733102 0.537109 0.054167 0.066406
0 0.332176 0.486589 0.048611 0.069531
0 0.374306 0.899349 0.105093 0.025260
0 0.583796 0.236328 0.116667 0.022135
0 0.582639 0.063411 0.123611 0.020052
0 0.587269 0.477474 0.049537 0.046094
0 0.874306 0.329036 0.105093 0.020052
0 0.179861 0.869401 0.040278 0.048698
0 0.809491 0.099870 0.095833 0.020052
0 0.984259 0.110026 0.028704 0.066406
0 0.515046 0.137370 0.043981 0.042969
0 0.073380 0.657161 0.040278 0.046094
0 0.756250 0.829036 0.118981 0.014844
0 0.625463 0.271745 0.116667 0.014844
0 0.981944 0.281901 0.033333 0.050781
0 0.209954 0.198568 0.035648 0.045573
0 0.950694 0.318359 0.081944 0.019531
0 0.163657 0.207943 0.026389 0.059115
0 0.763194 0.067318 0.068056 0.022656
0 0.395139 0.313411 0.100463 0.014844
0 0.144676 0.071224 0.071759 0.020052
0 0.091898 0.480078 0.031019 0.046094
0 0.121991 0.189714 0.026389 0.053906
0 0.581481 0.400000 0.084259 0.016146
0 0.119676 0.127214 0.031019 0.043490
0 0.660880 0.082682 0.076389 0.016927
0 0.742361 0.084245 0.081944 0.014844
0 0.168287 0.099870 0.026389 0.046094
0 0.221528 0.478776 0.021759 0.053906
0 0.550231 0.086849 0.077315 0.014844
0 0.851157 0.349870 0.077315 0.014844
0 0.142824 0.576432 0.021759 0.051302
0 0.823380 0.667578 0.021759 0.051302
0 0.580324 0.802995 0.026389 0.040885
0 0.517361 0.301693 0.076389 0.012240
0 0.603472 0.115495 0.054167 0.014844
0 0.091898 0.849870 0.077315 0.009635
0 0.156713 0.679297 0.058796 0.012240
0 0.390509 0.271745 0.072685 0.009635
0 0.686806 0.257422 0.054167 0.007031
