0 0.580324 0.039714 0.276389 0.050781
0 0.274769 0.562109 0.100463 0.105990
0 0.524306 0.754557 0.127315 0.042969
0 0.663657 0.345703 0.072685 0.074219
0 0.302546 0.845964 0.072685 0.069531
0 0.036343 0.427995 0.058796 0.077344
0 0.814120 0.897786 0.132870 0.032552
0 0.509722 0.351562 0.116667 0.033854
0 0.098843 0.422526 0.063426 0.061198
0 0.294444 0.361589 0.056481 0.059115
0 0.075231 0.373307 0.108796 0.030469
0 0.723843 0.223568 0.100463 0.027865
0 0.689120 0.441016 0.049537 0.056510
0 0.441435 0.927995 0.054167 0.051302
0 0.233102 0.847266 0.091204 0.030469
0 0.670139 0.482682 0.048611 0.056510
0 0.301389 0.752214 0.042593 0.064323
0 0.154398 0.832943 0.035648 0.074740
0 0.503935 0.149349 0.105093 0.025260
0 0.240046 0.263672 0.086574 0.029948
0 0.545602 0.847266 0.049537 0.051302
0 0.848843 0.145443 0.091204 0.027865
0 0.325694 0.783464 0.091204 0.027865
0 0.260880 0.727214 0.044907 0.055990
0 0.895139 0.254818 0.044907 0.053906
0 0.753935 0.707682 0.031019 0.074219
0 0.362731 0.822526 0.035648 0.064323
0 0.804861 0.802995 0.114352 0.020052
0 0.744676 0.464453 0.049537 0.046094
0 0.635880 0.543620 0.035648 0.063802
0 0.191435 0.283464 0.100463 0.022656
0 0.131250 0.523047 0.044907 0.048698
0 0.470370 0.153255 0.093519 0.022656
0 0.457176 0.288411 0.094907 0.022135
0 0.760880 0.317318 0.118981 0.017448
0 0.746991 0.555599 0.081944 0.025260
0 0.807176 0.670182 0.044907 0.046094
0 0.647454 0.334245 0.040278 0.051302
0 0.385417 0.744401 0.034722 0.059115
0 0.487269 0.033464 0.090278 0.022656
0 0.848843 0.168620 0.091204 0.022135
0 0.224537 0.533464 0.037037 0.053906
0 0.529398 0.515234 0.044907 0.043490
0 0.112731 0.189453 0.044907 0.042969
0 0.575694 0.476172 0.035648 0.053906
0 0.833796 0.763932 0.033333 0.056510
0 0.781713 0.435807 0.040278 0.046094
0 0.036343 0.620703 0.040278 0.046094
0 0.387731 0.310547 0.094907 0.019531
0 0.626620 0.357682 0.091204 0.020052
0 0.147454 0.690365 0.031019 0.055208
0 0.293287 0.811458 0.035648 0.047396
0 0.228472 0.360286 0.081944 0.020052
0 0.441435 0.625651 0.035648 0.045573
0 0.300231 0.722005 0.040278 0.040365
0 0.913657 0.702734 0.091204 0.017448
0 0.486574 0.692318 0.088889 0.017448
0 0.034028 0.786068 0.035648 0.043490
0 0.410880 0.688411 0.030093 0.051302
0 0.777546 0.347266 0.076389 0.020052
0 0.147454 0.416016 0.040278 0.037760
0 0.601157 0.179297 0.086574 0.017448
0 0.355324 0.588151 0.085648 0.017448
0 0.084954 0.425391 0.026389 0.056510
0 0.018981 0.497005 0.037963 0.038281
0 0.691435 0.843359 0.026389 0.053906
0 0.191435 0.201432 0.091204 0.014844
0 0.154398 0.943620 0.091204 0.014844
0 0.628935 0.439714 0.031019 0.043490
0 0.763889 0.853516 0.078704 0.016927
0 0.703009 0.245443 0.068056 0.019531
0 0.567593 0.273047 0.075000 0.017448
0 0.789352 0.534766 0.064815 0.020052
0 0.047917 0.676693 0.026389 0.048698
0 0.804398 0.503516 0.085648 0.014844
0 0.608102 0.467057 0.035648 0.035677
0 0.683333 0.659115 0.093519 0.013542
0 0.605787 0.571224 0.031019 0.040885
0 0.795602 0.451432 0.031019 0.040885
0 0.389352 0.571224 0.061111 0.020052
0 0.112731 0.224870 0.081944 0.014844
0 0.302083 0.330078 0.071759 0.016927
0 0.182176 0.323177 0.026389 0.044792
0 0.098843 0.280859 0.035648 0.033073
0 0.311806 0.304297 0.035648 0.033073
0 0.257407 0.511328 0.028704 0.040885
0 0.020139 0.588151 0.026389 0.043490
0 0.015509 0.733984 0.026389 0.043490
0 0.756250 0.640234 0.026389 0.043490
0 0.186343 0.538672 0.034722 0.033073
0 0.234259 0.403255 0.065741 0.017448
0 0.186806 0.856120 0.026389 0.042969
0 0.437963 0.539974 0.075000 0.014844
0 0.663657 0.247656 0.081944 0.013542
0 0.925231 0.498047 0.021759 0.050781
0 0.369676 0.198828 0.031019 0.035677
0 0.751620 0.623307 0.026389 0.040885
0 0.404398 0.813411 0.072685 0.014844
0 0.659028 0.719661 0.072685 0.014844
0 0.689120 0.689714 0.021759 0.048698
0 0.332639 0.715755 0.021759 0.048698
0 0.429861 0.671484 0.021759 0.048698
0 0.453009 0.127214 0.058796 0.017448
0 0.795602 0.369401 0.031019 0.033073
0 0.034028 0.340755 0.026389 0.038281
0 0.288657 0.757422 0.026389 0.038281
0 0.071065 0.538672 0.026389 0.038281
0 0.661343 0.555599 0.021759 0.046094
0 0.753935 0.435807 0.021759 0.046094
0 0.775926 0.375911 0.019444 0.051302
0 0.689120 0.544922 0.021759 0.045573
0 0.431713 0.824479 0.090278 0.010937
0 0.220370 0.385026 0.056481 0.017448
0 0.537500 0.887630 0.079630 0.012240
0 0.380787 0.666276 0.025463 0.038281
0 0.517824 0.681901 0.021759 0.043490
0 0.184491 0.411068 0.021759 0.043490
0 0.385880 0.586849 0.063426 0.014844
0 0.457639 0.201172 0.031019 0.029948
0 0.783565 0.722266 0.025463 0.035677
0 0.677546 0.215755 0.072685 0.012240
0 0.712269 0.378516 0.021759 0.040885
0 0.780556 0.615495 0.028704 0.030469
0 0.159028 0.629818 0.026389 0.033073
0 0.489583 0.761328 0.057870 0.014844
0 0.105787 0.155859 0.068056 0.012240
0 0.841898 0.723568 0.021759 0.038281
0 0.647454 0.184505 0.021759 0.038281
0 0.147454 0.725911 0.021759 0.037760
0 0.385880 0.797786 0.026389 0.030469
0 0.052546 0.537370 0.026389 0.030469
0 0.289352 0.414714 0.055556 0.014323
0 0.061806 0.787370 0.017130 0.046094
0 0.988889 0.880859 0.019444 0.040365
0 0.665972 0.175391 0.021759 0.035677
0 0.874306 0.362891 0.021759 0.035677
0 0.837269 0.297786 0.021759 0.035677
0 0.466898 0.865755 0.021759 0.035156
0 0.413657 0.437109 0.017130 0.043490
0 0.723843 0.692318 0.017130 0.043490
0 0.321065 0.931901 0.017130 0.043490
0 0.337269 0.401953 0.049537 0.014844
0 0.550231 0.319922 0.021759 0.033073
0 0.777083 0.293880 0.058796 0.012240
0 0.362269 0.929297 0.016204 0.043490
0 0.080324 0.787370 0.017130 0.040885
0 0.196065 0.682292 0.017130 0.039062
0 0.038194 0.836849 0.016204 0.040885
0 0.163657 0.586849 0.026389 0.025260
0 0.640509 0.758724 0.026389 0.025260
0 0.760880 0.726172 0.017130 0.038281
0 0.096528 0.396745 0.068056 0.009635
0 0.723380 0.185807 0.043981 0.014844
0 0.811806 0.245443 0.044907 0.014323
0 0.312963 0.607682 0.065741 0.009635
0 0.682176 0.206641 0.063426 0.009635
0 0.946065 0.615495 0.017130 0.035677
0 0.932176 0.422786 0.017130 0.035677
0 0.024306 0.236979 0.043981 0.013021
0 0.179861 0.603776 0.012500 0.043490
0 0.270139 0.248958 0.017130 0.031771
0 0.709954 0.753516 0.054167 0.009635
0 0.371991 0.167578 0.054167 0.009635
0 0.311806 0.566016 0.017130 0.030469
0 0.145139 0.133724 0.044907 0.009635
0 0.590741 0.289974 0.010185 0.030469
