0 0.128935 0.284766 0.160648 0.046094
0 0.566435 0.620443 0.072685 0.066406
0 0.348380 0.762630 0.062500 0.074740
0 0.677546 0.592057 0.146759 0.030469
0 0.151620 0.355078 0.113426 0.035677
0 0.334954 0.160807 0.063426 0.058594
0 0.552546 0.525391 0.100463 0.032552
0 0.885880 0.093099 0.118981 0.027344
0 0.477315 0.291276 0.098148 0.033073
0 0.521991 0.697526 0.113426 0.027865
0 0.550231 0.014974 0.114352 0.027344
0 0.089120 0.472266 0.053241 0.056510
0 0.790972 0.422786 0.114352 0.025260
0 0.684491 0.462891 0.105093 0.027344
0 0.857639 0.402344 0.090278 0.031250
0 0.640509 0.293880 0.100463 0.027865
0 0.321065 0.535807 0.100463 0.027344
0 0.529398 0.541276 0.118981 0.022656
0 0.403241 0.397786 0.051852 0.048177
0 0.665972 0.631771 0.049537 0.047396
0 0.425231 0.264583 0.086574 0.026562
0 0.714120 0.452734 0.081019 0.027865
0 0.031250 0.769141 0.048611 0.046094
0 0.075694 0.306901 0.044907 0.048698
0 0.196065 0.543620 0.044907 0.048177
0 0.760880 0.668880 0.026389 0.079948
0 0.806019 0.473568 0.042593 0.048698
0 0.552546 0.433203 0.044907 0.046094
0 0.344213 0.204036 0.044907 0.046094
0 0.205324 0.517839 0.091204 0.022656
0 0.422454 0.727474 0.081019 0.025260
0 0.751620 0.302995 0.100463 0.020052
0 0.326389 0.421484 0.046296 0.043490
0 0.297917 0.338542 0.026389 0.075521
0 0.388194 0.466797 0.077315 0.024740
0 0.125463 0.570573 0.079630 0.023958
0 0.380787 0.659766 0.127315 0.014844
0 0.821065 0.709635 0.044907 0.041667
0 0.677546 0.498307 0.044907 0.040885
0 0.637037 0.783464 0.079630 0.022656
0 0.431713 0.482682 0.043981 0.040885
0 0.466898 0.447526 0.077315 0.022656
0 0.196065 0.431901 0.035648 0.048698
0 0.540972 0.901953 0.086574 0.020052
0 0.660880 0.430599 0.085648 0.020052
0 0.772454 0.870052 0.040278 0.042188
0 0.869676 0.174089 0.095833 0.017448
0 0.758565 0.553646 0.077315 0.021354
0 0.584491 0.460547 0.071759 0.022656
0 0.182176 0.763672 0.035648 0.045573
0 0.795602 0.391536 0.031019 0.051302
0 0.807176 0.194922 0.091204 0.017448
0 0.450694 0.892839 0.091204 0.017448
0 0.458333 0.605078 0.078704 0.020052
0 0.365046 0.736589 0.040278 0.038281
0 0.744676 0.510026 0.040278 0.038281
0 0.179861 0.179297 0.086574 0.017448
0 0.589583 0.423438 0.035648 0.042188
0 0.034028 0.664714 0.035648 0.040365
0 0.318750 0.675391 0.095833 0.014844
0 0.648611 0.206641 0.070370 0.020052
0 0.503472 0.273047 0.076389 0.017448
0 0.781713 0.097005 0.068056 0.019531
0 0.774769 0.444271 0.081944 0.016146
0 0.619213 0.746745 0.030093 0.042969
0 0.476157 0.122005 0.105093 0.012240
0 0.359954 0.698828 0.085648 0.014844
0 0.781713 0.722266 0.031019 0.040885
0 0.487269 0.415365 0.034722 0.036458
0 0.904398 0.362630 0.035648 0.035156
0 0.640046 0.551693 0.071759 0.017448
0 0.323380 0.617839 0.086574 0.014323
0 0.571065 0.784115 0.091204 0.013542
0 0.237731 0.379557 0.072685 0.016927
0 0.945602 0.206380 0.034722 0.035156
0 0.825694 0.144141 0.081944 0.014844
0 0.436806 0.904557 0.081944 0.014844
0 0.871991 0.485286 0.026389 0.046094
0 0.042130 0.009766 0.070370 0.016927
0 0.753935 0.358984 0.031019 0.038281
0 0.439120 0.106380 0.095833 0.012240
0 0.473843 0.260026 0.035648 0.033073
0 0.568750 0.486589 0.095833 0.012240
0 0.686806 0.616797 0.035648 0.033073
0 0.126620 0.841797 0.081944 0.014323
0 0.196065 0.587500 0.072685 0.016146
0 0.774769 0.223307 0.035648 0.032552
0 0.501620 0.619401 0.026389 0.043490
0 0.788657 0.528255 0.026389 0.043490
0 0.503935 0.667318 0.058796 0.019531
0 0.698380 0.284505 0.058796 0.019531
0 0.128935 0.543229 0.031019 0.036979
0 0.698380 0.568359 0.021759 0.050781
0 0.237731 0.298177 0.026389 0.041667
0 0.404398 0.558203 0.072685 0.014844
0 0.578009 0.754818 0.021759 0.048698
0 0.494676 0.713151 0.086574 0.012240
0 0.767361 0.338151 0.085648 0.012240
0 0.869676 0.200130 0.031019 0.033073
0 0.152083 0.247005 0.058796 0.017448
0 0.855324 0.343359 0.020833 0.048698
0 0.861574 0.425391 0.033333 0.030469
0 0.860417 0.302995 0.068056 0.014844
0 0.429861 0.284766 0.068056 0.014844
0 0.781713 0.636328 0.021759 0.046094
0 0.654398 0.531510 0.072685 0.013542
0 0.638194 0.726823 0.021759 0.044792
0 0.612731 0.305599 0.017130 0.056510
0 0.152778 0.499609 0.078704 0.012240
0 0.716898 0.254167 0.086574 0.010937
0 0.378935 0.142839 0.021759 0.043490
0 0.689120 0.416276 0.077315 0.012240
0 0.534028 0.421484 0.054167 0.017448
0 0.906713 0.219661 0.031019 0.030469
0 0.624306 0.511328 0.031019 0.030469
0 0.645139 0.193359 0.063426 0.014323
0 0.075231 0.513932 0.025463 0.035677
0 0.922917 0.270443 0.026389 0.033073
0 0.065278 0.559505 0.070370 0.012240
0 0.228472 0.123047 0.091204 0.009115
0 0.598380 0.677995 0.016204 0.051302
0 0.263194 0.903255 0.068056 0.012240
0 0.276620 0.442318 0.067130 0.012240
0 0.336806 0.301432 0.048611 0.016927
0 0.813657 0.259766 0.030093 0.027344
0 0.307870 0.515234 0.018519 0.043490
0 0.414815 0.710547 0.065741 0.012240
0 0.471528 0.992448 0.058796 0.013542
0 0.915972 0.233073 0.021759 0.036458
0 0.848843 0.291276 0.063426 0.012240
0 0.333796 0.395443 0.061111 0.012240
0 0.682176 0.119401 0.017130 0.043490
0 0.082639 0.663672 0.021759 0.033073
0 0.323380 0.489193 0.021759 0.033073
0 0.927546 0.323828 0.017130 0.040885
0 0.621991 0.342057 0.072685 0.009635
0 0.672454 0.230078 0.016204 0.040885
0 0.232639 0.258724 0.016204 0.040885
0 0.580324 0.478776 0.054167 0.012240
0 0.554861 0.110026 0.021759 0.029948
0 0.388194 0.614193 0.021759 0.027865
0 0.642361 0.228776 0.048611 0.012240
0 0.538194 0.732422 0.062500 0.009115
0 0.564120 0.909115 0.068056 0.008333
0 0.170139 0.710286 0.020833 0.027344
0 0.587269 0.402344 0.021759 0.026042
0 0.816435 0.583984 0.061574 0.009115
0 0.466898 0.591797 0.058796 0.009115
0 0.621991 0.099870 0.054167 0.009635
0 0.237269 0.530599 0.043981 0.011719
0 0.350694 0.531901 0.020833 0.024740
0 0.649306 0.118099 0.053241 0.009635
0 0.714583 0.659505 0.017130 0.029948
0 0.332639 0.439714 0.021759 0.022656
0 0.130787 0.708984 0.053241 0.009115
0 0.623148 0.151953 0.019444 0.024219
0 0.890509 0.331641 0.044907 0.009635
0 0.409028 0.569922 0.017130 0.017448
0 0.128935 0.515234 0.012500 0.022656
0 0.561806 0.041016 0.026389 0.006510
