0 0.200694 0.513932 0.322685 0.087760
0 0.100694 0.982031 0.196759 0.034375
0 0.626620 0.789974 0.063426 0.077344
0 0.483102 0.362891 0.156019 0.030469
0 0.730787 0.099870 0.123611 0.035677
0 0.121991 0.205339 0.128241 0.033073
0 0.519676 0.180599 0.136574 0.030469
0 0.538194 0.406510 0.062500 0.065625
0 0.899769 0.477474 0.109722 0.035677
0 0.638194 0.715755 0.049537 0.069531
0 0.962269 0.798438 0.058796 0.057813
0 0.628935 0.832031 0.058796 0.057292
0 0.286343 0.817318 0.058796 0.053906
0 0.781250 0.771484 0.104167 0.029948
0 0.881250 0.664974 0.100463 0.030469
0 0.540972 0.304297 0.105093 0.027865
0 0.711806 0.420182 0.094907 0.030469
0 0.503935 0.161068 0.095833 0.027865
0 0.790972 0.797526 0.086574 0.029948
0 0.459954 0.076432 0.128241 0.020052
0 0.524769 0.676693 0.109722 0.022656
0 0.774769 0.833333 0.044907 0.054688
0 0.721528 0.120703 0.160648 0.014844
0 0.684491 0.806901 0.031019 0.074740
0 0.890509 0.148438 0.035648 0.065104
0 0.841898 0.243490 0.040278 0.057292
0 0.568750 0.701432 0.114352 0.020052
0 0.730787 0.777604 0.040278 0.052604
0 0.225694 0.164714 0.085648 0.024740
0 0.052546 0.826432 0.044907 0.046094
0 0.612731 0.407161 0.081944 0.025260
0 0.774769 0.196224 0.044907 0.046094
0 0.814120 0.644792 0.077315 0.026562
0 0.811343 0.789974 0.081019 0.025260
0 0.246991 0.172526 0.081944 0.024740
0 0.693287 0.564714 0.085648 0.022656
0 0.115046 0.839453 0.095833 0.020052
0 0.932176 0.425781 0.035648 0.052083
0 0.565278 0.515234 0.042593 0.043490
0 0.196065 0.829036 0.072685 0.025260
0 0.853472 0.732031 0.035648 0.050000
0 0.612269 0.802995 0.034722 0.051302
0 0.950694 0.628516 0.026389 0.066927
0 0.300231 0.780859 0.040278 0.043490
0 0.540972 0.598568 0.077315 0.022656
0 0.318750 0.148047 0.077315 0.022656
0 0.517824 0.248307 0.086574 0.020052
0 0.950231 0.738542 0.034722 0.047396
0 0.709954 0.489193 0.072685 0.022656
0 0.709491 0.089453 0.081019 0.020052
0 0.818750 0.555339 0.040278 0.040365
0 0.460417 0.714453 0.034722 0.046094
0 0.480787 0.836849 0.031019 0.051302
0 0.573380 0.135677 0.040278 0.039583
0 0.491898 0.150651 0.090278 0.017448
0 0.765509 0.369401 0.026389 0.059115
0 0.365046 0.123307 0.077315 0.020052
0 0.751620 0.838151 0.035648 0.043490
0 0.640509 0.515234 0.035648 0.043490
0 0.147454 0.855078 0.077315 0.020052
0 0.896991 0.861589 0.085648 0.017448
0 0.385880 0.848568 0.026389 0.053906
0 0.779398 0.684245 0.063426 0.022135
0 0.126620 0.276953 0.026389 0.051302
0 0.170602 0.197526 0.077315 0.017448
0 0.661343 0.429297 0.031019 0.043490
0 0.683333 0.873958 0.061111 0.021354
0 0.242361 0.306641 0.109722 0.011719
0 0.383565 0.888932 0.086574 0.014844
0 0.670602 0.219661 0.086574 0.014844
0 0.707639 0.398698 0.068056 0.018750
0 0.853472 0.147786 0.026389 0.048177
0 0.066435 0.151953 0.035648 0.035677
0 0.631250 0.599870 0.063426 0.020052
0 0.735417 0.737891 0.031019 0.040885
0 0.455324 0.400651 0.072685 0.017448
0 0.603472 0.161068 0.072685 0.017448
0 0.692593 0.364193 0.028704 0.043490
0 0.828009 0.222266 0.021759 0.056510
0 0.213426 0.249609 0.070370 0.017448
0 0.340741 0.163021 0.075000 0.016146
0 0.331481 0.184245 0.102778 0.011719
0 0.681713 0.714453 0.081019 0.014844
0 0.527083 0.786068 0.068056 0.017448
0 0.814120 0.184505 0.031019 0.038281
0 0.605787 0.153255 0.068056 0.017448
0 0.740046 0.896745 0.058796 0.020052
0 0.120833 0.239193 0.024074 0.048698
0 0.230324 0.873307 0.057870 0.020052
0 0.922917 0.830339 0.026389 0.043490
0 0.145139 0.465755 0.026389 0.043490
0 0.439120 0.237891 0.077315 0.014844
0 0.953009 0.165625 0.031019 0.036979
0 0.452546 0.806901 0.020833 0.053906
0 0.381250 0.202734 0.091204 0.012240
0 0.074537 0.451432 0.024074 0.046094
0 0.633565 0.883464 0.021759 0.050781
0 0.948380 0.263932 0.031019 0.035677
0 0.619676 0.336849 0.031019 0.035677
0 0.064120 0.378516 0.031019 0.035677
0 0.746528 0.321875 0.025463 0.042188
0 0.255787 0.209245 0.071759 0.014844
0 0.638194 0.304297 0.086574 0.012240
0 0.615046 0.231380 0.021759 0.048698
0 0.318750 0.417578 0.105093 0.009635
0 0.770139 0.559505 0.026389 0.038281
0 0.714583 0.291276 0.026389 0.038281
0 0.175231 0.120703 0.068056 0.014844
0 0.883102 0.832943 0.057870 0.017448
0 0.446065 0.220964 0.081944 0.012240
0 0.860417 0.895182 0.058796 0.016927
0 0.145833 0.323568 0.027778 0.035156
0 0.413194 0.812109 0.025463 0.038281
0 0.398148 0.313151 0.032407 0.029948
0 0.490046 0.473568 0.021759 0.043490
0 0.751620 0.437109 0.054167 0.017448
0 0.601157 0.506120 0.031019 0.030469
0 0.529398 0.206641 0.026389 0.035677
0 0.811806 0.745443 0.026389 0.035156
0 0.343750 0.276953 0.062500 0.014844
0 0.762731 0.667578 0.030093 0.030469
0 0.631250 0.315755 0.063426 0.014323
0 0.929398 0.126953 0.020833 0.042969
0 0.537037 0.904557 0.060185 0.014844
0 0.641667 0.486328 0.075000 0.011719
0 0.730787 0.826172 0.021759 0.040365
0 0.733102 0.192318 0.026389 0.033073
0 0.962269 0.776953 0.058796 0.014844
0 0.241204 0.150651 0.070370 0.012240
0 0.816435 0.652995 0.072685 0.011719
0 0.853472 0.077083 0.026389 0.031771
0 0.837269 0.595964 0.021759 0.038281
0 0.351157 0.739193 0.021759 0.038281
0 0.559028 0.267839 0.067130 0.012240
0 0.355324 0.260026 0.067130 0.012240
0 0.440972 0.187109 0.016204 0.048698
0 0.519676 0.775651 0.062500 0.012240
0 0.939120 0.224870 0.077315 0.009635
0 0.809491 0.628516 0.077315 0.009635
0 0.788657 0.336198 0.017130 0.039583
0 0.449537 0.283464 0.024074 0.027865
0 0.712269 0.357682 0.021759 0.030469
0 0.441435 0.478776 0.054167 0.012240
0 0.466898 0.888672 0.021759 0.029948
0 0.955324 0.847005 0.044907 0.014323
0 0.793287 0.461589 0.044907 0.014323
0 0.725694 0.326172 0.020833 0.029948
0 0.871528 0.077734 0.016204 0.033073
0 0.597685 0.347266 0.014815 0.035677
0 0.066435 0.269141 0.054167 0.009635
0 0.927083 0.670182 0.016204 0.030469
0 0.457639 0.418880 0.021759 0.022656
0 0.772454 0.249609 0.012500 0.038281
0 0.596528 0.389323 0.021759 0.020833
0 0.596528 0.296484 0.058796 0.007031
0 0.804861 0.558594 0.012500 0.031250
0 0.936806 0.153255 0.017130 0.022656
0 0.922454 0.297135 0.016204 0.018750
