0 0.858102 0.055599 0.165278 0.051302
0 0.385880 0.446224 0.063426 0.113802
0 0.970370 0.360286 0.056481 0.087760
0 0.793287 0.388932 0.118981 0.035677
0 0.575694 0.443359 0.118981 0.029948
0 0.547917 0.786719 0.100463 0.034375
0 0.940278 0.757161 0.116667 0.027344
0 0.890509 0.443620 0.054167 0.051302
0 0.573380 0.601172 0.095833 0.027865
0 0.661343 0.588151 0.095833 0.027865
0 0.517824 0.528255 0.031019 0.085156
0 0.392824 0.414974 0.049537 0.051302
0 0.802546 0.472266 0.044907 0.056510
0 0.128472 0.431901 0.039352 0.064323
0 0.527083 0.080339 0.086574 0.027865
0 0.703009 0.510026 0.049537 0.048698
0 0.527083 0.036068 0.086574 0.027865
0 0.610417 0.512630 0.040278 0.059115
0 0.716898 0.663021 0.077315 0.026562
0 0.686343 0.463802 0.043981 0.044792
0 0.223843 0.618099 0.072685 0.025260
0 0.564120 0.648438 0.031019 0.054688
0 0.770139 0.075130 0.091204 0.017448
0 0.610417 0.644141 0.021759 0.066927
0 0.286343 0.420182 0.031019 0.046094
0 0.850694 0.305599 0.094907 0.014844
0 0.524769 0.184505 0.109722 0.012240
0 0.758565 0.470964 0.031019 0.038281
0 0.364583 0.474870 0.020833 0.056510
0 0.406713 0.124609 0.021759 0.053906
0 0.623843 0.150651 0.020833 0.053906
0 0.709954 0.050391 0.072685 0.014844
0 0.306713 0.606120 0.090278 0.011719
0 0.348843 0.075130 0.081944 0.012240
0 0.126620 0.138932 0.026389 0.035677
0 0.206481 0.431901 0.050000 0.017448
0 0.263194 0.729818 0.077315 0.009115
0 0.987731 0.594661 0.017130 0.040885
0 0.774769 0.878255 0.063426 0.009115
0 0.413194 0.042578 0.016204 0.030469
0 0.355787 0.253516 0.049537 0.009635
