0 0.067593 0.732682 0.093519 0.119010
0 0.573380 0.303255 0.179167 0.061198
0 0.529398 0.615495 0.220833 0.040885
0 0.970370 0.158464 0.056481 0.074740
0 0.353472 0.474870 0.146759 0.025260
0 0.705324 0.896745 0.118981 0.025260
0 0.942593 0.558203 0.112037 0.025260
0 0.560648 0.403906 0.042593 0.055208
0 0.716898 0.179297 0.095833 0.022656
0 0.223380 0.766536 0.034722 0.061719
0 0.087269 0.646745 0.040278 0.051302
0 0.182176 0.378516 0.035648 0.056510
0 0.233102 0.292578 0.044907 0.040885
0 0.857639 0.696875 0.034722 0.052604
0 0.937963 0.230078 0.121296 0.014844
0 0.105787 0.120052 0.040278 0.044792
0 0.523611 0.063151 0.116667 0.014323
0 0.406713 0.905859 0.095833 0.017448
0 0.487731 0.089193 0.081944 0.019531
0 0.619676 0.529557 0.031019 0.051302
0 0.802546 0.072526 0.109722 0.012240
0 0.700694 0.859635 0.026389 0.050000
0 0.896991 0.184505 0.030093 0.043490
0 0.212269 0.350911 0.021759 0.058594
0 0.842593 0.060547 0.087963 0.014323
0 0.848843 0.188802 0.026389 0.046875
0 0.142824 0.326432 0.021759 0.056510
0 0.988889 0.152604 0.019444 0.063021
0 0.128935 0.635026 0.021759 0.048698
0 0.073380 0.506120 0.021759 0.046094
0 0.939120 0.610026 0.068056 0.014323
0 0.270139 0.229818 0.017130 0.055990
0 0.457176 0.378516 0.020833 0.040885
0 0.965741 0.773047 0.065741 0.012240
0 0.922917 0.089193 0.081944 0.009115
0 0.903241 0.113932 0.014815 0.048177
0 0.065972 0.567318 0.016204 0.043490
0 0.975000 0.831641 0.047222 0.009635
0 0.979630 0.095703 0.037963 0.011719
0 0.098843 0.993099 0.044907 0.009635
