0 0.882407 0.379818 0.167593 0.038281
0 0.753935 0.404557 0.132870 0.040885
0 0.304398 0.207682 0.076389 0.069010
0 0.205324 0.819661 0.183796 0.027344
0 0.705324 0.266276 0.118981 0.040365
0 0.934491 0.689714 0.058796 0.053906
0 0.937269 0.019141 0.122685 0.025260
0 0.381250 0.763932 0.054167 0.056510
0 0.714583 0.206641 0.044907 0.066927
0 0.225463 0.508724 0.097222 0.030469
0 0.635880 0.783464 0.054167 0.053906
0 0.343750 0.414974 0.108796 0.025260
0 0.100694 0.143880 0.048611 0.055990
0 0.603472 0.297135 0.091204 0.029167
0 0.811806 0.488932 0.044907 0.058594
0 0.420602 0.108724 0.095833 0.027344
0 0.267824 0.403255 0.114352 0.022656
0 0.436343 0.446224 0.099537 0.025260
0 0.635880 0.712240 0.118981 0.020833
0 0.275926 0.884766 0.112037 0.022135
0 0.865046 0.421484 0.049537 0.048698
0 0.513194 0.744401 0.040278 0.059115
0 0.116204 0.277995 0.107407 0.022135
0 0.786343 0.723307 0.086574 0.027344
0 0.631250 0.896745 0.091204 0.025260
0 0.587269 0.563411 0.049537 0.046094
0 0.818287 0.271745 0.039352 0.056510
0 0.647454 0.562760 0.049537 0.044792
0 0.440278 0.486589 0.079630 0.027865
0 0.660880 0.200781 0.048611 0.044792
0 0.896991 0.531510 0.039352 0.055208
0 0.399769 0.761979 0.044907 0.047396
0 0.360417 0.784115 0.086574 0.023958
0 0.307176 0.776953 0.081944 0.025260
0 0.080324 0.493099 0.044907 0.046094
0 0.575694 0.838151 0.091204 0.022656
0 0.668287 0.569661 0.035648 0.053385
0 0.858796 0.261328 0.074074 0.025260
0 0.538657 0.507422 0.081944 0.022656
0 0.316435 0.614193 0.081944 0.022656
0 0.311343 0.585286 0.034722 0.053385
0 0.610417 0.351172 0.031019 0.059115
0 0.321065 0.664974 0.044907 0.040885
0 0.374306 0.704427 0.031019 0.057292
0 0.410185 0.799479 0.075000 0.023438
0 0.184491 0.610286 0.031019 0.056510
0 0.115046 0.247005 0.077315 0.022656
0 0.295602 0.119401 0.077315 0.022656
0 0.686806 0.634375 0.035648 0.047396
0 0.843750 0.842448 0.034722 0.046875
0 0.480324 0.762630 0.030093 0.053906
0 0.413194 0.918880 0.071759 0.022656
0 0.163194 0.631120 0.034722 0.046094
0 0.371991 0.635026 0.091204 0.017448
0 0.246528 0.852214 0.034722 0.045573
0 0.763889 0.517839 0.069444 0.022656
0 0.476157 0.523047 0.040278 0.038281
0 0.277083 0.572526 0.040278 0.038281
0 0.540972 0.530859 0.086574 0.017448
0 0.334954 0.582292 0.035648 0.042188
0 0.233102 0.456641 0.100463 0.014844
0 0.632407 0.596354 0.037963 0.039062
0 0.797917 0.610286 0.035648 0.040885
0 0.807176 0.217057 0.035648 0.040885
0 0.668287 0.732682 0.072685 0.020052
0 0.052546 0.352474 0.035648 0.040885
0 0.448380 0.714453 0.031019 0.046094
0 0.309491 0.730078 0.095833 0.014844
0 0.878935 0.529297 0.031019 0.045573
0 0.529398 0.256120 0.026389 0.051302
0 0.596528 0.853776 0.077315 0.017448
0 0.633565 0.635026 0.031019 0.043490
0 0.528241 0.813411 0.088889 0.014844
0 0.980787 0.222917 0.031019 0.042188
0 0.392824 0.860286 0.086574 0.014844
0 0.080324 0.642578 0.026389 0.048177
0 0.909028 0.209245 0.063426 0.020052
0 0.226157 0.568620 0.031019 0.040885
0 0.392824 0.599870 0.031019 0.040885
0 0.795602 0.177344 0.031019 0.039583
0 0.452546 0.837891 0.020833 0.058594
0 0.682176 0.495703 0.026389 0.046094
0 0.242361 0.691016 0.026389 0.046094
0 0.413657 0.618099 0.081944 0.014844
0 0.568750 0.473568 0.068056 0.017448
0 0.022454 0.629818 0.031019 0.038281
0 0.682176 0.145443 0.035648 0.033073
0 0.236111 0.392578 0.069444 0.016927
0 0.284028 0.161068 0.026389 0.043490
0 0.024769 0.832943 0.026389 0.043490
0 0.515046 0.650651 0.034722 0.033073
0 0.971528 0.321875 0.031019 0.036979
0 0.137731 0.891536 0.076389 0.014844
0 0.052083 0.541276 0.025463 0.043490
0 0.490046 0.602474 0.031019 0.035677
0 0.446065 0.873307 0.072685 0.014844
0 0.927546 0.594661 0.026389 0.040885
0 0.469213 0.697526 0.017130 0.059115
0 0.601157 0.805599 0.068056 0.014844
0 0.522454 0.598307 0.031019 0.032552
0 0.906713 0.597266 0.021759 0.046094
0 0.203009 0.672786 0.021759 0.046094
0 0.436806 0.150651 0.081944 0.012240
0 0.670602 0.918880 0.077315 0.012240
0 0.953009 0.624609 0.021759 0.043490
0 0.716898 0.528255 0.021759 0.043490
0 0.230787 0.116797 0.021759 0.043490
0 0.050231 0.582943 0.021759 0.043490
0 0.082639 0.327734 0.021759 0.043490
0 0.869676 0.705339 0.021759 0.043490
0 0.448380 0.622005 0.077315 0.012240
0 0.434491 0.267839 0.077315 0.012240
0 0.689120 0.780859 0.077315 0.012240
0 0.888194 0.316016 0.031019 0.030469
0 0.867361 0.632422 0.054167 0.017448
0 0.940278 0.654297 0.065741 0.014323
0 0.066435 0.258724 0.026389 0.035677
0 0.317130 0.541016 0.055556 0.016927
0 0.256250 0.552734 0.026389 0.035156
0 0.654398 0.637891 0.026389 0.035156
0 0.128935 0.718099 0.077315 0.011719
0 0.953009 0.524349 0.021759 0.040885
0 0.566435 0.460547 0.072685 0.012240
0 0.640509 0.510026 0.072685 0.012240
0 0.373148 0.568359 0.019444 0.045573
0 0.899306 0.174089 0.071759 0.012240
0 0.344213 0.619141 0.072685 0.011719
0 0.795602 0.300391 0.086574 0.009635
0 0.874306 0.291276 0.021759 0.038281
0 0.485417 0.652604 0.021759 0.036979
0 0.196065 0.110286 0.054167 0.014844
0 0.584954 0.758724 0.017130 0.046094
0 0.103472 0.523047 0.063426 0.012240
0 0.630787 0.204036 0.016204 0.046094
0 0.853472 0.494401 0.017130 0.043490
0 0.012731 0.802995 0.020833 0.035677
0 0.390509 0.389974 0.063426 0.011719
0 0.616898 0.818359 0.081019 0.009115
0 0.038657 0.127214 0.026389 0.027865
0 0.443287 0.591797 0.020833 0.035156
0 0.608102 0.470313 0.017130 0.042188
0 0.172917 0.094661 0.072685 0.009635
0 0.815972 0.355078 0.071759 0.009635
0 0.695602 0.623307 0.016204 0.040885
0 0.330324 0.158464 0.017130 0.038281
0 0.728472 0.502214 0.017130 0.038281
0 0.366204 0.663411 0.024074 0.027344
0 0.519676 0.310547 0.071759 0.009115
0 0.339583 0.274349 0.063426 0.009635
0 0.154398 0.112891 0.063426 0.009635
0 0.492361 0.782161 0.017130 0.035677
0 0.719213 0.732682 0.017130 0.035677
0 0.492361 0.566016 0.063426 0.009635
0 0.409028 0.508724 0.063426 0.009635
0 0.825694 0.233333 0.017130 0.034375
0 0.378935 0.244141 0.049537 0.011719
0 0.799074 0.789323 0.019444 0.029167
0 0.029398 0.726172 0.044907 0.012240
0 0.664352 0.709245 0.055556 0.009635
0 0.126620 0.795182 0.054167 0.009635
0 0.920602 0.516536 0.012500 0.040885
0 0.848843 0.796875 0.063426 0.007812
0 0.859954 0.184505 0.039352 0.012240
0 0.865046 0.115495 0.049537 0.009635
0 0.371991 0.473568 0.035648 0.012240
0 0.925231 0.349870 0.040278 0.009635
0 0.703009 0.560807 0.012500 0.030469
0 0.525463 0.004818 0.046296 0.007031
