0 0.237731 0.813151 0.137500 0.035156
0 0.203472 0.761068 0.071759 0.066406
0 0.448380 0.260026 0.123611 0.038281
0 0.890509 0.848568 0.063426 0.069531
0 0.608102 0.895182 0.109722 0.037760
0 0.709954 0.551693 0.054167 0.074740
0 0.256250 0.722266 0.054167 0.066927
0 0.742361 0.287370 0.054167 0.066927
0 0.919444 0.251953 0.102778 0.032552
0 0.931481 0.018880 0.134259 0.024740
0 0.781713 0.364193 0.058796 0.053906
0 0.228472 0.902604 0.146759 0.021354
0 0.059491 0.356380 0.049537 0.059115
0 0.612731 0.663672 0.054167 0.053906
0 0.485417 0.668880 0.049537 0.053906
0 0.448380 0.830339 0.031019 0.085156
0 0.848380 0.181641 0.118056 0.022135
0 0.212269 0.135026 0.040278 0.064323
0 0.631250 0.448828 0.044907 0.051302
0 0.237731 0.550391 0.044907 0.051302
0 0.410880 0.198828 0.039352 0.056510
0 0.612731 0.744141 0.100463 0.022135
0 0.663657 0.568620 0.035648 0.061719
0 0.121991 0.179948 0.044907 0.047396
0 0.675231 0.255469 0.086574 0.023958
0 0.557176 0.594661 0.081944 0.025260
0 0.436806 0.706641 0.044907 0.046094
0 0.290972 0.528255 0.086574 0.022656
0 0.339583 0.701432 0.026389 0.072135
0 0.580324 0.536068 0.081944 0.022656
0 0.830324 0.401953 0.044907 0.040885
0 0.591898 0.387240 0.040278 0.044271
0 0.161343 0.851172 0.077315 0.022656
0 0.554861 0.799089 0.077315 0.022656
0 0.920602 0.775651 0.040278 0.043490
0 0.450694 0.431901 0.035648 0.048698
0 0.422917 0.619401 0.072685 0.022656
0 0.559491 0.154557 0.040278 0.040885
0 0.436806 0.650651 0.072685 0.022656
0 0.163657 0.787109 0.026389 0.061198
0 0.293287 0.309505 0.091204 0.017448
0 0.480787 0.833594 0.040278 0.039583
0 0.269676 0.438151 0.081019 0.019531
0 0.309491 0.781901 0.031019 0.050781
0 0.751620 0.499609 0.026389 0.059115
0 0.814120 0.495703 0.105093 0.014844
0 0.128935 0.477474 0.077315 0.020052
0 0.150926 0.624609 0.028704 0.053906
0 0.777083 0.549089 0.068056 0.022656
0 0.064120 0.903255 0.068056 0.022656
0 0.656713 0.713151 0.068056 0.022656
0 0.562963 0.749349 0.028704 0.053385
0 0.660880 0.769141 0.076389 0.020052
0 0.401620 0.687109 0.067130 0.022656
0 0.809491 0.738932 0.068056 0.022135
0 0.784028 0.914974 0.072685 0.020052
0 0.098843 0.555599 0.035648 0.040885
0 0.895139 0.339453 0.035648 0.040885
0 0.934491 0.355078 0.031019 0.046094
0 0.439120 0.727474 0.031019 0.046094
0 0.260880 0.249609 0.081944 0.017448
0 0.332639 0.506120 0.031019 0.046094
0 0.133565 0.170182 0.031019 0.046094
0 0.385417 0.743099 0.034722 0.040885
0 0.377778 0.715104 0.037963 0.036979
0 0.888194 0.274349 0.068056 0.020052
0 0.608102 0.572526 0.035648 0.038281
0 0.295602 0.706641 0.068056 0.020052
0 0.323380 0.424089 0.077315 0.017448
0 0.277083 0.622005 0.077315 0.017448
0 0.707639 0.262630 0.031019 0.043490
0 0.863889 0.631120 0.028704 0.046094
0 0.193750 0.468099 0.077315 0.016927
0 0.550231 0.254818 0.021759 0.059115
0 0.066435 0.424089 0.026389 0.048698
0 0.520139 0.470964 0.072685 0.017448
0 0.510880 0.569661 0.072685 0.016927
0 0.722685 0.168880 0.070370 0.017448
0 0.297454 0.677734 0.034722 0.035156
0 0.839583 0.253516 0.026389 0.046094
0 0.274769 0.479427 0.063426 0.018750
0 0.415972 0.102474 0.058796 0.020052
0 0.626157 0.657161 0.025463 0.046094
0 0.290509 0.500911 0.057870 0.020052
0 0.082639 0.754557 0.068056 0.016927
0 0.073380 0.833984 0.058796 0.019531
0 0.374306 0.571615 0.031019 0.036458
0 0.038194 0.856120 0.025463 0.042969
0 0.045139 0.443620 0.020833 0.051302
0 0.487269 0.607682 0.071759 0.014844
0 0.346528 0.580339 0.021759 0.048698
0 0.240046 0.491797 0.021759 0.048698
0 0.232639 0.584245 0.025463 0.040885
0 0.874306 0.687109 0.031019 0.033073
0 0.415972 0.486589 0.058796 0.017448
0 0.807176 0.301693 0.026389 0.038281
0 0.654398 0.679297 0.026389 0.038281
0 0.670139 0.666276 0.057870 0.017448
0 0.957639 0.513932 0.021759 0.046094
0 0.865046 0.357031 0.021759 0.044792
0 0.045602 0.362240 0.021759 0.044792
0 0.015509 0.813411 0.017130 0.056510
0 0.573380 0.457943 0.021759 0.043490
0 0.568750 0.809505 0.077315 0.012240
0 0.828009 0.663672 0.077315 0.012240
0 0.929861 0.670182 0.031019 0.030469
0 0.670602 0.748307 0.031019 0.030469
0 0.089583 0.696224 0.063426 0.014844
0 0.529398 0.827474 0.054167 0.016927
0 0.188657 0.700130 0.020833 0.043490
0 0.765509 0.572526 0.072685 0.012240
0 0.517824 0.651953 0.021759 0.040885
0 0.358102 0.645443 0.026389 0.033073
0 0.723843 0.306901 0.026389 0.033073
0 0.829167 0.101172 0.070370 0.012240
0 0.098843 0.879818 0.017130 0.048698
0 0.758565 0.590495 0.049537 0.016927
0 0.828009 0.114193 0.068056 0.012240
0 0.762731 0.883464 0.057870 0.014323
0 0.276620 0.115234 0.057870 0.014323
0 0.948380 0.808854 0.021759 0.036979
0 0.103472 0.594661 0.026389 0.030469
0 0.246528 0.140234 0.016204 0.048698
0 0.735417 0.326172 0.086574 0.009115
0 0.395139 0.625911 0.081944 0.009635
0 0.187269 0.724870 0.053241 0.014844
0 0.550231 0.776953 0.021759 0.035677
0 0.360417 0.680599 0.021759 0.035677
0 0.068750 0.559505 0.021759 0.033073
0 0.860417 0.575130 0.021759 0.033073
0 0.881250 0.784766 0.017130 0.040885
0 0.492361 0.756120 0.072685 0.009635
0 0.234954 0.281901 0.076389 0.009115
0 0.734954 0.404297 0.076389 0.009115
0 0.380787 0.674740 0.025463 0.026562
0 0.621991 0.809505 0.017130 0.038281
0 0.205324 0.686849 0.017130 0.037760
0 0.015509 0.637370 0.017130 0.037760
0 0.661343 0.811458 0.058796 0.010937
0 0.409028 0.785417 0.017130 0.036979
0 0.480787 0.689714 0.021759 0.027865
0 0.260417 0.378516 0.062500 0.009635
0 0.487269 0.706641 0.062500 0.009635
0 0.197917 0.832943 0.048611 0.012240
0 0.108102 0.820964 0.063426 0.009115
0 0.073380 0.349219 0.021759 0.026562
0 0.010880 0.731380 0.017130 0.033073
0 0.281713 0.110026 0.058796 0.009115
0 0.691435 0.792578 0.017130 0.030469
0 0.719213 0.610026 0.054167 0.009115
0 0.367361 0.180339 0.054167 0.009115
0 0.920602 0.158464 0.040278 0.012240
0 0.663657 0.645443 0.017130 0.027865
0 0.422917 0.733984 0.017130 0.022656
0 0.707176 0.751953 0.011574 0.032552
0 0.471065 0.089453 0.039352 0.009635
0 0.755787 0.832682 0.053241 0.006510
0 0.467593 0.996354 0.050926 0.005729
0 0.731944 0.997656 0.014815 0.003125
