0 0.919444 0.974219 0.158333 0.050000
0 0.162037 0.577734 0.162037 0.048698
0 0.802546 0.267578 0.174537 0.032552
0 0.334491 0.377214 0.108796 0.033073
0 0.324074 0.840495 0.060185 0.058594
0 0.223380 0.192318 0.053241 0.064323
0 0.152083 0.141276 0.123611 0.024740
0 0.237731 0.663672 0.109722 0.027865
0 0.378935 0.862891 0.040278 0.072135
0 0.730787 0.508464 0.114352 0.024740
0 0.337269 0.190365 0.095833 0.029167
0 0.589583 0.237891 0.091204 0.030469
0 0.450694 0.792578 0.091204 0.030469
0 0.089583 0.847266 0.044907 0.061719
0 0.918287 0.760026 0.044907 0.059115
0 0.084491 0.778255 0.053241 0.048698
0 0.131250 0.167578 0.091204 0.025260
0 0.790972 0.784766 0.040278 0.056510
0 0.167824 0.187109 0.081019 0.027865
0 0.413194 0.380859 0.043981 0.050781
0 0.061806 0.137630 0.044907 0.048698
0 0.073380 0.231380 0.095833 0.022656
0 0.913657 0.442318 0.026389 0.079948
0 0.112731 0.871745 0.035648 0.058594
0 0.666667 0.518490 0.041667 0.050000
0 0.927546 0.625911 0.044907 0.046094
0 0.591898 0.816016 0.040278 0.051302
0 0.815278 0.821875 0.042593 0.047396
0 0.149769 0.737891 0.035648 0.056510
0 0.091898 0.736589 0.031019 0.064323
0 0.686343 0.256120 0.034722 0.056510
0 0.339583 0.814714 0.044907 0.043490
0 0.258565 0.162370 0.077315 0.025260
0 0.096528 0.516276 0.077315 0.024740
0 0.363889 0.275651 0.084259 0.022656
0 0.559028 0.556250 0.039352 0.047396
0 0.358102 0.486589 0.081944 0.022656
0 0.816435 0.874609 0.081944 0.022656
0 0.691435 0.349870 0.044907 0.040885
0 0.682176 0.839453 0.044907 0.040885
0 0.223843 0.586849 0.072685 0.025260
0 0.163657 0.860026 0.091204 0.019531
0 0.443750 0.241797 0.077315 0.022656
0 0.337269 0.566016 0.086574 0.020052
0 0.619676 0.289974 0.040278 0.040885
0 0.138194 0.480078 0.040278 0.040885
0 0.753472 0.788672 0.030093 0.053906
0 0.204861 0.323828 0.034722 0.046094
0 0.661343 0.882422 0.040278 0.038281
0 0.515046 0.783464 0.034722 0.043490
0 0.788657 0.426042 0.035648 0.042188
0 0.712269 0.771745 0.021759 0.066927
0 0.154398 0.826432 0.072685 0.020052
0 0.455324 0.472266 0.035648 0.040885
0 0.165972 0.294531 0.077315 0.018750
0 0.822917 0.409766 0.020833 0.066927
0 0.339120 0.569271 0.034722 0.039583
0 0.307176 0.692318 0.035648 0.038281
0 0.959954 0.871354 0.063426 0.021354
0 0.684028 0.481380 0.076389 0.017448
0 0.177083 0.465755 0.034722 0.038281
0 0.786343 0.314453 0.077315 0.016927
0 0.040509 0.395182 0.030093 0.042969
0 0.281713 0.183203 0.086574 0.014844
0 0.212269 0.216406 0.068056 0.018750
0 0.091435 0.217057 0.085648 0.014844
0 0.034028 0.284766 0.035648 0.035677
0 0.529398 0.438411 0.035648 0.035677
0 0.159028 0.245703 0.026389 0.046094
0 0.047917 0.443359 0.026389 0.045573
0 0.749306 0.338151 0.031019 0.038281
0 0.527083 0.801693 0.068056 0.017448
0 0.892824 0.664974 0.058796 0.020052
0 0.115046 0.670182 0.058796 0.020052
0 0.637731 0.252214 0.067130 0.017448
0 0.211806 0.659766 0.057870 0.020052
0 0.165972 0.506120 0.077315 0.014844
0 0.922917 0.336849 0.026389 0.040885
0 0.522454 0.226172 0.086574 0.012240
0 0.503935 0.754818 0.086574 0.012240
0 0.568750 0.601172 0.086574 0.012240
0 0.749306 0.398047 0.031019 0.033073
0 0.929398 0.374609 0.020833 0.048698
0 0.071065 0.444922 0.026389 0.038281
0 0.874306 0.868099 0.021759 0.046094
0 0.865046 0.316667 0.031019 0.031771
0 0.441435 0.722266 0.017130 0.056510
0 0.751620 0.309505 0.054167 0.017448
0 0.888194 0.391536 0.031019 0.030469
0 0.325694 0.154557 0.026389 0.035677
0 0.909028 0.694922 0.017130 0.053906
0 0.573380 0.412370 0.021759 0.040885
0 0.322222 0.850911 0.075000 0.011719
0 0.874306 0.722266 0.058796 0.014844
0 0.632407 0.797526 0.028704 0.029948
0 0.420139 0.266536 0.057870 0.014844
0 0.285880 0.586849 0.020833 0.040885
0 0.170602 0.438411 0.086574 0.009635
0 0.170602 0.319922 0.068056 0.012240
0 0.233102 0.149349 0.026389 0.030469
0 0.200694 0.388932 0.017130 0.046094
0 0.584954 0.672526 0.026389 0.029948
0 0.343750 0.217057 0.053241 0.014844
0 0.821065 0.728776 0.017130 0.043490
0 0.223380 0.812760 0.025463 0.029167
0 0.571065 0.738932 0.017130 0.042969
0 0.765509 0.569922 0.026389 0.027865
0 0.304398 0.513932 0.048611 0.014844
0 0.094213 0.461849 0.017130 0.040885
0 0.020139 0.237891 0.017130 0.040885
0 0.867361 0.336849 0.072685 0.009635
0 0.593056 0.263932 0.047222 0.014844
0 0.214120 0.495703 0.071759 0.009635
0 0.172917 0.154557 0.026389 0.025260
0 0.733102 0.418880 0.017130 0.038281
0 0.328009 0.878516 0.068056 0.009635
0 0.547917 0.401953 0.017130 0.035677
0 0.541435 0.817318 0.048611 0.012240
0 0.848843 0.367448 0.017130 0.034375
0 0.788194 0.375911 0.016204 0.035677
0 0.618519 0.838151 0.047222 0.012240
0 0.323380 0.248307 0.058796 0.009635
0 0.679861 0.295182 0.058796 0.009635
0 0.871991 0.537760 0.017130 0.031250
0 0.696528 0.289323 0.062500 0.008333
0 0.529398 0.612891 0.054167 0.009635
0 0.834954 0.842057 0.017130 0.030469
0 0.279398 0.127214 0.017130 0.027865
0 0.661343 0.436849 0.012500 0.037760
0 0.040972 0.358984 0.012500 0.033073
0 0.207176 0.293880 0.057870 0.007031
0 0.645139 0.301693 0.054167 0.007031
0 0.909028 0.870443 0.017130 0.019531
0 0.071065 0.278646 0.017130 0.018229
0 0.016667 0.995052 0.028704 0.008333
