0 0.536343 0.616797 0.234722 0.048698
0 0.814815 0.351823 0.208333 0.039583
0 0.847685 0.292578 0.172222 0.046094
0 0.420139 0.848307 0.131944 0.037760
0 0.508565 0.834896 0.132870 0.036979
0 0.193750 0.238281 0.068056 0.062500
0 0.418287 0.427995 0.118981 0.035677
0 0.626620 0.879818 0.128241 0.033073
0 0.751620 0.447526 0.054167 0.059115
0 0.814120 0.442318 0.049537 0.064323
0 0.277083 0.205078 0.049537 0.058594
0 0.929398 0.295182 0.048611 0.051302
0 0.790972 0.122005 0.086574 0.027865
0 0.253935 0.389974 0.049537 0.048177
0 0.152083 0.097266 0.040278 0.056510
0 0.795602 0.276953 0.132870 0.014844
0 0.961111 0.758724 0.075000 0.025260
0 0.777083 0.364844 0.132870 0.013542
0 0.853472 0.185807 0.026389 0.066927
0 0.867361 0.818620 0.026389 0.066927
0 0.097685 0.761328 0.024074 0.072135
0 0.864583 0.064714 0.076389 0.022656
0 0.809028 0.138932 0.085648 0.020052
0 0.617361 0.168880 0.026389 0.064323
0 0.339583 0.702734 0.072685 0.022656
0 0.799074 0.041276 0.093519 0.017448
0 0.804861 0.243099 0.031019 0.051302
0 0.890509 0.010026 0.091204 0.017448
0 0.973843 0.215755 0.035648 0.043490
0 0.200231 0.352865 0.025463 0.057292
0 0.758565 0.079036 0.095833 0.014844
0 0.834491 0.243099 0.034722 0.040885
0 0.304398 0.284766 0.094907 0.014844
0 0.918287 0.731120 0.081944 0.016927
0 0.478009 0.266536 0.025463 0.051302
0 0.258565 0.702734 0.021759 0.059115
0 0.867361 0.127214 0.026389 0.048698
0 0.087269 0.443620 0.031019 0.040885
0 0.422454 0.463151 0.071759 0.017448
0 0.932176 0.142839 0.026389 0.043490
0 0.110417 0.128255 0.021759 0.050781
0 0.251157 0.840755 0.062500 0.017448
0 0.920602 0.088802 0.021759 0.039583
0 0.868519 0.232682 0.075000 0.009635
0 0.439120 0.873307 0.068056 0.009635
0 0.977315 0.013932 0.024074 0.025260
0 0.098843 0.990234 0.044907 0.009115
0 0.993519 0.201432 0.010185 0.030469
0 0.128935 0.323568 0.012500 0.024740
