0 0.441435 0.023047 0.406019 0.043490
0 0.900926 0.021745 0.195370 0.035677
0 0.839583 0.332943 0.072685 0.069531
0 0.239583 0.855078 0.048611 0.103385
0 0.168981 0.140234 0.175926 0.027865
0 0.770139 0.857422 0.072685 0.066406
0 0.784028 0.154557 0.137500 0.030469
0 0.145139 0.189714 0.118981 0.027865
0 0.094213 0.503516 0.054167 0.056510
0 0.876620 0.842057 0.118981 0.025260
0 0.222222 0.356380 0.041667 0.069531
0 0.742361 0.627214 0.044907 0.064323
0 0.790972 0.188411 0.142130 0.020052
0 0.834954 0.250911 0.054167 0.051302
0 0.649769 0.841146 0.044907 0.059896
0 0.716898 0.556901 0.095833 0.027865
0 0.212269 0.654557 0.132870 0.020052
0 0.719213 0.896094 0.091204 0.029167
0 0.517361 0.416276 0.108796 0.022656
0 0.378935 0.806641 0.049537 0.048177
0 0.212269 0.705339 0.040278 0.059115
0 0.698380 0.142839 0.031019 0.074740
0 0.068750 0.107682 0.040278 0.056510
0 0.184028 0.566016 0.048611 0.046094
0 0.561806 0.801432 0.100463 0.022135
0 0.188657 0.899089 0.048611 0.045573
0 0.214583 0.562109 0.044907 0.048698
0 0.175231 0.779557 0.086574 0.025260
0 0.175231 0.207292 0.132870 0.016146
0 0.208333 0.670182 0.106481 0.020052
0 0.603472 0.254167 0.044907 0.047396
0 0.098843 0.728776 0.035648 0.059115
0 0.788657 0.516536 0.081944 0.025260
0 0.344213 0.253516 0.044907 0.046094
0 0.219213 0.248307 0.081944 0.025260
0 0.061806 0.732682 0.081944 0.025260
0 0.668287 0.123307 0.035648 0.056510
0 0.310185 0.606380 0.087963 0.022656
0 0.241898 0.752214 0.034722 0.053906
0 0.032870 0.788672 0.042593 0.043490
0 0.756250 0.391536 0.044907 0.040885
0 0.090278 0.558854 0.083333 0.021354
0 0.554861 0.351172 0.077315 0.022656
0 0.915509 0.433203 0.085648 0.020052
0 0.309028 0.901953 0.085648 0.020052
0 0.693750 0.761979 0.040278 0.042188
0 0.545602 0.817318 0.095833 0.017448
0 0.172917 0.329036 0.109722 0.014844
0 0.746991 0.345703 0.072685 0.022135
0 0.804861 0.117448 0.040278 0.039583
0 0.834954 0.656901 0.109722 0.014323
0 0.339583 0.387630 0.026389 0.059115
0 0.424769 0.578385 0.039352 0.039583
0 0.801389 0.706380 0.079630 0.019531
0 0.535880 0.598568 0.067130 0.022656
0 0.281713 0.650651 0.031019 0.048698
0 0.156713 0.682943 0.077315 0.019531
0 0.531713 0.642188 0.031019 0.047396
0 0.584954 0.576432 0.035648 0.040885
0 0.767361 0.819271 0.039352 0.036979
0 0.189120 0.646745 0.095833 0.014844
0 0.443287 0.618099 0.039352 0.035677
0 0.693750 0.909766 0.068056 0.020052
0 0.661343 0.536068 0.031019 0.043490
0 0.587269 0.534505 0.068056 0.019531
0 0.450231 0.830078 0.034722 0.037760
0 0.527083 0.452734 0.105093 0.012240
0 0.344213 0.754818 0.026389 0.048698
0 0.876620 0.796484 0.026389 0.048698
0 0.066435 0.843359 0.026389 0.048698
0 0.339120 0.725521 0.034722 0.036979
0 0.404398 0.382422 0.072685 0.017448
0 0.517824 0.550391 0.031019 0.040885
0 0.902083 0.222266 0.031019 0.040885
0 0.475000 0.611589 0.028704 0.043490
0 0.040972 0.281250 0.068056 0.018229
0 0.554861 0.268880 0.021759 0.055990
0 0.811806 0.407161 0.026389 0.046094
0 0.714583 0.771745 0.026389 0.046094
0 0.941435 0.229167 0.035648 0.033854
0 0.369676 0.218359 0.068056 0.017448
0 0.520139 0.155859 0.035648 0.033073
0 0.726157 0.170182 0.058796 0.020052
0 0.508565 0.285807 0.021759 0.053385
0 0.084954 0.778255 0.026389 0.043490
0 0.566435 0.181901 0.026389 0.043490
0 0.082176 0.227474 0.076389 0.014844
0 0.355787 0.498307 0.021759 0.051302
0 0.505093 0.381120 0.024074 0.046094
0 0.644676 0.226172 0.090278 0.012240
0 0.665972 0.456641 0.031019 0.035677
0 0.455324 0.528255 0.063426 0.017448
0 0.890046 0.293620 0.025463 0.042969
0 0.656250 0.622656 0.057870 0.018750
0 0.885880 0.347266 0.026389 0.040885
0 0.774769 0.740495 0.072685 0.014844
0 0.344213 0.277995 0.091204 0.011719
0 0.790972 0.674089 0.086574 0.012240
0 0.073380 0.457943 0.021759 0.048698
0 0.385880 0.595313 0.063426 0.016146
0 0.582639 0.788411 0.086574 0.011719
0 0.851157 0.748307 0.068056 0.014844
0 0.575694 0.866797 0.026389 0.038281
0 0.110417 0.659766 0.021759 0.046094
0 0.737269 0.213151 0.081019 0.012240
0 0.716898 0.823568 0.068056 0.014323
0 0.913657 0.524349 0.026389 0.035677
0 0.847685 0.486589 0.051852 0.017448
0 0.903935 0.113932 0.053241 0.016927
0 0.036343 0.373307 0.021759 0.040885
0 0.196065 0.929297 0.072685 0.012240
0 0.878935 0.412370 0.021759 0.040885
0 0.681713 0.918880 0.071759 0.012240
0 0.941435 0.474609 0.017130 0.050781
0 0.311806 0.840755 0.026389 0.033073
0 0.193287 0.302995 0.020833 0.040885
0 0.544907 0.481380 0.069444 0.012240
0 0.857639 0.783464 0.025463 0.033073
0 0.707639 0.674089 0.068056 0.012240
0 0.152083 0.640234 0.068056 0.012240
0 0.200694 0.846875 0.026389 0.031250
0 0.186806 0.258724 0.054167 0.014844
0 0.760880 0.433203 0.026389 0.030469
0 0.318750 0.790365 0.021759 0.036458
0 0.603472 0.545182 0.081944 0.009635
0 0.177546 0.292578 0.017130 0.046094
0 0.573380 0.693620 0.021759 0.035677
0 0.399769 0.233984 0.063426 0.012240
0 0.749306 0.326432 0.021759 0.035677
0 0.175231 0.789974 0.077315 0.009635
0 0.478472 0.148047 0.017130 0.043490
0 0.824537 0.372005 0.061111 0.012240
0 0.374306 0.626563 0.068056 0.010937
0 0.535880 0.191016 0.020833 0.035677
0 0.804861 0.432292 0.021759 0.033854
0 0.074074 0.171484 0.060185 0.012240
0 0.235417 0.166276 0.021759 0.033073
0 0.147454 0.391276 0.077315 0.009115
0 0.823380 0.551432 0.021759 0.032552
0 0.807176 0.227474 0.017130 0.040885
0 0.358102 0.857682 0.072685 0.009635
0 0.565972 0.137370 0.016204 0.042969
0 0.126620 0.159505 0.072685 0.009115
0 0.946065 0.257422 0.017130 0.038281
0 0.487269 0.732422 0.071759 0.009115
0 0.307176 0.327474 0.017130 0.037760
0 0.216898 0.406510 0.021759 0.029167
0 0.269676 0.335547 0.016204 0.038281
0 0.256250 0.922786 0.063426 0.009635
0 0.867361 0.472266 0.063426 0.009635
0 0.855787 0.387630 0.021759 0.027865
0 0.403935 0.261328 0.062500 0.009635
0 0.742361 0.799479 0.017130 0.033854
0 0.871528 0.612891 0.016204 0.035677
0 0.557176 0.409505 0.063426 0.009115
0 0.591435 0.126953 0.020833 0.027344
0 0.758565 0.730078 0.058796 0.009635
0 0.547454 0.848568 0.043981 0.012240
0 0.738889 0.535807 0.019444 0.027344
0 0.528935 0.329036 0.016204 0.030469
0 0.022454 0.848568 0.021759 0.022656
0 0.748843 0.864193 0.039352 0.012240
0 0.355324 0.374609 0.011574 0.033073
0 0.403935 0.304297 0.053241 0.007031
