0 0.951852 0.747005 0.093519 0.121615
0 0.267361 0.293880 0.076389 0.074740
0 0.860417 0.307943 0.058796 0.071615
0 0.191435 0.865495 0.054167 0.077344
0 0.619676 0.659766 0.058796 0.061719
0 0.103009 0.800391 0.053241 0.066927
0 0.144676 0.679036 0.127315 0.027344
0 0.186806 0.592057 0.054167 0.061719
0 0.471528 0.390625 0.049537 0.065104
0 0.144676 0.872656 0.043981 0.065625
0 0.353472 0.185807 0.100463 0.025260
0 0.240741 0.808203 0.050926 0.046094
0 0.071759 0.570312 0.046296 0.049479
0 0.221528 0.774349 0.049537 0.046094
0 0.582639 0.840755 0.095833 0.022656
0 0.142824 0.827734 0.040278 0.053906
0 0.500463 0.254818 0.042593 0.048698
0 0.057176 0.862891 0.044907 0.046094
0 0.749306 0.663672 0.040278 0.048698
0 0.105787 0.614193 0.040278 0.048698
0 0.409028 0.741797 0.044907 0.043490
0 0.853472 0.254818 0.044907 0.043490
0 0.670602 0.251953 0.040278 0.048177
0 0.447917 0.608984 0.030093 0.064323
0 0.715278 0.309245 0.111111 0.016927
0 0.246991 0.135026 0.081944 0.022656
0 0.376620 0.698828 0.072685 0.025260
0 0.816435 0.661068 0.035648 0.048698
0 0.128935 0.701172 0.086574 0.019531
0 0.316435 0.295833 0.035648 0.047396
0 0.605787 0.429297 0.031019 0.053906
0 0.068750 0.536068 0.031019 0.053906
0 0.235417 0.869401 0.031019 0.053906
0 0.691435 0.230078 0.035648 0.046094
0 0.256250 0.498307 0.035648 0.046094
0 0.765509 0.227474 0.081944 0.020052
0 0.279398 0.714453 0.081944 0.020052
0 0.284028 0.558203 0.035648 0.046094
0 0.142824 0.318620 0.031019 0.051302
0 0.119676 0.552995 0.031019 0.051302
0 0.369676 0.118099 0.077315 0.020052
0 0.696065 0.645443 0.035648 0.043490
0 0.253935 0.935807 0.077315 0.020052
0 0.244676 0.405859 0.068056 0.022656
0 0.133565 0.655859 0.068056 0.022656
0 0.110417 0.747005 0.031019 0.048698
0 0.090278 0.646484 0.037037 0.040365
0 0.517361 0.705339 0.030093 0.048698
0 0.603472 0.284766 0.072685 0.020052
0 0.207639 0.745703 0.031019 0.046094
0 0.321065 0.774089 0.072685 0.019531
0 0.832639 0.117839 0.031019 0.045573
0 0.899769 0.556641 0.081944 0.016927
0 0.186806 0.220964 0.035648 0.038281
0 0.832639 0.463151 0.031019 0.043490
0 0.852315 0.202995 0.024074 0.053385
0 0.517361 0.642839 0.104167 0.012240
0 0.802546 0.675391 0.063426 0.020052
0 0.046759 0.263932 0.024074 0.051302
0 0.862269 0.708984 0.034722 0.035156
0 0.279398 0.888932 0.026389 0.046094
0 0.608102 0.162370 0.026389 0.046094
0 0.075694 0.920182 0.026389 0.046094
0 0.168287 0.521745 0.026389 0.046094
0 0.753935 0.174089 0.068056 0.017448
0 0.758565 0.288672 0.095833 0.012240
0 0.124306 0.714453 0.058796 0.020052
0 0.109954 0.671484 0.067130 0.017448
0 0.495370 0.151953 0.078704 0.014844
0 0.605787 0.218099 0.068056 0.016927
0 0.402083 0.920182 0.077315 0.014844
0 0.429861 0.118099 0.077315 0.014844
0 0.302546 0.215755 0.026389 0.043490
0 0.306713 0.799089 0.034722 0.033073
0 0.828009 0.245703 0.021759 0.051302
0 0.443750 0.675130 0.077315 0.014323
0 0.130787 0.116797 0.025463 0.043490
0 0.675231 0.396745 0.031019 0.035677
0 0.756250 0.213151 0.063426 0.017448
0 0.788657 0.192318 0.063426 0.017448
0 0.537037 0.517839 0.087963 0.012240
0 0.321065 0.865495 0.026389 0.040885
0 0.094213 0.477474 0.026389 0.040885
0 0.594213 0.115495 0.026389 0.040885
0 0.299074 0.753255 0.075000 0.014323
0 0.815972 0.605469 0.025463 0.041667
0 0.591898 0.264583 0.021759 0.047396
0 0.216898 0.697266 0.086574 0.011719
0 0.396991 0.598177 0.030093 0.033854
0 0.809491 0.201432 0.068056 0.014844
0 0.184491 0.901953 0.021759 0.046094
0 0.561806 0.736589 0.081944 0.012240
0 0.212269 0.500911 0.021759 0.046094
0 0.218750 0.106380 0.081019 0.012240
0 0.214583 0.865495 0.017130 0.056510
0 0.146991 0.732682 0.020833 0.046094
0 0.871991 0.679036 0.081944 0.011719
0 0.450694 0.814714 0.054167 0.017448
0 0.874306 0.154557 0.031019 0.030469
0 0.553704 0.748047 0.065741 0.014323
0 0.071065 0.795182 0.026389 0.035677
0 0.885880 0.709245 0.026389 0.035677
0 0.816435 0.107682 0.026389 0.035677
0 0.049769 0.827734 0.020833 0.043490
0 0.103472 0.405859 0.072685 0.012240
0 0.792824 0.328385 0.025463 0.034375
0 0.336111 0.313411 0.028704 0.030469
0 0.226157 0.644141 0.058796 0.014844
0 0.126620 0.643490 0.063426 0.013542
0 0.208796 0.719661 0.024074 0.035677
0 0.928704 0.377214 0.019444 0.043490
0 0.084954 0.366797 0.017130 0.048698
0 0.906713 0.493099 0.086574 0.009635
0 0.433333 0.102474 0.056481 0.014844
0 0.203009 0.687109 0.068056 0.012240
0 0.832639 0.304297 0.021759 0.038281
0 0.496991 0.230078 0.054167 0.014844
0 0.876620 0.659766 0.026389 0.030469
0 0.608102 0.206641 0.026389 0.030469
0 0.580324 0.196224 0.026389 0.030469
0 0.236574 0.155859 0.024074 0.033073
0 0.089120 0.296484 0.016204 0.048698
0 0.612731 0.727474 0.017130 0.046094
0 0.857639 0.136328 0.053241 0.014844
0 0.104630 0.526693 0.019444 0.040365
0 0.663194 0.896745 0.081019 0.009635
0 0.223843 0.632422 0.063426 0.012240
0 0.267824 0.216797 0.021759 0.035156
0 0.878935 0.592057 0.077315 0.009635
0 0.656713 0.149349 0.049537 0.014844
0 0.152083 0.358984 0.058796 0.012240
0 0.047917 0.811458 0.026389 0.026562
0 0.159028 0.483333 0.026389 0.026562
0 0.478472 0.657813 0.063426 0.010937
0 0.371991 0.167578 0.044907 0.014844
0 0.314120 0.592057 0.068056 0.009635
0 0.084954 0.499609 0.017130 0.038281
0 0.726157 0.240234 0.021759 0.029948
0 0.133565 0.206380 0.021759 0.029948
0 0.159028 0.890885 0.026389 0.023958
0 0.272454 0.828776 0.068056 0.009115
0 0.369676 0.641276 0.068056 0.009115
0 0.307176 0.136328 0.017130 0.035677
0 0.321065 0.232682 0.017130 0.035677
0 0.633565 0.247005 0.049537 0.012240
0 0.647454 0.285807 0.021759 0.027344
0 0.195602 0.849870 0.016204 0.035677
0 0.209954 0.117839 0.063426 0.009115
0 0.565972 0.177995 0.016204 0.035677
0 0.073380 0.714453 0.058796 0.009635
0 0.561343 0.114844 0.016204 0.034375
0 0.653241 0.186198 0.014815 0.036458
0 0.245139 0.235937 0.048611 0.010937
0 0.084954 0.750911 0.017130 0.030469
0 0.645139 0.167578 0.017130 0.030469
0 0.362731 0.393880 0.017130 0.029948
0 0.032407 0.162370 0.050926 0.009635
0 0.207639 0.206641 0.049537 0.009635
0 0.825694 0.210547 0.035648 0.012240
0 0.855787 0.125911 0.040278 0.009635
0 0.133565 0.261328 0.040278 0.009635
0 0.601157 0.110026 0.012500 0.029948
0 0.527083 0.358984 0.012500 0.027865
0 0.043287 0.482682 0.017130 0.020052
0 0.628472 0.177083 0.011574 0.028646
0 0.317593 0.112891 0.010185 0.030469
