0 0.867361 0.122005 0.211574 0.069531
0 0.420602 0.448828 0.179167 0.040885
0 0.654398 0.274349 0.156019 0.030469
0 0.369676 0.809505 0.132870 0.033073
0 0.524769 0.345703 0.054167 0.074219
0 0.582639 0.430339 0.114352 0.035156
0 0.186806 0.875911 0.063426 0.061719
0 0.038657 0.787370 0.063426 0.061719
0 0.191435 0.171484 0.137500 0.027865
0 0.772454 0.466406 0.105093 0.034375
0 0.705324 0.369141 0.054167 0.063802
0 0.154398 0.770182 0.054167 0.063802
0 0.436806 0.348568 0.044907 0.074740
0 0.260880 0.192969 0.054167 0.060417
0 0.415509 0.161068 0.057870 0.053906
0 0.489583 0.522135 0.094907 0.031250
0 0.437963 0.461849 0.130556 0.020052
0 0.320602 0.314453 0.053241 0.048177
0 0.300231 0.760026 0.086574 0.027865
0 0.242361 0.857682 0.035648 0.066927
0 0.635880 0.329688 0.044907 0.052604
0 0.832639 0.750911 0.040278 0.056510
0 0.043287 0.697526 0.026389 0.085156
0 0.431019 0.394141 0.088889 0.025260
0 0.515509 0.433203 0.109722 0.020052
0 0.756250 0.681901 0.044907 0.048698
0 0.297917 0.184505 0.044907 0.048698
0 0.274769 0.688411 0.044907 0.046094
0 0.200694 0.571224 0.081944 0.025260
0 0.543287 0.300391 0.044907 0.046094
0 0.589120 0.326432 0.043981 0.046094
0 0.653241 0.503516 0.042593 0.046094
0 0.198380 0.610026 0.077315 0.024740
0 0.040972 0.476823 0.031019 0.060417
0 0.469213 0.838151 0.081944 0.022656
0 0.492361 0.211849 0.044907 0.040885
0 0.145139 0.394141 0.044907 0.040885
0 0.557176 0.227214 0.072685 0.024740
0 0.109954 0.761328 0.030093 0.056510
0 0.395139 0.421224 0.100463 0.016927
0 0.878935 0.444271 0.040278 0.042188
0 0.361574 0.640885 0.070370 0.023958
0 0.142824 0.592057 0.040278 0.040885
0 0.154398 0.119401 0.072685 0.022656
0 0.089583 0.456641 0.035648 0.046094
0 0.552546 0.654557 0.081944 0.020052
0 0.816435 0.662109 0.035648 0.045573
0 0.228009 0.577734 0.071759 0.022656
0 0.239583 0.269141 0.039352 0.040885
0 0.284028 0.298828 0.072685 0.022135
0 0.265509 0.413672 0.091204 0.017448
0 0.886574 0.246354 0.037037 0.042188
0 0.369676 0.758724 0.077315 0.020052
0 0.216435 0.388932 0.030093 0.051302
0 0.834954 0.487891 0.026389 0.056510
0 0.434028 0.779297 0.076389 0.019531
0 0.693750 0.358333 0.040278 0.036979
0 0.289815 0.560547 0.075000 0.019531
0 0.568750 0.581641 0.021759 0.066927
0 0.441435 0.767839 0.081944 0.017448
0 0.399769 0.266536 0.091204 0.014844
0 0.758565 0.286068 0.031019 0.043490
0 0.205324 0.524089 0.026389 0.050781
0 0.165972 0.231120 0.031019 0.042969
0 0.756250 0.622005 0.026389 0.048698
0 0.406713 0.240495 0.086574 0.014844
0 0.802546 0.384766 0.026389 0.048177
0 0.696065 0.636328 0.035648 0.035677
0 0.594213 0.401953 0.035648 0.035677
0 0.387037 0.723568 0.102778 0.012240
0 0.499306 0.246354 0.114352 0.010937
0 0.075694 0.315755 0.035648 0.035156
0 0.068750 0.617839 0.086574 0.014323
0 0.045602 0.554948 0.021759 0.055208
0 0.653935 0.607682 0.081019 0.014844
0 0.503935 0.885026 0.068056 0.017448
0 0.314120 0.684505 0.031019 0.038281
0 0.883565 0.554297 0.031019 0.038281
0 0.197917 0.641536 0.020833 0.056510
0 0.443750 0.495703 0.058796 0.020052
0 0.135880 0.806901 0.026389 0.043490
0 0.818287 0.691016 0.076389 0.014844
0 0.962269 0.467057 0.021759 0.051302
0 0.834954 0.926693 0.091204 0.012240
0 0.690972 0.741797 0.025463 0.043490
0 0.290509 0.818359 0.076389 0.014323
0 0.112731 0.235286 0.072685 0.014844
0 0.325694 0.474609 0.026389 0.040365
0 0.531713 0.705339 0.086574 0.012240
0 0.790972 0.658464 0.021759 0.048698
0 0.332639 0.207292 0.021759 0.047396
0 0.900926 0.848568 0.084259 0.012240
0 0.068750 0.780859 0.031019 0.033073
0 0.054861 0.916276 0.058796 0.017448
0 0.439120 0.593099 0.031019 0.032552
0 0.925231 0.245703 0.021759 0.046094
0 0.163657 0.142839 0.081944 0.012240
0 0.413657 0.465755 0.081944 0.012240
0 0.915972 0.524349 0.021759 0.046094
0 0.168287 0.499349 0.026389 0.037760
0 0.121991 0.207682 0.026389 0.037760
0 0.718750 0.408464 0.081019 0.012240
0 0.614583 0.174089 0.030093 0.033073
0 0.869676 0.656901 0.021759 0.045573
0 0.617361 0.538411 0.081944 0.011719
0 0.059491 0.181901 0.021759 0.043490
0 0.922917 0.409766 0.063426 0.014844
0 0.177546 0.922786 0.063426 0.014844
0 0.756250 0.816016 0.063426 0.014844
0 0.275463 0.347005 0.064815 0.014323
0 0.659028 0.744141 0.054167 0.016927
0 0.153935 0.209245 0.025463 0.035677
0 0.712269 0.321224 0.021759 0.040885
0 0.885880 0.325130 0.072685 0.012240
0 0.888194 0.636328 0.021759 0.040885
0 0.422917 0.804297 0.072685 0.012240
0 0.478472 0.331380 0.017130 0.050781
0 0.946065 0.547526 0.017130 0.050781
0 0.714583 0.611589 0.026389 0.033073
0 0.939120 0.855078 0.058796 0.014844
0 0.837269 0.578385 0.021759 0.039583
0 0.375000 0.411068 0.069444 0.012240
0 0.038657 0.676693 0.017130 0.048698
0 0.848843 0.392839 0.017130 0.048698
0 0.273611 0.404557 0.056481 0.014844
0 0.959491 0.534766 0.016204 0.051302
0 0.596528 0.843359 0.068056 0.012240
0 0.096528 0.161068 0.021759 0.038281
0 0.471528 0.908203 0.068056 0.011719
0 0.376620 0.256120 0.081944 0.009635
0 0.179861 0.386328 0.021759 0.035677
0 0.899769 0.215755 0.063426 0.012240
0 0.189120 0.120703 0.077315 0.009635
0 0.172917 0.465755 0.017130 0.043490
0 0.946065 0.497005 0.026389 0.027865
0 0.904398 0.580339 0.026389 0.027865
0 0.191435 0.515495 0.026389 0.027344
0 0.721528 0.184505 0.021759 0.033073
0 0.524769 0.210547 0.054167 0.012240
0 0.179861 0.193620 0.021759 0.030469
0 0.605787 0.506120 0.068056 0.009635
0 0.543287 0.184505 0.017130 0.038281
0 0.321065 0.392839 0.017130 0.038281
0 0.047917 0.720964 0.017130 0.038281
0 0.783565 0.187109 0.053241 0.012240
0 0.806713 0.616536 0.016204 0.037760
0 0.121991 0.891536 0.063426 0.009635
0 0.108102 0.422786 0.063426 0.009635
0 0.843750 0.875260 0.025463 0.023958
0 0.182176 0.219401 0.017130 0.035156
0 0.358102 0.138672 0.017130 0.035156
0 0.871991 0.487630 0.063426 0.009115
0 0.413657 0.792318 0.063426 0.009115
0 0.624306 0.485026 0.058796 0.009115
0 0.362731 0.383724 0.054167 0.009635
0 0.478472 0.484635 0.017130 0.029167
0 0.624769 0.691016 0.048611 0.009635
0 0.776620 0.606380 0.011574 0.038281
0 0.318287 0.636068 0.048611 0.009115
0 0.582639 0.183203 0.021759 0.020052
0 0.233102 0.701432 0.017130 0.025260
0 0.961806 0.715104 0.011574 0.036979
0 0.008102 0.647135 0.011574 0.020833
