0 0.866898 0.675391 0.062500 0.082552
0 0.735417 0.112630 0.105093 0.035156
0 0.601157 0.099219 0.105093 0.034375
0 0.225000 0.150391 0.130556 0.027344
0 0.639352 0.547135 0.051852 0.065625
0 0.133565 0.845964 0.095833 0.033073
0 0.970370 0.433203 0.056481 0.051302
0 0.413657 0.788672 0.100463 0.027865
0 0.089583 0.490495 0.035648 0.077344
0 0.979630 0.661068 0.037963 0.069531
0 0.659028 0.895443 0.146759 0.017448
0 0.804861 0.765234 0.040278 0.059115
0 0.527083 0.167578 0.049537 0.046094
0 0.501620 0.728776 0.081944 0.027865
0 0.295602 0.771745 0.049537 0.046094
0 0.318750 0.124609 0.040278 0.053906
0 0.542824 0.437109 0.043981 0.048698
0 0.135880 0.283464 0.035648 0.059115
0 0.909028 0.636328 0.081944 0.025260
0 0.131250 0.563151 0.044907 0.045573
0 0.381250 0.373047 0.081944 0.024740
0 0.851157 0.184505 0.086574 0.022656
0 0.814120 0.103776 0.040278 0.048698
0 0.668287 0.655859 0.044907 0.043490
0 0.854630 0.659766 0.037963 0.051302
0 0.544444 0.581641 0.075000 0.025260
0 0.712269 0.628516 0.040278 0.046094
0 0.207639 0.187760 0.040278 0.044792
0 0.737731 0.090755 0.100463 0.017448
0 0.932176 0.687109 0.100463 0.017448
0 0.925231 0.252214 0.040278 0.043490
0 0.778241 0.670573 0.033333 0.052083
0 0.621991 0.679297 0.035648 0.048698
0 0.848843 0.792578 0.035648 0.046094
0 0.874306 0.789974 0.031019 0.051302
0 0.483102 0.226172 0.091204 0.017448
0 0.561806 0.913672 0.091204 0.017448
0 0.860417 0.566016 0.105093 0.014844
0 0.244676 0.138932 0.077315 0.020052
0 0.804398 0.896745 0.030093 0.051302
0 0.832176 0.816016 0.030093 0.051302
0 0.304861 0.600911 0.040278 0.037760
0 0.865046 0.077474 0.068056 0.022135
0 0.515046 0.423828 0.034722 0.042969
0 0.913194 0.886328 0.025463 0.056510
0 0.287500 0.551432 0.033333 0.042969
0 0.733102 0.603776 0.081944 0.017448
0 0.309491 0.433203 0.031019 0.046094
0 0.175231 0.881120 0.095833 0.014844
0 0.561343 0.391536 0.034722 0.040885
0 0.645833 0.452734 0.037037 0.038281
0 0.531713 0.476172 0.114352 0.012240
0 0.686806 0.155599 0.063426 0.022135
0 0.726157 0.563411 0.068056 0.020052
0 0.682176 0.293880 0.035648 0.038281
0 0.561806 0.881120 0.091204 0.014844
0 0.902083 0.366797 0.077315 0.017448
0 0.235417 0.895443 0.077315 0.017448
0 0.439120 0.353776 0.031019 0.043490
0 0.253472 0.400651 0.020833 0.064323
0 0.117361 0.490234 0.026389 0.050781
0 0.719213 0.387630 0.026389 0.048698
0 0.641667 0.796224 0.075000 0.016927
0 0.221528 0.255859 0.031019 0.040365
0 0.815972 0.515234 0.025463 0.048698
0 0.939120 0.899349 0.021759 0.056510
0 0.825694 0.612891 0.026389 0.046094
0 0.559491 0.832943 0.095833 0.012240
0 0.235417 0.305599 0.058796 0.020052
0 0.181713 0.615495 0.025463 0.046094
0 0.355787 0.442057 0.021759 0.053385
0 0.893981 0.436849 0.098148 0.011719
0 0.284028 0.392578 0.026389 0.042969
0 0.809491 0.691016 0.021759 0.051302
0 0.837269 0.261328 0.021759 0.051302
0 0.376620 0.520443 0.091204 0.012240
0 0.290509 0.301042 0.020833 0.052604
0 0.163657 0.240234 0.026389 0.040365
0 0.679861 0.624349 0.021759 0.048177
0 0.459491 0.297786 0.025463 0.040885
0 0.388194 0.110286 0.068056 0.014844
0 0.284028 0.158464 0.026389 0.038281
0 0.219213 0.702734 0.081944 0.012240
0 0.096528 0.506120 0.021759 0.046094
0 0.461806 0.576172 0.067130 0.014323
0 0.130093 0.232031 0.024074 0.039583
0 0.790972 0.879818 0.021759 0.043490
0 0.610417 0.254818 0.021759 0.043490
0 0.482639 0.372656 0.016204 0.055208
0 0.413657 0.453125 0.026389 0.033854
0 0.184491 0.357682 0.021759 0.040885
0 0.395139 0.085547 0.072685 0.012240
0 0.896991 0.602474 0.057870 0.014844
0 0.177546 0.475911 0.026389 0.032552
0 0.658565 0.207943 0.025463 0.033073
0 0.153935 0.118099 0.016204 0.051302
0 0.656713 0.533464 0.021759 0.038281
0 0.557176 0.309245 0.017130 0.048177
0 0.326852 0.712500 0.075000 0.010937
0 0.428704 0.148047 0.065741 0.012240
0 0.737731 0.276953 0.026389 0.030469
0 0.388194 0.673828 0.068056 0.011719
0 0.728009 0.914974 0.081019 0.009635
0 0.325694 0.390234 0.063426 0.012240
0 0.374306 0.641536 0.021759 0.035677
0 0.200694 0.231771 0.026389 0.028646
0 0.552546 0.366797 0.017130 0.043490
0 0.649769 0.868099 0.072685 0.009635
0 0.682176 0.250911 0.072685 0.009635
0 0.237731 0.219661 0.017130 0.040885
0 0.701852 0.770443 0.056481 0.012240
0 0.434491 0.468099 0.058796 0.011719
0 0.571065 0.544531 0.017130 0.039583
0 0.723843 0.537109 0.072685 0.009115
0 0.263194 0.539974 0.021759 0.030469
0 0.191435 0.100911 0.054167 0.011719
0 0.242361 0.569010 0.017130 0.036458
0 0.656713 0.172526 0.068056 0.009115
0 0.082639 0.465755 0.021759 0.027865
0 0.728009 0.573828 0.062500 0.009635
0 0.691435 0.208984 0.063426 0.009115
0 0.550231 0.698828 0.058796 0.009635
0 0.292824 0.582943 0.016204 0.032031
0 0.825231 0.673438 0.016204 0.031771
0 0.968056 0.563411 0.014815 0.030469
0 0.096065 0.183203 0.011574 0.035677
0 0.272454 0.112891 0.040278 0.009635
0 0.959954 0.467708 0.044907 0.005729
0 0.612731 0.030859 0.026389 0.007031
0 0.665509 0.997656 0.020833 0.003125
0 0.768287 0.997656 0.020833 0.003125
