0 0.877778 0.843359 0.167593 0.048698
0 0.905556 0.881510 0.186111 0.026042
0 0.531250 0.877214 0.122685 0.038281
0 0.117361 0.697526 0.063426 0.069531
0 0.538657 0.614193 0.109722 0.038281
0 0.915509 0.693359 0.057870 0.071615
0 0.760880 0.727474 0.044907 0.087760
0 0.207176 0.769141 0.122685 0.030469
0 0.543287 0.556641 0.054167 0.058594
0 0.123843 0.843359 0.113426 0.027865
0 0.344213 0.495703 0.100463 0.030469
0 0.191435 0.185547 0.100463 0.029948
0 0.685648 0.774349 0.033333 0.077344
0 0.134722 0.422786 0.042593 0.056510
0 0.901620 0.067318 0.085648 0.027865
0 0.617361 0.342057 0.044907 0.051302
0 0.240046 0.844661 0.040278 0.056510
0 0.698380 0.439714 0.123611 0.017448
0 0.821065 0.805599 0.081944 0.025260
0 0.182176 0.124609 0.091204 0.022656
0 0.617361 0.769141 0.100463 0.020052
0 0.267824 0.743099 0.095833 0.020052
0 0.278935 0.455339 0.043981 0.043490
0 0.397454 0.896745 0.086574 0.020052
0 0.816435 0.761068 0.026389 0.061198
0 0.358102 0.172135 0.118981 0.013542
0 0.484954 0.891276 0.094907 0.014323
0 0.365046 0.819922 0.031019 0.043490
0 0.082639 0.379818 0.031019 0.043490
0 0.549769 0.735286 0.085648 0.014844
0 0.543287 0.249609 0.100463 0.012240
0 0.963426 0.353776 0.070370 0.017448
0 0.414352 0.865495 0.078704 0.014844
0 0.299769 0.198828 0.076389 0.014844
0 0.445602 0.658464 0.090278 0.012240
0 0.064120 0.434245 0.021759 0.048177
0 0.249306 0.464844 0.021759 0.046875
0 0.839583 0.072266 0.017130 0.058594
0 0.378472 0.669271 0.020833 0.044271
0 0.961111 0.210547 0.075000 0.012240
0 0.809491 0.108724 0.077315 0.011719
0 0.059491 0.769141 0.021759 0.035677
0 0.124306 0.805599 0.077315 0.009635
0 0.285185 0.168620 0.019444 0.027344
0 0.098843 0.993099 0.044907 0.009635
