0 0.067593 0.538672 0.084259 0.100781
0 0.927546 0.382422 0.063426 0.085156
0 0.941435 0.338802 0.072685 0.065625
0 0.682176 0.153646 0.128241 0.028646
0 0.565278 0.116797 0.107407 0.033073
0 0.337269 0.465755 0.095833 0.033073
0 0.918287 0.730078 0.054167 0.056510
0 0.274769 0.833984 0.118981 0.024740
0 0.471528 0.334245 0.095833 0.030469
0 0.746991 0.233333 0.109722 0.026562
0 0.487731 0.801432 0.100463 0.027344
0 0.647454 0.572526 0.095833 0.027865
0 0.196065 0.465104 0.044907 0.057813
0 0.757407 0.641536 0.102778 0.025260
0 0.458796 0.218359 0.088889 0.027865
0 0.318750 0.774349 0.095833 0.025260
0 0.703009 0.836849 0.049537 0.046094
0 0.358102 0.628516 0.035648 0.061719
0 0.455324 0.849870 0.081944 0.025260
0 0.534028 0.855078 0.044907 0.046094
0 0.594213 0.394141 0.044907 0.046094
0 0.807176 0.385026 0.044907 0.043490
0 0.223843 0.728776 0.044907 0.043490
0 0.682176 0.770443 0.081944 0.022656
0 0.915972 0.360026 0.040278 0.045573
0 0.742361 0.849870 0.072685 0.025260
0 0.663657 0.849870 0.044907 0.040885
0 0.941435 0.120703 0.091204 0.020052
0 0.580324 0.844401 0.072685 0.024740
0 0.795602 0.744401 0.040278 0.043490
0 0.369676 0.538672 0.040278 0.043490
0 0.939120 0.403255 0.040278 0.043490
0 0.589583 0.564714 0.035648 0.048698
0 0.415972 0.209245 0.040278 0.040885
0 0.436806 0.763932 0.081944 0.020052
0 0.649769 0.732682 0.081944 0.020052
0 0.483102 0.714453 0.026389 0.061719
0 0.890046 0.132161 0.025463 0.063802
0 0.538657 0.210547 0.091204 0.017448
0 0.042130 0.569271 0.033333 0.047396
0 0.161343 0.779557 0.105093 0.014844
0 0.765509 0.715755 0.026389 0.059115
0 0.760880 0.436849 0.091204 0.016927
0 0.286343 0.796484 0.086574 0.017448
0 0.434028 0.114193 0.085648 0.017448
0 0.389352 0.625911 0.024074 0.061719
0 0.709954 0.128516 0.072685 0.020052
0 0.860417 0.344661 0.031019 0.046094
0 0.730787 0.875260 0.031019 0.044792
0 0.290972 0.761328 0.068056 0.020052
0 0.778241 0.568620 0.033333 0.040885
0 0.807176 0.550391 0.091204 0.014844
0 0.545602 0.582943 0.031019 0.043490
0 0.360417 0.720964 0.077315 0.017448
0 0.730787 0.569922 0.031019 0.043490
0 0.309491 0.556901 0.021759 0.059115
0 0.817593 0.315625 0.028704 0.044271
0 0.735417 0.779297 0.086574 0.014323
0 0.130787 0.870703 0.034722 0.035677
0 0.420602 0.417578 0.021759 0.056510
0 0.572917 0.761328 0.030093 0.040885
0 0.841898 0.774089 0.021759 0.055990
0 0.242361 0.888932 0.081944 0.014844
0 0.902083 0.447526 0.031019 0.038281
0 0.207639 0.611589 0.031019 0.038281
0 0.253935 0.702734 0.031019 0.038281
0 0.888194 0.327734 0.021759 0.053906
0 0.392824 0.791276 0.021759 0.053906
0 0.851157 0.298438 0.031019 0.036979
0 0.929861 0.210156 0.031019 0.036458
0 0.249306 0.582682 0.095833 0.011719
0 0.855787 0.514974 0.095833 0.011719
0 0.256250 0.804297 0.091204 0.012240
0 0.934491 0.508724 0.031019 0.035677
0 0.487731 0.093359 0.063426 0.017448
0 0.321065 0.309505 0.063426 0.017448
0 0.635880 0.814714 0.063426 0.017448
0 0.344213 0.392839 0.063426 0.017448
0 0.855787 0.717318 0.031019 0.035156
0 0.547917 0.818620 0.072685 0.014844
0 0.346528 0.785156 0.068056 0.015625
0 0.837269 0.601172 0.021759 0.048698
0 0.226157 0.900651 0.086574 0.012240
0 0.832639 0.457943 0.021759 0.048698
0 0.937963 0.797135 0.056481 0.018750
0 0.214120 0.270182 0.062500 0.016927
0 0.227315 0.857682 0.070370 0.014844
0 0.443750 0.822526 0.058796 0.017448
0 0.652083 0.707031 0.021759 0.046875
0 0.788657 0.312109 0.026389 0.038281
0 0.709954 0.564714 0.026389 0.038281
0 0.691435 0.806901 0.026389 0.038281
0 0.751620 0.760026 0.081944 0.012240
0 0.350694 0.114193 0.030093 0.033073
0 0.325231 0.883073 0.071759 0.013542
0 0.744213 0.407161 0.020833 0.046094
0 0.700694 0.748698 0.026389 0.036458
0 0.300231 0.356380 0.021759 0.043490
0 0.735417 0.491797 0.021759 0.043490
0 0.934491 0.840755 0.021759 0.043490
0 0.672917 0.429297 0.054167 0.017448
0 0.756250 0.185807 0.063426 0.014844
0 0.163657 0.719661 0.063426 0.014844
0 0.487731 0.747005 0.072685 0.012240
0 0.721528 0.086849 0.058796 0.014844
0 0.212269 0.792578 0.058796 0.014844
0 0.679861 0.601172 0.021759 0.038281
0 0.897454 0.864193 0.021759 0.038281
0 0.258102 0.822526 0.067130 0.012240
0 0.929398 0.744141 0.030093 0.027344
0 0.918287 0.655859 0.063426 0.012240
0 0.941435 0.601172 0.063426 0.012240
0 0.925231 0.443880 0.021759 0.035156
0 0.714583 0.095703 0.063426 0.011719
0 0.550231 0.808203 0.049537 0.014844
0 0.873843 0.758984 0.020833 0.035156
0 0.559491 0.799089 0.058796 0.012240
0 0.790972 0.916276 0.058796 0.012240
0 0.663657 0.125911 0.072685 0.009635
0 0.820602 0.391536 0.016204 0.040885
0 0.256250 0.312109 0.054167 0.012240
0 0.328009 0.641536 0.021759 0.030469
0 0.307176 0.595313 0.017130 0.036979
0 0.987269 0.176693 0.016204 0.038281
0 0.411343 0.182292 0.021759 0.028646
0 0.853472 0.240495 0.017130 0.035677
0 0.311806 0.414974 0.017130 0.035677
0 0.596528 0.593359 0.021759 0.027865
0 0.487731 0.418229 0.017130 0.034375
0 0.513194 0.514974 0.049537 0.011719
0 0.279398 0.326172 0.063426 0.009115
0 0.230324 0.350911 0.020833 0.027344
0 0.571065 0.629818 0.017130 0.033073
0 0.494213 0.789974 0.057870 0.009635
0 0.248843 0.870703 0.057870 0.009635
0 0.730324 0.662370 0.057870 0.009635
0 0.737731 0.671484 0.044907 0.012240
0 0.279398 0.546484 0.044907 0.012240
0 0.649769 0.788672 0.044907 0.012240
0 0.344213 0.757422 0.044907 0.012240
0 0.619676 0.636328 0.021759 0.025260
0 0.181713 0.822526 0.016204 0.033073
0 0.403935 0.475911 0.016204 0.032552
0 0.448380 0.636328 0.012500 0.040885
0 0.723380 0.805599 0.053241 0.009635
0 0.962269 0.333984 0.012500 0.040365
0 0.318750 0.905859 0.040278 0.012240
0 0.253472 0.348568 0.039352 0.012240
0 0.742361 0.713151 0.017130 0.027865
0 0.600000 0.823828 0.047222 0.009635
0 0.156713 0.873307 0.021759 0.020052
0 0.227315 0.369401 0.014815 0.027865
0 0.483102 0.499349 0.017130 0.022135
0 0.888194 0.210547 0.049537 0.007031
0 0.746991 0.522786 0.035648 0.006510
0 0.561806 0.041276 0.026389 0.007031
