0 0.956481 0.844661 0.084259 0.119010
0 0.170602 0.745703 0.151389 0.035677
0 0.591898 0.890234 0.188426 0.027865
0 0.721528 0.814714 0.132870 0.038281
0 0.235417 0.724870 0.058796 0.072135
0 0.719213 0.853776 0.063426 0.064323
0 0.251620 0.064714 0.118981 0.033073
0 0.806713 0.857682 0.108796 0.035677
0 0.862731 0.898047 0.128241 0.027865
0 0.198380 0.638932 0.058796 0.056510
0 0.564815 0.538672 0.115741 0.027865
0 0.943750 0.722266 0.040278 0.077344
0 0.686343 0.497005 0.043981 0.069531
0 0.096528 0.528646 0.049537 0.059896
0 0.649769 0.101823 0.044907 0.065625
0 0.413657 0.151953 0.091204 0.030469
0 0.501620 0.620703 0.091204 0.030469
0 0.365046 0.842057 0.132870 0.020052
0 0.523611 0.810547 0.088889 0.029948
0 0.066435 0.864193 0.044907 0.059115
0 0.081019 0.648698 0.046296 0.055208
0 0.647454 0.154557 0.049537 0.051302
0 0.325231 0.635026 0.090278 0.027865
0 0.096528 0.248307 0.040278 0.061719
0 0.059491 0.804297 0.040278 0.053906
0 0.434491 0.694922 0.040278 0.053906
0 0.670602 0.666927 0.040278 0.050000
0 0.580324 0.439714 0.081944 0.022656
0 0.233102 0.627214 0.035648 0.048698
0 0.292824 0.860286 0.081019 0.020052
0 0.687963 0.882161 0.084259 0.016927
0 0.531713 0.473568 0.114352 0.012240
0 0.230787 0.056641 0.077315 0.016927
0 0.318750 0.426042 0.031019 0.042188
0 0.556019 0.163672 0.024074 0.053906
0 0.212269 0.603776 0.031019 0.038281
0 0.047917 0.166927 0.026389 0.044792
0 0.684491 0.912370 0.058796 0.020052
0 0.154398 0.660417 0.026389 0.036979
0 0.159028 0.835286 0.081944 0.011719
0 0.155556 0.607682 0.047222 0.014844
0 0.195602 0.865495 0.053241 0.009635
0 0.098843 0.993099 0.044907 0.009635
