0 0.564120 0.881120 0.151389 0.046094
0 0.972685 0.728516 0.051852 0.105469
0 0.288657 0.394141 0.054167 0.098177
0 0.834954 0.592057 0.063426 0.072135
0 0.131250 0.165625 0.063426 0.057813
0 0.545602 0.508724 0.058796 0.061719
0 0.897454 0.288672 0.040278 0.079948
0 0.823380 0.181901 0.058796 0.053906
0 0.111574 0.800391 0.042593 0.072135
0 0.704861 0.792318 0.118056 0.024740
0 0.640509 0.590755 0.054167 0.053906
0 0.670602 0.855078 0.114352 0.025260
0 0.424769 0.794922 0.094907 0.029948
0 0.432176 0.727474 0.044907 0.061719
0 0.117361 0.870443 0.044907 0.055990
0 0.096528 0.776042 0.086574 0.028646
0 0.348843 0.676693 0.044907 0.053906
0 0.693750 0.101172 0.086574 0.027865
0 0.753935 0.478776 0.040278 0.059115
0 0.196065 0.888932 0.035648 0.061719
0 0.977315 0.502214 0.033333 0.064323
0 0.323843 0.781901 0.085648 0.024740
0 0.948380 0.513932 0.040278 0.051302
0 0.601157 0.136068 0.105093 0.019531
0 0.355787 0.379818 0.040278 0.048698
0 0.895139 0.817057 0.044907 0.042969
0 0.693287 0.771745 0.076389 0.025260
0 0.547917 0.741797 0.109722 0.017448
0 0.781713 0.376953 0.086574 0.022135
0 0.314120 0.664714 0.077315 0.024740
0 0.286343 0.446224 0.040278 0.046094
0 0.790972 0.091406 0.077315 0.023958
0 0.580324 0.441016 0.044907 0.040885
0 0.334491 0.604427 0.071759 0.023958
0 0.203009 0.482682 0.040278 0.040885
0 0.733102 0.150651 0.091204 0.017448
0 0.796759 0.733984 0.070370 0.022656
0 0.741204 0.907813 0.098148 0.016146
0 0.490046 0.247005 0.068056 0.022656
0 0.295602 0.363932 0.040278 0.037760
0 0.503935 0.168620 0.068056 0.022135
0 0.295139 0.533464 0.085648 0.017448
0 0.907870 0.492188 0.033333 0.044271
0 0.211111 0.131120 0.028704 0.051302
0 0.617361 0.594661 0.035648 0.040885
0 0.175231 0.370703 0.031019 0.046094
0 0.814120 0.701432 0.031019 0.046094
0 0.499306 0.302734 0.031019 0.045573
0 0.434491 0.526953 0.068056 0.020052
0 0.441435 0.088151 0.035648 0.038281
0 0.594213 0.205339 0.035648 0.038281
0 0.256250 0.826432 0.026389 0.051302
0 0.159028 0.263932 0.026389 0.051302
0 0.446065 0.261328 0.026389 0.051302
0 0.221528 0.309505 0.077315 0.017448
0 0.647454 0.249609 0.031019 0.043490
0 0.786343 0.878255 0.068056 0.019531
0 0.698380 0.178646 0.031019 0.042188
0 0.334491 0.464193 0.025463 0.050781
0 0.448380 0.300391 0.031019 0.040885
0 0.216898 0.646484 0.031019 0.040365
0 0.501157 0.711849 0.062500 0.020052
0 0.621528 0.705339 0.071759 0.017448
0 0.140509 0.091797 0.063426 0.019531
0 0.830324 0.120703 0.081944 0.014844
0 0.200694 0.258724 0.026389 0.046094
0 0.721065 0.565365 0.020833 0.057813
0 0.968056 0.669922 0.061111 0.019531
0 0.883565 0.661068 0.068056 0.017448
0 0.244676 0.155859 0.031019 0.038281
0 0.272454 0.416276 0.021759 0.053906
0 0.476157 0.654557 0.058796 0.020052
0 0.328009 0.816016 0.058796 0.020052
0 0.578009 0.481120 0.031019 0.037760
0 0.624306 0.902995 0.068056 0.016927
0 0.404398 0.569922 0.091204 0.012240
0 0.966898 0.278906 0.021759 0.050000
0 0.638194 0.524089 0.031019 0.035156
0 0.786343 0.757422 0.086574 0.012240
0 0.981944 0.631771 0.033333 0.031771
0 0.359954 0.234635 0.030093 0.034375
0 0.632407 0.462240 0.065741 0.015625
0 0.832639 0.444922 0.031019 0.033073
0 0.902083 0.218359 0.031019 0.033073
0 0.184491 0.186849 0.031019 0.032552
0 0.685185 0.758464 0.069444 0.014323
0 0.795139 0.510026 0.030093 0.033073
0 0.656713 0.536719 0.021759 0.044792
0 0.297454 0.637630 0.025463 0.038281
0 0.119676 0.375000 0.021759 0.044271
0 0.488426 0.204036 0.064815 0.014844
0 0.147454 0.392839 0.021759 0.043490
0 0.716898 0.296484 0.021759 0.043490
0 0.536343 0.088151 0.077315 0.012240
0 0.751620 0.111589 0.054167 0.017448
0 0.621991 0.818620 0.063426 0.014844
0 0.837269 0.833203 0.021759 0.042969
0 0.725694 0.361589 0.076389 0.012240
0 0.583796 0.515234 0.051852 0.017448
0 0.971528 0.894141 0.021759 0.040885
0 0.777778 0.635026 0.050926 0.017448
0 0.172917 0.214453 0.091204 0.009635
0 0.784028 0.556901 0.026389 0.033073
0 0.297917 0.582943 0.026389 0.033073
0 0.494676 0.640234 0.068056 0.012240
0 0.749306 0.189714 0.021759 0.038281
0 0.726157 0.184245 0.021759 0.037760
0 0.170602 0.152995 0.021759 0.037760
0 0.941435 0.649349 0.026389 0.030469
0 0.353472 0.118099 0.017130 0.046094
0 0.781713 0.105078 0.049537 0.014844
0 0.986574 0.373307 0.024074 0.030469
0 0.378935 0.387630 0.021759 0.033073
0 0.733102 0.662370 0.017130 0.040885
0 0.963426 0.214453 0.070370 0.009635
0 0.605787 0.125911 0.068056 0.009635
0 0.617361 0.339844 0.017130 0.036458
0 0.519676 0.437760 0.071759 0.008333
0 0.901620 0.454036 0.057870 0.009635
0 0.390509 0.650391 0.017130 0.032552
0 0.411343 0.687109 0.077315 0.007031
0 0.929861 0.697526 0.040278 0.012240
0 0.531713 0.473568 0.068056 0.007031
0 0.228472 0.122005 0.035648 0.012240
0 0.993519 0.485286 0.010185 0.030469
0 0.612731 0.030599 0.026389 0.006510
0 0.765509 0.996354 0.026389 0.005729
0 0.665509 0.997656 0.020833 0.003125
