0 0.641667 0.141536 0.093519 0.134635
0 0.538657 0.619401 0.230093 0.043490
0 0.773148 0.068620 0.162037 0.046094
0 0.818750 0.524349 0.160648 0.035677
0 0.256250 0.449479 0.063426 0.068229
0 0.955324 0.656510 0.063426 0.065625
0 0.677546 0.847266 0.109722 0.035677
0 0.654398 0.799089 0.128241 0.027865
0 0.601157 0.497005 0.095833 0.033073
0 0.185185 0.683203 0.125000 0.025260
0 0.531713 0.169922 0.095833 0.029948
0 0.399769 0.560807 0.054167 0.051302
0 0.667130 0.105078 0.042593 0.061719
0 0.112731 0.211849 0.035648 0.072135
0 0.902083 0.601172 0.031019 0.074740
0 0.212269 0.422135 0.049537 0.044792
0 0.167824 0.197266 0.043981 0.048177
0 0.853472 0.153255 0.035648 0.059115
0 0.404398 0.463151 0.118981 0.017448
0 0.358102 0.510677 0.109722 0.018750
0 0.307176 0.842057 0.035648 0.056510
0 0.825694 0.657161 0.035648 0.051302
0 0.396991 0.590104 0.085648 0.021354
0 0.550231 0.549740 0.095833 0.018750
0 0.793287 0.901953 0.026389 0.056510
0 0.325694 0.402604 0.026389 0.052604
0 0.961111 0.080339 0.075000 0.017448
0 0.550231 0.153255 0.086574 0.012240
0 0.110417 0.379818 0.021759 0.048698
0 0.663657 0.389974 0.081944 0.011719
0 0.110417 0.780599 0.077315 0.011719
0 0.536343 0.247005 0.068056 0.012240
0 0.668287 0.516536 0.081944 0.009635
0 0.899769 0.120703 0.026389 0.029427
0 0.103009 0.267188 0.016204 0.047396
0 0.977315 0.098568 0.042593 0.012240
