0 0.832639 0.507422 0.114352 0.111198
0 0.839583 0.267839 0.174537 0.027865
0 0.735417 0.538672 0.114352 0.038281
0 0.638194 0.469401 0.058796 0.071615
0 0.735417 0.497005 0.058796 0.064323
0 0.769676 0.425391 0.053241 0.056510
0 0.847685 0.347266 0.098148 0.030469
0 0.465741 0.650651 0.130556 0.017448
0 0.904398 0.110677 0.044907 0.046875
0 0.850000 0.158464 0.037963 0.053906
0 0.687963 0.747005 0.037963 0.053906
0 0.165972 0.866797 0.031019 0.059115
0 0.123148 0.306901 0.102778 0.017448
0 0.510880 0.517839 0.072685 0.022656
0 0.876620 0.237891 0.081944 0.020052
0 0.705324 0.413672 0.026389 0.059115
0 0.911343 0.491797 0.040278 0.038281
0 0.807176 0.282161 0.072685 0.020052
0 0.105787 0.758724 0.021759 0.056510
0 0.913657 0.153255 0.091204 0.012240
0 0.309491 0.193620 0.031019 0.035677
0 0.790509 0.213151 0.085648 0.012240
0 0.702546 0.587891 0.020833 0.048177
0 0.876620 0.835547 0.081944 0.012240
0 0.175231 0.443359 0.021759 0.045573
0 0.186806 0.530859 0.017130 0.048698
0 0.818750 0.603125 0.068056 0.010937
0 0.871528 0.780859 0.016204 0.043490
0 0.103472 0.125000 0.017130 0.039062
0 0.975000 0.340755 0.047222 0.012240
0 0.228472 0.361589 0.017130 0.033073
0 0.696065 0.929297 0.035648 0.012240
0 0.100694 0.993099 0.039352 0.009635
0 0.984259 0.378516 0.028704 0.009635
