0 0.821065 0.782161 0.081944 0.077344
0 0.126620 0.608984 0.128241 0.043490
0 0.339583 0.166276 0.109722 0.038281
0 0.075231 0.374609 0.062500 0.064323
0 0.165972 0.511328 0.058796 0.061719
0 0.566435 0.150651 0.109722 0.033073
0 0.755093 0.754557 0.042593 0.079427
0 0.422917 0.555599 0.044907 0.072135
0 0.117361 0.856380 0.044907 0.069531
0 0.816435 0.599219 0.128241 0.023958
0 0.610417 0.235286 0.049537 0.061719
0 0.318750 0.138021 0.105093 0.028646
0 0.869676 0.034766 0.095833 0.030469
0 0.436806 0.467708 0.054167 0.052604
0 0.145139 0.437109 0.118981 0.022656
0 0.223843 0.444922 0.044907 0.059115
0 0.723843 0.705339 0.091204 0.027865
0 0.124306 0.274349 0.095833 0.025260
0 0.795602 0.819922 0.086574 0.027865
0 0.869676 0.892188 0.142130 0.016146
0 0.635880 0.336849 0.091204 0.025260
0 0.623843 0.664974 0.048611 0.046094
0 0.841898 0.793880 0.040278 0.053906
0 0.668287 0.256120 0.081944 0.025260
0 0.939120 0.120703 0.040278 0.051302
0 0.399769 0.818359 0.081944 0.024740
0 0.843056 0.375911 0.042593 0.046094
0 0.619676 0.747005 0.040278 0.048698
0 0.360417 0.399349 0.095833 0.020052
0 0.281713 0.231120 0.086574 0.022135
0 0.771991 0.581380 0.076389 0.024740
0 0.402083 0.163021 0.086574 0.021354
0 0.344213 0.787370 0.035648 0.051302
0 0.663657 0.870703 0.035648 0.051302
0 0.103472 0.123047 0.072685 0.024740
0 0.163194 0.742839 0.043981 0.040365
0 0.115046 0.142839 0.077315 0.022656
0 0.517824 0.773047 0.077315 0.022656
0 0.397454 0.741797 0.040278 0.043490
0 0.233102 0.233984 0.035648 0.048698
0 0.730787 0.652995 0.077315 0.022135
0 0.957639 0.473307 0.031019 0.053385
0 0.105787 0.495703 0.040278 0.040885
0 0.633565 0.456641 0.040278 0.040885
0 0.881250 0.560807 0.081944 0.020052
0 0.815972 0.478776 0.071759 0.022656
0 0.473843 0.726172 0.091204 0.017448
0 0.612731 0.624609 0.091204 0.017448
0 0.277778 0.310807 0.078704 0.020052
0 0.693750 0.401302 0.031019 0.050000
0 0.726157 0.315365 0.031019 0.050000
0 0.936806 0.439453 0.091204 0.016927
0 0.758565 0.231380 0.068056 0.022656
0 0.355787 0.280859 0.068056 0.022656
0 0.788657 0.610286 0.026389 0.056510
0 0.686806 0.560807 0.035648 0.040885
0 0.733102 0.547786 0.035648 0.040885
0 0.876620 0.457943 0.081944 0.017448
0 0.693750 0.842057 0.068056 0.020052
0 0.590741 0.480078 0.037963 0.035677
0 0.633565 0.426693 0.031019 0.043490
0 0.823380 0.663672 0.031019 0.043490
0 0.503935 0.287370 0.021759 0.061719
0 0.262731 0.102474 0.067130 0.020052
0 0.059491 0.363932 0.031019 0.042969
0 0.313657 0.322526 0.076389 0.017448
0 0.189120 0.106120 0.077315 0.016927
0 0.982639 0.456641 0.025463 0.051302
0 0.399769 0.425391 0.035648 0.035677
0 0.300231 0.099870 0.031019 0.040885
0 0.168287 0.181901 0.072685 0.017448
0 0.302083 0.758724 0.062500 0.020052
0 0.633565 0.088151 0.068056 0.017448
0 0.571065 0.892578 0.100463 0.011719
0 0.235417 0.895443 0.095833 0.012240
0 0.881250 0.489193 0.035648 0.033073
0 0.443750 0.095964 0.095833 0.012240
0 0.300231 0.477474 0.058796 0.020052
0 0.628472 0.821224 0.057870 0.020052
0 0.552546 0.488932 0.035648 0.032552
0 0.980324 0.220964 0.030093 0.038281
0 0.978472 0.325130 0.026389 0.043490
0 0.839583 0.103776 0.026389 0.043490
0 0.302083 0.725911 0.034722 0.032552
0 0.300231 0.684245 0.095833 0.011719
0 0.172917 0.383073 0.081944 0.013542
0 0.793287 0.832943 0.063426 0.017448
0 0.659028 0.805599 0.072685 0.014844
0 0.807176 0.196484 0.026389 0.040365
0 0.943750 0.390885 0.031019 0.034375
0 0.712269 0.440365 0.031019 0.034375
0 0.503935 0.649740 0.068056 0.015625
0 0.093750 0.386328 0.025463 0.040885
0 0.809491 0.218359 0.058796 0.017448
0 0.793287 0.666276 0.026389 0.038281
0 0.496991 0.877214 0.081944 0.012240
0 0.953009 0.597266 0.021759 0.046094
0 0.721991 0.774349 0.067130 0.014844
0 0.760880 0.259375 0.026389 0.036979
0 0.945602 0.825130 0.025463 0.038281
0 0.828009 0.404557 0.031019 0.030469
0 0.821065 0.123307 0.063426 0.014844
0 0.515509 0.483724 0.054167 0.016927
0 0.609954 0.719661 0.030093 0.030469
0 0.483102 0.133464 0.063426 0.014323
0 0.961806 0.523047 0.020833 0.043490
0 0.281250 0.166016 0.076389 0.011719
0 0.851157 0.526953 0.021759 0.040885
0 0.540972 0.352474 0.021759 0.040885
0 0.503935 0.625651 0.095833 0.009115
0 0.578009 0.565755 0.021759 0.040365
0 0.591898 0.193620 0.058796 0.014844
0 0.936806 0.858984 0.026389 0.033073
0 0.228472 0.179036 0.026389 0.032552
0 0.149769 0.796224 0.017130 0.048177
0 0.660880 0.692318 0.067130 0.012240
0 0.267361 0.666016 0.048611 0.016927
0 0.108102 0.534766 0.054167 0.014844
0 0.858102 0.576432 0.026389 0.030469
0 0.575694 0.506120 0.054167 0.014844
0 0.443750 0.583594 0.058796 0.013542
0 0.988889 0.578776 0.019444 0.040365
0 0.483102 0.119401 0.063426 0.012240
0 0.371991 0.080339 0.063426 0.012240
0 0.517824 0.461589 0.021759 0.035156
0 0.831019 0.895182 0.064815 0.011719
0 0.042824 0.435807 0.016204 0.046094
0 0.284028 0.788672 0.017130 0.043490
0 0.285880 0.407161 0.020833 0.035677
0 0.404398 0.306641 0.063426 0.011719
0 0.913657 0.424089 0.026389 0.027865
0 0.360417 0.858984 0.058796 0.012240
0 0.321065 0.709245 0.072685 0.009635
0 0.957639 0.654557 0.021759 0.030469
0 0.112269 0.773047 0.053241 0.012240
0 0.455324 0.443620 0.063426 0.009635
0 0.635417 0.552995 0.016204 0.035677
0 0.362731 0.468359 0.017130 0.033073
0 0.265509 0.421484 0.017130 0.033073
0 0.821065 0.569661 0.017130 0.032552
0 0.427083 0.288672 0.043981 0.012240
0 0.080324 0.284766 0.054167 0.009635
0 0.941435 0.597266 0.017130 0.030469
0 0.193750 0.655469 0.021759 0.023438
0 0.149306 0.875911 0.016204 0.030469
0 0.968750 0.129818 0.016204 0.027865
0 0.240046 0.268880 0.049537 0.009115
0 0.982639 0.837891 0.016204 0.027344
0 0.126620 0.321224 0.044907 0.009635
0 0.483565 0.644141 0.043981 0.009635
0 0.814120 0.338151 0.058796 0.007031
0 0.115046 0.987891 0.040278 0.009635
0 0.749306 0.119141 0.058796 0.006510
0 0.993519 0.857682 0.010185 0.035677
0 0.469213 0.804036 0.054167 0.006510
0 0.723843 0.994141 0.026389 0.006510
0 0.625463 0.996354 0.024074 0.005729
