0 0.538657 0.616797 0.230093 0.043490
0 0.234259 0.168880 0.158333 0.053906
0 0.258102 0.866536 0.187500 0.037760
0 0.381250 0.495703 0.137500 0.046094
0 0.839583 0.206641 0.081944 0.077344
0 0.965741 0.827734 0.065741 0.085156
0 0.931019 0.386328 0.135185 0.030469
0 0.453009 0.370703 0.049537 0.082552
0 0.950694 0.191406 0.054167 0.072917
0 0.624306 0.098568 0.114352 0.033073
0 0.895139 0.154557 0.054167 0.066927
0 0.170602 0.174089 0.049537 0.064323
0 0.503935 0.318620 0.123611 0.025260
0 0.351157 0.207292 0.095833 0.031771
0 0.084954 0.642839 0.054167 0.053906
0 0.427546 0.146745 0.035648 0.072135
0 0.799769 0.420833 0.030093 0.073438
0 0.203009 0.615495 0.105093 0.020052
0 0.728009 0.366797 0.090278 0.022656
0 0.059028 0.550391 0.030093 0.066927
0 0.977315 0.426042 0.042593 0.047396
0 0.860417 0.127214 0.086574 0.022656
0 0.087269 0.383724 0.040278 0.046094
0 0.898148 0.382161 0.078704 0.022135
0 0.814120 0.362891 0.114352 0.014844
0 0.348843 0.491536 0.072685 0.022135
0 0.359954 0.529557 0.104167 0.014844
0 0.777083 0.187109 0.040278 0.038281
0 0.121991 0.464453 0.026389 0.056510
0 0.096528 0.857031 0.105093 0.013542
0 0.198380 0.279297 0.095833 0.014323
0 0.984259 0.118099 0.028704 0.046094
0 0.452546 0.539323 0.020833 0.060417
0 0.911343 0.149349 0.021759 0.056510
0 0.115046 0.835547 0.031019 0.033073
0 0.235417 0.390234 0.021759 0.033073
0 0.390509 0.128906 0.017130 0.041667
0 0.223843 0.204036 0.017130 0.040885
0 0.806713 0.853776 0.053241 0.007031
