0 0.675231 0.405859 0.068056 0.079948
0 0.371991 0.015234 0.183796 0.027865
0 0.581481 0.226172 0.176852 0.027865
0 0.867361 0.332292 0.063426 0.068229
0 0.441435 0.287370 0.165278 0.025260
0 0.284028 0.049089 0.137500 0.027865
0 0.929398 0.691016 0.057870 0.061719
0 0.103009 0.465755 0.099537 0.033073
0 0.522454 0.369401 0.132870 0.022656
0 0.354630 0.115885 0.056481 0.052083
0 0.517824 0.334245 0.095833 0.030469
0 0.223843 0.282161 0.054167 0.051302
0 0.332639 0.181901 0.095833 0.027865
0 0.610417 0.561849 0.049537 0.053385
0 0.725694 0.200130 0.048611 0.053906
0 0.529398 0.349870 0.128241 0.020052
0 0.381250 0.120703 0.044907 0.051302
0 0.557176 0.385026 0.100463 0.022656
0 0.459954 0.866797 0.100463 0.022656
0 0.637731 0.576172 0.048611 0.045573
0 0.228009 0.513932 0.034722 0.061719
0 0.409028 0.316016 0.081944 0.025260
0 0.277083 0.529557 0.040278 0.051302
0 0.513194 0.482682 0.040278 0.051302
0 0.212269 0.175391 0.040278 0.051302
0 0.853472 0.526953 0.137500 0.014844
0 0.441435 0.390234 0.044907 0.043490
0 0.267824 0.222266 0.095833 0.020052
0 0.307176 0.614844 0.100463 0.018750
0 0.807176 0.231380 0.026389 0.069531
0 0.549769 0.620703 0.039352 0.046094
0 0.425231 0.582943 0.040278 0.043490
0 0.527083 0.831641 0.086574 0.020052
0 0.114583 0.400651 0.039352 0.043490
0 0.538657 0.709245 0.081944 0.020052
0 0.866898 0.586849 0.081019 0.020052
0 0.689120 0.521745 0.031019 0.051302
0 0.226157 0.123307 0.077315 0.020052
0 0.934491 0.500911 0.077315 0.020052
0 0.409028 0.135026 0.035648 0.043490
0 0.638194 0.481380 0.068056 0.022656
0 0.226157 0.450130 0.068056 0.022656
0 0.656713 0.614193 0.068056 0.022656
0 0.665972 0.244401 0.040278 0.038281
0 0.203009 0.410677 0.031019 0.049479
0 0.617361 0.691016 0.035648 0.040885
0 0.716898 0.336849 0.031019 0.046094
0 0.506250 0.426693 0.081944 0.017448
0 0.336111 0.480078 0.070370 0.020052
0 0.425231 0.330339 0.114352 0.012240
0 0.376157 0.562109 0.025463 0.053906
0 0.920602 0.571224 0.068056 0.020052
0 0.756250 0.145443 0.035648 0.038281
0 0.358102 0.585547 0.035648 0.038281
0 0.322222 0.441016 0.037963 0.035677
0 0.397454 0.283464 0.077315 0.017448
0 0.853009 0.128516 0.025463 0.051302
0 0.239583 0.215495 0.076389 0.016927
0 0.344213 0.542578 0.035648 0.035677
0 0.325694 0.508724 0.035648 0.035677
0 0.427546 0.756120 0.035648 0.035677
0 0.073380 0.529557 0.031019 0.040885
0 0.600000 0.204036 0.084259 0.014844
0 0.741898 0.119401 0.025463 0.048698
0 0.448380 0.565365 0.031019 0.039583
0 0.080324 0.394141 0.026389 0.046094
0 0.490046 0.788672 0.068056 0.017448
0 0.929861 0.103776 0.031019 0.038281
0 0.304861 0.129818 0.068056 0.017448
0 0.554861 0.552995 0.058796 0.020052
0 0.016667 0.518880 0.033333 0.035156
0 0.707639 0.865495 0.077315 0.014844
0 0.098843 0.168880 0.026389 0.043490
0 0.909028 0.835547 0.026389 0.043490
0 0.800231 0.099609 0.058796 0.019531
0 0.457639 0.177995 0.031019 0.035677
0 0.582639 0.618099 0.031019 0.035677
0 0.295602 0.691016 0.031019 0.035677
0 0.670602 0.464453 0.031019 0.035677
0 0.784028 0.291016 0.091204 0.011719
0 0.182176 0.238932 0.063426 0.016927
0 0.619676 0.812760 0.031019 0.034375
0 0.240046 0.151302 0.031019 0.034375
0 0.883565 0.187109 0.031019 0.033073
0 0.915972 0.220964 0.031019 0.033073
0 0.800231 0.648047 0.031019 0.033073
0 0.399769 0.551693 0.026389 0.038281
0 0.902083 0.545182 0.068056 0.014844
0 0.790972 0.498307 0.068056 0.014844
0 0.494676 0.180599 0.021759 0.046094
0 0.848843 0.096615 0.072685 0.013542
0 0.309491 0.538021 0.031019 0.031771
0 0.328009 0.707292 0.031019 0.031771
0 0.383565 0.614193 0.021759 0.043490
0 0.429861 0.366797 0.077315 0.012240
0 0.189120 0.726172 0.077315 0.012240
0 0.675231 0.430599 0.031019 0.030469
0 0.751620 0.870703 0.063426 0.014844
0 0.265509 0.539974 0.026389 0.035677
0 0.422917 0.451432 0.063426 0.014844
0 0.628472 0.218359 0.076389 0.012240
0 0.925231 0.772786 0.021759 0.042969
0 0.693750 0.636979 0.021759 0.042188
0 0.897454 0.444661 0.077315 0.011719
0 0.777083 0.782161 0.021759 0.040885
0 0.071065 0.267188 0.054167 0.016146
0 0.436806 0.153255 0.026389 0.033073
0 0.326852 0.213151 0.019444 0.043490
0 0.482639 0.141536 0.016204 0.051302
0 0.568750 0.658464 0.068056 0.012240
0 0.045602 0.225911 0.021759 0.037760
0 0.466898 0.520182 0.021759 0.037760
0 0.077546 0.314974 0.030093 0.027344
0 0.348843 0.396745 0.026389 0.030469
0 0.348843 0.141536 0.017130 0.046094
0 0.409028 0.383724 0.081944 0.009635
0 0.258565 0.719661 0.021759 0.035677
0 0.668287 0.512630 0.017130 0.043490
0 0.406250 0.495703 0.076389 0.009635
0 0.402083 0.224870 0.049537 0.014844
0 0.702546 0.231380 0.057870 0.012240
0 0.010880 0.571224 0.017130 0.040885
0 0.591435 0.301432 0.057870 0.011719
0 0.547917 0.646745 0.044907 0.014844
0 0.904398 0.559505 0.054167 0.012240
0 0.603472 0.767839 0.054167 0.012240
0 0.186806 0.637630 0.017130 0.038281
0 0.707639 0.529297 0.021759 0.029948
0 0.086806 0.438411 0.067130 0.009635
0 0.521991 0.263932 0.067130 0.009635
0 0.297917 0.641536 0.017130 0.035677
0 0.473843 0.559245 0.017130 0.032552
0 0.274769 0.635026 0.044907 0.012240
0 0.417824 0.853776 0.043981 0.012240
0 0.705324 0.492839 0.017130 0.029948
0 0.399769 0.504818 0.063426 0.007031
0 0.302546 0.709245 0.044907 0.009635
0 0.839583 0.508464 0.017130 0.024740
0 0.802546 0.138672 0.017130 0.024740
0 0.823380 0.150651 0.012500 0.033073
0 0.557176 0.153906 0.044907 0.008333
0 0.605324 0.451432 0.011574 0.030469
