0 0.538657 0.622005 0.220833 0.043490
0 0.164352 0.550391 0.129630 0.040885
0 0.830324 0.191016 0.063426 0.061719
0 0.302083 0.589453 0.043981 0.087760
0 0.236574 0.892839 0.116667 0.033073
0 0.128935 0.634766 0.040278 0.089844
0 0.125000 0.145443 0.125000 0.027865
0 0.454167 0.864193 0.144444 0.022656
0 0.797917 0.855078 0.128241 0.025260
0 0.116204 0.538672 0.098148 0.027865
0 0.972685 0.259115 0.051852 0.052083
0 0.815278 0.872005 0.116667 0.022656
0 0.227315 0.836849 0.125926 0.020052
0 0.264352 0.642188 0.042593 0.052604
0 0.885880 0.326432 0.109722 0.020052
0 0.788657 0.818359 0.035648 0.061198
0 0.942130 0.313411 0.083333 0.025260
0 0.765509 0.903255 0.118981 0.017448
0 0.909028 0.062109 0.081944 0.022656
0 0.395139 0.766536 0.072685 0.025260
0 0.366204 0.744141 0.107407 0.016927
0 0.404398 0.834245 0.081944 0.020052
0 0.214120 0.886328 0.081019 0.020052
0 0.920139 0.271745 0.076389 0.020052
0 0.321759 0.460547 0.120370 0.012240
0 0.536343 0.066016 0.095833 0.014844
0 0.538657 0.900000 0.086574 0.016146
0 0.448380 0.114844 0.031019 0.044792
0 0.328009 0.623307 0.021759 0.056510
0 0.257407 0.507422 0.084259 0.012240
0 0.138194 0.451172 0.021759 0.045573
0 0.789815 0.390625 0.019444 0.049479
0 0.988889 0.278255 0.019444 0.043490
0 0.965741 0.176693 0.065741 0.012240
0 0.071065 0.331641 0.017130 0.046094
0 0.941435 0.756120 0.052315 0.014844
0 0.124306 0.255859 0.049537 0.014323
0 0.013889 0.539974 0.027778 0.025260
0 0.186806 0.127214 0.054167 0.012240
0 0.478472 0.929297 0.054167 0.012240
0 0.991204 0.141536 0.014815 0.040885
0 0.619676 0.929297 0.049537 0.012240
0 0.988889 0.316667 0.019444 0.026562
0 0.096528 0.993099 0.040278 0.009635
