0 0.492361 0.538672 0.341204 0.064323
0 0.355787 0.163672 0.169907 0.059115
0 0.279398 0.867448 0.128241 0.039583
0 0.402083 0.172135 0.123611 0.039583
0 0.455324 0.366797 0.063426 0.074740
0 0.612731 0.458984 0.174537 0.024740
0 0.767824 0.493099 0.105093 0.035677
0 0.540972 0.405859 0.132870 0.027865
0 0.230787 0.339193 0.058796 0.061198
0 0.496991 0.629818 0.128241 0.027865
0 0.267824 0.213151 0.105093 0.033073
0 0.934491 0.146745 0.058796 0.056510
0 0.862269 0.605078 0.108796 0.030469
0 0.483102 0.675391 0.044907 0.072135
0 0.807176 0.378255 0.044907 0.071615
0 0.895139 0.674089 0.054167 0.059115
0 0.306713 0.806641 0.053241 0.058594
0 0.462269 0.301693 0.049537 0.059115
0 0.885880 0.371354 0.044907 0.063021
0 0.866204 0.198177 0.033333 0.076042
0 0.557176 0.110286 0.100463 0.025260
0 0.814120 0.448177 0.086574 0.029167
0 0.443750 0.683203 0.040278 0.061719
0 0.774769 0.765234 0.137500 0.017448
0 0.674769 0.821224 0.030093 0.077344
0 0.912500 0.545833 0.100926 0.021354
0 0.614583 0.213151 0.094907 0.022656
0 0.709954 0.393880 0.109722 0.019531
0 0.627315 0.805599 0.037037 0.056510
0 0.486111 0.105729 0.078704 0.026562
0 0.111574 0.288672 0.042593 0.048698
0 0.821065 0.148047 0.091204 0.022656
0 0.756250 0.242448 0.044907 0.044792
0 0.784028 0.343359 0.035648 0.053906
0 0.552546 0.319922 0.081944 0.022656
0 0.256250 0.398047 0.081944 0.022656
0 0.494676 0.806901 0.077315 0.022656
0 0.277083 0.148047 0.095833 0.017448
0 0.552546 0.821224 0.081944 0.020052
0 0.784028 0.701432 0.081944 0.020052
0 0.450694 0.198828 0.035648 0.046094
0 0.290509 0.248307 0.039352 0.040885
0 0.948380 0.700781 0.040278 0.039583
0 0.487731 0.254818 0.026389 0.059115
0 0.190972 0.395443 0.034722 0.043490
0 0.534028 0.350521 0.035648 0.042188
0 0.363426 0.108984 0.064815 0.022656
0 0.369676 0.316016 0.021759 0.066927
0 0.515509 0.227474 0.035648 0.040885
0 0.663657 0.235286 0.072685 0.020052
0 0.789815 0.514974 0.065741 0.022135
0 0.663657 0.082943 0.081944 0.017448
0 0.559491 0.412370 0.095833 0.014844
0 0.881250 0.082682 0.026389 0.053385
0 0.663657 0.280859 0.035648 0.038281
0 0.802546 0.857682 0.026389 0.051302
0 0.304861 0.163672 0.077315 0.017448
0 0.559028 0.438411 0.067130 0.020052
0 0.858102 0.120703 0.035648 0.035677
0 0.154398 0.141536 0.063426 0.020052
0 0.899769 0.793880 0.072685 0.017448
0 0.858102 0.873307 0.026389 0.046094
0 0.253935 0.408464 0.068056 0.017448
0 0.677546 0.108724 0.035648 0.032552
0 0.272454 0.125911 0.077315 0.014844
0 0.858102 0.392578 0.026389 0.042969
0 0.455324 0.481380 0.091204 0.012240
0 0.785185 0.750911 0.075000 0.014844
0 0.936806 0.822526 0.063426 0.017448
0 0.589583 0.260026 0.063426 0.017448
0 0.957176 0.109635 0.057870 0.018750
0 0.538657 0.086849 0.072685 0.014844
0 0.939120 0.247005 0.021759 0.048698
0 0.740046 0.468099 0.021759 0.048177
0 0.545602 0.283464 0.058796 0.017448
0 0.601157 0.248307 0.068056 0.014844
0 0.374306 0.414974 0.021759 0.046094
0 0.744676 0.873307 0.021759 0.046094
0 0.328009 0.113932 0.058796 0.016927
0 0.186806 0.801432 0.081944 0.011719
0 0.628935 0.857682 0.031019 0.030469
0 0.922917 0.524349 0.063426 0.014844
0 0.466435 0.447526 0.076389 0.012240
0 0.955324 0.774089 0.026389 0.035156
0 0.237731 0.080339 0.072685 0.012240
0 0.146296 0.434245 0.051852 0.016927
0 0.904398 0.194922 0.017130 0.048698
0 0.645139 0.882422 0.017130 0.048698
0 0.816435 0.829688 0.026389 0.031771
0 0.887731 0.260026 0.030093 0.027865
0 0.054861 0.275651 0.021759 0.038281
0 0.950694 0.350260 0.026389 0.031250
0 0.906250 0.074870 0.020833 0.037760
0 0.876157 0.212891 0.016204 0.048177
0 0.778935 0.784766 0.081019 0.009635
0 0.091898 0.284766 0.021759 0.035677
0 0.932176 0.741146 0.026389 0.029167
0 0.737731 0.419922 0.081944 0.009115
0 0.691435 0.145443 0.017130 0.043490
0 0.633102 0.279557 0.020833 0.035677
0 0.751620 0.314453 0.017130 0.042969
0 0.924769 0.211198 0.020833 0.034375
0 0.795602 0.315755 0.049537 0.014323
0 0.149306 0.283464 0.016204 0.043490
0 0.733102 0.164974 0.017130 0.040885
0 0.771296 0.898047 0.056481 0.012240
0 0.075694 0.244141 0.017130 0.037760
0 0.792824 0.231120 0.016204 0.037760
0 0.288657 0.904557 0.063426 0.009635
0 0.214583 0.099609 0.063426 0.009115
0 0.154398 0.168880 0.017130 0.033073
0 0.024769 0.238932 0.017130 0.032552
0 0.642824 0.766536 0.021759 0.025260
0 0.860417 0.761328 0.021759 0.025260
0 0.728472 0.524349 0.017130 0.030469
0 0.906250 0.809505 0.020833 0.022656
0 0.203009 0.138672 0.049537 0.009115
0 0.381250 0.776953 0.017130 0.025260
0 0.617361 0.097266 0.017130 0.025260
0 0.510417 0.333854 0.016204 0.026042
0 0.351157 0.494401 0.012500 0.027865
