0 0.559491 0.198828 0.123611 0.040885
0 0.418287 0.744401 0.063426 0.059115
0 0.078009 0.778255 0.040278 0.085156
0 0.832176 0.192318 0.057870 0.059115
0 0.501620 0.800391 0.054167 0.061719
0 0.235417 0.171484 0.049537 0.059115
0 0.628935 0.550391 0.095833 0.030469
0 0.596528 0.426693 0.040278 0.069531
0 0.455324 0.601172 0.100463 0.027865
0 0.682176 0.174089 0.091204 0.027865
0 0.922917 0.504818 0.081944 0.027865
0 0.070602 0.717057 0.090278 0.025260
0 0.818750 0.563151 0.049537 0.045573
0 0.216898 0.770443 0.031019 0.069531
0 0.459954 0.808203 0.044907 0.046094
0 0.633565 0.336849 0.040278 0.051302
0 0.897454 0.102214 0.040278 0.050781
0 0.846528 0.593359 0.040278 0.048698
0 0.036343 0.663672 0.040278 0.048698
0 0.753935 0.102474 0.077315 0.025260
0 0.677546 0.718359 0.109722 0.017448
0 0.272454 0.625651 0.077315 0.024740
0 0.177546 0.590755 0.081944 0.022656
0 0.286343 0.183203 0.040278 0.046094
0 0.304861 0.385026 0.105093 0.017448
0 0.802546 0.079036 0.072685 0.025260
0 0.078009 0.101172 0.040278 0.043490
0 0.536343 0.207943 0.077315 0.022656
0 0.369676 0.188411 0.040278 0.040885
0 0.605787 0.797786 0.040278 0.040885
0 0.096528 0.808203 0.040278 0.040885
0 0.177546 0.519141 0.081944 0.020052
0 0.890509 0.571224 0.081944 0.020052
0 0.277083 0.662370 0.031019 0.051302
0 0.601157 0.188411 0.077315 0.020052
0 0.797917 0.562109 0.035648 0.043490
0 0.457639 0.692318 0.068056 0.022656
0 0.619213 0.590495 0.067130 0.022135
0 0.528241 0.136068 0.024074 0.061198
0 0.862731 0.177995 0.072685 0.020052
0 0.108102 0.816016 0.035648 0.040885
0 0.545139 0.506771 0.067130 0.021354
0 0.388194 0.300391 0.031019 0.046094
0 0.319907 0.156901 0.070370 0.019531
0 0.066435 0.645443 0.035648 0.038281
0 0.469213 0.293880 0.035648 0.038281
0 0.927546 0.533464 0.035648 0.038281
0 0.434491 0.575130 0.031019 0.043490
0 0.156713 0.119401 0.077315 0.017448
0 0.910185 0.381120 0.028704 0.046094
0 0.355787 0.422786 0.086574 0.014844
0 0.370833 0.530859 0.033333 0.038281
0 0.362731 0.787370 0.035648 0.035677
0 0.779398 0.802995 0.063426 0.020052
0 0.154398 0.136328 0.063426 0.020052
0 0.365046 0.237891 0.031019 0.040885
0 0.806713 0.483984 0.071759 0.017448
0 0.056713 0.831641 0.062500 0.020052
0 0.098380 0.483984 0.025463 0.048698
0 0.462269 0.624609 0.031019 0.038281
0 0.411343 0.564714 0.031019 0.038281
0 0.179861 0.685807 0.058796 0.020052
0 0.698380 0.486589 0.095833 0.012240
0 0.762731 0.545182 0.057870 0.020052
0 0.045602 0.847266 0.077315 0.014844
0 0.462269 0.334245 0.077315 0.014844
0 0.071065 0.679297 0.026389 0.043490
0 0.140046 0.645443 0.034722 0.033073
0 0.353472 0.509766 0.026389 0.042969
0 0.142824 0.464453 0.021759 0.051302
0 0.332639 0.563411 0.031019 0.035677
0 0.101157 0.636328 0.031019 0.035677
0 0.258565 0.516536 0.031019 0.035677
0 0.922917 0.710547 0.063426 0.017448
0 0.406713 0.420182 0.031019 0.035677
0 0.488889 0.116797 0.028704 0.038281
0 0.029398 0.513932 0.026389 0.040885
0 0.115046 0.518490 0.031019 0.034375
0 0.756250 0.393490 0.026389 0.039583
0 0.353472 0.663021 0.063426 0.016146
0 0.223843 0.864193 0.026389 0.038281
0 0.077546 0.564714 0.057870 0.017448
0 0.073380 0.175391 0.021759 0.046094
0 0.628935 0.383724 0.021759 0.046094
0 0.434028 0.500911 0.067130 0.014844
0 0.809028 0.772786 0.057870 0.016927
0 0.075231 0.616797 0.025463 0.038281
0 0.473843 0.710286 0.081944 0.011719
0 0.763194 0.700130 0.021759 0.043490
0 0.388194 0.603776 0.021759 0.043490
0 0.108102 0.661068 0.054167 0.017448
0 0.862731 0.664974 0.026389 0.035677
0 0.909028 0.724870 0.063426 0.014844
0 0.649769 0.352474 0.026389 0.035677
0 0.042130 0.741797 0.024074 0.038281
0 0.270139 0.098568 0.026389 0.033073
0 0.524769 0.576172 0.091204 0.009115
0 0.314120 0.533464 0.068056 0.012240
0 0.610417 0.309505 0.021759 0.038281
0 0.135880 0.847656 0.026389 0.031250
0 0.748843 0.820182 0.048611 0.016927
0 0.219213 0.573828 0.026389 0.030469
0 0.733102 0.592057 0.017130 0.046094
0 0.339583 0.133724 0.017130 0.046094
0 0.594213 0.300130 0.026389 0.029948
0 0.675231 0.878516 0.021759 0.035677
0 0.260417 0.872005 0.062500 0.012240
0 0.056713 0.284505 0.053241 0.014323
0 0.510880 0.864193 0.017130 0.043490
0 0.439120 0.138932 0.077315 0.009635
0 0.193750 0.776302 0.021759 0.034375
0 0.175231 0.640234 0.021759 0.033073
0 0.795602 0.231380 0.021759 0.033073
0 0.806713 0.106380 0.016204 0.043490
0 0.522454 0.896484 0.049537 0.014323
0 0.686806 0.079036 0.072685 0.009635
0 0.318287 0.239193 0.020833 0.033073
0 0.501620 0.625911 0.044907 0.014844
0 0.330324 0.409766 0.044907 0.014844
0 0.746991 0.437109 0.017130 0.038281
0 0.751620 0.598568 0.017130 0.038281
0 0.135880 0.607682 0.017130 0.035677
0 0.531250 0.069922 0.020833 0.027865
0 0.802546 0.520182 0.017130 0.032552
0 0.455324 0.569271 0.017130 0.031771
0 0.209491 0.812109 0.043981 0.012240
0 0.351157 0.597005 0.058796 0.009115
0 0.789815 0.198568 0.056481 0.009115
0 0.540972 0.533464 0.040278 0.012240
0 0.258565 0.750651 0.049537 0.009115
0 0.524769 0.645443 0.063426 0.007031
0 0.271991 0.287370 0.011574 0.035677
0 0.878472 0.557943 0.020833 0.019531
0 0.064120 0.459245 0.012500 0.030469
0 0.091898 0.188411 0.012500 0.030469
0 0.682176 0.995052 0.026389 0.008333
0 0.584954 0.994401 0.026389 0.007031
0 0.589583 0.022786 0.026389 0.006510
