0 0.447222 0.030859 0.426852 0.059115
0 0.309491 0.764583 0.160648 0.052604
0 0.898611 0.021745 0.200000 0.035677
0 0.455324 0.792578 0.072685 0.077344
0 0.723843 0.434245 0.054167 0.074219
0 0.582639 0.123307 0.114352 0.030469
0 0.057176 0.629818 0.100463 0.033073
0 0.550231 0.701432 0.058796 0.056510
0 0.193750 0.674089 0.142130 0.022656
0 0.794444 0.227474 0.149074 0.020052
0 0.219213 0.851172 0.044907 0.064323
0 0.152083 0.819010 0.049537 0.057292
0 0.069907 0.827995 0.042593 0.063802
0 0.744676 0.270443 0.049537 0.053906
0 0.323380 0.332031 0.049537 0.052083
0 0.127778 0.194922 0.112037 0.022656
0 0.160880 0.348568 0.039352 0.059115
0 0.897454 0.710547 0.095833 0.022656
0 0.228472 0.197526 0.091204 0.022656
0 0.531713 0.266536 0.040278 0.051302
0 0.707639 0.170833 0.077315 0.026562
0 0.788194 0.296224 0.034722 0.058594
0 0.316435 0.302734 0.081944 0.024740
0 0.765509 0.348568 0.044907 0.043490
0 0.934491 0.774089 0.040278 0.045573
0 0.575694 0.628516 0.044907 0.040885
0 0.742361 0.149349 0.072685 0.025260
0 0.214583 0.901953 0.044907 0.040885
0 0.265509 0.654557 0.091204 0.020052
0 0.846528 0.456641 0.040278 0.045052
0 0.276620 0.771745 0.039352 0.046094
0 0.555556 0.161068 0.078704 0.022656
0 0.156713 0.895443 0.077315 0.022656
0 0.466435 0.676693 0.076389 0.022656
0 0.124306 0.668880 0.095833 0.017448
0 0.313657 0.548438 0.039352 0.042188
0 0.455324 0.245703 0.035648 0.046094
0 0.883565 0.407161 0.077315 0.020052
0 0.730787 0.343359 0.040278 0.038281
0 0.255787 0.146745 0.099537 0.014844
0 0.279398 0.284766 0.072685 0.020052
0 0.848843 0.127214 0.081944 0.017448
0 0.385880 0.866797 0.026389 0.053906
0 0.654398 0.926432 0.063426 0.022135
0 0.409028 0.433203 0.026389 0.051302
0 0.621991 0.248307 0.026389 0.051302
0 0.439120 0.710547 0.077315 0.017448
0 0.904398 0.331380 0.026389 0.050781
0 0.214120 0.702734 0.034722 0.038281
0 0.845370 0.372005 0.075000 0.017448
0 0.123843 0.585286 0.030093 0.042969
0 0.767824 0.886328 0.086574 0.014844
0 0.888194 0.598307 0.021759 0.058594
0 0.485417 0.334245 0.031019 0.040885
0 0.626157 0.165365 0.034722 0.036458
0 0.370833 0.629557 0.033333 0.037760
0 0.394676 0.894141 0.062500 0.020052
0 0.823380 0.810547 0.031019 0.040365
0 0.514352 0.145443 0.070370 0.017448
0 0.116898 0.284505 0.034722 0.035156
0 0.779398 0.240495 0.081944 0.014844
0 0.612731 0.545182 0.081944 0.014844
0 0.506250 0.896745 0.081944 0.014844
0 0.665972 0.278255 0.095833 0.012240
0 0.226157 0.577734 0.095833 0.012240
0 0.411343 0.223307 0.031019 0.037760
0 0.160880 0.314714 0.094907 0.012240
0 0.395139 0.491536 0.026389 0.042969
0 0.203009 0.110677 0.031019 0.036458
0 0.613194 0.504818 0.025463 0.043490
0 0.153935 0.132422 0.062500 0.017448
0 0.869213 0.253516 0.030093 0.035677
0 0.038657 0.727214 0.026389 0.040365
0 0.715278 0.643490 0.055556 0.018750
0 0.388194 0.297786 0.068056 0.014844
0 0.742361 0.293880 0.026389 0.038281
0 0.656713 0.802995 0.068056 0.014844
0 0.112731 0.403255 0.081944 0.012240
0 0.751620 0.426432 0.026389 0.037760
0 0.751620 0.684245 0.026389 0.037760
0 0.475694 0.200130 0.030093 0.033073
0 0.226157 0.479818 0.021759 0.045573
0 0.288657 0.504557 0.081944 0.011719
0 0.332176 0.268880 0.067130 0.014323
0 0.170602 0.689714 0.077315 0.012240
0 0.402083 0.801693 0.021759 0.043490
0 0.953009 0.408464 0.021759 0.043490
0 0.818750 0.513932 0.031019 0.030469
0 0.700694 0.391536 0.026389 0.035677
0 0.788657 0.468750 0.026389 0.033854
0 0.253935 0.245703 0.021759 0.040885
0 0.955324 0.533464 0.026389 0.033073
0 0.910185 0.546484 0.019444 0.043490
0 0.645139 0.507422 0.017130 0.048698
0 0.336806 0.348568 0.030093 0.027865
0 0.453009 0.757422 0.068056 0.012240
0 0.064120 0.299089 0.021759 0.038281
0 0.647454 0.837891 0.068056 0.011719
0 0.496991 0.641536 0.017130 0.046094
0 0.955324 0.740495 0.017130 0.046094
0 0.598843 0.441016 0.081944 0.009635
0 0.733102 0.088151 0.063426 0.012240
0 0.066435 0.327734 0.063426 0.012240
0 0.440972 0.566016 0.025463 0.030469
0 0.096528 0.628255 0.021759 0.035156
0 0.784028 0.390234 0.017130 0.043490
0 0.531713 0.316016 0.077315 0.009635
0 0.353472 0.137630 0.017130 0.043490
0 0.776620 0.274349 0.020833 0.035677
0 0.554861 0.275651 0.021759 0.033073
0 0.013194 0.567318 0.021759 0.033073
0 0.874306 0.791276 0.021759 0.033073
0 0.453009 0.095964 0.058796 0.012240
0 0.589583 0.089453 0.072685 0.009635
0 0.045139 0.650391 0.020833 0.032552
0 0.645139 0.132812 0.017130 0.039062
0 0.737731 0.191016 0.044907 0.014844
0 0.100694 0.422786 0.020833 0.030469
0 0.908565 0.522786 0.016204 0.037760
0 0.941435 0.477474 0.017130 0.035677
0 0.807176 0.464193 0.017130 0.035156
0 0.468056 0.006120 0.061111 0.009635
0 0.626620 0.102214 0.063426 0.009115
0 0.871991 0.202474 0.017130 0.032552
0 0.609259 0.418880 0.075000 0.007031
0 0.281713 0.549089 0.012500 0.038281
0 0.378935 0.574870 0.021759 0.022135
0 0.927546 0.489193 0.017130 0.027865
0 0.769676 0.757812 0.016204 0.028646
0 0.083796 0.302734 0.014815 0.029948
0 0.918287 0.612891 0.017130 0.025260
0 0.204861 0.274349 0.043981 0.009635
0 0.855787 0.348568 0.012500 0.033073
0 0.311343 0.091797 0.043981 0.009115
0 0.600694 0.374349 0.057870 0.006510
0 0.634259 0.345964 0.050926 0.007031
0 0.866898 0.920182 0.016204 0.020052
