0 0.545602 0.616797 0.225463 0.043490
0 0.811806 0.786068 0.063426 0.137240
0 0.709954 0.161068 0.156019 0.048698
0 0.096065 0.982031 0.187500 0.034375
0 0.935648 0.102474 0.125926 0.035677
0 0.723843 0.757422 0.063426 0.064323
0 0.214583 0.786068 0.044907 0.079948
0 0.535185 0.167578 0.176852 0.020052
0 0.374306 0.711198 0.049537 0.070833
0 0.211111 0.430599 0.130556 0.025260
0 0.654398 0.061849 0.118981 0.027344
0 0.689120 0.119401 0.114352 0.027865
0 0.828009 0.049740 0.095833 0.029167
0 0.561343 0.108984 0.099537 0.027865
0 0.621528 0.765234 0.034722 0.074740
0 0.244676 0.688151 0.105093 0.024740
0 0.705324 0.118099 0.044907 0.056510
0 0.447917 0.127214 0.039352 0.064323
0 0.337269 0.394141 0.095833 0.025260
0 0.087269 0.533464 0.049537 0.048698
0 0.911343 0.347266 0.031019 0.077344
0 0.793287 0.756120 0.026389 0.082552
0 0.948380 0.131120 0.086574 0.025260
0 0.821065 0.831641 0.044907 0.046094
0 0.251620 0.497005 0.091204 0.022656
0 0.177546 0.506771 0.035648 0.057813
0 0.369676 0.555599 0.031019 0.056510
0 0.956481 0.073828 0.084259 0.020052
0 0.760880 0.401953 0.081944 0.020052
0 0.906713 0.784766 0.021759 0.066927
0 0.365046 0.318620 0.095833 0.014844
0 0.420602 0.606380 0.021759 0.064323
0 0.784028 0.816016 0.026389 0.050260
0 0.961111 0.064714 0.075000 0.017448
0 0.459954 0.646484 0.035648 0.035156
0 0.233102 0.837891 0.072685 0.016927
0 0.320602 0.524349 0.025463 0.046094
0 0.934491 0.151953 0.077315 0.014844
0 0.748843 0.784766 0.020833 0.051302
0 0.616204 0.569922 0.024074 0.043490
0 0.459954 0.043880 0.026389 0.027865
0 0.564120 0.042578 0.021759 0.030469
0 0.975000 0.697266 0.047222 0.011719
0 0.439120 0.301693 0.012500 0.038281
0 0.624306 0.155599 0.049537 0.006510
