0 0.552546 0.984635 0.211574 0.029167
0 0.364352 0.014974 0.194444 0.027344
0 0.686806 0.108984 0.165278 0.027865
0 0.256944 0.866146 0.129630 0.026562
0 0.223843 0.638932 0.054167 0.061719
0 0.072917 0.300391 0.122685 0.025260
0 0.675231 0.619792 0.105093 0.028646
0 0.649769 0.791016 0.054167 0.053385
0 0.778935 0.883724 0.053241 0.051302
0 0.466898 0.700130 0.049537 0.048698
0 0.721528 0.515234 0.086574 0.027865
0 0.281713 0.381120 0.049537 0.046094
0 0.346528 0.805599 0.049537 0.046094
0 0.190972 0.761328 0.090278 0.025260
0 0.824537 0.267839 0.098148 0.022656
0 0.235417 0.503516 0.031019 0.066927
0 0.117361 0.688411 0.044907 0.046094
0 0.056019 0.322526 0.088889 0.022656
0 0.753935 0.812109 0.086574 0.022656
0 0.240046 0.799089 0.040278 0.048698
0 0.098843 0.473568 0.044907 0.043490
0 0.816435 0.303646 0.044907 0.042188
0 0.420602 0.778906 0.077315 0.023958
0 0.659028 0.750911 0.044907 0.040885
0 0.543287 0.534766 0.072685 0.025260
0 0.253935 0.750651 0.123611 0.014323
0 0.346528 0.536068 0.077315 0.022656
0 0.707639 0.291276 0.040278 0.043490
0 0.788657 0.796224 0.035648 0.048177
0 0.101157 0.872005 0.031019 0.053906
0 0.839583 0.213151 0.072685 0.022656
0 0.832639 0.896745 0.040278 0.040885
0 0.334954 0.763281 0.035648 0.044792
0 0.127778 0.538411 0.093519 0.016927
0 0.373148 0.598568 0.065741 0.022656
0 0.726157 0.162370 0.031019 0.046094
0 0.131250 0.882422 0.026389 0.053906
0 0.385880 0.751953 0.081944 0.016927
0 0.725694 0.349609 0.067130 0.019531
0 0.052083 0.623307 0.025463 0.051302
0 0.392824 0.658464 0.021759 0.059115
0 0.635880 0.442318 0.072685 0.017448
0 0.642361 0.370052 0.067130 0.018750
0 0.280093 0.860286 0.083333 0.014844
0 0.200694 0.383724 0.026389 0.046094
0 0.626620 0.704036 0.026389 0.046094
0 0.318750 0.379818 0.031019 0.038281
0 0.545602 0.353776 0.068056 0.017448
0 0.703009 0.360286 0.058796 0.020052
0 0.415972 0.706641 0.058796 0.020052
0 0.619676 0.358984 0.095833 0.012240
0 0.167824 0.832943 0.034722 0.033073
0 0.431713 0.666927 0.025463 0.044792
0 0.293287 0.894141 0.072685 0.014844
0 0.892824 0.197526 0.086574 0.012240
0 0.888194 0.116536 0.021759 0.048177
0 0.800231 0.187109 0.031019 0.033073
0 0.869676 0.385026 0.058796 0.017448
0 0.807176 0.713151 0.081944 0.012240
0 0.483102 0.780859 0.081944 0.012240
0 0.864583 0.901953 0.020833 0.046094
0 0.341898 0.861589 0.021759 0.043490
0 0.689120 0.624609 0.077315 0.012240
0 0.934491 0.799089 0.077315 0.012240
0 0.922917 0.760026 0.054167 0.017448
0 0.914815 0.779297 0.065741 0.014323
0 0.520139 0.805599 0.063426 0.014844
0 0.816435 0.799089 0.017130 0.053906
0 0.730787 0.439453 0.077315 0.011719
0 0.753472 0.293880 0.020833 0.043490
0 0.749306 0.617839 0.021759 0.040365
0 0.847685 0.188802 0.024074 0.036458
0 0.559028 0.111589 0.030093 0.027865
0 0.749306 0.098568 0.068056 0.012240
0 0.681019 0.590495 0.070370 0.011719
0 0.784722 0.151953 0.055556 0.014844
0 0.816435 0.370703 0.054167 0.014844
0 0.693750 0.324870 0.068056 0.011719
0 0.564120 0.819661 0.068056 0.011719
0 0.780556 0.416276 0.028704 0.027865
0 0.723843 0.406901 0.026389 0.029948
0 0.147454 0.456641 0.049537 0.014844
0 0.584954 0.804297 0.026389 0.027865
0 0.543287 0.632682 0.026389 0.027344
0 0.633565 0.101172 0.058796 0.012240
0 0.834954 0.480078 0.017130 0.040885
0 0.909028 0.860286 0.017130 0.040885
0 0.850000 0.495703 0.019444 0.035677
0 0.758102 0.515234 0.020833 0.033073
0 0.936806 0.512630 0.017130 0.038281
0 0.728472 0.638932 0.017130 0.035677
0 0.665972 0.515234 0.021759 0.027865
0 0.506250 0.317318 0.017130 0.033073
0 0.512037 0.891536 0.056481 0.009635
0 0.571065 0.634766 0.044907 0.011719
0 0.660880 0.146745 0.020833 0.025260
0 0.612731 0.776953 0.054167 0.009635
0 0.721528 0.460547 0.040278 0.012240
0 0.746991 0.210938 0.017130 0.028646
0 0.198380 0.812109 0.012500 0.038281
0 0.910880 0.335547 0.011574 0.038281
0 0.506250 0.644141 0.017130 0.025260
0 0.955324 0.445312 0.017130 0.023438
0 0.083796 0.559505 0.051852 0.007031
0 0.480787 0.538672 0.049537 0.007031
0 0.008565 0.008073 0.012500 0.013542
