0 0.536343 0.615495 0.234722 0.046094
0 0.781713 0.109375 0.160648 0.039062
0 0.878935 0.756120 0.132870 0.040885
0 0.538657 0.110286 0.054167 0.092969
0 0.912500 0.189714 0.172222 0.027865
0 0.968056 0.418880 0.061111 0.074740
0 0.873148 0.632422 0.056481 0.074740
0 0.712269 0.308203 0.132870 0.030469
0 0.655556 0.168880 0.056481 0.064323
0 0.834954 0.546484 0.044907 0.079948
0 0.420602 0.523047 0.049537 0.064323
0 0.360417 0.817318 0.095833 0.033073
0 0.547454 0.780859 0.108796 0.027865
0 0.837269 0.175391 0.114352 0.025260
0 0.078009 0.581641 0.049537 0.056510
0 0.878935 0.365495 0.040278 0.066927
0 0.495370 0.441016 0.106481 0.025260
0 0.174769 0.869401 0.113426 0.022656
0 0.332639 0.866797 0.040278 0.059115
0 0.821065 0.102474 0.091204 0.025260
0 0.554861 0.310807 0.049537 0.046094
0 0.790972 0.471615 0.040278 0.055208
0 0.529398 0.375911 0.035648 0.056510
0 0.266667 0.296224 0.088889 0.022135
0 0.821065 0.078776 0.100463 0.019531
0 0.573380 0.866797 0.086574 0.022656
0 0.969213 0.095964 0.035648 0.053906
0 0.899769 0.046875 0.081944 0.023438
0 0.196065 0.552995 0.128241 0.014844
0 0.740046 0.594661 0.040278 0.040885
0 0.922917 0.223568 0.081944 0.017448
0 0.121991 0.778906 0.035648 0.039583
0 0.744676 0.123047 0.086574 0.014323
0 0.235417 0.191016 0.021759 0.056510
0 0.844676 0.125651 0.081019 0.014323
0 0.968056 0.705990 0.061111 0.018750
0 0.277083 0.866797 0.086574 0.012240
0 0.920602 0.082943 0.021759 0.048698
0 0.638194 0.280859 0.077315 0.012240
0 0.078009 0.848568 0.021759 0.043490
0 0.898611 0.474870 0.019444 0.040885
0 0.284028 0.418880 0.063426 0.012240
0 0.679861 0.123307 0.049537 0.014844
0 0.991204 0.111328 0.014815 0.048177
0 0.953009 0.115234 0.021759 0.029948
0 0.714583 0.555599 0.017130 0.035677
0 0.936806 0.419531 0.017130 0.029167
0 0.101157 0.993099 0.040278 0.009635
0 0.008565 0.224870 0.012500 0.021615
0 0.995833 0.820964 0.005556 0.009115
