0 0.900926 0.022396 0.195370 0.036979
0 0.193750 0.685807 0.151389 0.040885
0 0.172454 0.207943 0.145833 0.038281
0 0.163657 0.150651 0.183796 0.027865
0 0.228009 0.697526 0.136574 0.033073
0 0.267824 0.864844 0.058796 0.065625
0 0.059491 0.321224 0.058796 0.056510
0 0.788657 0.747005 0.054167 0.059115
0 0.508102 0.236589 0.048611 0.064323
0 0.030556 0.851172 0.047222 0.064323
0 0.396296 0.218099 0.176852 0.016927
0 0.067593 0.831641 0.047222 0.061719
0 0.267824 0.140234 0.049537 0.053906
0 0.740046 0.809505 0.049537 0.048698
0 0.781713 0.178646 0.142130 0.016146
0 0.406250 0.583594 0.094907 0.023958
0 0.374306 0.329036 0.086574 0.025260
0 0.198380 0.536068 0.040278 0.053906
0 0.091898 0.593359 0.095833 0.022656
0 0.894676 0.872656 0.090278 0.023958
0 0.253472 0.739193 0.039352 0.053906
0 0.084954 0.345964 0.035648 0.059115
0 0.686806 0.780859 0.035648 0.059115
0 0.854630 0.893880 0.084259 0.024740
0 0.497685 0.547135 0.046296 0.044792
0 0.080324 0.521745 0.035648 0.056510
0 0.507407 0.521745 0.079630 0.025260
0 0.772454 0.429297 0.031019 0.064323
0 0.411343 0.434505 0.086574 0.022656
0 0.219213 0.898047 0.044907 0.043490
0 0.647454 0.698828 0.077315 0.025260
0 0.522454 0.321875 0.040278 0.047396
0 0.117361 0.154557 0.091204 0.020052
0 0.455324 0.834245 0.035648 0.051302
0 0.624306 0.434505 0.077315 0.022656
0 0.411343 0.558203 0.086574 0.020052
0 0.420139 0.283464 0.039352 0.043490
0 0.177546 0.401953 0.109722 0.014844
0 0.153935 0.524349 0.034722 0.046094
0 0.070602 0.758724 0.034722 0.046094
0 0.457639 0.644141 0.031019 0.051302
0 0.047917 0.478776 0.091204 0.017448
0 0.101852 0.634766 0.041667 0.037760
0 0.503935 0.771745 0.077315 0.020052
0 0.346528 0.304297 0.040278 0.038281
0 0.133565 0.260026 0.040278 0.038281
0 0.633565 0.814714 0.040278 0.038281
0 0.735417 0.775651 0.040278 0.038281
0 0.860417 0.351172 0.031019 0.048698
0 0.346528 0.762630 0.031019 0.048698
0 0.374306 0.374609 0.031019 0.048698
0 0.169444 0.223568 0.065741 0.022656
0 0.490046 0.334635 0.031019 0.046875
0 0.642824 0.235286 0.095833 0.014844
0 0.179861 0.663672 0.114352 0.012240
0 0.196065 0.434245 0.081944 0.016927
0 0.339583 0.377214 0.035648 0.038281
0 0.152083 0.644141 0.068056 0.020052
0 0.146991 0.361589 0.020833 0.064323
0 0.635880 0.686198 0.063426 0.020833
0 0.757407 0.385026 0.075000 0.017448
0 0.549769 0.199870 0.030093 0.042969
0 0.108102 0.879818 0.026389 0.048698
0 0.648611 0.564714 0.033333 0.038281
0 0.700694 0.633724 0.063426 0.020052
0 0.464583 0.310807 0.063426 0.020052
0 0.927546 0.831641 0.063426 0.020052
0 0.816435 0.108984 0.072685 0.017448
0 0.237731 0.645443 0.072685 0.017448
0 0.353472 0.655859 0.072685 0.017448
0 0.496991 0.162109 0.035648 0.035156
0 0.167824 0.620703 0.062500 0.020052
0 0.841898 0.753516 0.021759 0.056510
0 0.265509 0.619401 0.100463 0.012240
0 0.883565 0.316927 0.031019 0.039062
0 0.203009 0.351823 0.021759 0.055208
0 0.760417 0.198828 0.081019 0.014844
0 0.823380 0.223568 0.031019 0.038281
0 0.790972 0.292578 0.058796 0.020052
0 0.814120 0.806901 0.095833 0.012240
0 0.309491 0.918880 0.095833 0.012240
0 0.784028 0.512370 0.035648 0.032552
0 0.075694 0.210547 0.026389 0.043490
0 0.522454 0.800391 0.077315 0.014844
0 0.800231 0.261328 0.021759 0.051302
0 0.554861 0.771745 0.021759 0.051302
0 0.277083 0.579036 0.031019 0.035677
0 0.582639 0.552995 0.031019 0.035677
0 0.700231 0.916276 0.062500 0.017448
0 0.834954 0.438411 0.026389 0.040885
0 0.237731 0.818620 0.026389 0.040885
0 0.103472 0.683203 0.026389 0.040885
0 0.656250 0.761328 0.030093 0.035677
0 0.040972 0.765234 0.021759 0.048698
0 0.128935 0.379818 0.031019 0.033073
0 0.672917 0.814714 0.026389 0.038281
0 0.387731 0.637630 0.057870 0.017448
0 0.420602 0.836849 0.021759 0.046094
0 0.814120 0.422786 0.021759 0.046094
0 0.484954 0.193620 0.067130 0.014844
0 0.280556 0.512630 0.056481 0.017448
0 0.878472 0.703776 0.067130 0.014323
0 0.090741 0.176432 0.056481 0.016927
0 0.508565 0.197526 0.077315 0.012240
0 0.064120 0.276953 0.031019 0.030469
0 0.318287 0.499609 0.076389 0.012240
0 0.730324 0.577734 0.076389 0.012240
0 0.781713 0.345703 0.021759 0.042969
0 0.828009 0.634766 0.021759 0.042969
0 0.741204 0.421484 0.024074 0.038281
0 0.075231 0.443620 0.025463 0.035677
0 0.600000 0.589453 0.061111 0.014844
0 0.888194 0.466406 0.031019 0.029167
0 0.341898 0.547786 0.021759 0.040885
0 0.388194 0.771745 0.021759 0.040885
0 0.480787 0.138932 0.021759 0.040885
0 0.941435 0.448568 0.017130 0.050781
0 0.105787 0.240495 0.058796 0.014844
0 0.825694 0.838151 0.026389 0.033073
0 0.737731 0.460547 0.026389 0.033073
0 0.568750 0.605078 0.058796 0.014844
0 0.917824 0.473568 0.025463 0.033073
0 0.888194 0.917578 0.086574 0.009635
0 0.726157 0.845964 0.021759 0.038281
0 0.406713 0.778255 0.021759 0.038281
0 0.121528 0.534505 0.016204 0.050781
0 0.304861 0.762370 0.021759 0.037760
0 0.100694 0.363932 0.030093 0.027344
0 0.221065 0.835547 0.020833 0.038281
0 0.641667 0.414974 0.019444 0.040885
0 0.571065 0.473568 0.063426 0.012240
0 0.594213 0.468359 0.063426 0.012240
0 0.233102 0.125651 0.054167 0.014323
0 0.168287 0.128255 0.081944 0.009115
0 0.421759 0.340755 0.061111 0.012240
0 0.334491 0.461589 0.016204 0.045573
0 0.929861 0.797526 0.049537 0.014323
0 0.598843 0.579036 0.072685 0.009635
0 0.512731 0.825130 0.020833 0.033073
0 0.514352 0.651953 0.070370 0.009635
0 0.608796 0.681901 0.055556 0.012240
0 0.318287 0.796224 0.057870 0.011719
0 0.320602 0.339453 0.016204 0.040885
0 0.084954 0.418880 0.054167 0.012240
0 0.784028 0.551693 0.054167 0.012240
0 0.506250 0.223568 0.017130 0.038281
0 0.700694 0.832943 0.017130 0.038281
0 0.946065 0.251953 0.017130 0.037760
0 0.878935 0.904297 0.068056 0.009115
0 0.182176 0.571224 0.063426 0.009635
0 0.883565 0.754818 0.021759 0.027865
0 0.860417 0.767839 0.021759 0.027865
0 0.828009 0.376953 0.021759 0.027344
0 0.047917 0.192318 0.017130 0.033073
0 0.844213 0.413672 0.017130 0.033073
0 0.936806 0.543880 0.017130 0.033073
0 0.721065 0.346615 0.067130 0.008333
0 0.621528 0.874609 0.016204 0.033073
0 0.043287 0.133724 0.017130 0.030469
0 0.031713 0.427995 0.012500 0.040885
0 0.876157 0.657161 0.053241 0.009635
0 0.348843 0.448177 0.017130 0.029167
0 0.759722 0.241797 0.014815 0.033073
0 0.802546 0.517839 0.017130 0.027865
0 0.346528 0.670182 0.049537 0.009635
0 0.779398 0.654557 0.017130 0.025260
0 0.355324 0.177995 0.011574 0.030469
0 0.903935 0.807943 0.016204 0.019531
0 0.464583 0.997656 0.026389 0.003125
