0 0.638194 0.519141 0.086574 0.092969
0 0.371991 0.865495 0.063426 0.072135
0 0.065278 0.250911 0.130556 0.030469
0 0.241204 0.495703 0.061111 0.061719
0 0.823380 0.090755 0.123611 0.027865
0 0.156713 0.694922 0.049537 0.048698
0 0.154398 0.478776 0.100463 0.022656
0 0.043287 0.202734 0.035648 0.059115
0 0.453009 0.434505 0.040278 0.048698
0 0.422917 0.506771 0.035648 0.052604
0 0.065972 0.457943 0.081019 0.022656
0 0.547917 0.107682 0.072685 0.025260
0 0.140046 0.232682 0.034722 0.051302
0 0.410185 0.641536 0.084259 0.020052
0 0.374306 0.378516 0.040278 0.040885
0 0.168287 0.179297 0.072685 0.022656
0 0.649769 0.836849 0.081944 0.020052
0 0.277083 0.112630 0.040278 0.040365
0 0.450231 0.559505 0.071759 0.022656
0 0.776620 0.779557 0.039352 0.040885
0 0.823380 0.068620 0.105093 0.014844
0 0.044444 0.273047 0.088889 0.017448
0 0.723843 0.163672 0.035648 0.043490
0 0.601157 0.364193 0.040278 0.038281
0 0.027083 0.499609 0.031019 0.048698
0 0.400926 0.822526 0.065741 0.022656
0 0.684491 0.152604 0.040278 0.036979
0 0.575694 0.118099 0.072685 0.020052
0 0.096528 0.092057 0.068056 0.020052
0 0.105787 0.204036 0.068056 0.020052
0 0.177546 0.107682 0.091204 0.014844
0 0.499306 0.538672 0.077315 0.017448
0 0.332639 0.614193 0.031019 0.043490
0 0.506250 0.426432 0.035648 0.037760
0 0.651620 0.747005 0.076389 0.017448
0 0.809491 0.115495 0.086574 0.014844
0 0.256250 0.586589 0.035648 0.035156
0 0.501157 0.680599 0.062500 0.020052
0 0.591898 0.223568 0.068056 0.017448
0 0.564120 0.270443 0.068056 0.017448
0 0.517824 0.861589 0.021759 0.053906
0 0.101157 0.403255 0.021759 0.053906
0 0.295602 0.602474 0.077315 0.014844
0 0.203009 0.724870 0.021759 0.051302
0 0.523611 0.577734 0.088889 0.012240
0 0.084954 0.370703 0.026389 0.040885
0 0.126620 0.323568 0.026389 0.040365
0 0.415972 0.455339 0.021759 0.048698
0 0.568750 0.145443 0.058796 0.017448
0 0.249306 0.179297 0.031019 0.033073
0 0.568750 0.816016 0.068056 0.014844
0 0.728472 0.189714 0.026389 0.038281
0 0.054398 0.401953 0.067130 0.014844
0 0.378472 0.796484 0.030093 0.033073
0 0.270139 0.724219 0.072685 0.013542
0 0.358102 0.108333 0.026389 0.036979
0 0.358102 0.467057 0.026389 0.035677
0 0.899769 0.098307 0.054167 0.016927
0 0.594213 0.247005 0.072685 0.012240
0 0.251620 0.713151 0.072685 0.012240
0 0.333796 0.459896 0.024074 0.036979
0 0.771991 0.713802 0.030093 0.029167
0 0.221528 0.360286 0.058796 0.014844
0 0.413657 0.358724 0.026389 0.032552
0 0.126620 0.408464 0.017130 0.048698
0 0.429861 0.762630 0.068056 0.012240
0 0.265509 0.370703 0.026389 0.030469
0 0.490046 0.873307 0.021759 0.035677
0 0.390046 0.088151 0.062500 0.012240
0 0.679861 0.821224 0.049537 0.014844
0 0.480324 0.789974 0.048611 0.014844
0 0.915972 0.788672 0.021759 0.033073
0 0.443287 0.454688 0.020833 0.034375
0 0.274769 0.873307 0.072685 0.009635
0 0.913657 0.224870 0.026389 0.025260
0 0.751620 0.101172 0.054167 0.012240
0 0.279861 0.223568 0.053241 0.012240
0 0.103472 0.675391 0.017130 0.035677
0 0.756250 0.796484 0.017130 0.033073
0 0.471528 0.498307 0.058796 0.009635
0 0.471065 0.513932 0.020833 0.025260
0 0.751620 0.743099 0.054167 0.009635
0 0.479630 0.344661 0.047222 0.009635
0 0.876620 0.243099 0.017130 0.025260
0 0.145833 0.464193 0.046296 0.009115
0 0.306713 0.895443 0.053241 0.007031
0 0.564120 0.344661 0.012500 0.025260
0 0.582639 0.520182 0.040278 0.006510
