0 0.735417 0.819922 0.105093 0.111198
0 0.650000 0.501953 0.053704 0.044010
0 0.443750 0.579036 0.105093 0.035677
0 0.047917 0.604818 0.054167 0.066406
0 0.540972 0.475260 0.058796 0.057292
0 0.913657 0.250911 0.091204 0.030469
0 0.851157 0.195964 0.086574 0.029948
0 0.188657 0.601172 0.113426 0.022656
0 0.568750 0.125911 0.049537 0.051302
0 0.128935 0.085547 0.086574 0.027865
0 0.696065 0.519141 0.035648 0.066927
0 0.534028 0.344661 0.091204 0.025260
0 0.571065 0.327734 0.081944 0.027865
0 0.561806 0.173437 0.081944 0.026562
0 0.818750 0.256120 0.040278 0.051302
0 0.675231 0.335547 0.040278 0.048698
0 0.270139 0.526953 0.035648 0.051302
0 0.733102 0.552995 0.035648 0.051302
0 0.726157 0.177995 0.040278 0.040885
0 0.855787 0.326432 0.040278 0.040885
0 0.432176 0.322526 0.072685 0.022656
0 0.513194 0.419922 0.040278 0.040365
0 0.167824 0.278255 0.071759 0.022656
0 0.422917 0.269141 0.033796 0.046094
0 0.374306 0.594661 0.077315 0.020052
0 0.647454 0.197526 0.068056 0.022656
0 0.610417 0.207943 0.068056 0.022656
0 0.494676 0.715755 0.040278 0.038281
0 0.682176 0.567057 0.035648 0.042969
0 0.115046 0.231380 0.031019 0.048698
0 0.413657 0.883724 0.035648 0.040885
0 0.109259 0.155859 0.037963 0.038281
0 0.047917 0.431901 0.026389 0.053906
0 0.902083 0.167578 0.068056 0.020052
0 0.221528 0.326432 0.068056 0.020052
0 0.336111 0.362891 0.037963 0.035677
0 0.402083 0.697526 0.031019 0.043490
0 0.661343 0.444922 0.077315 0.017448
0 0.896991 0.435807 0.067130 0.020052
0 0.218750 0.733984 0.034722 0.038281
0 0.515509 0.376302 0.063426 0.020833
0 0.024769 0.551432 0.026389 0.048177
0 0.059491 0.597266 0.031019 0.040885
0 0.615046 0.262630 0.068056 0.017448
0 0.119676 0.595964 0.031019 0.038281
0 0.346528 0.145443 0.068056 0.017448
0 0.374306 0.657161 0.058796 0.020052
0 0.767824 0.311849 0.031019 0.037760
0 0.024306 0.419922 0.025463 0.045573
0 0.457639 0.363932 0.068056 0.016927
0 0.552546 0.425391 0.072685 0.014844
0 0.358102 0.435807 0.072685 0.014844
0 0.455324 0.298828 0.063426 0.016927
0 0.137731 0.526693 0.020833 0.050781
0 0.286343 0.166276 0.058796 0.017448
0 0.767824 0.128516 0.068056 0.014844
0 0.489583 0.491797 0.057870 0.017448
0 0.017824 0.295182 0.021759 0.046094
0 0.524769 0.884766 0.081944 0.011719
0 0.589583 0.093359 0.054167 0.017448
0 0.594213 0.385026 0.054167 0.017448
0 0.642361 0.396094 0.020833 0.044792
0 0.149769 0.450130 0.026389 0.033073
0 0.762037 0.254818 0.019444 0.043490
0 0.524769 0.673177 0.026389 0.031250
0 0.473843 0.235286 0.054167 0.014844
0 0.355787 0.372656 0.058796 0.013542
0 0.050231 0.323177 0.058796 0.013542
0 0.767361 0.160807 0.020833 0.037760
0 0.013194 0.391536 0.021759 0.035677
0 0.314120 0.607422 0.021759 0.035156
0 0.153935 0.485026 0.025463 0.029948
0 0.203009 0.076432 0.049537 0.014844
0 0.434491 0.252214 0.021759 0.033073
0 0.777083 0.497005 0.021759 0.033073
0 0.439120 0.435547 0.049537 0.014323
0 0.464583 0.649349 0.017130 0.040885
0 0.133102 0.241797 0.020833 0.033073
0 0.413657 0.414714 0.072685 0.009115
0 0.080324 0.375651 0.072685 0.009115
0 0.237269 0.279557 0.016204 0.040885
0 0.163657 0.549089 0.054167 0.012240
0 0.765509 0.146745 0.063426 0.009635
0 0.165972 0.434505 0.021759 0.027865
0 0.263194 0.421224 0.049537 0.011719
0 0.131250 0.119401 0.044907 0.012240
0 0.177546 0.030859 0.044907 0.012240
0 0.270139 0.709245 0.017130 0.030469
0 0.557176 0.191016 0.054167 0.009635
0 0.466898 0.149349 0.049537 0.009635
0 0.193750 0.401953 0.049537 0.009635
0 0.936806 0.515234 0.017130 0.027865
0 0.603472 0.284766 0.017130 0.025260
0 0.358102 0.319661 0.035648 0.011719
0 0.531713 0.124609 0.058796 0.007031
0 0.513194 0.239193 0.012500 0.033073
0 0.263194 0.387370 0.058796 0.006510
0 0.334491 0.072526 0.016204 0.022656
0 0.852315 0.179036 0.014815 0.016927
0 0.572222 0.995052 0.028704 0.008333
0 0.184491 0.138281 0.059722 0.053125
0 0.186343 0.149349 0.030093 0.039323
0 0.202778 0.103906 0.052778 0.042188
0 0.306019 0.080990 0.035185 0.034896
0 0.433333 0.105990 0.093519 0.068229
0 0.483565 0.168880 0.050463 0.017448
0 0.430556 0.150260 0.080556 0.035417
0 0.645139 0.125000 0.070833 0.032292
0 0.821528 0.122135 0.080093 0.021875
0 0.889583 0.122917 0.078241 0.014583
0 0.866898 0.111979 0.086574 0.014583
0 0.925463 0.140104 0.051852 0.031250
0 0.242361 0.798958 0.049537 0.053646
0 0.150694 0.790365 0.055093 0.025000
0 0.139352 0.811068 0.059259 0.015365
0 0.251620 0.881901 0.061574 0.012760
0 0.204398 0.873828 0.059722 0.035677
0 0.513889 0.795182 0.069444 0.025260
0 0.648611 0.850781 0.045370 0.030208
0 0.277315 0.593750 0.051852 0.023438
0 0.362731 0.563932 0.057870 0.030469
0 0.318750 0.548828 0.052315 0.017969
0 0.200694 0.571745 0.031944 0.041927
0 0.147454 0.096224 0.058796 0.026302
0 0.027546 0.142057 0.043056 0.030990
0 0.056250 0.165885 0.068056 0.046875
0 0.083796 0.176693 0.091667 0.013802
0 0.111111 0.193359 0.098148 0.025781
0 0.029167 0.226042 0.054630 0.052604
0 0.043519 0.294531 0.025000 0.039583
0 0.096991 0.285026 0.066204 0.025781
0 0.152778 0.307552 0.061111 0.027083
0 0.157870 0.333073 0.066667 0.028646
0 0.103009 0.340365 0.075463 0.018229
0 0.112963 0.357292 0.065741 0.020313
0 0.166435 0.369792 0.056019 0.021875
0 0.247685 0.344661 0.068519 0.036719
0 0.233333 0.368490 0.076852 0.047396
0 0.173380 0.386068 0.058796 0.039323
0 0.230556 0.433464 0.050000 0.044010
0 0.065046 0.466667 0.024537 0.048438
0 0.064352 0.471484 0.067593 0.028906
0 0.030787 0.499349 0.029167 0.042969
0 0.038194 0.871484 0.065278 0.019531
0 0.065509 0.805078 0.016204 0.039323
0 0.079630 0.793750 0.033333 0.029687
0 0.074537 0.565625 0.031481 0.033854
0 0.092130 0.555599 0.053704 0.017969
0 0.210648 0.176042 0.062963 0.031250
0 0.239583 0.232943 0.090278 0.047135
0 0.290509 0.247396 0.044907 0.039062
0 0.315741 0.276693 0.071296 0.026302
0 0.360185 0.295833 0.049074 0.041667
0 0.348380 0.250911 0.043981 0.026823
0 0.368287 0.179427 0.068056 0.029167
0 0.267361 0.207813 0.090278 0.021875
0 0.285185 0.190495 0.067593 0.016406
0 0.518056 0.196875 0.066667 0.047396
0 0.551852 0.226823 0.100000 0.034375
0 0.566667 0.091536 0.037037 0.026823
0 0.499074 0.263281 0.043519 0.025000
0 0.518750 0.266797 0.036574 0.022656
0 0.517824 0.294661 0.042130 0.033073
0 0.558796 0.301042 0.016667 0.034896
0 0.580556 0.282682 0.041667 0.040885
0 0.651852 0.267839 0.043519 0.039844
0 0.726852 0.264974 0.045370 0.034635
0 0.736111 0.246615 0.069444 0.045833
0 0.716898 0.228125 0.056019 0.032813
0 0.765509 0.215755 0.076389 0.039844
0 0.362963 0.085417 0.047222 0.022396
0 0.918056 0.192318 0.055556 0.038281
0 0.746991 0.319661 0.038426 0.057552
0 0.696296 0.300911 0.076852 0.048698
0 0.783796 0.420964 0.046296 0.040885
0 0.777083 0.444010 0.068981 0.036979
0 0.871991 0.474349 0.044907 0.040885
0 0.830556 0.461198 0.030556 0.035937
0 0.852778 0.538672 0.056481 0.046094
0 0.451620 0.531641 0.087500 0.052865
0 0.564815 0.581120 0.062037 0.029427
0 0.562037 0.548177 0.064815 0.029687
0 0.612269 0.554688 0.049537 0.042188
0 0.635417 0.568750 0.070833 0.014063
0 0.635880 0.627604 0.030093 0.043750
0 0.520370 0.646094 0.023148 0.042188
0 0.468056 0.626432 0.060185 0.029948
0 0.453472 0.826302 0.061574 0.040625
0 0.449769 0.466536 0.067130 0.052344
0 0.514815 0.469531 0.048148 0.020833
0 0.450694 0.728776 0.052315 0.034635
0 0.458565 0.677344 0.050463 0.017188
0 0.427778 0.520312 0.020370 0.035417
0 0.542824 0.525781 0.043981 0.033333
0 0.409954 0.486589 0.056019 0.023177
0 0.458565 0.465625 0.025463 0.031250
0 0.295833 0.463281 0.019444 0.061979
0 0.302778 0.426693 0.048148 0.037760
0 0.342824 0.422135 0.061574 0.029167
0 0.359722 0.406250 0.080556 0.032813
0 0.384722 0.398177 0.035185 0.017188
0 0.550926 0.399870 0.051852 0.038281
0 0.378935 0.323177 0.045833 0.028646
0 0.865278 0.600781 0.020370 0.027083
0 0.588426 0.504948 0.019444 0.033854
0 0.650000 0.466797 0.044444 0.033594
0 0.628241 0.463281 0.038889 0.036458
0 0.392824 0.471224 0.081019 0.032552
0 0.238889 0.763411 0.055556 0.020573
0 0.284259 0.469010 0.097222 0.032292
0 0.128472 0.475391 0.023611 0.032552
