0 0.200694 0.207682 0.063426 0.063802
0 0.244676 0.696224 0.058796 0.061719
0 0.332176 0.807031 0.094907 0.033333
0 0.272454 0.099870 0.095833 0.030469
0 0.251620 0.488281 0.091204 0.031250
0 0.381250 0.201432 0.091204 0.030469
0 0.029398 0.635417 0.054167 0.049479
0 0.927546 0.354036 0.035648 0.074219
0 0.705324 0.472266 0.035648 0.072135
0 0.270139 0.132422 0.081944 0.027865
0 0.323380 0.222005 0.086574 0.024740
0 0.566435 0.495703 0.044907 0.046094
0 0.316435 0.657161 0.044907 0.046094
0 0.767824 0.797786 0.077315 0.025260
0 0.862731 0.872005 0.035648 0.053906
0 0.663657 0.361589 0.035648 0.053906
0 0.693750 0.097266 0.095833 0.020052
0 0.163194 0.491797 0.043981 0.043490
0 0.344213 0.760026 0.081944 0.022656
0 0.148611 0.468359 0.042593 0.043490
0 0.480787 0.353776 0.031019 0.059115
0 0.501620 0.128516 0.091204 0.020052
0 0.509722 0.809245 0.042593 0.042969
0 0.357639 0.305599 0.043981 0.040885
0 0.307176 0.343359 0.035648 0.048698
0 0.439120 0.814714 0.031019 0.053906
0 0.730787 0.523047 0.095833 0.017448
0 0.866898 0.644792 0.034722 0.047396
0 0.399769 0.848568 0.072685 0.022656
0 0.221065 0.439063 0.076389 0.021354
0 0.064120 0.312109 0.086574 0.017448
0 0.249306 0.088151 0.086574 0.017448
0 0.304861 0.314714 0.031019 0.048698
0 0.214583 0.137630 0.026389 0.053906
0 0.064120 0.205339 0.021759 0.064323
0 0.679398 0.638932 0.030093 0.046094
0 0.277083 0.868099 0.068056 0.020052
0 0.177546 0.008724 0.091204 0.014844
0 0.788194 0.826172 0.090278 0.014323
0 0.552546 0.579036 0.035648 0.035677
0 0.265046 0.616797 0.071759 0.017448
0 0.663657 0.539974 0.026389 0.046094
0 0.749306 0.257422 0.068056 0.017448
0 0.351157 0.116797 0.068056 0.017448
0 0.772454 0.330339 0.068056 0.017448
0 0.152083 0.103776 0.021759 0.053906
0 0.124306 0.789974 0.077315 0.014844
0 0.830324 0.228776 0.026389 0.043490
0 0.420602 0.107682 0.077315 0.014844
0 0.865509 0.696224 0.076389 0.014844
0 0.137037 0.184505 0.028704 0.038281
0 0.594213 0.529557 0.026389 0.040885
0 0.939120 0.807552 0.031019 0.034375
0 0.392824 0.263281 0.031019 0.034375
0 0.638194 0.508724 0.021759 0.046094
0 0.822917 0.390234 0.030093 0.033073
0 0.605324 0.873307 0.020833 0.046094
0 0.101157 0.848568 0.021759 0.043490
0 0.814120 0.877214 0.021759 0.043490
0 0.031713 0.168880 0.021759 0.043490
0 0.212269 0.620703 0.031019 0.030469
0 0.403935 0.740495 0.025463 0.035677
0 0.098843 0.103776 0.026389 0.033073
0 0.778935 0.304297 0.025463 0.033073
0 0.512731 0.207943 0.067130 0.012240
0 0.344213 0.151953 0.026389 0.030469
0 0.117361 0.240495 0.017130 0.046094
0 0.153935 0.774349 0.053241 0.014844
0 0.190972 0.162370 0.053241 0.014844
0 0.226157 0.724870 0.021759 0.035677
0 0.397454 0.079036 0.077315 0.009635
0 0.786343 0.740495 0.049537 0.014844
0 0.369676 0.787109 0.077315 0.009115
0 0.640509 0.737891 0.017130 0.040885
0 0.446065 0.162370 0.072685 0.009635
0 0.721528 0.204036 0.021759 0.030469
0 0.212269 0.253516 0.021759 0.030469
0 0.707639 0.313411 0.068056 0.009635
0 0.186806 0.816016 0.017130 0.035677
0 0.235417 0.211849 0.058796 0.009635
0 0.584954 0.251953 0.017130 0.032552
0 0.207639 0.776693 0.058796 0.009115
0 0.165972 0.583984 0.058796 0.009115
0 0.362731 0.128255 0.054167 0.009115
0 0.360417 0.668880 0.040278 0.012240
0 0.665972 0.179297 0.040278 0.012240
0 0.809491 0.515234 0.012500 0.038281
0 0.779398 0.226172 0.063426 0.007031
0 0.765046 0.207682 0.016204 0.027344
0 0.672917 0.995052 0.026389 0.008333
0 0.575694 0.994401 0.026389 0.007031
0 0.069907 0.345182 0.050926 0.021094
0 0.005787 0.599870 0.006944 0.009635
0 0.249074 0.812500 0.068519 0.032813
0 0.275000 0.805469 0.080556 0.040625
0 0.360648 0.807292 0.053704 0.030208
0 0.425926 0.765104 0.052778 0.026042
0 0.527546 0.719271 0.059722 0.017188
0 0.523843 0.698047 0.029167 0.037240
0 0.561343 0.680208 0.054167 0.026042
0 0.627778 0.625130 0.075000 0.019531
0 0.793981 0.623828 0.050000 0.046615
0 0.806019 0.638151 0.079630 0.014323
0 0.916667 0.665234 0.071296 0.042969
0 0.811574 0.758854 0.064815 0.041667
0 0.693287 0.754557 0.073611 0.053385
0 0.704630 0.751042 0.043519 0.029167
0 0.155324 0.675000 0.054167 0.031250
0 0.121759 0.697526 0.071296 0.036719
0 0.062269 0.669141 0.052315 0.027344
0 0.045139 0.698698 0.089352 0.035937
0 0.496528 0.867839 0.026389 0.047135
0 0.542593 0.872396 0.044444 0.048438
0 0.671528 0.867318 0.031019 0.058594
0 0.707176 0.850130 0.030093 0.063281
0 0.743981 0.859375 0.018519 0.034375
0 0.751852 0.876563 0.076852 0.025000
0 0.415046 0.558464 0.030093 0.048177
0 0.381481 0.414323 0.067593 0.056771
0 0.559722 0.273307 0.045370 0.054427
0 0.491435 0.265365 0.078241 0.034896
0 0.495602 0.276693 0.052315 0.031510
0 0.432176 0.247526 0.048611 0.018490
0 0.460880 0.241276 0.047685 0.042448
0 0.068981 0.140755 0.031481 0.037240
0 0.125231 0.107422 0.038426 0.040885
0 0.345139 0.100260 0.103241 0.046875
0 0.089120 0.265885 0.087500 0.041146
0 0.242824 0.312370 0.046759 0.040365
0 0.262269 0.405078 0.060648 0.052865
0 0.227083 0.401432 0.038426 0.033073
0 0.187500 0.399870 0.040741 0.034635
0 0.276620 0.457292 0.086574 0.045312
0 0.102546 0.460938 0.109722 0.018229
0 0.111806 0.504036 0.112500 0.025781
0 0.370370 0.545703 0.040741 0.057031
0 0.447454 0.498177 0.056019 0.039062
0 0.518981 0.562109 0.074074 0.026302
0 0.512963 0.550651 0.081481 0.016406
0 0.362269 0.698307 0.059722 0.039323
0 0.421296 0.577734 0.080556 0.044010
0 0.460648 0.587500 0.055556 0.024479
0 0.490972 0.588932 0.056019 0.032031
0 0.215278 0.580339 0.033333 0.041406
0 0.198611 0.577604 0.084259 0.017188
0 0.102083 0.550521 0.043056 0.026562
0 0.163889 0.538021 0.062963 0.039583
0 0.233333 0.529036 0.073148 0.030990
0 0.117361 0.582031 0.043981 0.032813
0 0.584491 0.354687 0.054167 0.041667
0 0.602083 0.368620 0.055093 0.037760
0 0.879861 0.345052 0.026389 0.029687
0 0.921296 0.285677 0.073148 0.041667
0 0.911111 0.224349 0.054630 0.027344
0 0.897685 0.168750 0.086111 0.015625
0 0.922222 0.136198 0.047222 0.028646
0 0.834722 0.082292 0.082407 0.030208
0 0.742130 0.108594 0.066667 0.044271
0 0.775000 0.136979 0.049074 0.036979
0 0.815972 0.161068 0.072685 0.027344
0 0.832176 0.150260 0.042130 0.035417
0 0.857407 0.120964 0.083333 0.014323
0 0.873148 0.096745 0.062963 0.024219
0 0.878009 0.118359 0.099537 0.034115
0 0.724769 0.156901 0.079167 0.026823
0 0.553009 0.184896 0.070833 0.045833
0 0.593519 0.108594 0.067593 0.040104
0 0.603241 0.135807 0.044444 0.025781
0 0.648148 0.135547 0.039815 0.032552
0 0.650694 0.145573 0.067130 0.019271
0 0.670602 0.204557 0.068981 0.026823
0 0.891667 0.194401 0.061111 0.018490
0 0.830093 0.192578 0.055556 0.024219
0 0.657639 0.259766 0.050463 0.041927
0 0.614120 0.248568 0.055093 0.026823
0 0.615741 0.262370 0.037963 0.030469
0 0.581944 0.228255 0.046296 0.017969
0 0.448843 0.292057 0.063426 0.024740
0 0.429167 0.300911 0.072222 0.024740
0 0.387269 0.330990 0.090278 0.022917
0 0.356019 0.321354 0.048148 0.031771
0 0.639120 0.812500 0.060648 0.028125
0 0.634722 0.785937 0.075000 0.017188
0 0.684028 0.800911 0.058796 0.019531
0 0.258102 0.750911 0.058796 0.037240
0 0.349537 0.618099 0.045370 0.027344
0 0.315046 0.623437 0.056019 0.044271
0 0.080556 0.820833 0.037963 0.048958
0 0.092361 0.739062 0.047685 0.046875
0 0.156019 0.712500 0.057407 0.046354
0 0.914815 0.836979 0.049074 0.027083
0 0.709954 0.914193 0.069907 0.030469
0 0.817361 0.899089 0.047685 0.032031
0 0.761806 0.908073 0.068981 0.013021
0 0.347454 0.871875 0.040278 0.050521
0 0.465509 0.653646 0.031944 0.035417
0 0.452778 0.633984 0.039815 0.030990
0 0.570139 0.437500 0.097685 0.018229
0 0.604630 0.449089 0.060185 0.049740
0 0.641667 0.447396 0.062963 0.015625
0 0.776620 0.448047 0.037500 0.017969
0 0.867361 0.468229 0.045833 0.033333
0 0.852083 0.419922 0.030093 0.036198
0 0.896528 0.418880 0.028241 0.033073
0 0.723843 0.374609 0.070833 0.020052
0 0.619907 0.401953 0.064815 0.030469
0 0.721296 0.417578 0.055556 0.042448
0 0.495833 0.607682 0.081481 0.014323
0 0.370833 0.636068 0.078704 0.017448
0 0.720139 0.805859 0.047685 0.026823
0 0.377778 0.699089 0.069444 0.039844
