0 0.464583 0.133724 0.137500 0.046094
0 0.040509 0.766536 0.067130 0.087760
0 0.535185 0.222266 0.139815 0.035677
0 0.792130 0.280859 0.061111 0.079948
0 0.934028 0.279557 0.048611 0.082552
0 0.389352 0.891536 0.107407 0.035677
0 0.700231 0.423828 0.053241 0.069010
0 0.902083 0.185156 0.151389 0.023958
0 0.700694 0.774349 0.137500 0.025260
0 0.843056 0.823828 0.061111 0.056510
0 0.564120 0.869141 0.123611 0.027344
0 0.343519 0.779818 0.046296 0.071615
0 0.700694 0.868750 0.100463 0.031771
0 0.823380 0.176693 0.095833 0.033073
0 0.439120 0.805599 0.123611 0.025260
0 0.746528 0.872005 0.043981 0.069531
0 0.121991 0.454036 0.054167 0.056510
0 0.027083 0.659766 0.049537 0.056510
0 0.235417 0.415625 0.095833 0.026562
0 0.707639 0.616146 0.095833 0.026562
0 0.830324 0.642839 0.044907 0.053906
0 0.258565 0.481380 0.086574 0.027865
0 0.800231 0.770443 0.049537 0.048698
0 0.660880 0.747005 0.085648 0.027865
0 0.346065 0.439453 0.048611 0.048177
0 0.649769 0.115495 0.091204 0.025260
0 0.351157 0.641536 0.049537 0.046094
0 0.373843 0.130859 0.039352 0.055990
0 0.677546 0.375911 0.081944 0.025260
0 0.436806 0.620703 0.100463 0.020052
0 0.207639 0.433203 0.077315 0.025260
0 0.642824 0.334245 0.077315 0.025260
0 0.825694 0.889323 0.035648 0.054688
0 0.513194 0.251953 0.040278 0.048177
0 0.240046 0.441016 0.095833 0.020052
0 0.490046 0.318620 0.095833 0.020052
0 0.480787 0.889974 0.086574 0.022135
0 0.913657 0.892578 0.035648 0.053385
0 0.278241 0.192318 0.107407 0.017448
0 0.429861 0.424740 0.077315 0.023958
0 0.078009 0.429297 0.031019 0.059115
0 0.455324 0.248307 0.091204 0.020052
0 0.760880 0.829036 0.035648 0.051302
0 0.777083 0.269141 0.031019 0.056510
0 0.429861 0.773047 0.040278 0.043490
0 0.744676 0.650651 0.077315 0.022656
0 0.212269 0.516536 0.086574 0.020052
0 0.490046 0.603516 0.077315 0.022135
0 0.834491 0.286068 0.034722 0.048698
0 0.924769 0.746745 0.039352 0.042969
0 0.202546 0.219661 0.113426 0.014844
0 0.495833 0.380469 0.042593 0.039583
0 0.216898 0.142839 0.095833 0.017448
0 0.253935 0.767839 0.031019 0.053906
0 0.536343 0.185807 0.040278 0.040885
0 0.640509 0.106380 0.072685 0.022656
0 0.031713 0.792578 0.040278 0.040885
0 0.258102 0.825130 0.030093 0.053906
0 0.573380 0.597005 0.031019 0.050781
0 0.285185 0.339453 0.037963 0.040885
0 0.642361 0.576432 0.104167 0.014844
0 0.786343 0.593359 0.040278 0.038281
0 0.795602 0.093099 0.040278 0.037760
0 0.365046 0.478776 0.086574 0.017448
0 0.253935 0.864193 0.031019 0.048698
0 0.323380 0.228125 0.031019 0.047396
0 0.216898 0.774349 0.031019 0.046094
0 0.888194 0.498307 0.095833 0.014844
0 0.126157 0.784766 0.034722 0.040885
0 0.390509 0.357031 0.035648 0.039583
0 0.826852 0.608073 0.037963 0.036458
0 0.321065 0.343359 0.035648 0.038281
0 0.642824 0.672786 0.068056 0.020052
0 0.091898 0.801693 0.031019 0.043490
0 0.304861 0.286068 0.077315 0.017448
0 0.152083 0.333333 0.021759 0.059896
0 0.395139 0.735286 0.063426 0.020052
0 0.483102 0.404557 0.063426 0.020052
0 0.288657 0.487891 0.063426 0.020052
0 0.409028 0.554297 0.072685 0.017448
0 0.388194 0.223958 0.095833 0.013021
0 0.059491 0.579036 0.021759 0.056510
0 0.716435 0.204036 0.030093 0.040885
0 0.117361 0.506120 0.081944 0.014844
0 0.921296 0.665625 0.032407 0.036979
0 0.915972 0.213151 0.068056 0.017448
0 0.915972 0.717057 0.058796 0.020052
0 0.881250 0.551693 0.035648 0.033073
0 0.443287 0.207943 0.030093 0.038281
0 0.328009 0.376563 0.021759 0.052604
0 0.897454 0.472917 0.031019 0.036979
0 0.223843 0.108724 0.026389 0.042969
0 0.589583 0.124870 0.026389 0.042969
0 0.550231 0.284766 0.021759 0.051302
0 0.865046 0.615495 0.021759 0.051302
0 0.355787 0.792578 0.021759 0.051302
0 0.869676 0.125911 0.031019 0.035677
0 0.170602 0.159766 0.031019 0.035677
0 0.015509 0.449219 0.026389 0.041667
0 0.656713 0.280208 0.068056 0.016146
0 0.924074 0.257422 0.028704 0.038281
0 0.204861 0.205339 0.062500 0.017448
0 0.179398 0.370703 0.030093 0.035677
0 0.443750 0.718359 0.086574 0.012240
0 0.513194 0.520443 0.031019 0.033073
0 0.721528 0.681901 0.031019 0.033073
0 0.549074 0.521745 0.028704 0.035677
0 0.075694 0.648047 0.026389 0.038281
0 0.520139 0.546484 0.026389 0.038281
0 0.223843 0.460547 0.081944 0.012240
0 0.332639 0.722266 0.021759 0.046094
0 0.434028 0.266536 0.067130 0.014844
0 0.378935 0.207682 0.058796 0.016927
0 0.193750 0.739193 0.077315 0.012240
0 0.716898 0.883724 0.031019 0.030469
0 0.830324 0.788672 0.054167 0.017448
0 0.395139 0.542578 0.063426 0.014844
0 0.494213 0.444922 0.076389 0.012240
0 0.170602 0.110026 0.031019 0.029948
0 0.448380 0.758464 0.031019 0.029948
0 0.853009 0.101172 0.053241 0.017448
0 0.943287 0.305599 0.030093 0.030469
0 0.165972 0.477474 0.021759 0.040885
0 0.397454 0.443620 0.021759 0.040885
0 0.440278 0.173828 0.051852 0.016927
0 0.515509 0.655859 0.026389 0.033073
0 0.494676 0.271745 0.058796 0.014844
0 0.883565 0.619792 0.021759 0.039062
0 0.199537 0.865234 0.024074 0.035156
0 0.869676 0.202734 0.021759 0.038281
0 0.841898 0.463151 0.021759 0.038281
0 0.119676 0.822526 0.068056 0.012240
0 0.948380 0.619401 0.021759 0.038281
0 0.628935 0.603776 0.068056 0.012240
0 0.795602 0.632161 0.021759 0.037760
0 0.603472 0.365495 0.054167 0.014844
0 0.471528 0.992448 0.058796 0.013542
0 0.360417 0.334245 0.021759 0.035677
0 0.362731 0.201172 0.054167 0.014323
0 0.613194 0.533464 0.062500 0.012240
0 0.696065 0.554948 0.054167 0.013542
0 0.374306 0.447526 0.021759 0.033073
0 0.346065 0.499609 0.057870 0.012240
0 0.344213 0.365495 0.017130 0.040885
0 0.561343 0.777995 0.016204 0.042969
0 0.788657 0.518490 0.017130 0.039583
0 0.086806 0.113542 0.020833 0.031771
0 0.584954 0.507422 0.017130 0.038281
0 0.367361 0.606380 0.017130 0.038281
0 0.735417 0.487630 0.021759 0.029948
0 0.346065 0.696615 0.020833 0.031250
0 0.895139 0.785807 0.017130 0.037760
0 0.406250 0.347266 0.020833 0.030469
0 0.837269 0.763281 0.021759 0.029167
0 0.284028 0.590365 0.017130 0.036458
0 0.263194 0.271484 0.068056 0.009115
0 0.837269 0.411068 0.021759 0.027865
0 0.605787 0.342057 0.058796 0.009635
0 0.344213 0.515234 0.044907 0.012240
0 0.278935 0.745703 0.016204 0.030469
0 0.309491 0.144141 0.049537 0.009635
0 0.258565 0.724870 0.021759 0.020052
0 0.554861 0.095964 0.058796 0.007031
0 0.376620 0.495443 0.044907 0.009115
0 0.618519 0.654297 0.037963 0.009115
0 0.554398 0.552995 0.030093 0.009635
0 0.065278 0.004818 0.026852 0.007031
