0 0.654398 0.758724 0.156019 0.051302
0 0.138194 0.201432 0.086574 0.087760
0 0.155093 0.332552 0.077778 0.035937
0 0.058333 0.593359 0.065741 0.074740
0 0.724074 0.106380 0.045370 0.053906
0 0.538657 0.206641 0.137500 0.030469
0 0.778241 0.792578 0.061111 0.056510
0 0.318287 0.550391 0.069907 0.036719
0 0.531713 0.592057 0.049537 0.066927
0 0.755093 0.657161 0.042593 0.072135
0 0.751620 0.219661 0.044907 0.066927
0 0.573380 0.237891 0.095833 0.030469
0 0.411343 0.795182 0.095833 0.030469
0 0.131250 0.595703 0.054167 0.053385
0 0.440278 0.870703 0.107407 0.025260
0 0.564815 0.545182 0.087963 0.030469
0 0.920602 0.327734 0.049537 0.053906
0 0.578009 0.838151 0.095833 0.027865
0 0.635880 0.418880 0.091204 0.027865
0 0.381250 0.194922 0.109722 0.022656
0 0.619676 0.538672 0.086574 0.027865
0 0.603472 0.188411 0.118981 0.020052
0 0.853472 0.141536 0.091204 0.025260
0 0.258565 0.196224 0.086574 0.025260
0 0.612731 0.771745 0.081944 0.025260
0 0.108102 0.443620 0.100463 0.020052
0 0.552546 0.323177 0.081944 0.023958
0 0.564120 0.444922 0.086574 0.022656
0 0.494676 0.720964 0.086574 0.022656
0 0.932176 0.116797 0.044907 0.043490
0 0.514352 0.805339 0.042593 0.045573
0 0.557176 0.137370 0.044907 0.042969
0 0.117361 0.176432 0.044907 0.042969
0 0.953009 0.434115 0.031019 0.059896
0 0.223843 0.426693 0.081944 0.022656
0 0.904398 0.796484 0.081944 0.022656
0 0.304861 0.732422 0.040278 0.045573
0 0.784028 0.560807 0.072685 0.025260
0 0.520139 0.459245 0.118981 0.014844
0 0.911343 0.270443 0.077315 0.022656
0 0.163657 0.601172 0.035648 0.048698
0 0.647454 0.102474 0.086574 0.020052
0 0.880093 0.537370 0.033333 0.051302
0 0.453009 0.709245 0.114352 0.014844
0 0.304861 0.606380 0.095833 0.017448
0 0.177546 0.715755 0.072685 0.022656
0 0.883565 0.412370 0.040278 0.040885
0 0.348843 0.862891 0.035648 0.046094
0 0.094213 0.250911 0.026389 0.061719
0 0.315972 0.420182 0.081019 0.020052
0 0.594213 0.814453 0.072685 0.022135
0 0.189120 0.206641 0.077315 0.020052
0 0.075694 0.700130 0.035648 0.043490
0 0.086806 0.610286 0.030093 0.051302
0 0.494676 0.840755 0.068056 0.022656
0 0.415972 0.421484 0.031019 0.048698
0 0.904398 0.204036 0.026389 0.056510
0 0.818750 0.733333 0.040278 0.036979
0 0.404398 0.595964 0.118981 0.012240
0 0.251620 0.133724 0.072685 0.020052
0 0.635880 0.361589 0.081944 0.017448
0 0.353472 0.179297 0.081944 0.017448
0 0.212269 0.219661 0.095833 0.014844
0 0.711806 0.201432 0.039352 0.035677
0 0.871991 0.238932 0.081944 0.016927
0 0.281713 0.107682 0.068056 0.020052
0 0.402083 0.618099 0.068056 0.020052
0 0.462269 0.901953 0.068056 0.020052
0 0.295602 0.839453 0.068056 0.020052
0 0.642824 0.223568 0.031019 0.043490
0 0.652083 0.236328 0.031019 0.042969
0 0.781713 0.656510 0.021759 0.060417
0 0.832639 0.258724 0.086574 0.014844
0 0.237731 0.511328 0.035648 0.035677
0 0.711806 0.394792 0.113426 0.010937
0 0.240046 0.895182 0.105093 0.011719
0 0.118519 0.835286 0.028704 0.042969
0 0.468750 0.750651 0.062500 0.019531
0 0.246991 0.581641 0.081944 0.014844
0 0.797917 0.529557 0.026389 0.046094
0 0.631250 0.482422 0.026389 0.045573
0 0.756250 0.690755 0.026389 0.045573
0 0.190278 0.276953 0.033333 0.035677
0 0.855787 0.541276 0.031019 0.038281
0 0.309491 0.855078 0.058796 0.020052
0 0.135880 0.858984 0.035648 0.033073
0 0.832639 0.679688 0.031019 0.036458
0 0.654398 0.134766 0.063426 0.016927
0 0.239583 0.550391 0.030093 0.035677
0 0.320602 0.814453 0.062500 0.016927
0 0.969213 0.205339 0.026389 0.038281
0 0.848843 0.319922 0.026389 0.038281
0 0.897454 0.258724 0.068056 0.014844
0 0.513889 0.418880 0.078704 0.012240
0 0.615046 0.614193 0.021759 0.043490
0 0.649769 0.116797 0.054167 0.017448
0 0.348843 0.116797 0.054167 0.017448
0 0.293287 0.792578 0.063426 0.014844
0 0.279398 0.454036 0.063426 0.014844
0 0.893287 0.326432 0.030093 0.030469
0 0.307176 0.768880 0.063426 0.014323
0 0.179861 0.628516 0.058796 0.014844
0 0.947917 0.467057 0.020833 0.040885
0 0.587963 0.720964 0.069444 0.012240
0 0.517824 0.638932 0.086574 0.009635
0 0.326852 0.651953 0.056481 0.014844
0 0.608102 0.518880 0.091204 0.009115
0 0.230556 0.348828 0.067593 0.012760
0 0.663194 0.755469 0.016204 0.050000
0 0.715741 0.468359 0.065741 0.012240
0 0.515509 0.680339 0.017130 0.045573
0 0.214583 0.442318 0.063426 0.012240
0 0.610417 0.136328 0.021759 0.035677
0 0.159028 0.154297 0.081944 0.009115
0 0.496528 0.808203 0.016204 0.046094
0 0.684491 0.659766 0.077315 0.009635
0 0.605787 0.441016 0.077315 0.009635
0 0.811806 0.416276 0.017130 0.043490
0 0.010880 0.799089 0.017130 0.043490
0 0.679861 0.448828 0.077315 0.009635
0 0.270139 0.231120 0.063426 0.011719
0 0.564815 0.095964 0.060185 0.012240
0 0.082639 0.414974 0.049537 0.014844
0 0.973843 0.263932 0.017130 0.040885
0 0.493056 0.304297 0.055556 0.012240
0 0.751620 0.895443 0.017130 0.038281
0 0.506250 0.887630 0.017130 0.038281
0 0.631250 0.664714 0.026389 0.024740
0 0.769676 0.439714 0.053241 0.012240
0 0.837269 0.406901 0.021759 0.029948
0 0.385417 0.442318 0.016204 0.038281
0 0.853009 0.655859 0.016204 0.038281
0 0.080324 0.472266 0.017130 0.035677
0 0.506250 0.289974 0.063426 0.009635
0 0.436806 0.144141 0.063426 0.009635
0 0.381250 0.836849 0.017130 0.035677
0 0.437963 0.917318 0.065741 0.009115
0 0.759259 0.084245 0.023148 0.025260
0 0.566435 0.694922 0.017130 0.033073
0 0.867361 0.103516 0.017130 0.032552
0 0.385880 0.342057 0.017130 0.030469
0 0.214583 0.555599 0.017130 0.030469
0 0.533565 0.112891 0.053241 0.009635
0 0.402083 0.386328 0.021759 0.020052
0 0.953009 0.280859 0.012500 0.033073
0 0.608102 0.464193 0.044907 0.009115
0 0.490046 0.693620 0.040278 0.009635
0 0.865046 0.620443 0.040278 0.009115
0 0.068750 0.512630 0.012500 0.027865
0 0.105324 0.800130 0.011574 0.029948
0 0.846065 0.592057 0.011574 0.025260
0 0.125926 0.887370 0.119444 0.067969
0 0.063657 0.839453 0.057870 0.038802
0 0.271528 0.874219 0.063426 0.025521
0 0.231944 0.863411 0.051852 0.025781
0 0.705556 0.852995 0.080556 0.035156
0 0.886806 0.886328 0.035648 0.038802
0 0.722454 0.790625 0.033796 0.040625
0 0.748611 0.787630 0.042593 0.033594
0 0.704630 0.794401 0.073148 0.023177
0 0.659722 0.792318 0.064815 0.011719
0 0.610880 0.792969 0.072685 0.011979
0 0.766435 0.760286 0.036574 0.035677
0 0.793750 0.746615 0.067130 0.040625
0 0.777778 0.726302 0.070370 0.035417
0 0.879630 0.660156 0.050926 0.042708
0 0.905556 0.648828 0.045370 0.034115
0 0.653009 0.637630 0.062500 0.024219
0 0.580556 0.662500 0.076852 0.039583
0 0.570833 0.611589 0.042593 0.041406
0 0.631713 0.573958 0.045833 0.036458
0 0.683796 0.582812 0.076852 0.028125
0 0.669676 0.601953 0.060648 0.034115
0 0.762037 0.590365 0.060185 0.024479
0 0.796528 0.598437 0.058796 0.041146
0 0.812731 0.589063 0.046759 0.040625
0 0.848611 0.501432 0.064815 0.024740
0 0.914352 0.499349 0.045370 0.039844
0 0.799074 0.491667 0.075000 0.031250
0 0.819676 0.470443 0.070833 0.032031
0 0.708102 0.517448 0.058796 0.040625
0 0.479630 0.605469 0.063889 0.014583
0 0.487731 0.608984 0.036574 0.044010
0 0.385185 0.639844 0.069444 0.035417
0 0.394444 0.656771 0.050926 0.026562
0 0.398148 0.668099 0.022222 0.037240
0 0.362500 0.683594 0.056481 0.011458
0 0.293750 0.688151 0.094907 0.048698
0 0.837731 0.088542 0.053241 0.038021
0 0.187269 0.105729 0.061574 0.031771
0 0.173148 0.118750 0.067593 0.025521
0 0.368519 0.111068 0.041667 0.039323
0 0.160185 0.254297 0.079630 0.039844
0 0.232176 0.247917 0.064352 0.025000
0 0.307176 0.252865 0.048611 0.033333
0 0.291667 0.307031 0.053704 0.058333
0 0.082176 0.204818 0.034722 0.030469
0 0.077778 0.307812 0.062963 0.047396
0 0.152315 0.301042 0.065741 0.036458
0 0.235648 0.742318 0.079630 0.040365
0 0.189352 0.794531 0.066667 0.023958
0 0.236574 0.785677 0.083333 0.032292
0 0.360417 0.758854 0.042130 0.022917
0 0.398843 0.733594 0.067130 0.035417
0 0.335417 0.742057 0.026389 0.052344
0 0.431250 0.692187 0.036574 0.030208
0 0.402546 0.697266 0.059722 0.050781
0 0.551852 0.745703 0.031481 0.034115
0 0.539583 0.779036 0.040278 0.060156
0 0.647454 0.717187 0.035648 0.026562
0 0.652083 0.681120 0.044907 0.035677
0 0.714352 0.719922 0.088889 0.045573
0 0.199769 0.660547 0.056019 0.047656
0 0.069213 0.752474 0.060648 0.045052
0 0.153472 0.646615 0.062500 0.035417
0 0.207176 0.609375 0.018981 0.028646
0 0.233102 0.606771 0.069907 0.040625
0 0.334722 0.566667 0.064815 0.029687
0 0.333102 0.527995 0.018981 0.048177
0 0.245602 0.485547 0.087500 0.012240
0 0.111111 0.495833 0.069444 0.058333
0 0.173843 0.486458 0.062500 0.020313
0 0.198380 0.462760 0.066204 0.028125
0 0.188194 0.452865 0.082870 0.035417
0 0.146296 0.425521 0.022222 0.039062
0 0.131481 0.406510 0.080556 0.018750
0 0.191667 0.406641 0.053704 0.026302
0 0.217361 0.407292 0.043056 0.025000
0 0.236111 0.402214 0.064815 0.041406
0 0.334722 0.362109 0.064815 0.036198
0 0.425000 0.359245 0.032407 0.030990
0 0.494444 0.357812 0.060185 0.043229
0 0.534954 0.356771 0.041204 0.027604
0 0.494907 0.372266 0.045370 0.028906
0 0.475694 0.390625 0.043981 0.038542
0 0.512500 0.375521 0.072222 0.037500
0 0.511806 0.398438 0.081944 0.039583
0 0.447454 0.418229 0.023611 0.026562
0 0.566204 0.402083 0.026852 0.044792
0 0.582176 0.400781 0.028241 0.056250
0 0.644676 0.402604 0.073611 0.033333
0 0.593750 0.379036 0.067130 0.009635
0 0.622222 0.356641 0.027778 0.041927
0 0.656713 0.352995 0.064352 0.010156
0 0.672222 0.342318 0.089815 0.040365
0 0.703704 0.374479 0.031481 0.020313
0 0.758565 0.379167 0.069907 0.021354
0 0.774074 0.372266 0.053704 0.024740
0 0.771296 0.364323 0.077778 0.016146
0 0.828009 0.371615 0.071759 0.018229
0 0.791898 0.335677 0.014352 0.043229
0 0.792593 0.323177 0.042593 0.041146
0 0.809491 0.324479 0.060648 0.029167
0 0.910185 0.355599 0.048148 0.035156
0 0.856713 0.438542 0.060648 0.028646
0 0.760417 0.423177 0.058796 0.029687
0 0.757407 0.411068 0.054630 0.022656
0 0.776620 0.389844 0.033796 0.034375
0 0.451389 0.216667 0.027778 0.035417
0 0.466898 0.209375 0.107870 0.025521
0 0.692824 0.140365 0.047685 0.042708
0 0.725926 0.156641 0.055556 0.044531
0 0.863426 0.184375 0.046296 0.035937
0 0.894676 0.159896 0.067130 0.038021
0 0.875926 0.134766 0.065741 0.030469
0 0.546065 0.320833 0.036574 0.033333
0 0.262963 0.321875 0.059259 0.010937
0 0.354398 0.476953 0.079167 0.035156
0 0.356481 0.448958 0.043519 0.029687
0 0.345602 0.456771 0.034722 0.021875
0 0.540278 0.485938 0.025926 0.044271
0 0.579167 0.472396 0.074074 0.018229
0 0.575231 0.478906 0.060648 0.019792
0 0.502778 0.525781 0.060185 0.039583
0 0.481944 0.518099 0.074074 0.034115
0 0.250000 0.829688 0.022222 0.023958
0 0.229630 0.817839 0.048148 0.027344
0 0.218287 0.805990 0.033796 0.022917
0 0.166898 0.838151 0.021759 0.041927
