0 0.371991 0.189714 0.109722 0.033073
0 0.582639 0.650651 0.105093 0.033073
0 0.076852 0.689063 0.037963 0.073438
0 0.225000 0.874609 0.121296 0.022656
0 0.309491 0.114193 0.049537 0.053906
0 0.600000 0.526693 0.102778 0.024740
0 0.105787 0.619401 0.040278 0.059115
0 0.510880 0.866797 0.081944 0.027865
0 0.135880 0.670833 0.044907 0.047396
0 0.844213 0.517839 0.091204 0.022656
0 0.494676 0.800391 0.077315 0.025260
0 0.189120 0.541016 0.040278 0.048177
0 0.337269 0.585286 0.086574 0.022135
0 0.168287 0.504818 0.081944 0.022656
0 0.295602 0.534766 0.040278 0.046094
0 0.575231 0.140234 0.081019 0.022656
0 0.821065 0.550130 0.072685 0.024740
0 0.957639 0.173437 0.031019 0.057813
0 0.728472 0.219010 0.072685 0.023958
0 0.646991 0.233984 0.076389 0.022656
0 0.212269 0.248307 0.040278 0.040885
0 0.246528 0.148047 0.025463 0.064323
0 0.576389 0.106380 0.092593 0.017448
0 0.716898 0.484635 0.040278 0.039583
0 0.546759 0.891276 0.079630 0.019531
0 0.814120 0.537370 0.077315 0.020052
0 0.522454 0.124609 0.068056 0.022656
0 0.112269 0.567318 0.034722 0.043490
0 0.670602 0.444661 0.031019 0.048177
0 0.321065 0.550391 0.035648 0.040885
0 0.172917 0.187109 0.081944 0.017448
0 0.818750 0.326432 0.031019 0.046094
0 0.742361 0.174740 0.072685 0.018750
0 0.399769 0.263932 0.091204 0.014844
0 0.267824 0.205339 0.077315 0.017448
0 0.605787 0.097266 0.086574 0.014844
0 0.381250 0.146745 0.063426 0.020052
0 0.446065 0.202734 0.072685 0.017448
0 0.947222 0.543880 0.102778 0.012240
0 0.353009 0.095964 0.071759 0.017448
0 0.096528 0.242839 0.031019 0.040365
0 0.112269 0.116797 0.025463 0.048698
0 0.537500 0.497005 0.070370 0.017448
0 0.767824 0.254818 0.031019 0.038281
0 0.675231 0.275651 0.031019 0.038281
0 0.182176 0.126562 0.072685 0.016146
0 0.687963 0.310547 0.028704 0.040365
0 0.109954 0.385026 0.030093 0.038281
0 0.124306 0.150000 0.021759 0.052604
0 0.274306 0.311849 0.034722 0.032552
0 0.271991 0.245703 0.020833 0.051302
0 0.179861 0.247005 0.021759 0.048698
0 0.737731 0.142839 0.026389 0.038281
0 0.895139 0.476172 0.026389 0.038281
0 0.703009 0.576432 0.021759 0.046094
0 0.383102 0.571875 0.030093 0.031771
0 0.170602 0.155859 0.077315 0.012240
0 0.517824 0.433203 0.031019 0.030469
0 0.103472 0.323828 0.026389 0.035677
0 0.311806 0.191016 0.063426 0.014844
0 0.753472 0.504167 0.057870 0.016146
0 0.321065 0.458984 0.026389 0.035156
0 0.578009 0.681641 0.077315 0.011719
0 0.972685 0.523047 0.051852 0.017448
0 0.221528 0.196224 0.021759 0.040885
0 0.797917 0.478776 0.072685 0.012240
0 0.478472 0.093359 0.072685 0.012240
0 0.281713 0.430599 0.021759 0.040885
0 0.825694 0.199870 0.072685 0.011719
0 0.124306 0.298828 0.049537 0.016927
0 0.665972 0.155859 0.021759 0.038281
0 0.367361 0.641536 0.017130 0.046094
0 0.207639 0.456641 0.021759 0.035677
0 0.598843 0.504818 0.063426 0.012240
0 0.434491 0.170182 0.021759 0.035677
0 0.371991 0.380859 0.081944 0.009115
0 0.763889 0.447526 0.060185 0.012240
0 0.649769 0.296484 0.026389 0.027865
0 0.103472 0.275651 0.026389 0.027865
0 0.362731 0.084245 0.072685 0.009635
0 0.205324 0.146745 0.026389 0.025260
0 0.566435 0.185807 0.026389 0.025260
0 0.758565 0.628516 0.021759 0.030469
0 0.911343 0.394141 0.021759 0.030469
0 0.696065 0.679036 0.054167 0.011719
0 0.897454 0.641536 0.058796 0.009635
0 0.834954 0.418880 0.017130 0.033073
0 0.272454 0.664974 0.058796 0.009635
0 0.302546 0.136719 0.017130 0.031250
0 0.797917 0.226172 0.017130 0.027865
0 0.155556 0.137370 0.037963 0.011719
0 0.439583 0.117839 0.048611 0.009115
0 0.841435 0.097266 0.011574 0.035677
0 0.612269 0.030599 0.025463 0.006510
0 0.665509 0.997656 0.020833 0.003125
