0 0.399769 0.636328 0.081944 0.087760
0 0.663657 0.189714 0.128241 0.038281
0 0.318750 0.318620 0.049537 0.061719
0 0.168287 0.711589 0.100463 0.029948
0 0.529398 0.860286 0.091204 0.030469
0 0.721528 0.728776 0.049537 0.053906
0 0.318750 0.840755 0.095833 0.027865
0 0.705324 0.671484 0.091204 0.027865
0 0.818750 0.873047 0.095833 0.024740
0 0.163657 0.172786 0.091204 0.025260
0 0.339583 0.618099 0.044907 0.051302
0 0.471528 0.709245 0.105093 0.020052
0 0.547917 0.634766 0.091204 0.022135
0 0.661343 0.231380 0.040278 0.048698
0 0.360417 0.209245 0.077315 0.025260
0 0.545602 0.750911 0.031019 0.061719
0 0.603472 0.775000 0.044907 0.042188
0 0.205324 0.379818 0.081944 0.022656
0 0.547454 0.177995 0.090278 0.020052
0 0.719213 0.082943 0.100463 0.017448
0 0.596528 0.708984 0.086574 0.019531
0 0.890509 0.827734 0.072685 0.022656
0 0.455324 0.512630 0.072685 0.022656
0 0.590741 0.896745 0.037963 0.040885
0 0.767824 0.802995 0.077315 0.020052
0 0.865046 0.681901 0.068056 0.022656
0 0.392824 0.754818 0.040278 0.038281
0 0.429861 0.319922 0.031019 0.048698
0 0.270139 0.487891 0.026389 0.056510
0 0.223843 0.875911 0.035648 0.040885
0 0.788657 0.849870 0.035648 0.040885
0 0.867361 0.635026 0.081944 0.017448
0 0.172454 0.419922 0.034722 0.040365
0 0.441435 0.197526 0.035648 0.038281
0 0.895139 0.749609 0.035648 0.038281
0 0.115046 0.468359 0.031019 0.043490
0 0.760880 0.757161 0.035648 0.037760
0 0.221528 0.425130 0.068056 0.019531
0 0.816435 0.703385 0.035648 0.036979
0 0.742361 0.168880 0.026389 0.048698
0 0.818750 0.782161 0.086574 0.014844
0 0.284028 0.576432 0.063426 0.020052
0 0.344213 0.685807 0.035648 0.035677
0 0.478472 0.688411 0.063426 0.020052
0 0.441435 0.840755 0.072685 0.017448
0 0.797917 0.093359 0.072685 0.017448
0 0.631250 0.276693 0.035648 0.035156
0 0.458796 0.148047 0.098148 0.012240
0 0.705324 0.819922 0.035648 0.033073
0 0.918287 0.202474 0.035648 0.032552
0 0.480787 0.633724 0.077315 0.014844
0 0.612731 0.077734 0.063426 0.017448
0 0.544444 0.594401 0.056481 0.019531
0 0.545602 0.679297 0.021759 0.048698
0 0.969213 0.632422 0.026389 0.038281
0 0.558333 0.201432 0.065741 0.014844
0 0.776620 0.707943 0.020833 0.043490
0 0.897454 0.250911 0.021759 0.040885
0 0.529398 0.101172 0.072685 0.012240
0 0.450231 0.769792 0.081019 0.010937
0 0.635417 0.199870 0.071759 0.011719
0 0.846528 0.762630 0.068056 0.012240
0 0.976157 0.749609 0.021759 0.038281
0 0.864583 0.129818 0.020833 0.038281
0 0.084954 0.205339 0.063426 0.012240
0 0.128935 0.448828 0.021759 0.035677
0 0.482639 0.808203 0.025463 0.030469
0 0.096528 0.440755 0.021759 0.035156
0 0.172454 0.667318 0.053241 0.014323
0 0.607639 0.875911 0.016204 0.046094
0 0.061806 0.655859 0.017130 0.043490
0 0.361111 0.184245 0.060185 0.011719
0 0.131250 0.392839 0.017130 0.038281
0 0.547917 0.147396 0.017130 0.036979
0 0.376620 0.151953 0.063426 0.009635
0 0.138194 0.275651 0.049537 0.012240
0 0.698380 0.220703 0.049537 0.011719
0 0.617361 0.826432 0.054167 0.009635
0 0.422454 0.737891 0.016204 0.030469
0 0.934491 0.270443 0.021759 0.022656
0 0.035880 0.340495 0.011574 0.032552
0 0.949537 0.276953 0.014815 0.020052
0 0.728009 0.238021 0.025463 0.035937
0 0.755556 0.244141 0.033333 0.050781
0 0.790509 0.246094 0.051389 0.016667
0 0.811111 0.226562 0.049074 0.031771
0 0.844444 0.222135 0.046296 0.049479
0 0.870139 0.231771 0.044907 0.025521
0 0.864120 0.083333 0.046759 0.041146
0 0.882639 0.082943 0.056944 0.015885
0 0.960880 0.119271 0.050463 0.032292
0 0.951852 0.122786 0.036111 0.027865
0 0.811806 0.123828 0.070833 0.017448
0 0.819444 0.147656 0.047222 0.035937
0 0.797917 0.141536 0.024537 0.037760
0 0.890046 0.171354 0.107870 0.025521
0 0.955787 0.213672 0.030093 0.060677
0 0.934259 0.232031 0.036111 0.045312
0 0.774306 0.193359 0.057870 0.033594
0 0.787731 0.172656 0.039352 0.031771
0 0.643056 0.158333 0.095370 0.020313
0 0.595370 0.163151 0.075926 0.019531
0 0.500000 0.133984 0.083333 0.024740
0 0.405324 0.134505 0.077315 0.013281
0 0.339583 0.136589 0.079167 0.040365
0 0.332407 0.136068 0.101852 0.029948
0 0.328241 0.121354 0.083333 0.026042
0 0.228009 0.310677 0.049537 0.031250
0 0.103472 0.345964 0.059722 0.033594
0 0.229630 0.225521 0.064815 0.032813
0 0.215509 0.202604 0.050463 0.013542
0 0.254630 0.182682 0.046296 0.026302
0 0.244907 0.187891 0.072222 0.015365
0 0.228241 0.165104 0.091667 0.015104
0 0.222222 0.155469 0.087037 0.018229
0 0.137500 0.143229 0.068519 0.028646
0 0.129167 0.123438 0.107407 0.022396
0 0.214583 0.108594 0.060648 0.011979
0 0.241667 0.117969 0.075000 0.010937
0 0.246759 0.132682 0.033333 0.028906
0 0.135185 0.191927 0.050000 0.041667
0 0.162731 0.186719 0.060648 0.029687
0 0.096065 0.169922 0.038426 0.027344
0 0.090741 0.187500 0.101852 0.023438
0 0.040509 0.232161 0.032870 0.039844
0 0.061111 0.226172 0.025926 0.020573
0 0.087731 0.227865 0.042130 0.024479
0 0.112037 0.231380 0.041667 0.035677
0 0.134491 0.223177 0.021759 0.034375
0 0.156944 0.236719 0.032407 0.051562
0 0.102315 0.249870 0.046296 0.029948
0 0.080556 0.259245 0.043519 0.045573
0 0.579398 0.217969 0.067130 0.010937
0 0.535185 0.220964 0.062963 0.028906
0 0.186806 0.552995 0.048611 0.049219
0 0.141898 0.547526 0.124537 0.029948
0 0.596991 0.582943 0.053241 0.017969
0 0.788657 0.638932 0.077315 0.058073
0 0.100926 0.819922 0.063889 0.014844
0 0.099306 0.807292 0.073611 0.016146
0 0.075000 0.782031 0.059259 0.034375
0 0.101389 0.833594 0.078704 0.020313
0 0.146065 0.835156 0.072685 0.017188
0 0.183565 0.826693 0.056944 0.014844
0 0.109491 0.853646 0.045833 0.031250
0 0.156481 0.851172 0.079630 0.024219
0 0.130556 0.869401 0.030556 0.039844
0 0.182870 0.888021 0.055556 0.039062
0 0.310880 0.891146 0.031944 0.048438
0 0.370139 0.869010 0.085648 0.008854
0 0.406250 0.854167 0.081944 0.007812
0 0.430787 0.890104 0.064352 0.015625
0 0.447917 0.903646 0.056944 0.025000
0 0.488889 0.883073 0.053704 0.025521
0 0.540509 0.888021 0.024537 0.029167
0 0.555556 0.883724 0.039815 0.032031
0 0.612037 0.846354 0.041667 0.017188
0 0.684259 0.868750 0.095370 0.020313
0 0.699074 0.893490 0.046296 0.034375
0 0.648843 0.888281 0.043981 0.040104
0 0.628009 0.893099 0.035648 0.039323
0 0.732870 0.841536 0.071296 0.016406
0 0.887731 0.804688 0.079167 0.018229
0 0.899074 0.796224 0.060185 0.029948
0 0.928704 0.782813 0.024074 0.028125
0 0.944676 0.789453 0.055093 0.029427
0 0.963889 0.811068 0.050926 0.023698
0 0.929398 0.854167 0.077315 0.032292
0 0.856713 0.844141 0.058796 0.008594
0 0.837963 0.848437 0.077778 0.029167
0 0.673380 0.832161 0.031944 0.009635
0 0.684722 0.805859 0.023148 0.028385
0 0.668287 0.789453 0.033796 0.026823
0 0.632639 0.766927 0.026389 0.043229
0 0.647685 0.752995 0.062963 0.032552
0 0.709259 0.737760 0.041667 0.021354
0 0.674306 0.714714 0.059722 0.027344
0 0.642361 0.715104 0.058796 0.029687
0 0.499537 0.755339 0.037963 0.028385
0 0.476157 0.755208 0.050463 0.022396
0 0.365278 0.752344 0.034259 0.041667
0 0.318981 0.734375 0.068519 0.016667
0 0.299769 0.759766 0.045833 0.029948
0 0.330093 0.770052 0.056481 0.020833
0 0.302778 0.800130 0.046296 0.040885
0 0.327315 0.807292 0.037037 0.033854
0 0.349537 0.808073 0.048148 0.033854
0 0.397222 0.798698 0.065741 0.038021
0 0.430787 0.828646 0.046759 0.018750
0 0.428704 0.812109 0.068519 0.036198
0 0.864120 0.731380 0.079167 0.040365
0 0.943287 0.733984 0.037500 0.032031
0 0.963889 0.740755 0.035185 0.039323
0 0.933102 0.761458 0.044907 0.018750
0 0.770833 0.768880 0.046296 0.033594
0 0.904630 0.665625 0.071296 0.030208
0 0.930787 0.655469 0.072685 0.044271
0 0.904398 0.622526 0.038426 0.030469
0 0.309954 0.710938 0.061574 0.035417
