0 0.891667 0.024349 0.213889 0.040885
0 0.244676 0.853776 0.077315 0.085156
0 0.679861 0.766536 0.123611 0.040885
0 0.221528 0.661068 0.058796 0.064323
0 0.812963 0.399349 0.139815 0.025260
0 0.198380 0.744401 0.049537 0.069531
0 0.649769 0.817318 0.109722 0.027865
0 0.297917 0.388672 0.100463 0.029948
0 0.551389 0.287370 0.102778 0.025260
0 0.779398 0.778255 0.091204 0.027865
0 0.364583 0.715755 0.048611 0.048698
0 0.883102 0.369401 0.048611 0.048698
0 0.428704 0.571224 0.093519 0.025260
0 0.594213 0.477474 0.091204 0.025260
0 0.149769 0.377214 0.081944 0.027865
0 0.124306 0.316016 0.049537 0.046094
0 0.897454 0.683854 0.040278 0.055208
0 0.149769 0.747005 0.091204 0.022656
0 0.196528 0.912370 0.043981 0.046094
0 0.531713 0.431901 0.086574 0.022656
0 0.172917 0.791276 0.035648 0.053906
0 0.892824 0.490495 0.031019 0.061719
0 0.050231 0.837891 0.086574 0.022135
0 0.024769 0.801042 0.044907 0.042188
0 0.409028 0.647396 0.035648 0.052604
0 0.689120 0.396745 0.040278 0.046094
0 0.024769 0.683203 0.044907 0.040885
0 0.737731 0.930599 0.044907 0.040885
0 0.262731 0.648047 0.030093 0.059115
0 0.749306 0.369401 0.040278 0.043490
0 0.078009 0.538672 0.077315 0.022656
0 0.318287 0.895443 0.039352 0.043490
0 0.777083 0.464453 0.040278 0.040885
0 0.876620 0.239193 0.091204 0.017448
0 0.668287 0.343359 0.128241 0.012240
0 0.043287 0.442057 0.035648 0.042969
0 0.203009 0.416016 0.040278 0.037760
0 0.285880 0.434505 0.039352 0.038281
0 0.804398 0.314714 0.039352 0.038281
0 0.094213 0.469661 0.026389 0.056510
0 0.038657 0.506120 0.026389 0.056510
0 0.483102 0.550391 0.072685 0.020052
0 0.159028 0.599870 0.072685 0.020052
0 0.182176 0.271745 0.035648 0.040885
0 0.816435 0.112630 0.035648 0.040365
0 0.314120 0.292578 0.031019 0.046094
0 0.496991 0.801693 0.026389 0.053906
0 0.875463 0.276953 0.070370 0.020052
0 0.851157 0.291276 0.114352 0.012240
0 0.063657 0.435807 0.030093 0.046094
0 0.484954 0.508464 0.030093 0.045573
0 0.830324 0.788672 0.035648 0.038281
0 0.837269 0.813411 0.068056 0.020052
0 0.876620 0.776953 0.026389 0.051302
0 0.712269 0.273047 0.077315 0.017448
0 0.527083 0.215755 0.031019 0.043490
0 0.790972 0.806641 0.031019 0.042969
0 0.763194 0.845703 0.077315 0.016927
0 0.133565 0.644141 0.086574 0.014844
0 0.038657 0.644141 0.035648 0.035677
0 0.281713 0.615234 0.086574 0.014323
0 0.584954 0.869401 0.100463 0.012240
0 0.823380 0.852214 0.021759 0.055990
0 0.751620 0.667578 0.026389 0.046094
0 0.881250 0.820964 0.026389 0.045573
0 0.165972 0.385026 0.068056 0.017448
0 0.605787 0.788672 0.031019 0.038281
0 0.846528 0.933203 0.058796 0.020052
0 0.869676 0.737891 0.058796 0.020052
0 0.828009 0.918880 0.095833 0.012240
0 0.772454 0.521745 0.058796 0.020052
0 0.175231 0.712891 0.031019 0.037760
0 0.304398 0.827734 0.030093 0.038281
0 0.110417 0.563411 0.077315 0.014844
0 0.647454 0.930339 0.058796 0.019531
0 0.097685 0.293880 0.065741 0.017448
0 0.488889 0.742448 0.028704 0.039583
0 0.175231 0.456641 0.031019 0.035677
0 0.203009 0.672786 0.031019 0.035677
0 0.137731 0.407161 0.020833 0.051302
0 0.731944 0.650651 0.061111 0.017448
0 0.950231 0.399349 0.025463 0.040885
0 0.466898 0.861589 0.058796 0.017448
0 0.367361 0.741797 0.026389 0.038281
0 0.677546 0.588151 0.081944 0.012240
0 0.017824 0.435807 0.021759 0.046094
0 0.369676 0.571224 0.021759 0.046094
0 0.571065 0.653255 0.081944 0.012240
0 0.341435 0.693620 0.067130 0.014844
0 0.055556 0.177734 0.069444 0.014323
0 0.133102 0.244401 0.030093 0.033073
0 0.070602 0.515234 0.025463 0.038281
0 0.258565 0.155859 0.077315 0.012240
0 0.610417 0.494401 0.077315 0.012240
0 0.698380 0.372005 0.077315 0.012240
0 0.395139 0.594661 0.063426 0.014844
0 0.939120 0.686849 0.021759 0.042969
0 0.422454 0.793880 0.053241 0.017448
0 0.673380 0.926693 0.053241 0.017448
0 0.920602 0.603125 0.021759 0.042188
0 0.133565 0.519531 0.021759 0.041667
0 0.071065 0.273047 0.026389 0.033073
0 0.693750 0.818620 0.058796 0.014844
0 0.726157 0.506771 0.021759 0.039583
0 0.134028 0.266536 0.057870 0.014844
0 0.883102 0.196224 0.020833 0.040885
0 0.844213 0.562109 0.017130 0.048698
0 0.661343 0.788411 0.049537 0.016927
0 0.170139 0.694922 0.030093 0.027865
0 0.846528 0.437109 0.021759 0.038281
0 0.828009 0.439714 0.021759 0.038281
0 0.101157 0.366797 0.021759 0.038281
0 0.193750 0.296484 0.021759 0.038281
0 0.954861 0.291927 0.016204 0.050000
0 0.043287 0.573828 0.026389 0.030469
0 0.587269 0.409115 0.058796 0.013542
0 0.501620 0.188411 0.081944 0.009635
0 0.422454 0.860286 0.016204 0.046094
0 0.816435 0.358984 0.017130 0.043490
0 0.633565 0.420182 0.077315 0.009635
0 0.024769 0.499609 0.017130 0.043490
0 0.054861 0.157812 0.068056 0.010937
0 0.668287 0.851172 0.026389 0.027865
0 0.212269 0.586198 0.086574 0.008333
0 0.215741 0.167578 0.047222 0.014844
0 0.066435 0.163021 0.063426 0.010937
0 0.082639 0.253516 0.021759 0.030469
0 0.397454 0.800391 0.021759 0.030469
0 0.274769 0.572526 0.054167 0.012240
0 0.932176 0.431901 0.054167 0.012240
0 0.480787 0.118099 0.068056 0.009635
0 0.182176 0.845964 0.017130 0.038281
0 0.066435 0.203776 0.026389 0.024740
0 0.029398 0.389974 0.017130 0.037760
0 0.209491 0.832682 0.053241 0.011719
0 0.607639 0.520182 0.016204 0.037760
0 0.658565 0.285807 0.016204 0.037760
0 0.228472 0.302995 0.017130 0.035677
0 0.399769 0.907161 0.063426 0.009635
0 0.730787 0.796484 0.021759 0.027865
0 0.601157 0.416276 0.049537 0.012240
0 0.519676 0.669531 0.071759 0.008333
0 0.946065 0.751302 0.017130 0.033854
0 0.857639 0.305339 0.062500 0.009115
0 0.138194 0.128516 0.058796 0.009635
0 0.237269 0.564714 0.016204 0.033073
0 0.760880 0.815365 0.063426 0.008333
0 0.389352 0.362891 0.014815 0.035677
0 0.357639 0.771094 0.016204 0.031771
0 0.286343 0.632422 0.068056 0.007031
0 0.365509 0.422786 0.048611 0.009635
0 0.715741 0.901953 0.047222 0.009635
0 0.339120 0.736589 0.016204 0.027865
0 0.040972 0.211849 0.021759 0.020052
0 0.770139 0.792578 0.017130 0.025260
0 0.779398 0.425391 0.017130 0.025260
0 0.008565 0.715495 0.012500 0.027344
0 0.121528 0.142708 0.019907 0.046875
0 0.073611 0.139193 0.062037 0.022656
0 0.687037 0.148438 0.052778 0.051042
0 0.686111 0.181510 0.093519 0.040104
0 0.638194 0.212500 0.093056 0.046875
0 0.800000 0.224870 0.037963 0.044531
0 0.767361 0.261198 0.031944 0.028646
0 0.859954 0.214974 0.063426 0.049219
0 0.955556 0.207422 0.031481 0.028385
0 0.935185 0.222266 0.043519 0.051302
0 0.928704 0.178385 0.074074 0.015625
0 0.960880 0.168229 0.036574 0.037500
0 0.913194 0.146094 0.043056 0.031771
0 0.861574 0.132031 0.047222 0.054167
0 0.864815 0.110417 0.037963 0.031771
0 0.902546 0.115495 0.024537 0.030469
0 0.925694 0.115755 0.030093 0.037760
0 0.905324 0.165104 0.129167 0.020833
0 0.581481 0.884245 0.088889 0.027865
0 0.493519 0.885026 0.067593 0.038281
0 0.711111 0.869661 0.060185 0.055990
0 0.852778 0.845182 0.024074 0.039844
0 0.811111 0.897266 0.051852 0.030469
0 0.777778 0.900391 0.045370 0.030469
0 0.294444 0.928776 0.083333 0.017448
0 0.049537 0.930990 0.053704 0.027083
0 0.102778 0.917839 0.031481 0.033594
0 0.047222 0.881250 0.047222 0.023438
0 0.088194 0.858203 0.060648 0.019010
0 0.133796 0.619531 0.076852 0.036458
0 0.055093 0.601562 0.094444 0.027083
0 0.074769 0.603516 0.088426 0.048698
0 0.306250 0.585156 0.059722 0.030208
0 0.319444 0.596745 0.041667 0.034635
0 0.450694 0.669661 0.054167 0.038281
0 0.445139 0.703255 0.048611 0.037760
0 0.431481 0.704948 0.043519 0.040104
0 0.421065 0.756901 0.049537 0.050781
0 0.600694 0.740885 0.073611 0.039062
0 0.673611 0.720964 0.071296 0.028385
0 0.239815 0.209505 0.047222 0.030469
0 0.173611 0.217057 0.037037 0.032031
0 0.128472 0.190234 0.042130 0.045573
0 0.299306 0.355729 0.066204 0.026562
0 0.257407 0.337760 0.067593 0.040104
0 0.294444 0.341146 0.039815 0.031771
0 0.431019 0.353516 0.056481 0.049219
0 0.384491 0.245964 0.054167 0.025781
0 0.413657 0.236719 0.035648 0.026562
0 0.452083 0.214714 0.069907 0.046615
0 0.784028 0.129427 0.043981 0.029687
0 0.831481 0.241667 0.089815 0.046875
0 0.907176 0.269271 0.059722 0.025000
0 0.902546 0.315104 0.031019 0.036458
0 0.517824 0.412240 0.063426 0.047917
0 0.344444 0.442318 0.055556 0.020052
0 0.225000 0.458333 0.057407 0.031771
0 0.203241 0.454688 0.040741 0.019792
0 0.294676 0.486849 0.047685 0.038802
0 0.294676 0.486719 0.074537 0.013542
0 0.286806 0.469271 0.104167 0.038021
0 0.934722 0.820833 0.063889 0.043229
0 0.928935 0.811068 0.038426 0.046615
0 0.851852 0.665495 0.097222 0.021094
0 0.856481 0.622917 0.028704 0.042188
0 0.816204 0.612500 0.057407 0.053646
0 0.699074 0.622656 0.078704 0.047396
0 0.637500 0.627865 0.038889 0.035937
0 0.671296 0.653646 0.041667 0.035417
0 0.536111 0.612240 0.073148 0.043750
0 0.481481 0.623828 0.062963 0.033594
0 0.267130 0.723958 0.019444 0.041667
0 0.231019 0.682813 0.038889 0.051042
0 0.127546 0.801302 0.070833 0.014583
0 0.331944 0.714714 0.055556 0.044010
0 0.074537 0.696745 0.047222 0.041927
0 0.115741 0.670443 0.059259 0.043490
0 0.104630 0.720443 0.090741 0.026823
0 0.731250 0.588281 0.068981 0.026042
0 0.765741 0.576042 0.074074 0.016667
0 0.783796 0.557943 0.075000 0.034635
0 0.840046 0.504948 0.056019 0.022396
0 0.840509 0.484375 0.056944 0.033333
0 0.532870 0.545833 0.061111 0.036979
0 0.398843 0.531380 0.061574 0.033594
0 0.385880 0.496745 0.077315 0.043490
0 0.792824 0.673698 0.032870 0.043750
