0 0.070139 0.534766 0.033796 0.046094
0 0.100694 0.874740 0.058796 0.016667
0 0.429861 0.828776 0.049537 0.061198
0 0.487269 0.269141 0.053241 0.051302
0 0.131250 0.254818 0.035648 0.064323
0 0.941435 0.119401 0.081944 0.027865
0 0.184491 0.683203 0.040278 0.056510
0 0.793287 0.470964 0.044907 0.048698
0 0.654398 0.351172 0.044907 0.048698
0 0.531713 0.879818 0.123611 0.017448
0 0.772454 0.428646 0.040278 0.052604
0 0.219213 0.756120 0.044907 0.046094
0 0.098843 0.192057 0.044907 0.042969
0 0.654398 0.860286 0.072685 0.025260
0 0.296065 0.342057 0.039352 0.046094
0 0.501620 0.843359 0.100463 0.017448
0 0.528935 0.403255 0.099537 0.017448
0 0.885417 0.272396 0.081019 0.021354
0 0.645139 0.413411 0.035648 0.048177
0 0.781713 0.366797 0.031019 0.053906
0 0.774769 0.270443 0.072685 0.022656
0 0.432176 0.308203 0.026389 0.061719
0 0.517824 0.628516 0.031019 0.051302
0 0.436343 0.663411 0.071759 0.022135
0 0.466898 0.119401 0.040278 0.038281
0 0.587269 0.461849 0.021759 0.066927
0 0.554861 0.352734 0.031019 0.045573
0 0.909028 0.111589 0.035648 0.038281
0 0.177546 0.375911 0.091204 0.014844
0 0.351157 0.340755 0.077315 0.017448
0 0.716435 0.167578 0.067130 0.020052
0 0.836806 0.100911 0.030093 0.042969
0 0.499306 0.362891 0.086574 0.014844
0 0.598843 0.098568 0.026389 0.048698
0 0.579861 0.158464 0.071759 0.017448
0 0.490741 0.463151 0.023148 0.053906
0 0.388194 0.489844 0.031019 0.039583
0 0.228472 0.917578 0.081944 0.014844
0 0.355324 0.791927 0.030093 0.039583
0 0.448380 0.138932 0.077315 0.014844
0 0.774769 0.119401 0.026389 0.043490
0 0.353472 0.389974 0.026389 0.042969
0 0.121528 0.150391 0.034722 0.032552
0 0.632407 0.207682 0.065741 0.016927
0 0.663657 0.223568 0.063426 0.017448
0 0.119676 0.659505 0.031019 0.035156
0 0.427083 0.231380 0.062500 0.017448
0 0.404398 0.789974 0.072685 0.014844
0 0.302083 0.787370 0.025463 0.040885
0 0.406713 0.210547 0.058796 0.017448
0 0.712269 0.618099 0.068056 0.014844
0 0.874306 0.210286 0.031019 0.032552
0 0.723843 0.093359 0.081944 0.012240
0 0.195602 0.205339 0.081019 0.012240
0 0.137037 0.528906 0.028704 0.034375
0 0.339583 0.108333 0.026389 0.036979
0 0.244213 0.235286 0.020833 0.046094
0 0.892824 0.125911 0.031019 0.030469
0 0.404398 0.868099 0.026389 0.035677
0 0.318750 0.154557 0.095833 0.009635
0 0.610417 0.539974 0.021759 0.040885
0 0.469213 0.864193 0.072685 0.012240
0 0.932176 0.431901 0.026389 0.033073
0 0.517824 0.517578 0.049537 0.016927
0 0.554398 0.309505 0.030093 0.027865
0 0.457639 0.095964 0.068056 0.012240
0 0.453009 0.168880 0.068056 0.012240
0 0.391204 0.135677 0.027778 0.029167
0 0.825694 0.508724 0.026389 0.030469
0 0.450231 0.582943 0.062500 0.012240
0 0.470833 0.377214 0.060185 0.012240
0 0.568750 0.097266 0.049537 0.014844
0 0.147454 0.387630 0.058796 0.012240
0 0.614583 0.330339 0.057870 0.012240
0 0.601157 0.595703 0.021759 0.032552
0 0.906713 0.657161 0.021759 0.030469
0 0.297917 0.093359 0.054167 0.012240
0 0.293287 0.288672 0.017130 0.038281
0 0.730787 0.513932 0.068056 0.009635
0 0.392361 0.745703 0.067130 0.009635
0 0.523148 0.727214 0.069444 0.009115
0 0.226157 0.093099 0.021759 0.027344
0 0.542824 0.625911 0.016204 0.035677
0 0.556713 0.581380 0.016204 0.035156
0 0.703009 0.917578 0.058796 0.009635
0 0.434491 0.157161 0.058796 0.009635
0 0.693750 0.143880 0.058796 0.009115
0 0.496991 0.110286 0.017130 0.030469
0 0.126620 0.683203 0.017130 0.030469
0 0.212269 0.538672 0.040278 0.012240
0 0.735417 0.389583 0.012500 0.036979
0 0.383102 0.099870 0.020833 0.020052
0 0.991204 0.205339 0.014815 0.027865
0 0.760880 0.120703 0.035648 0.009635
0 0.895139 0.263672 0.017130 0.019531
0 0.612731 0.030599 0.026389 0.006510
0 0.282870 0.217057 0.054630 0.026823
0 0.261111 0.190625 0.027778 0.043229
0 0.293750 0.182943 0.066204 0.009115
0 0.248843 0.161719 0.021759 0.028125
0 0.233102 0.870443 0.090278 0.045052
0 0.084491 0.793229 0.052315 0.031771
0 0.132639 0.804427 0.030093 0.031250
0 0.118287 0.847135 0.046759 0.031250
0 0.164583 0.855339 0.064352 0.032552
0 0.356250 0.901432 0.041204 0.039844
0 0.302315 0.857161 0.036111 0.044010
0 0.140046 0.117969 0.062500 0.032292
0 0.173843 0.168880 0.062500 0.027865
0 0.145139 0.313151 0.032870 0.046094
0 0.184722 0.279036 0.070370 0.038802
0 0.173843 0.316146 0.029167 0.031250
0 0.236574 0.322526 0.049074 0.032031
0 0.326620 0.282682 0.048611 0.014844
0 0.357870 0.313672 0.037037 0.046615
0 0.086574 0.475130 0.037037 0.058594
0 0.115278 0.452865 0.059259 0.059375
0 0.082870 0.401302 0.025000 0.038021
0 0.127778 0.401042 0.049074 0.029687
0 0.095833 0.304557 0.018519 0.054427
0 0.117130 0.319661 0.027778 0.058594
0 0.471296 0.510417 0.082407 0.041667
0 0.412269 0.698568 0.081944 0.049740
0 0.384028 0.695312 0.060648 0.037500
0 0.580324 0.673047 0.050463 0.029948
0 0.837269 0.609375 0.049537 0.042708
0 0.715741 0.661458 0.055556 0.034896
0 0.618981 0.714714 0.074074 0.034635
0 0.634259 0.743620 0.055556 0.033594
0 0.534259 0.793359 0.036111 0.044010
0 0.568750 0.766146 0.106944 0.020833
0 0.648380 0.781901 0.048611 0.045052
0 0.754861 0.219401 0.059722 0.038281
0 0.639120 0.193490 0.050463 0.026042
0 0.604630 0.232682 0.053704 0.019531
0 0.816667 0.309635 0.055556 0.040625
0 0.772685 0.335026 0.056481 0.034635
0 0.865509 0.461589 0.077315 0.033073
0 0.888657 0.495312 0.053241 0.030208
0 0.972917 0.461849 0.051389 0.023177
0 0.946296 0.523438 0.016667 0.031771
0 0.965741 0.542578 0.065741 0.033073
0 0.645139 0.484375 0.079167 0.055729
0 0.572222 0.557292 0.076852 0.033333
0 0.617130 0.414323 0.063889 0.035937
0 0.298611 0.114583 0.034259 0.029167
0 0.890046 0.355990 0.042130 0.057292
0 0.908102 0.324089 0.057870 0.048698
0 0.708102 0.400651 0.048611 0.034115
0 0.511111 0.467318 0.018519 0.033594
0 0.946065 0.652995 0.041204 0.034115
0 0.181713 0.486719 0.096759 0.038021
0 0.181250 0.515625 0.062500 0.041667
0 0.103009 0.573698 0.062500 0.072396
0 0.589120 0.637370 0.049537 0.039844
0 0.513889 0.553385 0.062963 0.023438
0 0.520602 0.556510 0.014352 0.035937
0 0.762963 0.521354 0.075926 0.051562
0 0.111111 0.633854 0.066667 0.026042
0 0.085880 0.697135 0.018056 0.051562
0 0.118287 0.738411 0.079167 0.035677
0 0.269676 0.712109 0.085648 0.034115
0 0.173843 0.713151 0.045833 0.029427
0 0.183796 0.644661 0.072222 0.032552
0 0.912500 0.228255 0.034259 0.037760
0 0.849306 0.241146 0.049537 0.026042
0 0.809028 0.210417 0.020833 0.036458
0 0.838889 0.185807 0.053704 0.044010
0 0.944444 0.143359 0.023148 0.049219
0 0.890972 0.177344 0.085648 0.030729
0 0.478472 0.086198 0.075463 0.035937
0 0.604167 0.294141 0.054630 0.027344
0 0.627315 0.302604 0.076852 0.031250
0 0.171759 0.573438 0.041667 0.022396
