0 0.913194 0.167318 0.127315 0.040365
0 0.823380 0.519141 0.179167 0.025260
0 0.924074 0.645443 0.149074 0.027865
0 0.829861 0.349219 0.062500 0.060417
0 0.814815 0.554297 0.097222 0.033073
0 0.334954 0.448828 0.054167 0.051302
0 0.288657 0.207943 0.035648 0.074740
0 0.355787 0.090755 0.114352 0.022656
0 0.943750 0.248958 0.095833 0.026562
0 0.615046 0.526953 0.049537 0.046094
0 0.719213 0.332682 0.035648 0.063802
0 0.966898 0.154557 0.040278 0.056510
0 0.721528 0.467057 0.040278 0.056510
0 0.098843 0.648047 0.044907 0.048698
0 0.890046 0.263932 0.034722 0.061719
0 0.121991 0.537370 0.044907 0.046094
0 0.716898 0.417578 0.040278 0.051302
0 0.131250 0.607682 0.100463 0.020052
0 0.274769 0.788672 0.044907 0.043490
0 0.624306 0.573828 0.040278 0.046094
0 0.098843 0.485286 0.044907 0.040885
0 0.432176 0.084245 0.072685 0.025260
0 0.114583 0.727214 0.085648 0.019531
0 0.557176 0.357682 0.035648 0.046094
0 0.621991 0.331641 0.026389 0.061719
0 0.742361 0.718359 0.091204 0.017448
0 0.406250 0.195964 0.039352 0.040365
0 0.284028 0.447526 0.035648 0.043490
0 0.522454 0.590755 0.068056 0.022656
0 0.325694 0.161719 0.081944 0.018750
0 0.494676 0.470964 0.086574 0.017448
0 0.376620 0.271745 0.035648 0.040885
0 0.825694 0.159766 0.072685 0.020052
0 0.786343 0.495703 0.095833 0.014844
0 0.170139 0.506120 0.030093 0.046094
0 0.353472 0.489193 0.035648 0.038281
0 0.853472 0.685807 0.063426 0.020052
0 0.686806 0.196224 0.035648 0.035677
0 0.756250 0.180599 0.063426 0.020052
0 0.547917 0.447526 0.072685 0.017448
0 0.846528 0.766276 0.086574 0.014323
0 0.832639 0.487240 0.031019 0.039583
0 0.885880 0.474609 0.026389 0.045573
0 0.922917 0.582943 0.035648 0.033073
0 0.462269 0.086849 0.058796 0.020052
0 0.661343 0.112891 0.058796 0.020052
0 0.290972 0.102474 0.058796 0.020052
0 0.809491 0.636328 0.021759 0.051302
0 0.265509 0.278255 0.026389 0.038281
0 0.970370 0.731380 0.056481 0.017448
0 0.786343 0.361589 0.021759 0.043490
0 0.568750 0.113542 0.058796 0.016146
0 0.984259 0.533464 0.028704 0.033073
0 0.966898 0.482682 0.031019 0.030469
0 0.184491 0.256771 0.021759 0.042188
0 0.681713 0.144141 0.025463 0.035677
0 0.189120 0.782161 0.021759 0.040885
0 0.635880 0.291276 0.072685 0.012240
0 0.503472 0.615495 0.057870 0.014844
0 0.748843 0.740495 0.057870 0.014844
0 0.577546 0.655859 0.030093 0.027865
0 0.512731 0.168880 0.030093 0.027865
0 0.216898 0.239193 0.021759 0.038281
0 0.280556 0.511068 0.084259 0.009115
0 0.972685 0.560807 0.051852 0.014844
0 0.147454 0.625911 0.077315 0.009635
0 0.290509 0.400651 0.057870 0.012240
0 0.385880 0.310807 0.072685 0.009635
0 0.705324 0.217708 0.063426 0.010937
0 0.540972 0.157812 0.021759 0.031771
0 0.135880 0.505208 0.017130 0.039062
0 0.885417 0.568620 0.016204 0.040885
0 0.867361 0.258724 0.044907 0.014844
0 0.115046 0.185807 0.021759 0.030469
0 0.633565 0.230078 0.068056 0.009635
0 0.080324 0.554297 0.017130 0.038281
0 0.404398 0.361589 0.017130 0.038281
0 0.216435 0.456641 0.020833 0.030469
0 0.344213 0.584635 0.017130 0.036458
0 0.130787 0.676693 0.016204 0.038281
0 0.131250 0.274349 0.017130 0.035677
0 0.561806 0.123307 0.063426 0.009635
0 0.214583 0.387630 0.017130 0.033073
0 0.080324 0.666016 0.017130 0.032552
0 0.858102 0.481380 0.044907 0.012240
0 0.970370 0.709245 0.056481 0.009635
0 0.804861 0.510026 0.021759 0.022656
0 0.577546 0.174089 0.020833 0.022656
0 0.464120 0.572526 0.016204 0.027865
0 0.665972 0.138932 0.012500 0.035677
0 0.156250 0.256120 0.011574 0.035677
0 0.612269 0.030599 0.025463 0.006510
