0 0.638194 0.519141 0.086574 0.092969
0 0.371991 0.865495 0.063426 0.072135
0 0.065509 0.250911 0.130093 0.030469
0 0.241204 0.495703 0.061111 0.061719
0 0.823380 0.090755 0.123611 0.027865
0 0.156713 0.694922 0.049537 0.048698
0 0.154398 0.478776 0.100463 0.022656
0 0.043287 0.202734 0.035648 0.059115
0 0.453009 0.434505 0.040278 0.048698
0 0.422917 0.506771 0.035648 0.052604
0 0.065972 0.457943 0.081019 0.022656
0 0.547917 0.107682 0.072685 0.025260
0 0.140046 0.232682 0.034722 0.051302
0 0.410185 0.641536 0.084259 0.020052
0 0.374306 0.378516 0.040278 0.040885
0 0.168287 0.179297 0.072685 0.022656
0 0.649769 0.836849 0.081944 0.020052
0 0.277083 0.112630 0.040278 0.040365
0 0.450231 0.559505 0.071759 0.022656
0 0.776620 0.779557 0.039352 0.040885
0 0.823380 0.068620 0.105093 0.014844
0 0.044676 0.273047 0.088426 0.017448
0 0.723843 0.163672 0.035648 0.043490
0 0.601157 0.364193 0.040278 0.038281
0 0.027083 0.499609 0.031019 0.048698
0 0.400926 0.822526 0.065741 0.022656
0 0.684491 0.152604 0.040278 0.036979
0 0.575694 0.118099 0.072685 0.020052
0 0.096528 0.092057 0.068056 0.020052
0 0.105787 0.204036 0.068056 0.020052
0 0.177546 0.107682 0.091204 0.014844
0 0.499306 0.538672 0.077315 0.017448
0 0.332639 0.614193 0.031019 0.043490
0 0.506250 0.426432 0.035648 0.037760
0 0.651620 0.747005 0.076389 0.017448
0 0.809491 0.115495 0.086574 0.014844
0 0.256250 0.586589 0.035648 0.035156
0 0.501157 0.680599 0.062500 0.020052
0 0.591898 0.223568 0.068056 0.017448
0 0.564120 0.270443 0.068056 0.017448
0 0.517824 0.861589 0.021759 0.053906
0 0.101157 0.403255 0.021759 0.053906
0 0.295602 0.602474 0.077315 0.014844
0 0.203009 0.724870 0.021759 0.051302
0 0.523611 0.577734 0.088889 0.012240
0 0.084954 0.370703 0.026389 0.040885
0 0.126620 0.323568 0.026389 0.040365
0 0.415972 0.455339 0.021759 0.048698
0 0.568750 0.145443 0.058796 0.017448
0 0.249306 0.179297 0.031019 0.033073
0 0.568750 0.816016 0.068056 0.014844
0 0.728472 0.189714 0.026389 0.038281
0 0.054398 0.401953 0.067130 0.014844
0 0.378472 0.796484 0.030093 0.033073
0 0.270139 0.724219 0.072685 0.013542
0 0.358102 0.108333 0.026389 0.036979
0 0.358102 0.467057 0.026389 0.035677
0 0.899769 0.098307 0.054167 0.016927
0 0.594213 0.247005 0.072685 0.012240
0 0.251620 0.713151 0.072685 0.012240
0 0.333796 0.459896 0.024074 0.036979
0 0.771991 0.713802 0.030093 0.029167
0 0.221528 0.360286 0.058796 0.014844
0 0.413657 0.358724 0.026389 0.032552
0 0.126620 0.408464 0.017130 0.048698
0 0.429861 0.762630 0.068056 0.012240
0 0.265509 0.370703 0.026389 0.030469
0 0.490046 0.873307 0.021759 0.035677
0 0.390046 0.088151 0.062500 0.012240
0 0.679861 0.821224 0.049537 0.014844
0 0.480324 0.789974 0.048611 0.014844
0 0.915972 0.788672 0.021759 0.033073
0 0.443287 0.454688 0.020833 0.034375
0 0.274769 0.873307 0.072685 0.009635
0 0.913657 0.224870 0.026389 0.025260
0 0.751620 0.101172 0.054167 0.012240
0 0.279861 0.223568 0.053241 0.012240
0 0.103472 0.675391 0.017130 0.035677
0 0.756250 0.796484 0.017130 0.033073
0 0.471528 0.498307 0.058796 0.009635
0 0.471065 0.513932 0.020833 0.025260
0 0.751620 0.743099 0.054167 0.009635
0 0.479630 0.344661 0.047222 0.009635
0 0.876620 0.243099 0.017130 0.025260
0 0.145833 0.464193 0.046296 0.009115
0 0.306713 0.895443 0.053241 0.007031
0 0.564120 0.344661 0.012500 0.025260
0 0.582639 0.520182 0.040278 0.006510
0 0.071065 0.116276 0.038426 0.035677
0 0.281713 0.174870 0.044907 0.025260
0 0.309491 0.195312 0.031944 0.033333
0 0.437963 0.137240 0.050000 0.027604
0 0.437269 0.156510 0.045833 0.039583
0 0.523380 0.162760 0.046759 0.029687
0 0.534028 0.161458 0.069907 0.011979
0 0.530556 0.188411 0.052778 0.046094
0 0.537500 0.210026 0.024074 0.025260
0 0.602778 0.184896 0.046296 0.032292
0 0.630787 0.185286 0.046759 0.026823
0 0.875926 0.128776 0.052778 0.031510
0 0.916435 0.132812 0.067130 0.037500
0 0.779398 0.171484 0.066204 0.051302
0 0.836111 0.154036 0.076852 0.022656
0 0.784028 0.135807 0.075463 0.024219
0 0.683565 0.099479 0.030093 0.048438
0 0.646759 0.900391 0.021296 0.034115
0 0.703935 0.889193 0.092130 0.025260
0 0.836111 0.811589 0.074074 0.028385
0 0.805093 0.823568 0.056481 0.035677
0 0.774074 0.825130 0.042593 0.038281
0 0.647454 0.771615 0.051389 0.028646
0 0.719907 0.769271 0.024074 0.041667
0 0.689815 0.747526 0.059259 0.032031
0 0.627546 0.709635 0.084722 0.022396
0 0.665972 0.654557 0.062500 0.042448
0 0.108333 0.886328 0.095370 0.020052
0 0.171991 0.875130 0.053241 0.032031
0 0.049769 0.858203 0.095833 0.033594
0 0.125000 0.830339 0.030556 0.065885
0 0.162963 0.841276 0.015741 0.040885
0 0.077315 0.812109 0.067593 0.045573
0 0.063194 0.802083 0.078241 0.044271
0 0.120139 0.768620 0.054167 0.020573
0 0.226852 0.782031 0.083333 0.014583
0 0.301157 0.763021 0.065278 0.040625
0 0.298148 0.787630 0.089815 0.035156
0 0.229398 0.758203 0.059722 0.034635
0 0.195833 0.764844 0.066667 0.046354
0 0.063426 0.754036 0.076852 0.040885
0 0.030556 0.764844 0.047222 0.023958
0 0.053935 0.717578 0.072685 0.023177
0 0.056713 0.692318 0.051389 0.035156
0 0.041204 0.698307 0.065741 0.015365
0 0.151157 0.644792 0.034722 0.038021
0 0.258796 0.633203 0.066667 0.038281
0 0.277546 0.650651 0.062500 0.034635
0 0.307407 0.646224 0.067593 0.014323
0 0.211806 0.691016 0.076389 0.033594
0 0.058796 0.651563 0.040741 0.027604
0 0.477315 0.653125 0.051852 0.059375
0 0.365741 0.573698 0.083333 0.010417
0 0.303472 0.527214 0.063426 0.039323
0 0.242824 0.533203 0.054167 0.035156
0 0.187963 0.588542 0.074074 0.028646
0 0.064352 0.562891 0.070370 0.039323
0 0.081250 0.573828 0.081944 0.021615
0 0.043750 0.605990 0.058796 0.039583
0 0.082407 0.501823 0.045370 0.024479
0 0.057639 0.535547 0.068056 0.038802
0 0.186574 0.555990 0.066667 0.029687
0 0.206019 0.545964 0.073148 0.025260
0 0.268750 0.412109 0.080093 0.044531
0 0.186111 0.409505 0.056481 0.027344
0 0.232870 0.425260 0.021296 0.038021
0 0.393981 0.262760 0.045370 0.032292
0 0.282407 0.277344 0.043519 0.027604
0 0.287269 0.248828 0.058796 0.045052
0 0.447917 0.348307 0.022685 0.050260
0 0.438657 0.350781 0.052315 0.030729
0 0.511806 0.378906 0.080093 0.011458
0 0.507407 0.380208 0.048148 0.035937
0 0.394213 0.417057 0.044907 0.042448
0 0.351389 0.431510 0.051852 0.017708
0 0.333796 0.380990 0.053704 0.040625
0 0.549306 0.483333 0.041204 0.029687
0 0.505093 0.463411 0.023148 0.035677
0 0.281250 0.501172 0.019907 0.030990
0 0.532176 0.405729 0.064352 0.011979
0 0.660185 0.259896 0.073148 0.032813
0 0.202546 0.851953 0.057870 0.014844
0 0.143519 0.152214 0.040741 0.024740
0 0.027778 0.151823 0.052778 0.026562
0 0.009722 0.122786 0.017593 0.037240
0 0.452546 0.390104 0.031019 0.038021
0 0.368056 0.548177 0.042593 0.031250
