0 0.157870 0.324870 0.061111 0.079427
0 0.064120 0.633073 0.058796 0.081250
0 0.201157 0.846224 0.073611 0.038802
0 0.100000 0.714193 0.056481 0.076823
0 0.149769 0.885026 0.054167 0.079948
0 0.478472 0.208333 0.063426 0.065104
0 0.663657 0.866797 0.118981 0.033073
0 0.703009 0.318620 0.123611 0.030469
0 0.147454 0.831380 0.040278 0.092448
0 0.226157 0.780859 0.058796 0.059115
0 0.282870 0.282161 0.061111 0.056510
0 0.068750 0.771745 0.058796 0.056510
0 0.920602 0.670182 0.049537 0.061719
0 0.265509 0.460547 0.054167 0.053906
0 0.203009 0.217057 0.114352 0.025260
0 0.290972 0.604818 0.114352 0.024740
0 0.091898 0.459245 0.049537 0.056510
0 0.362731 0.599870 0.091204 0.030469
0 0.793981 0.515234 0.037037 0.069531
0 0.209954 0.521745 0.100463 0.025260
0 0.418287 0.516536 0.100463 0.025260
0 0.804861 0.462500 0.105093 0.023958
0 0.060648 0.872005 0.042593 0.053906
0 0.043287 0.142839 0.081944 0.027865
0 0.788194 0.566016 0.090278 0.025260
0 0.543287 0.205078 0.081944 0.027344
0 0.196065 0.336849 0.035648 0.061719
0 0.196065 0.396484 0.109722 0.019531
0 0.843750 0.120703 0.081019 0.025260
0 0.112731 0.422786 0.035648 0.056510
0 0.140509 0.258464 0.100463 0.019531
0 0.911343 0.624609 0.086574 0.022656
0 0.142824 0.510026 0.040278 0.048698
0 0.499306 0.326432 0.077315 0.025260
0 0.536343 0.793620 0.114352 0.016927
0 0.466898 0.659505 0.077315 0.024740
0 0.307176 0.813411 0.128241 0.014844
0 0.440278 0.558203 0.033333 0.056510
0 0.538657 0.603776 0.081944 0.022656
0 0.422917 0.336849 0.044907 0.040885
0 0.103472 0.821224 0.044907 0.040885
0 0.760417 0.534766 0.034722 0.051302
0 0.362037 0.317969 0.074074 0.023958
0 0.440278 0.811849 0.079630 0.022135
0 0.119676 0.211849 0.031019 0.056510
0 0.050231 0.215755 0.040278 0.043490
0 0.597685 0.800391 0.033333 0.051302
0 0.772454 0.107422 0.086574 0.019531
0 0.153935 0.611589 0.034722 0.048698
0 0.221065 0.663411 0.039352 0.042969
0 0.523148 0.766276 0.041667 0.040365
0 0.121991 0.132422 0.072685 0.022656
0 0.816435 0.843359 0.091204 0.017448
0 0.682870 0.155599 0.037037 0.042969
0 0.508565 0.253516 0.077315 0.020052
0 0.034028 0.236589 0.035648 0.043490
0 0.527083 0.730078 0.077315 0.020052
0 0.503935 0.717057 0.077315 0.020052
0 0.272454 0.338151 0.040278 0.038281
0 0.138194 0.754818 0.068056 0.022656
0 0.091898 0.213151 0.040278 0.038281
0 0.080324 0.863932 0.035648 0.042969
0 0.669444 0.343359 0.065741 0.022656
0 0.909028 0.401693 0.026389 0.055990
0 0.207639 0.188411 0.021759 0.066927
0 0.605324 0.575130 0.020833 0.069531
0 0.191435 0.610286 0.035648 0.040885
0 0.315278 0.452474 0.033333 0.042969
0 0.196065 0.497005 0.026389 0.053906
0 0.235417 0.343099 0.021759 0.063802
0 0.744676 0.154297 0.095833 0.014323
0 0.420602 0.873307 0.068056 0.020052
0 0.140509 0.243099 0.091204 0.014844
0 0.858102 0.159766 0.026389 0.051302
0 0.492361 0.988542 0.063426 0.021354
0 0.226157 0.566016 0.021759 0.061719
0 0.288657 0.254557 0.035648 0.037760
0 0.460417 0.157161 0.090278 0.014844
0 0.668287 0.675781 0.063426 0.020833
0 0.712269 0.136328 0.086574 0.014844
0 0.323380 0.526302 0.068056 0.018750
0 0.760880 0.125911 0.063426 0.020052
0 0.413657 0.691016 0.026389 0.046094
0 0.594213 0.201432 0.026389 0.046094
0 0.830324 0.870703 0.026389 0.046094
0 0.228472 0.297786 0.081944 0.014844
0 0.307176 0.563411 0.026389 0.046094
0 0.957639 0.460938 0.031019 0.039062
0 0.642824 0.814714 0.031019 0.038281
0 0.564120 0.547786 0.058796 0.020052
0 0.925231 0.579036 0.058796 0.020052
0 0.480324 0.122005 0.067130 0.017448
0 0.013194 0.501953 0.021759 0.053385
0 0.941435 0.267839 0.026389 0.043490
0 0.505787 0.702474 0.034722 0.032552
0 0.851157 0.347266 0.021759 0.051302
0 0.221528 0.730078 0.021759 0.051302
0 0.524306 0.413672 0.090278 0.012240
0 0.572917 0.131771 0.020833 0.052604
0 0.120833 0.305339 0.024074 0.045573
0 0.341898 0.635677 0.021759 0.050000
0 0.746991 0.547786 0.026389 0.040885
0 0.583333 0.606120 0.032407 0.032552
0 0.332176 0.519141 0.067130 0.014844
0 0.702546 0.192318 0.030093 0.033073
0 0.509722 0.843359 0.079630 0.012240
0 0.545602 0.114193 0.021759 0.043490
0 0.415972 0.577734 0.021759 0.043490
0 0.929861 0.735286 0.031019 0.030469
0 0.455324 0.420182 0.026389 0.035677
0 0.219213 0.484635 0.026389 0.034375
0 0.573380 0.248307 0.021759 0.040885
0 0.286343 0.454036 0.021759 0.040885
0 0.700694 0.666276 0.026389 0.033073
0 0.543287 0.567318 0.026389 0.033073
0 0.426389 0.607682 0.024074 0.035677
0 0.902083 0.213151 0.068056 0.012240
0 0.165972 0.158464 0.021759 0.038281
0 0.087269 0.572266 0.021759 0.037760
0 0.600000 0.172786 0.019444 0.040885
0 0.418287 0.355078 0.081944 0.009635
0 0.121528 0.576432 0.053241 0.014844
0 0.330324 0.905859 0.063426 0.012240
0 0.874306 0.375651 0.021759 0.035156
0 0.899306 0.521745 0.016204 0.046094
0 0.353472 0.562109 0.017130 0.043490
0 0.890046 0.573568 0.016204 0.045573
0 0.654398 0.374609 0.026389 0.027865
0 0.022454 0.569922 0.021759 0.033073
0 0.466898 0.593359 0.058796 0.012240
0 0.431713 0.218359 0.016204 0.043490
0 0.701852 0.810156 0.084259 0.008333
0 0.168287 0.771484 0.017130 0.040365
0 0.895139 0.336849 0.026389 0.025260
0 0.045602 0.154557 0.068056 0.009635
0 0.640509 0.671484 0.017130 0.038281
0 0.647454 0.631120 0.068056 0.009635
0 0.057176 0.559245 0.017130 0.037760
0 0.839120 0.225911 0.016204 0.037760
0 0.821065 0.816016 0.063426 0.009635
0 0.459954 0.560807 0.017130 0.035677
0 0.562963 0.573828 0.019444 0.030469
0 0.218750 0.336849 0.016204 0.035677
0 0.792824 0.206641 0.016204 0.035677
0 0.630787 0.123047 0.062500 0.009115
0 0.850694 0.095703 0.048611 0.011719
0 0.682176 0.541276 0.017130 0.033073
0 0.360417 0.641927 0.021759 0.026042
0 0.637731 0.771745 0.057870 0.009635
0 0.487731 0.517839 0.044907 0.012240
0 0.087269 0.763932 0.021759 0.025260
0 0.524306 0.013932 0.053241 0.009635
0 0.571065 0.166927 0.017130 0.029167
0 0.142824 0.739193 0.021759 0.022656
0 0.253935 0.273047 0.040278 0.012240
0 0.920602 0.282161 0.012500 0.035677
0 0.573380 0.079036 0.021759 0.020052
0 0.089583 0.343359 0.017130 0.022656
0 0.975000 0.004557 0.047222 0.006510
0 0.543287 0.077734 0.017130 0.017448
0 0.398843 0.762760 0.091204 0.036458
0 0.290509 0.713021 0.047685 0.046875
0 0.205556 0.698047 0.060185 0.024740
0 0.221759 0.686589 0.094444 0.008594
0 0.152083 0.660937 0.095833 0.048438
0 0.119907 0.116146 0.077778 0.038542
0 0.198380 0.123438 0.074537 0.022396
0 0.199769 0.135156 0.052315 0.015625
0 0.081944 0.175521 0.046296 0.034375
0 0.023148 0.194010 0.035185 0.039583
0 0.366667 0.166146 0.049074 0.046875
0 0.275926 0.200781 0.070370 0.042708
0 0.339352 0.222005 0.035185 0.044010
0 0.367130 0.239453 0.109259 0.023177
0 0.448148 0.265104 0.062963 0.042188
0 0.509028 0.268099 0.058796 0.020052
0 0.613426 0.223828 0.031481 0.041406
0 0.651852 0.195573 0.050926 0.028125
0 0.751852 0.180208 0.073148 0.036979
0 0.812500 0.155339 0.068519 0.035156
0 0.693519 0.114062 0.089815 0.039062
0 0.827778 0.191406 0.029630 0.029167
0 0.597917 0.847656 0.064352 0.029687
0 0.599769 0.837630 0.083796 0.022656
0 0.528935 0.823958 0.066204 0.027083
0 0.787037 0.813802 0.070370 0.045312
0 0.862500 0.829948 0.023148 0.055729
0 0.871065 0.871745 0.090278 0.045573
0 0.855556 0.912109 0.087037 0.036198
0 0.756250 0.872005 0.078241 0.030990
0 0.334722 0.847005 0.062963 0.027865
0 0.236574 0.877344 0.065741 0.021875
0 0.121296 0.619792 0.046296 0.039062
0 0.133333 0.595833 0.067593 0.051562
0 0.163426 0.567969 0.029630 0.040104
0 0.125926 0.560807 0.053704 0.022135
0 0.063194 0.505729 0.029167 0.035937
0 0.071991 0.526432 0.048611 0.043490
0 0.099074 0.523438 0.045370 0.042188
0 0.370139 0.488542 0.079167 0.031250
0 0.498148 0.489323 0.091667 0.041146
0 0.517361 0.527214 0.060648 0.044010
0 0.558102 0.530990 0.055093 0.028125
0 0.673380 0.415104 0.068056 0.046875
0 0.773611 0.401562 0.037963 0.045312
0 0.793056 0.398698 0.027778 0.056771
0 0.812500 0.404427 0.046296 0.042708
0 0.830324 0.403646 0.042130 0.029687
0 0.843519 0.420703 0.076852 0.031510
0 0.877546 0.429948 0.058796 0.039583
0 0.893981 0.458333 0.058333 0.032292
0 0.906019 0.480469 0.072222 0.026042
0 0.747454 0.371745 0.043056 0.039844
0 0.773611 0.372396 0.110185 0.019271
0 0.769444 0.363411 0.052778 0.012760
0 0.786806 0.336589 0.060648 0.035156
0 0.766898 0.339974 0.047685 0.028385
0 0.721759 0.284635 0.088889 0.030208
0 0.762731 0.290885 0.059722 0.036458
0 0.820833 0.296615 0.056481 0.048958
0 0.693981 0.221615 0.094444 0.033333
0 0.795833 0.245964 0.040741 0.044010
0 0.862731 0.246745 0.031019 0.037760
0 0.949537 0.210938 0.046296 0.026042
0 0.922685 0.192448 0.081481 0.029687
0 0.882176 0.186068 0.029167 0.038802
0 0.903241 0.160547 0.046296 0.043490
0 0.917361 0.133333 0.043056 0.029687
0 0.852546 0.085286 0.069907 0.019010
0 0.560185 0.332292 0.060185 0.046354
0 0.616204 0.375260 0.050000 0.038542
0 0.386806 0.384245 0.030093 0.034635
0 0.400000 0.395573 0.075000 0.040104
0 0.355556 0.397266 0.099074 0.042448
0 0.316898 0.359115 0.048611 0.031771
0 0.337500 0.337500 0.048148 0.020833
0 0.354398 0.353516 0.059722 0.027865
0 0.352083 0.280078 0.031944 0.034635
0 0.378009 0.293359 0.044907 0.035677
0 0.635185 0.150781 0.045370 0.042188
0 0.207407 0.269401 0.065741 0.014323
0 0.229861 0.254557 0.066204 0.023177
0 0.253472 0.237891 0.059722 0.017448
0 0.316435 0.275000 0.024537 0.035937
0 0.186343 0.426302 0.065278 0.036979
0 0.168750 0.415104 0.058796 0.023958
0 0.142824 0.466406 0.037500 0.034896
0 0.232870 0.456901 0.053704 0.036719
0 0.159028 0.717578 0.044907 0.040365
0 0.810185 0.759115 0.059259 0.031250
0 0.815972 0.667448 0.058796 0.049479
0 0.740972 0.673047 0.079167 0.027865
0 0.746991 0.643490 0.068981 0.015104
0 0.828009 0.578385 0.106019 0.029687
0 0.942824 0.345573 0.078241 0.031250
0 0.932176 0.336849 0.038426 0.047656
0 0.886343 0.297786 0.019907 0.048177
0 0.868519 0.310677 0.017593 0.041667
0 0.858333 0.289583 0.050000 0.023438
0 0.830093 0.274740 0.046296 0.029167
0 0.874769 0.267057 0.090278 0.037240
0 0.243981 0.845182 0.073148 0.036198
0 0.289583 0.789062 0.069907 0.026042
0 0.293287 0.777865 0.079167 0.015104
0 0.274074 0.763802 0.065741 0.032292
0 0.267361 0.545443 0.056944 0.038281
0 0.266204 0.574609 0.051852 0.032031
0 0.415278 0.542318 0.012963 0.038802
0 0.398148 0.553516 0.029630 0.040885
0 0.367361 0.542448 0.079167 0.023958
0 0.518981 0.546094 0.046296 0.029167
0 0.085880 0.379818 0.075463 0.034635
0 0.047917 0.384896 0.030093 0.044271
0 0.127315 0.365495 0.038889 0.037240
