0 0.200231 0.154557 0.118056 0.040885
0 0.179861 0.526953 0.123611 0.035677
0 0.665972 0.264974 0.058796 0.074219
0 0.334954 0.556901 0.128241 0.033073
0 0.253935 0.110286 0.114352 0.035677
0 0.668287 0.202734 0.063426 0.059115
0 0.315972 0.137630 0.053241 0.069531
0 0.682870 0.462891 0.129630 0.027344
0 0.271991 0.159766 0.057870 0.056510
0 0.082639 0.219661 0.049537 0.061719
0 0.571065 0.204687 0.109722 0.026562
0 0.235417 0.405859 0.049537 0.053906
0 0.346528 0.401953 0.105093 0.025260
0 0.262731 0.248307 0.104167 0.025260
0 0.086806 0.318359 0.039352 0.066406
0 0.471528 0.595964 0.040278 0.064323
0 0.582639 0.443229 0.105093 0.023438
0 0.376157 0.194922 0.043981 0.053906
0 0.204861 0.222266 0.090278 0.025260
0 0.480324 0.420182 0.113426 0.020052
0 0.918750 0.227995 0.099537 0.022656
0 0.760417 0.554948 0.090278 0.023958
0 0.834954 0.519141 0.044907 0.046094
0 0.368056 0.110026 0.083333 0.024740
0 0.746991 0.439453 0.118981 0.016927
0 0.487731 0.442057 0.091204 0.022135
0 0.214583 0.144141 0.100463 0.020052
0 0.564120 0.366797 0.114352 0.017448
0 0.235417 0.210547 0.086574 0.022656
0 0.895139 0.188411 0.128241 0.014844
0 0.608102 0.144141 0.026389 0.072135
0 0.253935 0.532813 0.040278 0.047396
0 0.132407 0.669922 0.075000 0.024740
0 0.929861 0.499609 0.031019 0.059115
0 0.693750 0.366797 0.105093 0.017448
0 0.486111 0.385026 0.078704 0.022656
0 0.253935 0.562109 0.040278 0.043490
0 0.445370 0.491797 0.074074 0.022656
0 0.096528 0.120703 0.040278 0.040885
0 0.667824 0.148047 0.071759 0.022656
0 0.295602 0.340755 0.031019 0.048698
0 0.540972 0.166276 0.086574 0.017448
0 0.575694 0.492839 0.035648 0.040365
0 0.626620 0.157552 0.026389 0.052083
0 0.469213 0.116797 0.035648 0.038281
0 0.209954 0.602474 0.091204 0.014844
0 0.526620 0.370443 0.067130 0.019531
0 0.140509 0.513932 0.063426 0.020052
0 0.584954 0.403255 0.100463 0.012240
0 0.357639 0.138672 0.062500 0.019531
0 0.463426 0.434245 0.070370 0.016927
0 0.117361 0.400651 0.035648 0.033073
0 0.198380 0.099870 0.058796 0.020052
0 0.567593 0.529557 0.028704 0.040885
0 0.940972 0.202734 0.090278 0.012240
0 0.487269 0.405859 0.090278 0.012240
0 0.723843 0.520443 0.063426 0.017448
0 0.473843 0.329036 0.072685 0.014844
0 0.129630 0.447266 0.060185 0.016927
0 0.119676 0.610286 0.068056 0.014844
0 0.730787 0.631120 0.068056 0.014844
0 0.883565 0.425391 0.068056 0.014844
0 0.494676 0.541276 0.077315 0.012240
0 0.073380 0.657161 0.031019 0.030469
0 0.545139 0.353776 0.076389 0.012240
0 0.704861 0.118099 0.025463 0.035677
0 0.027083 0.438411 0.021759 0.040885
0 0.566435 0.235286 0.091204 0.009635
0 0.403935 0.356380 0.016204 0.053906
0 0.661343 0.123307 0.058796 0.014844
0 0.816435 0.255469 0.063426 0.013542
0 0.232639 0.116536 0.071759 0.011719
0 0.080324 0.413021 0.026389 0.031771
0 0.515509 0.618099 0.026389 0.030469
0 0.952546 0.481380 0.020833 0.038281
0 0.902083 0.467057 0.021759 0.035677
0 0.408565 0.494401 0.062500 0.012240
0 0.734722 0.481120 0.027778 0.027344
0 0.484259 0.468359 0.019444 0.038281
0 0.059028 0.417578 0.020833 0.035677
0 0.855324 0.201432 0.048611 0.014844
0 0.228472 0.552995 0.017130 0.040885
0 0.612731 0.292578 0.072685 0.009635
0 0.290509 0.280859 0.020833 0.033073
0 0.793287 0.330990 0.017130 0.039583
0 0.649769 0.375651 0.072685 0.009115
0 0.559491 0.323828 0.068056 0.009635
0 0.443750 0.469661 0.068056 0.009635
0 0.341898 0.477474 0.068056 0.009635
0 0.515509 0.491536 0.017130 0.037760
0 0.084954 0.437760 0.026389 0.023958
0 0.307176 0.131120 0.063426 0.009635
0 0.049769 0.264974 0.020833 0.027344
0 0.744676 0.120703 0.058796 0.009635
0 0.751620 0.267839 0.017130 0.027865
0 0.043287 0.300781 0.017130 0.026042
0 0.899306 0.379557 0.034722 0.011719
0 0.802083 0.258724 0.034722 0.009635
0 0.561806 0.041016 0.026389 0.006510
0 0.068287 0.002865 0.020833 0.003125
0 0.809028 0.590885 0.062500 0.037500
0 0.637963 0.596875 0.098148 0.039583
0 0.598843 0.569010 0.052315 0.038542
0 0.636806 0.548438 0.077315 0.017188
0 0.654630 0.541146 0.075000 0.035937
0 0.761111 0.572656 0.037963 0.036458
0 0.917824 0.582031 0.042130 0.020833
0 0.966435 0.583724 0.018056 0.042448
0 0.914120 0.648958 0.113426 0.053646
0 0.732407 0.664062 0.043519 0.043229
0 0.318056 0.604167 0.062963 0.020833
0 0.423380 0.616146 0.060648 0.032813
0 0.350000 0.623307 0.073148 0.022135
0 0.290972 0.622266 0.088426 0.027865
0 0.090741 0.798958 0.054630 0.036458
0 0.079398 0.844661 0.062500 0.049219
0 0.065509 0.856510 0.031019 0.042708
0 0.135417 0.871484 0.041204 0.045052
0 0.116898 0.862240 0.053241 0.036979
0 0.041204 0.781250 0.039815 0.041667
0 0.333333 0.510417 0.066667 0.051562
0 0.284028 0.524219 0.050463 0.037500
0 0.266667 0.501693 0.032407 0.030469
0 0.238426 0.474479 0.083333 0.049479
0 0.172685 0.464583 0.048148 0.043229
0 0.215278 0.445182 0.059259 0.044531
0 0.257639 0.438802 0.047685 0.025000
0 0.330556 0.457682 0.021296 0.045052
0 0.357407 0.455208 0.058333 0.042188
0 0.401157 0.427344 0.068056 0.040104
0 0.450000 0.161849 0.025000 0.053385
0 0.452778 0.162109 0.057407 0.022135
0 0.569213 0.119661 0.053241 0.046094
0 0.797222 0.125130 0.039815 0.045573
0 0.806481 0.121484 0.047222 0.059635
0 0.804630 0.093750 0.041667 0.025000
0 0.887037 0.107031 0.045370 0.029167
0 0.908333 0.141146 0.049074 0.038021
0 0.915741 0.152344 0.075926 0.030208
0 0.919907 0.172266 0.064815 0.020052
0 0.794444 0.200521 0.075000 0.025521
0 0.801852 0.205208 0.078704 0.010937
0 0.735185 0.211198 0.062037 0.026042
0 0.724306 0.203776 0.033796 0.030469
0 0.715972 0.166536 0.060648 0.046094
0 0.899537 0.259635 0.062963 0.035417
0 0.228935 0.320573 0.044907 0.027604
0 0.253241 0.355208 0.037037 0.026042
0 0.204630 0.360807 0.065741 0.012240
0 0.270370 0.379167 0.060185 0.019271
0 0.306713 0.375911 0.074537 0.019531
0 0.340278 0.370312 0.023148 0.044271
0 0.303009 0.350651 0.057870 0.027865
0 0.437963 0.358333 0.068519 0.030208
0 0.438889 0.367578 0.061111 0.034115
0 0.510648 0.384115 0.048148 0.041146
0 0.597685 0.402474 0.077778 0.014323
0 0.674769 0.407292 0.074537 0.010937
0 0.726157 0.389583 0.056019 0.026562
0 0.666435 0.384505 0.068981 0.024740
0 0.647454 0.430208 0.075463 0.041667
0 0.628704 0.433594 0.061111 0.033333
0 0.752315 0.421354 0.065741 0.011979
0 0.792593 0.414062 0.054630 0.029167
0 0.777083 0.387891 0.068981 0.037240
0 0.719676 0.349740 0.049537 0.017708
0 0.418056 0.211849 0.038889 0.032031
0 0.521991 0.251563 0.056019 0.023438
0 0.537963 0.219010 0.043519 0.021354
0 0.836343 0.281120 0.059722 0.038802
0 0.751620 0.317578 0.050463 0.025260
0 0.763194 0.337630 0.086574 0.039323
0 0.725694 0.301563 0.056944 0.023958
0 0.574074 0.625781 0.073148 0.016667
0 0.546759 0.605208 0.037037 0.052083
0 0.557407 0.565755 0.027778 0.048698
0 0.509954 0.590885 0.053241 0.041667
0 0.421296 0.553125 0.047222 0.053125
0 0.411574 0.538932 0.049074 0.029948
0 0.560417 0.501042 0.075463 0.018229
0 0.656250 0.488281 0.034722 0.036458
0 0.675694 0.493490 0.081944 0.020833
0 0.693750 0.517578 0.052315 0.033073
0 0.802546 0.470964 0.060648 0.022135
0 0.798148 0.466667 0.016667 0.044792
0 0.815278 0.448177 0.024074 0.029687
0 0.847454 0.464714 0.065278 0.025781
0 0.869213 0.453385 0.065278 0.047917
0 0.842130 0.375521 0.052778 0.026042
0 0.899769 0.353776 0.047685 0.024740
0 0.901389 0.311719 0.059259 0.036458
0 0.903704 0.316536 0.041667 0.039323
0 0.174306 0.550521 0.022685 0.042188
0 0.175463 0.556380 0.085185 0.018490
0 0.158102 0.573438 0.076389 0.032292
0 0.073843 0.464193 0.056019 0.032552
0 0.295139 0.204948 0.039352 0.037500
