0 0.399769 0.691016 0.174537 0.030469
0 0.306713 0.774089 0.127315 0.040365
0 0.696065 0.342448 0.063426 0.067708
0 0.333333 0.455339 0.060185 0.064323
0 0.726157 0.671484 0.058796 0.059115
0 0.362731 0.458594 0.054167 0.060417
0 0.193750 0.556901 0.049537 0.064323
0 0.355787 0.110286 0.123611 0.025260
0 0.483102 0.318359 0.054167 0.055990
0 0.660185 0.584896 0.093519 0.031771
0 0.663194 0.244401 0.118056 0.022656
0 0.207176 0.302734 0.048611 0.050781
0 0.376620 0.606380 0.044907 0.053906
0 0.561806 0.257161 0.044907 0.053385
0 0.617361 0.175130 0.118981 0.019531
0 0.488889 0.533203 0.084259 0.027344
0 0.911343 0.519141 0.049537 0.046094
0 0.728472 0.851172 0.081944 0.027865
0 0.253935 0.454036 0.049537 0.046094
0 0.753935 0.529557 0.040278 0.056510
0 0.638194 0.293880 0.040278 0.053906
0 0.111111 0.534766 0.041667 0.051302
0 0.311806 0.185807 0.044907 0.046094
0 0.064120 0.141536 0.040278 0.051302
0 0.608102 0.781901 0.044907 0.045573
0 0.186806 0.157161 0.100463 0.020052
0 0.826389 0.291276 0.046296 0.043490
0 0.434491 0.805599 0.077315 0.025260
0 0.572917 0.112891 0.076389 0.025260
0 0.862731 0.629818 0.035648 0.053906
0 0.591898 0.552995 0.031019 0.061719
0 0.335648 0.597266 0.092593 0.020052
0 0.390046 0.474870 0.025463 0.072135
0 0.341435 0.267839 0.030093 0.059115
0 0.693750 0.543880 0.040278 0.043490
0 0.955324 0.413672 0.035648 0.048698
0 0.860417 0.793620 0.077315 0.022135
0 0.411343 0.556901 0.031019 0.053906
0 0.157407 0.776953 0.032407 0.051302
0 0.045602 0.274089 0.040278 0.040365
0 0.719213 0.827474 0.072685 0.022135
0 0.939120 0.735286 0.031019 0.051302
0 0.447917 0.417969 0.076389 0.020833
0 0.598843 0.296484 0.035648 0.043490
0 0.777083 0.691016 0.077315 0.020052
0 0.434491 0.355078 0.077315 0.020052
0 0.235417 0.489193 0.086574 0.017448
0 0.310648 0.385026 0.033333 0.043490
0 0.191435 0.792318 0.035648 0.040365
0 0.531713 0.472266 0.095833 0.014844
0 0.413657 0.499609 0.026389 0.053906
0 0.135417 0.800391 0.034722 0.040885
0 0.262500 0.907161 0.069444 0.020052
0 0.958796 0.368490 0.033333 0.041667
0 0.154398 0.131120 0.091204 0.014844
0 0.397454 0.733984 0.077315 0.017448
0 0.496991 0.663672 0.109722 0.012240
0 0.756250 0.313802 0.035648 0.036458
0 0.735417 0.711198 0.068056 0.018750
0 0.662500 0.476172 0.033333 0.038281
0 0.564120 0.628516 0.063426 0.020052
0 0.957639 0.279557 0.031019 0.040885
0 0.163657 0.213802 0.035648 0.034375
0 0.105787 0.711198 0.021759 0.055208
0 0.753472 0.267188 0.030093 0.039583
0 0.911343 0.444922 0.031019 0.038281
0 0.365046 0.762630 0.068056 0.017448
0 0.208796 0.519141 0.079630 0.014844
0 0.823380 0.198828 0.058796 0.020052
0 0.617361 0.153255 0.035648 0.033073
0 0.404398 0.752214 0.035648 0.033073
0 0.469213 0.823568 0.081944 0.014323
0 0.441435 0.252214 0.026389 0.043490
0 0.617361 0.231380 0.026389 0.043490
0 0.145139 0.635026 0.026389 0.043490
0 0.762731 0.386328 0.076389 0.014844
0 0.786343 0.646745 0.031019 0.035677
0 0.156713 0.534115 0.021759 0.050000
0 0.126157 0.210547 0.062500 0.017448
0 0.802546 0.714453 0.026389 0.040885
0 0.071065 0.542578 0.026389 0.040885
0 0.918287 0.806641 0.091204 0.011719
0 0.406250 0.185807 0.030093 0.035677
0 0.258565 0.132422 0.021759 0.048698
0 0.355324 0.681901 0.085648 0.012240
0 0.219213 0.909505 0.072685 0.014323
0 0.277083 0.366797 0.058796 0.017448
0 0.543287 0.174089 0.017130 0.059115
0 0.947917 0.455339 0.020833 0.048698
0 0.182176 0.205339 0.026389 0.038281
0 0.115046 0.891536 0.068056 0.014844
0 0.248843 0.260026 0.057870 0.017448
0 0.112731 0.345964 0.081944 0.012240
0 0.716898 0.644141 0.021759 0.046094
0 0.909028 0.270443 0.081944 0.012240
0 0.929861 0.310807 0.021759 0.046094
0 0.804861 0.344661 0.021759 0.046094
0 0.376620 0.551432 0.026389 0.037760
0 0.503472 0.422786 0.067130 0.014844
0 0.216435 0.398047 0.030093 0.033073
0 0.563657 0.321875 0.020833 0.047396
0 0.934491 0.822526 0.077315 0.012240
0 0.652083 0.575130 0.077315 0.012240
0 0.920602 0.285417 0.058796 0.016146
0 0.437269 0.404948 0.090278 0.010417
0 0.582639 0.227474 0.031019 0.030469
0 0.800231 0.175391 0.031019 0.030469
0 0.256250 0.512630 0.054167 0.017448
0 0.158565 0.591406 0.025463 0.036979
0 0.076852 0.326172 0.065741 0.014323
0 0.413657 0.451432 0.026389 0.035677
0 0.858102 0.737891 0.026389 0.035677
0 0.473843 0.211849 0.063426 0.014844
0 0.105787 0.793620 0.021759 0.042969
0 0.943287 0.834896 0.057870 0.016146
0 0.697222 0.746094 0.019444 0.046875
0 0.214120 0.441016 0.025463 0.035677
0 0.031713 0.589453 0.021759 0.040885
0 0.098843 0.174089 0.072685 0.012240
0 0.450694 0.369401 0.072685 0.012240
0 0.258565 0.657161 0.021759 0.040885
0 0.135417 0.395443 0.016204 0.053906
0 0.385417 0.228776 0.071759 0.012240
0 0.149769 0.189062 0.026389 0.031771
0 0.351157 0.718359 0.068056 0.012240
0 0.814120 0.236589 0.068056 0.012240
0 0.647454 0.661068 0.021759 0.038281
0 0.568287 0.207682 0.067130 0.011719
0 0.640509 0.752214 0.063426 0.012240
0 0.272454 0.170182 0.021759 0.035677
0 0.788657 0.601823 0.017130 0.044792
0 0.203009 0.349870 0.077315 0.009635
0 0.587269 0.711849 0.077315 0.009635
0 0.311806 0.465755 0.017130 0.043490
0 0.709954 0.288672 0.017130 0.043490
0 0.396991 0.339453 0.076389 0.009635
0 0.086806 0.112630 0.020833 0.035156
0 0.932176 0.517578 0.026389 0.027344
0 0.522454 0.504818 0.021759 0.033073
0 0.441435 0.224870 0.072685 0.009635
0 0.191435 0.396745 0.017130 0.040885
0 0.052546 0.646745 0.017130 0.040885
0 0.276620 0.637630 0.020833 0.033073
0 0.282870 0.451432 0.014815 0.046094
0 0.487731 0.286458 0.017130 0.039062
0 0.638194 0.459245 0.068056 0.009635
0 0.797917 0.783464 0.017130 0.038281
0 0.331481 0.417578 0.065741 0.009635
0 0.478009 0.502214 0.016204 0.038281
0 0.940972 0.595964 0.016204 0.038281
0 0.524769 0.914974 0.063426 0.009635
0 0.246991 0.498307 0.063426 0.009635
0 0.749306 0.622005 0.021759 0.027865
0 0.939120 0.139974 0.021759 0.027344
0 0.355787 0.730078 0.058796 0.009635
0 0.310648 0.580339 0.024074 0.022656
0 0.568750 0.461589 0.021759 0.024740
0 0.443750 0.569922 0.040278 0.012240
0 0.968750 0.128255 0.016204 0.029948
0 0.061343 0.784505 0.053241 0.009115
0 0.818750 0.257422 0.068056 0.007031
0 0.756250 0.585547 0.017130 0.027865
0 0.786343 0.506120 0.012500 0.035677
0 0.177546 0.179688 0.017130 0.023438
0 0.584954 0.161068 0.017130 0.022656
0 0.881250 0.416016 0.017130 0.016927
