0 0.770602 0.638021 0.110648 0.033854
0 0.670602 0.892839 0.123611 0.038281
0 0.610417 0.254818 0.123611 0.033073
0 0.530556 0.309505 0.121296 0.033073
0 0.065972 0.731380 0.062500 0.059115
0 0.063889 0.832292 0.059259 0.038542
0 0.904398 0.434505 0.109722 0.027865
0 0.302083 0.713151 0.053241 0.053906
0 0.934491 0.620443 0.049537 0.055990
0 0.262037 0.497005 0.047222 0.048698
0 0.546759 0.769141 0.098148 0.020052
0 0.325231 0.106380 0.081019 0.022656
0 0.525926 0.465104 0.084259 0.021354
0 0.152083 0.693620 0.031019 0.056510
0 0.500463 0.164974 0.042593 0.040885
0 0.932176 0.694661 0.035648 0.048177
0 0.730787 0.858984 0.095833 0.017448
0 0.975000 0.145443 0.037963 0.043490
0 0.904398 0.685807 0.035648 0.046094
0 0.096528 0.833594 0.031019 0.050000
0 0.730787 0.448828 0.077315 0.020052
0 0.147454 0.267839 0.040278 0.038281
0 0.050231 0.491797 0.031019 0.048698
0 0.892824 0.590755 0.031019 0.048698
0 0.770139 0.506120 0.100463 0.014844
0 0.520139 0.296484 0.081944 0.017448
0 0.459954 0.533464 0.081944 0.017448
0 0.788657 0.129818 0.026389 0.053906
0 0.878935 0.651953 0.095833 0.014844
0 0.022454 0.744401 0.031019 0.043490
0 0.770139 0.204687 0.081944 0.016146
0 0.686806 0.749609 0.072685 0.017448
0 0.749306 0.115495 0.031019 0.040885
0 0.793287 0.697266 0.072685 0.016927
0 0.848380 0.518880 0.034722 0.035156
0 0.569907 0.526953 0.033333 0.035677
0 0.730787 0.733984 0.068056 0.017448
0 0.471528 0.236589 0.068056 0.017448
0 0.899769 0.387630 0.026389 0.043490
0 0.670602 0.107682 0.077315 0.014844
0 0.365046 0.344401 0.058796 0.019531
0 0.062500 0.778255 0.064815 0.017448
0 0.358102 0.817318 0.063426 0.017448
0 0.737269 0.874609 0.062500 0.017448
0 0.209954 0.532161 0.072685 0.014844
0 0.573380 0.689714 0.086574 0.012240
0 0.203009 0.589453 0.021759 0.046094
0 0.415509 0.775651 0.030093 0.033073
0 0.586806 0.223307 0.057870 0.016927
0 0.862731 0.131771 0.026389 0.036979
0 0.216898 0.099609 0.068056 0.014323
0 0.448380 0.576172 0.068056 0.014323
0 0.795602 0.481380 0.077315 0.012240
0 0.811806 0.115495 0.026389 0.035677
0 0.834954 0.685807 0.063426 0.014844
0 0.061806 0.417578 0.026389 0.035677
0 0.698380 0.162370 0.095833 0.009635
0 0.392824 0.117839 0.031019 0.029948
0 0.927546 0.204427 0.054167 0.015625
0 0.693750 0.184505 0.068056 0.012240
0 0.610417 0.606380 0.021759 0.038281
0 0.608102 0.756120 0.054167 0.014844
0 0.135880 0.498307 0.026389 0.030469
0 0.112731 0.740495 0.026389 0.030469
0 0.126620 0.631120 0.017130 0.046094
0 0.825694 0.280859 0.063426 0.012240
0 0.642824 0.201432 0.021759 0.035677
0 0.193750 0.855078 0.021759 0.035677
0 0.684491 0.472266 0.077315 0.009635
0 0.966435 0.214453 0.020833 0.035677
0 0.626620 0.659766 0.072685 0.009635
0 0.552083 0.671224 0.025463 0.027344
0 0.219213 0.724870 0.026389 0.025260
0 0.936806 0.795573 0.063426 0.010417
0 0.209954 0.832943 0.017130 0.038281
0 0.436343 0.504818 0.016204 0.038281
0 0.223843 0.589453 0.017130 0.035677
0 0.594213 0.672786 0.063426 0.009635
0 0.959954 0.125911 0.063426 0.009635
0 0.950694 0.631120 0.017130 0.035677
0 0.756250 0.530208 0.054167 0.010937
0 0.573380 0.079036 0.058796 0.009635
0 0.730787 0.084245 0.058796 0.009635
0 0.552546 0.355078 0.017130 0.030469
0 0.515509 0.754818 0.063426 0.007031
0 0.515509 0.515234 0.063426 0.007031
0 0.883565 0.802995 0.021759 0.020052
0 0.635417 0.410807 0.016204 0.022135
0 0.615046 0.151693 0.040278 0.038281
0 0.649537 0.129036 0.051852 0.027865
0 0.603935 0.117839 0.089352 0.013281
0 0.605787 0.109115 0.058796 0.038542
0 0.705324 0.112891 0.051389 0.019531
0 0.733333 0.175260 0.059259 0.010417
0 0.856250 0.162630 0.052315 0.053385
0 0.827083 0.173568 0.047685 0.030990
0 0.787731 0.183203 0.050463 0.028385
0 0.394907 0.217318 0.080556 0.022656
0 0.347222 0.199870 0.028704 0.041927
0 0.342130 0.236068 0.074074 0.042448
0 0.200694 0.259896 0.077315 0.028646
0 0.191435 0.311328 0.076389 0.035677
0 0.161111 0.339583 0.085185 0.014583
0 0.176157 0.338542 0.079167 0.037500
0 0.187963 0.386589 0.067593 0.022656
0 0.138194 0.405859 0.076389 0.045052
0 0.223611 0.373307 0.055556 0.021615
0 0.202083 0.448958 0.062500 0.060417
0 0.331481 0.464062 0.044444 0.031771
0 0.463657 0.419010 0.031944 0.035417
0 0.517361 0.397266 0.031944 0.034635
0 0.502778 0.387500 0.075926 0.013021
0 0.632176 0.356120 0.071759 0.019010
0 0.637963 0.332031 0.065741 0.023958
0 0.665046 0.331641 0.048611 0.048698
0 0.713194 0.348438 0.062500 0.032813
0 0.620370 0.307812 0.036111 0.030729
0 0.819444 0.348698 0.017593 0.053125
0 0.854861 0.357812 0.056944 0.046354
0 0.917593 0.349219 0.067593 0.047917
0 0.943519 0.350651 0.045370 0.030469
0 0.892361 0.288802 0.048611 0.032292
0 0.804167 0.307552 0.064815 0.032292
0 0.812037 0.336458 0.056481 0.024479
0 0.735185 0.323047 0.122222 0.039844
0 0.738194 0.288411 0.054167 0.030990
0 0.906481 0.139714 0.061111 0.018490
0 0.914815 0.130729 0.054630 0.021875
0 0.953472 0.107292 0.058796 0.022917
0 0.431944 0.120573 0.062963 0.019792
0 0.675000 0.614193 0.041667 0.036719
0 0.736343 0.585286 0.045833 0.024740
0 0.761111 0.591927 0.047222 0.018750
0 0.837269 0.596484 0.056019 0.027865
0 0.799074 0.562760 0.084259 0.041667
0 0.912963 0.544141 0.097222 0.036719
0 0.694213 0.553385 0.084722 0.048958
0 0.651389 0.562500 0.055556 0.039062
0 0.367824 0.552604 0.039352 0.021354
0 0.256481 0.548438 0.068519 0.030729
0 0.176157 0.546875 0.052315 0.033854
0 0.163426 0.560286 0.048148 0.023177
0 0.184954 0.589583 0.021759 0.034896
0 0.195833 0.617188 0.059259 0.011458
0 0.096759 0.580339 0.083333 0.037240
0 0.136343 0.532943 0.058796 0.027344
0 0.084028 0.511458 0.043981 0.053646
0 0.072917 0.438021 0.031944 0.038542
0 0.637500 0.377604 0.055556 0.022396
0 0.686111 0.381510 0.061111 0.026042
0 0.605787 0.384375 0.033796 0.026562
0 0.679861 0.399479 0.070833 0.021354
0 0.930093 0.460156 0.018519 0.027083
0 0.946991 0.485156 0.023611 0.043750
0 0.891435 0.505990 0.061574 0.011458
0 0.631481 0.455729 0.041667 0.034375
0 0.318519 0.406641 0.034259 0.028385
0 0.235648 0.441797 0.064815 0.022656
0 0.060417 0.357031 0.064352 0.030208
0 0.065278 0.340885 0.074074 0.026562
0 0.068056 0.325781 0.072222 0.008333
0 0.081713 0.312240 0.078241 0.017708
0 0.350694 0.885026 0.088426 0.026823
0 0.360648 0.845573 0.056481 0.040625
0 0.380787 0.842969 0.059722 0.027083
0 0.265046 0.831380 0.072685 0.034115
0 0.262500 0.805859 0.057407 0.036198
0 0.322917 0.775391 0.042130 0.045052
0 0.328472 0.795703 0.080093 0.026823
0 0.283796 0.767708 0.054630 0.025000
0 0.243287 0.760026 0.023611 0.034115
0 0.195602 0.767318 0.043056 0.055469
0 0.188194 0.765625 0.079167 0.015104
0 0.057870 0.807552 0.053704 0.014583
0 0.148843 0.744531 0.056944 0.035417
0 0.186111 0.687240 0.054630 0.040104
0 0.207407 0.694792 0.054630 0.025000
0 0.255324 0.699089 0.041204 0.034635
0 0.438889 0.719922 0.046296 0.025260
0 0.363889 0.730078 0.050926 0.044531
0 0.407639 0.738932 0.044907 0.022135
0 0.506250 0.737240 0.059722 0.032292
0 0.549537 0.724219 0.053704 0.030729
0 0.584954 0.720182 0.087500 0.017969
0 0.701157 0.694141 0.077315 0.037760
0 0.784259 0.744531 0.038889 0.035417
0 0.821296 0.720443 0.047222 0.033594
0 0.861343 0.704688 0.022685 0.047917
0 0.891898 0.713151 0.044907 0.034635
0 0.945833 0.760026 0.045370 0.028385
0 0.768750 0.777214 0.073611 0.028906
0 0.771759 0.763542 0.088889 0.009896
0 0.731713 0.760938 0.037500 0.024479
0 0.656944 0.794010 0.056481 0.012500
0 0.734491 0.805729 0.076389 0.035417
0 0.833102 0.826693 0.035648 0.036719
0 0.822917 0.849740 0.068056 0.033854
0 0.871528 0.845052 0.065278 0.012500
0 0.918981 0.888542 0.050000 0.047917
0 0.864120 0.914583 0.056019 0.037500
0 0.743981 0.906901 0.098148 0.026823
0 0.488657 0.820573 0.036574 0.057292
0 0.544213 0.851953 0.026389 0.053906
0 0.536343 0.885938 0.045833 0.023958
0 0.519444 0.867318 0.033333 0.037240
0 0.539120 0.843490 0.053241 0.048438
0 0.594444 0.841927 0.058333 0.031771
0 0.628935 0.811979 0.050463 0.012500
0 0.760185 0.712500 0.030556 0.050000
0 0.541898 0.640625 0.096759 0.047396
0 0.527083 0.657161 0.054167 0.014323
0 0.383102 0.590625 0.063426 0.041146
0 0.497685 0.497526 0.053704 0.034635
0 0.522685 0.491797 0.085185 0.016927
0 0.644213 0.425000 0.093056 0.023438
0 0.717130 0.430339 0.057407 0.008594
0 0.776157 0.428646 0.062500 0.018229
0 0.689815 0.422917 0.082407 0.014063
0 0.208333 0.644271 0.047222 0.045312
0 0.192361 0.641667 0.085648 0.026562
0 0.754861 0.454557 0.065278 0.029948
0 0.932407 0.179297 0.075926 0.033594
