0 0.834954 0.048438 0.327315 0.094271
0 0.566435 0.775651 0.072685 0.074740
0 0.175231 0.561589 0.068056 0.011198
0 0.395139 0.142578 0.118981 0.037760
0 0.776620 0.301693 0.131944 0.033073
0 0.292824 0.516536 0.108796 0.035677
0 0.530556 0.348568 0.056481 0.059115
0 0.324769 0.228255 0.052315 0.032031
0 0.615046 0.429297 0.095833 0.033073
0 0.478472 0.140234 0.054167 0.053906
0 0.122685 0.701432 0.138889 0.020052
0 0.168287 0.417578 0.091204 0.030469
0 0.855787 0.429297 0.095833 0.027865
0 0.328009 0.589193 0.049537 0.050781
0 0.314120 0.326432 0.049537 0.046094
0 0.404398 0.400651 0.081944 0.027865
0 0.679861 0.138932 0.040278 0.056510
0 0.216898 0.857682 0.040278 0.056510
0 0.285880 0.724870 0.048611 0.046094
0 0.209954 0.727474 0.044907 0.046094
0 0.251620 0.961849 0.081944 0.025260
0 0.112731 0.440755 0.081944 0.024740
0 0.953009 0.625260 0.040278 0.050000
0 0.214583 0.825130 0.044907 0.043490
0 0.854630 0.761328 0.037963 0.051302
0 0.678241 0.369401 0.083333 0.022656
0 0.515509 0.829036 0.044907 0.040885
0 0.402083 0.202344 0.040278 0.044271
0 0.815972 0.581380 0.071759 0.024740
0 0.800231 0.674089 0.077315 0.022656
0 0.753935 0.924089 0.077315 0.022656
0 0.795602 0.418880 0.040278 0.043490
0 0.103472 0.483333 0.035648 0.047396
0 0.376620 0.679297 0.072685 0.022656
0 0.578009 0.222266 0.040278 0.040885
0 0.931713 0.786068 0.071759 0.022656
0 0.547454 0.176693 0.071759 0.022656
0 0.159028 0.274089 0.081944 0.019531
0 0.665972 0.467057 0.031019 0.051302
0 0.156713 0.714453 0.105093 0.014844
0 0.850694 0.852474 0.076389 0.020052
0 0.832639 0.517839 0.031019 0.048698
0 0.135880 0.727474 0.100463 0.014844
0 0.534028 0.120703 0.072685 0.020052
0 0.500463 0.918880 0.033333 0.043490
0 0.374306 0.318620 0.031019 0.046094
0 0.050231 0.862630 0.031019 0.045573
0 0.066435 0.765625 0.035648 0.039062
0 0.443287 0.594661 0.030093 0.046094
0 0.740046 0.886068 0.095833 0.014323
0 0.571065 0.834245 0.026389 0.051302
0 0.885880 0.779557 0.026389 0.051302
0 0.712269 0.325130 0.031019 0.043490
0 0.885880 0.369141 0.035648 0.037760
0 0.769676 0.116797 0.034722 0.038281
0 0.716898 0.622656 0.095833 0.013542
0 0.876620 0.392839 0.026389 0.048698
0 0.404398 0.909766 0.063426 0.020052
0 0.112731 0.883724 0.035648 0.035677
0 0.966898 0.683203 0.031019 0.040885
0 0.054861 0.584245 0.031019 0.040885
0 0.929861 0.667578 0.031019 0.040885
0 0.668287 0.851172 0.072685 0.017448
0 0.135880 0.676693 0.072685 0.017448
0 0.079861 0.277344 0.034722 0.036458
0 0.890046 0.907161 0.034722 0.035677
0 0.075694 0.209245 0.026389 0.046094
0 0.686806 0.250911 0.026389 0.046094
0 0.490046 0.747005 0.031019 0.038281
0 0.848843 0.871745 0.100463 0.011719
0 0.196065 0.317057 0.035648 0.032552
0 0.232639 0.463151 0.090278 0.012240
0 0.612731 0.416276 0.063426 0.017448
0 0.439120 0.261328 0.031019 0.035677
0 0.742361 0.507422 0.063426 0.017448
0 0.061343 0.686849 0.025463 0.042969
0 0.735417 0.317708 0.021759 0.049479
0 0.200694 0.537370 0.072685 0.014844
0 0.913657 0.728516 0.091204 0.011719
0 0.174769 0.253516 0.020833 0.051302
0 0.328009 0.872005 0.086574 0.012240
0 0.484954 0.858984 0.085648 0.012240
0 0.679861 0.415885 0.031019 0.033854
0 0.726157 0.223568 0.058796 0.017448
0 0.834954 0.752214 0.026389 0.038281
0 0.605787 0.521745 0.021759 0.046094
0 0.490046 0.802995 0.021759 0.046094
0 0.561806 0.590755 0.081944 0.012240
0 0.807176 0.527995 0.026389 0.037760
0 0.771991 0.316016 0.067130 0.014844
0 0.379630 0.567057 0.023148 0.042969
0 0.128935 0.319922 0.021759 0.043490
0 0.802546 0.123307 0.026389 0.035677
0 0.385880 0.802995 0.026389 0.035677
0 0.532870 0.408464 0.024074 0.038281
0 0.852315 0.650651 0.024074 0.038281
0 0.869676 0.802995 0.021759 0.040885
0 0.399769 0.754818 0.072685 0.012240
0 0.330324 0.260026 0.072685 0.012240
0 0.781713 0.396745 0.021759 0.040885
0 0.033565 0.491797 0.016204 0.053906
0 0.855787 0.458984 0.021759 0.040365
0 0.209954 0.692318 0.026389 0.033073
0 0.672917 0.742448 0.063426 0.013542
0 0.892824 0.690755 0.058796 0.014323
0 0.913657 0.413672 0.017130 0.048698
0 0.626620 0.741146 0.026389 0.031771
0 0.735417 0.674089 0.021759 0.038281
0 0.410185 0.887630 0.065741 0.012240
0 0.307176 0.355078 0.017130 0.046094
0 0.098380 0.331641 0.053241 0.014844
0 0.529398 0.129818 0.063426 0.012240
0 0.251620 0.791276 0.017130 0.043490
0 0.568750 0.563411 0.077315 0.009635
0 0.728009 0.778906 0.025463 0.029167
0 0.457639 0.622005 0.058796 0.012240
0 0.078009 0.543880 0.021759 0.033073
0 0.744676 0.633464 0.049537 0.014323
0 0.763194 0.716797 0.049537 0.014323
0 0.723843 0.933203 0.072685 0.009635
0 0.950694 0.753516 0.017130 0.040885
0 0.052546 0.274349 0.026389 0.025260
0 0.149769 0.209245 0.044907 0.014844
0 0.082639 0.644141 0.021759 0.030469
0 0.888194 0.714453 0.021759 0.030469
0 0.631250 0.220964 0.054167 0.012240
0 0.742361 0.267839 0.017130 0.038281
0 0.536343 0.201432 0.068056 0.009635
0 0.432176 0.602474 0.017130 0.035677
0 0.369676 0.499609 0.049537 0.012240
0 0.374306 0.181901 0.021759 0.027865
0 0.350694 0.330339 0.048611 0.012240
0 0.844213 0.791667 0.017130 0.033854
0 0.293287 0.525651 0.017130 0.033073
0 0.353472 0.283464 0.044907 0.012240
0 0.492361 0.936849 0.044907 0.011719
0 0.420139 0.578776 0.048611 0.009115
0 0.895139 0.607682 0.044907 0.009635
0 0.920602 0.283464 0.012500 0.033073
0 0.277083 0.853516 0.058796 0.006510
0 0.991204 0.902995 0.014815 0.022135
0 0.121991 0.452474 0.017130 0.016927
0 0.008565 0.336198 0.012500 0.013542
0 0.463657 0.531901 0.068981 0.022135
0 0.477315 0.538932 0.100000 0.015885
0 0.496759 0.442188 0.061111 0.055729
0 0.572222 0.397266 0.060185 0.023698
0 0.592824 0.336979 0.047685 0.029687
0 0.658333 0.315365 0.063889 0.029167
0 0.671296 0.338802 0.041667 0.027083
0 0.593981 0.291146 0.059259 0.017188
0 0.575231 0.271745 0.080093 0.037760
0 0.573380 0.279557 0.046759 0.061198
0 0.504630 0.236849 0.047222 0.027865
0 0.464120 0.238281 0.046759 0.033333
0 0.263194 0.144010 0.044907 0.026042
0 0.283333 0.162240 0.081481 0.038542
0 0.330556 0.188021 0.039815 0.034375
0 0.244213 0.197656 0.099537 0.036458
0 0.176852 0.201302 0.058333 0.039583
0 0.275694 0.219792 0.037500 0.039062
0 0.214815 0.148698 0.025000 0.035417
0 0.616435 0.127474 0.069907 0.039323
0 0.898611 0.219922 0.040741 0.027344
0 0.768056 0.239453 0.068519 0.018490
0 0.871528 0.232943 0.056944 0.040885
0 0.056250 0.185026 0.078241 0.044010
0 0.051157 0.263411 0.062500 0.027865
0 0.062731 0.249740 0.044907 0.033333
0 0.137037 0.254297 0.062037 0.039323
0 0.046528 0.347917 0.044907 0.040625
0 0.065278 0.340495 0.031481 0.051302
0 0.070370 0.381771 0.045370 0.027083
0 0.042593 0.401823 0.061111 0.036979
0 0.008796 0.404297 0.016667 0.050260
0 0.039352 0.435547 0.075000 0.029427
0 0.226620 0.432943 0.057870 0.038802
0 0.271065 0.387370 0.047685 0.045573
0 0.243056 0.371615 0.055556 0.023958
0 0.274306 0.345703 0.047685 0.043490
0 0.153704 0.348438 0.108333 0.019271
0 0.188889 0.386198 0.043519 0.046875
0 0.127778 0.377734 0.055556 0.033073
0 0.173380 0.589323 0.090278 0.073438
0 0.273148 0.601042 0.037037 0.046875
0 0.312963 0.624479 0.083333 0.047396
0 0.748843 0.566927 0.055093 0.023958
0 0.765046 0.531250 0.093981 0.039062
0 0.789815 0.518099 0.034259 0.037760
0 0.780556 0.504948 0.024074 0.039583
0 0.842130 0.478255 0.069444 0.016406
0 0.876389 0.509766 0.073148 0.032552
0 0.766667 0.493229 0.069444 0.043229
0 0.704630 0.511979 0.067593 0.031250
0 0.614815 0.445182 0.064815 0.030469
0 0.730324 0.449479 0.068981 0.032813
0 0.715741 0.439063 0.066667 0.019271
0 0.821991 0.372005 0.051389 0.040365
0 0.819444 0.349089 0.070370 0.035677
0 0.799306 0.347005 0.037500 0.021615
0 0.447685 0.181901 0.046296 0.035156
0 0.309722 0.763802 0.065741 0.044271
0 0.202778 0.777474 0.071296 0.040365
0 0.162963 0.759245 0.050000 0.046615
0 0.127778 0.808073 0.072222 0.054688
0 0.314352 0.943750 0.056481 0.038021
0 0.298380 0.903516 0.067130 0.035156
0 0.657639 0.875521 0.058796 0.034896
0 0.584259 0.881641 0.053704 0.041927
0 0.687269 0.787500 0.054167 0.040625
0 0.765741 0.817969 0.052778 0.030729
0 0.801620 0.763151 0.031944 0.052865
0 0.740509 0.729557 0.056944 0.036198
0 0.684722 0.688021 0.033333 0.054167
0 0.485880 0.598958 0.047685 0.028125
0 0.403009 0.548307 0.068056 0.035677
0 0.119676 0.521615 0.096759 0.018229
0 0.359028 0.372396 0.051389 0.032292
0 0.325926 0.373568 0.039815 0.032552
0 0.388426 0.361719 0.049074 0.036979
0 0.871991 0.328516 0.033796 0.043490
0 0.889583 0.321224 0.035648 0.028906
0 0.354398 0.238021 0.063426 0.025521
0 0.370602 0.232161 0.066204 0.017969
0 0.415509 0.201042 0.029167 0.032813
0 0.423611 0.286849 0.039815 0.035156
