0 0.253935 0.276953 0.049537 0.087760
0 0.421296 0.913672 0.106481 0.027865
0 0.196065 0.240495 0.091204 0.030469
0 0.079861 0.724870 0.090278 0.030469
0 0.200231 0.735286 0.090278 0.030469
0 0.392361 0.872005 0.094907 0.027865
0 0.284028 0.148047 0.091204 0.027865
0 0.381250 0.487891 0.044907 0.051302
0 0.876157 0.801693 0.043981 0.048698
0 0.880787 0.125911 0.043981 0.046094
0 0.374306 0.798438 0.086574 0.021354
0 0.177546 0.430599 0.072685 0.025260
0 0.121991 0.766536 0.044907 0.040885
0 0.404398 0.128516 0.044907 0.040885
0 0.246991 0.809505 0.035648 0.048698
0 0.624306 0.273698 0.040278 0.039583
0 0.054861 0.249609 0.040278 0.038281
0 0.392824 0.837891 0.068056 0.022135
0 0.664815 0.338151 0.084259 0.017448
0 0.524769 0.185807 0.035648 0.040885
0 0.729630 0.926693 0.075000 0.017448
0 0.677546 0.144141 0.063426 0.020052
0 0.323380 0.536068 0.068056 0.017448
0 0.573380 0.296484 0.021759 0.053906
0 0.230787 0.637370 0.031019 0.037760
0 0.265509 0.439714 0.026389 0.043490
0 0.788657 0.835547 0.091204 0.012240
0 0.573380 0.211849 0.031019 0.035677
0 0.151620 0.594661 0.030093 0.035677
0 0.434028 0.776953 0.067130 0.014844
0 0.101157 0.286068 0.021759 0.043490
0 0.321065 0.552995 0.063426 0.014844
0 0.307870 0.778255 0.074074 0.012240
0 0.042824 0.620703 0.025463 0.035677
0 0.068750 0.566016 0.021759 0.040885
0 0.135880 0.278255 0.026389 0.033073
0 0.781713 0.761328 0.058796 0.014844
0 0.153935 0.758724 0.016204 0.051302
0 0.795602 0.806901 0.068056 0.012240
0 0.615046 0.838151 0.021759 0.038281
0 0.494676 0.158464 0.068056 0.012240
0 0.471528 0.592448 0.021759 0.036458
0 0.328009 0.123307 0.021759 0.035677
0 0.209954 0.212891 0.063426 0.011719
0 0.186806 0.590495 0.017130 0.042969
0 0.207639 0.395443 0.058796 0.012240
0 0.506250 0.573828 0.017130 0.040885
0 0.751620 0.818359 0.072685 0.009115
0 0.140509 0.365495 0.063426 0.009635
0 0.334954 0.654557 0.017130 0.035677
0 0.561806 0.138281 0.017130 0.034375
0 0.348843 0.486589 0.017130 0.033073
0 0.598843 0.187109 0.017130 0.033073
0 0.579861 0.792318 0.016204 0.029948
0 0.050231 0.481120 0.021759 0.022135
0 0.235417 0.443620 0.012500 0.035677
0 0.179398 0.519141 0.011574 0.035677
0 0.327546 0.520182 0.057870 0.006510
0 0.370602 0.331901 0.021759 0.038802
0 0.429861 0.268750 0.071759 0.028125
0 0.530556 0.274740 0.028704 0.022396
0 0.515278 0.307552 0.046296 0.036458
0 0.544444 0.355469 0.060185 0.048438
0 0.601157 0.323698 0.043981 0.027083
0 0.596528 0.305078 0.026389 0.027865
0 0.652083 0.309505 0.053241 0.034115
0 0.724769 0.318099 0.075463 0.019010
0 0.723611 0.306120 0.092593 0.012760
0 0.789352 0.285156 0.099074 0.041667
0 0.807870 0.302604 0.053704 0.034896
0 0.889120 0.308203 0.066204 0.025260
0 0.882407 0.288021 0.050000 0.029687
0 0.938657 0.249349 0.046759 0.042969
0 0.775000 0.235547 0.058333 0.035156
0 0.869907 0.253646 0.087963 0.015104
0 0.809722 0.190885 0.068519 0.051562
0 0.696759 0.192057 0.091667 0.029948
0 0.629861 0.212500 0.076389 0.026042
0 0.649537 0.196484 0.068519 0.022135
0 0.622685 0.178516 0.035185 0.043490
0 0.637963 0.122656 0.058333 0.031250
0 0.685417 0.120443 0.061574 0.021094
0 0.751620 0.111458 0.026389 0.032813
0 0.763426 0.121484 0.052778 0.011198
0 0.790509 0.104297 0.059722 0.017969
0 0.831713 0.107943 0.083796 0.020573
0 0.777778 0.135286 0.055556 0.016406
0 0.778704 0.163411 0.060185 0.018490
0 0.719676 0.166276 0.037500 0.035156
0 0.719676 0.145703 0.031944 0.023698
0 0.569676 0.176302 0.030093 0.031250
0 0.541898 0.163281 0.038426 0.034896
0 0.497454 0.237891 0.029167 0.046094
0 0.585417 0.248177 0.078241 0.039062
0 0.545833 0.224740 0.038889 0.025000
0 0.516667 0.234766 0.033333 0.057552
0 0.895370 0.227734 0.025000 0.041927
0 0.910417 0.185938 0.037500 0.031250
0 0.869907 0.174479 0.062037 0.029167
0 0.828241 0.170052 0.031481 0.034896
0 0.957870 0.208854 0.045370 0.022917
0 0.934491 0.212109 0.043981 0.020573
0 0.937963 0.147005 0.074074 0.015365
0 0.506944 0.131771 0.085185 0.017708
0 0.455324 0.143750 0.058796 0.022396
0 0.290741 0.126693 0.056481 0.014844
0 0.252778 0.123698 0.048148 0.027604
0 0.205093 0.128516 0.065741 0.026823
0 0.853472 0.932943 0.036574 0.031510
0 0.877546 0.920182 0.031944 0.030990
0 0.841667 0.921484 0.075000 0.015885
0 0.798148 0.886458 0.099074 0.011458
0 0.719676 0.880859 0.064352 0.034635
0 0.781713 0.861458 0.085648 0.012500
0 0.815972 0.871354 0.079167 0.014063
0 0.804861 0.849349 0.090278 0.013281
0 0.880093 0.857422 0.061111 0.038802
0 0.874769 0.876302 0.046759 0.054167
0 0.906019 0.881771 0.071296 0.018750
0 0.938657 0.864323 0.031019 0.042708
0 0.906944 0.834896 0.024074 0.033854
0 0.103009 0.918880 0.038426 0.029948
0 0.191435 0.923698 0.046759 0.032813
0 0.224769 0.907552 0.042130 0.036458
0 0.302315 0.889844 0.088889 0.020833
0 0.263889 0.876953 0.043519 0.035156
0 0.291204 0.850521 0.053704 0.026562
0 0.339352 0.821875 0.064815 0.042188
0 0.369213 0.776042 0.056019 0.034375
0 0.449537 0.745964 0.074074 0.047135
0 0.381944 0.752214 0.070370 0.028385
0 0.378704 0.734635 0.071296 0.018750
0 0.364120 0.725391 0.047685 0.019010
0 0.400694 0.719661 0.084722 0.023698
0 0.420370 0.713411 0.086111 0.016406
0 0.508333 0.653385 0.076852 0.025521
0 0.476157 0.783724 0.079167 0.030469
0 0.432639 0.808333 0.065278 0.031771
0 0.515046 0.798828 0.068981 0.030469
0 0.177546 0.849870 0.079167 0.086198
0 0.097685 0.883333 0.062037 0.043229
0 0.075463 0.869792 0.047222 0.053125
0 0.043519 0.797135 0.043519 0.043750
0 0.035648 0.833724 0.058333 0.026302
0 0.098843 0.841797 0.051389 0.037760
0 0.145833 0.857161 0.045370 0.056510
0 0.145833 0.894792 0.029630 0.051042
0 0.187963 0.718620 0.074074 0.032552
0 0.233102 0.711068 0.094907 0.048177
0 0.122454 0.691146 0.109722 0.056250
0 0.091667 0.690104 0.065741 0.037500
0 0.071759 0.658333 0.062963 0.041667
0 0.064352 0.637370 0.070370 0.044010
0 0.157639 0.630208 0.033796 0.027083
0 0.165741 0.652604 0.064815 0.023438
0 0.121991 0.657422 0.071759 0.024740
0 0.181481 0.632031 0.047222 0.018229
0 0.099306 0.596745 0.033796 0.056510
0 0.115278 0.592708 0.050926 0.057292
0 0.078472 0.527865 0.042130 0.058854
0 0.124537 0.522005 0.020370 0.070573
0 0.152315 0.539323 0.044444 0.038542
0 0.102083 0.536328 0.033796 0.047656
0 0.092593 0.492057 0.026852 0.042448
0 0.095370 0.473958 0.028704 0.039062
0 0.079167 0.460286 0.020370 0.036719
0 0.217130 0.505208 0.050926 0.038542
0 0.241898 0.491406 0.038426 0.039062
0 0.295370 0.502865 0.076852 0.034375
0 0.446991 0.560156 0.081944 0.026562
0 0.427546 0.584375 0.071759 0.030208
0 0.175000 0.402214 0.058333 0.033594
0 0.126157 0.421875 0.042130 0.040625
0 0.090741 0.408594 0.054630 0.028125
0 0.096065 0.385547 0.041204 0.047656
0 0.211111 0.367057 0.062037 0.048177
0 0.150926 0.345182 0.076852 0.029427
0 0.094676 0.324740 0.096759 0.059896
0 0.210417 0.280599 0.087500 0.028385
0 0.285185 0.226823 0.049074 0.035937
0 0.300000 0.220182 0.037963 0.032552
0 0.184028 0.457161 0.053241 0.026823
0 0.276620 0.659505 0.068981 0.044010
0 0.406250 0.215625 0.076389 0.036458
0 0.433102 0.194010 0.041204 0.022396
0 0.463426 0.185026 0.052778 0.021615
0 0.470139 0.214062 0.044907 0.033333
0 0.334028 0.188281 0.038426 0.035937
0 0.110648 0.136849 0.046296 0.029427
0 0.156944 0.132031 0.062963 0.040625
0 0.065046 0.133333 0.044907 0.028125
0 0.057176 0.168490 0.063426 0.020313
0 0.061343 0.153646 0.068981 0.019792
0 0.052778 0.208333 0.025000 0.042708
0 0.094907 0.196745 0.075000 0.036198
0 0.134491 0.236979 0.048611 0.016667
0 0.219907 0.197005 0.062963 0.013281
0 0.166667 0.173437 0.042593 0.038542
0 0.245602 0.184505 0.064352 0.013281
