0 0.889815 0.025651 0.217593 0.043490
0 0.209954 0.374609 0.146759 0.033073
0 0.147454 0.641536 0.058796 0.066927
0 0.196065 0.304948 0.100463 0.034375
0 0.191435 0.353125 0.100463 0.031771
0 0.712269 0.278255 0.095833 0.033073
0 0.865741 0.450130 0.050926 0.053906
0 0.853472 0.293229 0.109722 0.021354
0 0.557176 0.131771 0.081944 0.026562
0 0.587269 0.434505 0.040278 0.048698
0 0.869676 0.323828 0.077315 0.025260
0 0.159028 0.608724 0.035648 0.053385
0 0.758565 0.291276 0.105093 0.017448
0 0.038657 0.855078 0.044907 0.040885
0 0.600694 0.219401 0.039352 0.045573
0 0.050231 0.900651 0.040278 0.043490
0 0.045602 0.286068 0.040278 0.043490
0 0.559491 0.306641 0.031019 0.053385
0 0.871991 0.552995 0.035648 0.046094
0 0.165972 0.779557 0.031019 0.051302
0 0.332639 0.279557 0.077315 0.020052
0 0.434491 0.323568 0.077315 0.019531
0 0.628472 0.150651 0.085648 0.017448
0 0.192593 0.249609 0.065741 0.022656
0 0.506250 0.425781 0.035648 0.041667
0 0.663657 0.623307 0.072685 0.020052
0 0.455324 0.281901 0.035648 0.040365
0 0.130787 0.826432 0.034722 0.040885
0 0.374306 0.107682 0.068056 0.020052
0 0.709954 0.366797 0.035648 0.038281
0 0.029398 0.593359 0.035648 0.038281
0 0.318750 0.783203 0.031019 0.042969
0 0.909028 0.408854 0.072685 0.018229
0 0.420602 0.129557 0.077315 0.016927
0 0.184491 0.622005 0.021759 0.059115
0 0.103472 0.780859 0.026389 0.048698
0 0.950694 0.547786 0.035648 0.035677
0 0.108102 0.933203 0.063426 0.020052
0 0.399306 0.776953 0.034722 0.035677
0 0.797917 0.115495 0.026389 0.046094
0 0.807176 0.343099 0.100463 0.011719
0 0.253935 0.872005 0.021759 0.053906
0 0.848843 0.275651 0.035648 0.033073
0 0.719213 0.312109 0.035648 0.033073
0 0.337269 0.735286 0.058796 0.020052
0 0.045139 0.452734 0.030093 0.038281
0 0.219213 0.861589 0.026389 0.043490
0 0.338426 0.742839 0.079630 0.014323
0 0.290972 0.334245 0.021759 0.051302
0 0.156713 0.115495 0.031019 0.035677
0 0.209954 0.707943 0.063426 0.017448
0 0.814120 0.360286 0.031019 0.035677
0 0.170602 0.202734 0.021759 0.048698
0 0.068750 0.411068 0.086574 0.012240
0 0.823380 0.236589 0.031019 0.033073
0 0.841898 0.125911 0.068056 0.014844
0 0.328009 0.139974 0.058796 0.016927
0 0.767824 0.499609 0.021759 0.043490
0 0.772454 0.238542 0.058796 0.016146
0 0.121991 0.235286 0.063426 0.014844
0 0.899769 0.393880 0.026389 0.035156
0 0.913657 0.569922 0.072685 0.012240
0 0.642824 0.381120 0.021759 0.040885
0 0.598843 0.267839 0.017130 0.048698
0 0.244676 0.942318 0.068056 0.012240
0 0.073380 0.265234 0.068056 0.012240
0 0.168287 0.922786 0.054167 0.014844
0 0.190972 0.264583 0.071759 0.010937
0 0.929861 0.321224 0.021759 0.035677
0 0.089583 0.653255 0.017130 0.043490
0 0.790972 0.138932 0.049537 0.014844
0 0.084954 0.457292 0.017130 0.042188
0 0.071065 0.345703 0.026389 0.027344
0 0.406713 0.442318 0.021759 0.033073
0 0.110417 0.494401 0.021759 0.033073
0 0.175231 0.726823 0.049537 0.013542
0 0.172917 0.153255 0.054167 0.012240
0 0.834954 0.452734 0.017130 0.038281
0 0.756250 0.424089 0.017130 0.038281
0 0.010880 0.858984 0.017130 0.038281
0 0.626620 0.200130 0.017130 0.038281
0 0.093750 0.279557 0.043981 0.014844
0 0.200694 0.568359 0.026389 0.024740
0 0.344213 0.345703 0.017130 0.037760
0 0.047917 0.186458 0.017130 0.036979
0 0.158565 0.851172 0.016204 0.038281
0 0.214583 0.274349 0.063426 0.009635
0 0.052083 0.489844 0.025463 0.023958
0 0.917824 0.362891 0.062500 0.009635
0 0.297454 0.719661 0.062500 0.009635
0 0.047917 0.530599 0.017130 0.032552
0 0.563657 0.203776 0.057870 0.009115
0 0.431713 0.617839 0.053241 0.009115
0 0.696065 0.192057 0.017130 0.027344
0 0.008565 0.545182 0.012500 0.035677
0 0.961806 0.672786 0.011574 0.035677
0 0.929398 0.682943 0.011574 0.035156
0 0.399769 0.251042 0.053241 0.041146
0 0.295370 0.244401 0.084259 0.014323
0 0.304167 0.194010 0.046296 0.027604
0 0.248843 0.192188 0.042130 0.029167
0 0.204630 0.208333 0.036111 0.023958
0 0.113889 0.211068 0.046296 0.040885
0 0.073611 0.218750 0.067593 0.025000
0 0.472454 0.164974 0.039352 0.033594
0 0.691667 0.207552 0.072222 0.035417
0 0.733796 0.111719 0.075926 0.044792
0 0.708796 0.112500 0.064815 0.022396
0 0.675000 0.131901 0.025926 0.052865
0 0.625231 0.126172 0.062500 0.024219
0 0.724537 0.148958 0.054630 0.036458
0 0.774306 0.158854 0.068981 0.038021
0 0.890278 0.107943 0.054630 0.033073
0 0.887731 0.120573 0.040278 0.039583
0 0.908565 0.123307 0.027315 0.036719
0 0.927778 0.128255 0.048148 0.035677
0 0.907176 0.158854 0.061574 0.043229
0 0.934954 0.163281 0.087500 0.051562
0 0.934954 0.186849 0.086574 0.033594
0 0.815509 0.177214 0.060648 0.024740
0 0.761574 0.192708 0.048148 0.040104
0 0.794907 0.195182 0.060185 0.013281
0 0.855093 0.201563 0.067593 0.023958
0 0.944907 0.213672 0.062037 0.029948
0 0.812731 0.210677 0.027315 0.023958
0 0.793750 0.225130 0.027315 0.049740
0 0.769907 0.229167 0.050926 0.019792
0 0.865972 0.220182 0.029167 0.025260
0 0.924074 0.221094 0.039815 0.027604
0 0.874074 0.264062 0.031481 0.052083
0 0.914815 0.250911 0.069444 0.031510
0 0.956481 0.251953 0.024074 0.055469
0 0.778241 0.268359 0.068519 0.018490
0 0.793519 0.269010 0.032407 0.036979
0 0.654630 0.334635 0.050000 0.032292
0 0.539815 0.375000 0.066667 0.045312
0 0.484491 0.319271 0.055093 0.020833
0 0.566204 0.312760 0.025926 0.048438
0 0.514352 0.281901 0.051852 0.031510
0 0.677315 0.253646 0.041667 0.016146
0 0.042593 0.153906 0.052778 0.036979
0 0.079630 0.144401 0.053704 0.037760
0 0.143056 0.135677 0.066667 0.034375
0 0.198380 0.119271 0.042130 0.031250
0 0.172454 0.140104 0.068056 0.024479
0 0.140509 0.260026 0.029167 0.029427
0 0.122222 0.318229 0.056481 0.040625
0 0.163194 0.299740 0.031944 0.030729
0 0.904398 0.483073 0.025463 0.041667
0 0.890972 0.488932 0.052315 0.019531
0 0.872222 0.483724 0.046296 0.039323
0 0.943287 0.455469 0.033796 0.042708
0 0.931713 0.475130 0.031019 0.052344
0 0.919444 0.513932 0.055556 0.044010
0 0.935648 0.537109 0.055556 0.042969
0 0.349769 0.919661 0.040278 0.048698
0 0.315509 0.905599 0.041204 0.022135
0 0.232407 0.902474 0.127778 0.054948
0 0.167824 0.887240 0.030093 0.032292
0 0.112037 0.858594 0.056481 0.036458
0 0.079861 0.833594 0.023611 0.050000
0 0.219676 0.809896 0.057870 0.042188
0 0.247454 0.776693 0.080093 0.036719
0 0.294444 0.779687 0.046296 0.023958
0 0.343519 0.765104 0.047222 0.028125
0 0.337731 0.810417 0.049537 0.035937
0 0.374537 0.816016 0.059259 0.030469
0 0.434259 0.823828 0.046296 0.021615
0 0.412269 0.850260 0.058796 0.019792
0 0.361574 0.851172 0.053704 0.012240
0 0.307639 0.864453 0.090278 0.012760
0 0.298148 0.851953 0.069444 0.023177
0 0.311574 0.839583 0.087037 0.015625
0 0.204630 0.911979 0.055556 0.033854
0 0.348611 0.870052 0.085185 0.022917
0 0.108333 0.745182 0.053704 0.035156
0 0.055093 0.737630 0.073148 0.030990
0 0.070833 0.713411 0.042593 0.030990
0 0.092361 0.686328 0.055093 0.040365
0 0.085880 0.692839 0.072685 0.021094
0 0.179167 0.688932 0.101852 0.013802
0 0.214352 0.682682 0.042593 0.034635
0 0.294907 0.666927 0.064815 0.022917
0 0.166898 0.669661 0.042130 0.025260
0 0.231019 0.729167 0.059259 0.041146
0 0.212731 0.723047 0.055093 0.039323
0 0.160417 0.751432 0.069907 0.042448
0 0.212963 0.647786 0.026852 0.041927
0 0.235185 0.636589 0.078704 0.016927
0 0.233333 0.590625 0.054630 0.039583
0 0.316898 0.563932 0.049537 0.016927
0 0.411806 0.561458 0.047685 0.026562
0 0.641898 0.516406 0.050463 0.017708
0 0.082870 0.565755 0.049074 0.040885
0 0.095602 0.589974 0.089352 0.031510
0 0.118981 0.619661 0.064815 0.035677
0 0.207407 0.548307 0.094444 0.031510
0 0.175231 0.545703 0.042130 0.024219
0 0.131250 0.545182 0.029167 0.049740
0 0.111343 0.538021 0.026389 0.045833
0 0.331481 0.526693 0.074074 0.037240
0 0.395370 0.508854 0.070370 0.035937
0 0.388194 0.480859 0.055093 0.047656
0 0.297685 0.471354 0.049074 0.029167
0 0.237269 0.460938 0.074537 0.047917
0 0.228009 0.460807 0.090278 0.023177
0 0.243287 0.433073 0.086574 0.016667
0 0.300926 0.422266 0.055556 0.034635
0 0.302778 0.402865 0.056481 0.036458
0 0.193519 0.414583 0.062963 0.038542
0 0.093287 0.553125 0.039352 0.030208
0 0.865509 0.386198 0.049537 0.029687
0 0.874769 0.363411 0.050463 0.036198
0 0.934954 0.345443 0.068056 0.040885
0 0.912269 0.297396 0.056944 0.033333
