0 0.764583 0.332161 0.052315 0.031510
0 0.890509 0.192318 0.146759 0.038281
0 0.615046 0.500651 0.123611 0.029948
0 0.443750 0.843359 0.058796 0.053906
0 0.457639 0.383724 0.095833 0.030469
0 0.084954 0.103516 0.044907 0.063802
0 0.915509 0.218359 0.094907 0.027865
0 0.302083 0.148047 0.053241 0.048698
0 0.506250 0.216146 0.044907 0.049479
0 0.395139 0.762370 0.044907 0.048177
0 0.608102 0.103776 0.035648 0.059115
0 0.045602 0.162370 0.040278 0.046094
0 0.318287 0.519141 0.039352 0.046094
0 0.774306 0.467057 0.043981 0.040885
0 0.253935 0.218359 0.040278 0.043490
0 0.409028 0.088151 0.035648 0.048698
0 0.637037 0.301693 0.075000 0.022656
0 0.258565 0.108984 0.095833 0.017448
0 0.411343 0.460547 0.095833 0.017448
0 0.156713 0.787370 0.040278 0.040885
0 0.765046 0.084245 0.081019 0.020052
0 0.332176 0.170182 0.039352 0.040885
0 0.140509 0.098958 0.035648 0.044271
0 0.156713 0.177995 0.077315 0.020052
0 0.508565 0.095964 0.068056 0.022656
0 0.024769 0.106120 0.035648 0.042969
0 0.422917 0.168620 0.035648 0.042969
0 0.632407 0.349870 0.102778 0.014844
0 0.376157 0.385026 0.034722 0.043490
0 0.265509 0.796484 0.081944 0.017448
0 0.547917 0.010026 0.081944 0.017448
0 0.316435 0.879818 0.081944 0.017448
0 0.844213 0.173828 0.081944 0.016927
0 0.069444 0.814714 0.078704 0.017448
0 0.316435 0.560807 0.026389 0.051302
0 0.179861 0.563411 0.021759 0.061719
0 0.901620 0.497005 0.030093 0.043490
0 0.045602 0.127214 0.021759 0.059115
0 0.492361 0.073828 0.035648 0.035677
0 0.061806 0.404557 0.035648 0.035677
0 0.756250 0.302995 0.063426 0.020052
0 0.281713 0.498307 0.031019 0.040885
0 0.656713 0.177083 0.031019 0.039062
0 0.580324 0.103776 0.035648 0.033073
0 0.376157 0.214453 0.025463 0.046094
0 0.265046 0.778906 0.062500 0.018750
0 0.225694 0.103776 0.067130 0.017448
0 0.517824 0.181641 0.068056 0.016927
0 0.281250 0.137630 0.030093 0.038281
0 0.309491 0.847266 0.021759 0.051302
0 0.589583 0.395443 0.063426 0.017448
0 0.784028 0.198828 0.026389 0.040885
0 0.605787 0.267839 0.086574 0.012240
0 0.050231 0.314714 0.021759 0.048698
0 0.795602 0.111589 0.031019 0.033073
0 0.253935 0.619401 0.058796 0.017448
0 0.337269 0.073828 0.068056 0.014844
0 0.233102 0.569922 0.026389 0.038281
0 0.726157 0.099870 0.068056 0.014844
0 0.853472 0.679036 0.026389 0.037760
0 0.119676 0.084896 0.031019 0.031771
0 0.707639 0.142839 0.021759 0.043490
0 0.031713 0.460547 0.021759 0.043490
0 0.887731 0.552734 0.030093 0.029948
0 0.288657 0.388932 0.091204 0.009635
0 0.432176 0.827734 0.026389 0.033073
0 0.314120 0.008724 0.058796 0.014844
0 0.131250 0.216797 0.091204 0.009115
0 0.402083 0.312109 0.068056 0.012240
0 0.855787 0.293880 0.068056 0.012240
0 0.075231 0.266536 0.025463 0.030469
0 0.557176 0.095964 0.026389 0.027865
0 0.471528 0.085547 0.021759 0.033073
0 0.619213 0.434505 0.057870 0.012240
0 0.089583 0.170182 0.017130 0.040885
0 0.955324 0.569271 0.017130 0.039583
0 0.793287 0.141276 0.072685 0.009115
0 0.216898 0.224870 0.021759 0.030469
0 0.223843 0.783464 0.054167 0.012240
0 0.350000 0.866536 0.056481 0.011719
0 0.679861 0.292578 0.068056 0.009635
0 0.052546 0.555599 0.017130 0.035677
0 0.853472 0.620703 0.017130 0.035677
0 0.177546 0.123307 0.063426 0.009635
0 0.027083 0.241797 0.049537 0.012240
0 0.286343 0.840755 0.049537 0.012240
0 0.455324 0.163672 0.017130 0.033073
0 0.116204 0.482682 0.014815 0.035677
0 0.441435 0.344401 0.017130 0.029948
0 0.209954 0.414323 0.017130 0.029167
0 0.240046 0.253516 0.049537 0.009635
0 0.624306 0.636328 0.049537 0.009635
0 0.267824 0.818359 0.049537 0.009115
0 0.804861 0.530859 0.012500 0.033073
0 0.538194 0.162370 0.016204 0.025260
0 0.858102 0.473568 0.017130 0.022656
0 0.432176 0.223307 0.017130 0.022135
0 0.367130 0.738542 0.075000 0.038021
0 0.315509 0.747656 0.069907 0.034375
0 0.282176 0.744271 0.017130 0.047396
0 0.609954 0.216146 0.018056 0.036458
0 0.568519 0.234766 0.049074 0.036198
0 0.635880 0.244531 0.049537 0.020313
0 0.688194 0.211719 0.044907 0.032292
0 0.684028 0.194271 0.031944 0.020833
0 0.659028 0.205990 0.037500 0.035937
0 0.634259 0.184115 0.043519 0.027604
0 0.673380 0.138802 0.055093 0.030729
0 0.658333 0.154818 0.070370 0.022135
0 0.888889 0.108073 0.063889 0.038021
0 0.855556 0.147917 0.091667 0.028125
0 0.941435 0.147396 0.067130 0.013542
0 0.953472 0.130599 0.048611 0.057552
0 0.172685 0.339062 0.067593 0.027604
0 0.125231 0.242839 0.048611 0.037760
0 0.144444 0.249219 0.118519 0.050521
0 0.115972 0.270313 0.045833 0.034896
0 0.097917 0.327734 0.034722 0.033594
0 0.100694 0.346615 0.055093 0.031250
0 0.190972 0.379688 0.084722 0.014063
0 0.128935 0.390234 0.067130 0.023177
0 0.092130 0.423438 0.075000 0.036979
0 0.149074 0.445573 0.056481 0.034375
0 0.209259 0.457161 0.092593 0.017448
0 0.071065 0.566667 0.031019 0.039583
0 0.079398 0.577083 0.029167 0.040625
0 0.035417 0.606901 0.054167 0.042448
0 0.072454 0.616016 0.085648 0.040365
0 0.062963 0.601693 0.043519 0.027344
0 0.131713 0.593490 0.069907 0.008333
0 0.124306 0.604557 0.076389 0.009635
0 0.451389 0.501302 0.085185 0.015625
0 0.502083 0.448568 0.032870 0.026823
0 0.453935 0.425391 0.049537 0.040885
0 0.369907 0.431120 0.075926 0.038281
0 0.336574 0.427214 0.043519 0.040365
0 0.295833 0.447266 0.050926 0.040365
0 0.315741 0.476562 0.051852 0.032292
0 0.533333 0.456771 0.066667 0.016667
0 0.572917 0.468229 0.055093 0.014063
0 0.555787 0.478646 0.058796 0.014063
0 0.539815 0.385937 0.069444 0.014063
0 0.534954 0.386589 0.047685 0.035156
0 0.377778 0.788021 0.073148 0.028125
0 0.362963 0.805469 0.089815 0.019792
0 0.368056 0.838151 0.074074 0.038281
0 0.076620 0.840885 0.081944 0.023958
0 0.019907 0.842187 0.029630 0.041667
0 0.030787 0.799870 0.056019 0.027865
0 0.092130 0.784375 0.078704 0.038542
0 0.066435 0.759635 0.094907 0.013542
0 0.194676 0.745052 0.068056 0.022917
0 0.230556 0.722917 0.031481 0.031771
0 0.168287 0.721354 0.056019 0.027083
0 0.059954 0.734766 0.081944 0.021615
0 0.045602 0.726172 0.026389 0.049740
0 0.026620 0.693880 0.024537 0.052865
0 0.097917 0.655599 0.068981 0.041927
0 0.124537 0.651432 0.042593 0.043490
0 0.252778 0.529036 0.052778 0.050260
0 0.623148 0.547396 0.058333 0.046875
0 0.621065 0.536458 0.082870 0.019792
0 0.840278 0.528125 0.044444 0.028125
0 0.429861 0.886068 0.066204 0.025260
0 0.502546 0.891667 0.026389 0.030729
0 0.454630 0.508464 0.049074 0.048177
0 0.622454 0.377474 0.054167 0.016927
0 0.698380 0.361198 0.084722 0.016667
0 0.498380 0.254297 0.088426 0.042448
0 0.333102 0.297396 0.059722 0.029167
0 0.690741 0.080208 0.065741 0.028125
0 0.903935 0.335156 0.079167 0.045312
0 0.928935 0.367969 0.036574 0.040625
0 0.921065 0.438411 0.042130 0.034115
0 0.852546 0.444401 0.085648 0.026823
0 0.041898 0.496484 0.059722 0.040365
0 0.760648 0.361589 0.057407 0.030990
0 0.809722 0.328646 0.025926 0.030729
0 0.797222 0.371745 0.046296 0.017969
0 0.371296 0.359115 0.052778 0.031250
0 0.238889 0.664323 0.056481 0.056771
0 0.397685 0.610286 0.062037 0.029427
0 0.606019 0.583854 0.083333 0.046354
0 0.654861 0.607552 0.061574 0.016146
0 0.610648 0.307812 0.043519 0.030208
0 0.650000 0.322005 0.037037 0.029427
0 0.680093 0.325000 0.044444 0.026042
0 0.387500 0.171094 0.047222 0.036458
0 0.442130 0.211849 0.092593 0.023177
0 0.377315 0.237630 0.074074 0.033073
0 0.365509 0.254036 0.068981 0.017448
0 0.134028 0.168490 0.106019 0.068229
0 0.487963 0.158203 0.044444 0.035156
0 0.510648 0.125130 0.024074 0.033073
0 0.337731 0.108333 0.043981 0.032292
0 0.372917 0.097396 0.035648 0.027604
0 0.592824 0.142839 0.052315 0.049219
0 0.801852 0.091536 0.073148 0.024740
0 0.726389 0.263542 0.055556 0.029167
0 0.759722 0.382812 0.031481 0.034375
