0 0.300231 0.427995 0.132870 0.035677
0 0.390509 0.598568 0.054167 0.069531
0 0.052546 0.250000 0.040278 0.028646
0 0.837269 0.835286 0.058796 0.058594
0 0.527083 0.675391 0.058796 0.056510
0 0.346065 0.724870 0.057870 0.056510
0 0.823380 0.231380 0.049537 0.059115
0 0.513194 0.599609 0.049537 0.055990
0 0.189120 0.696224 0.040278 0.066927
0 0.080324 0.497005 0.044907 0.059115
0 0.168287 0.436198 0.100463 0.026042
0 0.439120 0.496354 0.095833 0.026562
0 0.925231 0.344010 0.049537 0.050000
0 0.746991 0.765234 0.044907 0.053906
0 0.677546 0.257161 0.044907 0.053385
0 0.721065 0.468359 0.039352 0.059115
0 0.147454 0.399740 0.049537 0.046875
0 0.672917 0.586849 0.044907 0.051302
0 0.809491 0.881120 0.049537 0.046094
0 0.554861 0.896745 0.086574 0.025260
0 0.193750 0.538672 0.040278 0.053906
0 0.045602 0.730078 0.040278 0.051302
0 0.434491 0.584245 0.040278 0.051302
0 0.647454 0.420833 0.077315 0.026562
0 0.281713 0.845313 0.077315 0.026562
0 0.901620 0.137630 0.113426 0.017448
0 0.876620 0.712500 0.035648 0.055208
0 0.767824 0.449479 0.031019 0.063021
0 0.726157 0.336849 0.123611 0.014844
0 0.022454 0.806901 0.031019 0.059115
0 0.862731 0.550391 0.044907 0.040885
0 0.404398 0.662370 0.035648 0.051302
0 0.640509 0.546224 0.081944 0.022135
0 0.853009 0.500911 0.043981 0.040885
0 0.064120 0.885026 0.040278 0.043490
0 0.179861 0.317318 0.077315 0.022656
0 0.052546 0.786068 0.035648 0.048698
0 0.785185 0.123307 0.084259 0.020052
0 0.781713 0.507422 0.095833 0.017448
0 0.506250 0.562109 0.072685 0.022656
0 0.494676 0.505859 0.040278 0.040365
0 0.420602 0.901953 0.031019 0.051302
0 0.705324 0.192318 0.091204 0.017448
0 0.453009 0.883724 0.031019 0.051302
0 0.390046 0.840495 0.071759 0.022135
0 0.406250 0.364844 0.039352 0.039583
0 0.804861 0.934505 0.040278 0.038281
0 0.816435 0.358724 0.035648 0.042969
0 0.756250 0.670182 0.026389 0.056510
0 0.487731 0.638932 0.100463 0.014844
0 0.307176 0.656901 0.035648 0.040365
0 0.478472 0.280599 0.026389 0.053385
0 0.351157 0.775651 0.021759 0.064323
0 0.631250 0.822266 0.063426 0.022135
0 0.675231 0.914323 0.031019 0.044792
0 0.865046 0.909505 0.095833 0.014323
0 0.904398 0.775651 0.035648 0.038281
0 0.212269 0.386328 0.068056 0.020052
0 0.179861 0.860286 0.068056 0.020052
0 0.258102 0.564714 0.076389 0.017448
0 0.469213 0.569531 0.026389 0.049479
0 0.251620 0.590495 0.109722 0.011719
0 0.140509 0.851172 0.026389 0.048698
0 0.920602 0.446224 0.021759 0.056510
0 0.559028 0.183854 0.076389 0.016146
0 0.741898 0.242839 0.034722 0.035156
0 0.816435 0.789974 0.081944 0.014844
0 0.848843 0.180599 0.026389 0.046094
0 0.413657 0.589453 0.026389 0.046094
0 0.432176 0.664974 0.026389 0.046094
0 0.109954 0.560547 0.030093 0.040365
0 0.135880 0.570964 0.026389 0.045573
0 0.378935 0.760026 0.031019 0.038281
0 0.591898 0.814453 0.068056 0.016927
0 0.642824 0.847266 0.077315 0.014844
0 0.698380 0.795182 0.077315 0.014844
0 0.844213 0.442057 0.026389 0.042969
0 0.902083 0.829036 0.021759 0.051302
0 0.408565 0.694922 0.062500 0.017448
0 0.100694 0.217057 0.020833 0.051302
0 0.186806 0.487630 0.026389 0.040365
0 0.966898 0.825130 0.021759 0.048698
0 0.902083 0.866536 0.021759 0.048177
0 0.939120 0.879818 0.031019 0.033073
0 0.661343 0.364193 0.058796 0.017448
0 0.267824 0.405599 0.086574 0.011719
0 0.751620 0.812109 0.026389 0.038281
0 0.918287 0.382422 0.026389 0.038281
0 0.943750 0.251953 0.031019 0.032552
0 0.934491 0.550391 0.021759 0.046094
0 0.721065 0.360286 0.067130 0.014844
0 0.867361 0.753516 0.063426 0.014844
0 0.284028 0.631120 0.063426 0.014844
0 0.072917 0.715755 0.020833 0.043490
0 0.920139 0.817057 0.020833 0.042969
0 0.811806 0.465755 0.072685 0.012240
0 0.932176 0.280859 0.072685 0.012240
0 0.843750 0.806901 0.071759 0.012240
0 0.941435 0.314063 0.054167 0.016146
0 0.561806 0.309505 0.017130 0.048698
0 0.081481 0.318620 0.056481 0.014844
0 0.304861 0.192578 0.049537 0.016927
0 0.226157 0.762630 0.021759 0.038281
0 0.888194 0.546484 0.068056 0.012240
0 0.054861 0.710286 0.021759 0.037760
0 0.126620 0.680599 0.054167 0.014844
0 0.955324 0.425391 0.017130 0.046094
0 0.399769 0.328776 0.026389 0.029948
0 0.913657 0.469401 0.026389 0.029948
0 0.594213 0.880859 0.081944 0.009115
0 0.833796 0.931901 0.061111 0.012240
0 0.674537 0.653255 0.060185 0.012240
0 0.443750 0.398047 0.058796 0.012240
0 0.513194 0.835547 0.058796 0.012240
0 0.577546 0.796484 0.057870 0.012240
0 0.598843 0.537370 0.017130 0.040885
0 0.964583 0.743099 0.017130 0.040885
0 0.319213 0.573568 0.048611 0.014323
0 0.686343 0.493099 0.016204 0.040885
0 0.811806 0.776953 0.044907 0.014844
0 0.253935 0.802995 0.021759 0.030469
0 0.309491 0.542578 0.068056 0.009635
0 0.832176 0.474870 0.067130 0.009635
0 0.274769 0.394141 0.063426 0.009635
0 0.811806 0.329036 0.063426 0.009635
0 0.284028 0.373307 0.017130 0.035677
0 0.278704 0.448568 0.064815 0.009115
0 0.675231 0.119141 0.049537 0.011719
0 0.871528 0.842057 0.016204 0.035677
0 0.028935 0.563411 0.016204 0.035677
0 0.351157 0.386719 0.021759 0.026042
0 0.953009 0.711849 0.021759 0.025260
0 0.411343 0.753255 0.058796 0.009115
0 0.420602 0.505859 0.058796 0.009115
0 0.772454 0.300130 0.049537 0.009115
0 0.353472 0.756120 0.017130 0.025260
0 0.829630 0.905859 0.055556 0.007031
0 0.204861 0.407813 0.034722 0.010937
0 0.010880 0.812760 0.017130 0.021354
0 0.484722 0.911068 0.050926 0.007031
0 0.179861 0.120443 0.054167 0.032552
0 0.291204 0.136979 0.058333 0.041667
0 0.084722 0.136589 0.064815 0.027865
0 0.077778 0.162630 0.057407 0.035156
0 0.030324 0.172656 0.045833 0.034375
0 0.034259 0.219922 0.057407 0.030469
0 0.078472 0.226302 0.039352 0.031250
0 0.102315 0.210938 0.068519 0.014063
0 0.170370 0.191536 0.060185 0.024740
0 0.200926 0.199740 0.050926 0.036458
0 0.209954 0.210938 0.038426 0.032292
0 0.240278 0.230729 0.037037 0.038542
0 0.177778 0.252604 0.042593 0.030729
0 0.162037 0.265365 0.045370 0.014063
0 0.124074 0.267839 0.069444 0.038802
0 0.104398 0.292839 0.059722 0.042969
0 0.073148 0.258464 0.029630 0.030469
0 0.027778 0.281250 0.027778 0.034375
0 0.410417 0.170833 0.070833 0.038021
0 0.071296 0.388411 0.050926 0.041927
0 0.057407 0.388411 0.013889 0.047656
0 0.738657 0.171484 0.071759 0.030469
0 0.834259 0.105990 0.070370 0.026042
0 0.907176 0.108724 0.075463 0.033594
0 0.899074 0.223568 0.080556 0.026302
0 0.880787 0.240755 0.081019 0.021615
0 0.962269 0.187630 0.018981 0.039844
0 0.913426 0.187370 0.068519 0.056510
0 0.890278 0.264323 0.025000 0.038021
0 0.808102 0.301953 0.064352 0.040365
0 0.721991 0.303906 0.056944 0.049479
0 0.700694 0.315495 0.048611 0.030990
0 0.871991 0.369792 0.073611 0.041667
0 0.864352 0.402865 0.047222 0.039062
0 0.787731 0.401693 0.071759 0.031510
0 0.755093 0.373828 0.062963 0.037760
0 0.722454 0.378125 0.076389 0.019271
0 0.589120 0.651302 0.053241 0.043229
0 0.676852 0.700130 0.100000 0.044010
0 0.848843 0.691797 0.068981 0.032031
0 0.631713 0.604036 0.082870 0.049740
0 0.757407 0.545312 0.075000 0.031771
0 0.712269 0.541406 0.061574 0.029687
0 0.809028 0.559635 0.032870 0.041667
0 0.877546 0.479036 0.046759 0.023177
0 0.920833 0.495964 0.064815 0.045052
0 0.176852 0.887500 0.090741 0.023438
0 0.208102 0.879167 0.045833 0.038021
0 0.140741 0.902083 0.033333 0.025000
0 0.111111 0.907813 0.021296 0.045312
0 0.078935 0.908464 0.035648 0.045573
0 0.077315 0.905339 0.055556 0.031510
0 0.312963 0.889323 0.093519 0.013542
0 0.340509 0.870443 0.055093 0.040365
0 0.383333 0.868359 0.058333 0.023698
0 0.457407 0.821875 0.070370 0.020833
0 0.439815 0.795182 0.071296 0.023698
0 0.418287 0.781380 0.044907 0.030990
0 0.447454 0.756510 0.050463 0.025000
0 0.616667 0.767188 0.162037 0.019792
0 0.438194 0.721354 0.071759 0.049479
0 0.324074 0.707812 0.074074 0.046875
0 0.235880 0.718750 0.083796 0.060937
0 0.297917 0.681510 0.092130 0.027083
0 0.156713 0.753776 0.053241 0.034115
0 0.085185 0.773958 0.048148 0.047917
0 0.084491 0.820443 0.071759 0.076302
0 0.162037 0.817057 0.090741 0.017448
0 0.192824 0.806250 0.058796 0.021354
0 0.194444 0.792839 0.062037 0.039323
0 0.245370 0.793880 0.042593 0.039844
0 0.313889 0.800521 0.069444 0.048438
0 0.258333 0.826953 0.045370 0.028906
0 0.264120 0.825521 0.072685 0.016146
0 0.189815 0.841146 0.056481 0.030208
0 0.409722 0.822917 0.050000 0.024479
0 0.525000 0.861068 0.063889 0.042969
0 0.500000 0.868490 0.047222 0.016667
0 0.518287 0.862370 0.043981 0.028906
0 0.648148 0.866276 0.066667 0.019531
0 0.707870 0.803646 0.024074 0.040104
0 0.681250 0.824870 0.055093 0.022656
0 0.711111 0.827474 0.121296 0.020052
0 0.763426 0.842578 0.074074 0.020573
0 0.792593 0.817187 0.022222 0.038021
0 0.755093 0.882292 0.051852 0.034896
0 0.754398 0.913021 0.057870 0.042188
0 0.758565 0.920182 0.083796 0.021615
0 0.655787 0.895312 0.059722 0.030208
0 0.670139 0.915234 0.066204 0.013281
0 0.637731 0.893099 0.086574 0.017448
0 0.231713 0.496875 0.031944 0.041146
0 0.296528 0.486068 0.091204 0.028906
0 0.259491 0.521094 0.043981 0.036458
0 0.307176 0.519661 0.041204 0.028906
0 0.253935 0.645573 0.095833 0.034375
0 0.133565 0.605859 0.089352 0.034115
0 0.198843 0.563802 0.032870 0.040104
0 0.254167 0.560417 0.041667 0.039583
0 0.137269 0.512630 0.039352 0.038281
0 0.145602 0.486458 0.051389 0.026042
0 0.149769 0.462109 0.059722 0.040885
0 0.214583 0.446875 0.038426 0.022917
0 0.219444 0.462630 0.044444 0.035156
0 0.369213 0.545964 0.065278 0.033073
0 0.392824 0.534115 0.052315 0.022917
0 0.513426 0.550260 0.049074 0.028125
0 0.536806 0.522786 0.056019 0.035156
0 0.456481 0.608203 0.049074 0.039323
0 0.478704 0.609115 0.050926 0.027604
