0 0.659028 0.245703 0.118981 0.035677
0 0.536343 0.525651 0.049537 0.085156
0 0.480787 0.285807 0.123611 0.032552
0 0.267824 0.202734 0.058796 0.059115
0 0.559491 0.247005 0.040278 0.074740
0 0.520139 0.904557 0.118981 0.025260
0 0.813657 0.442318 0.104167 0.027865
0 0.126620 0.622005 0.165278 0.017448
0 0.654398 0.295573 0.044907 0.062500
0 0.603009 0.336849 0.053241 0.051302
0 0.341898 0.633724 0.105093 0.025260
0 0.734954 0.778255 0.094907 0.027865
0 0.649769 0.738932 0.044907 0.058594
0 0.899306 0.560807 0.043981 0.056510
0 0.878935 0.890234 0.049537 0.048698
0 0.707639 0.882422 0.040278 0.059115
0 0.638194 0.840495 0.040278 0.058594
0 0.822917 0.225911 0.048611 0.048177
0 0.251620 0.851172 0.081944 0.027865
0 0.797917 0.864193 0.100463 0.022656
0 0.709954 0.819661 0.081944 0.027344
0 0.619676 0.416276 0.095833 0.022656
0 0.735417 0.580078 0.040278 0.053385
0 0.257407 0.664714 0.084259 0.024740
0 0.726157 0.276953 0.040278 0.051302
0 0.961111 0.338151 0.037963 0.053906
0 0.583796 0.615495 0.098148 0.020052
0 0.244676 0.895443 0.086574 0.022656
0 0.786343 0.503516 0.077315 0.025260
0 0.473843 0.470964 0.044907 0.043490
0 0.392361 0.291276 0.039352 0.048698
0 0.267824 0.732031 0.077315 0.023958
0 0.179861 0.166276 0.105093 0.017448
0 0.661343 0.491797 0.077315 0.022656
0 0.133565 0.528255 0.040278 0.043490
0 0.274306 0.296484 0.034722 0.048698
0 0.211111 0.341016 0.075000 0.022135
0 0.371991 0.792318 0.081944 0.019531
0 0.716898 0.693620 0.031019 0.051302
0 0.862731 0.580339 0.026389 0.059115
0 0.858102 0.239193 0.035648 0.043490
0 0.897454 0.595964 0.040278 0.038281
0 0.856481 0.160807 0.069444 0.022135
0 0.932176 0.671224 0.035648 0.042969
0 0.096528 0.327474 0.040278 0.037760
0 0.572917 0.452734 0.067130 0.022656
0 0.080324 0.631120 0.026389 0.056510
0 0.897454 0.717708 0.040278 0.036979
0 0.455324 0.677995 0.072685 0.020052
0 0.125463 0.434505 0.033333 0.043490
0 0.253935 0.248958 0.086574 0.016146
0 0.167130 0.433203 0.024074 0.056510
0 0.594213 0.163672 0.035648 0.038281
0 0.540509 0.362891 0.067130 0.020052
0 0.711806 0.217057 0.067130 0.020052
0 0.790509 0.817318 0.076389 0.017448
0 0.179861 0.582682 0.031019 0.042969
0 0.670602 0.540625 0.031019 0.042188
0 0.950231 0.616146 0.034722 0.036979
0 0.631250 0.524349 0.035648 0.035677
0 0.214583 0.482682 0.035648 0.035677
0 0.573380 0.151953 0.031019 0.040885
0 0.269676 0.701432 0.062500 0.020052
0 0.471528 0.889583 0.077315 0.016146
0 0.471528 0.446224 0.021759 0.056510
0 0.464583 0.236328 0.072685 0.016927
0 0.774306 0.302734 0.034722 0.035156
0 0.177546 0.381120 0.026389 0.046094
0 0.316435 0.696224 0.081944 0.014844
0 0.038657 0.560807 0.026389 0.046094
0 0.790972 0.093750 0.031019 0.039062
0 0.221528 0.642839 0.068056 0.017448
0 0.207639 0.723568 0.031019 0.038281
0 0.376620 0.270443 0.035648 0.033073
0 0.263194 0.472266 0.058796 0.020052
0 0.279398 0.260026 0.035648 0.033073
0 0.925231 0.356380 0.021759 0.053906
0 0.661343 0.914974 0.058796 0.020052
0 0.871528 0.767578 0.099537 0.011719
0 0.221065 0.240495 0.076389 0.014844
0 0.321065 0.752474 0.026389 0.042969
0 0.888194 0.339453 0.021759 0.051302
0 0.385880 0.332943 0.091204 0.012240
0 0.552546 0.306250 0.026389 0.042188
0 0.832639 0.844661 0.031019 0.035677
0 0.647454 0.146745 0.031019 0.035677
0 0.378935 0.177083 0.021759 0.049479
0 0.288657 0.177995 0.026389 0.040885
0 0.802546 0.558203 0.072685 0.014844
0 0.033565 0.530208 0.025463 0.042188
0 0.233102 0.719922 0.026389 0.040365
0 0.221065 0.437109 0.085648 0.012240
0 0.483102 0.703776 0.072685 0.014323
0 0.172917 0.485026 0.072685 0.014323
0 0.249306 0.575130 0.031019 0.033073
0 0.647454 0.450130 0.031019 0.033073
0 0.867361 0.364844 0.054167 0.018750
0 0.899769 0.635026 0.026389 0.038281
0 0.119676 0.632161 0.058796 0.016927
0 0.443287 0.461849 0.020833 0.046094
0 0.138194 0.198828 0.031019 0.030469
0 0.816435 0.280859 0.054167 0.017448
0 0.439120 0.188411 0.031019 0.030469
0 0.580324 0.875911 0.063426 0.014844
0 0.536806 0.648047 0.076389 0.012240
0 0.084954 0.570964 0.026389 0.035156
0 0.598380 0.300651 0.025463 0.035156
0 0.358102 0.444922 0.072685 0.012240
0 0.219213 0.101172 0.072685 0.012240
0 0.800231 0.651953 0.021759 0.040885
0 0.652083 0.529557 0.021759 0.040885
0 0.591898 0.581641 0.058796 0.014844
0 0.818750 0.784766 0.058796 0.014844
0 0.242361 0.142839 0.026389 0.033073
0 0.819907 0.491797 0.070370 0.012240
0 0.080324 0.449870 0.026389 0.032552
0 0.177546 0.215495 0.026389 0.032552
0 0.269676 0.390234 0.025463 0.033073
0 0.240046 0.278255 0.021759 0.038281
0 0.142824 0.809505 0.021759 0.038281
0 0.591435 0.762630 0.067130 0.012240
0 0.578009 0.235937 0.021759 0.036979
0 0.559491 0.597005 0.086574 0.009115
0 0.923611 0.463151 0.064815 0.012240
0 0.348843 0.917578 0.081944 0.009635
0 0.406250 0.494141 0.067130 0.011719
0 0.696065 0.305339 0.017130 0.045573
0 0.466898 0.766536 0.021759 0.035677
0 0.865046 0.474870 0.021759 0.035677
0 0.565972 0.491797 0.062500 0.012240
0 0.469213 0.535807 0.063426 0.011719
0 0.874306 0.792578 0.049537 0.014844
0 0.420602 0.358984 0.058796 0.012240
0 0.117361 0.180599 0.072685 0.009635
0 0.219213 0.610286 0.017130 0.040885
0 0.483102 0.433203 0.017130 0.040885
0 0.135880 0.873307 0.072685 0.009635
0 0.265509 0.178646 0.026389 0.026562
0 0.538657 0.373047 0.072685 0.009115
0 0.624306 0.451432 0.021759 0.030469
0 0.094213 0.291276 0.054167 0.012240
0 0.681713 0.730078 0.043981 0.014844
0 0.432176 0.224609 0.026389 0.024740
0 0.228009 0.573177 0.016204 0.039583
0 0.238889 0.409115 0.075000 0.008333
0 0.061343 0.603516 0.053241 0.011719
0 0.698380 0.366797 0.021759 0.027865
0 0.538657 0.862891 0.061574 0.009635
0 0.332176 0.457943 0.048611 0.012240
0 0.617361 0.649089 0.063426 0.009115
0 0.436343 0.625911 0.016204 0.035677
0 0.580324 0.194922 0.044907 0.012240
0 0.461111 0.339453 0.056481 0.009635
0 0.478009 0.526953 0.053241 0.009635
0 0.506250 0.765625 0.017130 0.028646
0 0.626157 0.669922 0.016204 0.029948
0 0.369676 0.289974 0.049537 0.009635
0 0.533565 0.273047 0.016204 0.027865
0 0.487731 0.718099 0.063426 0.006510
0 0.238194 0.426432 0.034722 0.011719
0 0.008565 0.694531 0.012500 0.013021
0 0.373148 0.826562 0.137963 0.019792
0 0.657870 0.802995 0.033333 0.030990
0 0.692361 0.797526 0.036574 0.022135
0 0.853009 0.795052 0.050463 0.027083
0 0.945139 0.808333 0.053241 0.035937
0 0.925926 0.772396 0.036111 0.032813
0 0.917130 0.747396 0.066667 0.014063
0 0.916435 0.736068 0.085648 0.044531
0 0.825463 0.689193 0.061111 0.034635
0 0.746528 0.715104 0.022685 0.043229
0 0.753935 0.696354 0.052315 0.038021
0 0.755093 0.672135 0.031481 0.039583
0 0.725463 0.647786 0.062963 0.022656
0 0.829630 0.627083 0.048148 0.038021
0 0.922685 0.652995 0.050000 0.039844
0 0.142361 0.900651 0.078241 0.032031
0 0.502778 0.802995 0.045370 0.051823
0 0.537269 0.798698 0.036574 0.061458
0 0.435648 0.761849 0.042593 0.034635
0 0.359491 0.751172 0.062500 0.052344
0 0.410417 0.698047 0.049537 0.047656
0 0.569676 0.680469 0.079167 0.033333
0 0.577778 0.709505 0.071296 0.031510
0 0.627083 0.714063 0.053241 0.017188
0 0.574537 0.721094 0.052778 0.011458
0 0.577083 0.735417 0.057870 0.012500
0 0.662269 0.685937 0.090278 0.026562
0 0.690509 0.591146 0.078241 0.044792
0 0.693519 0.625651 0.065741 0.042448
0 0.656250 0.644401 0.082870 0.030469
0 0.668519 0.664714 0.044444 0.037240
0 0.617361 0.618359 0.080093 0.046615
0 0.435648 0.593359 0.085185 0.034115
0 0.439815 0.604557 0.054630 0.024219
0 0.418750 0.589193 0.147685 0.050781
0 0.347222 0.580729 0.078704 0.051562
0 0.270370 0.608333 0.078704 0.041667
0 0.182870 0.669271 0.054630 0.042188
0 0.109259 0.122396 0.055556 0.035417
0 0.152083 0.139714 0.081019 0.020052
0 0.203935 0.141016 0.049537 0.029427
0 0.104630 0.144271 0.027778 0.042188
0 0.099074 0.149870 0.075926 0.025260
0 0.296065 0.141016 0.077315 0.059635
0 0.355556 0.132552 0.056481 0.032292
0 0.415972 0.135156 0.039352 0.038542
0 0.449306 0.140104 0.045833 0.014063
0 0.482870 0.128646 0.045370 0.041146
0 0.693287 0.146615 0.050463 0.030729
0 0.771759 0.151693 0.065741 0.028906
0 0.769907 0.175651 0.072222 0.045573
0 0.765046 0.183333 0.048611 0.026562
0 0.871991 0.186068 0.077315 0.034115
0 0.911806 0.194141 0.063426 0.039844
0 0.965741 0.127604 0.061111 0.033854
0 0.903009 0.103385 0.060648 0.037500
0 0.871296 0.090234 0.036111 0.035677
0 0.850000 0.094271 0.045370 0.026562
0 0.727778 0.110286 0.084259 0.028385
0 0.166667 0.196615 0.033333 0.031250
0 0.131713 0.213802 0.077315 0.017708
0 0.142130 0.263802 0.078704 0.027604
0 0.243519 0.267578 0.097222 0.012240
0 0.182176 0.315365 0.059722 0.038021
0 0.268287 0.322266 0.081019 0.012240
0 0.349306 0.320052 0.052315 0.030208
0 0.304861 0.345182 0.067130 0.016927
0 0.332176 0.354297 0.059722 0.025260
0 0.383102 0.362109 0.044907 0.026302
0 0.420370 0.389323 0.068519 0.031771
0 0.452546 0.378255 0.039352 0.030469
0 0.387731 0.405208 0.076389 0.035417
0 0.376620 0.423828 0.073611 0.037240
0 0.223611 0.365234 0.044444 0.038281
0 0.092593 0.303255 0.075926 0.021094
0 0.184028 0.237370 0.040278 0.038281
0 0.122454 0.417057 0.070833 0.041406
0 0.621759 0.189714 0.070370 0.032552
0 0.678704 0.203776 0.061111 0.039323
0 0.721528 0.185286 0.053241 0.041927
0 0.694213 0.186328 0.024537 0.041927
0 0.853935 0.234375 0.029167 0.034896
0 0.744213 0.235286 0.056019 0.042969
0 0.558796 0.201953 0.067593 0.053906
0 0.535648 0.166927 0.034259 0.020833
0 0.439120 0.207813 0.079167 0.013542
0 0.439815 0.206250 0.045370 0.029687
0 0.500463 0.210547 0.054630 0.021094
0 0.454398 0.551432 0.056944 0.023177
0 0.416898 0.527734 0.086574 0.038281
0 0.300231 0.532552 0.081019 0.036458
0 0.328472 0.509115 0.031944 0.031771
0 0.352315 0.526042 0.025000 0.036979
0 0.311806 0.507812 0.031944 0.029687
0 0.267361 0.506901 0.072685 0.032552
0 0.248843 0.503125 0.091204 0.027083
0 0.195602 0.516797 0.038426 0.023177
0 0.156019 0.551953 0.041667 0.021094
0 0.121065 0.573828 0.028241 0.036198
0 0.215278 0.543359 0.067593 0.039323
0 0.227546 0.544661 0.045833 0.031510
0 0.090509 0.519010 0.018981 0.045833
0 0.109954 0.491797 0.033796 0.045052
0 0.135880 0.473698 0.020833 0.028125
0 0.285417 0.434766 0.052315 0.029948
0 0.398380 0.472396 0.044907 0.018229
0 0.424074 0.454297 0.057407 0.026302
0 0.733102 0.515755 0.053241 0.027344
0 0.820370 0.513021 0.077778 0.035937
0 0.753935 0.457813 0.061574 0.040625
0 0.709028 0.421745 0.043981 0.035156
0 0.711806 0.390495 0.063426 0.035677
0 0.686111 0.390625 0.050000 0.028646
0 0.790972 0.382292 0.057870 0.027083
0 0.736111 0.363932 0.025926 0.030469
0 0.747917 0.352344 0.028241 0.023958
0 0.786111 0.322917 0.046296 0.034896
0 0.766667 0.326302 0.048148 0.023958
0 0.835417 0.323047 0.030093 0.046094
0 0.770370 0.304818 0.039815 0.040885
0 0.662731 0.282422 0.032870 0.038281
0 0.645833 0.305208 0.026852 0.064062
0 0.173611 0.486328 0.039815 0.035156
0 0.231944 0.460677 0.059259 0.031771
0 0.486111 0.485807 0.052778 0.048177
0 0.434722 0.497656 0.042593 0.050521
0 0.491898 0.408073 0.085648 0.032292
0 0.565046 0.414974 0.045833 0.035156
0 0.620602 0.436719 0.064352 0.025000
0 0.490046 0.358073 0.044907 0.026562
0 0.476157 0.321224 0.090278 0.035677
0 0.519213 0.346484 0.066204 0.022656
0 0.565972 0.345833 0.056944 0.034375
0 0.653935 0.367578 0.042130 0.029427
0 0.898843 0.311198 0.067130 0.026042
0 0.843287 0.391536 0.038426 0.033073
0 0.885648 0.404687 0.093519 0.020313
0 0.906713 0.436328 0.069907 0.034635
0 0.965509 0.417969 0.042130 0.046875
0 0.963194 0.446745 0.049537 0.045052
0 0.920370 0.495443 0.019444 0.045052
0 0.920139 0.872266 0.030093 0.061719
0 0.879861 0.522917 0.056019 0.035937
0 0.599769 0.476953 0.040278 0.032552
0 0.595833 0.512760 0.019444 0.038542
0 0.585648 0.534635 0.050000 0.028646
