0 0.381250 0.744401 0.091204 0.090365
0 0.684491 0.500911 0.086574 0.092969
0 0.189120 0.498307 0.068056 0.082552
0 0.523611 0.831641 0.125926 0.035677
0 0.545602 0.597266 0.095833 0.030469
0 0.131250 0.698828 0.091204 0.030469
0 0.652083 0.614193 0.049537 0.053906
0 0.253935 0.172786 0.105093 0.025260
0 0.825694 0.143880 0.091204 0.024740
0 0.909028 0.179036 0.100463 0.022135
0 0.202778 0.829557 0.078704 0.011719
0 0.149769 0.266536 0.035648 0.056510
0 0.042130 0.184505 0.033333 0.059115
0 0.045602 0.189714 0.086574 0.022656
0 0.496991 0.554036 0.109722 0.016927
0 0.596528 0.497005 0.031019 0.059115
0 0.608102 0.732682 0.072685 0.025260
0 0.172917 0.154557 0.091204 0.020052
0 0.267824 0.532161 0.086574 0.020052
0 0.462269 0.383724 0.040278 0.040885
0 0.566435 0.093359 0.072685 0.022656
0 0.811806 0.236589 0.091204 0.017448
0 0.309491 0.331641 0.077315 0.020052
0 0.242361 0.285807 0.091204 0.016927
0 0.240046 0.348568 0.040278 0.038281
0 0.274769 0.730078 0.035648 0.040885
0 0.560648 0.193620 0.070370 0.020052
0 0.131250 0.416276 0.035648 0.038281
0 0.168287 0.515234 0.026389 0.048698
0 0.915972 0.138932 0.086574 0.014844
0 0.876620 0.744401 0.026389 0.048698
0 0.751620 0.107682 0.063426 0.020052
0 0.330324 0.642839 0.072685 0.017448
0 0.228472 0.131120 0.081944 0.014844
0 0.110417 0.319922 0.031019 0.038281
0 0.709954 0.237630 0.081944 0.014323
0 0.197917 0.438411 0.057870 0.020052
0 0.494676 0.238932 0.068056 0.016927
0 0.394676 0.538672 0.034722 0.033073
0 0.525926 0.632422 0.065741 0.017448
0 0.124306 0.818359 0.021759 0.050781
0 0.357639 0.470964 0.025463 0.043490
0 0.443750 0.138932 0.031019 0.035677
0 0.483102 0.266536 0.072685 0.014844
0 0.566435 0.576172 0.026389 0.040365
0 0.091898 0.122005 0.031019 0.033073
0 0.101157 0.179297 0.077315 0.012240
0 0.260880 0.270443 0.054167 0.017448
0 0.159028 0.448828 0.026389 0.035677
0 0.446065 0.097266 0.026389 0.035677
0 0.020139 0.162370 0.026389 0.035677
0 0.108102 0.400651 0.072685 0.012240
0 0.547917 0.108984 0.072685 0.012240
0 0.436343 0.338151 0.071759 0.012240
0 0.027083 0.383464 0.021759 0.040365
0 0.527083 0.717057 0.058796 0.014844
0 0.733102 0.723307 0.026389 0.032552
0 0.656250 0.605078 0.020833 0.040885
0 0.145139 0.138932 0.054167 0.014844
0 0.196065 0.379818 0.063426 0.012240
0 0.781713 0.269141 0.021759 0.035677
0 0.094213 0.444922 0.063426 0.012240
0 0.388194 0.110286 0.049537 0.014844
0 0.198380 0.202734 0.058796 0.012240
0 0.015046 0.338151 0.025463 0.027865
0 0.631250 0.452083 0.026389 0.026562
0 0.728009 0.094661 0.071759 0.009635
0 0.351157 0.505469 0.049537 0.013542
0 0.506250 0.223568 0.054167 0.012240
0 0.744676 0.685807 0.021759 0.030469
0 0.689120 0.894141 0.068056 0.009635
0 0.781713 0.638932 0.068056 0.009635
0 0.184491 0.802734 0.021759 0.029948
0 0.098380 0.466797 0.025463 0.024740
0 0.260880 0.477474 0.063426 0.009635
0 0.605787 0.179297 0.049537 0.012240
0 0.457639 0.888932 0.058796 0.009635
0 0.534028 0.283203 0.017130 0.032552
0 0.837269 0.300391 0.021759 0.025260
0 0.156713 0.401693 0.021759 0.024740
0 0.742361 0.154557 0.054167 0.009635
0 0.478009 0.144141 0.053241 0.009635
0 0.364120 0.102995 0.085648 0.066927
0 0.729398 0.208854 0.025463 0.040625
0 0.716435 0.173177 0.051389 0.026042
0 0.661574 0.167578 0.056481 0.027344
0 0.247454 0.082682 0.036574 0.039323
0 0.303935 0.075521 0.052315 0.026562
0 0.130787 0.094010 0.033796 0.036458
0 0.372454 0.151042 0.079167 0.020833
0 0.430556 0.158854 0.062037 0.010937
0 0.509722 0.160938 0.051852 0.031250
0 0.469213 0.183464 0.056944 0.024219
0 0.133796 0.223568 0.064815 0.025260
0 0.267361 0.231120 0.052315 0.014323
0 0.345833 0.243099 0.066667 0.014844
0 0.386574 0.222135 0.029630 0.030208
0 0.436343 0.218490 0.050463 0.022396
0 0.374537 0.276562 0.056481 0.040625
0 0.399537 0.839453 0.065741 0.032031
0 0.749537 0.874740 0.020370 0.050521
0 0.775463 0.855339 0.046296 0.055469
0 0.802546 0.884505 0.072685 0.039844
0 0.876157 0.878255 0.049537 0.049219
0 0.935880 0.789714 0.068056 0.034115
0 0.797222 0.724219 0.071296 0.028125
0 0.268056 0.865104 0.051852 0.041667
0 0.318981 0.878125 0.050000 0.041146
0 0.070139 0.880729 0.052315 0.047396
0 0.084722 0.828385 0.035185 0.051562
0 0.223611 0.820312 0.063889 0.022396
0 0.135417 0.744010 0.039352 0.035417
0 0.018519 0.584245 0.034259 0.054948
0 0.180556 0.606771 0.040741 0.043229
0 0.311111 0.599219 0.084259 0.020313
0 0.415972 0.600911 0.066204 0.032552
0 0.443287 0.588021 0.068981 0.038021
0 0.491898 0.617708 0.077315 0.042188
0 0.042824 0.791406 0.032870 0.036458
0 0.042130 0.755339 0.034259 0.039323
0 0.293750 0.599219 0.069907 0.036458
0 0.659028 0.560937 0.055093 0.046354
0 0.565741 0.547135 0.038889 0.034896
0 0.584028 0.538932 0.023611 0.030990
0 0.538194 0.519792 0.018981 0.034375
0 0.522685 0.510156 0.041667 0.027083
0 0.517361 0.491406 0.023611 0.040625
0 0.564583 0.514193 0.020833 0.044010
0 0.488194 0.477865 0.036574 0.038021
0 0.538194 0.471615 0.043981 0.027083
0 0.556250 0.482552 0.036574 0.037500
0 0.564815 0.441536 0.053704 0.027865
0 0.545602 0.443229 0.050463 0.031771
0 0.504630 0.428516 0.054630 0.031510
0 0.621296 0.370443 0.051852 0.038802
0 0.073148 0.600521 0.064815 0.026042
0 0.203704 0.638672 0.048148 0.027344
0 0.833565 0.103906 0.087500 0.009896
0 0.837500 0.086589 0.058333 0.023698
0 0.919676 0.104688 0.058796 0.031250
0 0.852546 0.168359 0.059722 0.023177
0 0.826157 0.201953 0.060648 0.045052
0 0.655093 0.233333 0.058333 0.031250
0 0.772917 0.201042 0.020833 0.047917
0 0.681019 0.164583 0.072222 0.043229
0 0.534722 0.209245 0.121296 0.025260
0 0.502778 0.192708 0.078704 0.045833
0 0.583102 0.248958 0.048611 0.044271
0 0.555556 0.249089 0.082407 0.032031
0 0.560880 0.251563 0.021759 0.027604
0 0.349769 0.391797 0.082870 0.012760
0 0.221759 0.395313 0.070370 0.017188
0 0.249306 0.414062 0.049537 0.038542
0 0.315046 0.423828 0.031944 0.043490
0 0.338426 0.432943 0.048148 0.024219
0 0.377546 0.420182 0.046759 0.025260
0 0.174769 0.340625 0.060648 0.045833
0 0.123148 0.348698 0.069444 0.026042
0 0.040278 0.326432 0.062037 0.024219
0 0.074306 0.311328 0.051389 0.023177
0 0.079630 0.294141 0.021296 0.044531
0 0.531713 0.681771 0.058796 0.024479
0 0.356944 0.542448 0.053704 0.017708
0 0.483565 0.517318 0.064352 0.031510
0 0.464120 0.502865 0.045833 0.019271
0 0.443750 0.478255 0.046759 0.032031
0 0.452546 0.469271 0.051389 0.029167
0 0.491204 0.407161 0.059259 0.015885
0 0.414120 0.359375 0.066204 0.023958
0 0.355556 0.343620 0.030556 0.049219
0 0.445602 0.406641 0.047685 0.042969
0 0.479167 0.285417 0.077778 0.026042
0 0.435648 0.271745 0.061111 0.028385
0 0.593287 0.367708 0.044907 0.038542
0 0.055093 0.254948 0.104630 0.027604
0 0.094907 0.499740 0.038889 0.039583
0 0.236111 0.606771 0.076852 0.025000
0 0.225926 0.593880 0.038889 0.038802
0 0.267130 0.611979 0.036111 0.058333
0 0.089352 0.629036 0.126852 0.055990
0 0.047454 0.696094 0.064352 0.040625
