0 0.325694 0.618099 0.146759 0.051302
0 0.457870 0.223568 0.069444 0.028385
0 0.436343 0.342057 0.062500 0.072135
0 0.395139 0.868099 0.128241 0.030469
0 0.216898 0.318620 0.123611 0.030469
0 0.508565 0.120703 0.123611 0.030469
0 0.531481 0.518880 0.049074 0.040365
0 0.506250 0.163672 0.100463 0.033073
0 0.302546 0.507422 0.054167 0.059115
0 0.427546 0.579036 0.100463 0.030469
0 0.094213 0.769141 0.100463 0.030469
0 0.218750 0.878516 0.099537 0.030469
0 0.744676 0.752214 0.132870 0.022656
0 0.579167 0.675391 0.051852 0.056510
0 0.256250 0.130469 0.100463 0.029167
0 0.777083 0.607682 0.095833 0.030469
0 0.821065 0.569922 0.044907 0.064323
0 0.370833 0.719401 0.116667 0.024740
0 0.365046 0.091797 0.095833 0.029948
0 0.246991 0.331641 0.091204 0.030469
0 0.675231 0.692318 0.114352 0.022656
0 0.765509 0.414974 0.128241 0.020052
0 0.577546 0.149349 0.039352 0.061719
0 0.781713 0.842057 0.095833 0.025260
0 0.721065 0.457943 0.085648 0.027865
0 0.542824 0.770443 0.081019 0.027865
0 0.050231 0.427734 0.040278 0.055990
0 0.883565 0.502214 0.031019 0.069531
0 0.235417 0.667578 0.040278 0.051302
0 0.939120 0.584245 0.040278 0.051302
0 0.311806 0.645443 0.091204 0.022656
0 0.849306 0.095964 0.090278 0.022656
0 0.390509 0.742839 0.044907 0.045573
0 0.302546 0.783203 0.118981 0.016927
0 0.321065 0.680599 0.100463 0.020052
0 0.157870 0.526953 0.079630 0.025260
0 0.601157 0.395443 0.086574 0.022656
0 0.848843 0.473568 0.044907 0.043490
0 0.538657 0.848568 0.109722 0.017448
0 0.698380 0.852474 0.040278 0.046094
0 0.168287 0.594661 0.091204 0.020052
0 0.302546 0.458594 0.035648 0.050000
0 0.101157 0.550391 0.031019 0.056510
0 0.413657 0.301693 0.035648 0.048698
0 0.147454 0.894141 0.086574 0.020052
0 0.941435 0.207943 0.035648 0.048698
0 0.642824 0.527604 0.040278 0.042188
0 0.415972 0.780859 0.095833 0.017448
0 0.547917 0.086849 0.081944 0.020052
0 0.501620 0.740495 0.109722 0.014844
0 0.617361 0.206641 0.026389 0.061719
0 0.073380 0.386068 0.040278 0.040365
0 0.689120 0.098307 0.095833 0.016927
0 0.120833 0.595964 0.033333 0.048698
0 0.503472 0.441016 0.039352 0.040885
0 0.108102 0.873047 0.081944 0.019531
0 0.575694 0.364193 0.091204 0.017448
0 0.768981 0.090755 0.088889 0.017448
0 0.897454 0.118099 0.077315 0.020052
0 0.344213 0.567057 0.091204 0.016927
0 0.369676 0.356380 0.040278 0.038281
0 0.295602 0.366797 0.040278 0.038281
0 0.693750 0.713151 0.040278 0.038281
0 0.648611 0.795182 0.033333 0.046094
0 0.253935 0.093359 0.086574 0.017448
0 0.270139 0.860286 0.100463 0.014844
0 0.723843 0.481380 0.118981 0.012240
0 0.672917 0.638932 0.035648 0.040885
0 0.038657 0.375911 0.035648 0.040885
0 0.418287 0.628255 0.035648 0.040365
0 0.619676 0.490495 0.031019 0.046094
0 0.847685 0.325130 0.079630 0.017448
0 0.804861 0.521094 0.031019 0.044792
0 0.726157 0.826432 0.068056 0.020052
0 0.638194 0.662370 0.068056 0.020052
0 0.892824 0.439714 0.031019 0.043490
0 0.543287 0.311849 0.035648 0.037760
0 0.314120 0.428646 0.031019 0.042188
0 0.571759 0.474219 0.037037 0.034375
0 0.932176 0.141536 0.035648 0.035677
0 0.382407 0.389974 0.075000 0.016927
0 0.517824 0.633724 0.031019 0.040885
0 0.282870 0.158203 0.033333 0.037760
0 0.218750 0.611589 0.071759 0.017448
0 0.353009 0.235286 0.062500 0.020052
0 0.163657 0.433203 0.026389 0.046094
0 0.785880 0.810547 0.030093 0.040365
0 0.568287 0.586589 0.030093 0.040365
0 0.483102 0.632422 0.035648 0.033073
0 0.733102 0.260026 0.026389 0.043490
0 0.591898 0.094661 0.077315 0.014844
0 0.357639 0.181901 0.034722 0.033073
0 0.361574 0.338542 0.033333 0.033854
0 0.584954 0.064714 0.091204 0.012240
0 0.824537 0.353776 0.033333 0.033073
0 0.302546 0.256120 0.026389 0.040885
0 0.642361 0.196224 0.030093 0.035677
0 0.517824 0.398047 0.021759 0.048698
0 0.406250 0.836198 0.076389 0.013542
0 0.860417 0.069922 0.058796 0.017448
0 0.205324 0.181901 0.081944 0.012240
0 0.251620 0.235937 0.026389 0.036979
0 0.130787 0.804948 0.071759 0.013542
0 0.341898 0.887630 0.077315 0.012240
0 0.689120 0.327734 0.077315 0.012240
0 0.244676 0.459245 0.031019 0.030469
0 0.659028 0.513932 0.026389 0.035677
0 0.251620 0.355078 0.063426 0.014844
0 0.464583 0.133464 0.026389 0.035156
0 0.184491 0.241536 0.077315 0.011719
0 0.142361 0.400391 0.020833 0.042969
0 0.149769 0.185807 0.017130 0.051302
0 0.556713 0.637630 0.071759 0.012240
0 0.561806 0.343099 0.026389 0.032552
0 0.480787 0.102214 0.058796 0.014323
0 0.258565 0.475911 0.049537 0.016927
0 0.443750 0.489193 0.021759 0.038281
0 0.328009 0.489193 0.021759 0.038281
0 0.881250 0.756120 0.054167 0.014844
0 0.617361 0.584245 0.026389 0.030469
0 0.742361 0.071224 0.054167 0.014844
0 0.214583 0.907161 0.081944 0.009635
0 0.814120 0.797786 0.021759 0.035677
0 0.172917 0.215755 0.063426 0.012240
0 0.295602 0.677995 0.021759 0.035677
0 0.575231 0.416276 0.062500 0.012240
0 0.619676 0.797786 0.077315 0.009635
0 0.594213 0.210547 0.017130 0.043490
0 0.609954 0.529557 0.020833 0.035677
0 0.253935 0.805599 0.049537 0.014844
0 0.538657 0.254818 0.026389 0.027865
0 0.921759 0.727474 0.024074 0.030469
0 0.855324 0.198828 0.048611 0.014844
0 0.332639 0.138932 0.021759 0.033073
0 0.233102 0.211849 0.072685 0.009635
0 0.691435 0.312760 0.081944 0.008333
0 0.853472 0.129818 0.054167 0.012240
0 0.235417 0.521745 0.021759 0.030469
0 0.371991 0.132422 0.017130 0.038281
0 0.184491 0.120703 0.068056 0.009635
0 0.065972 0.748047 0.071759 0.009115
0 0.380787 0.421484 0.053241 0.012240
0 0.028935 0.692057 0.053241 0.011719
0 0.839583 0.696224 0.017130 0.035677
0 0.422454 0.795833 0.053241 0.010937
0 0.950694 0.512630 0.017130 0.033073
0 0.674769 0.300391 0.057870 0.009635
0 0.077546 0.792578 0.057870 0.009635
0 0.071065 0.835286 0.017130 0.032552
0 0.607639 0.301693 0.016204 0.033073
0 0.325694 0.276953 0.017130 0.030469
0 0.723843 0.378516 0.054167 0.009635
0 0.681713 0.175391 0.053241 0.009635
0 0.241898 0.714453 0.016204 0.030469
0 0.668287 0.102214 0.054167 0.009115
0 0.353009 0.274349 0.016204 0.030469
0 0.061806 0.530599 0.017130 0.027344
0 0.779398 0.639583 0.017130 0.026562
0 0.091435 0.291016 0.067130 0.006510
0 0.552546 0.022786 0.026389 0.006510
0 0.475926 0.803776 0.064815 0.037240
0 0.598611 0.767318 0.056481 0.044010
0 0.842361 0.734115 0.075463 0.042188
0 0.893056 0.814714 0.055556 0.037760
0 0.937500 0.841536 0.051852 0.033594
0 0.918287 0.869792 0.050463 0.033333
0 0.813889 0.691797 0.049074 0.049219
0 0.860880 0.634766 0.056944 0.034635
0 0.897222 0.581901 0.057407 0.044531
0 0.921528 0.482943 0.033796 0.057031
0 0.893750 0.299479 0.064352 0.039062
0 0.819213 0.292839 0.066204 0.045052
0 0.827546 0.240104 0.049537 0.042708
0 0.846296 0.226172 0.048148 0.033594
0 0.919907 0.222396 0.053704 0.036458
0 0.948148 0.264453 0.056481 0.028906
0 0.919907 0.281510 0.038889 0.026042
0 0.904167 0.279036 0.054630 0.027865
0 0.924074 0.254297 0.082407 0.016927
0 0.800694 0.184635 0.071759 0.030208
0 0.956944 0.166016 0.040741 0.029948
0 0.797685 0.126302 0.053704 0.052083
0 0.510185 0.214193 0.070370 0.042448
0 0.426389 0.193099 0.048148 0.032031
0 0.389815 0.218359 0.080556 0.032031
0 0.429861 0.221745 0.081944 0.030990
0 0.337731 0.217839 0.053241 0.035677
0 0.307407 0.191667 0.043519 0.037500
0 0.253935 0.838021 0.111574 0.017708
0 0.197685 0.811849 0.079630 0.033594
0 0.206944 0.796354 0.049074 0.042708
0 0.206019 0.779818 0.027778 0.048698
0 0.233333 0.742708 0.045370 0.034896
0 0.041898 0.796094 0.072685 0.039062
0 0.107176 0.844141 0.037500 0.033594
0 0.156944 0.836849 0.051852 0.039323
0 0.494907 0.809766 0.105556 0.032031
0 0.619444 0.813932 0.074074 0.029948
0 0.696296 0.788672 0.062037 0.026823
0 0.746528 0.793229 0.066204 0.046354
0 0.515741 0.678646 0.052778 0.029687
0 0.526389 0.694661 0.061111 0.037760
0 0.481019 0.709375 0.086111 0.021354
0 0.301157 0.700911 0.080093 0.019010
0 0.072917 0.694792 0.079167 0.050521
0 0.026620 0.732161 0.034722 0.023698
0 0.153935 0.646875 0.063426 0.031771
0 0.056019 0.651302 0.031481 0.054167
0 0.062500 0.624349 0.076852 0.016406
0 0.167361 0.307552 0.064352 0.042188
0 0.163889 0.358333 0.058333 0.039583
0 0.109722 0.388542 0.042593 0.032813
0 0.092824 0.425911 0.039352 0.032031
0 0.129398 0.454297 0.032870 0.039323
0 0.197917 0.417708 0.031019 0.061979
0 0.177546 0.407292 0.026389 0.042188
0 0.222222 0.398958 0.037037 0.050521
0 0.261343 0.414714 0.031019 0.020052
0 0.324306 0.379818 0.066204 0.039323
0 0.383102 0.369792 0.031019 0.032813
0 0.329861 0.409896 0.035648 0.026562
0 0.665278 0.280599 0.045370 0.025260
0 0.641667 0.263932 0.053704 0.047656
0 0.582870 0.309505 0.025926 0.051302
0 0.577546 0.293099 0.049537 0.039323
0 0.650463 0.356510 0.075926 0.042188
0 0.752315 0.350651 0.054630 0.035156
0 0.636574 0.418880 0.071296 0.036198
0 0.681481 0.444531 0.098148 0.016667
0 0.754398 0.448958 0.055093 0.043229
0 0.775463 0.435286 0.034259 0.036198
0 0.559722 0.483724 0.038889 0.034635
0 0.571065 0.447786 0.064352 0.030469
0 0.567593 0.450391 0.096296 0.015365
0 0.506944 0.474219 0.075000 0.036458
0 0.484491 0.482682 0.069907 0.028385
0 0.554167 0.544792 0.038889 0.050000
0 0.578935 0.554297 0.103241 0.019010
0 0.486806 0.563411 0.025463 0.040885
0 0.539815 0.599740 0.033333 0.034375
0 0.464352 0.540234 0.098148 0.015885
0 0.373148 0.554036 0.062037 0.025260
0 0.342593 0.522917 0.020370 0.035417
0 0.361574 0.521484 0.022222 0.037760
0 0.373380 0.525651 0.040278 0.044531
0 0.439352 0.515625 0.076852 0.020313
0 0.441435 0.523438 0.090278 0.031250
0 0.676157 0.570312 0.097685 0.016667
0 0.692593 0.583464 0.061111 0.026823
0 0.446065 0.645312 0.062500 0.046354
0 0.448843 0.146094 0.079167 0.027604
0 0.637269 0.112370 0.051389 0.027865
