0 0.100000 0.982031 0.195370 0.034375
0 0.244676 0.361328 0.123611 0.042969
0 0.825694 0.877214 0.137500 0.038281
0 0.608102 0.541276 0.054167 0.074740
0 0.503935 0.327734 0.132870 0.027865
0 0.302083 0.616146 0.062500 0.057813
0 0.941435 0.231380 0.100463 0.033073
0 0.443750 0.738932 0.095833 0.032552
0 0.059028 0.642839 0.057870 0.053906
0 0.649769 0.677995 0.100463 0.030469
0 0.712269 0.095312 0.095833 0.031771
0 0.580324 0.406901 0.044907 0.066406
0 0.665972 0.263932 0.114352 0.025260
0 0.538657 0.385026 0.044907 0.064323
0 0.615046 0.206641 0.049537 0.056510
0 0.418287 0.297786 0.054167 0.051302
0 0.089583 0.709245 0.109722 0.025260
0 0.515046 0.495703 0.090278 0.030469
0 0.330324 0.500260 0.054167 0.050000
0 0.781713 0.207943 0.049537 0.048698
0 0.253935 0.791276 0.086574 0.027865
0 0.661343 0.749349 0.049537 0.048177
0 0.288657 0.273047 0.081944 0.027865
0 0.571065 0.252214 0.081944 0.027865
0 0.663194 0.296484 0.081019 0.027865
0 0.152083 0.633464 0.040278 0.050781
0 0.654398 0.076172 0.044907 0.045573
0 0.277083 0.515234 0.031019 0.064323
0 0.716898 0.249609 0.040278 0.048698
0 0.457639 0.392839 0.040278 0.048698
0 0.659028 0.608984 0.044907 0.043490
0 0.686806 0.588151 0.044907 0.043490
0 0.235417 0.401953 0.077315 0.025260
0 0.082176 0.420182 0.076389 0.025260
0 0.784028 0.449870 0.044907 0.042969
0 0.265509 0.241797 0.035648 0.053906
0 0.537500 0.694922 0.042593 0.043490
0 0.024769 0.204036 0.044907 0.040885
0 0.797917 0.133724 0.044907 0.040885
0 0.168287 0.211849 0.072685 0.025260
0 0.279398 0.568620 0.035648 0.051302
0 0.767824 0.736589 0.077315 0.022656
0 0.953009 0.788672 0.077315 0.022656
0 0.929861 0.564714 0.040278 0.043490
0 0.295602 0.146484 0.086574 0.019531
0 0.679861 0.150391 0.031019 0.053385
0 0.587269 0.808854 0.077315 0.021354
0 0.446065 0.594661 0.081944 0.020052
0 0.168287 0.461849 0.035648 0.046094
0 0.332639 0.102214 0.040278 0.040365
0 0.350694 0.621745 0.030093 0.053385
0 0.837269 0.276302 0.021759 0.070833
0 0.205324 0.684505 0.035648 0.043490
0 0.119676 0.593359 0.068056 0.022656
0 0.202546 0.244401 0.067130 0.022656
0 0.668287 0.543229 0.035648 0.042188
0 0.337269 0.372005 0.040278 0.037240
0 0.700694 0.410417 0.091204 0.016146
0 0.468056 0.763932 0.098148 0.014844
0 0.040509 0.773047 0.020833 0.069531
0 0.492361 0.901953 0.072685 0.020052
0 0.663657 0.360286 0.072685 0.020052
0 0.939120 0.664974 0.031019 0.046094
0 0.244213 0.516536 0.039352 0.035677
0 0.214583 0.379557 0.081944 0.016927
0 0.253935 0.352474 0.068056 0.020052
0 0.094213 0.265234 0.035648 0.038281
0 0.709954 0.322526 0.035648 0.038281
0 0.640509 0.849870 0.091204 0.014844
0 0.436806 0.858984 0.109722 0.012240
0 0.642361 0.366797 0.076389 0.017448
0 0.376157 0.270443 0.034722 0.038281
0 0.596065 0.107422 0.067130 0.019531
0 0.524769 0.203776 0.091204 0.014323
0 0.859954 0.736589 0.030093 0.043490
0 0.447917 0.254557 0.076389 0.016927
0 0.353472 0.700130 0.072685 0.017448
0 0.295602 0.761068 0.086574 0.014323
0 0.612269 0.874609 0.025463 0.048698
0 0.079861 0.196224 0.034722 0.035677
0 0.712269 0.768490 0.031019 0.039583
0 0.501620 0.664974 0.081944 0.014844
0 0.119676 0.345964 0.031019 0.038281
0 0.193750 0.233984 0.068056 0.017448
0 0.528935 0.105078 0.025463 0.046094
0 0.466898 0.779557 0.077315 0.014844
0 0.674769 0.499349 0.030093 0.037760
0 0.114583 0.728776 0.020833 0.053906
0 0.875463 0.651953 0.024074 0.046094
0 0.582639 0.123047 0.077315 0.014323
0 0.240046 0.808203 0.031019 0.035677
0 0.883565 0.446224 0.031019 0.035677
0 0.922454 0.514974 0.025463 0.042969
0 0.948380 0.604818 0.031019 0.035156
0 0.591898 0.385026 0.021759 0.048698
0 0.554861 0.843359 0.086574 0.012240
0 0.703009 0.161068 0.021759 0.048698
0 0.652083 0.705078 0.021759 0.048177
0 0.484954 0.215755 0.085648 0.012240
0 0.663657 0.568359 0.072685 0.014323
0 0.186343 0.576172 0.025463 0.040365
0 0.556713 0.097005 0.025463 0.040365
0 0.865046 0.812109 0.058796 0.017448
0 0.341898 0.282161 0.068056 0.014844
0 0.851157 0.672786 0.021759 0.046094
0 0.626620 0.751953 0.026389 0.037760
0 0.609954 0.452734 0.030093 0.033073
0 0.760417 0.528255 0.081019 0.012240
0 0.628472 0.507161 0.030093 0.032552
0 0.814120 0.629818 0.077315 0.012240
0 0.777083 0.374609 0.021759 0.043490
0 0.237731 0.141536 0.063426 0.014844
0 0.156250 0.774349 0.030093 0.030469
0 0.596065 0.695964 0.030093 0.029948
0 0.341435 0.723307 0.076389 0.011719
0 0.325694 0.812109 0.072685 0.012240
0 0.943750 0.503516 0.021759 0.040885
0 0.251620 0.476172 0.072685 0.012240
0 0.522454 0.271484 0.021759 0.040365
0 0.701852 0.210938 0.019444 0.044271
0 0.961806 0.480078 0.020833 0.040885
0 0.487731 0.403255 0.017130 0.048698
0 0.973843 0.611589 0.017130 0.048698
0 0.172917 0.291667 0.026389 0.031250
0 0.146991 0.408203 0.030093 0.027344
0 0.721065 0.840495 0.048611 0.016927
0 0.804861 0.495052 0.021759 0.036979
0 0.734954 0.174089 0.020833 0.038281
0 0.117361 0.154557 0.017130 0.046094
0 0.955324 0.266536 0.017130 0.046094
0 0.672917 0.227474 0.017130 0.046094
0 0.760880 0.511328 0.081944 0.009635
0 0.876620 0.532161 0.017130 0.046094
0 0.948380 0.396745 0.021759 0.035677
0 0.091898 0.105078 0.021759 0.035677
0 0.159028 0.486589 0.063426 0.012240
0 0.119676 0.625911 0.021759 0.035677
0 0.237731 0.252865 0.026389 0.029167
0 0.098380 0.644141 0.016204 0.046094
0 0.589583 0.648047 0.017130 0.043490
0 0.640509 0.340755 0.026389 0.027865
0 0.290972 0.689714 0.058796 0.012240
0 0.374306 0.835547 0.058796 0.012240
0 0.207639 0.502214 0.021759 0.033073
0 0.800231 0.411068 0.021759 0.033073
0 0.429861 0.200391 0.021759 0.032552
0 0.616898 0.405859 0.016204 0.043490
0 0.943750 0.441667 0.021759 0.031771
0 0.367361 0.245443 0.072685 0.009115
0 0.279398 0.782161 0.044907 0.014844
0 0.258565 0.170182 0.021759 0.030469
0 0.635880 0.832943 0.054167 0.012240
0 0.566435 0.611589 0.017130 0.038281
0 0.446065 0.489193 0.017130 0.038281
0 0.480324 0.818620 0.067130 0.009635
0 0.936806 0.693620 0.017130 0.035677
0 0.659028 0.321224 0.063426 0.009635
0 0.818287 0.491797 0.020833 0.027865
0 0.388194 0.209245 0.058796 0.009635
0 0.216898 0.472266 0.058796 0.009635
0 0.797917 0.603776 0.017130 0.033073
0 0.811806 0.654557 0.017130 0.030469
0 0.913657 0.560807 0.017130 0.030469
0 0.705324 0.396745 0.017130 0.030469
0 0.628935 0.694661 0.021759 0.022135
0 0.552546 0.620443 0.017130 0.024740
0 0.306713 0.219661 0.016204 0.025260
0 0.707639 0.995052 0.031019 0.008333
0 0.186806 0.004818 0.026389 0.007031
