0 0.501620 0.456641 0.128241 0.040885
0 0.374306 0.497005 0.123611 0.038281
0 0.751620 0.908464 0.109722 0.038281
0 0.248843 0.622005 0.048611 0.085156
0 0.369676 0.127214 0.040278 0.095573
0 0.880093 0.780859 0.068519 0.022656
0 0.128935 0.729427 0.105093 0.034375
0 0.727315 0.491797 0.107407 0.033073
0 0.066435 0.569922 0.044907 0.074740
0 0.652083 0.250911 0.105093 0.030469
0 0.869676 0.702734 0.114352 0.027865
0 0.353472 0.151953 0.054167 0.056510
0 0.059028 0.705339 0.030093 0.100781
0 0.135880 0.198828 0.044907 0.061719
0 0.476157 0.260026 0.040278 0.064323
0 0.279398 0.779557 0.044907 0.056510
0 0.653241 0.408203 0.051852 0.048177
0 0.735417 0.219661 0.040278 0.061719
0 0.380787 0.541276 0.108796 0.022656
0 0.216898 0.770833 0.049537 0.049479
0 0.268519 0.306901 0.087963 0.027865
0 0.434491 0.457943 0.049537 0.048698
0 0.744213 0.680599 0.094907 0.025260
0 0.170602 0.319661 0.049537 0.048177
0 0.200694 0.122005 0.081944 0.027865
0 0.432176 0.625911 0.109722 0.020052
0 0.334954 0.312109 0.044907 0.048698
0 0.316435 0.559505 0.044907 0.048698
0 0.052546 0.855729 0.081944 0.026562
0 0.855787 0.364193 0.031019 0.069531
0 0.869676 0.892839 0.031019 0.069531
0 0.691435 0.415625 0.044907 0.047396
0 0.395139 0.801693 0.118981 0.017448
0 0.374306 0.265885 0.086574 0.023958
0 0.052546 0.172786 0.081944 0.025260
0 0.659028 0.183203 0.044907 0.046094
0 0.690972 0.615495 0.081019 0.025260
0 0.696065 0.543880 0.044907 0.043490
0 0.753935 0.451432 0.077315 0.025260
0 0.119676 0.378255 0.040278 0.045573
0 0.686806 0.818620 0.072685 0.025260
0 0.293287 0.740495 0.035648 0.051302
0 0.128935 0.551693 0.077315 0.022656
0 0.501620 0.158464 0.035648 0.048698
0 0.405093 0.861589 0.074074 0.022656
0 0.905324 0.251953 0.028241 0.037760
0 0.564120 0.534505 0.040278 0.040365
0 0.341435 0.831641 0.039352 0.040885
0 0.450694 0.390234 0.091204 0.017448
0 0.477315 0.510026 0.070370 0.022656
0 0.345370 0.374349 0.093519 0.016927
0 0.094213 0.502214 0.026389 0.059115
0 0.675231 0.900651 0.040278 0.038281
0 0.670602 0.516276 0.077315 0.019531
0 0.265509 0.342057 0.026389 0.056510
0 0.348843 0.222266 0.100463 0.014844
0 0.071065 0.206641 0.072685 0.020052
0 0.057176 0.141536 0.072685 0.020052
0 0.579861 0.605078 0.071759 0.020052
0 0.828009 0.446224 0.095833 0.014844
0 0.753472 0.769141 0.094907 0.014844
0 0.889352 0.644141 0.070370 0.020052
0 0.869676 0.199479 0.086574 0.016146
0 0.198380 0.512630 0.077315 0.017448
0 0.735417 0.832943 0.031019 0.043490
0 0.628935 0.229427 0.095833 0.013542
0 0.318750 0.168880 0.021759 0.059115
0 0.596528 0.097266 0.086574 0.014844
0 0.490046 0.782161 0.086574 0.014844
0 0.080324 0.220964 0.072685 0.017448
0 0.707639 0.891536 0.031019 0.040885
0 0.182176 0.162109 0.035648 0.035156
0 0.258565 0.539714 0.086574 0.014323
0 0.612269 0.905208 0.034722 0.034375
0 0.221065 0.802344 0.030093 0.039583
0 0.086806 0.299740 0.030093 0.039583
0 0.485417 0.439714 0.031019 0.038281
0 0.670602 0.835547 0.068056 0.017448
0 0.328009 0.270443 0.031019 0.038281
0 0.494676 0.222266 0.058796 0.020052
0 0.392824 0.713151 0.021759 0.053906
0 0.240046 0.108984 0.021759 0.053906
0 0.545602 0.218359 0.021759 0.053906
0 0.503935 0.385026 0.021759 0.053906
0 0.233102 0.866797 0.026389 0.043490
0 0.119676 0.256120 0.077315 0.014844
0 0.649769 0.890234 0.026389 0.043490
0 0.705324 0.231380 0.026389 0.043490
0 0.686806 0.572526 0.026389 0.043490
0 0.517361 0.805599 0.076389 0.014844
0 0.929398 0.730078 0.076389 0.014844
0 0.428704 0.412370 0.075000 0.014844
0 0.281713 0.461589 0.077315 0.014323
0 0.953009 0.151693 0.077315 0.014323
0 0.328009 0.808203 0.031019 0.035677
0 0.390509 0.128516 0.026389 0.040885
0 0.941435 0.365495 0.026389 0.040885
0 0.946065 0.126953 0.063426 0.016927
0 0.529398 0.599609 0.026389 0.040365
0 0.656713 0.793880 0.086574 0.012240
0 0.461806 0.586589 0.030093 0.035156
0 0.494676 0.728516 0.021759 0.048177
0 0.290972 0.340104 0.021759 0.047396
0 0.733102 0.525651 0.026389 0.038281
0 0.797917 0.489193 0.026389 0.038281
0 0.216898 0.138932 0.068056 0.014844
0 0.027083 0.704036 0.021759 0.046094
0 0.064120 0.677995 0.021759 0.046094
0 0.165972 0.422786 0.021759 0.046094
0 0.355787 0.370703 0.021759 0.046094
0 0.389352 0.483984 0.079630 0.012240
0 0.751620 0.720313 0.026389 0.036979
0 0.189120 0.439714 0.021759 0.043490
0 0.189120 0.590755 0.077315 0.012240
0 0.786343 0.536068 0.077315 0.012240
0 0.390509 0.822526 0.054167 0.017448
0 0.459954 0.516536 0.063426 0.014844
0 0.915972 0.466797 0.031019 0.029948
0 0.478472 0.483984 0.072685 0.012240
0 0.792130 0.346615 0.065741 0.013542
0 0.205324 0.875911 0.017130 0.051302
0 0.797917 0.655599 0.072685 0.011719
0 0.571065 0.673828 0.072685 0.011719
0 0.513194 0.546484 0.021759 0.038281
0 0.404398 0.116536 0.017130 0.048177
0 0.373843 0.325521 0.020833 0.039062
0 0.422917 0.722005 0.026389 0.029948
0 0.672454 0.784766 0.081019 0.009635
0 0.052083 0.732682 0.016204 0.046094
0 0.145139 0.470964 0.017130 0.043490
0 0.383565 0.654557 0.077315 0.009635
0 0.251157 0.761068 0.016204 0.045573
0 0.554861 0.680599 0.049537 0.014844
0 0.909028 0.345964 0.026389 0.027865
0 0.851157 0.244401 0.021759 0.033073
0 0.524769 0.191016 0.017130 0.040885
0 0.765509 0.284766 0.072685 0.009635
0 0.565278 0.140234 0.024074 0.027865
0 0.846528 0.628516 0.021759 0.030469
0 0.105787 0.120703 0.021759 0.030469
0 0.295602 0.232682 0.068056 0.009635
0 0.369213 0.750911 0.020833 0.030469
0 0.841898 0.666927 0.021759 0.029167
0 0.774769 0.506120 0.063426 0.009635
0 0.594213 0.461849 0.017130 0.035677
0 0.112731 0.089453 0.063426 0.009635
0 0.304861 0.395443 0.049537 0.012240
0 0.721528 0.674089 0.049537 0.012240
0 0.284028 0.677734 0.063426 0.009115
0 0.635417 0.368099 0.016204 0.035677
0 0.598380 0.818359 0.062500 0.009115
0 0.957176 0.264583 0.020833 0.026562
0 0.390509 0.434505 0.044907 0.012240
0 0.792824 0.582682 0.016204 0.032552
0 0.043287 0.467057 0.017130 0.030469
0 0.443750 0.742448 0.021759 0.023958
0 0.587269 0.597266 0.021759 0.020052
0 0.672917 0.188411 0.044907 0.009635
0 0.705324 0.657161 0.044907 0.009635
0 0.675694 0.123177 0.018981 0.039583
0 0.727315 0.118490 0.046296 0.038542
0 0.768981 0.108984 0.074074 0.015885
0 0.740278 0.118880 0.053704 0.049740
0 0.822222 0.103255 0.041667 0.037240
0 0.848380 0.108984 0.037500 0.029948
0 0.863194 0.102865 0.026389 0.056250
0 0.912963 0.093229 0.043519 0.027604
0 0.927778 0.113021 0.055556 0.028646
0 0.880556 0.118359 0.036111 0.042969
0 0.935880 0.143620 0.068056 0.012760
0 0.859954 0.171354 0.064352 0.025521
0 0.908565 0.164453 0.031019 0.031510
0 0.961111 0.190755 0.037037 0.033594
0 0.963194 0.190625 0.049537 0.040104
0 0.963657 0.166276 0.072685 0.014323
0 0.903241 0.278385 0.030556 0.038542
0 0.790509 0.263151 0.057870 0.058073
0 0.792361 0.866276 0.031944 0.040885
0 0.820833 0.848177 0.077778 0.035937
0 0.815046 0.865755 0.068981 0.028906
0 0.906713 0.834766 0.067130 0.032552
0 0.881019 0.812500 0.025926 0.039062
0 0.861343 0.805599 0.034722 0.035677
0 0.822454 0.814974 0.088426 0.020052
0 0.752546 0.804297 0.068981 0.029948
0 0.758565 0.801302 0.088426 0.013542
0 0.823611 0.734245 0.044444 0.035677
0 0.864583 0.734635 0.069907 0.017188
0 0.909259 0.757422 0.083333 0.037240
0 0.943750 0.757682 0.052315 0.025260
0 0.923611 0.789453 0.051852 0.032552
0 0.925231 0.778255 0.043981 0.020052
0 0.696759 0.706641 0.023148 0.054427
0 0.640741 0.727734 0.080556 0.037760
0 0.570602 0.727344 0.022685 0.039583
0 0.559491 0.725391 0.049537 0.027865
0 0.351620 0.694141 0.050463 0.045573
0 0.333333 0.685937 0.075926 0.026042
0 0.281481 0.657292 0.062037 0.028646
0 0.168287 0.628776 0.062500 0.030469
0 0.123148 0.650391 0.039815 0.042969
0 0.126157 0.663932 0.025463 0.049219
0 0.125463 0.682813 0.018519 0.035937
0 0.166204 0.683724 0.056481 0.036198
0 0.211806 0.699349 0.079167 0.036719
0 0.234722 0.181510 0.053704 0.050000
0 0.282639 0.201953 0.059722 0.029427
0 0.267593 0.111198 0.042593 0.039062
0 0.563194 0.170052 0.082870 0.051042
0 0.599537 0.174349 0.061111 0.028906
0 0.439815 0.334115 0.107407 0.041146
0 0.410185 0.356641 0.066667 0.044010
0 0.543981 0.378385 0.077778 0.030208
0 0.644907 0.300781 0.042593 0.033333
0 0.657870 0.280469 0.042593 0.040104
0 0.198843 0.242057 0.075463 0.042969
0 0.198380 0.226823 0.085648 0.038021
0 0.204630 0.213672 0.039815 0.025260
0 0.059259 0.192448 0.051852 0.033333
0 0.052546 0.283073 0.045833 0.038021
0 0.083796 0.904687 0.074074 0.027083
0 0.129167 0.867839 0.051852 0.042448
0 0.106250 0.882812 0.039352 0.041146
0 0.193981 0.830078 0.043519 0.036198
0 0.175000 0.830208 0.084259 0.031250
0 0.147222 0.798047 0.061111 0.060156
0 0.114352 0.800651 0.037037 0.047656
0 0.096065 0.804427 0.028241 0.060937
0 0.053935 0.797526 0.069907 0.023698
0 0.068750 0.792448 0.042130 0.058333
0 0.053935 0.826823 0.075463 0.022396
0 0.088194 0.869271 0.096759 0.036458
0 0.290278 0.829557 0.055556 0.029427
0 0.268981 0.853385 0.058333 0.041667
0 0.304167 0.870313 0.064815 0.039583
0 0.263889 0.795703 0.019444 0.051302
0 0.253472 0.811719 0.033796 0.044271
0 0.178935 0.752083 0.076389 0.020833
0 0.604630 0.649219 0.026852 0.022917
0 0.606019 0.639062 0.065741 0.026042
0 0.587731 0.633594 0.057870 0.033854
0 0.566204 0.641667 0.048148 0.030208
0 0.530787 0.668229 0.084722 0.025000
0 0.620370 0.680339 0.035185 0.021615
0 0.631944 0.683594 0.019444 0.028646
0 0.653704 0.694531 0.044444 0.009375
0 0.654398 0.648698 0.097685 0.042708
0 0.718519 0.626302 0.035185 0.027604
0 0.744213 0.589193 0.044907 0.045052
0 0.740741 0.598177 0.073148 0.015625
0 0.507176 0.645703 0.020833 0.057552
0 0.373611 0.600521 0.067593 0.039583
0 0.429398 0.579818 0.039352 0.023177
0 0.444444 0.581901 0.027778 0.028906
0 0.392130 0.563802 0.044444 0.018229
0 0.412731 0.555208 0.080093 0.012500
0 0.429630 0.561979 0.061111 0.014583
0 0.479167 0.546875 0.051852 0.046875
0 0.533796 0.533984 0.030556 0.035677
0 0.549537 0.497526 0.064815 0.033594
0 0.623611 0.505469 0.073148 0.027083
0 0.621296 0.551432 0.077778 0.036198
0 0.643056 0.538802 0.047222 0.030729
0 0.603935 0.479036 0.034722 0.028906
0 0.601620 0.416927 0.025463 0.043229
0 0.584028 0.404427 0.063426 0.009896
0 0.668750 0.373568 0.058796 0.028906
0 0.729167 0.336328 0.088889 0.040365
0 0.728935 0.439714 0.053241 0.037760
0 0.374537 0.462500 0.072222 0.028646
0 0.398148 0.453125 0.028704 0.029167
0 0.328009 0.461068 0.077315 0.017448
0 0.241435 0.446745 0.054167 0.025260
0 0.211806 0.480599 0.097685 0.017969
0 0.203472 0.489323 0.062500 0.043750
0 0.211806 0.519792 0.061574 0.026562
0 0.286806 0.505469 0.070833 0.021875
0 0.216898 0.460026 0.056019 0.027865
0 0.072685 0.439193 0.035185 0.024219
0 0.048611 0.483984 0.066667 0.019531
0 0.218981 0.558984 0.068519 0.007552
0 0.218287 0.411328 0.044907 0.041406
0 0.189815 0.363542 0.061111 0.021354
0 0.216667 0.354297 0.062963 0.049740
0 0.307870 0.358854 0.059259 0.046875
0 0.450463 0.287500 0.053704 0.034896
0 0.116667 0.315885 0.041667 0.034896
