0 0.641667 0.496354 0.112037 0.036979
0 0.834954 0.904557 0.128241 0.030469
0 0.415972 0.722266 0.105093 0.035677
0 0.522454 0.097266 0.114352 0.030469
0 0.767824 0.417578 0.049537 0.066927
0 0.608102 0.810547 0.109722 0.029948
0 0.719213 0.615495 0.054167 0.056510
0 0.050231 0.685807 0.095833 0.030469
0 0.649769 0.482682 0.091204 0.030469
0 0.492361 0.209245 0.054167 0.051302
0 0.290509 0.443620 0.048611 0.056510
0 0.758565 0.202734 0.049537 0.053906
0 0.862269 0.416276 0.053241 0.048698
0 0.358102 0.260026 0.091204 0.027865
0 0.679861 0.358984 0.086574 0.027865
0 0.250463 0.348568 0.098148 0.022656
0 0.948380 0.862891 0.086574 0.025260
0 0.446065 0.213151 0.044907 0.048698
0 0.981944 0.770443 0.033333 0.064323
0 0.714583 0.702734 0.091204 0.022656
0 0.153935 0.546484 0.090278 0.022656
0 0.714120 0.249349 0.090278 0.022135
0 0.409028 0.319922 0.044907 0.043490
0 0.043287 0.904557 0.072685 0.025260
0 0.911343 0.746094 0.086574 0.020833
0 0.531713 0.638281 0.040278 0.044792
0 0.507407 0.507682 0.028704 0.061198
0 0.406713 0.122005 0.077315 0.022656
0 0.339583 0.317318 0.035648 0.048698
0 0.420602 0.158464 0.031019 0.053906
0 0.169444 0.334245 0.028704 0.056510
0 0.653935 0.650651 0.071759 0.022656
0 0.288657 0.619401 0.091204 0.017448
0 0.564120 0.597266 0.031019 0.051302
0 0.728472 0.408464 0.035648 0.043490
0 0.624306 0.569661 0.031019 0.048177
0 0.828009 0.418229 0.040278 0.036979
0 0.124306 0.438802 0.031019 0.046875
0 0.941435 0.688151 0.035648 0.040365
0 0.196065 0.119401 0.026389 0.053906
0 0.203009 0.487630 0.095833 0.014323
0 0.534028 0.099219 0.072685 0.018750
0 0.040972 0.778255 0.031019 0.043490
0 0.519676 0.127214 0.034722 0.038281
0 0.899769 0.224870 0.063426 0.020052
0 0.885880 0.167578 0.063426 0.020052
0 0.230787 0.110286 0.031019 0.040885
0 0.348380 0.773047 0.071759 0.017448
0 0.348843 0.287370 0.081944 0.014844
0 0.668287 0.896745 0.081944 0.014844
0 0.214583 0.370703 0.081944 0.014844
0 0.140046 0.765885 0.062500 0.018750
0 0.234954 0.499609 0.067130 0.017448
0 0.422454 0.515234 0.034722 0.033073
0 0.962269 0.709896 0.031019 0.036979
0 0.462269 0.149349 0.031019 0.035677
0 0.626620 0.516536 0.026389 0.040885
0 0.540509 0.172786 0.030093 0.035677
0 0.141667 0.408464 0.019444 0.053906
0 0.817593 0.241536 0.019444 0.053385
0 0.494676 0.640234 0.058796 0.017448
0 0.559491 0.422786 0.021759 0.046094
0 0.871991 0.681901 0.081944 0.012240
0 0.834954 0.739193 0.081944 0.012240
0 0.515509 0.912370 0.063426 0.014844
0 0.098843 0.111328 0.054167 0.016927
0 0.207639 0.566016 0.021759 0.040885
0 0.152083 0.912370 0.058796 0.014844
0 0.133565 0.579036 0.058796 0.014844
0 0.596065 0.269141 0.020833 0.040885
0 0.888194 0.196224 0.086574 0.009635
0 0.285185 0.594661 0.056481 0.014844
0 0.327546 0.550391 0.085648 0.009635
0 0.858102 0.700130 0.063426 0.012240
0 0.756250 0.140234 0.063426 0.012240
0 0.270139 0.382422 0.063426 0.012240
0 0.084954 0.176693 0.063426 0.012240
0 0.116204 0.122005 0.061111 0.012240
0 0.492361 0.277995 0.017130 0.042969
0 0.415972 0.102474 0.049537 0.014844
0 0.837269 0.157161 0.049537 0.014844
0 0.823380 0.111589 0.021759 0.033073
0 0.165972 0.852214 0.049537 0.014323
0 0.503935 0.669922 0.077315 0.009115
0 0.617361 0.125911 0.017130 0.040885
0 0.248843 0.103776 0.020833 0.033073
0 0.746991 0.110026 0.072685 0.009115
0 0.358102 0.474870 0.026389 0.025260
0 0.385880 0.552995 0.026389 0.025260
0 0.663657 0.473568 0.054167 0.012240
0 0.596528 0.347266 0.021759 0.030469
0 0.052546 0.457943 0.017130 0.038281
0 0.059491 0.154557 0.068056 0.009635
0 0.785880 0.847266 0.067130 0.009635
0 0.825231 0.555599 0.025463 0.025260
0 0.429398 0.256120 0.020833 0.030469
0 0.543287 0.373307 0.017130 0.035677
0 0.705324 0.805599 0.063426 0.009635
0 0.112731 0.099870 0.063426 0.009635
0 0.483102 0.485286 0.017130 0.035677
0 0.874306 0.546484 0.021759 0.027865
0 0.652083 0.611589 0.021759 0.027865
0 0.112731 0.482943 0.017130 0.035156
0 0.194907 0.222266 0.061111 0.009635
0 0.080324 0.538672 0.017130 0.033073
0 0.786343 0.149349 0.058796 0.009635
0 0.221065 0.292578 0.057870 0.009635
0 0.566435 0.144531 0.017130 0.031250
0 0.159028 0.506120 0.017130 0.030469
0 0.140509 0.334245 0.054167 0.009635
0 0.915972 0.892839 0.021759 0.022656
0 0.472685 0.395182 0.061111 0.006510
0 0.513194 0.269141 0.012500 0.030469
0 0.225694 0.317318 0.048611 0.007031
0 0.566435 0.730208 0.085648 0.032292
0 0.567361 0.754297 0.097685 0.015365
0 0.576620 0.783203 0.060648 0.041406
0 0.778472 0.801042 0.043981 0.016667
0 0.690509 0.681771 0.076389 0.024479
0 0.622222 0.676432 0.045370 0.017448
0 0.763889 0.542839 0.053704 0.039844
0 0.738426 0.506120 0.070370 0.027344
0 0.739352 0.477344 0.062963 0.011458
0 0.708333 0.456250 0.022222 0.053646
0 0.675463 0.426823 0.060185 0.028646
0 0.635648 0.431120 0.091667 0.050781
0 0.452778 0.421875 0.121296 0.044792
0 0.435648 0.444531 0.049074 0.021875
0 0.458102 0.439063 0.040278 0.030208
0 0.387731 0.429557 0.052315 0.025260
0 0.520833 0.892057 0.081481 0.017969
0 0.680787 0.874479 0.067130 0.029687
0 0.657176 0.855078 0.064352 0.022656
0 0.772685 0.862109 0.098148 0.021615
0 0.405556 0.833333 0.069444 0.033333
0 0.428704 0.848047 0.032407 0.032031
0 0.349769 0.848047 0.032870 0.032031
0 0.265046 0.831380 0.058796 0.029427
0 0.193750 0.822656 0.080093 0.015625
0 0.246991 0.757552 0.041204 0.020833
0 0.309028 0.662240 0.051389 0.037500
0 0.274537 0.687109 0.064815 0.038802
0 0.084491 0.730859 0.061574 0.049740
0 0.116667 0.871354 0.176852 0.021354
0 0.028009 0.872396 0.041204 0.044792
0 0.095370 0.895312 0.041667 0.032292
0 0.114815 0.897526 0.034259 0.038281
0 0.180093 0.889453 0.112963 0.019531
0 0.265741 0.881120 0.067593 0.049219
0 0.387731 0.901042 0.079167 0.027604
0 0.431019 0.898958 0.046296 0.036458
0 0.600463 0.871875 0.064815 0.020313
0 0.528241 0.861198 0.050000 0.014063
0 0.543981 0.819661 0.079630 0.038802
0 0.871528 0.837109 0.061574 0.028385
0 0.950926 0.824349 0.049074 0.025781
0 0.466667 0.603906 0.044444 0.038542
0 0.488889 0.612370 0.045370 0.045052
0 0.504167 0.598958 0.075926 0.032292
0 0.440741 0.557292 0.056481 0.025521
0 0.428704 0.569792 0.025926 0.047917
0 0.379167 0.519661 0.091667 0.032552
0 0.282176 0.486328 0.047685 0.028385
0 0.217593 0.448437 0.056481 0.026562
0 0.175694 0.463932 0.072685 0.028385
0 0.190046 0.427995 0.042130 0.037760
0 0.248380 0.439974 0.051389 0.028385
0 0.240509 0.433854 0.077315 0.021354
0 0.082639 0.495573 0.059722 0.045833
0 0.042824 0.582422 0.042130 0.045573
0 0.059954 0.608464 0.080093 0.014323
0 0.096296 0.622135 0.026852 0.046875
0 0.071065 0.632552 0.031019 0.026562
0 0.070602 0.613411 0.038426 0.033594
0 0.055093 0.577604 0.036111 0.066146
0 0.105787 0.538411 0.052315 0.045573
0 0.363426 0.376432 0.047222 0.061719
0 0.397685 0.363151 0.081481 0.020052
0 0.422454 0.385156 0.040278 0.028125
0 0.458333 0.379167 0.046296 0.026562
0 0.511343 0.363411 0.022685 0.039323
0 0.486806 0.350391 0.055093 0.022656
0 0.475000 0.335026 0.079630 0.014844
0 0.487500 0.328906 0.066667 0.031771
0 0.933796 0.485547 0.025926 0.040365
0 0.706019 0.196745 0.075926 0.047656
0 0.656250 0.144010 0.060648 0.053125
0 0.646296 0.128255 0.063889 0.044531
0 0.640972 0.097396 0.041204 0.042188
0 0.806713 0.123047 0.049537 0.043490
0 0.843519 0.129297 0.027778 0.033073
0 0.858333 0.105078 0.038889 0.033073
0 0.931250 0.148568 0.039352 0.028385
0 0.503704 0.184766 0.046296 0.034115
0 0.385648 0.220182 0.064815 0.019010
0 0.360185 0.222786 0.063889 0.014844
0 0.330556 0.198177 0.065741 0.027083
0 0.298611 0.204818 0.051852 0.038281
0 0.295139 0.230599 0.089352 0.039844
0 0.262037 0.230599 0.061111 0.028385
0 0.210648 0.217318 0.066667 0.036719
0 0.263889 0.176563 0.028704 0.041667
0 0.264583 0.177995 0.069907 0.023698
0 0.312500 0.163151 0.058333 0.013802
0 0.345833 0.159245 0.059259 0.027865
0 0.345370 0.177734 0.050000 0.023177
0 0.378704 0.145573 0.055556 0.036458
0 0.367130 0.117188 0.056481 0.039062
0 0.311574 0.100391 0.046296 0.032031
0 0.074537 0.304948 0.104630 0.067708
0 0.077083 0.333333 0.031019 0.049479
0 0.104861 0.355729 0.034722 0.033854
0 0.174769 0.380078 0.047685 0.035677
0 0.048843 0.296745 0.040278 0.044531
0 0.056250 0.237891 0.048611 0.041927
0 0.198843 0.275651 0.044907 0.024740
0 0.298380 0.302083 0.026389 0.031771
0 0.358102 0.300911 0.071759 0.020573
0 0.153935 0.177083 0.091204 0.029687
0 0.212963 0.175521 0.052778 0.035417
0 0.215046 0.147266 0.051389 0.029427
0 0.282176 0.145833 0.094907 0.022396
0 0.162963 0.114583 0.044444 0.037500
