0 0.054861 0.851172 0.068056 0.064323
0 0.110417 0.274349 0.123611 0.030469
0 0.427546 0.727474 0.118981 0.030469
0 0.196065 0.413672 0.118981 0.027865
0 0.547222 0.014974 0.120370 0.027344
0 0.112731 0.552734 0.109722 0.029948
0 0.283565 0.677344 0.136574 0.023958
0 0.572917 0.630859 0.048611 0.066406
0 0.540972 0.551432 0.114352 0.027344
0 0.496991 0.697526 0.128241 0.022656
0 0.355787 0.165625 0.049537 0.057813
0 0.640509 0.114193 0.091204 0.027865
0 0.807176 0.448828 0.100463 0.025260
0 0.670139 0.305599 0.094907 0.025260
0 0.450694 0.263932 0.091204 0.025260
0 0.770139 0.327734 0.081944 0.027865
0 0.686806 0.205339 0.081944 0.027865
0 0.771991 0.309505 0.094907 0.022656
0 0.716898 0.891276 0.086574 0.024740
0 0.205324 0.201432 0.081944 0.025260
0 0.686806 0.447526 0.091204 0.022656
0 0.205324 0.524089 0.044907 0.045573
0 0.318287 0.743099 0.039352 0.051302
0 0.640509 0.477474 0.035648 0.056510
0 0.353009 0.747656 0.043981 0.044792
0 0.723843 0.468359 0.081944 0.022656
0 0.957639 0.209245 0.040278 0.046094
0 0.758565 0.272396 0.086574 0.021354
0 0.527083 0.899349 0.123611 0.014844
0 0.459954 0.170182 0.072685 0.025260
0 0.895139 0.516536 0.091204 0.020052
0 0.214583 0.417578 0.035648 0.051302
0 0.648611 0.608984 0.079630 0.022656
0 0.741204 0.206641 0.088889 0.020052
0 0.617361 0.437109 0.035648 0.048698
0 0.415972 0.464453 0.086574 0.020052
0 0.843750 0.584896 0.081019 0.021354
0 0.781250 0.468359 0.076389 0.022656
0 0.753935 0.572266 0.077315 0.022135
0 0.697917 0.615495 0.113426 0.014844
0 0.818750 0.408203 0.031019 0.053385
0 0.689120 0.521745 0.040278 0.040885
0 0.355787 0.412370 0.040278 0.040885
0 0.825694 0.495052 0.035648 0.044792
0 0.881250 0.681901 0.091204 0.017448
0 0.307176 0.398438 0.035648 0.044271
0 0.598843 0.754818 0.035648 0.043490
0 0.559491 0.760026 0.040278 0.038281
0 0.670602 0.692318 0.068056 0.022656
0 0.567130 0.372005 0.083333 0.017448
0 0.818287 0.194661 0.085648 0.016927
0 0.668287 0.646484 0.035648 0.040365
0 0.501620 0.179297 0.081944 0.017448
0 0.538657 0.786068 0.081944 0.017448
0 0.665972 0.355078 0.068056 0.020052
0 0.790972 0.097266 0.068056 0.020052
0 0.762037 0.526953 0.037963 0.035677
0 0.723843 0.586849 0.035648 0.035677
0 0.295139 0.432552 0.067130 0.018750
0 0.589583 0.686458 0.026389 0.047396
0 0.663194 0.551693 0.071759 0.017448
0 0.031713 0.560547 0.031019 0.040365
0 0.698380 0.586849 0.021759 0.056510
0 0.483102 0.124609 0.100463 0.012240
0 0.556019 0.905859 0.070370 0.017448
0 0.412500 0.556901 0.070370 0.017448
0 0.036343 0.655859 0.031019 0.038281
0 0.864583 0.314714 0.067130 0.017448
0 0.739583 0.692318 0.067130 0.017448
0 0.802546 0.478516 0.035648 0.032552
0 0.540972 0.281901 0.058796 0.019531
0 0.216898 0.142187 0.031019 0.036979
0 0.786343 0.380469 0.031019 0.036979
0 0.920602 0.376563 0.031019 0.036979
0 0.042130 0.009375 0.070370 0.016146
0 0.769676 0.491536 0.034722 0.032552
0 0.758565 0.677995 0.021759 0.051302
0 0.790972 0.235286 0.021759 0.051302
0 0.656713 0.316016 0.021759 0.051302
0 0.244676 0.297786 0.021759 0.051302
0 0.598843 0.791276 0.091204 0.012240
0 0.133102 0.525000 0.030093 0.036979
0 0.874306 0.203776 0.031019 0.035156
0 0.188657 0.564063 0.067130 0.016146
0 0.784028 0.349870 0.072685 0.014844
0 0.832639 0.176693 0.086574 0.012240
0 0.536343 0.733984 0.086574 0.012240
0 0.057176 0.534505 0.072685 0.014323
0 0.619676 0.730729 0.021759 0.047396
0 0.596528 0.491797 0.058796 0.017448
0 0.395139 0.142839 0.026389 0.038281
0 0.920602 0.592057 0.021759 0.046094
0 0.494676 0.631120 0.021759 0.046094
0 0.802546 0.606380 0.081944 0.012240
0 0.066435 0.178646 0.017130 0.057813
0 0.687963 0.241797 0.056481 0.017448
0 0.295602 0.614193 0.077315 0.012240
0 0.346528 0.700130 0.077315 0.012240
0 0.811806 0.080339 0.054167 0.017448
0 0.446065 0.470964 0.054167 0.017448
0 0.608102 0.914974 0.063426 0.014844
0 0.811806 0.719401 0.026389 0.035156
0 0.679861 0.401693 0.031019 0.029948
0 0.652083 0.784115 0.068056 0.013542
0 0.174074 0.483984 0.075000 0.012240
0 0.328009 0.503906 0.021759 0.041667
0 0.126620 0.895443 0.072685 0.012240
0 0.175231 0.758724 0.021759 0.040885
0 0.718750 0.431250 0.081019 0.010937
0 0.321065 0.321224 0.017130 0.051302
0 0.946065 0.142839 0.026389 0.033073
0 0.344213 0.481380 0.026389 0.033073
0 0.469213 0.992448 0.063426 0.013542
0 0.646991 0.568620 0.057870 0.014844
0 0.568750 0.384375 0.077315 0.010937
0 0.583796 0.464193 0.024074 0.035156
0 0.644676 0.148047 0.025463 0.033073
0 0.888194 0.339453 0.086574 0.009635
0 0.696065 0.127214 0.017130 0.048698
0 0.716898 0.254818 0.021759 0.038281
0 0.531250 0.271484 0.057870 0.014323
0 0.649769 0.263932 0.054167 0.014844
0 0.705324 0.685807 0.017130 0.046094
0 0.663657 0.228776 0.063426 0.012240
0 0.566435 0.835547 0.063426 0.012240
0 0.492361 0.671484 0.063426 0.012240
0 0.047917 0.594010 0.026389 0.029167
0 0.922917 0.216146 0.026389 0.028646
0 0.568750 0.427995 0.049537 0.014844
0 0.094213 0.510026 0.026389 0.027865
0 0.876157 0.351823 0.016204 0.044792
0 0.355787 0.387630 0.058796 0.012240
0 0.128935 0.512370 0.021759 0.032552
0 0.839583 0.138932 0.072685 0.009635
0 0.797917 0.558203 0.017130 0.040885
0 0.924769 0.273047 0.020833 0.033073
0 0.435648 0.583333 0.024074 0.028646
0 0.915972 0.536719 0.049537 0.013542
0 0.214583 0.271745 0.026389 0.025260
0 0.147454 0.659766 0.021759 0.030469
0 0.538657 0.442318 0.054167 0.012240
0 0.689120 0.636328 0.021759 0.030469
0 0.314120 0.360286 0.021759 0.030469
0 0.237731 0.257422 0.017130 0.038281
0 0.437269 0.502214 0.053241 0.012240
0 0.024769 0.699870 0.017130 0.037760
0 0.517361 0.214453 0.067130 0.009635
0 0.454167 0.610026 0.070370 0.009115
0 0.312269 0.266276 0.043981 0.014323
0 0.274769 0.370703 0.063426 0.009635
0 0.098843 0.441016 0.017130 0.035677
0 0.079167 0.284766 0.061111 0.009635
0 0.758565 0.110286 0.058796 0.009635
0 0.396991 0.711849 0.057870 0.009635
0 0.246991 0.515234 0.044907 0.012240
0 0.950694 0.268490 0.017130 0.031771
0 0.290972 0.469661 0.021759 0.020052
0 0.973843 0.512630 0.035648 0.012240
0 0.936806 0.224870 0.017130 0.025260
0 0.661343 0.093359 0.058796 0.007031
0 0.409028 0.569922 0.017130 0.022656
0 0.793287 0.161068 0.054167 0.007031
0 0.228009 0.089453 0.016204 0.014844
0 0.561806 0.041016 0.026389 0.006510
