0 0.862731 0.875911 0.146759 0.046094
0 0.523611 0.627214 0.061111 0.079948
0 0.432176 0.643880 0.063426 0.061198
0 0.473843 0.758073 0.128241 0.029167
0 0.022454 0.805599 0.040278 0.082552
0 0.455324 0.724870 0.100463 0.030469
0 0.568287 0.397135 0.141204 0.020833
0 0.341435 0.743099 0.039352 0.072135
0 0.362731 0.500911 0.054167 0.051302
0 0.169444 0.651953 0.047222 0.056510
0 0.462269 0.779297 0.095833 0.024740
0 0.735417 0.175391 0.049537 0.046094
0 0.737731 0.200130 0.100463 0.022656
0 0.410880 0.652214 0.048611 0.045573
0 0.707639 0.264583 0.040278 0.052604
0 0.469907 0.560807 0.083333 0.025260
0 0.316435 0.816016 0.044907 0.046094
0 0.626620 0.623307 0.081944 0.025260
0 0.797454 0.218359 0.034722 0.059115
0 0.536343 0.886328 0.077315 0.025260
0 0.950694 0.460547 0.035648 0.053906
0 0.371296 0.589453 0.074074 0.025260
0 0.946065 0.266536 0.044907 0.040885
0 0.668287 0.240495 0.044907 0.040885
0 0.468056 0.513932 0.042593 0.040885
0 0.733102 0.635026 0.072685 0.022656
0 0.847685 0.312109 0.070370 0.022656
0 0.334491 0.659115 0.034722 0.044792
0 0.066435 0.731380 0.035648 0.043490
0 0.542824 0.666276 0.034722 0.043490
0 0.418287 0.560547 0.035648 0.040365
0 0.321065 0.916276 0.081944 0.017448
0 0.846528 0.149349 0.095833 0.014844
0 0.125463 0.704036 0.033333 0.040885
0 0.675231 0.434505 0.031019 0.043490
0 0.531250 0.571224 0.067130 0.020052
0 0.381250 0.649089 0.026389 0.050781
0 0.269676 0.431901 0.034722 0.038281
0 0.881250 0.208984 0.091204 0.014323
0 0.178241 0.567318 0.074074 0.017448
0 0.924769 0.446224 0.020833 0.061719
0 0.640509 0.447266 0.026389 0.048177
0 0.293287 0.784766 0.063426 0.020052
0 0.140509 0.839453 0.063426 0.020052
0 0.774769 0.653255 0.100463 0.012240
0 0.160880 0.810807 0.030093 0.040885
0 0.487731 0.122656 0.035648 0.034375
0 0.306019 0.536068 0.098148 0.012240
0 0.920139 0.573177 0.030093 0.039583
0 0.249306 0.813411 0.058796 0.020052
0 0.837269 0.283464 0.095833 0.012240
0 0.632407 0.575130 0.093519 0.012240
0 0.932176 0.616797 0.026389 0.043490
0 0.770139 0.225521 0.026389 0.042188
0 0.735417 0.927734 0.077315 0.014323
0 0.302546 0.688411 0.026389 0.040885
0 0.100694 0.912630 0.030093 0.035156
0 0.589120 0.656901 0.025463 0.040365
0 0.399769 0.728776 0.081944 0.012240
0 0.749306 0.227474 0.021759 0.046094
0 0.527083 0.696875 0.021759 0.044792
0 0.124306 0.391276 0.068056 0.014323
0 0.258565 0.887630 0.077315 0.012240
0 0.334954 0.517839 0.054167 0.017448
0 0.186806 0.789974 0.063426 0.014844
0 0.670602 0.684245 0.021759 0.042969
0 0.596528 0.562760 0.068056 0.013542
0 0.554398 0.697526 0.020833 0.043490
0 0.316435 0.624219 0.026389 0.033854
0 0.550231 0.456641 0.021759 0.040885
0 0.045602 0.615495 0.021759 0.040885
0 0.971528 0.414974 0.021759 0.040885
0 0.953009 0.362891 0.021759 0.040885
0 0.857639 0.265234 0.071759 0.012240
0 0.897454 0.578776 0.021759 0.040365
0 0.410880 0.329036 0.057870 0.014844
0 0.471528 0.992448 0.058796 0.013542
0 0.015046 0.680599 0.016204 0.046094
0 0.783565 0.461849 0.016204 0.046094
0 0.647454 0.547786 0.049537 0.014844
0 0.659028 0.163672 0.026389 0.027865
0 0.304861 0.872005 0.058796 0.012240
0 0.022454 0.606380 0.021759 0.033073
0 0.968750 0.580339 0.016204 0.043490
0 0.953009 0.725911 0.021759 0.032552
0 0.871991 0.529557 0.017130 0.040885
0 0.959954 0.149089 0.017130 0.040365
0 0.034028 0.645182 0.017130 0.037760
0 0.413657 0.305599 0.063426 0.009635
0 0.823380 0.606120 0.049537 0.011719
0 0.957639 0.763932 0.021759 0.025260
0 0.669444 0.525651 0.019444 0.027865
0 0.341898 0.409505 0.058796 0.009115
0 0.165509 0.381120 0.020833 0.025260
0 0.922917 0.755469 0.017130 0.029167
0 0.088426 0.512630 0.014815 0.033073
0 0.049769 0.361589 0.020833 0.022656
0 0.482639 0.289974 0.043981 0.009635
0 0.856250 0.587891 0.057870 0.006510
0 0.270139 0.835286 0.017130 0.016927
