0 0.611574 0.558203 0.088889 0.082552
0 0.156713 0.595703 0.160648 0.042969
0 0.399537 0.796875 0.082407 0.036979
0 0.351157 0.801693 0.123611 0.038281
0 0.922917 0.976172 0.137500 0.033073
0 0.369676 0.869401 0.058796 0.069531
0 0.829167 0.640234 0.051852 0.059115
0 0.779861 0.806510 0.043981 0.044271
0 0.594213 0.486589 0.054167 0.053906
0 0.425231 0.313411 0.095833 0.030469
0 0.253935 0.180599 0.049537 0.051302
0 0.156713 0.133203 0.109722 0.022656
0 0.087269 0.745443 0.040278 0.061198
0 0.892824 0.861589 0.105093 0.022656
0 0.142361 0.746745 0.048611 0.048177
0 0.617361 0.161068 0.100463 0.022656
0 0.697917 0.766536 0.039352 0.056510
0 0.194907 0.111589 0.079630 0.027865
0 0.399306 0.788411 0.090278 0.022135
0 0.825694 0.425130 0.035648 0.055990
0 0.457639 0.235026 0.077315 0.024740
0 0.758565 0.085547 0.077315 0.022656
0 0.480324 0.207943 0.076389 0.022656
0 0.089583 0.886979 0.026389 0.063021
0 0.925231 0.520182 0.031019 0.053385
0 0.131250 0.198828 0.081944 0.020052
0 0.209954 0.602474 0.081944 0.020052
0 0.654398 0.426693 0.035648 0.043490
0 0.665972 0.082943 0.040278 0.038281
0 0.744676 0.515234 0.086574 0.017448
0 0.893981 0.406901 0.024074 0.061198
0 0.326389 0.114193 0.064815 0.022656
0 0.047917 0.873307 0.035648 0.040885
0 0.871991 0.269141 0.072685 0.020052
0 0.506250 0.878516 0.035648 0.040885
0 0.135880 0.834245 0.072685 0.020052
0 0.658565 0.571224 0.025463 0.056510
0 0.140046 0.159766 0.071759 0.020052
0 0.476157 0.761328 0.095833 0.014844
0 0.881250 0.552734 0.072685 0.019531
0 0.605324 0.649349 0.039352 0.035677
0 0.343750 0.811849 0.081019 0.016927
0 0.878935 0.086849 0.068056 0.020052
0 0.751620 0.369401 0.035648 0.038281
0 0.406713 0.177995 0.068056 0.020052
0 0.244213 0.312109 0.076389 0.017448
0 0.108102 0.537370 0.063426 0.020052
0 0.640509 0.878516 0.035648 0.035677
0 0.138194 0.493099 0.031019 0.040885
0 0.578009 0.233984 0.068056 0.017448
0 0.425231 0.603776 0.021759 0.053906
0 0.196065 0.822526 0.035648 0.033073
0 0.689120 0.240495 0.058796 0.020052
0 0.499306 0.821224 0.058796 0.020052
0 0.921759 0.835547 0.024074 0.048698
0 0.392824 0.145182 0.031019 0.037760
0 0.334954 0.593359 0.026389 0.043490
0 0.168287 0.791276 0.026389 0.043490
0 0.709954 0.124609 0.063426 0.017448
0 0.909028 0.316016 0.072685 0.014844
0 0.323380 0.536068 0.058796 0.017448
0 0.646991 0.723568 0.057870 0.017448
0 0.897454 0.288411 0.058796 0.016927
0 0.168287 0.236979 0.026389 0.036458
0 0.457639 0.371354 0.086574 0.010937
0 0.203009 0.866797 0.077315 0.012240
0 0.624306 0.802995 0.031019 0.030469
0 0.355787 0.185807 0.031019 0.030469
0 0.249306 0.555599 0.031019 0.030469
0 0.811806 0.761328 0.026389 0.035677
0 0.034028 0.172786 0.026389 0.035677
0 0.276620 0.090755 0.076389 0.012240
0 0.369213 0.663411 0.020833 0.042969
0 0.135880 0.853776 0.072685 0.012240
0 0.871991 0.351432 0.072685 0.012240
0 0.330324 0.885026 0.072685 0.012240
0 0.343750 0.098568 0.071759 0.012240
0 0.661343 0.753255 0.021759 0.040365
0 0.231944 0.203776 0.061111 0.014323
0 0.834491 0.098568 0.025463 0.033073
0 0.422917 0.543880 0.017130 0.048698
0 0.777083 0.845964 0.021759 0.038281
0 0.482639 0.843620 0.025463 0.032552
0 0.552546 0.289974 0.026389 0.030469
0 0.589583 0.409766 0.026389 0.030469
0 0.165972 0.480078 0.021759 0.035677
0 0.427083 0.724609 0.016204 0.045573
0 0.552546 0.756120 0.017130 0.040885
0 0.612731 0.274349 0.044907 0.014844
0 0.272454 0.224870 0.068056 0.009635
0 0.881250 0.891536 0.063426 0.009635
0 0.075694 0.498047 0.017130 0.035156
0 0.867361 0.719401 0.017130 0.029948
0 0.240046 0.356380 0.021759 0.022656
0 0.328009 0.226172 0.012500 0.038281
0 0.991204 0.900000 0.014815 0.031771
0 0.586111 0.844661 0.047222 0.009635
0 0.112731 0.095964 0.017130 0.022656
0 0.564120 0.141536 0.012500 0.030469
0 0.214120 0.253255 0.016204 0.019531
0 0.302546 0.844792 0.057870 0.049479
0 0.237269 0.797266 0.059722 0.034635
0 0.282407 0.810026 0.021296 0.023698
0 0.290046 0.790885 0.038426 0.022917
0 0.303241 0.779557 0.014815 0.036198
0 0.253704 0.769401 0.074074 0.011719
0 0.221991 0.760026 0.040278 0.024219
0 0.122454 0.887891 0.062500 0.019531
0 0.133796 0.873698 0.044444 0.025000
0 0.460880 0.856510 0.033796 0.025000
0 0.466435 0.885807 0.062500 0.027865
0 0.470833 0.806641 0.081481 0.023698
0 0.334722 0.724089 0.083333 0.030990
0 0.618056 0.702604 0.053704 0.028125
0 0.755787 0.779948 0.036574 0.035417
0 0.866667 0.800911 0.065741 0.026823
0 0.920139 0.762109 0.062500 0.029948
0 0.889815 0.738932 0.069444 0.040885
0 0.822222 0.855339 0.025926 0.039844
0 0.780324 0.869792 0.083796 0.035937
0 0.749537 0.866016 0.047222 0.019531
0 0.712963 0.836979 0.063889 0.042708
0 0.663889 0.827604 0.050000 0.035937
0 0.642593 0.852344 0.103704 0.011458
0 0.685880 0.885026 0.071759 0.029948
0 0.667130 0.858724 0.061111 0.028385
0 0.607176 0.871224 0.041204 0.029948
0 0.582870 0.884766 0.081481 0.024219
0 0.572685 0.873177 0.061111 0.026042
0 0.529630 0.850000 0.058333 0.022917
0 0.557407 0.831641 0.055556 0.034115
0 0.553704 0.825000 0.050926 0.052604
0 0.651852 0.774479 0.033333 0.040625
0 0.604398 0.793880 0.086574 0.010677
0 0.697222 0.660677 0.061111 0.031250
0 0.649769 0.645833 0.052315 0.025521
0 0.709954 0.635286 0.046759 0.029427
0 0.694444 0.593880 0.069444 0.030990
0 0.417593 0.654167 0.050926 0.026562
0 0.341204 0.684896 0.053704 0.036979
0 0.139583 0.652344 0.068056 0.027083
0 0.113426 0.642969 0.042593 0.037500
0 0.205093 0.677474 0.068519 0.017448
0 0.232407 0.678776 0.076852 0.013802
0 0.208333 0.795182 0.061111 0.049219
0 0.218056 0.700000 0.074074 0.027083
0 0.184722 0.700781 0.062963 0.036458
0 0.137963 0.676823 0.056481 0.022917
0 0.112269 0.688411 0.068981 0.018490
0 0.095833 0.675391 0.075926 0.032031
0 0.224074 0.543750 0.074074 0.043750
0 0.331019 0.555208 0.059259 0.019271
0 0.370602 0.533984 0.059722 0.046094
0 0.120602 0.518229 0.048611 0.016146
0 0.134259 0.571094 0.069444 0.033854
0 0.530093 0.571484 0.070370 0.030990
0 0.733565 0.551823 0.064352 0.034375
0 0.909259 0.630208 0.043519 0.030729
0 0.874537 0.454948 0.038889 0.021354
0 0.861343 0.399219 0.042130 0.014063
0 0.851389 0.370573 0.062037 0.016146
0 0.811343 0.327344 0.029167 0.023958
0 0.829630 0.361589 0.032407 0.032552
0 0.781944 0.336719 0.065741 0.039062
0 0.773148 0.349349 0.056481 0.033073
0 0.761806 0.398698 0.054167 0.017708
0 0.729861 0.414062 0.054167 0.019792
0 0.714352 0.428385 0.047222 0.034896
0 0.759491 0.434115 0.040278 0.040625
0 0.802546 0.430339 0.038426 0.032031
0 0.908333 0.419271 0.051852 0.012500
0 0.911343 0.402083 0.063426 0.012500
0 0.930324 0.390234 0.053241 0.025781
0 0.923148 0.373307 0.071296 0.030469
0 0.932870 0.355729 0.047222 0.041667
0 0.915046 0.329557 0.085648 0.022135
0 0.877083 0.332943 0.057870 0.012760
0 0.817593 0.295964 0.037037 0.044531
0 0.775926 0.309635 0.080556 0.019271
0 0.770602 0.299089 0.081019 0.022135
0 0.661574 0.278776 0.039815 0.032031
0 0.568519 0.322135 0.036111 0.040104
0 0.616204 0.336979 0.046296 0.025000
0 0.610648 0.371224 0.060185 0.019531
0 0.553009 0.364974 0.060648 0.018490
0 0.180787 0.316797 0.062500 0.026823
0 0.185417 0.283854 0.068981 0.018750
0 0.145370 0.264453 0.046296 0.026302
0 0.117130 0.253125 0.053704 0.023958
0 0.094213 0.223307 0.074537 0.037240
0 0.056250 0.223568 0.051389 0.042448
0 0.198843 0.240755 0.020833 0.024219
0 0.185417 0.260677 0.043056 0.036458
0 0.323380 0.265755 0.043981 0.040365
0 0.501852 0.247396 0.067593 0.026042
0 0.536806 0.270964 0.043981 0.038802
0 0.338657 0.177344 0.087500 0.015625
0 0.322222 0.190625 0.075000 0.008854
0 0.270833 0.149219 0.033333 0.046875
0 0.243750 0.138672 0.036574 0.026302
0 0.312500 0.139844 0.079630 0.033854
0 0.400463 0.114974 0.072222 0.030469
0 0.467593 0.132812 0.091667 0.025000
0 0.491435 0.156510 0.078241 0.033333
0 0.567593 0.112240 0.079630 0.026562
0 0.571991 0.128776 0.032870 0.035677
0 0.597454 0.098437 0.062500 0.038021
0 0.608102 0.131510 0.082870 0.036458
0 0.712037 0.182292 0.087037 0.030208
0 0.612731 0.184896 0.066204 0.014583
0 0.652315 0.203906 0.048148 0.023958
0 0.584722 0.206250 0.065741 0.032813
0 0.562963 0.199349 0.056481 0.023698
0 0.094213 0.155599 0.042130 0.049219
0 0.082870 0.107682 0.070370 0.047656
0 0.100000 0.115365 0.075000 0.017708
0 0.060880 0.175911 0.023611 0.054427
0 0.186806 0.167057 0.090278 0.017448
0 0.215741 0.151432 0.039815 0.038281
0 0.765741 0.223958 0.099074 0.067187
0 0.829861 0.215495 0.029167 0.052865
0 0.820602 0.278255 0.038426 0.029948
0 0.703704 0.159896 0.046296 0.031771
0 0.785417 0.166667 0.075463 0.028125
0 0.851157 0.150521 0.054167 0.032292
0 0.782639 0.126953 0.069907 0.034635
0 0.753472 0.126302 0.086574 0.039583
0 0.869444 0.125130 0.074074 0.019531
0 0.925463 0.174740 0.085185 0.043750
0 0.735417 0.222526 0.059722 0.031510
0 0.684491 0.221745 0.065278 0.015885
0 0.780093 0.252734 0.050926 0.027865
0 0.687963 0.266016 0.070370 0.027865
0 0.451389 0.443880 0.112037 0.023177
