0 0.108102 0.120703 0.118981 0.035677
0 0.246991 0.322526 0.137500 0.027865
0 0.126620 0.685807 0.054167 0.066927
0 0.804861 0.851823 0.058796 0.055208
0 0.189120 0.861589 0.058796 0.053906
0 0.453009 0.848568 0.095833 0.033073
0 0.705324 0.305599 0.044907 0.066927
0 0.469213 0.270443 0.100463 0.027865
0 0.170602 0.678646 0.040278 0.063021
0 0.538657 0.294531 0.128241 0.018750
0 0.211111 0.216797 0.037963 0.061198
0 0.790972 0.193359 0.086574 0.024740
0 0.737731 0.443620 0.044907 0.046094
0 0.867361 0.289974 0.137500 0.014844
0 0.168287 0.102474 0.100463 0.020052
0 0.393287 0.778255 0.113426 0.017448
0 0.591435 0.171484 0.039352 0.048698
0 0.573380 0.900651 0.105093 0.017448
0 0.487731 0.175391 0.072685 0.025260
0 0.145139 0.625911 0.044907 0.040885
0 0.344213 0.289974 0.072685 0.025260
0 0.871991 0.810807 0.072685 0.025260
0 0.705324 0.472266 0.072685 0.025260
0 0.240046 0.885026 0.040278 0.042448
0 0.834954 0.786068 0.091204 0.017448
0 0.825694 0.239193 0.091204 0.017448
0 0.295602 0.409766 0.077315 0.020052
0 0.929861 0.655599 0.040278 0.037760
0 0.233102 0.282161 0.100463 0.014844
0 0.071065 0.175391 0.035648 0.040885
0 0.163657 0.537370 0.072685 0.020052
0 0.457639 0.508724 0.031019 0.046094
0 0.138194 0.474870 0.095833 0.014844
0 0.490046 0.219401 0.068056 0.019531
0 0.046759 0.144141 0.088889 0.014844
0 0.381250 0.751953 0.109722 0.011719
0 0.973843 0.701432 0.035648 0.035677
0 0.677546 0.754818 0.100463 0.012240
0 0.700694 0.787370 0.026389 0.046094
0 0.853472 0.749609 0.035648 0.033073
0 0.725694 0.688411 0.057870 0.020052
0 0.567593 0.523047 0.093519 0.012240
0 0.346528 0.097005 0.077315 0.014323
0 0.538657 0.778255 0.063426 0.017448
0 0.115046 0.730078 0.031019 0.035677
0 0.561806 0.633724 0.072685 0.014844
0 0.290972 0.499609 0.031019 0.033073
0 0.554861 0.158464 0.031019 0.033073
0 0.161343 0.081641 0.068056 0.014844
0 0.832639 0.080078 0.031019 0.032552
0 0.376620 0.189714 0.081944 0.012240
0 0.638194 0.648438 0.021759 0.044271
0 0.258565 0.358984 0.077315 0.012240
0 0.554861 0.218359 0.021759 0.043490
0 0.612731 0.430599 0.063426 0.014844
0 0.587269 0.857682 0.058796 0.014844
0 0.915972 0.379818 0.068056 0.012240
0 0.105787 0.088151 0.021759 0.038281
0 0.675231 0.382422 0.068056 0.012240
0 0.605787 0.357682 0.021759 0.035677
0 0.818750 0.128516 0.049537 0.014844
0 0.422454 0.304036 0.062500 0.011719
0 0.091898 0.629818 0.021759 0.033073
0 0.360417 0.377214 0.021759 0.033073
0 0.869676 0.845703 0.021759 0.032552
0 0.601157 0.729818 0.077315 0.009115
0 0.918287 0.579036 0.017130 0.040885
0 0.376620 0.211849 0.072685 0.009635
0 0.707639 0.744141 0.058796 0.011719
0 0.545139 0.090495 0.057870 0.011719
0 0.897454 0.435807 0.021759 0.030469
0 0.446065 0.463151 0.054167 0.012240
0 0.272454 0.813151 0.021759 0.029948
0 0.825694 0.138672 0.044907 0.014323
0 0.760880 0.394531 0.017130 0.036458
0 0.163657 0.399349 0.017130 0.035677
0 0.250463 0.159766 0.024074 0.025260
0 0.198380 0.788672 0.012500 0.043490
0 0.519676 0.247005 0.016204 0.033073
0 0.890046 0.210547 0.043981 0.012240
0 0.498843 0.792318 0.057870 0.009115
0 0.707639 0.226562 0.040278 0.013021
0 0.612731 0.628516 0.017130 0.030469
0 0.406713 0.258724 0.049537 0.009635
0 0.603472 0.754818 0.017130 0.027865
0 0.777083 0.705078 0.040278 0.011719
0 0.330324 0.077474 0.017130 0.027344
0 0.446065 0.237891 0.044907 0.009635
0 0.205324 0.675391 0.017130 0.025260
0 0.230787 0.580339 0.058796 0.007031
0 0.637731 0.212240 0.011574 0.031250
0 0.844213 0.086589 0.035648 0.009115
0 0.211806 0.158464 0.011574 0.027865
0 0.419444 0.700911 0.076852 0.041406
0 0.497685 0.734896 0.066667 0.052083
0 0.554398 0.681120 0.080093 0.027344
0 0.622222 0.697135 0.030556 0.019792
0 0.587269 0.717187 0.043981 0.049479
0 0.661111 0.661198 0.045370 0.031771
0 0.747454 0.625260 0.068981 0.028646
0 0.769907 0.642188 0.057407 0.023958
0 0.807870 0.647526 0.034259 0.036198
0 0.882870 0.583073 0.039815 0.031771
0 0.901620 0.535807 0.031944 0.045052
0 0.904398 0.506250 0.030093 0.049479
0 0.815741 0.464974 0.126852 0.036719
0 0.783565 0.484635 0.017130 0.039583
0 0.811343 0.482943 0.024537 0.041406
0 0.813657 0.515234 0.058796 0.021615
0 0.859259 0.525260 0.055556 0.017708
0 0.838426 0.550911 0.026852 0.059115
0 0.585648 0.813021 0.052778 0.029687
0 0.645833 0.778776 0.058333 0.032031
0 0.481481 0.825260 0.050000 0.039583
0 0.395833 0.827734 0.105556 0.021094
0 0.306250 0.810807 0.075463 0.033594
0 0.328704 0.808594 0.037963 0.028125
0 0.377778 0.805990 0.045370 0.024479
0 0.472685 0.780599 0.051852 0.026823
0 0.402546 0.731510 0.082870 0.043229
0 0.344213 0.733333 0.075463 0.019271
0 0.343519 0.747917 0.076852 0.032292
0 0.239815 0.744010 0.061111 0.031771
0 0.232407 0.778646 0.039815 0.038542
0 0.892593 0.775651 0.023148 0.030469
0 0.778704 0.763932 0.053704 0.022656
0 0.858565 0.705990 0.054167 0.033854
0 0.935880 0.762370 0.077315 0.052344
0 0.950231 0.791536 0.032870 0.027865
0 0.924537 0.815755 0.043519 0.058073
0 0.956481 0.816797 0.065741 0.033073
0 0.918056 0.852474 0.075000 0.034115
0 0.836111 0.846745 0.058333 0.020052
0 0.732639 0.874349 0.063426 0.015365
0 0.711111 0.848177 0.075000 0.036979
0 0.670139 0.899609 0.064352 0.027865
0 0.690741 0.882161 0.092593 0.025781
0 0.548148 0.873307 0.033333 0.030990
0 0.548148 0.842708 0.043519 0.031771
0 0.442130 0.873437 0.075000 0.035937
0 0.370833 0.862630 0.069444 0.033594
0 0.299306 0.853255 0.096759 0.018490
0 0.284491 0.871875 0.056019 0.027083
0 0.339583 0.877214 0.051389 0.032552
0 0.230787 0.819661 0.038426 0.032552
0 0.219676 0.826302 0.057870 0.026042
0 0.094676 0.865495 0.020833 0.037240
0 0.088194 0.880859 0.118981 0.023177
0 0.081944 0.851562 0.062963 0.076563
0 0.061574 0.803516 0.092593 0.019531
0 0.055787 0.760026 0.047685 0.049740
0 0.148380 0.790885 0.019907 0.040625
0 0.141204 0.834635 0.041667 0.047917
0 0.156944 0.864323 0.078704 0.027604
0 0.251852 0.664583 0.029630 0.033854
0 0.233565 0.672786 0.031019 0.050781
0 0.297222 0.651302 0.050000 0.038542
0 0.266667 0.636068 0.078704 0.024219
0 0.325926 0.622786 0.042593 0.041927
0 0.329167 0.622786 0.059259 0.025781
0 0.296296 0.600130 0.054630 0.044010
0 0.211574 0.608594 0.052778 0.029687
0 0.179861 0.635286 0.026389 0.028385
0 0.169213 0.584766 0.046759 0.051302
0 0.153935 0.577865 0.044907 0.023958
0 0.139120 0.596094 0.059722 0.026042
0 0.295602 0.539974 0.043981 0.036719
0 0.190046 0.500651 0.028241 0.032031
0 0.422222 0.424740 0.062037 0.027604
0 0.451389 0.428385 0.041667 0.012500
0 0.566204 0.600000 0.074074 0.032292
0 0.606250 0.567708 0.064352 0.035937
0 0.721296 0.579427 0.067593 0.028646
0 0.757870 0.594922 0.047222 0.054948
0 0.832407 0.581510 0.022222 0.029167
0 0.789583 0.563151 0.038426 0.030469
0 0.813889 0.560547 0.028704 0.025260
0 0.791667 0.535417 0.110185 0.021354
0 0.722685 0.505729 0.074074 0.023438
0 0.789120 0.504167 0.055093 0.020833
0 0.621759 0.501302 0.068519 0.032292
0 0.540046 0.510938 0.078241 0.014063
0 0.481019 0.523958 0.049074 0.015625
0 0.712500 0.157812 0.066667 0.053125
0 0.676157 0.110026 0.055093 0.048698
0 0.734722 0.070964 0.067593 0.036719
0 0.757176 0.083073 0.073611 0.028646
0 0.823148 0.106510 0.040741 0.032292
0 0.867130 0.098828 0.043519 0.029948
0 0.894444 0.116667 0.045370 0.028125
0 0.919444 0.119401 0.055556 0.034635
0 0.944444 0.141276 0.045370 0.036198
0 0.919444 0.164583 0.068519 0.026042
0 0.867593 0.147786 0.042593 0.032031
0 0.872454 0.178516 0.071759 0.038281
0 0.582176 0.077083 0.034722 0.025521
0 0.541435 0.073307 0.083796 0.017969
0 0.485417 0.093099 0.058796 0.042448
0 0.587269 0.448307 0.044907 0.025781
0 0.533796 0.479948 0.062963 0.038542
0 0.511806 0.481250 0.039352 0.036979
0 0.500463 0.415365 0.076852 0.027083
0 0.471991 0.397656 0.059722 0.011979
0 0.507870 0.533073 0.024074 0.045833
0 0.855093 0.392708 0.035185 0.069271
0 0.878704 0.418490 0.042593 0.034375
0 0.822222 0.412760 0.044444 0.053646
0 0.917593 0.399870 0.062963 0.019531
0 0.648843 0.445703 0.031944 0.067448
0 0.665046 0.467448 0.023611 0.032292
0 0.522917 0.364323 0.069907 0.035417
0 0.483102 0.368880 0.074537 0.035156
0 0.437963 0.350781 0.054630 0.051042
0 0.226389 0.414974 0.044444 0.035156
0 0.156019 0.450521 0.062963 0.023958
0 0.079167 0.400391 0.037963 0.044010
0 0.057870 0.392578 0.048148 0.041927
0 0.064120 0.363542 0.069907 0.023958
0 0.100231 0.357682 0.029167 0.005469
0 0.051620 0.208333 0.037500 0.039583
0 0.103472 0.197917 0.079167 0.059896
0 0.085185 0.227344 0.075000 0.025521
0 0.127315 0.226302 0.052778 0.050000
0 0.169907 0.272396 0.045370 0.036458
0 0.221528 0.262240 0.071759 0.019792
0 0.264352 0.257812 0.043519 0.033854
0 0.295833 0.259115 0.075000 0.025000
0 0.320370 0.241016 0.100926 0.016406
0 0.272685 0.205990 0.088889 0.027083
0 0.275926 0.202995 0.038889 0.042448
0 0.482407 0.208333 0.043519 0.035937
0 0.589815 0.228516 0.037037 0.030990
0 0.608565 0.244141 0.043981 0.042969
0 0.610417 0.269271 0.076389 0.025000
0 0.555324 0.283203 0.077315 0.016927
0 0.716667 0.250781 0.045370 0.031771
0 0.734491 0.233333 0.069907 0.028646
0 0.789352 0.267578 0.096296 0.048177
0 0.140278 0.348958 0.039815 0.023958
0 0.070139 0.319531 0.063426 0.026562
0 0.057176 0.336458 0.062500 0.023438
0 0.421759 0.143099 0.068519 0.031510
0 0.440046 0.114583 0.037500 0.020313
0 0.463657 0.117057 0.081019 0.019010
0 0.323148 0.145052 0.086111 0.022396
0 0.269444 0.136328 0.037963 0.035677
0 0.250926 0.091536 0.045370 0.030469
0 0.297454 0.083594 0.058796 0.039583
0 0.183565 0.125781 0.052315 0.046875
0 0.446065 0.194922 0.040278 0.034635
