0 0.881748 0.397485 0.032714 0.042495
0 0.808400 0.859663 0.069737 0.015232
0 0.729777 0.364452 0.054866 0.045507
0 0.558636 0.407242 0.054813 0.043798
0 0.767144 0.204333 0.091585 0.019199
0 0.583169 0.843690 0.074001 0.021897
0 0.730554 0.178921 0.095568 0.028589
0 0.221885 0.188886 0.054530 0.040171
0 0.211346 0.575505 0.053115 0.037680
0 0.785069 0.522782 0.029161 0.038303
0 0.655188 0.722119 0.072714 0.017643
0 0.420557 0.798055 0.045439 0.077238
0 0.270271 0.678527 0.048694 0.042986
0 0.135836 0.666692 0.047256 0.042371
0 0.159602 0.585266 0.023608 0.047063
0 0.163377 0.825732 0.054105 0.041879
0 0.321528 0.830609 0.086351 0.026484
0 0.494358 0.735869 0.077621 0.033884
0 0.410920 0.641409 0.065391 0.028979
0 0.192240 0.207882 0.081410 0.047787
0 0.758675 0.848979 0.082861 0.021880
0 0.419949 0.856569 0.073392 0.031183
0 0.836720 0.195448 0.066425 0.035930
0 0.336646 0.190760 0.056371 0.031291
0 0.188049 0.714298 0.029642 0.043041
0 0.342199 0.804994 0.052823 0.029127
0 0.541206 0.824009 0.039767 0.039293
0 0.392111 0.850399 0.088464 0.036092
0 0.513927 0.638496 0.179180 0.034374
0 0.292010 0.840935 0.066154 0.049858
0 0.278299 0.644055 0.079814 0.042888
