0 0.881088 0.211380 0.034167 0.049629
0 0.375958 0.511046 0.061692 0.038991
0 0.136275 0.451483 0.030278 0.042312
0 0.496468 0.280189 0.070283 0.018049
0 0.718751 0.455531 0.041034 0.049697
0 0.403988 0.853195 0.077332 0.033822
0 0.874133 0.731838 0.070058 0.051104
0 0.440979 0.293858 0.016766 0.042187
0 0.385135 0.185810 0.077556 0.035988
0 0.641112 0.350183 0.017009 0.044640
0 0.180601 0.387594 0.025057 0.042766
0 0.533052 0.189524 0.076055 0.011228
0 0.881688 0.820860 0.030521 0.041531
0 0.871765 0.378975 0.074025 0.020136
0 0.359573 0.844401 0.066977 0.039634
0 0.137686 0.398522 0.022964 0.048630
0 0.792507 0.714956 0.035350 0.053405
0 0.903873 0.324271 0.029518 0.040265
0 0.541016 0.825433 0.042855 0.043304
0 0.874975 0.691354 0.082268 0.036517
0 0.897152 0.226834 0.028199 0.039458
0 0.515596 0.638843 0.177664 0.032332
0 0.554060 0.177797 0.074518 0.012431
0 0.639875 0.190857 0.124477 0.019109
0 0.904457 0.251653 0.022715 0.049370
0 0.856935 0.679825 0.076514 0.032860
0 0.881222 0.399652 0.058329 0.032669
0 0.507631 0.200475 0.048265 0.008812
0 0.440050 0.752000 0.072158 0.012525
0 0.824766 0.732615 0.029597 0.053824
0 0.514128 0.956590 0.027184 0.027416
0 0.881659 0.355589 0.056196 0.041828
