0 0.859283 0.450396 0.044006 0.057314
0 0.236374 0.832968 0.051428 0.055640
0 0.485800 0.435814 0.054723 0.052303
0 0.126436 0.452237 0.021152 0.046772
0 0.900202 0.788855 0.033583 0.050550
0 0.833746 0.211565 0.026036 0.040113
0 0.647287 0.757306 0.082052 0.024324
0 0.174148 0.663644 0.091426 0.040747
0 0.161126 0.415605 0.028624 0.054957
0 0.220638 0.183364 0.119187 0.029731
0 0.132655 0.811765 0.081036 0.033990
0 0.247332 0.422452 0.021591 0.042381
0 0.843798 0.186949 0.067817 0.038801
0 0.771947 0.841909 0.075800 0.016117
0 0.512263 0.181331 0.060003 0.009227
0 0.201929 0.626964 0.075854 0.036785
0 0.566475 0.232217 0.070441 0.022710
0 0.439280 0.840010 0.047881 0.038365
0 0.172031 0.701640 0.020475 0.035920
0 0.516282 0.638558 0.178110 0.032436
0 0.873704 0.670003 0.023409 0.058129
0 0.178753 0.596528 0.051258 0.042903
0 0.139853 0.688903 0.050188 0.045446
0 0.200623 0.195175 0.086739 0.009763
0 0.376501 0.215128 0.059749 0.011595
0 0.539835 0.827210 0.043450 0.046216
0 0.749266 0.164821 0.079515 0.016170
0 0.717116 0.199731 0.070828 0.016417
0 0.753471 0.178761 0.078323 0.013812
0 0.512564 0.956446 0.023071 0.026339
0 0.650374 0.183268 0.047912 0.034339
