0 0.235522 0.844930 0.073664 0.097302
0 0.842601 0.445767 0.118956 0.053381
0 0.909440 0.307189 0.046062 0.072759
0 0.185780 0.461061 0.084388 0.059179
0 0.194314 0.537672 0.072329 0.063734
0 0.882204 0.632396 0.075632 0.108711
0 0.216123 0.578143 0.114990 0.031508
0 0.810272 0.858097 0.079523 0.079753
0 0.267855 0.567751 0.078680 0.034160
0 0.270662 0.223375 0.041828 0.058374
0 0.869326 0.408279 0.058155 0.094742
0 0.846400 0.840254 0.165953 0.061219
0 0.538150 0.657984 0.168112 0.034123
0 0.539974 0.824586 0.039737 0.041872
0 0.834048 0.613270 0.081242 0.048448
0 0.904611 0.393768 0.025562 0.037565
0 0.880440 0.656774 0.064130 0.061456
0 0.439596 0.215607 0.106106 0.026321
