0 0.174914 0.470763 0.075206 0.094033
0 0.874699 0.462136 0.102014 0.050892
0 0.835632 0.573830 0.173793 0.061455
0 0.654569 0.214413 0.082255 0.064455
0 0.858679 0.809035 0.169652 0.048303
0 0.895971 0.285187 0.086445 0.072290
0 0.859869 0.413596 0.073366 0.072305
0 0.924796 0.449461 0.049184 0.032531
0 0.896454 0.388813 0.087264 0.042026
0 0.537175 0.657022 0.171166 0.035214
0 0.877178 0.498303 0.072308 0.047419
0 0.878345 0.852550 0.113444 0.035591
0 0.878791 0.520119 0.076651 0.065275
0 0.241741 0.865106 0.128969 0.022949
0 0.880693 0.415238 0.057876 0.063862
0 0.876134 0.556258 0.097218 0.071924
