0 0.862448 0.831928 0.086567 0.024096
0 0.718963 0.332422 0.071635 0.021198
0 0.907580 0.271449 0.029859 0.043665
0 0.882280 0.566222 0.047578 0.056400
0 0.865996 0.250506 0.055250 0.040350
0 0.313644 0.841676 0.085073 0.044133
0 0.282665 0.400913 0.045340 0.044689
0 0.886014 0.205584 0.076233 0.038842
0 0.134557 0.308409 0.018456 0.041664
0 0.522738 0.863357 0.088720 0.013914
0 0.886091 0.459005 0.065249 0.042859
0 0.769148 0.327421 0.021079 0.039374
0 0.474797 0.194058 0.033562 0.048800
0 0.177625 0.843648 0.071356 0.015691
0 0.527475 0.843615 0.076359 0.026856
0 0.506605 0.825699 0.080794 0.015146
0 0.594954 0.808129 0.069567 0.011945
0 0.450266 0.546645 0.021522 0.043919
0 0.778638 0.398089 0.027006 0.041029
0 0.348900 0.189968 0.040310 0.042342
0 0.190588 0.215101 0.056716 0.029998
0 0.286110 0.187391 0.081937 0.036504
0 0.890197 0.493814 0.030451 0.053452
0 0.619935 0.191763 0.075436 0.033692
0 0.554438 0.195819 0.064260 0.036128
0 0.513600 0.638382 0.174363 0.030706
0 0.686033 0.188147 0.046745 0.041168
0 0.872998 0.220806 0.060775 0.011734
0 0.530772 0.797442 0.054246 0.042006
0 0.196917 0.189431 0.069675 0.023101
0 0.885211 0.483678 0.046266 0.073099
