0 0.865871 0.705744 0.109101 0.093202
0 0.413854 0.631477 0.103705 0.029404
0 0.600288 0.868977 0.090018 0.065886
0 0.899675 0.406410 0.070465 0.076574
0 0.854784 0.806814 0.110950 0.019511
0 0.326535 0.205226 0.134287 0.026396
0 0.335278 0.872367 0.110595 0.037329
0 0.924917 0.591421 0.052876 0.073943
0 0.906367 0.317144 0.078148 0.079139
0 0.844684 0.828261 0.180680 0.024968
0 0.183586 0.836782 0.068243 0.044543
0 0.284159 0.740463 0.031805 0.028035
0 0.539114 0.827445 0.044674 0.047906
0 0.896889 0.658284 0.109853 0.026405
0 0.898520 0.228630 0.092455 0.066771
0 0.544117 0.659114 0.155666 0.033766
0 0.876571 0.636466 0.045279 0.073611
0 0.899093 0.652108 0.101196 0.012483
