0 0.305230 0.215428 0.161106 0.053178
0 0.255106 0.863233 0.131666 0.036328
0 0.660194 0.460321 0.097865 0.062642
0 0.324549 0.755723 0.028080 0.076909
0 0.836773 0.615910 0.051521 0.101157
0 0.455445 0.532275 0.093999 0.043618
0 0.145085 0.829567 0.114871 0.031036
0 0.270164 0.621984 0.029622 0.067265
0 0.368959 0.533436 0.083844 0.073601
0 0.302351 0.275453 0.046094 0.087126
0 0.780229 0.449989 0.040623 0.065323
0 0.233935 0.563521 0.090267 0.046416
0 0.778148 0.209470 0.124334 0.044815
0 0.236823 0.242731 0.079362 0.064830
0 0.133785 0.345873 0.120236 0.027951
0 0.264529 0.443331 0.060857 0.019335
0 0.890007 0.832858 0.062802 0.083828
0 0.839222 0.378161 0.063774 0.069708
0 0.825861 0.514928 0.067009 0.030914
0 0.258500 0.497504 0.127975 0.071033
0 0.159092 0.486347 0.051686 0.061005
0 0.874589 0.503662 0.027597 0.057336
0 0.628040 0.849612 0.128012 0.070709
0 0.130738 0.461289 0.030958 0.058713
0 0.739828 0.842804 0.052041 0.080077
0 0.860293 0.603280 0.025482 0.070581
