0 0.240865 0.220786 0.050016 0.064215
0 0.870372 0.245855 0.143483 0.021104
0 0.916548 0.505512 0.074882 0.072052
0 0.900975 0.285798 0.066729 0.072259
0 0.396213 0.619883 0.097999 0.064386
0 0.461269 0.258941 0.116263 0.031752
0 0.168262 0.633313 0.076618 0.115474
0 0.180426 0.764927 0.096426 0.016665
0 0.215449 0.557845 0.121773 0.041081
0 0.629992 0.688942 0.042231 0.068056
0 0.549840 0.374401 0.066838 0.020240
0 0.194808 0.420715 0.123095 0.043980
0 0.183957 0.333324 0.055042 0.087937
0 0.851517 0.987384 0.172492 0.025232
0 0.269138 0.858024 0.102058 0.041485
0 0.647814 0.885429 0.028585 0.041774
0 0.936241 0.293310 0.041087 0.044798
0 0.923630 0.812255 0.033150 0.027273
0 0.230778 0.417504 0.084647 0.035269
0 0.149255 0.507888 0.045893 0.100344
0 0.381835 0.501820 0.047222 0.030815
