0 0.221658 0.305494 0.054795 0.093502
0 0.183603 0.756573 0.095687 0.068704
0 0.882720 0.341679 0.110829 0.025014
0 0.885908 0.263500 0.118569 0.030144
0 0.208119 0.844942 0.049906 0.059508
0 0.566104 0.195607 0.149573 0.038943
0 0.677209 0.249143 0.044791 0.023315
0 0.891914 0.313179 0.094112 0.029961
0 0.541266 0.656393 0.169255 0.034214
0 0.382184 0.795740 0.136339 0.074667
0 0.426265 0.504910 0.033537 0.021839
0 0.508383 0.245285 0.103079 0.042351
0 0.829164 0.218370 0.153834 0.035285
0 0.327368 0.850399 0.078068 0.068680
0 0.473312 0.758899 0.026429 0.026474
0 0.271837 0.819533 0.080046 0.099718
0 0.271012 0.846370 0.089412 0.050053
