0 0.386840 0.667299 0.062245 0.063976
0 0.289937 0.746332 0.100735 0.024324
0 0.625672 0.574100 0.100686 0.069422
0 0.124749 0.638801 0.068195 0.102917
0 0.249324 0.812047 0.074262 0.098447
0 0.757351 0.439763 0.044711 0.045206
0 0.854658 0.802067 0.078636 0.064593
0 0.856862 0.213359 0.050155 0.071787
0 0.289941 0.540756 0.031375 0.051574
0 0.171126 0.849722 0.150308 0.026848
0 0.562030 0.613645 0.118423 0.021494
0 0.677232 0.186187 0.114739 0.026120
0 0.635203 0.821830 0.057595 0.040987
0 0.305874 0.837807 0.037249 0.027480
0 0.176718 0.230532 0.171631 0.048441
0 0.799160 0.427266 0.086786 0.026474
0 0.655460 0.374050 0.067493 0.035367
