0 0.221462 0.723840 0.056820 0.043085
0 0.468855 0.859452 0.078972 0.018890
0 0.337558 0.279801 0.095036 0.046451
0 0.354248 0.521047 0.041472 0.038212
0 0.560097 0.769827 0.021385 0.052865
0 0.438025 0.801092 0.084014 0.014228
0 0.642774 0.190565 0.071835 0.041703
0 0.151818 0.471844 0.020421 0.045861
0 0.870107 0.200833 0.024529 0.044735
0 0.718909 0.189044 0.069460 0.020457
0 0.166109 0.830350 0.053690 0.043458
0 0.881462 0.260152 0.076147 0.037662
0 0.833564 0.516289 0.075238 0.017393
0 0.857060 0.733047 0.082336 0.013442
0 0.282907 0.227342 0.063319 0.031566
0 0.192579 0.370019 0.035757 0.041233
0 0.734648 0.500657 0.015227 0.032720
0 0.159617 0.357989 0.025686 0.043977
0 0.239459 0.844858 0.073353 0.042753
0 0.514975 0.638193 0.181047 0.031462
0 0.593825 0.771846 0.031286 0.054447
0 0.733091 0.816338 0.083254 0.020549
0 0.711354 0.843650 0.037335 0.041072
0 0.626376 0.839323 0.081297 0.036220
0 0.747120 0.853828 0.071319 0.013870
0 0.672029 0.848465 0.044177 0.053038
0 0.634800 0.863179 0.078072 0.021333
0 0.515705 0.956111 0.024355 0.026289
0 0.643666 0.805131 0.067753 0.030073
0 0.592854 0.808533 0.031080 0.033269
