0 0.725224 0.775259 0.058721 0.062520
0 0.103856 0.340355 0.049718 0.069404
0 0.635028 0.395517 0.073526 0.061924
0 0.132149 0.226945 0.129387 0.110139
0 0.120951 0.414211 0.093632 0.072152
0 0.536741 0.826671 0.043688 0.045564
0 0.118754 0.830934 0.062544 0.078166
0 0.646904 0.457016 0.103880 0.016192
0 0.713780 0.224428 0.069735 0.075380
0 0.296711 0.206054 0.099408 0.077419
0 0.227807 0.376562 0.065552 0.067388
0 0.640872 0.220639 0.066371 0.056317
0 0.813062 0.600142 0.140482 0.053937
0 0.822028 0.228618 0.046496 0.062196
0 0.166513 0.839101 0.042925 0.074011
0 0.850101 0.660891 0.068256 0.042110
0 0.431860 0.644623 0.081049 0.021681
0 0.448526 0.502862 0.110716 0.041724
0 0.391453 0.491621 0.030360 0.040606
