0 0.468066 0.633550 0.056306 0.072897
0 0.626956 0.295305 0.129400 0.045280
0 0.432982 0.505934 0.063734 0.071324
0 0.804418 0.535863 0.034322 0.077945
0 0.835082 0.862286 0.075900 0.075089
0 0.719799 0.677221 0.053667 0.056845
0 0.225866 0.190430 0.142835 0.028076
0 0.610382 0.391248 0.103796 0.065010
0 0.207166 0.361673 0.075526 0.057319
0 0.515145 0.842894 0.123667 0.027416
0 0.290973 0.413113 0.039694 0.060058
0 0.566501 0.792916 0.127815 0.045990
0 0.902556 0.595307 0.067852 0.108540
0 0.924028 0.408245 0.057566 0.062758
0 0.289546 0.690637 0.044100 0.045073
0 0.277975 0.261597 0.024032 0.057335
0 0.629703 0.644150 0.092537 0.061886
0 0.229953 0.314998 0.069716 0.059575
0 0.746342 0.187513 0.047699 0.050234
0 0.888122 0.852695 0.057813 0.063767
0 0.260533 0.863831 0.097507 0.052266
