0 0.592704 0.213896 0.052005 0.067117
0 0.877823 0.345917 0.121811 0.020471
0 0.902629 0.557036 0.066544 0.067737
0 0.879043 0.214711 0.098185 0.017661
0 0.174742 0.295698 0.078613 0.068995
0 0.871174 0.418383 0.112729 0.053273
0 0.842783 0.523485 0.151403 0.018713
0 0.261727 0.654432 0.087787 0.086707
0 0.888291 0.632563 0.084902 0.108368
0 0.164258 0.822100 0.029190 0.076818
0 0.238490 0.820891 0.088019 0.093846
0 0.608623 0.861089 0.108350 0.050443
0 0.237328 0.848127 0.074080 0.050056
0 0.327910 0.629807 0.020076 0.042503
0 0.861043 0.477163 0.085992 0.076367
0 0.541230 0.659438 0.172839 0.033310
0 0.862347 0.220906 0.135456 0.027997
0 0.291316 0.759492 0.059174 0.030182
0 0.893567 0.451299 0.086990 0.031852
0 0.815166 0.255237 0.197992 0.034111
