0 0.233547 0.562583 0.090807 0.063056
0 0.844336 0.645475 0.072158 0.063065
0 0.151775 0.459817 0.122519 0.032806
0 0.377738 0.624113 0.033810 0.066368
0 0.428812 0.201645 0.102866 0.056127
0 0.652724 0.212028 0.128839 0.030878
0 0.539427 0.825881 0.044201 0.045044
0 0.112145 0.514735 0.021886 0.040963
0 0.790207 0.228283 0.138872 0.032458
0 0.147259 0.496357 0.105405 0.083072
0 0.872780 0.285510 0.038299 0.076205
0 0.184674 0.502098 0.040817 0.077294
0 0.496400 0.650237 0.186843 0.035813
0 0.971344 0.318157 0.052097 0.068344
0 0.878881 0.406326 0.036041 0.051042
0 0.227216 0.872532 0.051792 0.028311
0 0.871801 0.448629 0.046522 0.052697
