0 0.710882 0.182903 0.093653 0.030546
0 0.872133 0.602412 0.082841 0.012198
0 0.469032 0.185210 0.084941 0.018423
0 0.226429 0.592347 0.077418 0.018274
0 0.171420 0.214039 0.045279 0.044638
0 0.140276 0.722079 0.027320 0.045752
0 0.333857 0.845541 0.060809 0.041610
0 0.862990 0.228674 0.047218 0.050479
0 0.123589 0.807961 0.025669 0.042462
0 0.237482 0.771137 0.025939 0.049750
0 0.348503 0.188515 0.024396 0.042441
0 0.406010 0.189695 0.060567 0.033104
0 0.901794 0.211710 0.032506 0.047315
0 0.611444 0.187713 0.039506 0.054773
0 0.301988 0.799884 0.060805 0.025104
0 0.477479 0.244502 0.067820 0.027284
0 0.766018 0.192963 0.055165 0.048910
0 0.271219 0.180590 0.141096 0.033690
0 0.851013 0.253302 0.073573 0.051867
0 0.818588 0.268196 0.036202 0.041447
0 0.514491 0.637935 0.180974 0.033240
0 0.537885 0.827717 0.047845 0.047428
0 0.237387 0.847498 0.067304 0.043631
0 0.238962 0.186669 0.078523 0.022711
0 0.291723 0.835221 0.081761 0.035893
0 0.568029 0.845494 0.075327 0.012647
0 0.515498 0.956595 0.025546 0.027176
0 0.202737 0.850692 0.059200 0.042908
0 0.304998 0.176776 0.076002 0.028421
0 0.575872 0.183177 0.065763 0.012719
