0 0.832410 0.350635 0.046460 0.040667
0 0.913030 0.329485 0.075568 0.063683
0 0.526918 0.237132 0.097734 0.060732
0 0.267617 0.578709 0.132152 0.077976
0 0.178352 0.692829 0.070477 0.064707
0 0.846034 0.502936 0.133012 0.044878
0 0.677355 0.255696 0.112265 0.043203
0 0.401074 0.241345 0.103815 0.044279
0 0.301500 0.759851 0.121985 0.063426
0 0.824102 0.259927 0.124473 0.041789
0 0.585788 0.827929 0.084833 0.057660
0 0.841670 0.252534 0.088612 0.029076
0 0.325273 0.883850 0.127767 0.023680
0 0.510470 0.684345 0.167444 0.035554
