0 0.921433 0.675782 0.057653 0.075222
0 0.875410 0.364975 0.152634 0.031048
0 0.751143 0.884560 0.125460 0.022126
0 0.364252 0.852247 0.052642 0.078157
0 0.917839 0.501392 0.028020 0.047484
0 0.574567 0.861103 0.127061 0.023026
0 0.521749 0.243174 0.038159 0.094487
0 0.577687 0.887816 0.111940 0.020386
0 0.373031 0.633673 0.159444 0.043996
0 0.221702 0.852000 0.043274 0.072373
0 0.202734 0.251024 0.131509 0.036179
0 0.310570 0.604511 0.131671 0.029682
0 0.684076 0.214703 0.100234 0.055755
0 0.205641 0.843255 0.070024 0.056893
0 0.541069 0.828110 0.040648 0.034607
