0 0.425865 0.343997 0.082903 0.029826
0 0.881126 0.532555 0.023505 0.055743
0 0.288196 0.859558 0.088058 0.018444
0 0.126269 0.632071 0.043159 0.049426
0 0.578583 0.499172 0.041606 0.038644
0 0.387121 0.383972 0.067840 0.024636
0 0.466307 0.847398 0.072524 0.020578
0 0.900411 0.598031 0.047247 0.046689
0 0.892887 0.739955 0.022576 0.037386
0 0.583869 0.747934 0.040388 0.036921
0 0.552059 0.259305 0.068782 0.011272
0 0.714502 0.191896 0.031309 0.049713
0 0.453131 0.797158 0.066336 0.036726
0 0.889802 0.254758 0.068472 0.039332
0 0.359448 0.284046 0.069263 0.048001
0 0.846576 0.649683 0.021456 0.040216
0 0.515169 0.638110 0.179721 0.032174
0 0.298857 0.206218 0.047517 0.049521
0 0.170792 0.190915 0.049114 0.045109
0 0.855524 0.841908 0.067716 0.056883
0 0.836012 0.749999 0.040292 0.048588
0 0.165337 0.838875 0.064333 0.045420
0 0.375282 0.184114 0.062571 0.032383
0 0.846905 0.795199 0.063854 0.053980
0 0.539655 0.826708 0.045652 0.046349
0 0.416903 0.188109 0.075536 0.019872
0 0.225214 0.191386 0.065438 0.056903
0 0.512867 0.956900 0.023467 0.026796
