0 0.451731 0.253249 0.087596 0.016117
0 0.206552 0.670053 0.031430 0.049135
0 0.197635 0.499961 0.034103 0.039786
0 0.671574 0.710139 0.071164 0.022293
0 0.489570 0.288433 0.037209 0.050124
0 0.261505 0.473049 0.035219 0.044849
0 0.634222 0.784884 0.075825 0.026143
0 0.645557 0.867427 0.085621 0.018992
0 0.537723 0.827360 0.044219 0.046752
0 0.701103 0.176498 0.085971 0.012988
0 0.585110 0.859041 0.070763 0.019446
0 0.245726 0.854933 0.072493 0.033740
0 0.130509 0.645890 0.024311 0.043215
0 0.309945 0.804488 0.027563 0.045349
0 0.515099 0.640032 0.175624 0.033360
0 0.565513 0.658245 0.077990 0.012866
0 0.723327 0.769343 0.034312 0.036141
0 0.375000 0.225905 0.072573 0.035555
0 0.704270 0.793294 0.068135 0.011990
0 0.159735 0.849115 0.051902 0.042851
0 0.826485 0.222165 0.043766 0.044402
0 0.886642 0.202283 0.031093 0.046939
0 0.812652 0.186459 0.075716 0.025478
0 0.180875 0.847598 0.034919 0.040943
0 0.257816 0.812741 0.051982 0.052480
