0 0.243316 0.871682 0.116690 0.039098
0 0.720723 0.847761 0.121477 0.080348
0 0.911897 0.530865 0.047120 0.069128
0 0.450917 0.413060 0.121368 0.020866
0 0.203332 0.622398 0.105054 0.039440
0 0.230600 0.389868 0.088869 0.061023
0 0.680073 0.871007 0.135783 0.047907
0 0.614243 0.224509 0.096952 0.068139
0 0.400738 0.273111 0.120269 0.032998
0 0.540821 0.655903 0.165255 0.034204
0 0.772244 0.198107 0.147074 0.034474
0 0.432108 0.806200 0.051023 0.028675
0 0.630914 0.795467 0.151211 0.054844
0 0.502282 0.801043 0.053889 0.037285
0 0.413265 0.853835 0.140220 0.075108
