0 0.338172 0.766293 0.090379 0.039722
0 0.756091 0.846025 0.076716 0.090465
0 0.878043 0.827879 0.117716 0.042509
0 0.904939 0.406436 0.078282 0.077329
0 0.567155 0.496665 0.134551 0.030019
0 0.237204 0.860705 0.062074 0.058817
0 0.789513 0.553076 0.130906 0.041220
0 0.902495 0.265435 0.079723 0.024087
0 0.910355 0.242807 0.077224 0.032263
0 0.309903 0.862250 0.106783 0.052787
0 0.822468 0.993893 0.096537 0.011755
0 0.818276 0.199018 0.103788 0.019090
0 0.535844 0.823730 0.042854 0.042349
0 0.184917 0.498212 0.068964 0.070513
0 0.876694 0.290368 0.121779 0.022867
0 0.230883 0.701467 0.060005 0.026104
