0 0.164460 0.423809 0.074971 0.096357
0 0.170249 0.628954 0.073088 0.077126
0 0.899113 0.483659 0.056300 0.073029
0 0.583771 0.712208 0.073154 0.012080
0 0.906511 0.266652 0.083116 0.020373
0 0.164379 0.715719 0.062013 0.068220
0 0.896166 0.309758 0.120017 0.033792
0 0.859904 0.836031 0.124295 0.040027
0 0.753958 0.673247 0.040490 0.048515
0 0.901001 0.817112 0.124372 0.030287
0 0.214730 0.489276 0.088350 0.032156
0 0.366096 0.860541 0.112281 0.057213
0 0.214140 0.253898 0.037323 0.048827
0 0.161963 0.253612 0.050290 0.077200
