0 0.882218 0.754223 0.057991 0.050222
0 0.224231 0.763534 0.080775 0.019023
0 0.663341 0.669970 0.065926 0.018724
0 0.446317 0.625036 0.085971 0.020384
0 0.226517 0.455206 0.040831 0.040800
0 0.392062 0.252153 0.068872 0.016046
0 0.207894 0.829700 0.077345 0.023482
0 0.138159 0.347810 0.030779 0.045352
0 0.131529 0.635113 0.040911 0.045028
0 0.702066 0.499115 0.027539 0.042302
0 0.184852 0.353415 0.058412 0.013629
0 0.850263 0.822734 0.021115 0.041642
0 0.142249 0.486343 0.032560 0.050662
0 0.132257 0.776757 0.051068 0.040136
0 0.860146 0.494186 0.017493 0.039286
0 0.232296 0.662840 0.078791 0.030821
0 0.368900 0.847164 0.078535 0.010628
0 0.502873 0.634103 0.189749 0.036659
0 0.263872 0.829558 0.083808 0.045151
0 0.384785 0.268984 0.085703 0.013545
0 0.889911 0.220054 0.027052 0.048994
0 0.296497 0.805664 0.071996 0.013291
0 0.544391 0.195969 0.117513 0.065428
0 0.284603 0.186688 0.143289 0.041205
0 0.215394 0.737157 0.058901 0.033178
0 0.384831 0.858875 0.090979 0.014580
0 0.140523 0.677559 0.070419 0.036849
0 0.535924 0.823436 0.045095 0.043049
0 0.192472 0.811682 0.077517 0.032338
0 0.326183 0.174667 0.072290 0.018185
