0 0.883803 0.569382 0.049022 0.056591
0 0.484811 0.181864 0.071974 0.025505
0 0.862345 0.655443 0.027575 0.048686
0 0.662646 0.582431 0.070427 0.026533
0 0.278135 0.348590 0.030450 0.040242
0 0.878613 0.721927 0.039607 0.043565
0 0.879064 0.398854 0.072976 0.015102
0 0.649493 0.337991 0.030580 0.047687
0 0.770725 0.274570 0.030237 0.049451
0 0.772719 0.717143 0.020653 0.050174
0 0.556619 0.499245 0.038343 0.053628
0 0.278297 0.838323 0.094642 0.023409
0 0.869084 0.824078 0.065725 0.036537
0 0.548513 0.525320 0.049168 0.039584
0 0.515631 0.637790 0.177791 0.034538
0 0.759314 0.188656 0.071019 0.045248
0 0.171874 0.418099 0.035715 0.053501
0 0.605670 0.281011 0.066563 0.030776
0 0.847178 0.190916 0.071285 0.027645
0 0.431184 0.839427 0.073949 0.012020
0 0.875744 0.474773 0.085868 0.057234
0 0.778105 0.418509 0.058473 0.033552
0 0.409138 0.706866 0.078434 0.030181
0 0.787117 0.173523 0.080060 0.028662
0 0.144129 0.546223 0.026139 0.047264
0 0.347902 0.818235 0.053423 0.026338
0 0.539633 0.825686 0.044957 0.044314
0 0.153497 0.533458 0.043849 0.074443
0 0.367890 0.852438 0.067208 0.030558
0 0.162904 0.518367 0.027053 0.043801
0 0.743508 0.202099 0.073474 0.018698
0 0.512767 0.956282 0.026345 0.026991
