0 0.425691 0.784463 0.038518 0.073535
0 0.372497 0.853673 0.037589 0.045225
0 0.804985 0.524787 0.036718 0.053714
0 0.245286 0.465004 0.031475 0.053786
0 0.145069 0.593071 0.079605 0.017684
0 0.872679 0.840386 0.078766 0.033727
0 0.226697 0.518123 0.022900 0.056420
0 0.148124 0.820193 0.080538 0.024934
0 0.654148 0.181885 0.085273 0.017158
0 0.147029 0.561609 0.059868 0.033786
0 0.342858 0.187256 0.067331 0.018545
0 0.569015 0.534301 0.031495 0.044701
0 0.692381 0.754034 0.062472 0.013200
0 0.458948 0.859259 0.078362 0.011984
0 0.153747 0.522679 0.046725 0.062147
0 0.861181 0.752086 0.082202 0.012163
0 0.272449 0.190626 0.043278 0.042577
0 0.303451 0.855946 0.113188 0.040373
0 0.491761 0.842531 0.088603 0.020979
0 0.707966 0.835259 0.071896 0.022541
0 0.169437 0.196281 0.029495 0.044868
0 0.514627 0.638416 0.180066 0.032467
0 0.720318 0.858523 0.071267 0.027317
0 0.292897 0.329030 0.036228 0.043106
0 0.412985 0.215828 0.021915 0.044075
0 0.715318 0.848636 0.078800 0.022846
0 0.216381 0.188105 0.071795 0.039566
0 0.515323 0.956035 0.025552 0.026880
0 0.445168 0.205582 0.054231 0.035305
0 0.338588 0.823443 0.091455 0.015492
0 0.144465 0.825612 0.069117 0.012833
0 0.321794 0.843578 0.077625 0.037546
0 0.547705 0.819347 0.030252 0.032041
