0 0.499960 0.232753 0.061812 0.089901
0 0.394771 0.719916 0.059127 0.073685
0 0.469742 0.680548 0.050158 0.060109
0 0.909499 0.519536 0.064419 0.076270
0 0.798116 0.471124 0.053100 0.088215
0 0.382848 0.889205 0.140665 0.018801
0 0.213759 0.527447 0.152336 0.029614
0 0.533620 0.814360 0.071816 0.102304
0 0.914771 0.331645 0.064838 0.024990
0 0.440312 0.818659 0.110238 0.040767
0 0.170628 0.714916 0.082358 0.043935
0 0.176710 0.558429 0.079789 0.073602
0 0.906228 0.762900 0.069834 0.059323
0 0.929307 0.717130 0.058589 0.059462
0 0.890272 0.363385 0.072503 0.014672
