0 0.648008 0.591218 0.081745 0.016575
0 0.131588 0.445434 0.033439 0.043646
0 0.259315 0.858901 0.076998 0.018963
0 0.166234 0.256130 0.074376 0.022175
0 0.600014 0.554638 0.049840 0.040561
0 0.905602 0.241285 0.021156 0.045544
0 0.892612 0.346846 0.045516 0.044095
0 0.194237 0.380164 0.099801 0.020789
0 0.172718 0.483680 0.022748 0.035960
0 0.817138 0.824687 0.023022 0.064854
0 0.177894 0.303641 0.058055 0.046431
0 0.874037 0.199323 0.078133 0.032737
0 0.235738 0.828724 0.043416 0.067841
0 0.791173 0.250235 0.053144 0.050789
0 0.445409 0.186316 0.079459 0.016750
0 0.867160 0.238967 0.059519 0.045087
0 0.821344 0.481613 0.018772 0.042771
0 0.291101 0.328892 0.028251 0.040998
0 0.787307 0.187973 0.031172 0.037112
0 0.865460 0.490039 0.038447 0.043732
0 0.845372 0.840268 0.025787 0.051772
0 0.514090 0.637925 0.179669 0.031083
0 0.772219 0.855096 0.066537 0.032645
0 0.856853 0.292943 0.123084 0.039967
0 0.847505 0.266623 0.067322 0.034598
0 0.511376 0.956327 0.022290 0.025043
0 0.540743 0.825408 0.042907 0.043474
0 0.500049 0.831177 0.066813 0.019925
