0 0.161199 0.240786 0.052866 0.054986
0 0.436552 0.836218 0.105243 0.037087
0 0.410486 0.814286 0.082521 0.021697
0 0.450287 0.346705 0.081195 0.020313
0 0.872324 0.807885 0.043635 0.063596
0 0.850631 0.576942 0.086923 0.032065
0 0.637869 0.485520 0.089243 0.030660
0 0.720066 0.459919 0.083770 0.022143
0 0.145371 0.624116 0.028516 0.042066
0 0.749307 0.747703 0.032408 0.043476
0 0.393156 0.238422 0.070574 0.028280
0 0.646795 0.174325 0.096959 0.018250
0 0.282454 0.178591 0.104376 0.016324
0 0.145897 0.296217 0.030074 0.045791
0 0.851992 0.199008 0.032088 0.049132
0 0.647205 0.844999 0.078120 0.016153
0 0.139849 0.472218 0.030521 0.053811
0 0.485747 0.232522 0.071220 0.016113
0 0.817433 0.699021 0.057646 0.047470
0 0.266357 0.760427 0.069450 0.014285
0 0.871696 0.709974 0.069862 0.032044
0 0.326750 0.539666 0.050998 0.037789
0 0.294105 0.241983 0.052562 0.034928
0 0.514250 0.638545 0.180909 0.033365
0 0.125942 0.573417 0.014982 0.037279
0 0.489163 0.824165 0.080223 0.017751
0 0.168313 0.548067 0.026067 0.041266
0 0.891987 0.246236 0.055967 0.031589
0 0.541280 0.825725 0.042154 0.043293
0 0.869565 0.216841 0.053592 0.030932
0 0.515115 0.956330 0.026222 0.026894
