0 0.784813 0.356041 0.192583 0.059325
0 0.562716 0.430299 0.045430 0.064360
0 0.447162 0.195211 0.115986 0.019857
0 0.830714 0.230250 0.124639 0.061606
0 0.442317 0.864088 0.094592 0.063910
0 0.550538 0.836412 0.073028 0.056649
0 0.149499 0.508853 0.128152 0.045837
0 0.369821 0.188464 0.069326 0.014608
0 0.179277 0.228499 0.042503 0.072087
0 0.479772 0.305863 0.036596 0.065535
0 0.286946 0.203816 0.109967 0.057510
0 0.822217 0.272015 0.143461 0.027166
0 0.872322 0.799772 0.049957 0.061624
0 0.178219 0.518898 0.073815 0.022949
