0 0.433975 0.216642 0.082917 0.036791
0 0.855887 0.839006 0.083921 0.031959
0 0.174602 0.495667 0.030593 0.051015
0 0.251541 0.408392 0.038287 0.040585
0 0.807031 0.191366 0.027051 0.040831
0 0.468445 0.545284 0.067644 0.023177
0 0.874990 0.672733 0.076989 0.015967
0 0.131051 0.499096 0.026285 0.049803
0 0.129002 0.466661 0.034198 0.045506
0 0.671947 0.625485 0.078035 0.025241
0 0.377238 0.454140 0.071699 0.035999
0 0.342492 0.738939 0.066428 0.033374
0 0.360380 0.180027 0.131792 0.020910
0 0.259180 0.689671 0.027403 0.041843
0 0.888170 0.224435 0.073941 0.033326
0 0.142277 0.571005 0.060935 0.019402
0 0.191056 0.205215 0.093191 0.038500
0 0.713070 0.193556 0.021267 0.039078
0 0.541799 0.824141 0.041115 0.039806
0 0.876533 0.204162 0.085784 0.029596
0 0.788998 0.179093 0.061743 0.039168
0 0.677491 0.191561 0.066642 0.048336
0 0.701428 0.227882 0.065839 0.030352
0 0.543314 0.853115 0.075912 0.015486
0 0.513354 0.638291 0.176152 0.032634
0 0.304896 0.492635 0.026760 0.049320
0 0.329605 0.765535 0.081766 0.014283
0 0.845963 0.656006 0.020844 0.036206
0 0.167193 0.226920 0.080709 0.016145
