0 0.200675 0.150306 0.184016 0.048162
0 0.533972 0.827390 0.128484 0.027328
0 0.381315 0.858946 0.054443 0.064461
0 0.203071 0.814706 0.049869 0.064461
0 0.558907 0.885049 0.104312 0.027941
0 0.168336 0.924081 0.091463 0.028064
0 0.457644 0.112929 0.096037 0.025368
0 0.700675 0.806924 0.045078 0.054044
0 0.147430 0.616789 0.031359 0.069608
0 0.089612 0.167586 0.035932 0.046201
0 0.163654 0.487929 0.035932 0.046201
0 0.052483 0.209252 0.026568 0.061887
0 0.036368 0.464461 0.031359 0.051471
0 0.348868 0.657169 0.100610 0.015074
0 0.330357 0.688419 0.035714 0.041054
0 0.450675 0.805331 0.100828 0.014338
0 0.027112 0.237929 0.031141 0.046201
0 0.051938 0.737868 0.016333 0.051471
0 0.220383 0.090809 0.056620 0.032353
0 0.084713 0.102757 0.082317 0.050368
0 0.128267 0.152635 0.020470 0.050858
0 0.104203 0.205208 0.045078 0.030760
0 0.799216 0.147488 0.029617 0.023652
0 0.323497 0.561826 0.099085 0.044730
0 0.377178 0.721507 0.087544 0.042770
0 0.646559 0.861765 0.091028 0.034069
0 0.884582 0.857598 0.074477 0.044118
0 0.296603 0.841483 0.117160 0.062132
0 0.401132 0.831679 0.086237 0.032721
0 0.398519 0.913664 0.068380 0.032721
