0 0.234212 0.183211 0.167901 0.046324
0 0.169425 0.394118 0.056620 0.072304
0 0.464612 0.515257 0.054225 0.074877
0 0.331882 0.843260 0.057491 0.027696
0 0.809560 0.723223 0.133057 0.027328
0 0.105836 0.209252 0.114547 0.030515
0 0.906141 0.421507 0.094948 0.033211
0 0.257404 0.502206 0.112369 0.027941
0 0.872060 0.172120 0.035932 0.086642
0 0.200131 0.253554 0.099739 0.030637
0 0.649281 0.644118 0.099521 0.030637
0 0.119774 0.519792 0.040505 0.063113
0 0.309451 0.322549 0.040505 0.059314
0 0.758602 0.672794 0.086890 0.025490
0 0.099412 0.378554 0.027657 0.072304
0 0.304878 0.149020 0.096254 0.019608
0 0.462326 0.187132 0.105401 0.017647
0 0.233123 0.345650 0.026786 0.037868
0 0.965701 0.852451 0.065984 0.014951
0 0.223868 0.297426 0.017422 0.045588
0 0.028201 0.178002 0.052047 0.015074
0 0.221908 0.116605 0.053571 0.041299
0 0.062282 0.119792 0.096254 0.041299
0 0.098323 0.180147 0.062936 0.020588
0 0.033863 0.162684 0.067291 0.024877
0 0.061956 0.215196 0.068598 0.032598
0 0.171167 0.315257 0.091463 0.034681
0 0.056947 0.329534 0.055967 0.044118
0 0.641877 0.187990 0.092117 0.048284
0 0.686302 0.253309 0.022430 0.073284
0 0.750109 0.166360 0.072082 0.037132
0 0.823171 0.161887 0.023084 0.080882
0 0.912456 0.202206 0.062282 0.045098
0 0.809233 0.324939 0.067073 0.043505
0 0.811411 0.442096 0.074042 0.064093
0 0.168010 0.469730 0.071646 0.031127
0 0.229094 0.539400 0.143728 0.083701
0 0.826002 0.693811 0.054878 0.050858
0 0.987369 0.767525 0.025261 0.058824
0 0.521450 0.809191 0.096472 0.043382
0 0.947082 0.890012 0.076655 0.051838
0 0.378702 0.850980 0.113240 0.022794
