0 0.212652 0.167586 0.170078 0.046201
0 0.544425 0.100551 0.186411 0.037132
0 0.943706 0.438419 0.059016 0.082721
0 0.233123 0.534743 0.045078 0.103554
0 0.924652 0.349265 0.048780 0.081373
0 0.203071 0.668873 0.059016 0.064461
0 0.113894 0.207966 0.061411 0.059314
0 0.160823 0.354779 0.048563 0.071569
0 0.853441 0.423775 0.054443 0.058578
0 0.230183 0.353738 0.057927 0.054044
0 0.164852 0.213787 0.093641 0.029289
0 0.830357 0.160784 0.035714 0.074265
0 0.080248 0.148039 0.109974 0.022794
0 0.345383 0.816973 0.084495 0.027328
0 0.119665 0.243076 0.049869 0.046201
0 0.707644 0.316973 0.031141 0.068995
0 0.223868 0.330025 0.045296 0.042892
0 0.080357 0.338174 0.026568 0.069730
0 0.973868 0.310784 0.035714 0.051471
0 0.223868 0.258027 0.035714 0.050123
0 0.700675 0.070895 0.109974 0.014338
0 0.429878 0.162377 0.105401 0.014951
0 0.707644 0.664645 0.105183 0.014338
0 0.844294 0.702757 0.026568 0.054044
0 0.988894 0.662377 0.019599 0.051471
0 0.121951 0.162377 0.026568 0.035784
0 0.084930 0.269179 0.017422 0.046201
0 0.223868 0.416299 0.017422 0.043627
0 0.758602 0.167708 0.077744 0.040564
0 0.085584 0.172978 0.053571 0.030025
0 0.051067 0.181005 0.060322 0.030882
0 0.051394 0.199020 0.064895 0.021324
0 0.132295 0.181924 0.057274 0.028309
0 0.836890 0.263664 0.062718 0.057475
0 0.821755 0.349632 0.074695 0.030392
0 0.275152 0.464093 0.086455 0.041667
0 0.468314 0.526225 0.073389 0.064461
0 0.799869 0.723346 0.070993 0.036397
0 0.326982 0.799694 0.089503 0.007721
0 0.543554 0.820037 0.079704 0.051838
0 0.770361 0.815074 0.089068 0.058824
0 0.946320 0.890686 0.051611 0.049755
