0 0.670405 0.192708 0.077308 0.044485
0 0.239983 0.179289 0.179443 0.043627
0 0.172909 0.400674 0.063589 0.069730
0 0.334386 0.845282 0.043772 0.026593
0 0.455357 0.512623 0.045296 0.080147
0 0.825675 0.161091 0.045078 0.080025
0 0.244774 0.504473 0.114547 0.027328
0 0.200675 0.261336 0.100828 0.025368
0 0.633057 0.625919 0.094948 0.025368
0 0.314024 0.306924 0.040505 0.059191
0 0.689133 0.250613 0.031141 0.071569
0 0.098868 0.492770 0.035714 0.061275
0 0.232578 0.339461 0.043990 0.046324
0 0.468641 0.185846 0.099739 0.020221
0 0.589612 0.146078 0.072953 0.024020
0 0.151459 0.474571 0.039416 0.040319
0 0.840701 0.100245 0.133493 0.043873
0 0.165396 0.198162 0.039416 0.039706
0 0.483123 0.094669 0.091246 0.015074
0 0.793336 0.826103 0.063589 0.019608
0 0.223868 0.303676 0.017422 0.047549
0 0.914090 0.190686 0.086455 0.046569
0 0.756315 0.166176 0.069686 0.040931
0 0.055531 0.125858 0.074042 0.051471
0 0.037348 0.129044 0.067726 0.030392
0 0.027439 0.154412 0.054007 0.046324
0 0.091246 0.208333 0.036150 0.068627
0 0.080575 0.238051 0.068380 0.021691
0 0.102134 0.292402 0.040505 0.038480
0 0.055422 0.342586 0.054225 0.038848
0 0.111172 0.383946 0.028528 0.072549
0 0.191638 0.333701 0.084059 0.030882
0 0.803354 0.317770 0.071429 0.043137
0 0.794316 0.432414 0.079486 0.061642
0 0.899499 0.419240 0.098214 0.036765
0 0.228659 0.544608 0.138066 0.075245
0 0.751960 0.662990 0.094512 0.034069
0 0.816093 0.681556 0.049869 0.050123
0 0.822626 0.691544 0.131315 0.025980
0 0.512413 0.800980 0.104530 0.045833
0 0.386433 0.853309 0.128702 0.021078
0 0.956773 0.819363 0.064678 0.044853
0 0.936738 0.889032 0.089503 0.056740
