0 0.946102 0.823836 0.082099 0.098407
0 0.620427 0.105760 0.072735 0.034314
0 0.221581 0.586826 0.123911 0.041054
0 0.958733 0.117831 0.028963 0.050858
0 0.846037 0.801716 0.067073 0.069608
0 0.851154 0.770466 0.114765 0.038480
0 0.844186 0.215441 0.184016 0.022059
0 0.140462 0.204350 0.054443 0.072917
0 0.918336 0.111642 0.054443 0.064461
0 0.554878 0.316054 0.105401 0.030637
0 0.508602 0.888971 0.105183 0.030637
0 0.924652 0.649326 0.122822 0.025368
0 0.705357 0.866789 0.045296 0.059314
0 0.663763 0.157169 0.128484 0.020221
0 0.179334 0.272733 0.048563 0.053309
0 0.166050 0.771752 0.123911 0.020221
0 0.888175 0.105086 0.031141 0.077574
0 0.981925 0.831679 0.033537 0.067034
0 0.726154 0.172794 0.086890 0.025490
0 0.667683 0.123346 0.108885 0.020221
0 0.788654 0.142831 0.119120 0.017525
0 0.834930 0.118076 0.082317 0.025368
0 0.871951 0.864216 0.091463 0.022794
0 0.844294 0.181863 0.091463 0.022794
0 0.559451 0.296507 0.114547 0.017525
0 0.969294 0.517831 0.026568 0.074877
0 0.274717 0.143505 0.035932 0.055392
0 0.463415 0.191054 0.116725 0.014951
0 0.906794 0.761949 0.040505 0.042279
0 0.235518 0.843382 0.096037 0.017647
0 0.779399 0.337194 0.035714 0.046936
0 0.925305 0.877880 0.114547 0.013603
0 0.577962 0.211520 0.077526 0.019608
0 0.771341 0.877206 0.038328 0.038480
0 0.962217 0.124632 0.021995 0.064461
0 0.984212 0.166299 0.028963 0.048775
0 0.925196 0.534804 0.021995 0.056618
0 0.109865 0.571262 0.030270 0.041054
0 0.962217 0.427635 0.021995 0.056005
0 0.964612 0.248039 0.026786 0.045588
0 0.651568 0.327083 0.020906 0.052696
0 0.980727 0.226164 0.021995 0.048897
0 0.903855 0.167586 0.025479 0.041054
0 0.656686 0.196201 0.068162 0.014951
0 0.932165 0.472243 0.017204 0.046201
0 0.963524 0.594301 0.015026 0.031250
0 0.213524 0.155637 0.034190 0.057843
0 0.747060 0.111887 0.057274 0.041667
0 0.232470 0.240196 0.096908 0.035784
0 0.687827 0.186826 0.064678 0.029779
0 0.786259 0.174694 0.021124 0.020956
0 0.949151 0.162990 0.047256 0.059069
0 0.880118 0.281863 0.032448 0.040686
0 0.829159 0.259804 0.076002 0.013235
0 0.933145 0.352267 0.078397 0.031495
0 0.826982 0.518382 0.085148 0.028431
0 0.990745 0.599755 0.018510 0.059559
0 0.343423 0.667157 0.117596 0.047304
0 0.276568 0.722365 0.059669 0.046936
0 0.069360 0.817402 0.065984 0.027696
0 0.220710 0.892525 0.090810 0.048284
0 0.918990 0.807598 0.057927 0.040931
0 0.826655 0.860417 0.057056 0.041667
0 0.760780 0.833333 0.092117 0.036520
