0 0.106163 0.918321 0.076873 0.074632
0 0.963415 0.714461 0.070557 0.072304
0 0.844294 0.873958 0.054443 0.078799
0 0.631206 0.896446 0.045078 0.071569
0 0.880662 0.336826 0.118031 0.025368
0 0.569795 0.887806 0.112587 0.012623
0 0.071102 0.844669 0.035932 0.077574
0 0.304878 0.933211 0.133275 0.020098
0 0.788654 0.218382 0.109974 0.022794
0 0.955357 0.111581 0.045296 0.054044
0 0.887631 0.261336 0.076220 0.025368
0 0.051938 0.434498 0.034625 0.054044
0 0.404399 0.814706 0.026568 0.069608
0 0.936738 0.102819 0.035932 0.046814
0 0.161368 0.172794 0.077526 0.020098
0 0.153855 0.100551 0.071646 0.021446
0 0.142857 0.082659 0.068380 0.022181
0 0.427483 0.282169 0.091463 0.015074
0 0.559560 0.428002 0.021995 0.056740
0 0.045623 0.265257 0.031141 0.038358
0 0.290396 0.237255 0.020688 0.055392
0 0.049107 0.926716 0.028963 0.038480
0 0.705248 0.316054 0.072953 0.014951
0 0.530488 0.934498 0.084495 0.012377
0 0.163654 0.234007 0.082099 0.012377
0 0.919425 0.096630 0.019599 0.050123
0 0.277112 0.420833 0.021995 0.027941
0 0.779290 0.106311 0.032448 0.079289
0 0.731163 0.112745 0.075566 0.027696
0 0.964286 0.126348 0.061411 0.044118
0 0.966790 0.168015 0.045514 0.043627
0 0.897648 0.176348 0.087108 0.049755
0 0.960584 0.211336 0.034843 0.037132
0 0.918772 0.216360 0.047038 0.060662
0 0.778855 0.363848 0.084713 0.036029
0 0.199586 0.293995 0.114765 0.039461
0 0.142748 0.320404 0.084277 0.011642
0 0.181947 0.353615 0.097779 0.033946
0 0.187064 0.370221 0.040070 0.054167
0 0.025479 0.184498 0.039199 0.047672
0 0.059016 0.203431 0.066638 0.025000
0 0.074586 0.227512 0.071646 0.026348
0 0.233667 0.472733 0.065767 0.033211
0 0.068162 0.532230 0.044425 0.051471
0 0.544425 0.599694 0.087979 0.047426
0 0.795514 0.596017 0.048345 0.027574
0 0.836890 0.539461 0.073171 0.036520
0 0.747169 0.486826 0.074477 0.053064
0 0.746189 0.778064 0.050305 0.034804
0 0.554551 0.899142 0.086019 0.014461
0 0.479530 0.903738 0.051394 0.035662
0 0.257731 0.860294 0.094294 0.040196
0 0.236607 0.816605 0.075566 0.035172
0 0.267639 0.908517 0.104530 0.045221
0 0.135780 0.847917 0.111716 0.044363
0 0.096254 0.887255 0.121951 0.011520
0 0.056511 0.881556 0.010671 0.049632
