0 0.226154 0.185846 0.188807 0.061887
0 0.469186 0.516850 0.072953 0.072917
0 0.170623 0.370711 0.059016 0.072304
0 0.862696 0.224877 0.045078 0.093137
0 0.335475 0.827635 0.073824 0.012132
0 0.202526 0.237868 0.094948 0.030637
0 0.168227 0.598529 0.045078 0.064461
0 0.693815 0.277941 0.040505 0.069118
0 0.098976 0.174694 0.054225 0.023897
0 0.110409 0.094669 0.133275 0.020221
0 0.829159 0.695895 0.042901 0.050858
0 0.133602 0.077451 0.123911 0.016912
0 0.154399 0.193627 0.045296 0.046324
0 0.825784 0.161397 0.026568 0.075490
0 0.689133 0.645466 0.105183 0.017647
0 0.226154 0.280882 0.031141 0.059314
0 0.094294 0.361275 0.026568 0.069118
0 0.043227 0.114216 0.035932 0.048775
0 0.976154 0.642831 0.031141 0.054044
0 0.450675 0.180637 0.109974 0.014951
0 0.769599 0.677635 0.090157 0.014338
0 0.073389 0.189706 0.068380 0.017647
0 0.986607 0.821875 0.024172 0.047426
0 0.115091 0.190993 0.021995 0.046201
0 0.225610 0.343689 0.020906 0.033946
0 0.127613 0.133578 0.071429 0.042402
0 0.091899 0.135110 0.104530 0.051103
0 0.032992 0.186091 0.065549 0.039583
0 0.130771 0.259314 0.080357 0.047304
0 0.056729 0.304963 0.052918 0.045466
0 0.281250 0.339461 0.061629 0.054902
0 0.650915 0.186152 0.100174 0.051471
0 0.748911 0.165625 0.078397 0.045466
0 0.932382 0.205025 0.057274 0.057108
0 0.828506 0.335784 0.062064 0.044853
0 0.932491 0.411213 0.103223 0.034681
0 0.817618 0.439767 0.072953 0.065074
0 0.188916 0.439951 0.059887 0.038235
0 0.271995 0.484804 0.111498 0.040931
0 0.228985 0.516605 0.123911 0.084436
0 0.796821 0.754596 0.113240 0.061642
0 0.539852 0.815441 0.084495 0.044118
0 0.375871 0.839461 0.094077 0.020588
0 0.937718 0.886336 0.084059 0.049387
