0 0.212326 0.382475 0.077526 0.085294
0 0.371407 0.430270 0.127395 0.040441
0 0.816420 0.145466 0.119338 0.038480
0 0.446102 0.296507 0.119120 0.033211
0 0.140571 0.330392 0.035932 0.106127
0 0.844186 0.269118 0.109974 0.030637
0 0.159081 0.451103 0.045078 0.071569
0 0.853441 0.127206 0.137631 0.022794
0 0.702962 0.231373 0.114547 0.022794
0 0.110409 0.318934 0.040505 0.057230
0 0.939024 0.422794 0.040505 0.056618
0 0.881206 0.771752 0.035932 0.061887
0 0.960039 0.190993 0.045078 0.046201
0 0.364983 0.337806 0.040505 0.048162
0 0.960039 0.342096 0.045078 0.041054
0 0.892857 0.672794 0.114547 0.014951
0 0.697735 0.150674 0.094948 0.017525
0 0.888284 0.643811 0.114547 0.014338
0 0.867378 0.338174 0.026568 0.054044
0 0.504029 0.775613 0.021995 0.064461
0 0.246951 0.285784 0.026568 0.053431
0 0.929769 0.343076 0.021995 0.063848
0 0.922909 0.243137 0.026568 0.051471
0 0.775915 0.215809 0.019599 0.064461
0 0.235518 0.771385 0.021995 0.056005
0 0.876633 0.127267 0.091246 0.012377
0 0.702417 0.101164 0.085584 0.012377
0 0.455357 0.241789 0.017422 0.059314
0 0.705357 0.085233 0.082317 0.011642
0 0.506315 0.455331 0.017422 0.048897
0 0.835039 0.095650 0.072953 0.011642
0 0.807274 0.177696 0.091463 0.009069
0 0.929878 0.159804 0.049652 0.014951
0 0.526677 0.207292 0.093423 0.083701
0 0.855074 0.202206 0.069904 0.034804
0 0.935867 0.142463 0.068162 0.031740
0 0.384582 0.876225 0.074477 0.035784
0 0.933580 0.696507 0.063589 0.041789
0 0.180205 0.761581 0.076873 0.033456
