0 0.745645 0.185784 0.174652 0.056618
0 0.915614 0.123775 0.078179 0.049265
0 0.517857 0.793873 0.068380 0.069608
0 0.910170 0.256127 0.056838 0.082598
0 0.148955 0.893137 0.060105 0.044853
0 0.439133 0.121691 0.170078 0.022059
0 0.240091 0.799081 0.049869 0.074877
0 0.452962 0.079044 0.142422 0.025490
0 0.200675 0.814706 0.045078 0.080147
0 0.580357 0.274387 0.045296 0.077451
0 0.226916 0.124571 0.043554 0.043505
0 0.091355 0.173468 0.048563 0.057966
0 0.172909 0.430637 0.054443 0.051471
0 0.714612 0.107659 0.045078 0.061887
0 0.588959 0.138664 0.034625 0.076838
0 0.150370 0.724877 0.129573 0.020098
0 0.709386 0.141544 0.099521 0.025490
0 0.399717 0.788725 0.109974 0.022794
0 0.276459 0.873346 0.039416 0.061887
0 0.388284 0.564706 0.040505 0.059314
0 0.860409 0.283456 0.040505 0.059314
0 0.894599 0.194914 0.043990 0.048897
0 0.918227 0.654534 0.035932 0.056618
0 0.703071 0.157169 0.096037 0.020221
0 0.784081 0.518444 0.035932 0.050123
0 0.980836 0.822488 0.031359 0.054044
0 0.851154 0.400674 0.031141 0.054044
0 0.191420 0.659743 0.082317 0.020221
0 0.753920 0.266544 0.031359 0.051471
0 0.800196 0.309498 0.021995 0.069730
0 0.979639 0.903248 0.038110 0.038358
0 0.216899 0.242770 0.031359 0.040441
0 0.207644 0.137684 0.021995 0.054044
0 0.093097 0.803002 0.024172 0.035907
0 0.988894 0.637623 0.019599 0.043627
0 0.941420 0.886336 0.026568 0.030515
0 0.948389 0.833578 0.021777 0.034559
0 0.314133 0.883701 0.021995 0.030637
0 0.787783 0.165625 0.064242 0.018260
0 0.574477 0.960539 0.061411 0.007108
0 0.817291 0.095588 0.044861 0.030882
0 0.866725 0.112010 0.072735 0.028676
0 0.835039 0.139032 0.081664 0.021691
0 0.668990 0.110294 0.064024 0.035049
0 0.500544 0.163358 0.074695 0.055637
0 0.225828 0.185907 0.021777 0.050490
0 0.599303 0.190135 0.098868 0.033701
0 0.680096 0.227083 0.071429 0.031127
0 0.708733 0.200306 0.051611 0.037868
0 0.845383 0.179044 0.050958 0.022059
0 0.787783 0.391605 0.067726 0.052819
0 0.549107 0.615931 0.098214 0.039951
0 0.612260 0.683946 0.089068 0.031863
0 0.958188 0.690319 0.075348 0.040931
0 0.845057 0.689277 0.069033 0.048652
0 0.669207 0.780637 0.070993 0.048775
0 0.652766 0.829534 0.079051 0.053922
0 0.566311 0.835294 0.112587 0.012990
0 0.540723 0.860784 0.066638 0.036765
0 0.381098 0.866422 0.068380 0.043873
0 0.307056 0.919792 0.068380 0.032230
0 0.178680 0.922794 0.035497 0.044363
