0 0.406577 0.152512 0.038328 0.045221
0 0.180967 0.400061 0.077962 0.055760
0 0.365091 0.415748 0.068162 0.075858
0 0.110409 0.756127 0.068380 0.093137
0 0.139591 0.440135 0.049652 0.095711
0 0.769490 0.144118 0.062500 0.072304
0 0.251633 0.141544 0.137848 0.025490
0 0.226154 0.671140 0.049869 0.068995
0 0.962326 0.806924 0.049652 0.059191
0 0.466899 0.200184 0.049652 0.054044
0 0.189024 0.845956 0.040505 0.064461
0 0.961672 0.223897 0.039199 0.065196
0 0.330357 0.657169 0.026568 0.087868
0 0.366289 0.763909 0.033537 0.067034
0 0.170623 0.607659 0.086890 0.025368
0 0.307274 0.184559 0.091463 0.022794
0 0.226590 0.423468 0.035932 0.056740
0 0.133057 0.299755 0.104094 0.018873
0 0.161368 0.891238 0.133275 0.014338
0 0.209495 0.853738 0.031359 0.054044
0 0.182165 0.808824 0.026786 0.052696
0 0.295514 0.198836 0.077526 0.015074
0 0.154399 0.145466 0.026568 0.043627
0 0.308362 0.077757 0.075348 0.012377
0 0.348214 0.355086 0.016115 0.051348
0 0.094294 0.767218 0.017422 0.042279
0 0.325675 0.630821 0.017204 0.035172
0 0.100283 0.189767 0.051611 0.039828
0 0.111063 0.233946 0.062282 0.034314
0 0.121733 0.258762 0.087108 0.046936
0 0.079922 0.253676 0.069686 0.014461
0 0.152875 0.338419 0.103223 0.038113
0 0.283428 0.354167 0.083406 0.025490
0 0.734212 0.434681 0.060322 0.038235
0 0.423454 0.463787 0.058580 0.043750
0 0.291812 0.511949 0.082753 0.046201
0 0.050087 0.655086 0.036150 0.032230
0 0.349412 0.856985 0.086019 0.045833
0 0.572517 0.736397 0.064024 0.058824
0 0.597452 0.780821 0.086455 0.026593
0 0.746733 0.868689 0.110192 0.032230
0 0.173672 0.737439 0.057709 0.046201
0 0.123476 0.835049 0.078397 0.039951
