0 0.226888 0.689697 0.089193 0.111328
0 0.414388 0.842041 0.138021 0.056641
0 0.657552 0.862793 0.117188 0.041016
0 0.495931 0.150635 0.058268 0.080078
0 0.181803 0.624634 0.047852 0.085205
0 0.419596 0.693604 0.051432 0.077637
0 0.761230 0.567383 0.040039 0.095703
0 0.634928 0.609619 0.051107 0.070801
0 0.702637 0.267822 0.047852 0.074707
0 0.665365 0.476807 0.049479 0.060547
0 0.700846 0.912964 0.106771 0.026611
0 0.849284 0.187012 0.083984 0.033203
0 0.574056 0.826416 0.082357 0.030762
0 0.617513 0.534668 0.044271 0.056641
0 0.898763 0.286011 0.044271 0.053955
0 0.436035 0.062134 0.084310 0.028076
0 0.860514 0.104980 0.092773 0.025391
0 0.634928 0.081299 0.079102 0.029785
0 0.504720 0.560791 0.040690 0.056641
0 0.782389 0.887329 0.040690 0.053467
0 0.202637 0.275269 0.040690 0.053467
0 0.582357 0.698730 0.085286 0.025391
0 0.858724 0.418823 0.075521 0.028076
0 0.912598 0.930664 0.037435 0.056641
0 0.384928 0.545166 0.037435 0.056641
0 0.699056 0.834229 0.068685 0.030762
0 0.428223 0.750977 0.082357 0.025391
0 0.323730 0.370728 0.040039 0.051514
0 0.500814 0.818604 0.032878 0.062012
0 0.753255 0.762695 0.031250 0.064453
0 0.935221 0.713135 0.033854 0.059082
0 0.202474 0.338135 0.033854 0.059082
0 0.749023 0.658447 0.036458 0.054199
0 0.615885 0.597168 0.075521 0.025391
0 0.565430 0.321167 0.037109 0.051514
0 0.784180 0.242798 0.030599 0.061279
0 0.173014 0.245728 0.030273 0.061768
0 0.437826 0.912354 0.073568 0.025391
0 0.455566 0.825073 0.081706 0.022705
0 0.652181 0.271362 0.030273 0.061279
0 0.148275 0.505493 0.022461 0.081299
0 0.254720 0.694214 0.068685 0.026611
0 0.245931 0.309570 0.037435 0.048828
0 0.386230 0.771729 0.090169 0.020020
0 0.431803 0.886963 0.082357 0.021484
0 0.673177 0.676270 0.023438 0.074219
0 0.498210 0.037231 0.069336 0.014893
0 0.794596 0.482666 0.030599 0.056641
0 0.169271 0.657104 0.036458 0.046143
0 0.349609 0.917603 0.036458 0.046143
0 0.229818 0.239258 0.026042 0.064453
0 0.566732 0.286743 0.088542 0.018799
0 0.277181 0.434448 0.030273 0.053955
0 0.914388 0.419434 0.026693 0.060547
0 0.853678 0.461792 0.079102 0.020264
0 0.548014 0.107666 0.079102 0.020020
0 0.640137 0.189697 0.068685 0.022949
0 0.607096 0.541870 0.065104 0.024170
0 0.325846 0.888916 0.023438 0.066895
0 0.678223 0.795166 0.027018 0.056641
0 0.923014 0.289307 0.030273 0.050293
0 0.386556 0.395996 0.019857 0.076172
0 0.789388 0.637939 0.033854 0.044434
0 0.867513 0.431885 0.065104 0.022949
0 0.769531 0.519165 0.028646 0.051514
0 0.688802 0.056885 0.033854 0.043457
0 0.263346 0.162354 0.072266 0.020020
0 0.624023 0.431885 0.029297 0.048828
0 0.768555 0.706909 0.033854 0.041748
0 0.558431 0.185791 0.030273 0.046387
0 0.187012 0.474854 0.030273 0.046387
0 0.733724 0.339355 0.054688 0.025391
0 0.174805 0.136353 0.068359 0.020264
0 0.460938 0.424683 0.057292 0.024170
0 0.431315 0.933228 0.067708 0.020264
0 0.172689 0.604492 0.029622 0.044922
0 0.445638 0.653320 0.075521 0.017578
0 0.462891 0.845947 0.075521 0.017578
0 0.391764 0.598511 0.030273 0.043701
0 0.440430 0.203979 0.065104 0.020264
0 0.328939 0.582520 0.022461 0.058594
0 0.842773 0.793823 0.057292 0.022705
0 0.216797 0.776978 0.020833 0.061768
0 0.315430 0.852417 0.085938 0.014893
0 0.395345 0.088135 0.071940 0.017578
0 0.483887 0.357666 0.027018 0.046387
0 0.883138 0.597290 0.020182 0.061768
0 0.855469 0.746948 0.054688 0.022705
0 0.380534 0.033447 0.070312 0.017578
0 0.449056 0.702637 0.068685 0.017578
0 0.615723 0.825195 0.068685 0.017578
0 0.445638 0.629761 0.096354 0.012451
0 0.560221 0.544189 0.026693 0.044434
0 0.551432 0.461182 0.023438 0.050293
0 0.502930 0.791260 0.051432 0.022949
0 0.166178 0.908447 0.051107 0.022949
0 0.190430 0.567383 0.065104 0.017578
0 0.549805 0.939697 0.026693 0.042480
0 0.535807 0.159790 0.075521 0.014893
0 0.269368 0.120728 0.021810 0.051514
0 0.855306 0.586548 0.019857 0.055908
0 0.805013 0.803711 0.051432 0.021484
0 0.935221 0.832886 0.020182 0.053955
0 0.511719 0.768799 0.054688 0.019531
0 0.169108 0.394165 0.029622 0.035889
0 0.777344 0.450684 0.023438 0.044922
0 0.310221 0.118042 0.020182 0.051514
0 0.752930 0.461792 0.051432 0.020264
0 0.225098 0.636353 0.051107 0.020264
0 0.597982 0.201416 0.067708 0.015137
0 0.146973 0.816040 0.019857 0.051514
0 0.291178 0.927979 0.051107 0.020020
0 0.337077 0.174805 0.073893 0.013672
0 0.299479 0.486572 0.026042 0.038574
0 0.691732 0.569214 0.060547 0.016357
0 0.867513 0.523682 0.072266 0.013672
0 0.164388 0.757324 0.020182 0.048828
0 0.390137 0.702637 0.019857 0.048828
0 0.513346 0.457886 0.016276 0.059326
0 0.792806 0.120728 0.027018 0.035889
0 0.113932 0.818604 0.023438 0.041016
0 0.446940 0.670776 0.057292 0.016357
0 0.874349 0.081299 0.065104 0.014160
0 0.459473 0.813354 0.061523 0.014893
0 0.402181 0.733887 0.051107 0.017578
0 0.254720 0.213135 0.027018 0.033203
0 0.803385 0.757080 0.075521 0.011719
0 0.162760 0.222900 0.023438 0.037109
0 0.864095 0.094604 0.058268 0.014893
0 0.338053 0.457886 0.068685 0.012451
0 0.584473 0.913696 0.068685 0.012451
0 0.256348 0.792603 0.016602 0.051514
0 0.432129 0.306885 0.048503 0.017578
0 0.346680 0.118042 0.016276 0.051514
0 0.351888 0.720947 0.068359 0.012207
0 0.157389 0.540039 0.019857 0.041016
0 0.829264 0.571533 0.016602 0.046875
0 0.329427 0.924072 0.023438 0.033203
0 0.452637 0.859009 0.061523 0.012451
0 0.563639 0.884644 0.019857 0.037842
0 0.240723 0.481079 0.019857 0.037842
0 0.898763 0.164673 0.016276 0.045654
0 0.707682 0.600098 0.023438 0.031250
0 0.563639 0.809082 0.061523 0.011719
0 0.515137 0.063354 0.047852 0.014893
0 0.429525 0.388916 0.071289 0.009766
0 0.358724 0.887573 0.054688 0.012451
0 0.840983 0.533081 0.040039 0.016846
0 0.482096 0.961792 0.044271 0.014893
0 0.660970 0.588135 0.019857 0.033203
0 0.638346 0.926636 0.051432 0.012451
0 0.528483 0.459961 0.012044 0.052734
0 0.577637 0.602173 0.040690 0.014404
0 0.722982 0.646973 0.012370 0.046875
0 0.329264 0.060791 0.058268 0.009766
0 0.679199 0.890259 0.014648 0.038330
0 0.460449 0.315674 0.056315 0.009277
0 0.739909 0.042236 0.011068 0.045410
0 0.155762 0.183105 0.051107 0.009766
0 0.479167 0.305298 0.052083 0.009033
0 0.699056 0.024414 0.047852 0.009766
0 0.242513 0.896118 0.051432 0.008545
0 0.799805 0.332886 0.033854 0.012451
0 0.725098 0.176636 0.030273 0.012451
0 0.959635 0.902954 0.013021 0.028564
0 0.730469 0.803955 0.013021 0.027344
0 0.867513 0.920166 0.016276 0.020020
0 0.234375 0.079346 0.038411 0.036133
0 0.200846 0.100830 0.076823 0.036621
0 0.217448 0.155151 0.035156 0.047607
0 0.169434 0.156738 0.057617 0.028809
0 0.326009 0.082397 0.038737 0.017822
0 0.596517 0.030396 0.055013 0.029053
0 0.492839 0.047974 0.081380 0.012451
0 0.690267 0.097534 0.081055 0.043701
0 0.752930 0.104126 0.029948 0.043701
0 0.790365 0.041992 0.026042 0.030273
0 0.762370 0.061523 0.056641 0.023926
0 0.864746 0.064697 0.041992 0.039551
0 0.885905 0.125000 0.041341 0.008301
0 0.864421 0.129517 0.048503 0.021729
0 0.819661 0.129517 0.063151 0.018799
0 0.889648 0.227051 0.042969 0.039551
0 0.865560 0.203003 0.061849 0.029541
0 0.765788 0.193604 0.027018 0.043457
0 0.732096 0.207520 0.033854 0.037598
0 0.570801 0.146851 0.056315 0.033936
0 0.513509 0.212158 0.060221 0.035156
0 0.526530 0.269653 0.048503 0.029053
0 0.500000 0.292603 0.055990 0.033936
0 0.416178 0.279175 0.069336 0.048096
0 0.770182 0.300659 0.072266 0.049072
0 0.791016 0.305786 0.070964 0.038330
0 0.842122 0.269409 0.042318 0.048584
0 0.877279 0.334106 0.074219 0.047607
0 0.910482 0.335449 0.025391 0.041016
0 0.744303 0.394409 0.069987 0.067139
0 0.885417 0.377930 0.043620 0.035156
0 0.800618 0.422119 0.037435 0.044434
0 0.640299 0.461792 0.051432 0.051514
0 0.716960 0.505249 0.038086 0.040771
0 0.840007 0.492920 0.060221 0.043945
0 0.906576 0.493164 0.049479 0.038574
0 0.844401 0.559326 0.046875 0.040527
0 0.580404 0.444580 0.059245 0.050293
0 0.433594 0.604980 0.052083 0.030273
0 0.587077 0.632568 0.050456 0.044434
0 0.516113 0.640503 0.058268 0.029541
0 0.576172 0.580444 0.041667 0.032471
0 0.871745 0.717285 0.051432 0.056641
0 0.685384 0.735229 0.075846 0.042725
0 0.604004 0.756104 0.115560 0.021484
0 0.810547 0.702637 0.052083 0.047363
0 0.931966 0.747803 0.040365 0.029785
0 0.900065 0.791016 0.057943 0.025879
0 0.803385 0.775391 0.062500 0.017090
0 0.744466 0.792603 0.056641 0.039307
0 0.833333 0.945312 0.046875 0.037109
0 0.798014 0.942139 0.026367 0.043945
0 0.824056 0.858276 0.061523 0.047119
0 0.784993 0.843140 0.065430 0.015381
0 0.631348 0.903076 0.052409 0.043945
0 0.590658 0.844482 0.075195 0.027344
0 0.622884 0.800415 0.036133 0.038330
0 0.560059 0.789429 0.073242 0.044678
0 0.508626 0.932861 0.062174 0.038086
0 0.494792 0.890869 0.052734 0.045410
0 0.398763 0.940674 0.046224 0.036133
0 0.295898 0.810425 0.055990 0.052002
0 0.389486 0.785034 0.056315 0.028564
0 0.475586 0.735718 0.040365 0.040771
0 0.490723 0.767334 0.062826 0.038086
0 0.373698 0.670776 0.048828 0.030518
0 0.332520 0.665405 0.050456 0.053955
0 0.279297 0.661987 0.063151 0.033936
0 0.228841 0.730469 0.044922 0.040527
0 0.331868 0.781250 0.048503 0.032715
0 0.275716 0.579712 0.052734 0.038818
0 0.264811 0.559082 0.025065 0.035156
0 0.206055 0.519531 0.060547 0.030273
0 0.334310 0.409302 0.069010 0.031982
0 0.296387 0.257812 0.116862 0.055664
0 0.433268 0.174927 0.069010 0.039307
