0 0.350098 0.196289 0.134440 0.056641
0 0.452637 0.781128 0.064779 0.047607
0 0.296224 0.674072 0.054688 0.080078
0 0.197428 0.351196 0.099935 0.043701
0 0.289388 0.935791 0.103516 0.041016
0 0.795736 0.702637 0.058919 0.033203
0 0.464681 0.694946 0.051107 0.069580
0 0.377930 0.342041 0.099609 0.035645
0 0.217773 0.301636 0.050130 0.069580
0 0.784180 0.741821 0.085938 0.038330
0 0.487305 0.581665 0.047526 0.067139
0 0.693848 0.942627 0.113607 0.027344
0 0.648763 0.304199 0.093099 0.033203
0 0.732096 0.793823 0.044271 0.069580
0 0.171224 0.603516 0.033854 0.089844
0 0.735677 0.542603 0.044271 0.067139
0 0.560221 0.391846 0.110026 0.025879
0 0.646973 0.723511 0.047852 0.059326
0 0.336263 0.110229 0.078776 0.035889
0 0.912598 0.724854 0.079102 0.035645
0 0.569010 0.597290 0.044271 0.061768
0 0.192220 0.038574 0.082357 0.033203
0 0.162598 0.813110 0.037435 0.071533
0 0.533366 0.568604 0.042643 0.062012
0 0.697428 0.457642 0.037435 0.069092
0 0.664388 0.447510 0.033854 0.074707
0 0.678223 0.222290 0.040690 0.061768
0 0.634928 0.347290 0.030273 0.082764
0 0.498210 0.203735 0.034831 0.071533
0 0.505534 0.876465 0.035807 0.068359
0 0.697266 0.385010 0.085938 0.027832
0 0.435221 0.265259 0.082682 0.028076
0 0.733887 0.909424 0.040690 0.056152
0 0.511556 0.355957 0.082357 0.027344
0 0.709473 0.644165 0.027018 0.082764
0 0.810221 0.420166 0.026693 0.082520
0 0.711263 0.319946 0.037109 0.059326
0 0.900553 0.598511 0.040690 0.053955
0 0.332357 0.849854 0.070964 0.030762
0 0.871094 0.516479 0.106771 0.020264
0 0.511556 0.060791 0.068685 0.030762
0 0.483398 0.215698 0.074870 0.028076
0 0.360677 0.763306 0.085938 0.024170
0 0.657389 0.740234 0.040690 0.050781
0 0.331055 0.495117 0.033854 0.060547
0 0.603678 0.467041 0.030273 0.066895
0 0.923177 0.439697 0.023438 0.085449
0 0.535156 0.602051 0.039062 0.050781
0 0.805013 0.520508 0.030599 0.064453
0 0.291341 0.768555 0.044922 0.024414
0 0.535482 0.815063 0.039714 0.049561
0 0.398763 0.488525 0.030599 0.062988
0 0.362305 0.597168 0.075521 0.025391
0 0.477702 0.457886 0.035482 0.053955
0 0.872396 0.668823 0.083333 0.022705
0 0.629720 0.876831 0.082357 0.022217
0 0.506348 0.799072 0.037435 0.048828
0 0.424316 0.091431 0.032878 0.055420
0 0.532389 0.666870 0.027018 0.065674
0 0.377930 0.870728 0.085938 0.020264
0 0.848470 0.869385 0.027018 0.064453
0 0.859701 0.677368 0.091146 0.018799
0 0.240885 0.577637 0.096354 0.017578
0 0.878743 0.930542 0.025065 0.067139
0 0.674805 0.576416 0.026693 0.062012
0 0.273763 0.700073 0.030599 0.053955
0 0.680013 0.874634 0.072266 0.022705
0 0.655762 0.239136 0.030273 0.053955
0 0.877930 0.646729 0.106771 0.015137
0 0.530762 0.039551 0.079102 0.019531
0 0.910807 0.901611 0.033854 0.045410
0 0.626139 0.487793 0.027018 0.056641
0 0.445638 0.501831 0.089193 0.016846
0 0.278971 0.839111 0.026693 0.056152
0 0.431803 0.952026 0.027018 0.055420
0 0.867513 0.476074 0.030599 0.048828
0 0.798014 0.592041 0.058268 0.025391
0 0.886556 0.947510 0.027018 0.054199
0 0.398438 0.279541 0.057292 0.025391
0 0.787760 0.245728 0.023438 0.061768
0 0.325846 0.816040 0.023438 0.061768
0 0.824219 0.219727 0.054688 0.025391
0 0.789388 0.157227 0.033854 0.041016
0 0.636556 0.646729 0.027018 0.051270
0 0.299805 0.334229 0.026693 0.051270
0 0.855306 0.454956 0.061523 0.022217
0 0.488607 0.929932 0.070964 0.019043
0 0.763346 0.664673 0.093099 0.014404
0 0.181803 0.899292 0.019857 0.067139
0 0.331055 0.065308 0.026693 0.050049
0 0.879720 0.177002 0.027018 0.049316
0 0.570638 0.408447 0.075521 0.017578
0 0.652181 0.280884 0.058268 0.022705
0 0.657389 0.176758 0.019857 0.064453
0 0.660482 0.526978 0.018880 0.067139
0 0.266927 0.642822 0.023438 0.054199
0 0.520345 0.911133 0.071940 0.017578
0 0.471680 0.615479 0.030599 0.041016
0 0.680013 0.357666 0.030599 0.041016
0 0.917806 0.873291 0.027018 0.046387
0 0.623698 0.530884 0.028646 0.043701
0 0.929525 0.333618 0.022461 0.055420
0 0.552897 0.681885 0.019206 0.064453
0 0.369141 0.093384 0.054688 0.022705
0 0.646973 0.823853 0.019857 0.061768
0 0.280599 0.110229 0.023438 0.051514
0 0.914388 0.498047 0.061849 0.019531
0 0.207682 0.623291 0.023438 0.051270
0 0.737305 0.702637 0.068359 0.017578
0 0.263346 0.313477 0.016276 0.072266
0 0.192220 0.645386 0.019857 0.059326
0 0.471680 0.955322 0.051432 0.022949
0 0.810221 0.124634 0.026693 0.043701
0 0.398763 0.236572 0.065104 0.017578
0 0.782552 0.636353 0.075521 0.014893
0 0.758138 0.762573 0.020182 0.053955
0 0.308431 0.927979 0.071940 0.015137
0 0.212077 0.697510 0.025065 0.043457
0 0.284180 0.691040 0.023438 0.046143
0 0.765137 0.194946 0.027018 0.038330
0 0.742513 0.088135 0.023438 0.043457
0 0.587077 0.494995 0.025065 0.039795
0 0.562012 0.931885 0.016602 0.059082
0 0.867513 0.741821 0.016276 0.059326
0 0.443034 0.381104 0.063151 0.015137
0 0.541178 0.715332 0.079102 0.011719
0 0.635742 0.221924 0.025391 0.036621
0 0.896973 0.175415 0.019857 0.046143
0 0.829264 0.473511 0.071940 0.012451
0 0.384928 0.885010 0.051107 0.017578
0 0.917969 0.811401 0.054688 0.016357
0 0.461263 0.903809 0.065104 0.013672
0 0.357096 0.408447 0.016276 0.054199
0 0.732910 0.195557 0.045898 0.019043
0 0.655762 0.633667 0.016602 0.051514
0 0.598470 0.856445 0.047852 0.017578
0 0.926107 0.204590 0.015625 0.052734
0 0.431803 0.479980 0.019857 0.041016
0 0.850098 0.030762 0.016602 0.048828
0 0.870443 0.597290 0.015625 0.051514
0 0.447266 0.533447 0.065104 0.012207
0 0.526855 0.467285 0.050456 0.015625
0 0.556803 0.489136 0.047852 0.016357
0 0.924805 0.452759 0.020182 0.038330
0 0.739095 0.328979 0.016602 0.046143
0 0.644368 0.539551 0.014648 0.050781
0 0.226888 0.607666 0.013021 0.056641
0 0.918783 0.421387 0.014648 0.048828
0 0.399089 0.075073 0.057292 0.012451
0 0.240397 0.531494 0.019206 0.037109
0 0.834473 0.902954 0.040690 0.016846
0 0.214681 0.230957 0.058268 0.011719
0 0.556315 0.526978 0.018880 0.035889
0 0.137370 0.116821 0.049479 0.012451
0 0.699056 0.920166 0.019857 0.030762
0 0.855469 0.336792 0.013021 0.046143
0 0.176595 0.248291 0.016602 0.035645
0 0.299316 0.525269 0.012044 0.048096
0 0.902181 0.766602 0.058268 0.009766
0 0.164388 0.761230 0.054688 0.009766
0 0.739095 0.217041 0.051107 0.009766
0 0.857096 0.137573 0.016276 0.028076
0 0.745443 0.184448 0.036458 0.012451
0 0.791016 0.131104 0.044271 0.009766
0 0.207845 0.717041 0.016602 0.025391
0 0.740885 0.256104 0.013021 0.030762
0 0.718262 0.924072 0.016602 0.022949
0 0.874512 0.137573 0.016602 0.022705
0 0.554688 0.454102 0.036458 0.009766
0 0.843262 0.112915 0.016602 0.020264
0 0.350260 0.696289 0.023438 0.009766
0 0.985514 0.338135 0.009440 0.012207
0 0.530111 0.132324 0.064128 0.031250
0 0.529460 0.090576 0.014648 0.038086
0 0.555990 0.071777 0.063802 0.009277
0 0.779134 0.041016 0.038086 0.038086
0 0.791829 0.075195 0.055013 0.050293
0 0.752767 0.120361 0.044596 0.044922
0 0.878092 0.082031 0.080404 0.011230
0 0.877116 0.068848 0.078451 0.014160
0 0.888021 0.128906 0.047526 0.037598
0 0.729655 0.168579 0.054362 0.044189
0 0.836426 0.180542 0.070638 0.020752
0 0.850749 0.203857 0.028320 0.045410
0 0.890788 0.273560 0.052409 0.037842
0 0.837240 0.280640 0.048828 0.043213
0 0.577637 0.245117 0.076497 0.041504
0 0.574219 0.207031 0.015625 0.040527
0 0.535156 0.287476 0.047526 0.041748
0 0.486816 0.325317 0.036784 0.031982
0 0.464518 0.327515 0.045573 0.019775
0 0.595215 0.375366 0.045898 0.045166
0 0.786296 0.346680 0.069336 0.048340
0 0.840169 0.354492 0.073568 0.041016
0 0.773275 0.313843 0.047201 0.041748
0 0.719564 0.261841 0.056966 0.052979
0 0.512370 0.461426 0.060547 0.036133
0 0.740234 0.493286 0.080729 0.054443
0 0.844727 0.574341 0.047526 0.039307
0 0.710612 0.567749 0.057943 0.042725
0 0.574870 0.553711 0.038411 0.047852
0 0.382161 0.530151 0.060547 0.016846
0 0.344401 0.538452 0.039714 0.039307
0 0.393066 0.546265 0.105794 0.020264
0 0.430664 0.576782 0.052083 0.018799
0 0.437826 0.617920 0.037109 0.029297
0 0.589355 0.648926 0.047852 0.047363
0 0.709310 0.660278 0.031250 0.052002
0 0.828125 0.602661 0.041667 0.037354
0 0.624023 0.696533 0.069010 0.048340
0 0.563314 0.772461 0.052409 0.037109
0 0.554525 0.802979 0.053711 0.035156
0 0.484863 0.809082 0.050456 0.041016
0 0.449219 0.808594 0.084635 0.052734
0 0.402181 0.773804 0.054362 0.051025
0 0.334147 0.735718 0.037435 0.032471
0 0.412109 0.807495 0.050130 0.051025
0 0.537760 0.858276 0.063151 0.055420
0 0.440104 0.888184 0.056641 0.013672
0 0.831217 0.812744 0.049805 0.032715
0 0.804850 0.822876 0.060221 0.015381
0 0.772298 0.794434 0.072591 0.044922
0 0.700521 0.826538 0.039062 0.035889
0 0.617839 0.832886 0.034505 0.062256
0 0.804199 0.857666 0.030273 0.050781
0 0.778646 0.946045 0.066406 0.030273
0 0.844238 0.943115 0.012044 0.033203
0 0.857747 0.911011 0.029297 0.033936
0 0.703939 0.776733 0.081055 0.057861
0 0.606445 0.928467 0.056641 0.045410
0 0.576335 0.906372 0.023112 0.037842
0 0.496094 0.956421 0.062500 0.034912
0 0.383301 0.933594 0.058919 0.042969
0 0.349447 0.913452 0.046549 0.045654
0 0.414062 0.838867 0.039062 0.028320
0 0.370768 0.823608 0.057943 0.038818
0 0.707682 0.859497 0.054036 0.014404
0 0.321452 0.905273 0.029622 0.030273
0 0.283203 0.915527 0.043620 0.027344
0 0.127767 0.806152 0.020508 0.085449
0 0.228190 0.770142 0.048177 0.024658
0 0.250163 0.715210 0.050456 0.050537
0 0.233887 0.650635 0.038737 0.038574
0 0.307617 0.617798 0.059245 0.036377
0 0.209310 0.558960 0.042318 0.028564
0 0.205566 0.507935 0.065430 0.055908
0 0.174642 0.485229 0.065430 0.046143
0 0.256022 0.485840 0.013997 0.045898
0 0.220866 0.427002 0.066081 0.012695
0 0.209798 0.424438 0.037435 0.050537
0 0.165039 0.399902 0.015625 0.038574
0 0.165202 0.382935 0.044596 0.028076
0 0.222819 0.371460 0.059570 0.033936
0 0.280273 0.349121 0.016276 0.051270
0 0.142578 0.326904 0.044922 0.031738
0 0.370605 0.173706 0.054362 0.036377
0 0.422201 0.148193 0.076172 0.046387
0 0.221191 0.181396 0.052409 0.028320
0 0.271973 0.153564 0.046549 0.043457
0 0.192383 0.161865 0.037760 0.056152
0 0.173503 0.146240 0.063802 0.025391
0 0.125814 0.147583 0.041992 0.023682
0 0.146484 0.188965 0.052083 0.014160
0 0.303223 0.072876 0.040039 0.041260
