0 0.370931 0.206543 0.141602 0.041016
0 0.640951 0.840088 0.063151 0.089355
0 0.240885 0.685669 0.040365 0.068604
0 0.324056 0.542358 0.075846 0.031006
0 0.808431 0.086182 0.058268 0.076172
0 0.628743 0.448853 0.045898 0.082764
0 0.291178 0.645020 0.051107 0.074219
0 0.382650 0.325439 0.095378 0.039062
0 0.437500 0.252319 0.084635 0.017822
0 0.837891 0.269287 0.047526 0.039551
0 0.473307 0.558228 0.054688 0.067139
0 0.654297 0.560059 0.034505 0.065430
0 0.664876 0.439331 0.036133 0.069092
0 0.279622 0.670044 0.024740 0.047119
0 0.778971 0.730103 0.089193 0.035889
0 0.349772 0.738892 0.092122 0.032471
0 0.456055 0.667480 0.041016 0.072266
0 0.475098 0.324097 0.079102 0.036377
0 0.432292 0.888184 0.091797 0.020996
0 0.697266 0.382324 0.085938 0.033203
0 0.659180 0.301758 0.044271 0.064453
0 0.905762 0.701416 0.079102 0.035645
0 0.553223 0.575439 0.047852 0.058594
0 0.502930 0.874634 0.037109 0.074951
0 0.169108 0.571167 0.029622 0.093018
0 0.862305 0.649292 0.089193 0.030518
0 0.173014 0.805664 0.037435 0.072266
0 0.277181 0.826416 0.037435 0.072266
0 0.893066 0.619385 0.095378 0.027832
0 0.730306 0.525635 0.040690 0.064453
0 0.702474 0.442261 0.033854 0.074951
0 0.280599 0.760132 0.039714 0.027588
0 0.523763 0.901978 0.078776 0.030518
0 0.202637 0.158447 0.040690 0.059082
0 0.205241 0.504272 0.053060 0.021729
0 0.516764 0.542603 0.037435 0.061768
0 0.505534 0.214478 0.028646 0.077393
0 0.702637 0.943604 0.110352 0.020020
0 0.910156 0.760864 0.049479 0.019287
0 0.506348 0.441040 0.071940 0.030518
0 0.386719 0.458008 0.033854 0.064453
0 0.353678 0.937744 0.113607 0.019043
0 0.313639 0.927979 0.068685 0.030762
0 0.662598 0.164673 0.037435 0.055908
0 0.784180 0.071167 0.030599 0.067139
0 0.335775 0.840698 0.071289 0.028076
0 0.383138 0.861206 0.089193 0.022217
0 0.482096 0.420532 0.037109 0.052002
0 0.498210 0.220947 0.069336 0.027832
0 0.641764 0.219604 0.037435 0.051514
0 0.634440 0.872681 0.078125 0.024170
0 0.739095 0.778320 0.037435 0.048828
0 0.801432 0.575073 0.065104 0.028076
0 0.346680 0.101196 0.065104 0.028076
0 0.789388 0.240479 0.026693 0.066895
0 0.916016 0.374634 0.023438 0.074951
0 0.600098 0.452026 0.030273 0.057861
0 0.695150 0.355103 0.032878 0.051514
0 0.813639 0.407715 0.019857 0.083984
0 0.544596 0.377197 0.072266 0.022949
0 0.574219 0.481445 0.033854 0.048828
0 0.856283 0.860229 0.035482 0.046143
0 0.291178 0.327759 0.030273 0.053955
0 0.778971 0.486572 0.026693 0.059082
0 0.673177 0.227417 0.023438 0.067139
0 0.898763 0.146729 0.030599 0.051270
0 0.855469 0.464478 0.033854 0.046143
0 0.430827 0.943604 0.025065 0.062012
0 0.751302 0.073853 0.075521 0.020264
0 0.915690 0.894165 0.029297 0.051514
0 0.455241 0.099854 0.032227 0.046387
0 0.270182 0.300415 0.023438 0.061768
0 0.485677 0.534790 0.023438 0.061768
0 0.322428 0.467651 0.030273 0.047607
0 0.619303 0.626221 0.027018 0.052246
0 0.410970 0.270386 0.061523 0.022705
0 0.245931 0.361572 0.079102 0.017578
0 0.351074 0.565308 0.073893 0.018799
0 0.706055 0.282104 0.026693 0.051514
0 0.237305 0.176392 0.061849 0.022217
0 0.535482 0.056519 0.060547 0.022217
0 0.853516 0.719727 0.023438 0.056641
0 0.614095 0.512573 0.030273 0.043701
0 0.597982 0.017822 0.074870 0.017578
0 0.180013 0.045166 0.085938 0.015137
0 0.622721 0.522949 0.026693 0.048828
0 0.197266 0.582886 0.023438 0.053955
0 0.777181 0.619385 0.071940 0.017578
0 0.521973 0.644775 0.019857 0.062988
0 0.457845 0.592041 0.030273 0.041016
0 0.537598 0.503418 0.030273 0.041016
0 0.327637 0.805542 0.019857 0.061768
0 0.930013 0.313354 0.023438 0.051514
0 0.214681 0.321167 0.079102 0.014893
0 0.650553 0.822510 0.019857 0.059082
0 0.443359 0.472290 0.057292 0.020264
0 0.700358 0.649292 0.022461 0.051514
0 0.758138 0.756104 0.020182 0.056641
0 0.601888 0.045166 0.075521 0.015137
0 0.883138 0.948730 0.020182 0.056641
0 0.367513 0.069824 0.023438 0.048828
0 0.398275 0.090698 0.050456 0.022705
0 0.738607 0.194946 0.050130 0.022705
0 0.174805 0.604370 0.020182 0.055420
0 0.213053 0.696289 0.027018 0.041016
0 0.308594 0.110229 0.023438 0.046143
0 0.364095 0.214478 0.071940 0.014893
0 0.194661 0.663330 0.018229 0.058594
0 0.921387 0.439941 0.027018 0.039062
0 0.637370 0.425659 0.028646 0.036377
0 0.581055 0.900635 0.026693 0.038574
0 0.876953 0.417603 0.028646 0.035889
0 0.754720 0.081665 0.019857 0.051514
0 0.584473 0.401978 0.068685 0.014893
0 0.908203 0.162354 0.028646 0.035645
0 0.888346 0.106445 0.057943 0.017578
0 0.740723 0.691650 0.089518 0.011230
0 0.683431 0.137573 0.016602 0.059326
0 0.568848 0.929321 0.016602 0.059326
0 0.718099 0.855103 0.065104 0.014893
0 0.537272 0.697510 0.076497 0.012207
0 0.768555 0.190674 0.026693 0.035156
0 0.546224 0.475830 0.054688 0.017090
0 0.357910 0.524292 0.045898 0.020264
0 0.921387 0.857666 0.019857 0.046387
0 0.261556 0.612915 0.019857 0.046143
0 0.549316 0.917603 0.060872 0.014893
0 0.388346 0.877197 0.051432 0.017578
0 0.440430 0.500244 0.065104 0.013672
0 0.824056 0.124634 0.019857 0.043701
0 0.869303 0.575073 0.019857 0.043701
0 0.662598 0.309570 0.016602 0.048828
0 0.853678 0.318604 0.016602 0.046387
0 0.900553 0.853760 0.019857 0.038574
0 0.246745 0.498291 0.018229 0.041016
0 0.214193 0.571167 0.015625 0.046143
0 0.440430 0.486572 0.057943 0.012207
0 0.208659 0.218018 0.018229 0.037598
0 0.775391 0.523071 0.054688 0.012451
0 0.601888 0.072510 0.054688 0.012207
0 0.713053 0.918945 0.019857 0.033203
0 0.646647 0.595947 0.012044 0.054199
0 0.484701 0.430542 0.021484 0.030518
0 0.277181 0.231323 0.016602 0.038330
0 0.578776 0.213379 0.015625 0.039062
0 0.295898 0.489258 0.012370 0.048828
0 0.521973 0.455322 0.047852 0.012207
0 0.153158 0.749634 0.045898 0.012451
0 0.909180 0.822510 0.016276 0.033203
0 0.744141 0.211914 0.054688 0.009766
0 0.358724 0.391602 0.013021 0.041016
0 0.745931 0.576050 0.058268 0.009033
0 0.845052 0.592041 0.033854 0.015137
0 0.544596 0.443604 0.051432 0.009766
0 0.145345 0.120605 0.051107 0.009766
0 0.567057 0.094604 0.013021 0.035889
0 0.917969 0.671509 0.033854 0.012451
0 0.181641 0.290894 0.013021 0.028564
0 0.733724 0.924072 0.013021 0.022949
0 0.833822 0.012207 0.047852 0.022949
0 0.739095 0.173462 0.067383 0.051514
0 0.797363 0.153198 0.027669 0.048096
0 0.835449 0.174316 0.066081 0.015625
0 0.849609 0.194580 0.029297 0.038574
0 0.828939 0.208984 0.053711 0.027344
0 0.884440 0.262085 0.043620 0.036377
0 0.864258 0.083252 0.060547 0.020020
0 0.884603 0.058105 0.065430 0.028809
0 0.724609 0.250732 0.072266 0.046387
0 0.737142 0.258789 0.020508 0.049805
0 0.588379 0.247925 0.073242 0.052002
0 0.549154 0.292847 0.044922 0.047119
0 0.574219 0.328979 0.057943 0.045166
0 0.538249 0.349243 0.045247 0.043213
0 0.785970 0.298828 0.045898 0.042480
0 0.782227 0.334717 0.065104 0.040039
0 0.840658 0.344604 0.075195 0.044189
0 0.650391 0.254883 0.042969 0.042969
0 0.497559 0.336792 0.053060 0.028564
0 0.487793 0.325195 0.030273 0.031250
0 0.609375 0.370361 0.059896 0.044434
0 0.730632 0.487549 0.070638 0.045898
0 0.599609 0.296387 0.078776 0.035645
0 0.416992 0.449341 0.052734 0.034912
0 0.386068 0.505981 0.095703 0.019287
0 0.371419 0.513428 0.041016 0.062988
0 0.413737 0.541748 0.040365 0.024414
0 0.564941 0.518799 0.039388 0.038086
0 0.688802 0.551270 0.045573 0.040039
0 0.842773 0.552124 0.041667 0.039307
0 0.903158 0.577881 0.051758 0.044434
0 0.892741 0.513916 0.077148 0.045410
0 0.903809 0.482544 0.062174 0.016357
0 0.887207 0.473022 0.033529 0.032471
0 0.693848 0.626587 0.059570 0.049072
0 0.638835 0.669556 0.075195 0.046631
0 0.666992 0.673828 0.031901 0.021484
0 0.629883 0.707031 0.043620 0.052734
0 0.659668 0.715088 0.047201 0.052734
0 0.548014 0.637817 0.060221 0.052490
0 0.415853 0.589722 0.035482 0.036377
0 0.698730 0.768066 0.078451 0.049316
0 0.551107 0.764282 0.052083 0.043701
0 0.879395 0.718262 0.080404 0.029297
0 0.893392 0.745239 0.064779 0.007568
0 0.928060 0.804565 0.037109 0.025635
0 0.910156 0.781860 0.038411 0.023682
0 0.872884 0.814697 0.047201 0.015625
0 0.795247 0.793701 0.026042 0.041016
0 0.823730 0.770630 0.032878 0.029053
0 0.802897 0.817261 0.064779 0.012939
0 0.814616 0.852539 0.022461 0.059570
0 0.769206 0.829956 0.011719 0.038330
0 0.833496 0.798340 0.038737 0.019043
0 0.933757 0.858276 0.041992 0.055420
0 0.748210 0.904907 0.044596 0.052002
0 0.847819 0.899170 0.069987 0.023438
0 0.826172 0.919434 0.065755 0.027832
0 0.816406 0.940186 0.059245 0.043457
0 0.860677 0.954224 0.024089 0.032959
0 0.611654 0.924316 0.060547 0.046387
0 0.654948 0.911743 0.055990 0.016846
0 0.597982 0.855591 0.046875 0.026123
0 0.555664 0.837158 0.027995 0.031250
0 0.527507 0.842529 0.057617 0.057129
0 0.551595 0.797607 0.059570 0.028320
0 0.708659 0.827515 0.030599 0.036377
0 0.498047 0.954834 0.057292 0.038086
0 0.475586 0.948364 0.054036 0.024170
0 0.417969 0.912354 0.048177 0.041992
0 0.379720 0.924805 0.051758 0.043457
0 0.321126 0.898560 0.032227 0.030518
0 0.375814 0.808716 0.051758 0.037354
0 0.401693 0.790771 0.044271 0.048340
0 0.446940 0.795166 0.068359 0.050293
0 0.470866 0.816406 0.047852 0.031738
0 0.495605 0.781738 0.023112 0.040039
0 0.289225 0.914429 0.038737 0.031494
0 0.437337 0.761841 0.066732 0.043213
0 0.393717 0.756226 0.045898 0.051514
0 0.318848 0.746094 0.065430 0.012207
0 0.185872 0.910278 0.018229 0.064209
0 0.140299 0.833130 0.065104 0.075928
0 0.246094 0.770752 0.025391 0.031738
0 0.215658 0.758911 0.050456 0.029053
0 0.586589 0.616943 0.039062 0.058594
0 0.293294 0.583984 0.059245 0.041016
0 0.292806 0.699219 0.027018 0.030273
0 0.264486 0.675781 0.034831 0.058105
0 0.227702 0.614136 0.045898 0.045166
0 0.240885 0.541870 0.084635 0.030029
0 0.209310 0.475586 0.053385 0.045898
0 0.173014 0.452881 0.058268 0.039551
0 0.232747 0.435059 0.035156 0.035156
0 0.208171 0.390503 0.061523 0.011475
0 0.208822 0.392456 0.036133 0.046631
0 0.339844 0.362183 0.064453 0.029053
0 0.165690 0.343384 0.036458 0.035889
0 0.150228 0.356934 0.012695 0.036621
0 0.212891 0.345215 0.055339 0.026855
0 0.237630 0.344238 0.048177 0.020996
0 0.144368 0.301392 0.044596 0.026611
0 0.222982 0.283325 0.054688 0.051025
0 0.396484 0.179321 0.057292 0.031982
0 0.296224 0.151489 0.058594 0.044189
0 0.172363 0.150513 0.061523 0.028564
0 0.124837 0.139404 0.034831 0.033691
0 0.138184 0.179199 0.050456 0.020508
0 0.171712 0.170410 0.033529 0.030273
0 0.409017 0.120361 0.051107 0.039062
0 0.550293 0.141968 0.062826 0.032471
0 0.553223 0.064941 0.041341 0.027344
0 0.338704 0.071899 0.042643 0.038330
