0 0.552734 0.055664 0.062500 0.051758
0 0.759766 0.204712 0.065104 0.089111
0 0.901042 0.180908 0.069661 0.056152
0 0.301270 0.077026 0.072591 0.026611
0 0.649740 0.835205 0.122396 0.037598
0 0.752930 0.393555 0.057943 0.076172
0 0.799805 0.786011 0.103516 0.038330
0 0.476888 0.780762 0.110026 0.033203
0 0.864095 0.633301 0.099935 0.035156
0 0.836263 0.578979 0.044271 0.077393
0 0.584473 0.324829 0.089518 0.037842
0 0.631348 0.672729 0.051107 0.061768
0 0.615723 0.874268 0.082357 0.037598
0 0.671387 0.467041 0.040690 0.072266
0 0.700846 0.930542 0.093099 0.030518
0 0.445638 0.143799 0.033854 0.082031
0 0.895345 0.574463 0.037435 0.073730
0 0.765137 0.862915 0.040690 0.067139
0 0.603516 0.816040 0.085938 0.030518
0 0.819010 0.122925 0.085938 0.030029
0 0.430827 0.819824 0.073893 0.033203
0 0.618327 0.550659 0.115560 0.020752
0 0.276855 0.715698 0.084961 0.028076
0 0.395345 0.392822 0.030273 0.074707
0 0.758138 0.637573 0.041016 0.053955
0 0.567220 0.491821 0.040690 0.053955
0 0.374349 0.604980 0.085938 0.025391
0 0.150553 0.358643 0.027018 0.079590
0 0.473307 0.796509 0.075521 0.028076
0 0.216471 0.461792 0.041016 0.051514
0 0.386556 0.875977 0.082357 0.025391
0 0.560221 0.362915 0.068359 0.030518
0 0.512370 0.202759 0.091146 0.022705
0 0.680013 0.532104 0.030599 0.067139
0 0.167806 0.082886 0.089518 0.022705
0 0.179199 0.625977 0.035482 0.056641
0 0.633138 0.348511 0.033854 0.059326
0 0.822428 0.435791 0.099935 0.020020
0 0.648763 0.754761 0.037109 0.053955
0 0.641276 0.463379 0.036458 0.054688
0 0.495117 0.646729 0.077474 0.025391
0 0.772135 0.568604 0.033854 0.056641
0 0.409180 0.653198 0.065104 0.028076
0 0.461263 0.187134 0.065104 0.028076
0 0.607096 0.098267 0.078776 0.022217
0 0.233724 0.253540 0.033854 0.051514
0 0.204264 0.435791 0.037435 0.046387
0 0.445638 0.416260 0.061849 0.027832
0 0.862305 0.054199 0.096354 0.017578
0 0.235677 0.776611 0.023438 0.071777
0 0.730794 0.762695 0.034505 0.048828
0 0.357096 0.677979 0.065104 0.025391
0 0.155599 0.138916 0.065104 0.025391
0 0.537598 0.788696 0.071940 0.022705
0 0.766764 0.382446 0.030273 0.053955
0 0.143555 0.600464 0.033854 0.047607
0 0.396973 0.916260 0.068685 0.022949
0 0.640951 0.460205 0.091146 0.017090
0 0.324056 0.882446 0.068685 0.022705
0 0.649577 0.726074 0.087565 0.017578
0 0.297201 0.918579 0.028646 0.053467
0 0.379557 0.784790 0.075521 0.020264
0 0.247721 0.641479 0.075521 0.020264
0 0.747721 0.044800 0.061849 0.024658
0 0.456055 0.611206 0.068359 0.022217
0 0.287760 0.840820 0.085938 0.017578
0 0.903646 0.503418 0.026042 0.056641
0 0.700358 0.760010 0.022461 0.064453
0 0.438639 0.731445 0.082357 0.017578
0 0.850911 0.948120 0.059896 0.024170
0 0.247721 0.124634 0.026693 0.053955
0 0.369303 0.132080 0.082357 0.017090
0 0.613281 0.802979 0.070312 0.020020
0 0.593262 0.354370 0.058268 0.024170
0 0.711263 0.625610 0.030599 0.045654
0 0.159180 0.254761 0.023438 0.059326
0 0.584473 0.831665 0.068685 0.020264
0 0.660970 0.533447 0.019857 0.069824
0 0.527181 0.745728 0.092773 0.014893
0 0.407064 0.254761 0.060872 0.022705
0 0.268555 0.391479 0.026693 0.051514
0 0.296224 0.050049 0.054688 0.024902
0 0.914388 0.352417 0.020182 0.067139
0 0.707682 0.337524 0.023438 0.057861
0 0.798014 0.762329 0.079102 0.016846
0 0.836263 0.190918 0.023438 0.056641
0 0.850098 0.379761 0.058268 0.022705
0 0.285970 0.713135 0.027018 0.048828
0 0.282552 0.679932 0.054688 0.023926
0 0.770671 0.319946 0.017253 0.074951
0 0.329264 0.642822 0.071940 0.017578
0 0.445638 0.714478 0.061849 0.020264
0 0.780599 0.909790 0.023438 0.051514
0 0.577637 0.619385 0.027018 0.043457
0 0.606771 0.133667 0.078125 0.014893
0 0.742513 0.083008 0.023438 0.048828
0 0.450846 0.841675 0.078776 0.014404
0 0.169108 0.616821 0.029622 0.038330
0 0.889648 0.234009 0.018880 0.059326
0 0.320638 0.409790 0.054688 0.020264
0 0.407552 0.076050 0.075521 0.014404
0 0.865397 0.222168 0.019206 0.056641
0 0.396973 0.150635 0.061523 0.017578
0 0.900553 0.715698 0.019857 0.053955
0 0.465983 0.258667 0.071940 0.014893
0 0.206055 0.333618 0.026693 0.039795
0 0.698568 0.528931 0.026042 0.039795
0 0.733887 0.555542 0.019857 0.051514
0 0.187012 0.200195 0.058268 0.017578
0 0.464844 0.148071 0.023438 0.043701
0 0.395345 0.885986 0.071940 0.014160
0 0.579427 0.455322 0.023438 0.043457
0 0.850098 0.502930 0.016602 0.060547
0 0.883952 0.513916 0.014648 0.066895
0 0.810221 0.397705 0.020182 0.048340
0 0.546387 0.817383 0.019857 0.048828
0 0.296387 0.147949 0.019857 0.048828
0 0.832682 0.910400 0.085938 0.011230
0 0.827637 0.500854 0.027018 0.035889
0 0.864095 0.888306 0.051107 0.018799
0 0.383138 0.628540 0.026693 0.035889
0 0.204264 0.396729 0.016602 0.056641
0 0.711263 0.284668 0.016276 0.056641
0 0.660156 0.414307 0.018229 0.050293
0 0.796387 0.633667 0.019857 0.046143
0 0.900553 0.594360 0.019857 0.045654
0 0.784180 0.379761 0.023438 0.038330
0 0.166016 0.876831 0.023438 0.037842
0 0.176432 0.584229 0.044271 0.020020
0 0.662760 0.868042 0.023438 0.035889
0 0.801432 0.099854 0.023438 0.035645
0 0.212891 0.670776 0.075521 0.010986
0 0.438314 0.124268 0.019206 0.042969
0 0.593099 0.484863 0.023438 0.035156
0 0.496094 0.624634 0.065104 0.012451
0 0.310221 0.470581 0.047526 0.016846
0 0.796224 0.490112 0.054688 0.014404
0 0.803223 0.358276 0.047852 0.016357
0 0.770345 0.633057 0.016602 0.044922
0 0.613607 0.930542 0.050130 0.014893
0 0.810221 0.240479 0.047526 0.015137
0 0.422201 0.038696 0.056641 0.012451
0 0.285807 0.119019 0.013021 0.053467
0 0.515951 0.932861 0.014974 0.045410
0 0.435221 0.273071 0.054688 0.012451
0 0.494141 0.051636 0.054688 0.012451
0 0.435221 0.571167 0.013021 0.051514
0 0.891927 0.295166 0.044271 0.015137
0 0.259440 0.487549 0.015625 0.040527
0 0.851562 0.409424 0.067708 0.009277
0 0.640137 0.711914 0.061523 0.009766
0 0.213053 0.882446 0.047852 0.012451
0 0.631348 0.745728 0.016602 0.035889
0 0.834473 0.369385 0.047852 0.012207
0 0.199056 0.645996 0.019857 0.029297
0 0.122721 0.215698 0.013021 0.043701
0 0.423014 0.243164 0.058268 0.009766
0 0.570638 0.869141 0.013021 0.042969
0 0.355469 0.429321 0.013021 0.038330
0 0.595052 0.862305 0.033854 0.013672
0 0.714681 0.119141 0.016602 0.023438
0 0.846680 0.926636 0.016276 0.022705
0 0.218262 0.580322 0.009440 0.027832
0 0.298340 0.250122 0.116862 0.066162
0 0.666829 0.041626 0.056966 0.042725
0 0.536296 0.097900 0.049805 0.053711
0 0.207194 0.135742 0.041341 0.044922
0 0.149251 0.174194 0.055664 0.032959
0 0.240072 0.100220 0.057617 0.010498
0 0.412109 0.348511 0.073568 0.039795
0 0.413086 0.489868 0.047526 0.036377
0 0.293783 0.488037 0.048503 0.039062
0 0.709961 0.196289 0.022786 0.046387
0 0.570150 0.162476 0.056315 0.031494
0 0.908366 0.437744 0.039388 0.041992
0 0.604329 0.422241 0.054362 0.038818
0 0.851888 0.341309 0.073568 0.049316
0 0.267578 0.470947 0.070312 0.048340
0 0.323730 0.586182 0.056315 0.040039
0 0.310547 0.562988 0.060547 0.019531
0 0.241699 0.554443 0.081706 0.010742
0 0.274251 0.807617 0.045247 0.052246
0 0.173340 0.693604 0.050456 0.069336
0 0.358236 0.732910 0.083008 0.032227
0 0.346680 0.700562 0.039714 0.042236
0 0.251628 0.939941 0.062500 0.043945
0 0.350586 0.925049 0.063802 0.043945
0 0.392741 0.943237 0.053711 0.029541
0 0.473633 0.957397 0.037109 0.022705
0 0.448405 0.916992 0.053060 0.026855
0 0.448568 0.939331 0.073568 0.011963
0 0.501139 0.909790 0.043294 0.047119
0 0.530111 0.860107 0.069987 0.044434
0 0.545410 0.753784 0.034180 0.036377
0 0.584147 0.769287 0.061523 0.035645
0 0.775716 0.821899 0.085286 0.021729
0 0.908366 0.939209 0.037435 0.048828
0 0.924967 0.873657 0.019857 0.054443
0 0.900391 0.838745 0.076823 0.013428
0 0.870605 0.820923 0.051758 0.029053
0 0.915365 0.817627 0.044271 0.020996
0 0.928548 0.788818 0.035482 0.043457
0 0.866699 0.786499 0.027669 0.032471
0 0.862305 0.731567 0.065104 0.036377
0 0.770671 0.731323 0.041341 0.036865
0 0.735514 0.690674 0.062826 0.045410
0 0.684733 0.682983 0.035482 0.034424
0 0.833496 0.688354 0.056966 0.029541
0 0.867839 0.693237 0.070964 0.037354
0 0.848470 0.663086 0.081706 0.044922
0 0.729980 0.479126 0.075195 0.018799
0 0.497070 0.540649 0.071615 0.058350
0 0.502930 0.500122 0.065755 0.033936
0 0.568685 0.581177 0.061849 0.034912
0 0.616211 0.585938 0.039714 0.037109
0 0.788900 0.508545 0.066732 0.039062
0 0.876953 0.263062 0.078776 0.038818
0 0.894368 0.070801 0.047201 0.025879
