0 0.461111 0.635026 0.075000 0.074740
0 0.480787 0.281901 0.123611 0.035156
0 0.487731 0.800391 0.128241 0.030469
0 0.328704 0.437109 0.115741 0.033073
0 0.314120 0.813151 0.105093 0.035156
0 0.186806 0.733984 0.054167 0.059115
0 0.448380 0.616797 0.058796 0.053906
0 0.124306 0.566016 0.049537 0.061719
0 0.855787 0.373047 0.049537 0.061198
0 0.397454 0.288411 0.040278 0.074219
0 0.723843 0.252865 0.118981 0.023958
0 0.737731 0.534766 0.091204 0.030469
0 0.593056 0.514193 0.088889 0.029948
0 0.103472 0.411068 0.091204 0.027865
0 0.396296 0.441016 0.047222 0.051302
0 0.605787 0.875651 0.123611 0.019531
0 0.531713 0.486589 0.086574 0.027865
0 0.587269 0.681901 0.086574 0.027865
0 0.905556 0.127214 0.084259 0.027865
0 0.726157 0.317708 0.031019 0.070312
0 0.941435 0.465495 0.044907 0.048177
0 0.221528 0.159505 0.086574 0.024740
0 0.770139 0.105078 0.081944 0.025260
0 0.721528 0.861589 0.114352 0.017448
0 0.045602 0.228776 0.040278 0.048698
0 0.080324 0.603516 0.035648 0.053385
0 0.603472 0.372005 0.081944 0.022656
0 0.906713 0.364844 0.077315 0.023958
0 0.728472 0.230078 0.044907 0.040885
0 0.830324 0.539974 0.044907 0.040885
0 0.918287 0.680599 0.091204 0.020052
0 0.441435 0.204036 0.091204 0.020052
0 0.078009 0.754818 0.077315 0.022656
0 0.679861 0.473568 0.077315 0.022656
0 0.258102 0.762630 0.039352 0.043490
0 0.826852 0.215755 0.075000 0.022656
0 0.822222 0.125911 0.084259 0.020052
0 0.610417 0.575130 0.095833 0.017448
0 0.841898 0.194922 0.095833 0.017448
0 0.168287 0.188411 0.035648 0.046094
0 0.324074 0.408854 0.069444 0.023438
0 0.047917 0.507161 0.072685 0.022135
0 0.862731 0.805339 0.109722 0.014323
0 0.436806 0.358724 0.026389 0.058594
0 0.668287 0.653255 0.035648 0.043490
0 0.758565 0.480078 0.077315 0.020052
0 0.353472 0.895182 0.091204 0.016927
0 0.490046 0.249609 0.040278 0.038281
0 0.757407 0.586849 0.102778 0.014844
0 0.244676 0.372005 0.031019 0.048698
0 0.501620 0.214453 0.100463 0.014844
0 0.845370 0.879818 0.084259 0.017448
0 0.512731 0.546484 0.030093 0.048698
0 0.848843 0.269141 0.035648 0.040885
0 0.845370 0.700130 0.037963 0.038281
0 0.566435 0.172526 0.035648 0.040365
0 0.031713 0.657161 0.031019 0.046094
0 0.079861 0.477474 0.034722 0.040885
0 0.760880 0.312760 0.035648 0.039583
0 0.189815 0.676693 0.032407 0.043490
0 0.450694 0.160807 0.081944 0.016927
0 0.420602 0.388932 0.068056 0.020052
0 0.766667 0.141536 0.037963 0.035677
0 0.483102 0.759115 0.063426 0.020833
0 0.605787 0.723307 0.077315 0.016927
0 0.459259 0.691016 0.064815 0.020052
0 0.665972 0.623307 0.086574 0.014844
0 0.751620 0.369401 0.026389 0.048698
0 0.346528 0.480078 0.086574 0.014844
0 0.159028 0.467057 0.035648 0.035677
0 0.918287 0.378516 0.063426 0.020052
0 0.274769 0.287370 0.035648 0.035677
0 0.432176 0.821224 0.063426 0.020052
0 0.640509 0.207943 0.072685 0.017448
0 0.459954 0.892839 0.072685 0.017448
0 0.432176 0.607682 0.026389 0.046094
0 0.186343 0.369141 0.071759 0.016927
0 0.050926 0.398047 0.069444 0.017448
0 0.087269 0.176693 0.031019 0.038281
0 0.832639 0.145443 0.068056 0.017448
0 0.943750 0.817318 0.068056 0.017448
0 0.161343 0.444922 0.095833 0.012240
0 0.888194 0.895443 0.095833 0.012240
0 0.404398 0.227214 0.081944 0.014323
0 0.748843 0.801693 0.067130 0.017448
0 0.367361 0.705339 0.026389 0.043490
0 0.853472 0.330339 0.026389 0.043490
0 0.535880 0.764974 0.067130 0.016927
0 0.168287 0.843359 0.091204 0.012240
0 0.147454 0.808203 0.021759 0.051302
0 0.138194 0.696224 0.031019 0.035677
0 0.578472 0.337500 0.067130 0.016146
0 0.112731 0.654557 0.026389 0.040885
0 0.422917 0.711849 0.026389 0.040885
0 0.742361 0.558203 0.072685 0.014844
0 0.876620 0.433203 0.072685 0.014844
0 0.659028 0.810807 0.072685 0.014844
0 0.098843 0.237891 0.072685 0.014844
0 0.174769 0.217057 0.030093 0.035677
0 0.148611 0.103776 0.061111 0.017448
0 0.911343 0.666276 0.086574 0.012240
0 0.230787 0.866797 0.086574 0.012240
0 0.656713 0.765234 0.086574 0.012240
0 0.271991 0.137630 0.085648 0.012240
0 0.365046 0.639974 0.021759 0.048177
0 0.823380 0.723568 0.058796 0.017448
0 0.550231 0.207943 0.058796 0.017448
0 0.922917 0.431901 0.026389 0.038281
0 0.138194 0.209245 0.021759 0.046094
0 0.082639 0.829036 0.021759 0.046094
0 0.071065 0.327734 0.081944 0.012240
0 0.279398 0.872005 0.081944 0.012240
0 0.304398 0.427995 0.067130 0.014844
0 0.767824 0.617839 0.021759 0.045573
0 0.044444 0.854818 0.019444 0.050781
0 0.513194 0.140885 0.021759 0.044792
0 0.281713 0.831380 0.068056 0.014323
0 0.184028 0.534505 0.067130 0.014323
0 0.230787 0.252214 0.021759 0.043490
0 0.832639 0.452734 0.021759 0.043490
0 0.703009 0.314714 0.021759 0.043490
0 0.534028 0.335547 0.054167 0.017448
0 0.061806 0.771745 0.026389 0.035677
0 0.397454 0.759766 0.021759 0.042969
0 0.536343 0.837891 0.077315 0.011719
0 0.878472 0.166276 0.020833 0.043490
0 0.318287 0.701172 0.030093 0.029948
0 0.149769 0.877214 0.072685 0.012240
0 0.163657 0.085547 0.072685 0.012240
0 0.969213 0.383724 0.017130 0.051302
0 0.223843 0.520443 0.026389 0.033073
0 0.464583 0.543880 0.026389 0.033073
0 0.906713 0.138932 0.058796 0.014844
0 0.137731 0.154297 0.094907 0.009115
0 0.795602 0.748047 0.058796 0.014323
0 0.638194 0.843359 0.068056 0.012240
0 0.795139 0.442969 0.020833 0.039583
0 0.596528 0.389974 0.021759 0.037760
0 0.077546 0.713151 0.020833 0.038281
0 0.547917 0.917578 0.081944 0.009635
0 0.131713 0.118099 0.081019 0.009635
0 0.109259 0.421224 0.028704 0.027344
0 0.406713 0.914974 0.077315 0.009635
0 0.314120 0.862891 0.077315 0.009635
0 0.684028 0.904557 0.076389 0.009635
0 0.346065 0.782161 0.048611 0.014844
0 0.065972 0.145443 0.016204 0.043490
0 0.964120 0.595964 0.016204 0.043490
0 0.705324 0.162370 0.072685 0.009635
0 0.246528 0.454036 0.071759 0.009635
0 0.602315 0.542578 0.014815 0.046094
0 0.945602 0.141536 0.016204 0.040885
0 0.800231 0.545182 0.021759 0.030469
0 0.878935 0.120703 0.021759 0.030469
0 0.781713 0.378516 0.068056 0.009635
0 0.300231 0.891536 0.068056 0.009635
0 0.950694 0.613932 0.017130 0.037760
0 0.682176 0.197266 0.017130 0.037760
0 0.264352 0.443620 0.042593 0.014844
0 0.668287 0.133724 0.017130 0.035677
0 0.871991 0.547786 0.017130 0.035677
0 0.339583 0.125911 0.063426 0.009635
0 0.233102 0.627214 0.017130 0.033073
0 0.094213 0.455339 0.017130 0.033073
0 0.888194 0.266536 0.058796 0.009635
0 0.363889 0.461849 0.056481 0.009635
0 0.542824 0.132422 0.043981 0.012240
0 0.690972 0.291276 0.016204 0.033073
0 0.770139 0.201432 0.054167 0.009635
0 0.459954 0.142839 0.017130 0.027865
0 0.459954 0.486589 0.017130 0.027865
0 0.913657 0.108984 0.017130 0.027865
0 0.489583 0.404557 0.048611 0.009635
0 0.513194 0.089453 0.021759 0.020052
0 0.793287 0.844661 0.044907 0.009635
0 0.950694 0.801693 0.017130 0.022656
0 0.466435 0.670182 0.039352 0.009635
0 0.668287 0.090755 0.017130 0.017448
0 0.461806 0.086849 0.011574 0.020052
