0 0.382639 0.576562 0.093981 0.054167
0 0.953704 0.876302 0.072222 0.045312
0 0.920602 0.167318 0.049537 0.108073
0 0.265509 0.157161 0.174537 0.030469
0 0.844213 0.201432 0.063426 0.072135
0 0.175231 0.243099 0.049537 0.087760
0 0.211806 0.418880 0.067130 0.064323
0 0.800231 0.085286 0.114352 0.032552
0 0.668287 0.498307 0.118981 0.030469
0 0.975000 0.686849 0.047222 0.069010
0 0.574537 0.713151 0.125926 0.022656
0 0.758565 0.643490 0.040278 0.070833
0 0.649769 0.125651 0.091204 0.029948
0 0.262731 0.497396 0.039352 0.065104
0 0.229630 0.372005 0.047222 0.053906
0 0.789120 0.101693 0.081944 0.027865
0 0.790972 0.183203 0.049537 0.046094
0 0.413657 0.838151 0.100463 0.022656
0 0.839583 0.252214 0.044907 0.048698
0 0.225000 0.335547 0.093519 0.022656
0 0.936806 0.557943 0.044907 0.045573
0 0.978009 0.821875 0.034722 0.052604
0 0.520602 0.111198 0.073611 0.025521
0 0.885880 0.879167 0.109722 0.016146
0 0.189120 0.112891 0.086574 0.020052
0 0.605787 0.066016 0.114352 0.014844
0 0.061806 0.563151 0.026389 0.061198
0 0.471528 0.386719 0.077315 0.020833
0 0.302546 0.149349 0.100463 0.014844
0 0.471065 0.407161 0.039352 0.035677
0 0.503935 0.132422 0.077315 0.017448
0 0.177546 0.134375 0.035648 0.036979
0 0.302546 0.592057 0.035648 0.035677
0 0.865046 0.123307 0.031019 0.040885
0 0.616898 0.282161 0.071759 0.014844
0 0.647454 0.106380 0.058796 0.017448
0 0.022454 0.558203 0.021759 0.046094
0 0.059491 0.495703 0.021759 0.046094
0 0.073380 0.205339 0.021759 0.043490
0 0.256250 0.581380 0.026389 0.035156
0 0.114583 0.180339 0.020833 0.040365
0 0.216435 0.097266 0.085648 0.009635
0 0.114583 0.671224 0.020833 0.037760
0 0.596528 0.875911 0.077315 0.009635
0 0.483102 0.052995 0.072685 0.009635
0 0.509259 0.163542 0.075926 0.031771
0 0.666435 0.226172 0.081019 0.065885
0 0.976389 0.189453 0.037963 0.057031
0 0.243750 0.205469 0.102315 0.052083
0 0.242361 0.250911 0.057870 0.037240
0 0.315278 0.301172 0.072222 0.041406
0 0.128472 0.247656 0.055093 0.038542
0 0.121528 0.268490 0.049537 0.033854
0 0.410417 0.424479 0.086574 0.039583
0 0.378704 0.483203 0.098148 0.054427
0 0.827778 0.566927 0.079630 0.045312
0 0.161806 0.615104 0.079167 0.045312
0 0.387500 0.664062 0.063889 0.045312
0 0.343287 0.695703 0.052315 0.039323
0 0.570833 0.740885 0.058333 0.038542
0 0.615509 0.804167 0.046759 0.022396
