0 0.545602 0.628516 0.058796 0.103385
0 0.737731 0.840755 0.109722 0.027865
0 0.589583 0.606380 0.044907 0.064323
0 0.288657 0.738932 0.044907 0.063802
0 0.461806 0.727474 0.141204 0.020052
0 0.353472 0.400651 0.100463 0.027865
0 0.375000 0.571224 0.106481 0.025260
0 0.290509 0.572526 0.094907 0.027865
0 0.501157 0.265234 0.034722 0.074740
0 0.598843 0.200130 0.091204 0.027865
0 0.196065 0.360026 0.044907 0.055990
0 0.513194 0.435807 0.040278 0.061719
0 0.351157 0.305599 0.095833 0.025260
0 0.758565 0.345964 0.049537 0.048698
0 0.573380 0.241536 0.049537 0.048177
0 0.281250 0.486589 0.085648 0.027865
0 0.508565 0.745703 0.093981 0.025260
0 0.684491 0.433203 0.049537 0.046094
0 0.156713 0.519141 0.040278 0.056510
0 0.246528 0.227474 0.043981 0.051302
0 0.557176 0.184505 0.128241 0.017448
0 0.686806 0.702474 0.081944 0.027344
0 0.885880 0.283854 0.044907 0.049479
0 0.725694 0.703776 0.048611 0.045573
0 0.406713 0.365495 0.086574 0.025260
0 0.415972 0.502214 0.040278 0.053906
0 0.433333 0.697526 0.047222 0.043490
0 0.609954 0.716797 0.104167 0.019531
0 0.332639 0.267839 0.086574 0.022656
0 0.661343 0.338151 0.040278 0.048698
0 0.665972 0.740495 0.077315 0.025260
0 0.712269 0.433203 0.031019 0.061719
0 0.270139 0.598568 0.109722 0.017448
0 0.367361 0.523047 0.081944 0.022656
0 0.749306 0.170182 0.040278 0.046094
0 0.235417 0.360286 0.040278 0.046094
0 0.054861 0.731380 0.031019 0.059115
0 0.251620 0.175391 0.072685 0.025260
0 0.473380 0.230469 0.043981 0.041667
0 0.575694 0.623307 0.035648 0.051302
0 0.883565 0.751563 0.031019 0.057813
0 0.756250 0.786068 0.035648 0.048698
0 0.348843 0.793880 0.035648 0.048698
0 0.543287 0.905599 0.100463 0.016927
0 0.179861 0.799089 0.031019 0.053906
0 0.809028 0.319271 0.039352 0.042188
0 0.777083 0.521745 0.040278 0.040885
0 0.147454 0.422786 0.040278 0.040885
0 0.605787 0.157161 0.040278 0.040885
0 0.561806 0.834245 0.081944 0.020052
0 0.446065 0.805599 0.035648 0.046094
0 0.270139 0.331641 0.109722 0.014844
0 0.948380 0.691667 0.031019 0.052604
0 0.734954 0.429297 0.030093 0.053906
0 0.689120 0.206380 0.040278 0.040365
0 0.140509 0.552344 0.118981 0.013542
0 0.733102 0.486328 0.026389 0.058594
0 0.596528 0.805599 0.077315 0.020052
0 0.047917 0.663672 0.035648 0.043490
0 0.714583 0.187109 0.035648 0.043490
0 0.338426 0.719661 0.033333 0.046094
0 0.802546 0.434245 0.035648 0.042969
0 0.466898 0.259766 0.040278 0.037760
0 0.314120 0.433854 0.040278 0.036979
0 0.594907 0.753516 0.074074 0.020052
0 0.589583 0.456641 0.035648 0.040885
0 0.170602 0.217057 0.031019 0.046094
0 0.061806 0.223568 0.026389 0.053906
0 0.635880 0.632812 0.035648 0.039062
0 0.904398 0.463151 0.035648 0.038281
0 0.686806 0.868099 0.026389 0.051302
0 0.756250 0.664974 0.026389 0.051302
0 0.302546 0.894141 0.091204 0.014844
0 0.851157 0.387630 0.031019 0.043490
0 0.372454 0.633724 0.090278 0.014844
0 0.388194 0.805339 0.021759 0.061198
0 0.257407 0.868099 0.065741 0.020052
0 0.462269 0.349870 0.086574 0.014844
0 0.760880 0.321224 0.063426 0.020052
0 0.825694 0.605078 0.063426 0.020052
0 0.096528 0.326432 0.031019 0.040885
0 0.117361 0.422786 0.026389 0.046094
0 0.455324 0.769141 0.081944 0.014844
0 0.426389 0.250911 0.033333 0.035677
0 0.351157 0.463151 0.095833 0.012240
0 0.632407 0.335547 0.019444 0.059115
0 0.422917 0.278255 0.026389 0.043490
0 0.531713 0.766536 0.077315 0.014844
0 0.973843 0.338151 0.026389 0.043490
0 0.496991 0.530859 0.026389 0.043490
0 0.448380 0.511979 0.031019 0.036979
0 0.260417 0.742448 0.025463 0.044792
0 0.895139 0.905859 0.063426 0.017448
0 0.781713 0.201172 0.031019 0.035156
0 0.950694 0.150391 0.063426 0.016927
0 0.314815 0.517839 0.032407 0.033073
0 0.101157 0.476172 0.086574 0.012240
0 0.170602 0.356380 0.021759 0.048698
0 0.502778 0.594661 0.028704 0.035677
0 0.089583 0.736589 0.017130 0.059115
0 0.469213 0.515234 0.026389 0.038281
0 0.251620 0.455339 0.026389 0.038281
0 0.193750 0.172786 0.068056 0.014844
0 0.513194 0.810807 0.068056 0.014844
0 0.744676 0.904557 0.068056 0.014844
0 0.707639 0.370703 0.021759 0.046094
0 0.276620 0.612891 0.067130 0.014844
0 0.939120 0.121745 0.058796 0.016927
0 0.751157 0.624609 0.081019 0.012240
0 0.848380 0.882422 0.081019 0.012240
0 0.165509 0.631120 0.020833 0.046094
0 0.196065 0.625521 0.026389 0.036458
0 0.786343 0.916276 0.077315 0.012240
0 0.249306 0.520443 0.021759 0.043490
0 0.469213 0.840755 0.054167 0.017448
0 0.705324 0.510026 0.054167 0.017448
0 0.767824 0.420182 0.031019 0.030469
0 0.109259 0.188151 0.065741 0.014323
0 0.807176 0.365495 0.026389 0.035677
0 0.441435 0.756120 0.063426 0.014844
0 0.242361 0.566016 0.026389 0.035677
0 0.064120 0.546224 0.021759 0.042969
0 0.922917 0.139974 0.054167 0.016927
0 0.616898 0.370703 0.025463 0.035677
0 0.353472 0.418880 0.072685 0.012240
0 0.311806 0.657161 0.017130 0.051302
0 0.453472 0.745703 0.057870 0.014844
0 0.441435 0.546224 0.072685 0.011719
0 0.844213 0.687109 0.017130 0.048698
0 0.881250 0.332943 0.017130 0.048698
0 0.165972 0.856380 0.068056 0.012240
0 0.749306 0.720964 0.068056 0.012240
0 0.418287 0.842448 0.026389 0.031250
0 0.877778 0.412370 0.019444 0.040885
0 0.788657 0.105078 0.017130 0.046094
0 0.307176 0.750911 0.017130 0.046094
0 0.876620 0.832943 0.063426 0.012240
0 0.191435 0.470964 0.063426 0.012240
0 0.883565 0.456641 0.021759 0.035677
0 0.911343 0.308203 0.021759 0.035677
0 0.385880 0.472005 0.081944 0.009115
0 0.628935 0.131120 0.077315 0.009635
0 0.728472 0.197526 0.017130 0.043490
0 0.862731 0.095964 0.026389 0.027865
0 0.274769 0.473568 0.026389 0.027865
0 0.290972 0.536068 0.021759 0.033073
0 0.564120 0.499609 0.021759 0.033073
0 0.420602 0.900651 0.058796 0.012240
0 0.612731 0.636328 0.017130 0.040885
0 0.446065 0.313411 0.072685 0.009635
0 0.603472 0.224609 0.017130 0.040365
0 0.932176 0.623047 0.017130 0.040365
0 0.247685 0.422786 0.046296 0.014844
0 0.355787 0.336849 0.068056 0.009635
0 0.640509 0.642839 0.017130 0.038281
0 0.793287 0.254818 0.017130 0.038281
0 0.203009 0.685807 0.068056 0.009635
0 0.336806 0.256120 0.067130 0.009635
0 0.964583 0.493750 0.017130 0.036979
0 0.714583 0.577474 0.054167 0.011719
0 0.175231 0.489583 0.021759 0.028646
0 0.121991 0.503516 0.017130 0.035677
0 0.473843 0.862891 0.063426 0.009635
0 0.635880 0.690755 0.017130 0.035156
0 0.906713 0.704036 0.021759 0.025260
0 0.758565 0.386068 0.021759 0.024740
0 0.289815 0.369401 0.065741 0.007031
0 0.904398 0.644792 0.017130 0.026562
0 0.473843 0.105078 0.017130 0.025260
0 0.777083 0.452474 0.012500 0.027344
