0 0.670602 0.362891 0.058796 0.108594
0 0.603472 0.357682 0.072685 0.087760
0 0.388194 0.384896 0.077315 0.043750
0 0.328009 0.159766 0.077315 0.072135
0 0.336111 0.344141 0.075000 0.019010
0 0.684491 0.543229 0.049537 0.063021
0 0.792824 0.233724 0.100463 0.030469
0 0.062963 0.757422 0.056481 0.053906
0 0.183333 0.551432 0.056481 0.053385
0 0.367361 0.141536 0.054167 0.051302
0 0.218750 0.265234 0.053241 0.048698
0 0.941435 0.381120 0.035648 0.066927
0 0.647454 0.459245 0.049537 0.046094
0 0.665972 0.330990 0.049537 0.044792
0 0.484954 0.885677 0.048611 0.044792
0 0.355787 0.679948 0.114352 0.018750
0 0.223843 0.400000 0.044907 0.047396
0 0.623843 0.368099 0.030093 0.066927
0 0.141667 0.669531 0.084259 0.023958
0 0.228472 0.539974 0.100463 0.020052
0 0.259722 0.167578 0.079630 0.025260
0 0.648611 0.584245 0.079630 0.025260
0 0.112269 0.490495 0.034722 0.056510
0 0.103472 0.379818 0.044907 0.043490
0 0.758565 0.595703 0.040278 0.048177
0 0.290972 0.638672 0.077315 0.024740
0 0.634722 0.667578 0.033333 0.056510
0 0.529398 0.392188 0.035648 0.052604
0 0.557176 0.161068 0.081944 0.022656
0 0.348843 0.719661 0.035648 0.051302
0 0.499306 0.582292 0.031019 0.057813
0 0.207639 0.146484 0.031019 0.055990
0 0.241898 0.646094 0.034722 0.050000
0 0.258565 0.467057 0.086574 0.020052
0 0.203241 0.674349 0.040741 0.038802
0 0.175231 0.500911 0.040278 0.040885
0 0.045602 0.836849 0.040278 0.040885
0 0.862731 0.495703 0.035648 0.046094
0 0.797917 0.580078 0.017130 0.063802
0 0.834954 0.556641 0.026389 0.058594
0 0.251620 0.343359 0.035648 0.043490
0 0.613889 0.177995 0.075000 0.020052
0 0.766204 0.180599 0.074074 0.020052
0 0.112731 0.858333 0.091204 0.016146
0 0.450694 0.894141 0.072685 0.020052
0 0.054861 0.204036 0.031019 0.046094
0 0.631250 0.426693 0.081944 0.017448
0 0.559491 0.493099 0.095833 0.014844
0 0.818750 0.397396 0.031019 0.044792
0 0.927546 0.358984 0.035648 0.038281
0 0.763194 0.480078 0.068056 0.020052
0 0.689120 0.386328 0.021759 0.061719
0 0.184491 0.762630 0.031019 0.043490
0 0.483796 0.245703 0.064815 0.020052
0 0.795602 0.211849 0.086574 0.014844
0 0.207176 0.878516 0.085648 0.014844
0 0.552546 0.472266 0.035648 0.035677
0 0.862731 0.607682 0.035648 0.035677
0 0.145139 0.774349 0.063426 0.020052
0 0.110417 0.141536 0.031019 0.040885
0 0.328009 0.717057 0.031019 0.040885
0 0.906713 0.404557 0.031019 0.040885
0 0.237269 0.560807 0.062500 0.020052
0 0.242824 0.375911 0.062500 0.020052
0 0.531713 0.573568 0.031019 0.040365
0 0.115741 0.804297 0.032407 0.038281
0 0.478472 0.268880 0.063426 0.019531
0 0.931713 0.490495 0.034722 0.035677
0 0.331019 0.368490 0.080556 0.014063
0 0.427546 0.672786 0.081944 0.014844
0 0.517824 0.549089 0.031019 0.038281
0 0.057176 0.429297 0.035648 0.033073
0 0.554861 0.650651 0.021759 0.053906
0 0.212269 0.843359 0.095833 0.012240
0 0.277083 0.504818 0.095833 0.012240
0 0.781713 0.163672 0.095833 0.012240
0 0.564120 0.356120 0.021759 0.053385
0 0.568750 0.686458 0.021759 0.052604
0 0.104167 0.533464 0.092593 0.012240
0 0.193750 0.724870 0.021759 0.051302
0 0.847222 0.388281 0.032407 0.034375
0 0.304861 0.529557 0.031019 0.035677
0 0.103472 0.782161 0.026389 0.040885
0 0.563657 0.131120 0.030093 0.035677
0 0.909028 0.352214 0.026389 0.040365
0 0.309491 0.400000 0.021759 0.047396
0 0.846528 0.758724 0.105093 0.009635
0 0.554861 0.145182 0.086574 0.011719
0 0.209954 0.366797 0.026389 0.038281
0 0.557176 0.577734 0.026389 0.038281
0 0.244676 0.586849 0.068056 0.014844
0 0.538657 0.116797 0.026389 0.038281
0 0.358102 0.661068 0.081944 0.012240
0 0.910880 0.546484 0.030093 0.033073
0 0.573380 0.656510 0.021759 0.044792
0 0.138194 0.704688 0.021759 0.044792
0 0.568750 0.455339 0.021759 0.043490
0 0.425231 0.334245 0.031019 0.030469
0 0.191435 0.618099 0.063426 0.014844
0 0.654398 0.079036 0.063426 0.014844
0 0.571065 0.412109 0.026389 0.035156
0 0.152083 0.147396 0.021759 0.042188
0 0.218750 0.605078 0.025463 0.035677
0 0.657870 0.745703 0.061111 0.014844
0 0.376620 0.640885 0.026389 0.034375
0 0.038657 0.814714 0.072685 0.012240
0 0.593750 0.733984 0.071759 0.012240
0 0.340741 0.493099 0.028704 0.030469
0 0.216435 0.435807 0.057870 0.014844
0 0.142361 0.625911 0.057870 0.014844
0 0.249306 0.308854 0.021759 0.036979
0 0.205324 0.797786 0.054167 0.014844
0 0.316435 0.766536 0.026389 0.030469
0 0.321065 0.620703 0.026389 0.030469
0 0.836111 0.407161 0.019444 0.040885
0 0.741898 0.296484 0.016204 0.048698
0 0.668287 0.188151 0.026389 0.029948
0 0.417824 0.110286 0.053241 0.014844
0 0.443287 0.192969 0.057870 0.013542
0 0.795602 0.696224 0.021759 0.035677
0 0.929861 0.610286 0.021759 0.035677
0 0.404398 0.768880 0.054167 0.014323
0 0.258565 0.084245 0.077315 0.009635
0 0.311806 0.181901 0.017130 0.043490
0 0.640509 0.142578 0.063426 0.011719
0 0.443750 0.503516 0.049537 0.014844
0 0.749306 0.200130 0.058796 0.012240
0 0.096065 0.666927 0.020833 0.034375
0 0.601157 0.203776 0.077315 0.009115
0 0.487731 0.151953 0.017130 0.040885
0 0.371991 0.875911 0.017130 0.040885
0 0.907870 0.390234 0.024074 0.027865
0 0.686343 0.451432 0.016204 0.040885
0 0.376620 0.164714 0.072685 0.009115
0 0.288657 0.202734 0.054167 0.012240
0 0.149769 0.608984 0.017130 0.038281
0 0.163657 0.369401 0.017130 0.038281
0 0.487731 0.116797 0.017130 0.038281
0 0.742361 0.337891 0.017130 0.037760
0 0.598843 0.364453 0.017130 0.037760
0 0.459954 0.410417 0.017130 0.036979
0 0.376620 0.853516 0.054167 0.011719
0 0.323380 0.112630 0.068056 0.009115
0 0.145139 0.763932 0.063426 0.009635
0 0.580324 0.620703 0.017130 0.035677
0 0.876620 0.576432 0.063426 0.009635
0 0.476157 0.478776 0.021759 0.027865
0 0.806713 0.188411 0.062500 0.009635
0 0.225694 0.744401 0.048611 0.012240
0 0.305556 0.454036 0.060185 0.009635
0 0.276620 0.779557 0.057870 0.009635
0 0.396991 0.823828 0.057870 0.009635
0 0.682176 0.291276 0.044907 0.012240
0 0.515509 0.425391 0.017130 0.030469
0 0.376620 0.184505 0.017130 0.027865
0 0.395139 0.275391 0.017130 0.027344
0 0.693287 0.118099 0.020833 0.020052
0 0.640509 0.260026 0.054167 0.007031
0 0.457639 0.108724 0.012500 0.027344
0 0.706481 0.611328 0.010185 0.032552
0 0.955324 0.332943 0.017130 0.016406
0 0.100463 0.100130 0.061111 0.033073
0 0.140972 0.098177 0.042130 0.038021
0 0.159028 0.105208 0.065278 0.034896
0 0.191898 0.094271 0.045833 0.031771
0 0.066898 0.160547 0.041204 0.019531
0 0.110880 0.177734 0.082870 0.029427
0 0.271296 0.102214 0.050000 0.035156
0 0.355556 0.095052 0.054630 0.025521
0 0.395370 0.086849 0.045370 0.033594
0 0.441204 0.130078 0.041667 0.021094
0 0.437500 0.165495 0.066667 0.030469
0 0.426620 0.184896 0.075463 0.018229
0 0.413889 0.215625 0.056481 0.049479
0 0.503472 0.205599 0.065278 0.029427
0 0.536574 0.182292 0.069444 0.027604
0 0.309491 0.293750 0.043981 0.031771
0 0.425694 0.309766 0.083796 0.037240
0 0.294907 0.326693 0.045370 0.041406
0 0.188426 0.338411 0.033333 0.033594
0 0.076389 0.556250 0.032407 0.030729
0 0.204398 0.484245 0.047685 0.037240
0 0.329167 0.467318 0.030556 0.032552
0 0.345370 0.464583 0.024074 0.034375
0 0.370370 0.462500 0.051852 0.035937
0 0.392593 0.467969 0.061111 0.032292
0 0.436574 0.455078 0.083333 0.012760
0 0.497917 0.441276 0.045833 0.032552
0 0.478935 0.444271 0.029167 0.030208
0 0.444676 0.427474 0.062500 0.020573
0 0.445602 0.388542 0.086574 0.031250
0 0.495370 0.395182 0.061111 0.038281
0 0.438657 0.367708 0.059722 0.017188
0 0.401852 0.352865 0.080556 0.019792
0 0.339120 0.411328 0.056019 0.022656
0 0.331481 0.433073 0.053704 0.026042
0 0.347222 0.431380 0.068519 0.032031
0 0.092130 0.615495 0.055556 0.034115
0 0.070602 0.618490 0.037500 0.043229
0 0.040509 0.653906 0.043981 0.039062
0 0.063194 0.655859 0.056944 0.049219
0 0.035417 0.663411 0.018981 0.045573
0 0.142361 0.735547 0.066204 0.016406
0 0.173843 0.797005 0.070833 0.051302
0 0.283796 0.797526 0.089815 0.015885
0 0.669676 0.224349 0.087500 0.044531
0 0.732870 0.220703 0.077778 0.042969
0 0.652315 0.118359 0.064815 0.033594
0 0.681713 0.122266 0.059722 0.027344
0 0.738889 0.118099 0.043519 0.035156
0 0.807639 0.138802 0.064352 0.041667
0 0.772454 0.126042 0.043981 0.024479
0 0.617130 0.120964 0.061111 0.030990
0 0.796528 0.080729 0.073611 0.031250
0 0.857176 0.086589 0.042130 0.039844
0 0.798380 0.254167 0.058796 0.031250
0 0.835417 0.339453 0.071759 0.025260
0 0.168750 0.146094 0.046759 0.042708
0 0.264583 0.121745 0.056944 0.033073
0 0.901852 0.175130 0.037963 0.038281
0 0.831944 0.124349 0.048148 0.024219
0 0.860648 0.130078 0.051852 0.022656
0 0.885417 0.314844 0.093981 0.016667
0 0.831250 0.309375 0.021759 0.041667
0 0.865509 0.280469 0.046759 0.039062
0 0.913657 0.273828 0.056019 0.038802
0 0.838194 0.352865 0.078241 0.033854
0 0.772454 0.431250 0.086574 0.043229
0 0.893056 0.515365 0.049074 0.033854
0 0.834722 0.517708 0.076852 0.028125
0 0.750694 0.498047 0.078241 0.014844
0 0.807639 0.493620 0.067130 0.023698
0 0.684259 0.493620 0.044444 0.043490
0 0.716898 0.506510 0.094907 0.009896
0 0.717593 0.542708 0.044444 0.060937
0 0.751852 0.547396 0.020370 0.044271
0 0.799769 0.599219 0.018056 0.036979
0 0.816898 0.629687 0.089352 0.016667
0 0.819444 0.660937 0.075926 0.034896
0 0.887269 0.661979 0.031019 0.028125
0 0.809491 0.694531 0.153241 0.046354
0 0.753935 0.636849 0.049537 0.024219
0 0.819676 0.640755 0.122685 0.022656
0 0.722917 0.613281 0.065278 0.022917
0 0.597222 0.601042 0.045370 0.013542
0 0.594213 0.602083 0.059722 0.031771
0 0.527315 0.518880 0.038889 0.049740
0 0.559954 0.525391 0.035648 0.042969
0 0.596296 0.512240 0.054630 0.026042
0 0.622222 0.461589 0.073148 0.046615
0 0.468750 0.746875 0.068981 0.026042
0 0.901157 0.200521 0.083796 0.031771
0 0.921991 0.234505 0.065278 0.029427
0 0.869444 0.235677 0.043519 0.036458
0 0.720139 0.765104 0.055093 0.035937
0 0.214583 0.684245 0.026389 0.041927
0 0.287963 0.669141 0.041667 0.028906
0 0.249769 0.701302 0.050463 0.027083
0 0.457407 0.630469 0.042593 0.045312
0 0.304630 0.597135 0.074074 0.056771
0 0.433796 0.560807 0.052778 0.045052
0 0.440046 0.571224 0.026389 0.030469
0 0.412500 0.536849 0.035185 0.034635
0 0.422454 0.523698 0.063426 0.026042
0 0.221528 0.441536 0.049537 0.039323
0 0.128241 0.405208 0.069444 0.030208
0 0.880093 0.403776 0.040741 0.073177
0 0.405093 0.485677 0.065741 0.031250
0 0.428472 0.494922 0.069907 0.028906
0 0.537731 0.432552 0.046759 0.034375
