0 0.728472 0.625911 0.081944 0.098177
0 0.677546 0.871745 0.100463 0.032552
0 0.691435 0.764974 0.044907 0.042969
0 0.418287 0.632422 0.072685 0.022656
0 0.621991 0.637630 0.072685 0.022656
0 0.064120 0.559505 0.086574 0.017448
0 0.527083 0.313021 0.071759 0.024479
0 0.614815 0.313672 0.069444 0.020573
0 0.628009 0.278385 0.032870 0.032292
0 0.666204 0.264583 0.064815 0.041667
0 0.490741 0.225651 0.093519 0.009115
0 0.908333 0.202604 0.064815 0.030208
0 0.898611 0.179557 0.081481 0.040365
0 0.911111 0.150781 0.054630 0.016667
0 0.903704 0.134375 0.060185 0.024479
0 0.853241 0.124609 0.075926 0.025781
0 0.844907 0.094401 0.031481 0.032552
0 0.734028 0.085938 0.097685 0.018229
0 0.444907 0.118229 0.031481 0.039062
0 0.474306 0.090755 0.044907 0.037240
0 0.398148 0.063542 0.047222 0.023958
0 0.331481 0.067448 0.044444 0.018750
0 0.337500 0.090365 0.100000 0.021875
0 0.270139 0.078776 0.030093 0.030469
0 0.215509 0.080208 0.035648 0.024479
0 0.159259 0.073958 0.050926 0.033333
0 0.124074 0.071615 0.075000 0.020833
0 0.117593 0.097656 0.100926 0.028125
0 0.187037 0.106641 0.055556 0.024219
0 0.273843 0.125651 0.051389 0.027865
0 0.351620 0.156641 0.030093 0.047135
0 0.378704 0.153516 0.045370 0.042448
0 0.459028 0.139193 0.037500 0.038281
0 0.521296 0.134375 0.034259 0.024479
0 0.561343 0.117318 0.048611 0.044531
0 0.521991 0.093750 0.030093 0.024479
0 0.557176 0.081250 0.029167 0.018229
0 0.615046 0.089193 0.066204 0.036198
0 0.632176 0.110937 0.060648 0.023438
0 0.674537 0.097917 0.053704 0.045833
0 0.690741 0.140625 0.063889 0.014063
0 0.655093 0.152083 0.064815 0.016146
0 0.713194 0.160677 0.061574 0.021354
0 0.586806 0.170833 0.115278 0.012500
0 0.330324 0.799609 0.109722 0.020052
0 0.389120 0.797266 0.081944 0.027344
0 0.476389 0.761849 0.060185 0.039844
0 0.366667 0.742969 0.065741 0.027604
0 0.220139 0.748177 0.037500 0.035417
0 0.271991 0.754297 0.075463 0.021094
0 0.270370 0.767839 0.058333 0.016406
0 0.153472 0.772396 0.089352 0.036979
0 0.107870 0.721875 0.047222 0.042708
0 0.105556 0.686979 0.020370 0.041146
0 0.071065 0.675781 0.042130 0.043229
0 0.125463 0.634505 0.114815 0.053385
0 0.146759 0.635807 0.000926 0.025260
0 0.077778 0.273047 0.134259 0.033073
0 0.196759 0.258203 0.072222 0.032552
0 0.235880 0.271224 0.042130 0.055990
0 0.294676 0.261068 0.037500 0.045573
0 0.315046 0.263151 0.043981 0.036198
0 0.359491 0.255339 0.063426 0.035677
0 0.329630 0.305208 0.035185 0.017188
0 0.311574 0.314063 0.060185 0.032292
0 0.155093 0.334375 0.045370 0.026042
0 0.199306 0.316927 0.083796 0.016667
0 0.122917 0.321354 0.037500 0.057292
0 0.110648 0.362630 0.050926 0.047135
0 0.117361 0.401693 0.043981 0.041406
0 0.236343 0.384245 0.079167 0.021615
0 0.262963 0.372526 0.052778 0.032552
0 0.311574 0.379427 0.044444 0.046354
0 0.439815 0.342318 0.092593 0.064844
0 0.382176 0.318229 0.052315 0.031771
0 0.454861 0.291797 0.053241 0.027344
0 0.446991 0.274349 0.068981 0.033073
0 0.519907 0.262891 0.058333 0.015365
0 0.440278 0.241146 0.104630 0.014583
0 0.389583 0.212760 0.064352 0.023958
0 0.408565 0.202344 0.028241 0.037500
0 0.446528 0.191276 0.029167 0.033073
0 0.473611 0.194661 0.018519 0.032552
0 0.487269 0.179167 0.022685 0.035417
0 0.506944 0.175911 0.025926 0.038281
0 0.262963 0.150260 0.045370 0.016146
0 0.307639 0.174740 0.079167 0.018750
0 0.053241 0.198698 0.068519 0.023438
0 0.030556 0.152344 0.060185 0.013542
0 0.168287 0.212891 0.084722 0.014844
0 0.231250 0.222656 0.051389 0.021875
0 0.273843 0.204036 0.060648 0.019531
0 0.344213 0.195703 0.076389 0.024740
0 0.312500 0.215104 0.054630 0.024479
0 0.104630 0.237891 0.037963 0.041406
0 0.076389 0.237240 0.028704 0.050521
0 0.055556 0.245312 0.032407 0.050000
0 0.026620 0.243750 0.032870 0.045833
0 0.521528 0.884115 0.039352 0.041667
0 0.533565 0.872266 0.056944 0.036719
0 0.577778 0.878776 0.025926 0.042448
0 0.556250 0.821875 0.043056 0.032292
0 0.624537 0.829167 0.040741 0.047396
0 0.455093 0.855208 0.046296 0.033333
0 0.446528 0.890755 0.060648 0.025260
0 0.367824 0.870964 0.102315 0.025260
0 0.063194 0.797526 0.054167 0.025260
0 0.057870 0.767578 0.034259 0.034115
0 0.071759 0.821354 0.094444 0.016146
0 0.163194 0.849870 0.045833 0.047656
0 0.112963 0.873568 0.087037 0.016406
0 0.132407 0.889453 0.057407 0.029427
0 0.203704 0.871875 0.108333 0.054167
0 0.283102 0.670312 0.075463 0.020313
0 0.354167 0.676302 0.048148 0.028646
0 0.365972 0.681250 0.062500 0.027604
0 0.461806 0.693490 0.056019 0.020833
0 0.520370 0.670573 0.046296 0.035937
0 0.529630 0.735547 0.092593 0.024740
0 0.534259 0.748698 0.040741 0.044792
0 0.616898 0.748047 0.054167 0.022135
0 0.615972 0.762500 0.038426 0.021354
0 0.635880 0.775911 0.058796 0.037760
0 0.577083 0.786198 0.073611 0.020313
0 0.726157 0.779036 0.092130 0.029948
0 0.769444 0.756120 0.070370 0.020052
0 0.819213 0.717839 0.048611 0.054948
0 0.866667 0.721094 0.073148 0.020313
0 0.892130 0.730078 0.073148 0.030469
0 0.709954 0.805859 0.079167 0.015365
0 0.697917 0.821224 0.101389 0.027344
0 0.764120 0.814193 0.093056 0.025781
0 0.804167 0.863281 0.075926 0.024479
0 0.816898 0.845313 0.059722 0.029687
0 0.867130 0.896224 0.074074 0.018490
0 0.800926 0.889062 0.066667 0.032813
0 0.836111 0.878125 0.062963 0.032292
0 0.908796 0.872005 0.087037 0.020052
0 0.947454 0.699740 0.038426 0.053125
0 0.898843 0.680208 0.091204 0.041667
0 0.870370 0.671224 0.062037 0.022656
0 0.911343 0.649740 0.059722 0.016667
0 0.902546 0.646354 0.027315 0.008854
0 0.615278 0.611719 0.092593 0.010937
0 0.641667 0.602474 0.087963 0.017969
0 0.675000 0.582422 0.041667 0.035156
0 0.659954 0.554948 0.035648 0.050521
0 0.563889 0.531250 0.074074 0.039062
0 0.515278 0.605859 0.074074 0.027865
0 0.466898 0.590625 0.067130 0.022396
0 0.440972 0.610026 0.079167 0.015365
0 0.335417 0.623958 0.053241 0.019792
0 0.299769 0.566276 0.038426 0.033073
0 0.355556 0.555208 0.064815 0.017188
0 0.400231 0.554036 0.060648 0.020052
0 0.429630 0.532161 0.050000 0.036719
0 0.394676 0.512370 0.048611 0.042448
0 0.339583 0.482422 0.057870 0.017969
0 0.413657 0.480859 0.055093 0.029948
0 0.434259 0.491276 0.024074 0.027344
0 0.506250 0.537240 0.046759 0.027083
0 0.537963 0.534245 0.055556 0.014323
0 0.501620 0.510156 0.058796 0.029167
0 0.518750 0.505469 0.060648 0.039583
0 0.555324 0.508854 0.044907 0.016146
0 0.529167 0.472526 0.054630 0.034115
0 0.546991 0.459115 0.047685 0.044792
0 0.436343 0.446745 0.052315 0.031510
0 0.164352 0.492448 0.109259 0.021875
0 0.228241 0.482682 0.075000 0.010156
0 0.241435 0.453776 0.070833 0.020573
0 0.299306 0.429818 0.062500 0.024219
0 0.222685 0.585417 0.034259 0.045312
0 0.158796 0.603516 0.037037 0.033594
0 0.112963 0.598958 0.054630 0.026562
0 0.058333 0.627344 0.039815 0.022917
0 0.040741 0.593620 0.038889 0.040365
0 0.118287 0.523177 0.059722 0.033333
0 0.045602 0.458854 0.029167 0.025000
0 0.085185 0.468099 0.013889 0.039323
0 0.123380 0.466016 0.075463 0.011719
0 0.164583 0.454427 0.034722 0.035937
0 0.163657 0.418750 0.032870 0.050000
0 0.234954 0.430990 0.096759 0.032813
0 0.536111 0.383203 0.090741 0.033073
0 0.542593 0.359245 0.093519 0.030990
0 0.456019 0.380339 0.058333 0.037760
0 0.394444 0.370964 0.043519 0.032031
0 0.054630 0.378906 0.050926 0.050000
0 0.954167 0.811589 0.055556 0.027344
0 0.953935 0.794271 0.056944 0.030208
0 0.963889 0.770182 0.041667 0.053906
0 0.966204 0.828516 0.055556 0.020052
