0 0.415046 0.102995 0.081019 0.052865
0 0.959491 0.650000 0.062500 0.104688
0 0.071065 0.366667 0.054167 0.038021
0 0.814120 0.067318 0.160648 0.027865
0 0.899769 0.806641 0.137500 0.032552
0 0.751620 0.614193 0.063426 0.064323
0 0.822917 0.304297 0.122685 0.033073
0 0.161343 0.810807 0.132870 0.030469
0 0.598843 0.576172 0.118981 0.029948
0 0.275463 0.065495 0.074074 0.019010
0 0.108102 0.636068 0.044907 0.066406
0 0.641667 0.085547 0.047222 0.059115
0 0.510880 0.075521 0.073611 0.010937
0 0.892824 0.366797 0.114352 0.022656
0 0.739583 0.205339 0.039352 0.059115
0 0.777083 0.378906 0.049537 0.046875
0 0.545602 0.232031 0.095833 0.023958
0 0.105787 0.761328 0.049537 0.046094
0 0.733102 0.574870 0.128241 0.016927
0 0.324537 0.076953 0.072222 0.015365
0 0.091898 0.813411 0.040278 0.051302
0 0.820602 0.319922 0.118056 0.017448
0 0.709954 0.318359 0.044907 0.045573
0 0.080324 0.627214 0.026389 0.069531
0 0.198380 0.502214 0.031019 0.053906
0 0.777083 0.431250 0.077315 0.021354
0 0.918287 0.323828 0.026389 0.061719
0 0.809491 0.483073 0.031019 0.052083
0 0.867361 0.137630 0.035648 0.043490
0 0.767824 0.120964 0.081944 0.055990
0 0.263194 0.150391 0.040278 0.037760
0 0.794444 0.444922 0.065741 0.022656
0 0.978472 0.776953 0.026389 0.046094
0 0.892824 0.262630 0.021759 0.053906
0 0.976157 0.576432 0.031019 0.035677
0 0.545139 0.086849 0.067130 0.014844
0 0.897454 0.312109 0.021759 0.043490
0 0.152083 0.150651 0.068056 0.012240
0 0.138194 0.098307 0.021759 0.037760
0 0.866435 0.110807 0.102315 0.056510
0 0.495602 0.176823 0.043981 0.040625
0 0.791898 0.248438 0.060648 0.021875
0 0.718519 0.251953 0.043519 0.039323
0 0.946991 0.265234 0.076389 0.038281
0 0.328009 0.346745 0.057870 0.048177
0 0.179398 0.320703 0.145833 0.075260
0 0.140046 0.368750 0.084722 0.033333
0 0.076157 0.411849 0.029167 0.077344
0 0.054398 0.410677 0.027315 0.015104
0 0.781713 0.418620 0.042130 0.026302
0 0.815509 0.534766 0.081944 0.061719
0 0.542593 0.488411 0.078704 0.054427
0 0.680324 0.533854 0.092130 0.038021
0 0.710648 0.550781 0.076852 0.038542
0 0.835185 0.582682 0.070370 0.026302
0 0.906481 0.599219 0.080556 0.055729
0 0.874074 0.652865 0.071296 0.057813
0 0.810185 0.698047 0.038889 0.044010
0 0.904861 0.759896 0.094907 0.053125
0 0.291667 0.780078 0.088889 0.027865
