0 0.464583 0.133724 0.137500 0.046094
0 0.040509 0.766536 0.067130 0.087760
0 0.535185 0.222266 0.139815 0.035677
0 0.792130 0.280859 0.061111 0.079948
0 0.934028 0.279557 0.048611 0.082552
0 0.389352 0.891536 0.107407 0.035677
0 0.700231 0.423828 0.053241 0.069010
0 0.902083 0.185156 0.151389 0.023958
0 0.734722 0.770703 0.069444 0.017969
0 0.843056 0.823828 0.061111 0.056510
0 0.564120 0.869141 0.123611 0.027344
0 0.343519 0.779818 0.046296 0.071615
0 0.700694 0.868750 0.100463 0.031771
0 0.823380 0.176693 0.095833 0.033073
0 0.439120 0.805599 0.123611 0.025260
0 0.746528 0.872005 0.043981 0.069531
0 0.121991 0.454036 0.054167 0.056510
0 0.027083 0.659766 0.049537 0.056510
0 0.235417 0.415625 0.095833 0.026562
0 0.707639 0.616146 0.095833 0.026562
0 0.830324 0.642839 0.044907 0.053906
0 0.258565 0.481380 0.086574 0.027865
0 0.800231 0.770443 0.049537 0.048698
0 0.660880 0.747005 0.085648 0.027865
0 0.346065 0.439453 0.048611 0.048177
0 0.649769 0.115495 0.091204 0.025260
0 0.351157 0.641536 0.049537 0.046094
0 0.373843 0.130859 0.039352 0.055990
0 0.677546 0.375911 0.081944 0.025260
0 0.436806 0.620703 0.100463 0.020052
0 0.207639 0.433203 0.077315 0.025260
0 0.642824 0.334245 0.077315 0.025260
0 0.825694 0.889323 0.035648 0.054688
0 0.513194 0.251953 0.040278 0.048177
0 0.240046 0.441016 0.095833 0.020052
0 0.490046 0.318620 0.095833 0.020052
0 0.480787 0.889974 0.086574 0.022135
0 0.913657 0.892578 0.035648 0.053385
0 0.278241 0.192318 0.107407 0.017448
0 0.429861 0.424740 0.077315 0.023958
0 0.078009 0.429297 0.031019 0.059115
0 0.455324 0.248307 0.091204 0.020052
0 0.760880 0.829036 0.035648 0.051302
0 0.777083 0.269141 0.031019 0.056510
0 0.429861 0.773047 0.040278 0.043490
0 0.744676 0.650651 0.077315 0.022656
0 0.212269 0.516536 0.086574 0.020052
0 0.490046 0.603516 0.077315 0.022135
0 0.834491 0.286068 0.034722 0.048698
0 0.924769 0.746745 0.039352 0.042969
0 0.202546 0.219661 0.113426 0.014844
0 0.495833 0.380469 0.042593 0.039583
0 0.216898 0.142839 0.095833 0.017448
0 0.253935 0.767839 0.031019 0.053906
0 0.536343 0.185807 0.040278 0.040885
0 0.640509 0.106380 0.072685 0.022656
0 0.031713 0.792578 0.040278 0.040885
0 0.258102 0.825130 0.030093 0.053906
0 0.573380 0.597005 0.031019 0.050781
0 0.285185 0.339453 0.037963 0.040885
0 0.642361 0.576432 0.104167 0.014844
0 0.786343 0.593359 0.040278 0.038281
0 0.795602 0.093099 0.040278 0.037760
0 0.365046 0.478776 0.086574 0.017448
0 0.253935 0.864193 0.031019 0.048698
0 0.323380 0.228125 0.031019 0.047396
0 0.216898 0.774349 0.031019 0.046094
0 0.888194 0.498307 0.095833 0.014844
0 0.126157 0.784766 0.034722 0.040885
0 0.390509 0.357031 0.035648 0.039583
0 0.826852 0.608073 0.037963 0.036458
0 0.321065 0.343359 0.035648 0.038281
0 0.642824 0.672786 0.068056 0.020052
0 0.091898 0.801693 0.031019 0.043490
0 0.304861 0.286068 0.077315 0.017448
0 0.152083 0.333333 0.021759 0.059896
0 0.395139 0.735286 0.063426 0.020052
0 0.483102 0.404557 0.063426 0.020052
0 0.288657 0.487891 0.063426 0.020052
0 0.409028 0.554297 0.072685 0.017448
0 0.388194 0.223958 0.095833 0.013021
0 0.059491 0.579036 0.021759 0.056510
0 0.716435 0.204036 0.030093 0.040885
0 0.117361 0.506120 0.081944 0.014844
0 0.921296 0.665625 0.032407 0.036979
0 0.915972 0.213151 0.068056 0.017448
0 0.915972 0.717057 0.058796 0.020052
0 0.881250 0.551693 0.035648 0.033073
0 0.443287 0.207943 0.030093 0.038281
0 0.328009 0.376563 0.021759 0.052604
0 0.897454 0.472917 0.031019 0.036979
0 0.223843 0.108724 0.026389 0.042969
0 0.589583 0.124870 0.026389 0.042969
0 0.550231 0.284766 0.021759 0.051302
0 0.865046 0.615495 0.021759 0.051302
0 0.355787 0.792578 0.021759 0.051302
0 0.869676 0.125911 0.031019 0.035677
0 0.170602 0.159766 0.031019 0.035677
0 0.015509 0.449219 0.026389 0.041667
0 0.656713 0.280208 0.068056 0.016146
0 0.924074 0.257422 0.028704 0.038281
0 0.204861 0.205339 0.062500 0.017448
0 0.179398 0.370703 0.030093 0.035677
0 0.443750 0.718359 0.086574 0.012240
0 0.513194 0.520443 0.031019 0.033073
0 0.721528 0.681901 0.031019 0.033073
0 0.549074 0.521745 0.028704 0.035677
0 0.075694 0.648047 0.026389 0.038281
0 0.520139 0.546484 0.026389 0.038281
0 0.223843 0.460547 0.081944 0.012240
0 0.332639 0.722266 0.021759 0.046094
0 0.434028 0.266536 0.067130 0.014844
0 0.378935 0.207682 0.058796 0.016927
0 0.193750 0.739193 0.077315 0.012240
0 0.716898 0.883724 0.031019 0.030469
0 0.830324 0.788672 0.054167 0.017448
0 0.395139 0.542578 0.063426 0.014844
0 0.494213 0.444922 0.076389 0.012240
0 0.170602 0.110026 0.031019 0.029948
0 0.448380 0.758464 0.031019 0.029948
0 0.853009 0.101172 0.053241 0.017448
0 0.943287 0.305599 0.030093 0.030469
0 0.165972 0.477474 0.021759 0.040885
0 0.397454 0.443620 0.021759 0.040885
0 0.440278 0.173828 0.051852 0.016927
0 0.515509 0.655859 0.026389 0.033073
0 0.494676 0.271745 0.058796 0.014844
0 0.883565 0.619792 0.021759 0.039062
0 0.199537 0.865234 0.024074 0.035156
0 0.869676 0.202734 0.021759 0.038281
0 0.841898 0.463151 0.021759 0.038281
0 0.119676 0.822526 0.068056 0.012240
0 0.948380 0.619401 0.021759 0.038281
0 0.628935 0.603776 0.068056 0.012240
0 0.795602 0.632161 0.021759 0.037760
0 0.603472 0.365495 0.054167 0.014844
0 0.471528 0.992448 0.058796 0.013542
0 0.360417 0.334245 0.021759 0.035677
0 0.362731 0.201172 0.054167 0.014323
0 0.613194 0.533464 0.062500 0.012240
0 0.696065 0.554948 0.054167 0.013542
0 0.374306 0.447526 0.021759 0.033073
0 0.346065 0.499609 0.057870 0.012240
0 0.344213 0.365495 0.017130 0.040885
0 0.561343 0.777995 0.016204 0.042969
0 0.788657 0.518490 0.017130 0.039583
0 0.086806 0.113542 0.020833 0.031771
0 0.584954 0.507422 0.017130 0.038281
0 0.367361 0.606380 0.017130 0.038281
0 0.735417 0.487630 0.021759 0.029948
0 0.346065 0.696615 0.020833 0.031250
0 0.895139 0.785807 0.017130 0.037760
0 0.406250 0.347266 0.020833 0.030469
0 0.837269 0.763281 0.021759 0.029167
0 0.284028 0.590365 0.017130 0.036458
0 0.263194 0.271484 0.068056 0.009115
0 0.837269 0.411068 0.021759 0.027865
0 0.605787 0.342057 0.058796 0.009635
0 0.344213 0.515234 0.044907 0.012240
0 0.278935 0.745703 0.016204 0.030469
0 0.309491 0.144141 0.049537 0.009635
0 0.258565 0.724870 0.021759 0.020052
0 0.554861 0.095964 0.058796 0.007031
0 0.376620 0.495443 0.044907 0.009115
0 0.618519 0.654297 0.037963 0.009115
0 0.554398 0.552995 0.030093 0.009635
0 0.065278 0.004818 0.026852 0.007031
0 0.845602 0.752995 0.074537 0.022656
0 0.639815 0.717318 0.078704 0.026823
0 0.677315 0.696875 0.039815 0.030729
0 0.773380 0.547005 0.054167 0.035677
0 0.760648 0.518620 0.050000 0.025260
0 0.775231 0.475130 0.056019 0.045052
0 0.724537 0.441797 0.017593 0.037240
0 0.889120 0.410938 0.023611 0.036458
0 0.899769 0.412760 0.044907 0.034896
0 0.501389 0.722135 0.062963 0.038021
0 0.519907 0.755078 0.095370 0.050781
0 0.168750 0.801302 0.038426 0.054688
0 0.194444 0.774349 0.047222 0.030469
0 0.200000 0.842969 0.041667 0.034375
0 0.094213 0.872135 0.052315 0.044792
0 0.087500 0.863151 0.021296 0.051823
0 0.129398 0.840495 0.041204 0.035156
0 0.179398 0.881771 0.052315 0.040104
0 0.185880 0.869010 0.048611 0.033854
0 0.319676 0.888151 0.062500 0.058594
0 0.367824 0.842187 0.026389 0.046354
0 0.404398 0.858464 0.059722 0.032031
0 0.405787 0.828516 0.072685 0.026302
0 0.568519 0.823177 0.033333 0.027604
0 0.600694 0.823307 0.042130 0.035156
0 0.678009 0.811979 0.059722 0.032813
0 0.665509 0.851562 0.040278 0.039583
0 0.774306 0.810937 0.075463 0.023958
0 0.774769 0.776693 0.035648 0.041927
0 0.744907 0.748307 0.050000 0.018490
0 0.718750 0.774219 0.019907 0.042708
0 0.669676 0.778646 0.076389 0.023438
0 0.117361 0.707682 0.064352 0.047656
0 0.125926 0.662630 0.058333 0.038281
0 0.195370 0.628125 0.067593 0.032813
0 0.183565 0.655469 0.046759 0.037500
0 0.201852 0.666406 0.067593 0.029167
0 0.219213 0.691927 0.049537 0.034375
0 0.280556 0.669792 0.078704 0.023958
0 0.286574 0.641797 0.075926 0.060156
0 0.276157 0.644792 0.056944 0.027604
0 0.269444 0.704427 0.056481 0.058854
0 0.451157 0.669271 0.118981 0.039583
0 0.567824 0.653255 0.053241 0.042969
0 0.635880 0.627604 0.049537 0.018229
0 0.667593 0.623307 0.104630 0.020052
0 0.936806 0.644271 0.058796 0.011979
0 0.242130 0.307552 0.062963 0.027604
0 0.243287 0.314063 0.034722 0.032813
0 0.400926 0.286068 0.044444 0.035156
0 0.447685 0.283464 0.033333 0.028385
0 0.604167 0.294661 0.040741 0.019531
0 0.569444 0.325260 0.033333 0.036979
0 0.669444 0.313281 0.061111 0.044271
0 0.654167 0.212891 0.035185 0.046615
0 0.680324 0.168750 0.094907 0.032813
0 0.771991 0.153646 0.054167 0.027083
0 0.275463 0.106641 0.085185 0.035156
0 0.157407 0.220182 0.089815 0.041927
0 0.071528 0.124609 0.066204 0.027344
0 0.142130 0.109375 0.049074 0.025000
0 0.126157 0.135807 0.026389 0.047135
0 0.079861 0.187500 0.017130 0.034375
0 0.405324 0.572526 0.069907 0.031510
0 0.415972 0.591927 0.072685 0.042188
0 0.448843 0.638672 0.050463 0.010156
0 0.479167 0.639974 0.041667 0.020573
0 0.503704 0.664323 0.034259 0.039583
0 0.437500 0.534505 0.064815 0.024219
0 0.462963 0.507682 0.046296 0.045052
0 0.488657 0.516406 0.085648 0.041667
0 0.382870 0.520964 0.090741 0.043490
0 0.352546 0.532552 0.063426 0.022396
0 0.298380 0.508464 0.057870 0.026302
0 0.425926 0.483464 0.052778 0.038281
0 0.513426 0.472656 0.049074 0.022396
0 0.560417 0.435807 0.079167 0.054427
0 0.541204 0.478255 0.050926 0.041406
0 0.612269 0.468099 0.076389 0.013802
0 0.653704 0.463932 0.040741 0.040885
0 0.671759 0.497396 0.059259 0.036458
0 0.695139 0.488542 0.036574 0.042188
0 0.563657 0.374609 0.060648 0.023177
0 0.549306 0.368359 0.020833 0.045052
0 0.560185 0.360286 0.025000 0.038802
0 0.829861 0.241536 0.063426 0.029427
0 0.879630 0.259245 0.064815 0.018490
0 0.534954 0.147656 0.031944 0.032813
0 0.519213 0.111328 0.046759 0.029948
0 0.808102 0.147135 0.060648 0.037500
0 0.903472 0.123958 0.052315 0.046354
0 0.904167 0.144010 0.044444 0.025000
0 0.044907 0.376823 0.044444 0.035417
0 0.232870 0.373437 0.044444 0.044792
0 0.187269 0.405990 0.069907 0.033333
0 0.163889 0.399089 0.061111 0.028906
0 0.050000 0.468099 0.052778 0.047135
0 0.054861 0.484505 0.068056 0.035156
0 0.155324 0.524089 0.040278 0.033073
0 0.123380 0.532813 0.083796 0.026562
0 0.070602 0.519141 0.069907 0.022135
0 0.396528 0.701953 0.062500 0.028906
0 0.678009 0.549870 0.057870 0.024740
0 0.601620 0.557422 0.054167 0.028385
0 0.863657 0.560026 0.068056 0.039323
0 0.799537 0.570573 0.076852 0.024479
