0 0.487731 0.805599 0.091204 0.113802
0 0.193750 0.849870 0.188426 0.051302
0 0.665972 0.868099 0.160648 0.051302
0 0.072222 0.702604 0.056481 0.053646
0 0.590278 0.095573 0.058333 0.020313
0 0.777083 0.813411 0.105093 0.035677
0 0.582176 0.878516 0.104167 0.030469
0 0.746991 0.861589 0.109722 0.027865
0 0.344907 0.809505 0.120370 0.022656
0 0.311806 0.901693 0.128241 0.019531
0 0.207639 0.868099 0.160648 0.014844
0 0.957639 0.124349 0.049537 0.048177
0 0.951852 0.271745 0.093519 0.025260
0 0.855787 0.278255 0.095833 0.022656
0 0.165972 0.420182 0.077315 0.025260
0 0.848843 0.064714 0.026389 0.069531
0 0.614583 0.650651 0.076389 0.022656
0 0.293287 0.150651 0.072685 0.022656
0 0.186806 0.813411 0.109722 0.014844
0 0.906713 0.071224 0.031019 0.051302
0 0.719213 0.608984 0.128241 0.012240
0 0.765509 0.845703 0.091204 0.016927
0 0.137731 0.291276 0.085648 0.017448
0 0.889352 0.792578 0.098148 0.014844
0 0.948380 0.454036 0.021759 0.061719
0 0.499306 0.081380 0.031019 0.040365
0 0.208333 0.227214 0.060185 0.019531
0 0.788657 0.075130 0.026389 0.043490
0 0.110417 0.849609 0.021759 0.050781
0 0.811806 0.107682 0.026389 0.040885
0 0.848843 0.202734 0.026389 0.038281
0 0.790972 0.207943 0.021759 0.043490
0 0.887731 0.343359 0.020833 0.043490
0 0.951852 0.852474 0.093519 0.009635
0 0.744676 0.899089 0.095833 0.009115
0 0.954167 0.063151 0.088889 0.009115
0 0.781713 0.053646 0.021759 0.031771
0 0.858102 0.357422 0.017130 0.029948
0 0.380093 0.848568 0.061111 0.007031
0 0.098843 0.993099 0.044907 0.009635
0 0.822917 0.342057 0.011574 0.030469
0 0.281713 0.526042 0.012500 0.020833
0 0.955324 0.176953 0.050463 0.032031
0 0.906713 0.207031 0.074537 0.040104
0 0.658565 0.107161 0.036574 0.034115
0 0.601852 0.117969 0.086111 0.016146
0 0.874769 0.111979 0.085648 0.022396
0 0.481713 0.255729 0.098611 0.054167
0 0.822917 0.240625 0.063426 0.030208
0 0.090972 0.744141 0.058796 0.032031
0 0.413426 0.769010 0.087037 0.039583
0 0.423148 0.749479 0.044444 0.054688
0 0.289815 0.815495 0.088889 0.047656
0 0.290278 0.845182 0.071296 0.044010
0 0.463194 0.885807 0.086574 0.044010
0 0.732176 0.783333 0.118056 0.047396
0 0.589583 0.759896 0.078241 0.040625
0 0.825694 0.724740 0.110648 0.060417
0 0.810185 0.679036 0.057407 0.042969
