0 0.226852 0.884375 0.081481 0.050000
0 0.524769 0.274349 0.054167 0.066927
0 0.917593 0.578385 0.071296 0.017188
0 0.935648 0.220964 0.125926 0.022656
0 0.209491 0.732682 0.043981 0.061719
0 0.547917 0.357682 0.044907 0.056510
0 0.693750 0.161719 0.086574 0.029167
0 0.500463 0.103776 0.051852 0.048698
0 0.395139 0.884766 0.081944 0.027344
0 0.431713 0.907161 0.108796 0.020052
0 0.619676 0.317318 0.123611 0.017448
0 0.256713 0.081901 0.097685 0.035156
0 0.221528 0.550391 0.077315 0.025260
0 0.846528 0.067318 0.105093 0.017448
0 0.853472 0.679948 0.035648 0.050000
0 0.839120 0.222266 0.034722 0.051302
0 0.894676 0.055599 0.034722 0.051302
0 0.719213 0.189714 0.100463 0.017448
0 0.230787 0.374349 0.095833 0.016927
0 0.858565 0.812109 0.071759 0.022656
0 0.958796 0.748307 0.079630 0.020052
0 0.295602 0.439714 0.114352 0.012240
0 0.181713 0.280859 0.025463 0.053906
0 0.965741 0.099609 0.065741 0.019531
0 0.865046 0.099870 0.031019 0.040885
0 0.656713 0.059505 0.095833 0.012240
0 0.578704 0.122917 0.080556 0.048958
0 0.121991 0.861589 0.091204 0.012240
0 0.128935 0.295182 0.021759 0.051302
0 0.656713 0.762630 0.021759 0.048698
0 0.056713 0.338151 0.016204 0.053906
0 0.728009 0.093359 0.071759 0.012240
0 0.466898 0.299089 0.021759 0.033073
0 0.098843 0.993099 0.044907 0.009635
0 0.946296 0.068620 0.072222 0.026823
0 0.965972 0.159245 0.049537 0.033073
0 0.934028 0.191016 0.075463 0.038802
0 0.269213 0.135286 0.136574 0.069531
0 0.118287 0.135026 0.066204 0.034635
0 0.287269 0.197135 0.049537 0.037500
0 0.419213 0.236458 0.077315 0.039583
0 0.815741 0.363672 0.090741 0.065365
0 0.658333 0.443620 0.081481 0.044531
0 0.278009 0.326953 0.051389 0.049740
0 0.108333 0.448047 0.078704 0.032031
0 0.193981 0.476693 0.078704 0.040365
0 0.058796 0.541536 0.020370 0.045573
0 0.078241 0.520443 0.025926 0.041406
0 0.126389 0.535026 0.080556 0.017448
0 0.171065 0.526432 0.063426 0.036719
0 0.937037 0.612500 0.055556 0.044271
0 0.958102 0.592187 0.083796 0.025000
0 0.093056 0.654167 0.092593 0.051042
0 0.103241 0.788932 0.125000 0.062240
0 0.365741 0.736719 0.063889 0.056250
0 0.790741 0.805859 0.092593 0.046615
0 0.930787 0.882422 0.095833 0.051823
0 0.867130 0.902734 0.052778 0.024740
0 0.299306 0.898568 0.070833 0.018490
