0 0.054861 0.851172 0.068056 0.064323
0 0.110417 0.274349 0.123611 0.030469
0 0.427546 0.727474 0.118981 0.030469
0 0.196065 0.413672 0.118981 0.027865
0 0.112731 0.552734 0.109722 0.029948
0 0.302315 0.671615 0.099074 0.012500
0 0.572917 0.630859 0.048611 0.066406
0 0.540972 0.551432 0.114352 0.027344
0 0.496991 0.697526 0.128241 0.022656
0 0.355787 0.165625 0.049537 0.057813
0 0.640509 0.114193 0.091204 0.027865
0 0.807176 0.448828 0.100463 0.025260
0 0.670139 0.305599 0.094907 0.025260
0 0.450694 0.263932 0.091204 0.025260
0 0.770139 0.327734 0.081944 0.027865
0 0.686806 0.205339 0.081944 0.027865
0 0.771991 0.309505 0.094907 0.022656
0 0.716898 0.891276 0.086574 0.024740
0 0.205324 0.201432 0.081944 0.025260
0 0.686806 0.447526 0.091204 0.022656
0 0.205324 0.524089 0.044907 0.045573
0 0.318287 0.743099 0.039352 0.051302
0 0.640509 0.477474 0.035648 0.056510
0 0.353009 0.747656 0.043981 0.044792
0 0.723843 0.468359 0.081944 0.022656
0 0.957639 0.209245 0.040278 0.046094
0 0.758565 0.272396 0.086574 0.021354
0 0.527083 0.899349 0.123611 0.014844
0 0.459954 0.170182 0.072685 0.025260
0 0.895139 0.516536 0.091204 0.020052
0 0.214583 0.417578 0.035648 0.051302
0 0.648611 0.608984 0.079630 0.022656
0 0.741204 0.206641 0.088889 0.020052
0 0.617361 0.437109 0.035648 0.048698
0 0.415972 0.464453 0.086574 0.020052
0 0.843750 0.584896 0.081019 0.021354
0 0.781250 0.468359 0.076389 0.022656
0 0.753935 0.572266 0.077315 0.022135
0 0.697917 0.615495 0.113426 0.014844
0 0.818750 0.408203 0.031019 0.053385
0 0.689120 0.521745 0.040278 0.040885
0 0.355787 0.412370 0.040278 0.040885
0 0.825694 0.495052 0.035648 0.044792
0 0.881250 0.681901 0.091204 0.017448
0 0.307176 0.398438 0.035648 0.044271
0 0.598843 0.754818 0.035648 0.043490
0 0.559491 0.760026 0.040278 0.038281
0 0.670602 0.692318 0.068056 0.022656
0 0.567130 0.372005 0.083333 0.017448
0 0.818287 0.194661 0.085648 0.016927
0 0.668287 0.646484 0.035648 0.040365
0 0.501620 0.179297 0.081944 0.017448
0 0.538657 0.786068 0.081944 0.017448
0 0.665972 0.355078 0.068056 0.020052
0 0.790972 0.097266 0.068056 0.020052
0 0.762037 0.526953 0.037963 0.035677
0 0.723843 0.586849 0.035648 0.035677
0 0.295139 0.432552 0.067130 0.018750
0 0.589583 0.686458 0.026389 0.047396
0 0.663194 0.551693 0.071759 0.017448
0 0.031713 0.560547 0.031019 0.040365
0 0.698380 0.586849 0.021759 0.056510
0 0.483102 0.124609 0.100463 0.012240
0 0.556019 0.905859 0.070370 0.017448
0 0.412500 0.556901 0.070370 0.017448
0 0.036343 0.655859 0.031019 0.038281
0 0.864583 0.314714 0.067130 0.017448
0 0.739583 0.692318 0.067130 0.017448
0 0.802546 0.478516 0.035648 0.032552
0 0.540972 0.281901 0.058796 0.019531
0 0.216898 0.142187 0.031019 0.036979
0 0.786343 0.380469 0.031019 0.036979
0 0.920602 0.376563 0.031019 0.036979
0 0.769676 0.491536 0.034722 0.032552
0 0.758565 0.677995 0.021759 0.051302
0 0.790972 0.235286 0.021759 0.051302
0 0.656713 0.316016 0.021759 0.051302
0 0.244676 0.297786 0.021759 0.051302
0 0.598843 0.791276 0.091204 0.012240
0 0.133102 0.525000 0.030093 0.036979
0 0.874306 0.203776 0.031019 0.035156
0 0.188657 0.564063 0.067130 0.016146
0 0.784028 0.349870 0.072685 0.014844
0 0.832639 0.176693 0.086574 0.012240
0 0.536343 0.733984 0.086574 0.012240
0 0.057176 0.534505 0.072685 0.014323
0 0.619676 0.730729 0.021759 0.047396
0 0.596528 0.491797 0.058796 0.017448
0 0.395139 0.142839 0.026389 0.038281
0 0.920602 0.592057 0.021759 0.046094
0 0.494676 0.631120 0.021759 0.046094
0 0.802546 0.606380 0.081944 0.012240
0 0.066435 0.178646 0.017130 0.057813
0 0.687963 0.241797 0.056481 0.017448
0 0.295602 0.614193 0.077315 0.012240
0 0.346528 0.700130 0.077315 0.012240
0 0.811806 0.080339 0.054167 0.017448
0 0.446065 0.470964 0.054167 0.017448
0 0.608102 0.914974 0.063426 0.014844
0 0.811806 0.719401 0.026389 0.035156
0 0.679861 0.401693 0.031019 0.029948
0 0.652083 0.784115 0.068056 0.013542
0 0.174074 0.483984 0.075000 0.012240
0 0.328009 0.503906 0.021759 0.041667
0 0.126620 0.895443 0.072685 0.012240
0 0.175231 0.758724 0.021759 0.040885
0 0.718750 0.431250 0.081019 0.010937
0 0.321065 0.321224 0.017130 0.051302
0 0.946065 0.142839 0.026389 0.033073
0 0.344213 0.481380 0.026389 0.033073
0 0.469213 0.992448 0.063426 0.013542
0 0.646991 0.568620 0.057870 0.014844
0 0.568750 0.384375 0.077315 0.010937
0 0.583796 0.464193 0.024074 0.035156
0 0.644676 0.148047 0.025463 0.033073
0 0.888194 0.339453 0.086574 0.009635
0 0.696065 0.127214 0.017130 0.048698
0 0.716898 0.254818 0.021759 0.038281
0 0.531250 0.271484 0.057870 0.014323
0 0.649769 0.263932 0.054167 0.014844
0 0.705324 0.685807 0.017130 0.046094
0 0.663657 0.228776 0.063426 0.012240
0 0.566435 0.835547 0.063426 0.012240
0 0.492361 0.671484 0.063426 0.012240
0 0.047917 0.594010 0.026389 0.029167
0 0.922917 0.216146 0.026389 0.028646
0 0.568750 0.427995 0.049537 0.014844
0 0.094213 0.510026 0.026389 0.027865
0 0.876157 0.351823 0.016204 0.044792
0 0.355787 0.387630 0.058796 0.012240
0 0.128935 0.512370 0.021759 0.032552
0 0.839583 0.138932 0.072685 0.009635
0 0.797917 0.558203 0.017130 0.040885
0 0.924769 0.273047 0.020833 0.033073
0 0.435648 0.583333 0.024074 0.028646
0 0.915972 0.536719 0.049537 0.013542
0 0.214583 0.271745 0.026389 0.025260
0 0.147454 0.659766 0.021759 0.030469
0 0.538657 0.442318 0.054167 0.012240
0 0.689120 0.636328 0.021759 0.030469
0 0.314120 0.360286 0.021759 0.030469
0 0.237731 0.257422 0.017130 0.038281
0 0.437269 0.502214 0.053241 0.012240
0 0.024769 0.699870 0.017130 0.037760
0 0.517361 0.214453 0.067130 0.009635
0 0.454167 0.610026 0.070370 0.009115
0 0.312269 0.266276 0.043981 0.014323
0 0.274769 0.370703 0.063426 0.009635
0 0.098843 0.441016 0.017130 0.035677
0 0.079167 0.284766 0.061111 0.009635
0 0.758565 0.110286 0.058796 0.009635
0 0.396991 0.711849 0.057870 0.009635
0 0.246991 0.515234 0.044907 0.012240
0 0.950694 0.268490 0.017130 0.031771
0 0.290972 0.469661 0.021759 0.020052
0 0.973843 0.512630 0.035648 0.012240
0 0.936806 0.224870 0.017130 0.025260
0 0.661343 0.093359 0.058796 0.007031
0 0.409028 0.569922 0.017130 0.022656
0 0.793287 0.161068 0.054167 0.007031
0 0.414583 0.101693 0.106944 0.016927
0 0.466435 0.112370 0.075463 0.013281
0 0.496296 0.107422 0.062963 0.014323
0 0.571065 0.120964 0.024537 0.027865
0 0.604630 0.142708 0.061111 0.036458
0 0.865278 0.087760 0.055556 0.028125
0 0.889815 0.101042 0.051852 0.046875
0 0.910185 0.119792 0.052778 0.019792
0 0.882176 0.156510 0.068981 0.027604
0 0.652546 0.171745 0.106019 0.046094
0 0.776389 0.142057 0.046296 0.030990
0 0.763657 0.142318 0.097685 0.033594
0 0.291898 0.161068 0.065278 0.039323
0 0.358796 0.231380 0.062963 0.045052
0 0.337500 0.266667 0.028704 0.036458
0 0.371296 0.277474 0.067593 0.010677
0 0.075463 0.240104 0.062963 0.027604
0 0.071528 0.302474 0.068981 0.029427
0 0.107870 0.328255 0.051852 0.037240
0 0.065046 0.347135 0.052315 0.030208
0 0.065278 0.415104 0.050000 0.047396
0 0.107407 0.458594 0.058333 0.039583
0 0.058102 0.685156 0.042130 0.040104
0 0.047222 0.769271 0.069444 0.046354
0 0.051157 0.797786 0.080093 0.044531
0 0.126389 0.760417 0.059259 0.026562
0 0.120602 0.831120 0.081944 0.017969
0 0.183565 0.809896 0.056944 0.054688
0 0.142824 0.823307 0.066204 0.022656
0 0.236343 0.788542 0.058796 0.028125
0 0.228241 0.740625 0.064815 0.041146
0 0.300231 0.852734 0.057870 0.046094
0 0.405787 0.843359 0.078241 0.032031
0 0.205324 0.867969 0.050463 0.038021
0 0.217130 0.879818 0.055556 0.037760
0 0.185417 0.687760 0.043056 0.041146
0 0.172917 0.707552 0.019907 0.059375
0 0.258102 0.679427 0.087500 0.023958
0 0.704167 0.815885 0.068519 0.046875
0 0.771759 0.864844 0.064815 0.045833
0 0.791435 0.887500 0.067130 0.033854
0 0.833333 0.895573 0.048148 0.029687
0 0.908333 0.862370 0.063889 0.023698
0 0.876157 0.833333 0.056944 0.028646
0 0.883102 0.817708 0.049537 0.025000
0 0.853241 0.819141 0.052778 0.027344
0 0.861111 0.795052 0.087963 0.045833
0 0.917824 0.732292 0.072685 0.031250
0 0.938426 0.758464 0.036111 0.030469
0 0.944213 0.883464 0.073611 0.008594
0 0.893287 0.897005 0.057870 0.025260
0 0.628935 0.806641 0.052315 0.034115
0 0.541435 0.648307 0.067130 0.037240
0 0.534028 0.632292 0.056944 0.022917
0 0.549537 0.614323 0.061111 0.034896
0 0.532870 0.583594 0.064815 0.038021
0 0.468056 0.597917 0.059259 0.009375
0 0.475231 0.577734 0.038426 0.049219
0 0.362963 0.618099 0.034259 0.044010
0 0.356019 0.658333 0.037037 0.032813
0 0.402315 0.673438 0.087963 0.015625
0 0.425231 0.683854 0.101389 0.037500
0 0.184954 0.591146 0.079167 0.031771
0 0.326620 0.655990 0.064352 0.020833
0 0.423380 0.637370 0.043981 0.021094
0 0.404630 0.633594 0.041667 0.023958
0 0.477083 0.630990 0.044907 0.029687
0 0.271296 0.565234 0.042593 0.026302
0 0.286574 0.553255 0.051852 0.041406
0 0.365509 0.578906 0.038426 0.027083
0 0.387269 0.579036 0.048611 0.037240
0 0.422222 0.538802 0.093519 0.011458
0 0.511343 0.499089 0.053241 0.036198
0 0.548380 0.508594 0.085648 0.014063
0 0.503935 0.514583 0.042130 0.036979
0 0.483565 0.505990 0.070833 0.054688
0 0.418056 0.514453 0.025926 0.031510
0 0.395139 0.510807 0.069907 0.038281
0 0.376389 0.512500 0.059259 0.027604
0 0.360648 0.531641 0.030556 0.032031
0 0.336111 0.529818 0.099074 0.032552
0 0.311111 0.485677 0.049074 0.045312
0 0.379398 0.317708 0.023611 0.044271
0 0.351620 0.301172 0.059722 0.026823
0 0.374074 0.330729 0.067593 0.026042
0 0.398611 0.349479 0.073148 0.034375
0 0.411806 0.362630 0.047685 0.034635
0 0.411806 0.378255 0.059722 0.037760
0 0.490741 0.342578 0.036111 0.022135
0 0.475926 0.362109 0.058333 0.020052
0 0.449537 0.301693 0.060185 0.036198
0 0.475000 0.288932 0.062037 0.017448
0 0.505093 0.318229 0.025000 0.035937
0 0.536111 0.331250 0.106481 0.024479
0 0.608796 0.354036 0.037963 0.028906
0 0.516898 0.352474 0.071759 0.037760
0 0.629167 0.302214 0.052778 0.028385
0 0.658565 0.276562 0.053241 0.029687
0 0.398148 0.404036 0.041667 0.030990
0 0.499537 0.435417 0.054630 0.029167
0 0.390972 0.444792 0.082870 0.029167
0 0.270139 0.448828 0.018981 0.037760
0 0.237731 0.437370 0.032870 0.030469
0 0.181481 0.459375 0.025000 0.027604
0 0.189120 0.464844 0.058796 0.018750
0 0.562963 0.588021 0.058333 0.030729
0 0.633102 0.576432 0.075463 0.035156
0 0.576852 0.540234 0.075000 0.033073
0 0.643519 0.526172 0.033333 0.030469
0 0.628472 0.513281 0.078241 0.039583
0 0.713426 0.546484 0.042593 0.034635
0 0.497685 0.458854 0.065741 0.031250
0 0.579398 0.440755 0.052315 0.042448
0 0.890046 0.432682 0.054167 0.044531
0 0.865278 0.418099 0.103704 0.038802
