0 0.115046 0.979427 0.225463 0.039583
0 0.119676 0.377214 0.058796 0.079948
0 0.902546 0.328385 0.113426 0.039583
0 0.920602 0.693620 0.114352 0.035677
0 0.446065 0.127214 0.137500 0.027865
0 0.665972 0.532161 0.058796 0.061719
0 0.513194 0.802734 0.114352 0.029948
0 0.159028 0.490495 0.054167 0.061719
0 0.841898 0.723568 0.114352 0.027865
0 0.515509 0.856380 0.100463 0.027865
0 0.483102 0.701432 0.054167 0.051302
0 0.179861 0.260026 0.114352 0.022656
0 0.944907 0.210547 0.051852 0.048698
0 0.730787 0.413672 0.086574 0.027865
0 0.587269 0.416276 0.049537 0.048698
0 0.190509 0.102474 0.061574 0.014844
0 0.200694 0.149349 0.044907 0.051302
0 0.836806 0.480078 0.048611 0.046094
0 0.733102 0.439714 0.044907 0.048698
0 0.508565 0.300391 0.086574 0.025260
0 0.490046 0.364193 0.040278 0.053906
0 0.779398 0.567057 0.044907 0.048177
0 0.295602 0.467057 0.105093 0.020052
0 0.696065 0.180599 0.044907 0.046094
0 0.534028 0.607682 0.081944 0.025260
0 0.172917 0.305599 0.081944 0.025260
0 0.841898 0.589453 0.040278 0.051302
0 0.353472 0.474609 0.044907 0.045573
0 0.297917 0.768880 0.100463 0.019531
0 0.399769 0.379818 0.044907 0.043490
0 0.979630 0.118099 0.037963 0.051302
0 0.734722 0.219010 0.059259 0.020313
0 0.569213 0.347266 0.094907 0.020052
0 0.421759 0.666276 0.042593 0.043490
0 0.297917 0.274349 0.044907 0.040885
0 0.265509 0.701432 0.072685 0.025260
0 0.788657 0.443620 0.072685 0.025260
0 0.571065 0.823828 0.091204 0.020052
0 0.464583 0.465495 0.081944 0.022135
0 0.915509 0.730078 0.039352 0.046094
0 0.464120 0.313411 0.090278 0.020052
0 0.552083 0.579036 0.043981 0.040885
0 0.128935 0.395443 0.040278 0.043490
0 0.298611 0.679036 0.101852 0.016927
0 0.468056 0.537370 0.084259 0.020052
0 0.929861 0.845964 0.095833 0.017448
0 0.105787 0.728516 0.031019 0.053385
0 0.434491 0.355078 0.040278 0.040885
0 0.198380 0.711589 0.040278 0.040365
0 0.869676 0.557943 0.040278 0.040365
0 0.217593 0.348568 0.041667 0.038281
0 0.708796 0.808854 0.098148 0.016146
0 0.638194 0.086849 0.105093 0.014844
0 0.796759 0.134766 0.070370 0.022135
0 0.480787 0.448828 0.077315 0.020052
0 0.730787 0.088151 0.068056 0.022656
0 0.540972 0.260026 0.040278 0.038281
0 0.818750 0.773047 0.031019 0.048698
0 0.295602 0.498958 0.031019 0.047396
0 0.119676 0.657161 0.031019 0.046094
0 0.587269 0.597266 0.031019 0.046094
0 0.112731 0.796484 0.026389 0.053906
0 0.540972 0.219661 0.095833 0.014844
0 0.651620 0.878516 0.039352 0.035677
0 0.107639 0.356380 0.034722 0.038281
0 0.365046 0.142839 0.021759 0.059115
0 0.936806 0.151953 0.063426 0.020052
0 0.196065 0.170182 0.063426 0.020052
0 0.212269 0.672786 0.031019 0.040885
0 0.297454 0.310807 0.034722 0.035677
0 0.376620 0.486589 0.035648 0.033073
0 0.913194 0.469661 0.025463 0.046094
0 0.906713 0.765885 0.086574 0.013542
0 0.563657 0.485286 0.057870 0.020052
0 0.221065 0.226172 0.030093 0.038281
0 0.899769 0.791276 0.026389 0.043490
0 0.649306 0.684766 0.034722 0.032552
0 0.128935 0.563411 0.031019 0.035677
0 0.457639 0.352474 0.031019 0.035677
0 0.777083 0.857682 0.031019 0.035677
0 0.858102 0.526953 0.026389 0.040885
0 0.909028 0.214453 0.026389 0.040885
0 0.233102 0.459245 0.026389 0.040885
0 0.307176 0.383724 0.072685 0.014844
0 0.588426 0.395443 0.024074 0.043490
0 0.605787 0.805599 0.068056 0.014844
0 0.336806 0.546484 0.057870 0.017448
0 0.728472 0.111589 0.081944 0.012240
0 0.664815 0.699870 0.084259 0.011719
0 0.514352 0.631120 0.024074 0.040885
0 0.684028 0.298828 0.030093 0.032552
0 0.531713 0.364844 0.021759 0.044792
0 0.973380 0.465755 0.025463 0.038281
0 0.395833 0.566016 0.064815 0.014844
0 0.652083 0.823828 0.031019 0.030469
0 0.867361 0.094661 0.063426 0.014844
0 0.753935 0.683203 0.021759 0.040885
0 0.304861 0.800391 0.058796 0.014844
0 0.605787 0.761328 0.058796 0.014844
0 0.535880 0.883724 0.057870 0.014844
0 0.086806 0.855078 0.057870 0.014844
0 0.720370 0.659766 0.056481 0.014844
0 0.774306 0.295182 0.016204 0.051302
0 0.406713 0.793880 0.021759 0.038281
0 0.716898 0.372005 0.021759 0.037240
0 0.094213 0.612891 0.026389 0.030469
0 0.256250 0.364193 0.063426 0.012240
0 0.274769 0.898047 0.063426 0.012240
0 0.496991 0.848568 0.063426 0.012240
0 0.214583 0.478776 0.063426 0.012240
0 0.778935 0.112891 0.025463 0.030469
0 0.186806 0.804948 0.017130 0.044792
0 0.777083 0.636068 0.021759 0.035156
0 0.376157 0.748047 0.025463 0.029948
0 0.427546 0.840755 0.017130 0.043490
0 0.659028 0.460547 0.017130 0.043490
0 0.790972 0.498307 0.077315 0.009635
0 0.240046 0.123307 0.077315 0.009635
0 0.244213 0.656901 0.020833 0.035156
0 0.147454 0.655859 0.021759 0.033073
0 0.535880 0.812109 0.057870 0.012240
0 0.689120 0.820964 0.049537 0.014323
0 0.297917 0.693620 0.072685 0.009635
0 0.862731 0.664974 0.017130 0.040885
0 0.719213 0.849870 0.017130 0.040885
0 0.520139 0.899349 0.072685 0.009635
0 0.986574 0.483984 0.024074 0.027865
0 0.922917 0.112891 0.026389 0.025260
0 0.637731 0.251563 0.020833 0.031771
0 0.471528 0.886328 0.068056 0.009635
0 0.714583 0.590755 0.017130 0.038281
0 0.672454 0.654297 0.016204 0.040365
0 0.762037 0.710547 0.019444 0.033073
0 0.137731 0.128516 0.020833 0.030469
0 0.716435 0.305599 0.020833 0.030469
0 0.988889 0.598307 0.019444 0.032552
0 0.219213 0.282813 0.026389 0.023958
0 0.098843 0.222266 0.017130 0.035677
0 0.168287 0.701432 0.017130 0.035677
0 0.498148 0.529557 0.061111 0.009635
0 0.772454 0.331641 0.058796 0.009635
0 0.672917 0.489193 0.017130 0.033073
0 0.631250 0.713151 0.044907 0.012240
0 0.867361 0.314714 0.044907 0.012240
0 0.703009 0.714193 0.021759 0.024740
0 0.094213 0.264974 0.044907 0.011719
0 0.251620 0.133724 0.054167 0.009635
0 0.781713 0.685547 0.049537 0.009115
0 0.746991 0.370703 0.044907 0.009635
0 0.543287 0.525651 0.017130 0.022656
0 0.566435 0.166276 0.017130 0.022656
0 0.991204 0.204036 0.014815 0.025260
0 0.751157 0.747005 0.016204 0.022656
0 0.991204 0.354818 0.014815 0.024740
0 0.272454 0.528646 0.012500 0.028646
0 0.981944 0.284766 0.033333 0.009635
0 0.981944 0.237630 0.033333 0.009115
0 0.238889 0.102604 0.093519 0.025000
0 0.125231 0.174870 0.045833 0.041927
0 0.159722 0.155729 0.036111 0.031250
0 0.157639 0.201563 0.063426 0.032813
0 0.316435 0.215234 0.068981 0.026823
0 0.391667 0.210547 0.048148 0.029948
0 0.453009 0.241927 0.056944 0.025521
0 0.517593 0.202995 0.061111 0.032552
0 0.777315 0.215755 0.020370 0.025260
0 0.828935 0.196094 0.045833 0.026042
0 0.834259 0.239193 0.073148 0.012760
0 0.838426 0.223958 0.070370 0.040104
0 0.374537 0.289583 0.069444 0.052083
0 0.433102 0.276693 0.056944 0.016406
0 0.468519 0.286849 0.052778 0.033073
0 0.568981 0.289844 0.055556 0.044271
0 0.592824 0.311328 0.070833 0.037760
0 0.637037 0.324740 0.049074 0.018229
0 0.668981 0.315755 0.075000 0.035156
0 0.429398 0.288932 0.038426 0.030469
0 0.321528 0.366797 0.052315 0.031510
0 0.401620 0.338151 0.064352 0.036198
0 0.659954 0.351302 0.054167 0.029687
0 0.768056 0.367839 0.066667 0.037760
0 0.802778 0.389323 0.039815 0.032813
0 0.779861 0.404427 0.056944 0.034896
0 0.645602 0.379688 0.076389 0.015625
0 0.591667 0.369141 0.042593 0.017969
0 0.239583 0.311068 0.089352 0.042969
0 0.285185 0.426042 0.035185 0.042188
0 0.252546 0.420833 0.035648 0.020313
0 0.370139 0.430339 0.035648 0.033594
0 0.381250 0.400391 0.042130 0.040365
0 0.465278 0.408464 0.046296 0.022656
0 0.503009 0.409896 0.034722 0.025000
0 0.642593 0.463542 0.018519 0.044271
0 0.622917 0.423047 0.019907 0.045052
0 0.657639 0.420703 0.053241 0.039323
0 0.685880 0.436979 0.045833 0.008333
0 0.620602 0.460938 0.016204 0.033854
0 0.619907 0.480729 0.062037 0.027083
0 0.567361 0.466667 0.061574 0.031771
0 0.525231 0.433333 0.077315 0.013021
0 0.437500 0.502995 0.082407 0.017448
0 0.474306 0.494661 0.058796 0.034115
0 0.424074 0.497917 0.050926 0.041146
0 0.171296 0.606380 0.050926 0.030990
0 0.254861 0.600000 0.058796 0.039062
0 0.301852 0.622396 0.055556 0.036458
0 0.329861 0.618620 0.044907 0.040365
0 0.383796 0.633724 0.071296 0.013281
0 0.436343 0.649349 0.069907 0.032031
0 0.459954 0.634766 0.050463 0.050781
0 0.410880 0.620573 0.048611 0.033333
0 0.358333 0.591927 0.061111 0.042708
0 0.354861 0.578125 0.061574 0.025000
0 0.389815 0.588932 0.045370 0.030990
0 0.365741 0.534245 0.034259 0.038281
0 0.343750 0.508724 0.078241 0.028385
0 0.484722 0.559505 0.050926 0.042969
0 0.452083 0.565104 0.034722 0.044792
0 0.739583 0.562240 0.057870 0.041146
0 0.723380 0.530859 0.070833 0.034115
0 0.771296 0.483464 0.074074 0.015885
0 0.875926 0.458594 0.054630 0.026042
0 0.707176 0.498568 0.063426 0.019010
0 0.702315 0.471484 0.060185 0.043490
0 0.707407 0.465495 0.074074 0.022656
0 0.592593 0.542708 0.029630 0.036979
0 0.518519 0.543490 0.073148 0.020313
0 0.613889 0.535547 0.033333 0.053385
0 0.593981 0.502995 0.025000 0.037760
0 0.916204 0.901823 0.073148 0.034375
0 0.854167 0.895312 0.077778 0.014063
0 0.841204 0.857812 0.052778 0.037500
0 0.922917 0.814974 0.080093 0.028906
0 0.767130 0.802865 0.079630 0.037500
0 0.784491 0.785547 0.070833 0.038802
0 0.798611 0.757422 0.067593 0.032552
0 0.383333 0.874479 0.054630 0.041667
0 0.332870 0.830339 0.066667 0.048698
0 0.218750 0.899219 0.031944 0.032292
0 0.170139 0.831901 0.099537 0.019531
0 0.144213 0.750781 0.116204 0.041667
0 0.504861 0.747526 0.054167 0.033594
0 0.541898 0.752214 0.024537 0.034635
0 0.547685 0.762630 0.048148 0.041406
0 0.305093 0.721615 0.075926 0.028125
0 0.375694 0.721094 0.074537 0.031250
0 0.379630 0.698568 0.052778 0.038802
0 0.295139 0.668359 0.080093 0.012760
0 0.574769 0.694661 0.062500 0.039323
0 0.521991 0.686068 0.043056 0.042969
0 0.579167 0.639193 0.046296 0.038802
0 0.616667 0.621094 0.066667 0.040104
0 0.638426 0.647917 0.054630 0.050521
0 0.757176 0.628776 0.066204 0.044531
0 0.838889 0.663281 0.034259 0.040625
0 0.804167 0.675260 0.031481 0.040625
0 0.832407 0.699349 0.037037 0.019531
0 0.863889 0.713411 0.026852 0.026823
0 0.911343 0.654818 0.042130 0.046094
0 0.966204 0.664844 0.064815 0.034896
0 0.873380 0.600521 0.050463 0.040104
0 0.682870 0.754948 0.047222 0.041146
0 0.719213 0.776823 0.046759 0.027083
0 0.821991 0.551823 0.056944 0.014063
0 0.891898 0.507943 0.054167 0.035156
0 0.845370 0.531901 0.027778 0.029948
