0 0.578009 0.844661 0.197685 0.040885
0 0.904398 0.562109 0.063426 0.079948
0 0.343519 0.851562 0.081481 0.033854
0 0.531944 0.325000 0.054630 0.035937
0 0.399769 0.537370 0.109722 0.035677
0 0.501620 0.213151 0.054167 0.064323
0 0.814120 0.076432 0.132870 0.025260
0 0.642824 0.157161 0.105093 0.030469
0 0.334954 0.812109 0.118981 0.022656
0 0.489583 0.442318 0.113426 0.022656
0 0.885880 0.112891 0.100463 0.025260
0 0.589583 0.310807 0.044907 0.051302
0 0.973843 0.700130 0.044907 0.048698
0 0.084954 0.308203 0.035648 0.051302
0 0.229398 0.154818 0.079167 0.052344
0 0.941435 0.612891 0.026389 0.056510
0 0.082639 0.492448 0.031019 0.044792
0 0.463426 0.331641 0.065741 0.020052
0 0.432176 0.755859 0.091204 0.014323
0 0.635880 0.459635 0.035648 0.036458
0 0.984259 0.595573 0.028704 0.044271
0 0.538657 0.598568 0.072685 0.017448
0 0.399306 0.887630 0.025463 0.048698
0 0.598843 0.106120 0.100463 0.011719
0 0.591898 0.142578 0.095833 0.011719
0 0.285880 0.851172 0.085648 0.012240
0 0.143981 0.787370 0.024074 0.040885
0 0.642824 0.275651 0.077315 0.012240
0 0.624306 0.075781 0.068056 0.013542
0 0.927083 0.291276 0.016204 0.053906
0 0.913657 0.469401 0.017130 0.050781
0 0.522454 0.076432 0.086574 0.009635
0 0.825231 0.101172 0.025463 0.027865
0 0.527083 0.048828 0.058796 0.011719
0 0.883565 0.189453 0.021759 0.027344
0 0.874306 0.764193 0.012500 0.029948
0 0.722454 0.075911 0.082870 0.050781
0 0.857407 0.056250 0.099074 0.015625
0 0.761343 0.117188 0.086574 0.022396
0 0.762963 0.151953 0.100000 0.048698
0 0.917824 0.150781 0.051389 0.074479
0 0.911574 0.129167 0.145370 0.019792
0 0.742593 0.280469 0.100000 0.040625
0 0.697685 0.277344 0.063889 0.036979
0 0.836574 0.311979 0.082407 0.062500
0 0.929630 0.367969 0.084259 0.063021
0 0.464815 0.322917 0.081481 0.021875
0 0.208102 0.336198 0.084722 0.052604
0 0.229167 0.357422 0.062963 0.037760
0 0.103009 0.422266 0.053241 0.032031
0 0.376620 0.464844 0.078241 0.054167
0 0.732639 0.421224 0.052315 0.041927
0 0.771991 0.423307 0.097685 0.014323
0 0.796759 0.445182 0.019444 0.034635
0 0.765972 0.444531 0.061574 0.014063
0 0.141898 0.667708 0.091204 0.060417
0 0.609954 0.728906 0.037500 0.030208
0 0.512963 0.784245 0.111111 0.037760
0 0.432639 0.859766 0.097685 0.009635
0 0.867593 0.825651 0.054630 0.041927
0 0.887037 0.847786 0.102778 0.038281
