0 0.503935 0.667318 0.123611 0.040365
0 0.393056 0.849219 0.113889 0.023958
0 0.302546 0.179297 0.063426 0.069531
0 0.578009 0.267839 0.131019 0.033073
0 0.828009 0.343359 0.114352 0.033073
0 0.832639 0.687109 0.142130 0.022656
0 0.895139 0.244401 0.044907 0.069531
0 0.516667 0.226172 0.047222 0.064323
0 0.947222 0.530859 0.102778 0.027865
0 0.797917 0.675391 0.091204 0.030469
0 0.696065 0.761068 0.044907 0.061198
0 0.432176 0.589193 0.091204 0.029948
0 0.096528 0.329036 0.040278 0.066927
0 0.587269 0.421224 0.095833 0.027344
0 0.661343 0.661719 0.086574 0.029167
0 0.949537 0.172786 0.098148 0.025260
0 0.546296 0.460547 0.087963 0.027865
0 0.765509 0.642839 0.044907 0.053906
0 0.707639 0.167578 0.095833 0.025260
0 0.263194 0.144141 0.095833 0.025260
0 0.927546 0.311458 0.044907 0.052604
0 0.492361 0.575130 0.035648 0.064323
0 0.371991 0.483984 0.100463 0.022656
0 0.103472 0.835286 0.081944 0.027344
0 0.679398 0.316016 0.048611 0.046094
0 0.216898 0.257422 0.040278 0.053906
0 0.103472 0.649349 0.044907 0.046094
0 0.784028 0.138932 0.044907 0.046094
0 0.703009 0.831641 0.040278 0.051302
0 0.839583 0.248307 0.100463 0.020052
0 0.536343 0.153255 0.086574 0.022656
0 0.726157 0.548828 0.086574 0.022135
0 0.678704 0.084245 0.093519 0.020052
0 0.479167 0.498307 0.074074 0.025260
0 0.788657 0.230078 0.091204 0.020052
0 0.950231 0.485286 0.043981 0.040885
0 0.654398 0.166927 0.072685 0.023958
0 0.547917 0.262630 0.072685 0.022656
0 0.737731 0.323828 0.109722 0.014844
0 0.130787 0.634115 0.034722 0.046875
0 0.714120 0.158464 0.071759 0.022656
0 0.179861 0.472266 0.031019 0.051302
0 0.131250 0.606380 0.091204 0.017448
0 0.753935 0.594661 0.077315 0.020052
0 0.466898 0.163672 0.068056 0.022656
0 0.249306 0.119401 0.086574 0.017448
0 0.576852 0.079036 0.075000 0.020052
0 0.200231 0.715104 0.025463 0.057813
0 0.961111 0.690755 0.075000 0.019531
0 0.631250 0.209245 0.072685 0.020052
0 0.802546 0.722266 0.035648 0.040885
0 0.635880 0.871745 0.081944 0.016927
0 0.986574 0.256120 0.024074 0.056510
0 0.153241 0.310807 0.033333 0.040885
0 0.941435 0.709245 0.091204 0.014844
0 0.223380 0.795573 0.034722 0.039062
0 0.679861 0.254818 0.077315 0.017448
0 0.209954 0.358724 0.035648 0.037760
0 0.862269 0.498958 0.062500 0.021354
0 0.913194 0.231380 0.034722 0.038281
0 0.540972 0.397396 0.031019 0.042188
0 0.909954 0.401302 0.033796 0.039583
0 0.582639 0.758724 0.031019 0.040885
0 0.984259 0.119401 0.028704 0.043490
0 0.265509 0.500911 0.026389 0.046094
0 0.388194 0.518229 0.031019 0.039062
0 0.564120 0.700130 0.031019 0.038281
0 0.758565 0.507422 0.068056 0.017448
0 0.664815 0.343359 0.093519 0.012240
0 0.561343 0.483984 0.034722 0.033073
0 0.480787 0.672526 0.077315 0.014323
0 0.482639 0.374349 0.025463 0.042969
0 0.501157 0.731380 0.062500 0.017448
0 0.802546 0.191016 0.072685 0.014844
0 0.395139 0.188411 0.072685 0.014844
0 0.240046 0.489193 0.021759 0.048698
0 0.300231 0.775651 0.021759 0.048698
0 0.829167 0.371745 0.061111 0.016927
0 0.587269 0.108984 0.058796 0.017448
0 0.337269 0.552995 0.068056 0.014844
0 0.943750 0.636328 0.068056 0.014844
0 0.920602 0.490495 0.021759 0.046094
0 0.703009 0.118099 0.021759 0.046094
0 0.571065 0.124609 0.081944 0.012240
0 0.355787 0.177995 0.021759 0.046094
0 0.089583 0.374349 0.026389 0.037760
0 0.103472 0.429036 0.026389 0.037760
0 0.975694 0.821224 0.020833 0.046094
0 0.246991 0.437109 0.054167 0.017448
0 0.707639 0.430599 0.021759 0.040885
0 0.293287 0.843359 0.072685 0.012240
0 0.603009 0.278255 0.071759 0.012240
0 0.922917 0.387630 0.026389 0.033073
0 0.929861 0.844661 0.058796 0.014844
0 0.966898 0.260677 0.021759 0.039583
0 0.329167 0.125911 0.024074 0.035677
0 0.161343 0.362891 0.086574 0.009635
0 0.814120 0.140234 0.021759 0.038281
0 0.832639 0.135026 0.021759 0.038281
0 0.965741 0.155859 0.065741 0.012240
0 0.274769 0.256120 0.017130 0.046094
0 0.913657 0.108984 0.063426 0.012240
0 0.165972 0.842057 0.049537 0.014844
0 0.646991 0.769401 0.020833 0.035156
0 0.248843 0.883724 0.048611 0.014844
0 0.415509 0.098568 0.057870 0.012240
0 0.778935 0.845964 0.016204 0.043490
0 0.802546 0.089453 0.072685 0.009635
0 0.682176 0.526693 0.017130 0.040365
0 0.450694 0.092057 0.044907 0.014844
0 0.811806 0.413672 0.017130 0.038281
0 0.242361 0.241536 0.054167 0.011719
0 0.172454 0.866536 0.053241 0.011719
0 0.469213 0.628516 0.017130 0.035677
0 0.834954 0.651953 0.017130 0.035677
0 0.140509 0.503516 0.017130 0.035677
0 0.172917 0.318620 0.017130 0.035677
0 0.848843 0.443620 0.017130 0.035677
0 0.733102 0.568620 0.063426 0.009635
0 0.111574 0.493099 0.024074 0.025260
0 0.399769 0.555339 0.017130 0.035156
0 0.841435 0.764844 0.020833 0.028646
0 0.860417 0.106120 0.049537 0.011719
0 0.950231 0.094401 0.016204 0.035156
0 0.196065 0.546484 0.017130 0.033073
0 0.161343 0.737630 0.021759 0.024740
0 0.113889 0.297786 0.019444 0.025260
0 0.494676 0.300130 0.049537 0.009115
0 0.112731 0.250911 0.017130 0.025260
0 0.505093 0.703385 0.014815 0.026562
0 0.487731 0.095964 0.017130 0.022656
0 0.240046 0.750651 0.012500 0.029948
0 0.300231 0.351172 0.012500 0.027865
0 0.177546 0.146745 0.035648 0.009635
0 0.979630 0.703385 0.037963 0.008333
0 0.188657 0.128516 0.030093 0.009635
0 0.993519 0.413672 0.010185 0.017448
0 0.767824 0.997656 0.021759 0.003125
0 0.664815 0.997656 0.019444 0.003125
0 0.124769 0.159245 0.033796 0.024219
0 0.113657 0.204687 0.049537 0.046354
0 0.154861 0.190365 0.096759 0.013542
0 0.177778 0.199870 0.050000 0.009635
0 0.229630 0.223047 0.064815 0.027344
0 0.215046 0.204818 0.084722 0.035677
0 0.190972 0.173177 0.070833 0.020833
0 0.445833 0.261849 0.055556 0.041927
0 0.509954 0.321484 0.044907 0.035677
0 0.410648 0.359245 0.061111 0.029948
0 0.363889 0.426693 0.076852 0.033594
0 0.428935 0.421224 0.013426 0.041406
0 0.726620 0.468880 0.070833 0.035677
0 0.792824 0.453125 0.031944 0.028125
0 0.772222 0.417057 0.067593 0.030469
0 0.703704 0.391016 0.064815 0.034635
0 0.353472 0.111589 0.037500 0.050260
0 0.278704 0.100781 0.059259 0.030729
0 0.453009 0.114583 0.081944 0.027083
0 0.563426 0.222656 0.033333 0.036458
0 0.589120 0.218359 0.068056 0.037760
0 0.616204 0.242708 0.088889 0.038542
0 0.168750 0.367448 0.044907 0.050521
0 0.173611 0.416667 0.024074 0.045833
0 0.140046 0.447917 0.025463 0.056250
0 0.133102 0.469792 0.038426 0.034896
0 0.152315 0.574089 0.061111 0.035156
0 0.141898 0.590365 0.092130 0.042708
0 0.126852 0.697266 0.088889 0.037240
0 0.224074 0.642839 0.032407 0.043490
0 0.228472 0.678125 0.065278 0.040625
0 0.107639 0.881120 0.034722 0.047656
0 0.135417 0.841927 0.063426 0.039062
0 0.078935 0.780990 0.065278 0.039583
0 0.077315 0.763802 0.066667 0.020313
0 0.493750 0.802865 0.058796 0.031771
0 0.529630 0.798047 0.040741 0.042448
0 0.542130 0.792188 0.075926 0.041146
0 0.911574 0.816797 0.080556 0.035156
0 0.909722 0.784245 0.049074 0.044010
0 0.941204 0.897917 0.070370 0.024479
0 0.851389 0.902214 0.079630 0.017448
0 0.823611 0.868490 0.048148 0.040104
0 0.587269 0.717187 0.058796 0.032292
0 0.666204 0.702474 0.067593 0.042448
0 0.871991 0.629818 0.066204 0.024740
0 0.919676 0.734115 0.048611 0.041146
0 0.883102 0.713151 0.028241 0.035156
0 0.621296 0.609245 0.080556 0.020573
0 0.736111 0.291146 0.052778 0.039062
0 0.832176 0.284245 0.082870 0.028906
0 0.854861 0.393490 0.046759 0.023438
0 0.957639 0.512370 0.059722 0.033594
0 0.820833 0.575130 0.030556 0.037760
0 0.794907 0.566667 0.037963 0.033333
0 0.750926 0.538542 0.059259 0.028646
0 0.723148 0.542969 0.060185 0.019271
0 0.828241 0.209245 0.087037 0.014323
0 0.771528 0.178516 0.050463 0.025781
0 0.748843 0.100260 0.037500 0.032292
0 0.840278 0.160026 0.049074 0.030990
0 0.955093 0.214974 0.024074 0.033594
0 0.519213 0.095182 0.055093 0.027865
0 0.670833 0.101562 0.067593 0.023958
0 0.947685 0.329167 0.055556 0.043750
0 0.959954 0.329036 0.063426 0.058594
0 0.797222 0.357812 0.064815 0.026042
