0 0.392824 0.847266 0.058796 0.066927
0 0.212269 0.607682 0.142130 0.025260
0 0.446296 0.144401 0.073148 0.031510
0 0.280093 0.393880 0.111111 0.024740
0 0.350000 0.582682 0.121296 0.022135
0 0.094213 0.152995 0.035648 0.074219
0 0.545602 0.209245 0.049537 0.051302
0 0.617361 0.873307 0.081944 0.025260
0 0.279398 0.120703 0.044907 0.046094
0 0.397454 0.360286 0.040278 0.051302
0 0.749306 0.103776 0.086574 0.022656
0 0.434491 0.094661 0.095833 0.020052
0 0.103009 0.418880 0.043981 0.043490
0 0.578009 0.722266 0.086574 0.020052
0 0.934491 0.138932 0.040278 0.040885
0 0.020139 0.589453 0.035648 0.046094
0 0.721065 0.286068 0.030093 0.053906
0 0.795602 0.394141 0.077315 0.020052
0 0.492130 0.179427 0.035185 0.043229
0 0.578009 0.674089 0.040278 0.038281
0 0.036343 0.241797 0.040278 0.038281
0 0.087269 0.319922 0.031019 0.048698
0 0.733102 0.175130 0.100463 0.014323
0 0.084028 0.215234 0.026389 0.053906
0 0.876157 0.357682 0.034722 0.040885
0 0.059491 0.413672 0.031019 0.043490
0 0.203009 0.541276 0.031019 0.043490
0 0.540972 0.252214 0.077315 0.017448
0 0.355787 0.316016 0.086574 0.014844
0 0.043287 0.306641 0.026389 0.048177
0 0.784028 0.185807 0.063426 0.020052
0 0.337269 0.120703 0.031019 0.040885
0 0.811343 0.201432 0.034722 0.035677
0 0.269676 0.519141 0.034722 0.035677
0 0.371991 0.175130 0.081944 0.014323
0 0.235417 0.438151 0.058796 0.019531
0 0.402083 0.273047 0.021759 0.048698
0 0.374306 0.192318 0.058796 0.017448
0 0.744676 0.133724 0.068056 0.014844
0 0.249306 0.094661 0.068056 0.014844
0 0.091898 0.485286 0.068056 0.014844
0 0.876620 0.214844 0.063426 0.015625
0 0.233102 0.274349 0.017130 0.056510
0 0.700231 0.120703 0.062500 0.014844
0 0.339120 0.294922 0.062500 0.014323
0 0.047917 0.385026 0.072685 0.012240
0 0.485417 0.532161 0.058796 0.014844
0 0.046296 0.544922 0.060185 0.014323
0 0.290972 0.589193 0.058796 0.014323
0 0.439120 0.580339 0.021759 0.038281
0 0.323380 0.176693 0.021759 0.038281
0 0.402083 0.567057 0.021759 0.037760
0 0.050231 0.626953 0.021759 0.037760
0 0.142824 0.186849 0.068056 0.011719
0 0.700694 0.333984 0.081944 0.009115
0 0.135880 0.517839 0.026389 0.027865
0 0.165509 0.151953 0.048611 0.014844
0 0.406713 0.637630 0.021759 0.033073
0 0.059491 0.098568 0.021759 0.033073
0 0.619676 0.801693 0.058796 0.012240
0 0.626620 0.116797 0.054167 0.012240
0 0.278935 0.227214 0.071759 0.009115
0 0.112731 0.672526 0.044907 0.014323
0 0.114583 0.577083 0.057870 0.010937
0 0.075694 0.102474 0.017130 0.035677
0 0.814120 0.146745 0.021759 0.025260
0 0.469213 0.586849 0.017130 0.025260
0 0.293287 0.072526 0.017130 0.017448
0 0.348843 0.072526 0.017130 0.017448
0 0.003009 0.541016 0.005093 0.016927
0 0.568287 0.163411 0.041204 0.037760
0 0.598148 0.167057 0.052778 0.033073
0 0.621759 0.169141 0.059259 0.045573
0 0.241898 0.193099 0.062500 0.032031
0 0.457176 0.483984 0.031019 0.033594
0 0.332407 0.520964 0.062963 0.013281
0 0.295370 0.530859 0.015741 0.057552
0 0.311574 0.555469 0.055556 0.020313
0 0.413426 0.536589 0.091667 0.029948
0 0.472685 0.133854 0.079630 0.016667
0 0.672454 0.147396 0.057870 0.035937
0 0.026852 0.213802 0.048148 0.029167
0 0.044676 0.213411 0.080093 0.074219
0 0.021065 0.155599 0.025463 0.034115
0 0.056019 0.177474 0.063889 0.040885
0 0.175463 0.254557 0.070370 0.040365
0 0.176389 0.326693 0.050000 0.025260
0 0.139352 0.331510 0.061111 0.020313
0 0.469444 0.887630 0.050926 0.030990
0 0.439120 0.790234 0.028241 0.049219
0 0.510648 0.747266 0.055556 0.021615
0 0.410417 0.785417 0.066204 0.021875
0 0.491435 0.799870 0.039352 0.045052
0 0.581944 0.846354 0.046296 0.018229
0 0.134722 0.865625 0.070370 0.030208
0 0.059722 0.839583 0.083333 0.026042
0 0.105324 0.821484 0.051389 0.041406
0 0.044907 0.814844 0.054630 0.040104
0 0.091435 0.652083 0.060648 0.022917
0 0.090972 0.619531 0.025463 0.052604
0 0.103704 0.603516 0.029630 0.037240
0 0.180787 0.680469 0.043981 0.065104
0 0.175463 0.695573 0.080556 0.029687
0 0.220139 0.709505 0.095833 0.024219
0 0.275694 0.723828 0.058796 0.025260
0 0.329861 0.718359 0.090278 0.046615
0 0.246065 0.652344 0.075463 0.022396
0 0.181944 0.469792 0.064815 0.031771
0 0.199769 0.481641 0.041204 0.035156
0 0.212037 0.396484 0.050926 0.031510
0 0.201157 0.387630 0.038426 0.034635
0 0.890046 0.096745 0.098611 0.038281
0 0.840278 0.164844 0.063889 0.017188
0 0.732870 0.248177 0.049074 0.030729
0 0.749306 0.255990 0.018981 0.050521
0 0.854630 0.268490 0.055556 0.041667
0 0.887269 0.281641 0.069907 0.035156
0 0.845602 0.325130 0.070833 0.032552
0 0.752546 0.295312 0.048611 0.048958
0 0.610417 0.238542 0.050463 0.032292
0 0.653241 0.200130 0.053704 0.037240
0 0.651389 0.217708 0.025926 0.034896
0 0.351389 0.224349 0.062037 0.029427
0 0.387731 0.219271 0.050463 0.033333
0 0.433333 0.178776 0.027778 0.023177
0 0.457407 0.184505 0.037963 0.033073
0 0.569907 0.336979 0.100000 0.022396
0 0.440046 0.354557 0.078241 0.028906
0 0.494444 0.417708 0.019444 0.063021
0 0.587963 0.407682 0.079630 0.041927
0 0.610185 0.415755 0.025926 0.046094
0 0.642130 0.430990 0.052778 0.029687
0 0.690741 0.453516 0.034259 0.036198
0 0.766898 0.455208 0.081019 0.044792
0 0.939583 0.467839 0.049537 0.065365
0 0.567593 0.282943 0.073148 0.039323
0 0.306481 0.668359 0.040741 0.036198
0 0.525463 0.620443 0.079630 0.038802
0 0.058796 0.463151 0.042593 0.029948
0 0.048843 0.529948 0.056944 0.043229
0 0.415278 0.471745 0.058333 0.038281
0 0.369907 0.485026 0.054630 0.025260
0 0.359491 0.419271 0.056944 0.045312
0 0.383102 0.448177 0.045833 0.042188
0 0.457870 0.406901 0.041667 0.053385
0 0.487037 0.465755 0.025926 0.044531
0 0.596528 0.481771 0.034722 0.048438
0 0.177546 0.770052 0.070833 0.048958
0 0.614815 0.370312 0.077778 0.014063
0 0.700000 0.360417 0.076852 0.014063
0 0.705787 0.413672 0.080093 0.041927
0 0.739583 0.417448 0.057870 0.016146
0 0.192130 0.575521 0.074074 0.026042
0 0.142361 0.535547 0.061574 0.030469
0 0.060417 0.561719 0.065278 0.020833
0 0.132639 0.551302 0.071759 0.029687
