0 0.101157 0.696484 0.094907 0.047135
0 0.883565 0.537370 0.086574 0.103385
0 0.101157 0.205339 0.086574 0.079948
0 0.888194 0.461198 0.142130 0.034375
0 0.718750 0.345964 0.062500 0.074740
0 0.911343 0.675391 0.058796 0.061719
0 0.860417 0.751172 0.049537 0.066406
0 0.918287 0.339453 0.100463 0.030469
0 0.351157 0.845964 0.095833 0.027865
0 0.821065 0.422786 0.035648 0.061719
0 0.728472 0.060807 0.109722 0.020052
0 0.190972 0.450781 0.043981 0.050000
0 0.531250 0.056901 0.094907 0.022656
0 0.149769 0.383724 0.100463 0.020052
0 0.954630 0.204036 0.087963 0.020052
0 0.951389 0.524349 0.037037 0.046094
0 0.918287 0.365495 0.109722 0.014844
0 0.827546 0.081641 0.039352 0.035677
0 0.642824 0.405599 0.077315 0.016927
0 0.520139 0.114193 0.072685 0.017448
0 0.164815 0.366797 0.102778 0.012240
0 0.946065 0.212891 0.072685 0.016927
0 0.778935 0.531510 0.090278 0.013542
0 0.520139 0.087891 0.100463 0.011719
0 0.110417 0.571224 0.021759 0.051302
0 0.803704 0.753516 0.019444 0.056510
0 0.825694 0.188411 0.063426 0.014844
0 0.951852 0.181901 0.075000 0.012240
0 0.987731 0.502214 0.017130 0.048698
0 0.739583 0.473568 0.030093 0.027865
0 0.578009 0.569922 0.021759 0.038281
0 0.934028 0.156901 0.057870 0.014323
0 0.105787 0.857422 0.086574 0.009115
0 0.742361 0.066016 0.081944 0.009635
0 0.833796 0.340755 0.061111 0.012240
0 0.522454 0.063411 0.077315 0.009635
0 0.219213 0.493750 0.017130 0.042188
0 0.895139 0.862891 0.017130 0.040885
0 0.686343 0.737891 0.016204 0.040885
0 0.995833 0.351172 0.005556 0.012240
0 0.959491 0.162109 0.067130 0.032031
0 0.925694 0.123307 0.148611 0.020052
0 0.956250 0.107943 0.044907 0.019010
0 0.379167 0.200521 0.099074 0.031250
0 0.287731 0.278516 0.086574 0.030469
0 0.139815 0.273047 0.075000 0.051823
0 0.761343 0.237370 0.081019 0.041927
0 0.688426 0.240234 0.049074 0.036719
0 0.651620 0.239063 0.061574 0.053125
0 0.579167 0.333464 0.055556 0.046094
0 0.807176 0.302604 0.068981 0.054167
0 0.903241 0.415885 0.077778 0.035417
0 0.847917 0.417318 0.051389 0.053906
0 0.242593 0.361198 0.057407 0.014063
0 0.715972 0.508203 0.065278 0.034115
0 0.772685 0.504948 0.063889 0.038542
0 0.827083 0.520703 0.103241 0.041927
0 0.851852 0.625130 0.091667 0.051302
0 0.833565 0.697135 0.121759 0.050000
0 0.925926 0.740755 0.065741 0.053385
0 0.950694 0.793359 0.082870 0.051302
0 0.574537 0.780599 0.125926 0.051302
