0 0.615046 0.145182 0.216204 0.042969
0 0.334491 0.520443 0.164352 0.038281
0 0.191435 0.293880 0.137500 0.027865
0 0.501620 0.299089 0.128241 0.022656
0 0.120370 0.723568 0.097222 0.027865
0 0.209954 0.679688 0.054167 0.049479
0 0.697222 0.277995 0.093519 0.027344
0 0.080324 0.405859 0.109722 0.022656
0 0.226157 0.323177 0.049537 0.050000
0 0.080324 0.158464 0.044907 0.053906
0 0.174769 0.796484 0.048611 0.048698
0 0.158565 0.730078 0.090278 0.025260
0 0.334491 0.905859 0.081019 0.027865
0 0.054861 0.616797 0.040278 0.053906
0 0.156713 0.849870 0.040278 0.051302
0 0.182176 0.771745 0.100463 0.020052
0 0.047917 0.848568 0.044907 0.043490
0 0.346528 0.896745 0.095833 0.020052
0 0.122685 0.690365 0.101852 0.018750
0 0.115046 0.606380 0.040278 0.043490
0 0.064120 0.321615 0.040278 0.041667
0 0.746528 0.293880 0.090278 0.017448
0 0.397454 0.836849 0.077315 0.020052
0 0.378935 0.215755 0.040278 0.038281
0 0.341898 0.676693 0.040278 0.038281
0 0.918287 0.548828 0.035648 0.042969
0 0.272454 0.872005 0.021759 0.069531
0 0.896991 0.296484 0.067130 0.022656
0 0.054861 0.586589 0.031019 0.045573
0 0.154398 0.656510 0.035648 0.039583
0 0.089583 0.708203 0.081944 0.016927
0 0.115046 0.158464 0.031019 0.043490
0 0.953009 0.296484 0.031019 0.043490
0 0.781713 0.286068 0.077315 0.017448
0 0.087269 0.442318 0.031019 0.043490
0 0.751620 0.179297 0.026389 0.048698
0 0.182176 0.214453 0.035648 0.035677
0 0.746991 0.336849 0.035648 0.035677
0 0.739583 0.175391 0.030093 0.040885
0 0.242361 0.844661 0.026389 0.046094
0 0.309491 0.745703 0.058796 0.020052
0 0.035880 0.260026 0.067130 0.017448
0 0.420139 0.562109 0.030093 0.038281
0 0.346065 0.365495 0.030093 0.035677
0 0.017824 0.870052 0.031019 0.034375
0 0.679861 0.307292 0.031019 0.033854
0 0.825694 0.404297 0.072685 0.014323
0 0.295602 0.324479 0.021759 0.047396
0 0.151620 0.189453 0.020833 0.048177
0 0.159028 0.236589 0.081944 0.012240
0 0.277083 0.108724 0.058796 0.016927
0 0.471528 0.294922 0.068056 0.014323
0 0.374306 0.929297 0.077315 0.012240
0 0.279398 0.125911 0.063426 0.014844
0 0.130093 0.757422 0.024074 0.038281
0 0.059028 0.493750 0.020833 0.042188
0 0.454861 0.929297 0.071759 0.012240
0 0.446065 0.249609 0.026389 0.033073
0 0.728472 0.386979 0.026389 0.031771
0 0.874306 0.247005 0.021759 0.038281
0 0.383565 0.775651 0.021759 0.038281
0 0.151620 0.461849 0.085648 0.009635
0 0.781713 0.246745 0.021759 0.037760
0 0.934491 0.371354 0.021759 0.036979
0 0.285185 0.202734 0.028704 0.027865
0 0.207176 0.264974 0.067130 0.011719
0 0.473843 0.142839 0.063426 0.012240
0 0.371991 0.241797 0.026389 0.027865
0 0.948380 0.257422 0.021759 0.033073
0 0.453009 0.806901 0.058796 0.012240
0 0.177083 0.335547 0.016204 0.043490
0 0.800231 0.642188 0.021759 0.031771
0 0.040972 0.428646 0.021759 0.031771
0 0.057176 0.191016 0.026389 0.025260
0 0.876157 0.351172 0.016204 0.038281
0 0.020139 0.537370 0.017130 0.035677
0 0.191435 0.107682 0.017130 0.035677
0 0.400231 0.726823 0.043981 0.013542
0 0.188657 0.806901 0.020833 0.027865
0 0.177083 0.628255 0.016204 0.035156
0 0.587269 0.206641 0.058796 0.009635
0 0.082639 0.196615 0.021759 0.026042
0 0.815278 0.249609 0.024074 0.022656
0 0.186343 0.155859 0.016204 0.033073
0 0.888194 0.382422 0.021759 0.022656
0 0.770139 0.314714 0.017130 0.027865
0 0.265509 0.296224 0.017130 0.027344
0 0.038657 0.535807 0.017130 0.027344
0 0.415972 0.780208 0.012500 0.036979
0 0.114583 0.246745 0.039352 0.011719
0 0.256250 0.170833 0.017130 0.026562
0 0.138194 0.341797 0.049537 0.009115
0 0.561806 0.110286 0.035648 0.009635
0 0.934028 0.648698 0.011574 0.023958
