0 0.182176 0.616797 0.128241 0.038281
0 0.314120 0.153255 0.114352 0.038281
0 0.089583 0.498307 0.054167 0.077344
0 0.859954 0.974870 0.150463 0.025260
0 0.922917 0.591406 0.044907 0.076042
0 0.837269 0.851172 0.049537 0.059115
0 0.610417 0.358984 0.095833 0.027865
0 0.723843 0.245703 0.044907 0.056510
0 0.670139 0.827734 0.085648 0.027865
0 0.573380 0.194922 0.105093 0.022656
0 0.812963 0.786068 0.084259 0.027865
0 0.589583 0.869401 0.081944 0.027865
0 0.146991 0.560547 0.048611 0.045573
0 0.652083 0.197526 0.095833 0.022656
0 0.149769 0.373698 0.100463 0.020833
0 0.325694 0.342057 0.044907 0.046094
0 0.510880 0.228776 0.081944 0.022656
0 0.672917 0.853776 0.081944 0.022656
0 0.378935 0.843359 0.031019 0.059115
0 0.587269 0.433854 0.031019 0.055208
0 0.300231 0.275651 0.095833 0.017448
0 0.158565 0.394141 0.081019 0.020052
0 0.147454 0.125651 0.040278 0.040365
0 0.896991 0.451432 0.039352 0.040885
0 0.054861 0.263932 0.031019 0.051302
0 0.701157 0.390234 0.090278 0.017448
0 0.619676 0.559505 0.031019 0.048698
0 0.850000 0.891536 0.075000 0.020052
0 0.110417 0.275391 0.086574 0.016927
0 0.042824 0.636979 0.034722 0.042188
0 0.515509 0.172786 0.072685 0.020052
0 0.700694 0.840755 0.081944 0.017448
0 0.668287 0.372005 0.081944 0.017448
0 0.260880 0.854818 0.072685 0.019531
0 0.921065 0.797786 0.039352 0.035677
0 0.549769 0.834245 0.020833 0.066927
0 0.774769 0.410807 0.081944 0.016927
0 0.073380 0.714453 0.068056 0.020052
0 0.707639 0.107682 0.068056 0.020052
0 0.017824 0.952734 0.031019 0.043490
0 0.800231 0.654297 0.068056 0.019531
0 0.105787 0.680599 0.086574 0.014844
0 0.131250 0.349870 0.063426 0.020052
0 0.883333 0.285156 0.021296 0.041667
0 0.686806 0.597005 0.063426 0.019531
0 0.804398 0.448828 0.030093 0.040885
0 0.163657 0.852474 0.081944 0.014844
0 0.314120 0.853776 0.068056 0.017448
0 0.409028 0.594401 0.081944 0.014323
0 0.480324 0.322526 0.067130 0.017448
0 0.934491 0.442057 0.021759 0.053385
0 0.396296 0.608984 0.065741 0.017448
0 0.163657 0.728516 0.026389 0.042969
0 0.716435 0.873047 0.076389 0.014323
0 0.584954 0.496745 0.063426 0.016927
0 0.212269 0.528906 0.031019 0.034375
0 0.767824 0.231380 0.021759 0.048698
0 0.818750 0.676693 0.021759 0.048698
0 0.743519 0.152604 0.065741 0.016146
0 0.564120 0.148047 0.058796 0.017448
0 0.818750 0.283464 0.031019 0.033073
0 0.566435 0.294531 0.054167 0.018750
0 0.075694 0.830339 0.026389 0.038281
0 0.552083 0.786719 0.025463 0.039583
0 0.422917 0.152995 0.026389 0.037760
0 0.223843 0.376563 0.026389 0.036979
0 0.897454 0.766927 0.031019 0.031250
0 0.628472 0.636328 0.020833 0.046094
0 0.531713 0.817318 0.021759 0.043490
0 0.418287 0.930599 0.063426 0.014844
0 0.881250 0.597266 0.026389 0.035677
0 0.515509 0.687109 0.017130 0.053906
0 0.225694 0.417578 0.030093 0.030469
0 0.920139 0.298828 0.020833 0.042969
0 0.663657 0.809505 0.072685 0.012240
0 0.634722 0.418229 0.024074 0.036979
0 0.274769 0.394141 0.017130 0.051302
0 0.733102 0.892578 0.072685 0.011719
0 0.163657 0.668620 0.072685 0.011719
0 0.328009 0.167578 0.086574 0.009635
0 0.406713 0.127214 0.068056 0.012240
0 0.301852 0.614193 0.064815 0.012240
0 0.756250 0.282161 0.081944 0.009635
0 0.339120 0.194271 0.071759 0.010937
0 0.524769 0.742839 0.054167 0.014323
0 0.162500 0.209896 0.070370 0.010937
0 0.155556 0.225911 0.065741 0.011719
0 0.626620 0.681901 0.017130 0.043490
0 0.499306 0.500260 0.021759 0.034375
0 0.238426 0.136979 0.046296 0.016146
0 0.496528 0.152995 0.062500 0.011719
0 0.820602 0.356771 0.025463 0.028646
0 0.800231 0.898047 0.021759 0.033073
0 0.878472 0.840755 0.057870 0.012240
0 0.221065 0.176693 0.057870 0.012240
0 0.446065 0.269141 0.072685 0.009635
0 0.668287 0.256120 0.017130 0.040885
0 0.082639 0.548438 0.021759 0.031771
0 0.059028 0.546484 0.020833 0.033073
0 0.811806 0.878255 0.072685 0.009115
0 0.284028 0.828776 0.072685 0.009115
0 0.362731 0.235286 0.044907 0.014844
0 0.687963 0.669271 0.019444 0.033854
0 0.318750 0.779557 0.068056 0.009635
0 0.948380 0.768880 0.021759 0.029948
0 0.605787 0.474609 0.021759 0.029948
0 0.059491 0.143880 0.021759 0.029948
0 0.462269 0.359635 0.021759 0.029167
0 0.373843 0.529297 0.067130 0.009115
0 0.020139 0.769141 0.017130 0.035677
0 0.751620 0.331641 0.063426 0.009635
0 0.737269 0.670182 0.016204 0.035677
0 0.371528 0.632422 0.016204 0.033073
0 0.263194 0.654297 0.021759 0.024740
0 0.177546 0.201432 0.054167 0.009635
0 0.881250 0.248047 0.017130 0.029948
0 0.508102 0.463151 0.011574 0.038281
0 0.561806 0.132422 0.017130 0.017448
0 0.511343 0.915234 0.070833 0.037760
0 0.518056 0.892318 0.065741 0.040365
0 0.492361 0.861198 0.043056 0.036979
0 0.467824 0.842578 0.049537 0.046094
0 0.457870 0.832682 0.075000 0.028906
0 0.461574 0.832812 0.057407 0.053125
0 0.440509 0.857943 0.060648 0.037760
0 0.444213 0.904167 0.078241 0.042188
0 0.059722 0.896745 0.066667 0.053906
0 0.087269 0.871484 0.052315 0.040365
0 0.138889 0.827865 0.056481 0.032813
0 0.171991 0.803906 0.058796 0.035937
0 0.103935 0.811979 0.052315 0.032292
0 0.100231 0.780339 0.041204 0.053906
0 0.067593 0.764974 0.038889 0.054427
0 0.086574 0.744531 0.044444 0.047917
0 0.113889 0.739844 0.055556 0.035417
0 0.152778 0.716406 0.074074 0.027604
0 0.127083 0.709766 0.034722 0.044531
0 0.067361 0.645703 0.060648 0.046094
0 0.192130 0.681510 0.042593 0.055208
0 0.379630 0.735417 0.068519 0.030208
0 0.280787 0.777865 0.056019 0.043750
0 0.318519 0.803776 0.054630 0.033594
0 0.377778 0.796224 0.053704 0.021094
0 0.483333 0.773568 0.080556 0.037760
0 0.669676 0.752214 0.050463 0.034635
0 0.763657 0.772005 0.050463 0.025781
0 0.632176 0.790885 0.066204 0.034375
0 0.885880 0.726953 0.046759 0.040365
0 0.929167 0.723828 0.025000 0.053385
0 0.942824 0.702474 0.056944 0.053385
0 0.763889 0.700521 0.062037 0.036458
0 0.776852 0.605469 0.018519 0.052083
0 0.690046 0.630859 0.051389 0.031510
0 0.596991 0.644531 0.029167 0.022396
0 0.590046 0.641276 0.044907 0.056510
0 0.518056 0.622396 0.038889 0.034896
0 0.526157 0.606250 0.069907 0.022396
0 0.470602 0.647266 0.048611 0.039844
0 0.549537 0.585547 0.051852 0.045052
0 0.602083 0.588411 0.103241 0.040365
0 0.605787 0.543099 0.042130 0.037240
0 0.735185 0.548828 0.056481 0.045573
0 0.766435 0.551302 0.035648 0.017708
0 0.782407 0.504818 0.043519 0.035156
0 0.915972 0.516797 0.062500 0.028906
0 0.683333 0.475781 0.040741 0.026042
0 0.681019 0.448437 0.062037 0.023958
0 0.759028 0.430990 0.078241 0.019271
0 0.721759 0.470964 0.075000 0.037240
0 0.749537 0.472005 0.025000 0.023177
0 0.795602 0.472266 0.067130 0.028906
0 0.698843 0.404036 0.039352 0.044531
0 0.699306 0.411849 0.045833 0.036198
0 0.870833 0.372005 0.055556 0.025260
0 0.913657 0.351953 0.061574 0.041927
0 0.896991 0.287500 0.024537 0.030729
0 0.549769 0.271615 0.083796 0.035937
0 0.479167 0.252995 0.063889 0.009115
0 0.639120 0.244661 0.047685 0.026823
0 0.677315 0.229818 0.021296 0.040365
0 0.689352 0.222266 0.018519 0.035677
0 0.762731 0.201042 0.048611 0.020833
0 0.301157 0.878255 0.043056 0.033594
0 0.103009 0.622005 0.044907 0.024219
0 0.314815 0.564453 0.031481 0.032031
0 0.346759 0.560286 0.076852 0.029427
0 0.212269 0.494792 0.081019 0.038542
0 0.135880 0.486849 0.044907 0.042448
0 0.049769 0.453776 0.027315 0.042969
0 0.042361 0.432292 0.068981 0.032292
0 0.032639 0.406120 0.032870 0.032552
0 0.074537 0.413281 0.068519 0.027604
0 0.206713 0.429167 0.020833 0.041667
0 0.359028 0.437630 0.084722 0.042969
0 0.390972 0.357943 0.054167 0.033073
0 0.428009 0.301823 0.048611 0.051562
0 0.256019 0.297917 0.053704 0.036458
0 0.273843 0.291667 0.066204 0.021875
0 0.184722 0.285286 0.049074 0.036719
0 0.198148 0.310677 0.049074 0.027604
0 0.097454 0.309635 0.045833 0.043229
0 0.047222 0.325000 0.036111 0.055208
0 0.033102 0.340365 0.029167 0.039062
0 0.062963 0.371745 0.051852 0.040885
0 0.092361 0.368620 0.022685 0.023177
0 0.284722 0.347526 0.068519 0.013281
0 0.262731 0.332422 0.067130 0.028385
0 0.142361 0.288411 0.032870 0.036719
0 0.123380 0.250130 0.029167 0.050781
0 0.258565 0.237240 0.043981 0.067187
0 0.263426 0.247266 0.084259 0.035156
0 0.300463 0.217839 0.079630 0.037240
0 0.397454 0.268620 0.043981 0.031510
0 0.416435 0.241797 0.054167 0.024219
0 0.464352 0.244010 0.076852 0.019271
0 0.452546 0.219531 0.070833 0.027083
0 0.446759 0.206901 0.062037 0.021094
0 0.473843 0.129427 0.047685 0.034375
0 0.510417 0.130859 0.044907 0.031510
0 0.755556 0.104557 0.024074 0.043490
0 0.776157 0.320052 0.044907 0.030208
0 0.794444 0.322266 0.025926 0.033594
0 0.812500 0.327083 0.031481 0.040104
0 0.785880 0.370443 0.052315 0.044531
0 0.753704 0.375911 0.064815 0.046615
0 0.809028 0.236979 0.054167 0.042188
0 0.800231 0.226562 0.037500 0.043229
0 0.803241 0.218620 0.055556 0.027344
0 0.842824 0.206510 0.042130 0.042188
0 0.888194 0.218229 0.073611 0.036979
0 0.760417 0.170964 0.069907 0.012760
0 0.779398 0.158984 0.067130 0.023177
0 0.738194 0.182812 0.098611 0.024479
0 0.661806 0.173958 0.069907 0.022917
0 0.692593 0.158984 0.075926 0.028906
0 0.655787 0.153385 0.079167 0.030208
0 0.569444 0.169661 0.049074 0.017969
0 0.812731 0.107161 0.022685 0.041406
0 0.870833 0.099479 0.012037 0.034375
0 0.889352 0.106771 0.014815 0.032292
0 0.846065 0.109505 0.055093 0.031510
0 0.865972 0.178906 0.120833 0.027604
0 0.045370 0.216276 0.089815 0.027865
0 0.046991 0.204297 0.045833 0.025260
0 0.077546 0.185026 0.074537 0.028385
0 0.040741 0.182422 0.080556 0.012760
0 0.023148 0.177083 0.034259 0.029167
0 0.147454 0.186979 0.064352 0.031771
0 0.076389 0.227604 0.070370 0.016146
0 0.210880 0.585547 0.088426 0.033594
0 0.216435 0.562109 0.078241 0.023698
0 0.159028 0.529297 0.058796 0.014323
