0 0.272454 0.653255 0.068056 0.069531
0 0.742361 0.878516 0.063426 0.072135
0 0.950231 0.750911 0.062500 0.066927
0 0.663194 0.540625 0.108796 0.036979
0 0.881713 0.911068 0.136574 0.022656
0 0.209954 0.854427 0.128241 0.023958
0 0.814120 0.769141 0.049537 0.061719
0 0.394676 0.874609 0.108796 0.027865
0 0.519676 0.860286 0.118056 0.025260
0 0.837269 0.885026 0.123611 0.022656
0 0.341898 0.704036 0.049537 0.051302
0 0.649769 0.880859 0.100463 0.024740
0 0.126620 0.636328 0.035648 0.066927
0 0.221528 0.603776 0.040278 0.059115
0 0.785880 0.063411 0.048611 0.046094
0 0.696065 0.496745 0.128241 0.016927
0 0.719213 0.157161 0.035648 0.056510
0 0.086806 0.899349 0.076389 0.025260
0 0.923611 0.544661 0.027778 0.062760
0 0.981944 0.310807 0.033333 0.056510
0 0.917824 0.054297 0.034722 0.053906
0 0.168287 0.840755 0.100463 0.017448
0 0.751620 0.088151 0.100463 0.017448
0 0.112269 0.551693 0.071759 0.022656
0 0.108102 0.700130 0.026389 0.059115
0 0.830324 0.122005 0.035648 0.043490
0 0.647454 0.618750 0.031019 0.047396
0 0.552546 0.569922 0.081944 0.017448
0 0.647454 0.460547 0.031019 0.043490
0 0.871991 0.070964 0.091204 0.014323
0 0.376157 0.070443 0.069907 0.050260
0 0.068750 0.857682 0.058796 0.020052
0 0.715741 0.433203 0.019444 0.056510
0 0.637269 0.072266 0.085648 0.059115
0 0.094213 0.825130 0.072685 0.012240
0 0.277083 0.538672 0.068056 0.012240
0 0.087269 0.306641 0.021759 0.037760
0 0.876620 0.818620 0.026389 0.030469
0 0.052546 0.500911 0.017130 0.046094
0 0.468750 0.089453 0.081019 0.009635
0 0.278935 0.893880 0.081019 0.009115
0 0.084954 0.253516 0.017130 0.035677
0 0.723148 0.068620 0.109259 0.044531
0 0.619676 0.347005 0.012500 0.029948
0 0.340046 0.407943 0.084722 0.056510
0 0.881944 0.037760 0.056481 0.031250
0 0.163889 0.361849 0.075000 0.051823
0 0.568519 0.423698 0.075926 0.031250
0 0.565972 0.466276 0.114352 0.043490
0 0.574306 0.506120 0.077315 0.035677
0 0.606250 0.515365 0.044907 0.021875
0 0.531250 0.534375 0.079167 0.015625
0 0.486806 0.528255 0.061574 0.052865
0 0.971991 0.456510 0.056019 0.043229
0 0.334491 0.596224 0.066204 0.040365
0 0.432176 0.613281 0.109722 0.044271
0 0.587037 0.596615 0.077778 0.043229
0 0.817361 0.835547 0.065278 0.045573
0 0.920139 0.863672 0.065278 0.059115
0 0.980787 0.843490 0.038426 0.111458
