0 0.821065 0.642839 0.211574 0.043490
0 0.670602 0.892839 0.123611 0.038281
0 0.610417 0.254818 0.123611 0.033073
0 0.530556 0.309505 0.121296 0.033073
0 0.065972 0.731380 0.062500 0.059115
0 0.064120 0.823568 0.058796 0.055990
0 0.904398 0.434505 0.109722 0.027865
0 0.302083 0.713151 0.053241 0.053906
0 0.934491 0.620443 0.049537 0.055990
0 0.262037 0.497005 0.047222 0.048698
0 0.546759 0.769141 0.098148 0.020052
0 0.325231 0.106380 0.081019 0.022656
0 0.525926 0.465104 0.084259 0.021354
0 0.152083 0.693620 0.031019 0.056510
0 0.500463 0.164974 0.042593 0.040885
0 0.932176 0.694661 0.035648 0.048177
0 0.730787 0.858984 0.095833 0.017448
0 0.975000 0.145443 0.037963 0.043490
0 0.904398 0.685807 0.035648 0.046094
0 0.096528 0.833594 0.031019 0.050000
0 0.730787 0.448828 0.077315 0.020052
0 0.147454 0.267839 0.040278 0.038281
0 0.050231 0.491797 0.031019 0.048698
0 0.892824 0.590755 0.031019 0.048698
0 0.770139 0.506120 0.100463 0.014844
0 0.520139 0.296484 0.081944 0.017448
0 0.459954 0.533464 0.081944 0.017448
0 0.788657 0.129818 0.026389 0.053906
0 0.878935 0.651953 0.095833 0.014844
0 0.022454 0.744401 0.031019 0.043490
0 0.770139 0.204687 0.081944 0.016146
0 0.686806 0.749609 0.072685 0.017448
0 0.749306 0.115495 0.031019 0.040885
0 0.793287 0.697266 0.072685 0.016927
0 0.848380 0.518880 0.034722 0.035156
0 0.569907 0.526953 0.033333 0.035677
0 0.730787 0.733984 0.068056 0.017448
0 0.471528 0.236589 0.068056 0.017448
0 0.899769 0.387630 0.026389 0.043490
0 0.670602 0.107682 0.077315 0.014844
0 0.365046 0.344401 0.058796 0.019531
0 0.062500 0.778255 0.064815 0.017448
0 0.358102 0.817318 0.063426 0.017448
0 0.737269 0.874609 0.062500 0.017448
0 0.209954 0.532161 0.072685 0.014844
0 0.573380 0.689714 0.086574 0.012240
0 0.203009 0.589453 0.021759 0.046094
0 0.415509 0.775651 0.030093 0.033073
0 0.586806 0.223307 0.057870 0.016927
0 0.862731 0.131771 0.026389 0.036979
0 0.216898 0.099609 0.068056 0.014323
0 0.448380 0.576172 0.068056 0.014323
0 0.795602 0.481380 0.077315 0.012240
0 0.811806 0.115495 0.026389 0.035677
0 0.834954 0.685807 0.063426 0.014844
0 0.061806 0.417578 0.026389 0.035677
0 0.698380 0.162370 0.095833 0.009635
0 0.392824 0.117839 0.031019 0.029948
0 0.927546 0.204427 0.054167 0.015625
0 0.693750 0.184505 0.068056 0.012240
0 0.610417 0.606380 0.021759 0.038281
0 0.608102 0.756120 0.054167 0.014844
0 0.135880 0.498307 0.026389 0.030469
0 0.112731 0.740495 0.026389 0.030469
0 0.126620 0.631120 0.017130 0.046094
0 0.825694 0.280859 0.063426 0.012240
0 0.642824 0.201432 0.021759 0.035677
0 0.193750 0.855078 0.021759 0.035677
0 0.684491 0.472266 0.077315 0.009635
0 0.966435 0.214453 0.020833 0.035677
0 0.626620 0.659766 0.072685 0.009635
0 0.552083 0.671224 0.025463 0.027344
0 0.219213 0.724870 0.026389 0.025260
0 0.936806 0.795573 0.063426 0.010417
0 0.209954 0.832943 0.017130 0.038281
0 0.436343 0.504818 0.016204 0.038281
0 0.223843 0.589453 0.017130 0.035677
0 0.594213 0.672786 0.063426 0.009635
0 0.959954 0.125911 0.063426 0.009635
0 0.950694 0.631120 0.017130 0.035677
0 0.756250 0.530208 0.054167 0.010937
0 0.573380 0.079036 0.058796 0.009635
0 0.730787 0.084245 0.058796 0.009635
0 0.552546 0.355078 0.017130 0.030469
0 0.515509 0.754818 0.063426 0.007031
0 0.515509 0.515234 0.063426 0.007031
0 0.883565 0.802995 0.021759 0.020052
0 0.635417 0.410807 0.016204 0.022135
