0 0.466898 0.755859 0.095833 0.108073
0 0.591435 0.857682 0.150463 0.051302
0 0.189120 0.856120 0.169907 0.042969
0 0.760417 0.630859 0.118056 0.035156
0 0.968981 0.338021 0.039815 0.049479
0 0.828009 0.495703 0.049537 0.077344
0 0.484259 0.590755 0.056481 0.064323
0 0.659028 0.788411 0.128241 0.027344
0 0.297917 0.865495 0.100463 0.030469
0 0.422917 0.890234 0.128241 0.022656
0 0.561806 0.817318 0.100463 0.027865
0 0.498148 0.869401 0.093519 0.027865
0 0.161343 0.792578 0.049537 0.046094
0 0.832639 0.670182 0.040278 0.056510
0 0.068750 0.796484 0.031019 0.064323
0 0.929398 0.888672 0.085648 0.019531
0 0.786343 0.146745 0.040278 0.040885
0 0.860417 0.047786 0.040278 0.040885
0 0.207639 0.188411 0.031019 0.051302
0 0.957639 0.081641 0.077315 0.020052
0 0.610417 0.638672 0.077315 0.019531
0 0.788657 0.866797 0.118981 0.012240
0 0.329167 0.844661 0.088889 0.014844
0 0.679861 0.063411 0.031019 0.040885
0 0.189120 0.762630 0.021759 0.053906
0 0.949537 0.314714 0.024074 0.048698
0 0.929861 0.838151 0.077315 0.012240
0 0.740046 0.047526 0.058796 0.014323
0 0.080324 0.227474 0.017130 0.040885
0 0.230324 0.558203 0.011574 0.035677
0 0.825231 0.051432 0.049537 0.032031
0 0.770602 0.040495 0.032870 0.033073
0 0.790972 0.073177 0.022685 0.062500
0 0.918981 0.123958 0.081481 0.013542
0 0.960417 0.153646 0.025463 0.059375
0 0.870833 0.160417 0.059259 0.034896
0 0.866204 0.219661 0.038889 0.036198
0 0.830556 0.261068 0.029630 0.033073
0 0.667824 0.120703 0.048611 0.043490
0 0.755787 0.070182 0.031944 0.030469
0 0.584722 0.113151 0.058333 0.025260
0 0.522222 0.166927 0.096296 0.046875
0 0.126852 0.129427 0.053704 0.046354
0 0.899074 0.325651 0.069444 0.036198
0 0.957176 0.491536 0.084722 0.055990
0 0.391204 0.536328 0.040741 0.046094
0 0.754630 0.723177 0.105556 0.043750
0 0.856250 0.792057 0.091204 0.035677
0 0.742824 0.798047 0.105093 0.043490
0 0.544444 0.760938 0.065741 0.040104
0 0.378472 0.750130 0.066204 0.051823
0 0.384491 0.783464 0.043056 0.026823
0 0.316898 0.775651 0.088426 0.024740
0 0.309028 0.817969 0.058796 0.037500
0 0.155324 0.749609 0.060648 0.038281
