0 0.832639 0.506120 0.123611 0.040885
0 0.258565 0.810807 0.123611 0.040885
0 0.851157 0.531250 0.142130 0.033854
0 0.635880 0.707943 0.109722 0.038281
0 0.464583 0.698568 0.054167 0.076823
0 0.742361 0.795833 0.063426 0.063021
0 0.079861 0.571224 0.108796 0.035677
0 0.411343 0.786068 0.114352 0.033073
0 0.473843 0.255208 0.109722 0.033854
0 0.136343 0.663672 0.062500 0.059115
0 0.508565 0.107682 0.058796 0.056510
0 0.392824 0.740495 0.105093 0.030469
0 0.093056 0.698828 0.051852 0.061719
0 0.703009 0.632422 0.049537 0.064323
0 0.244213 0.705339 0.094907 0.033073
0 0.746991 0.124609 0.137500 0.022656
0 0.374306 0.648047 0.095833 0.027865
0 0.684491 0.537370 0.105093 0.025260
0 0.601157 0.758724 0.095833 0.025260
0 0.425231 0.476172 0.049537 0.048698
0 0.693750 0.732682 0.049537 0.046094
0 0.628935 0.386328 0.049537 0.046094
0 0.628935 0.503516 0.040278 0.056510
0 0.140509 0.715755 0.100463 0.022656
0 0.679861 0.112891 0.105093 0.020052
0 0.164815 0.619792 0.047222 0.044271
0 0.038657 0.659766 0.044907 0.046094
0 0.696065 0.590755 0.091204 0.022656
0 0.907870 0.472266 0.079630 0.025260
0 0.330324 0.759375 0.118981 0.016146
0 0.441435 0.504557 0.035648 0.053385
0 0.584954 0.201432 0.044907 0.040885
0 0.422917 0.761328 0.072685 0.025260
0 0.422917 0.316016 0.044907 0.040885
0 0.253935 0.752865 0.095833 0.018750
0 0.645139 0.598958 0.035648 0.049479
0 0.652778 0.652995 0.078704 0.022135
0 0.642824 0.763932 0.086574 0.020052
0 0.073380 0.636068 0.086574 0.019531
0 0.149769 0.858333 0.035648 0.047396
0 0.465741 0.513021 0.037963 0.044271
0 0.834954 0.760026 0.072685 0.022656
0 0.385880 0.808203 0.081944 0.020052
0 0.091898 0.731380 0.132870 0.012240
0 0.112731 0.831380 0.081944 0.019531
0 0.811806 0.425781 0.035648 0.044271
0 0.755093 0.731380 0.088889 0.017448
0 0.591898 0.138932 0.077315 0.020052
0 0.897454 0.819922 0.031019 0.048698
0 0.538657 0.185807 0.035648 0.040885
0 0.746991 0.180599 0.072685 0.020052
0 0.269676 0.430599 0.071759 0.020052
0 0.453009 0.555599 0.031019 0.046094
0 0.082639 0.813151 0.031019 0.045573
0 0.362731 0.624349 0.063426 0.022135
0 0.118519 0.750911 0.093519 0.014844
0 0.828009 0.602474 0.068056 0.020052
0 0.478472 0.542578 0.026389 0.051302
0 0.878472 0.658464 0.020833 0.064323
0 0.881250 0.833984 0.026389 0.050781
0 0.674769 0.213151 0.076389 0.017448
0 0.336111 0.451432 0.065741 0.020052
0 0.828009 0.631510 0.031019 0.041667
0 0.765509 0.839453 0.035648 0.035677
0 0.538657 0.804297 0.072685 0.017448
0 0.795602 0.842057 0.031019 0.040885
0 0.450694 0.582943 0.072685 0.017448
0 0.186806 0.593359 0.072685 0.017448
0 0.730324 0.516927 0.077315 0.016146
0 0.297454 0.881120 0.034722 0.035677
0 0.836806 0.576432 0.030093 0.040885
0 0.823380 0.202734 0.068056 0.017448
0 0.457639 0.420182 0.058796 0.020052
0 0.020139 0.661068 0.035648 0.033073
0 0.774769 0.572526 0.035648 0.033073
0 0.839120 0.543880 0.034722 0.033073
0 0.337269 0.558203 0.021759 0.051302
0 0.621991 0.903255 0.091204 0.012240
0 0.362731 0.286068 0.063426 0.017448
0 0.711111 0.556901 0.028704 0.038281
0 0.242361 0.331641 0.026389 0.040885
0 0.126620 0.474870 0.026389 0.040885
0 0.455324 0.245703 0.072685 0.014844
0 0.735417 0.374609 0.021759 0.048698
0 0.763889 0.192318 0.060185 0.017448
0 0.733102 0.442318 0.026389 0.038281
0 0.934491 0.433203 0.068056 0.014844
0 0.813657 0.150651 0.057870 0.017448
0 0.784028 0.673438 0.091204 0.010937
0 0.774769 0.504167 0.091204 0.010937
0 0.169444 0.579036 0.065741 0.014844
0 0.855787 0.835547 0.021759 0.043490
0 0.165972 0.890234 0.077315 0.012240
0 0.309491 0.440755 0.031019 0.029948
0 0.611574 0.637630 0.051852 0.017448
0 0.538657 0.155859 0.072685 0.012240
0 0.581481 0.631120 0.028704 0.030469
0 0.508565 0.448828 0.058796 0.014844
0 0.476157 0.821224 0.058796 0.014844
0 0.464583 0.715104 0.026389 0.031771
0 0.832639 0.814714 0.021759 0.038281
0 0.809491 0.559245 0.021759 0.037760
0 0.515509 0.237891 0.054167 0.014844
0 0.624306 0.731120 0.068056 0.011719
0 0.547917 0.107422 0.017130 0.045573
0 0.277083 0.722266 0.021759 0.035677
0 0.045602 0.743099 0.077315 0.009635
0 0.152083 0.774349 0.077315 0.009635
0 0.897454 0.768490 0.021759 0.034375
0 0.807176 0.642578 0.017130 0.042969
0 0.517824 0.141536 0.049537 0.014844
0 0.953009 0.228776 0.021759 0.033073
0 0.934491 0.762630 0.021759 0.033073
0 0.341435 0.744401 0.057870 0.012240
0 0.612269 0.616797 0.025463 0.027865
0 0.070602 0.877214 0.016204 0.043490
0 0.464583 0.100521 0.026389 0.026562
0 0.839583 0.459245 0.044907 0.014844
0 0.809491 0.589453 0.021759 0.030469
0 0.758565 0.576432 0.021759 0.030469
0 0.865046 0.170182 0.021759 0.030469
0 0.656713 0.495703 0.021759 0.030469
0 0.152083 0.696224 0.068056 0.009635
0 0.323380 0.735286 0.068056 0.009635
0 0.538194 0.529557 0.043981 0.014844
0 0.184028 0.870703 0.020833 0.030469
0 0.038194 0.372005 0.016204 0.038281
0 0.918287 0.319922 0.017130 0.033073
0 0.941435 0.593359 0.017130 0.033073
0 0.899769 0.689714 0.017130 0.033073
0 0.652083 0.448828 0.058796 0.009635
0 0.543287 0.791276 0.044907 0.012240
0 0.790972 0.236589 0.077315 0.007031
0 0.382407 0.602474 0.056481 0.009635
0 0.677546 0.349870 0.054167 0.009635
0 0.855787 0.096354 0.021759 0.023438
0 0.175231 0.804297 0.012500 0.038281
0 0.549769 0.292578 0.048611 0.009635
0 0.455324 0.633724 0.044907 0.009635
0 0.370833 0.512630 0.014815 0.022656
0 0.663194 0.724870 0.034722 0.009635
0 0.674769 0.308594 0.064352 0.043750
0 0.750694 0.334115 0.082870 0.025521
0 0.705324 0.232292 0.059722 0.039583
0 0.613194 0.229818 0.066204 0.016406
0 0.593287 0.225651 0.071759 0.011198
0 0.528935 0.281380 0.053241 0.030469
0 0.429630 0.275130 0.064815 0.048177
0 0.309028 0.271354 0.035648 0.023958
0 0.633565 0.180208 0.090278 0.036458
0 0.655324 0.171875 0.064352 0.013542
0 0.651852 0.160807 0.079630 0.028906
0 0.704167 0.172656 0.041667 0.034896
0 0.718056 0.095833 0.037037 0.021354
0 0.813889 0.137109 0.052778 0.023698
0 0.654630 0.120964 0.037963 0.022135
0 0.570833 0.100000 0.055556 0.043229
0 0.595602 0.121224 0.036574 0.030469
0 0.900926 0.229818 0.050000 0.039323
0 0.901852 0.211458 0.043519 0.042188
0 0.868750 0.175521 0.070833 0.028646
0 0.797917 0.193490 0.059722 0.035417
0 0.277546 0.403646 0.041204 0.033854
0 0.274306 0.359245 0.036574 0.030469
0 0.331713 0.322656 0.046759 0.038021
0 0.485185 0.373177 0.064815 0.027604
0 0.593287 0.396484 0.042130 0.040885
0 0.461574 0.444401 0.046296 0.048177
0 0.393750 0.440234 0.045833 0.026823
0 0.356944 0.462891 0.067593 0.024219
0 0.360880 0.417578 0.038426 0.027344
0 0.345602 0.479167 0.054167 0.025521
0 0.359259 0.497656 0.053704 0.021875
0 0.232870 0.498437 0.054630 0.042708
0 0.234491 0.446354 0.032870 0.042708
0 0.525231 0.485547 0.048611 0.044010
0 0.601389 0.482682 0.073148 0.042969
0 0.608796 0.538932 0.050000 0.034115
0 0.579861 0.561458 0.060648 0.032292
0 0.658333 0.567839 0.070370 0.020052
0 0.490046 0.605990 0.090278 0.020833
0 0.541435 0.640755 0.066204 0.031510
0 0.362037 0.885417 0.082407 0.031771
0 0.482176 0.879557 0.059722 0.028385
0 0.402315 0.859766 0.042593 0.047135
0 0.493750 0.830599 0.055093 0.025260
0 0.548380 0.824609 0.050463 0.023698
0 0.520833 0.845052 0.053704 0.025521
0 0.573380 0.841016 0.035648 0.029948
0 0.640972 0.841146 0.056019 0.040625
0 0.751389 0.882031 0.057407 0.038021
0 0.925926 0.810026 0.039815 0.033594
0 0.900231 0.874089 0.068056 0.025260
0 0.900926 0.870833 0.031481 0.051042
0 0.048843 0.780859 0.054167 0.017448
0 0.042824 0.854297 0.063426 0.028385
0 0.068981 0.836979 0.035185 0.031250
0 0.209954 0.750391 0.065278 0.034635
0 0.252778 0.676302 0.031481 0.029687
0 0.268981 0.685547 0.068519 0.037760
0 0.222222 0.681641 0.045370 0.035677
0 0.324306 0.704948 0.066204 0.032292
0 0.272222 0.700781 0.049074 0.026562
0 0.227083 0.714193 0.059722 0.014844
0 0.362037 0.713281 0.041667 0.031771
0 0.368519 0.698828 0.043519 0.032031
0 0.344444 0.676693 0.049074 0.025781
0 0.296759 0.655859 0.074074 0.027344
0 0.151852 0.660026 0.030556 0.056510
0 0.134491 0.642188 0.054167 0.025000
0 0.390278 0.567708 0.045370 0.033854
0 0.924769 0.346354 0.070833 0.027604
0 0.951389 0.350391 0.055556 0.031510
0 0.947917 0.371615 0.058796 0.033333
0 0.850000 0.396615 0.040741 0.025521
0 0.842130 0.407943 0.081481 0.025260
0 0.927546 0.417187 0.066204 0.022917
0 0.756019 0.652474 0.067593 0.026823
0 0.836806 0.702474 0.048611 0.041406
0 0.771065 0.698047 0.060648 0.032552
0 0.865278 0.731771 0.047222 0.015104
0 0.958102 0.264453 0.029167 0.039323
0 0.969676 0.164844 0.060648 0.023438
0 0.937269 0.149609 0.069907 0.029948
0 0.750463 0.417839 0.068519 0.039323
0 0.771065 0.398177 0.063426 0.025521
0 0.417593 0.502734 0.057407 0.045573
0 0.530556 0.657292 0.050000 0.022917
0 0.497454 0.697396 0.056019 0.039583
0 0.471065 0.651172 0.047685 0.038802
0 0.840046 0.893750 0.073611 0.034375
0 0.786574 0.908854 0.078704 0.030208
0 0.925231 0.521484 0.043981 0.042448
0 0.929630 0.493620 0.057407 0.019531
0 0.946528 0.453776 0.074537 0.025781
0 0.875231 0.458333 0.066204 0.025000
0 0.811343 0.431250 0.037500 0.034375
0 0.642130 0.779557 0.036111 0.024740
0 0.646991 0.779427 0.100463 0.012500
0 0.710648 0.760547 0.090741 0.023177
0 0.769907 0.754427 0.048148 0.040625
0 0.802083 0.747135 0.041204 0.043750
0 0.725694 0.633073 0.087500 0.014063
0 0.242824 0.801172 0.053241 0.024740
0 0.244676 0.785807 0.085648 0.031510
0 0.500926 0.780859 0.050000 0.028906
0 0.522454 0.762630 0.070833 0.033594
0 0.596296 0.821484 0.032407 0.052344
0 0.455093 0.879818 0.083333 0.054427
0 0.239352 0.849349 0.037037 0.040885
0 0.230556 0.850521 0.064815 0.035937
0 0.312269 0.846354 0.075463 0.019792
0 0.310185 0.826042 0.065741 0.010937
0 0.699074 0.488281 0.086111 0.042708
0 0.757639 0.552604 0.067130 0.040104
