0 0.913194 0.167318 0.127315 0.040365
0 0.823380 0.519141 0.179167 0.025260
0 0.924074 0.645443 0.149074 0.027865
0 0.808565 0.334766 0.021759 0.038802
0 0.814815 0.554297 0.097222 0.033073
0 0.334954 0.448828 0.054167 0.051302
0 0.288657 0.207943 0.035648 0.074740
0 0.355787 0.090755 0.114352 0.022656
0 0.943750 0.248958 0.095833 0.026562
0 0.615046 0.526953 0.049537 0.046094
0 0.719213 0.332682 0.035648 0.063802
0 0.966898 0.154557 0.040278 0.056510
0 0.721528 0.467057 0.040278 0.056510
0 0.098843 0.648047 0.044907 0.048698
0 0.890046 0.263932 0.034722 0.061719
0 0.121991 0.537370 0.044907 0.046094
0 0.712731 0.415234 0.040278 0.051302
0 0.131250 0.607682 0.100463 0.020052
0 0.274769 0.788672 0.044907 0.043490
0 0.624306 0.573828 0.040278 0.046094
0 0.098843 0.485286 0.044907 0.040885
0 0.432176 0.084245 0.072685 0.025260
0 0.114583 0.727214 0.085648 0.019531
0 0.557176 0.357682 0.035648 0.046094
0 0.609491 0.330599 0.026389 0.061719
0 0.742361 0.718359 0.091204 0.017448
0 0.406250 0.195964 0.039352 0.040365
0 0.284028 0.447526 0.035648 0.043490
0 0.522454 0.590755 0.068056 0.022656
0 0.325694 0.161719 0.081944 0.018750
0 0.494676 0.470964 0.086574 0.017448
0 0.376620 0.271745 0.035648 0.040885
0 0.825694 0.159766 0.072685 0.020052
0 0.786343 0.495703 0.095833 0.014844
0 0.170139 0.506120 0.030093 0.046094
0 0.353472 0.489193 0.035648 0.038281
0 0.853472 0.685807 0.063426 0.020052
0 0.686806 0.196224 0.035648 0.035677
0 0.756250 0.180599 0.063426 0.020052
0 0.547917 0.447526 0.072685 0.017448
0 0.846528 0.766276 0.086574 0.014323
0 0.832639 0.487240 0.031019 0.039583
0 0.885880 0.474609 0.026389 0.045573
0 0.922917 0.582943 0.035648 0.033073
0 0.462269 0.086849 0.058796 0.020052
0 0.661343 0.112891 0.058796 0.020052
0 0.290972 0.102474 0.058796 0.020052
0 0.809491 0.636328 0.021759 0.051302
0 0.265509 0.278255 0.026389 0.038281
0 0.970370 0.731380 0.056481 0.017448
0 0.786343 0.361589 0.021759 0.043490
0 0.568750 0.113542 0.058796 0.016146
0 0.984259 0.533464 0.028704 0.033073
0 0.966898 0.482682 0.031019 0.030469
0 0.184491 0.256771 0.021759 0.042188
0 0.681713 0.144141 0.025463 0.035677
0 0.189120 0.782161 0.021759 0.040885
0 0.635880 0.291276 0.072685 0.012240
0 0.503472 0.615495 0.057870 0.014844
0 0.748843 0.740495 0.057870 0.014844
0 0.577546 0.655859 0.030093 0.027865
0 0.512731 0.168880 0.030093 0.027865
0 0.216898 0.239193 0.021759 0.038281
0 0.280556 0.511068 0.084259 0.009115
0 0.972685 0.560807 0.051852 0.014844
0 0.147454 0.625911 0.077315 0.009635
0 0.290509 0.400651 0.057870 0.012240
0 0.385880 0.310807 0.072685 0.009635
0 0.705324 0.217708 0.063426 0.010937
0 0.540972 0.157812 0.021759 0.031771
0 0.135880 0.505208 0.017130 0.039062
0 0.885417 0.568620 0.016204 0.040885
0 0.867361 0.258724 0.044907 0.014844
0 0.115046 0.185807 0.021759 0.030469
0 0.633565 0.230078 0.068056 0.009635
0 0.080324 0.554297 0.017130 0.038281
0 0.404398 0.361589 0.017130 0.038281
0 0.216435 0.456641 0.020833 0.030469
0 0.344213 0.584635 0.017130 0.036458
0 0.130787 0.676693 0.016204 0.038281
0 0.131250 0.274349 0.017130 0.035677
0 0.561806 0.123307 0.063426 0.009635
0 0.214583 0.387630 0.017130 0.033073
0 0.080324 0.666016 0.017130 0.032552
0 0.858102 0.481380 0.044907 0.012240
0 0.970370 0.709245 0.056481 0.009635
0 0.804861 0.510026 0.021759 0.022656
0 0.577546 0.174089 0.020833 0.022656
0 0.464120 0.572526 0.016204 0.027865
0 0.665972 0.138932 0.012500 0.035677
0 0.156250 0.256120 0.011574 0.035677
0 0.515741 0.089583 0.055556 0.031250
0 0.870833 0.082422 0.037037 0.033594
0 0.864120 0.106510 0.029167 0.038021
0 0.936574 0.078125 0.059259 0.018229
0 0.963194 0.091016 0.068056 0.032552
0 0.855093 0.135937 0.080556 0.025000
0 0.605324 0.100521 0.040278 0.033333
0 0.535648 0.100000 0.110185 0.018229
0 0.818519 0.177344 0.056481 0.028125
0 0.902546 0.206120 0.019907 0.045573
0 0.987500 0.200260 0.025000 0.047396
0 0.845370 0.195182 0.056481 0.014844
0 0.813889 0.196354 0.018519 0.027604
0 0.798611 0.214844 0.057407 0.020313
0 0.889120 0.207552 0.057870 0.045833
0 0.921759 0.214062 0.032407 0.026562
0 0.787269 0.245182 0.076389 0.040365
0 0.715741 0.244010 0.064815 0.041146
0 0.707639 0.268359 0.059722 0.029948
0 0.626389 0.256771 0.090741 0.049479
0 0.965509 0.289323 0.046759 0.041667
0 0.930556 0.290885 0.051852 0.033854
0 0.898148 0.321354 0.048148 0.013021
0 0.890278 0.299349 0.025926 0.026302
0 0.863657 0.307161 0.043981 0.033594
0 0.681019 0.305599 0.057407 0.023698
0 0.625463 0.337370 0.019444 0.044531
0 0.623380 0.378516 0.068981 0.044010
0 0.554630 0.403516 0.039815 0.040365
0 0.485880 0.285677 0.065278 0.034375
0 0.470833 0.405339 0.062963 0.052344
0 0.906713 0.385547 0.039352 0.027865
0 0.834954 0.370182 0.059722 0.032552
0 0.937269 0.394271 0.065278 0.063021
0 0.898380 0.413021 0.021759 0.036979
0 0.798380 0.460677 0.070833 0.032292
0 0.784722 0.457422 0.051852 0.022135
0 0.619907 0.429818 0.069444 0.057031
0 0.573611 0.422396 0.059259 0.023438
0 0.547685 0.443620 0.072222 0.024740
0 0.546296 0.489974 0.039815 0.024219
0 0.535417 0.519792 0.107870 0.043750
0 0.904630 0.523828 0.082407 0.008594
0 0.943981 0.547526 0.044444 0.044531
0 0.752778 0.552995 0.056481 0.041927
0 0.701620 0.568620 0.045833 0.041927
0 0.870833 0.611068 0.016667 0.048698
0 0.759259 0.611979 0.068519 0.047396
0 0.790509 0.577995 0.074537 0.027865
0 0.535648 0.568359 0.113889 0.013802
0 0.597454 0.605078 0.038426 0.041406
0 0.631713 0.625911 0.029167 0.035156
0 0.618750 0.647135 0.046759 0.042708
0 0.611111 0.654427 0.028704 0.033333
0 0.612037 0.682682 0.046296 0.025260
0 0.697685 0.645964 0.046296 0.030469
0 0.695602 0.689714 0.045833 0.029427
0 0.290972 0.609505 0.052315 0.022656
0 0.849769 0.708854 0.053241 0.048958
0 0.832176 0.733724 0.052315 0.032031
0 0.901852 0.714323 0.058333 0.030208
0 0.937500 0.726953 0.032407 0.039323
0 0.775463 0.758984 0.030556 0.039844
0 0.956713 0.786328 0.086574 0.046094
0 0.946528 0.767188 0.082870 0.015625
0 0.565046 0.766927 0.055093 0.038542
0 0.538426 0.731510 0.071296 0.030729
0 0.182639 0.871094 0.079167 0.029687
0 0.144676 0.860938 0.041204 0.037500
0 0.105787 0.817448 0.054167 0.032292
0 0.129861 0.786719 0.083796 0.035417
0 0.429861 0.752734 0.077315 0.013281
0 0.193056 0.741276 0.050926 0.026302
0 0.110185 0.766667 0.062963 0.011979
0 0.116204 0.751042 0.039815 0.032292
0 0.113194 0.715104 0.077315 0.031771
0 0.140741 0.563672 0.081481 0.023698
0 0.181713 0.539844 0.072685 0.029687
0 0.200000 0.443099 0.053704 0.019010
0 0.248380 0.449089 0.058796 0.011719
0 0.178241 0.410807 0.073148 0.037240
0 0.130324 0.404167 0.063426 0.035417
0 0.114120 0.379167 0.068981 0.028646
0 0.286574 0.339583 0.043519 0.026562
0 0.226157 0.326432 0.060648 0.022135
0 0.197917 0.350391 0.046759 0.038802
0 0.118056 0.304036 0.047222 0.030990
0 0.185185 0.287630 0.055556 0.020573
0 0.252546 0.238802 0.043056 0.031250
0 0.127778 0.215104 0.089815 0.016667
0 0.172454 0.197526 0.062500 0.032552
0 0.465046 0.176302 0.043056 0.042188
0 0.191667 0.151042 0.052778 0.027604
0 0.178241 0.125260 0.074074 0.008854
0 0.227778 0.113281 0.041667 0.026562
0 0.139352 0.111068 0.057407 0.032031
0 0.191898 0.100521 0.043981 0.028646
0 0.239120 0.094141 0.067130 0.022135
0 0.474769 0.129818 0.069907 0.041406
0 0.451852 0.149479 0.046296 0.028646
0 0.375463 0.129948 0.040741 0.044271
0 0.334954 0.123568 0.047685 0.017448
0 0.594907 0.151302 0.080556 0.027083
0 0.499306 0.204687 0.056019 0.028125
0 0.549769 0.207943 0.079167 0.010156
0 0.578935 0.194271 0.056019 0.030208
0 0.606944 0.166016 0.031481 0.028906
0 0.649769 0.172396 0.043981 0.026562
0 0.643750 0.197266 0.068056 0.038281
