0 0.508565 0.108984 0.068056 0.064323
0 0.892824 0.325130 0.114352 0.038281
0 0.753472 0.283464 0.067130 0.064323
0 0.272454 0.661068 0.049537 0.059115
0 0.686806 0.112891 0.054167 0.051302
0 0.279398 0.604818 0.054167 0.050781
0 0.841898 0.257422 0.095833 0.027865
0 0.550231 0.237891 0.105093 0.025260
0 0.814120 0.379557 0.086574 0.027344
0 0.373843 0.757422 0.039352 0.059115
0 0.777083 0.503516 0.049537 0.046094
0 0.846528 0.734635 0.049537 0.044792
0 0.383565 0.459245 0.086574 0.025260
0 0.797917 0.316016 0.044907 0.046094
0 0.506250 0.719661 0.081944 0.025260
0 0.413657 0.168880 0.109722 0.017448
0 0.927546 0.688411 0.044907 0.040885
0 0.645139 0.519141 0.044907 0.040885
0 0.890509 0.498307 0.091204 0.020052
0 0.471528 0.439714 0.077315 0.022656
0 0.434491 0.332943 0.077315 0.022656
0 0.601157 0.299089 0.077315 0.022656
0 0.036343 0.210547 0.031019 0.053906
0 0.814120 0.427995 0.040278 0.040885
0 0.017130 0.424089 0.020370 0.043490
0 0.891667 0.598568 0.028704 0.053906
0 0.626620 0.431901 0.035648 0.043490
0 0.434491 0.622005 0.068056 0.022656
0 0.485417 0.603776 0.068056 0.022656
0 0.615046 0.179297 0.068056 0.022656
0 0.656250 0.493099 0.076389 0.020052
0 0.126620 0.685807 0.035648 0.040885
0 0.829861 0.287370 0.071759 0.020052
0 0.878935 0.222266 0.031019 0.046094
0 0.198380 0.116536 0.021759 0.063802
0 0.580324 0.543880 0.035648 0.038281
0 0.423611 0.404557 0.064815 0.020052
0 0.721528 0.636328 0.021759 0.056510
0 0.512731 0.164974 0.030093 0.040885
0 0.038657 0.532161 0.026389 0.046094
0 0.899306 0.162370 0.081019 0.014844
0 0.369676 0.444922 0.068056 0.017448
0 0.953009 0.775651 0.021759 0.053906
0 0.045602 0.277604 0.031019 0.036979
0 0.628935 0.256120 0.021759 0.051302
0 0.934491 0.219661 0.031019 0.035677
0 0.757407 0.697526 0.028704 0.038281
0 0.696065 0.144141 0.072685 0.014844
0 0.274306 0.230078 0.025463 0.040885
0 0.165972 0.334896 0.021759 0.047396
0 0.763194 0.207943 0.058796 0.017448
0 0.425231 0.111589 0.031019 0.033073
0 0.814120 0.080339 0.058796 0.017448
0 0.189120 0.547786 0.068056 0.014844
0 0.896296 0.138932 0.065741 0.014844
0 0.337269 0.774349 0.031019 0.030469
0 0.752778 0.168880 0.075000 0.012240
0 0.707639 0.249349 0.077315 0.011719
0 0.779398 0.137630 0.072685 0.012240
0 0.246991 0.111589 0.072685 0.012240
0 0.603472 0.141536 0.017130 0.051302
0 0.516667 0.628516 0.028704 0.030469
0 0.265509 0.421484 0.026389 0.033073
0 0.499306 0.342057 0.058796 0.014844
0 0.237731 0.447266 0.026389 0.032552
0 0.647454 0.662109 0.058796 0.014323
0 0.841898 0.524089 0.021759 0.035156
0 0.536343 0.541276 0.058796 0.012240
0 0.668287 0.524349 0.026389 0.025260
0 0.152083 0.089453 0.021759 0.030469
0 0.858102 0.627214 0.017130 0.038281
0 0.322917 0.378516 0.067130 0.009635
0 0.140509 0.508464 0.017130 0.035156
0 0.142824 0.158203 0.021759 0.027344
0 0.671759 0.157161 0.061111 0.009635
0 0.304861 0.105078 0.058796 0.009635
0 0.920602 0.599870 0.058796 0.009635
0 0.534028 0.340755 0.017130 0.033073
0 0.189120 0.717057 0.058796 0.009635
0 0.698380 0.717057 0.021759 0.025260
0 0.485417 0.237240 0.040278 0.013542
0 0.846528 0.246094 0.021759 0.020833
0 0.066435 0.529297 0.017130 0.024740
0 0.337269 0.083984 0.040278 0.009115
0 0.036806 0.135547 0.064352 0.034115
0 0.182407 0.155990 0.050926 0.041146
0 0.391898 0.088932 0.033796 0.039844
0 0.414583 0.075781 0.037500 0.019271
0 0.557407 0.105859 0.058333 0.025260
0 0.074537 0.170833 0.076852 0.017188
0 0.055324 0.182812 0.077315 0.027604
0 0.118287 0.203385 0.057870 0.024479
0 0.157407 0.210026 0.056481 0.012760
0 0.315509 0.197656 0.034722 0.041146
0 0.350463 0.195443 0.073148 0.016927
0 0.446296 0.196615 0.066667 0.038021
0 0.522917 0.211589 0.070833 0.042448
0 0.555787 0.208464 0.079167 0.029948
0 0.652546 0.213281 0.057870 0.030729
0 0.673611 0.202865 0.082407 0.018750
0 0.825694 0.183464 0.056019 0.035156
0 0.843981 0.155469 0.064815 0.023958
0 0.856944 0.143359 0.069444 0.020052
0 0.488194 0.292187 0.035648 0.026042
0 0.414583 0.299740 0.068981 0.053646
0 0.366204 0.303125 0.025926 0.033333
0 0.292593 0.311719 0.055556 0.039062
0 0.320370 0.331771 0.061111 0.027083
0 0.346759 0.353125 0.052778 0.021875
0 0.358796 0.357682 0.062963 0.028906
0 0.537731 0.377604 0.076389 0.043750
0 0.659259 0.377604 0.045370 0.037500
0 0.675694 0.339714 0.058796 0.036198
0 0.713194 0.313932 0.068981 0.034115
0 0.705787 0.281641 0.075463 0.054427
0 0.219213 0.238542 0.069907 0.063542
0 0.119676 0.291146 0.073611 0.043750
0 0.146991 0.262891 0.089352 0.013802
0 0.259259 0.188281 0.083333 0.045833
0 0.396528 0.864062 0.054167 0.045312
0 0.354398 0.862500 0.043056 0.036458
0 0.217824 0.875130 0.069907 0.011719
0 0.160185 0.856120 0.049074 0.036198
0 0.163426 0.792188 0.052778 0.031250
0 0.092824 0.848568 0.047685 0.036198
0 0.108102 0.762240 0.051389 0.019792
0 0.202083 0.755208 0.068056 0.025521
0 0.051389 0.736198 0.077778 0.043750
0 0.186343 0.600130 0.065278 0.015365
0 0.222685 0.591536 0.050000 0.042969
0 0.303472 0.566276 0.077315 0.022135
0 0.427778 0.562500 0.058333 0.044792
0 0.378241 0.630208 0.056481 0.031250
0 0.673380 0.259505 0.056944 0.034115
0 0.550694 0.311458 0.034722 0.040625
0 0.556713 0.288802 0.033796 0.057813
0 0.507176 0.293620 0.037500 0.025781
0 0.080324 0.355599 0.069907 0.029948
0 0.030324 0.374740 0.038426 0.042188
0 0.018750 0.315104 0.029167 0.051042
0 0.074537 0.280078 0.037037 0.042448
0 0.198148 0.334375 0.049074 0.019792
0 0.239120 0.354818 0.061574 0.032552
0 0.333796 0.424479 0.071296 0.018750
0 0.361343 0.409505 0.066204 0.042448
0 0.425694 0.420964 0.077315 0.013281
0 0.471065 0.167187 0.054167 0.034896
0 0.842361 0.680078 0.045833 0.041927
0 0.783333 0.642188 0.055556 0.056250
0 0.753009 0.611328 0.033796 0.028906
0 0.764583 0.576302 0.059722 0.043750
0 0.727315 0.569141 0.056481 0.017969
0 0.652546 0.580208 0.053241 0.031250
0 0.666667 0.621224 0.046296 0.033073
0 0.544907 0.578516 0.062037 0.024740
0 0.528935 0.507812 0.131019 0.026042
0 0.499074 0.518490 0.063889 0.029687
0 0.427315 0.488542 0.064815 0.032292
0 0.520833 0.476432 0.035185 0.040885
0 0.596759 0.463021 0.061111 0.024479
0 0.547685 0.438542 0.062037 0.018750
0 0.556250 0.432943 0.031944 0.028385
0 0.633333 0.343359 0.067593 0.048177
0 0.839352 0.304427 0.071296 0.013542
0 0.877315 0.296875 0.025926 0.044792
0 0.916435 0.261198 0.059722 0.023438
0 0.914815 0.263281 0.043519 0.047396
0 0.642593 0.134245 0.070370 0.025781
0 0.855787 0.751693 0.054167 0.030469
0 0.851157 0.695443 0.084722 0.035156
0 0.717824 0.680729 0.069907 0.035937
0 0.653935 0.696484 0.037500 0.026823
0 0.614583 0.705599 0.035648 0.023177
0 0.553009 0.678906 0.051389 0.022917
0 0.072222 0.438281 0.055556 0.025521
0 0.118056 0.464193 0.050000 0.020573
0 0.031481 0.422656 0.020370 0.047396
0 0.197454 0.353906 0.050463 0.021354
0 0.235185 0.340104 0.091667 0.036979
0 0.332639 0.255729 0.084722 0.034896
0 0.294213 0.248568 0.031944 0.043490
0 0.481713 0.259115 0.053241 0.024479
0 0.432407 0.288672 0.067593 0.017969
0 0.593287 0.313672 0.047685 0.024219
0 0.818519 0.451172 0.070370 0.040365
0 0.347222 0.515365 0.098148 0.022917
0 0.347222 0.543880 0.048148 0.061198
0 0.200694 0.508594 0.071759 0.026042
0 0.205324 0.189062 0.074537 0.035417
0 0.871528 0.542188 0.044907 0.041146
