0 0.425926 0.803255 0.032407 0.077865
0 0.223843 0.072526 0.165278 0.043490
0 0.352315 0.728516 0.070370 0.037760
0 0.860417 0.848568 0.077315 0.074740
0 0.963426 0.847266 0.070370 0.077344
0 0.862731 0.533464 0.128241 0.033073
0 0.943750 0.230078 0.068056 0.061719
0 0.815278 0.679297 0.042593 0.085156
0 0.309491 0.500651 0.058796 0.055990
0 0.436806 0.853776 0.035648 0.085156
0 0.589120 0.174089 0.099537 0.027865
0 0.576852 0.588151 0.121296 0.022656
0 0.883565 0.405859 0.031019 0.085156
0 0.979630 0.389583 0.037963 0.068229
0 0.572222 0.403255 0.037963 0.064323
0 0.096528 0.718359 0.049537 0.048698
0 0.198380 0.247005 0.105093 0.022656
0 0.797917 0.591797 0.035648 0.066406
0 0.388194 0.140234 0.132870 0.017448
0 0.640509 0.520443 0.035648 0.064323
0 0.679861 0.893880 0.114352 0.019531
0 0.554398 0.799740 0.113426 0.018750
0 0.839583 0.241146 0.044907 0.047396
0 0.512731 0.835547 0.039352 0.053906
0 0.181713 0.097266 0.099537 0.020052
0 0.140509 0.373047 0.026389 0.071615
0 0.465972 0.403646 0.044907 0.042188
0 0.258565 0.516536 0.040278 0.046094
0 0.740046 0.881120 0.040278 0.046094
0 0.766204 0.492188 0.092593 0.018229
0 0.147454 0.888932 0.040278 0.040885
0 0.290972 0.185156 0.114352 0.013542
0 0.214583 0.304036 0.081944 0.016927
0 0.971528 0.681901 0.031019 0.038281
0 0.753935 0.340755 0.021759 0.053906
0 0.571065 0.817969 0.081944 0.013542
0 0.420602 0.447526 0.021759 0.048698
0 0.647454 0.432292 0.031019 0.033854
0 0.178704 0.056901 0.075000 0.012240
0 0.470370 0.714453 0.075000 0.009635
0 0.792824 0.175130 0.016204 0.040365
0 0.759028 0.088802 0.068981 0.039062
0 0.920370 0.131120 0.019444 0.059115
0 0.947685 0.155729 0.092593 0.017188
0 0.293056 0.141667 0.063889 0.029167
0 0.263889 0.099219 0.086111 0.033854
0 0.245833 0.276042 0.090741 0.036979
0 0.224769 0.357031 0.064352 0.040625
0 0.207407 0.393620 0.075000 0.048177
0 0.446296 0.390885 0.029630 0.032292
0 0.380093 0.402214 0.057407 0.051302
0 0.745833 0.492057 0.022222 0.029427
0 0.747685 0.515234 0.093519 0.033594
0 0.388657 0.773177 0.038426 0.053646
0 0.280787 0.820833 0.062500 0.050521
0 0.243750 0.892318 0.075463 0.045052
0 0.121296 0.894531 0.053704 0.040625
0 0.707407 0.811589 0.101852 0.037240
0 0.783565 0.878646 0.069907 0.060417
0 0.834259 0.883333 0.058333 0.041146
0 0.921528 0.887760 0.054167 0.028125
