0 0.740046 0.551693 0.123611 0.142448
0 0.719213 0.582943 0.081944 0.079948
0 0.521991 0.463151 0.076389 0.069531
0 0.038426 0.658464 0.054630 0.038281
0 0.316435 0.416276 0.054167 0.069531
0 0.255093 0.344010 0.098148 0.034375
0 0.441667 0.789844 0.072222 0.014583
0 0.397454 0.720964 0.114352 0.027865
0 0.656713 0.537370 0.049537 0.056510
0 0.546528 0.665104 0.051389 0.015104
0 0.158565 0.166276 0.053241 0.048698
0 0.464583 0.683203 0.100463 0.025260
0 0.559491 0.390234 0.086574 0.027865
0 0.175231 0.153255 0.049537 0.048698
0 0.122685 0.233984 0.046296 0.048698
0 0.580324 0.696224 0.081944 0.025260
0 0.844213 0.431641 0.044907 0.042969
0 0.135880 0.400651 0.081944 0.022656
0 0.237731 0.271745 0.072685 0.025260
0 0.439120 0.292578 0.086574 0.020052
0 0.325694 0.783464 0.072685 0.022656
0 0.344213 0.690755 0.081944 0.019531
0 0.138194 0.568620 0.077315 0.020052
0 0.402083 0.757422 0.068056 0.022656
0 0.152083 0.244401 0.040278 0.038281
0 0.174769 0.351172 0.067130 0.022656
0 0.395139 0.571224 0.072685 0.020052
0 0.073380 0.180599 0.095833 0.014844
0 0.321065 0.638932 0.091204 0.014844
0 0.589583 0.810807 0.026389 0.051302
0 0.082639 0.255469 0.068056 0.018750
0 0.242361 0.191016 0.063426 0.020052
0 0.738889 0.088802 0.093519 0.013542
0 0.316435 0.930599 0.081944 0.014844
0 0.277083 0.181901 0.031019 0.038281
0 0.082639 0.194922 0.068056 0.017448
0 0.496991 0.877214 0.026389 0.043490
0 0.253935 0.651693 0.058796 0.019531
0 0.343750 0.829036 0.071759 0.014844
0 0.593056 0.401953 0.070370 0.014844
0 0.640509 0.792318 0.072685 0.014323
0 0.184491 0.257161 0.031019 0.032552
0 0.633565 0.258073 0.021759 0.044792
0 0.883565 0.130208 0.021759 0.044271
0 0.536343 0.610026 0.031019 0.029948
0 0.785880 0.235286 0.030093 0.030469
0 0.457639 0.853516 0.077315 0.011719
0 0.448380 0.114844 0.031019 0.029167
0 0.323380 0.597266 0.021759 0.040885
0 0.038657 0.726172 0.072685 0.012240
0 0.279398 0.256771 0.054167 0.016146
0 0.427546 0.491797 0.026389 0.033073
0 0.161343 0.482682 0.058796 0.014844
0 0.196065 0.114193 0.026389 0.033073
0 0.531250 0.210547 0.030093 0.027865
0 0.052546 0.240234 0.026389 0.029948
0 0.830324 0.758464 0.026389 0.029948
0 0.216898 0.120703 0.021759 0.035677
0 0.837269 0.269141 0.049537 0.014844
0 0.559491 0.645443 0.058796 0.012240
0 0.513194 0.228776 0.058796 0.012240
0 0.096528 0.273047 0.058796 0.012240
0 0.779398 0.349870 0.044907 0.014844
0 0.804861 0.758724 0.021759 0.030469
0 0.797917 0.098568 0.054167 0.012240
0 0.203009 0.164974 0.021759 0.030469
0 0.862269 0.378516 0.025463 0.025260
0 0.339583 0.167578 0.017130 0.035677
0 0.895139 0.292578 0.063426 0.009635
0 0.126620 0.172786 0.017130 0.035677
0 0.075694 0.694010 0.034722 0.031250
0 0.172454 0.719661 0.016204 0.035677
0 0.483102 0.111328 0.017130 0.032552
0 0.357639 0.143229 0.016204 0.033854
0 0.494676 0.456641 0.021759 0.025260
0 0.244676 0.719922 0.021759 0.024740
0 0.584954 0.630859 0.054167 0.009115
0 0.813657 0.172786 0.048611 0.009635
0 0.256250 0.674740 0.052315 0.008333
0 0.612731 0.302734 0.044907 0.009115
0 0.575231 0.744141 0.034722 0.011719
0 0.115046 0.107422 0.040278 0.009115
0 0.058796 0.849089 0.084259 0.017448
0 0.059954 0.834635 0.030093 0.043229
0 0.044213 0.844141 0.015278 0.040885
0 0.262500 0.912500 0.050926 0.020313
0 0.303241 0.889193 0.042593 0.061719
0 0.269676 0.840495 0.024537 0.034635
0 0.223380 0.801823 0.064352 0.025521
0 0.170602 0.773047 0.022685 0.048177
0 0.076157 0.746484 0.068056 0.046094
0 0.033102 0.674740 0.065278 0.071875
0 0.177546 0.611589 0.060648 0.039323
0 0.263194 0.602995 0.081019 0.016406
0 0.288194 0.598698 0.029167 0.043229
0 0.269907 0.600781 0.043519 0.026042
0 0.210417 0.585938 0.100463 0.009896
0 0.214120 0.585938 0.051389 0.026042
0 0.254861 0.529297 0.056944 0.020052
0 0.314352 0.531250 0.062037 0.027083
0 0.319444 0.495833 0.035185 0.041667
0 0.242130 0.516927 0.053704 0.031250
0 0.212731 0.496094 0.056019 0.034375
0 0.239120 0.465625 0.059722 0.031771
0 0.214583 0.463932 0.050463 0.033073
0 0.084259 0.472526 0.037037 0.044531
0 0.097454 0.502474 0.052315 0.061198
0 0.054861 0.536589 0.056019 0.044010
0 0.068519 0.602344 0.045370 0.050521
0 0.060648 0.606380 0.057407 0.033073
0 0.241898 0.637760 0.072685 0.021354
0 0.359028 0.619661 0.032870 0.044531
0 0.380787 0.616927 0.061574 0.028646
0 0.416667 0.613281 0.087963 0.047917
0 0.461574 0.629818 0.060185 0.043490
0 0.481944 0.640234 0.038889 0.038802
0 0.510648 0.623437 0.039815 0.026562
0 0.695602 0.646745 0.080093 0.019010
0 0.656250 0.917578 0.065278 0.052344
0 0.652315 0.873958 0.041667 0.046875
0 0.754167 0.908203 0.046296 0.033594
0 0.928472 0.894401 0.056944 0.047135
0 0.766435 0.848958 0.068056 0.011979
0 0.751157 0.814583 0.069907 0.025000
0 0.708565 0.796094 0.056944 0.023958
0 0.664583 0.830469 0.033796 0.045833
0 0.625231 0.845964 0.051389 0.021094
0 0.454398 0.888281 0.037500 0.045833
0 0.405093 0.904557 0.061111 0.025781
0 0.139120 0.892318 0.043981 0.054948
0 0.221296 0.863411 0.061111 0.024740
0 0.526620 0.780599 0.072685 0.034115
0 0.541435 0.764453 0.058796 0.025781
0 0.452083 0.747917 0.066204 0.025000
0 0.530093 0.709635 0.065741 0.013542
0 0.670139 0.700911 0.056944 0.034635
0 0.688889 0.708724 0.060185 0.033073
0 0.678935 0.725391 0.053241 0.030469
0 0.625694 0.701302 0.073611 0.017708
0 0.768287 0.751693 0.039352 0.020052
0 0.693056 0.752604 0.106481 0.021875
0 0.628241 0.766667 0.088889 0.017188
0 0.867824 0.767188 0.076389 0.040625
0 0.925000 0.783464 0.065741 0.028385
0 0.960880 0.780208 0.051389 0.041146
0 0.446528 0.535937 0.090278 0.022917
0 0.582639 0.515755 0.069907 0.042969
0 0.677546 0.387109 0.067130 0.041927
0 0.777778 0.397786 0.082407 0.037760
0 0.938657 0.386719 0.062500 0.028125
0 0.271759 0.314844 0.032407 0.023958
0 0.290509 0.305339 0.064352 0.028385
0 0.262731 0.305078 0.059722 0.038281
0 0.090741 0.344922 0.040741 0.033073
0 0.083565 0.307682 0.066204 0.033073
0 0.071991 0.297005 0.057870 0.036198
0 0.418981 0.161849 0.087037 0.040885
0 0.423843 0.108984 0.051389 0.040365
0 0.401157 0.095833 0.056944 0.025000
0 0.349306 0.099219 0.037500 0.023958
0 0.290278 0.107682 0.089815 0.038802
0 0.245370 0.111849 0.049074 0.023698
0 0.236806 0.128906 0.020833 0.035417
0 0.034491 0.156641 0.048611 0.014844
0 0.056250 0.148828 0.037500 0.041406
0 0.061111 0.129297 0.072222 0.017448
0 0.080556 0.116406 0.030556 0.034896
0 0.788889 0.150260 0.055556 0.028125
0 0.868750 0.161849 0.045833 0.044010
0 0.135185 0.272917 0.025926 0.034375
0 0.198148 0.239714 0.030556 0.039323
0 0.313889 0.224089 0.067593 0.019010
0 0.365046 0.206120 0.066204 0.030990
0 0.325694 0.188281 0.049537 0.049479
0 0.366898 0.381120 0.066204 0.033073
0 0.503472 0.359245 0.043981 0.033594
0 0.062731 0.387109 0.038426 0.028385
0 0.435880 0.833073 0.064352 0.032292
0 0.468056 0.826693 0.099074 0.023698
0 0.365741 0.798958 0.086111 0.021875
0 0.406944 0.671224 0.041667 0.030990
0 0.581481 0.670312 0.054630 0.013542
0 0.628241 0.665885 0.060185 0.020313
0 0.414583 0.446615 0.075463 0.055729
0 0.347222 0.444271 0.054630 0.029687
0 0.603935 0.440365 0.036574 0.044271
0 0.293981 0.741016 0.051852 0.037760
0 0.276389 0.800651 0.032407 0.034635
0 0.865741 0.883073 0.093519 0.021875
