0 0.090046 0.427604 0.045833 0.040104
0 0.117361 0.798438 0.193056 0.047396
0 0.517824 0.227474 0.068056 0.072135
0 0.212269 0.718099 0.058796 0.053385
0 0.260880 0.895443 0.109722 0.027865
0 0.376620 0.705990 0.054167 0.055208
0 0.830324 0.205990 0.054167 0.050000
0 0.584954 0.137370 0.044907 0.058594
0 0.101852 0.194922 0.037037 0.038281
0 0.806713 0.887630 0.136574 0.017448
0 0.325694 0.149089 0.091204 0.024740
0 0.641667 0.276953 0.112037 0.020052
0 0.815741 0.811849 0.078704 0.027344
0 0.214583 0.607682 0.044907 0.046094
0 0.913657 0.047786 0.026389 0.077344
0 0.956481 0.752214 0.084259 0.022656
0 0.534028 0.237500 0.035648 0.052083
0 0.758565 0.129818 0.031019 0.059115
0 0.927546 0.099870 0.044907 0.040885
0 0.862731 0.693620 0.035648 0.051302
0 0.291667 0.285417 0.041667 0.042188
0 0.087269 0.535417 0.040278 0.042188
0 0.961111 0.481380 0.075000 0.022656
0 0.814120 0.291276 0.021759 0.074740
0 0.646991 0.766536 0.104167 0.014844
0 0.874306 0.541016 0.031019 0.048177
0 0.214583 0.390234 0.118981 0.012240
0 0.503472 0.113932 0.030093 0.042969
0 0.040972 0.145443 0.021759 0.059115
0 0.663657 0.685807 0.035648 0.035677
0 0.778241 0.055208 0.094444 0.043229
0 0.501620 0.241797 0.035648 0.033073
0 0.619213 0.135026 0.030093 0.038281
0 0.234954 0.529557 0.076389 0.014844
0 0.839583 0.603776 0.091204 0.012240
0 0.196065 0.105078 0.026389 0.040885
0 0.290278 0.079557 0.067593 0.036719
0 0.712269 0.172526 0.086574 0.009115
0 0.410880 0.199870 0.067130 0.011719
0 0.954398 0.062109 0.083796 0.044531
0 0.845602 0.065495 0.046759 0.044531
0 0.254630 0.102344 0.111111 0.055729
0 0.115509 0.110286 0.074537 0.037240
0 0.187500 0.219010 0.094444 0.036979
0 0.229630 0.313281 0.037037 0.040625
0 0.192593 0.319141 0.086111 0.009115
0 0.093981 0.226172 0.040741 0.048177
0 0.553935 0.296094 0.073611 0.042708
0 0.953935 0.133724 0.090278 0.033594
0 0.775231 0.477344 0.065278 0.045312
0 0.835880 0.569401 0.080093 0.047656
0 0.121991 0.444792 0.058796 0.031771
0 0.109722 0.482292 0.050000 0.039062
0 0.103935 0.499609 0.086574 0.029948
0 0.308796 0.785547 0.083333 0.038281
0 0.276852 0.869010 0.076852 0.047396
0 0.383796 0.845313 0.066667 0.036979
0 0.858796 0.907552 0.053704 0.020313
