0 0.727778 0.864583 0.072222 0.044792
0 0.223380 0.629167 0.192130 0.031771
0 0.892824 0.047656 0.056944 0.035417
0 0.968056 0.757422 0.061111 0.079948
0 0.235880 0.074870 0.098611 0.030990
0 0.524769 0.271484 0.109722 0.035156
0 0.596528 0.092057 0.058796 0.061719
0 0.425231 0.443620 0.142130 0.025260
0 0.823380 0.408464 0.049537 0.059115
0 0.242361 0.360286 0.044907 0.061719
0 0.574537 0.831641 0.107407 0.025260
0 0.200694 0.398047 0.044907 0.059115
0 0.547454 0.366797 0.043981 0.059115
0 0.190972 0.381120 0.043981 0.056510
0 0.840741 0.611328 0.047222 0.048177
0 0.203009 0.233984 0.095833 0.022656
0 0.980787 0.124609 0.031019 0.069531
0 0.865046 0.710547 0.031019 0.069531
0 0.878472 0.449870 0.122685 0.016927
0 0.106713 0.121094 0.044907 0.044792
0 0.931019 0.216797 0.135185 0.014323
0 0.693750 0.138932 0.095833 0.020052
0 0.718750 0.068620 0.127315 0.014844
0 0.918287 0.127604 0.035648 0.049479
0 0.270139 0.546484 0.035648 0.048698
0 0.399306 0.398047 0.071759 0.022656
0 0.767824 0.896094 0.114352 0.013542
0 0.871528 0.181641 0.034722 0.042969
0 0.524306 0.226562 0.025463 0.054688
0 0.277083 0.348568 0.021759 0.059115
0 0.045602 0.670182 0.031019 0.040885
0 0.550231 0.879167 0.114352 0.010937
0 0.098843 0.667578 0.026389 0.046094
0 0.249306 0.588151 0.021759 0.053906
0 0.149769 0.310807 0.026389 0.040885
0 0.984259 0.089844 0.028704 0.036458
0 0.073380 0.654557 0.021759 0.046094
0 0.962269 0.682943 0.068056 0.014323
0 0.821065 0.146745 0.017130 0.051302
0 0.915972 0.900391 0.058796 0.011719
0 0.098843 0.993099 0.044907 0.009635
0 0.991204 0.331641 0.014815 0.025260
0 0.884491 0.097917 0.041204 0.051562
0 0.800231 0.053906 0.097685 0.034896
0 0.558333 0.090104 0.090741 0.045312
0 0.953472 0.168229 0.057870 0.045833
0 0.390741 0.144141 0.062037 0.041927
0 0.275694 0.145703 0.130093 0.061719
0 0.156944 0.074870 0.079630 0.025781
0 0.096296 0.132552 0.044444 0.018229
0 0.396065 0.203125 0.090278 0.039062
0 0.156944 0.197135 0.036111 0.038021
0 0.104630 0.228776 0.078704 0.034635
0 0.186343 0.508854 0.093981 0.053125
0 0.957407 0.563932 0.062963 0.050781
0 0.956713 0.498047 0.086574 0.018490
0 0.792824 0.568490 0.074537 0.045833
0 0.189120 0.738281 0.025463 0.062500
0 0.091204 0.801823 0.075000 0.046354
0 0.087500 0.843490 0.064815 0.039583
0 0.140278 0.870833 0.044444 0.050521
0 0.225926 0.874740 0.042593 0.015104
