0 0.344213 0.711849 0.118981 0.030469
0 0.448380 0.913672 0.105093 0.033073
0 0.207639 0.743099 0.095833 0.030469
0 0.191435 0.237891 0.091204 0.030469
0 0.392824 0.877214 0.095833 0.027865
0 0.036343 0.308203 0.040278 0.056510
0 0.906713 0.431901 0.040278 0.053906
0 0.091898 0.386328 0.040278 0.051302
0 0.453009 0.542578 0.077315 0.025260
0 0.362731 0.375911 0.035648 0.046094
0 0.394676 0.800391 0.081019 0.020052
0 0.246528 0.285807 0.025463 0.058594
0 0.491204 0.731380 0.079630 0.017448
0 0.404398 0.717057 0.026389 0.046094
0 0.207639 0.274349 0.058796 0.020052
0 0.376620 0.317318 0.035648 0.033073
0 0.457176 0.571224 0.057870 0.020052
0 0.126620 0.265495 0.026389 0.042969
0 0.267824 0.441016 0.031019 0.035677
0 0.323380 0.783464 0.077315 0.012240
0 0.208796 0.629818 0.024074 0.038281
0 0.040972 0.250911 0.021759 0.040885
0 0.216898 0.493099 0.021759 0.040885
0 0.921065 0.513932 0.057870 0.014844
0 0.182176 0.585547 0.017130 0.043490
0 0.135880 0.360286 0.063426 0.009635
0 0.297454 0.506120 0.053241 0.009635
0 0.685185 0.916536 0.087037 0.029948
0 0.725231 0.911849 0.092130 0.014323
0 0.702546 0.890495 0.070833 0.026823
0 0.590972 0.855339 0.059722 0.033594
0 0.546065 0.860026 0.048611 0.028385
0 0.418056 0.842318 0.076852 0.028385
0 0.403704 0.826302 0.079630 0.024479
0 0.426852 0.821484 0.069444 0.032552
0 0.452546 0.803646 0.058796 0.035417
0 0.388426 0.772396 0.048148 0.035417
0 0.440509 0.765755 0.073611 0.016927
0 0.487500 0.773828 0.080556 0.023698
0 0.512731 0.765625 0.025463 0.055208
0 0.223843 0.774870 0.053241 0.027344
0 0.231481 0.795443 0.065741 0.020573
0 0.284028 0.815755 0.062500 0.047135
0 0.251620 0.815495 0.040278 0.048698
0 0.215741 0.868359 0.025926 0.051823
0 0.309259 0.888021 0.107407 0.027604
0 0.096759 0.889583 0.075926 0.041146
0 0.081019 0.869792 0.066667 0.053646
0 0.169444 0.900130 0.022222 0.058594
0 0.205556 0.923047 0.049074 0.028906
0 0.141898 0.894141 0.036574 0.046094
0 0.146296 0.862760 0.038889 0.053125
0 0.127778 0.769661 0.037963 0.046615
0 0.162269 0.775911 0.031019 0.054948
0 0.077315 0.730208 0.101852 0.034896
0 0.042130 0.743620 0.046296 0.024740
0 0.125000 0.136719 0.054630 0.024479
0 0.149537 0.126172 0.042593 0.027865
0 0.192824 0.120703 0.051389 0.025260
0 0.292593 0.148958 0.084259 0.028125
0 0.403241 0.126823 0.046296 0.040625
0 0.475694 0.129427 0.083796 0.031250
0 0.449769 0.141276 0.063426 0.025260
0 0.556019 0.144922 0.039815 0.037240
0 0.588889 0.132552 0.014815 0.035937
0 0.601852 0.121354 0.037037 0.025521
0 0.626620 0.122786 0.025463 0.038802
0 0.651389 0.123568 0.030556 0.041927
0 0.687269 0.104688 0.048611 0.031250
0 0.738657 0.117839 0.026389 0.040885
0 0.724306 0.131120 0.030093 0.030469
0 0.777315 0.107943 0.020370 0.033073
0 0.795370 0.099609 0.034259 0.029948
0 0.830787 0.110286 0.063426 0.017969
0 0.869213 0.117448 0.036574 0.035937
0 0.807176 0.188281 0.058796 0.044271
0 0.068287 0.153125 0.068056 0.020833
0 0.078935 0.135156 0.054167 0.027604
0 0.066435 0.165625 0.071759 0.020313
0 0.093750 0.198307 0.059722 0.035156
0 0.219444 0.209635 0.075926 0.020833
0 0.321296 0.208984 0.018519 0.035677
0 0.303472 0.216146 0.029167 0.027604
0 0.285880 0.220833 0.044907 0.032813
0 0.372222 0.196484 0.067593 0.020573
0 0.405556 0.221745 0.070370 0.032552
0 0.429398 0.198177 0.049537 0.026042
0 0.520139 0.190755 0.037500 0.037760
0 0.575926 0.252734 0.062037 0.037760
0 0.623380 0.285156 0.047685 0.045312
0 0.603935 0.321745 0.029167 0.051823
0 0.567593 0.300911 0.044444 0.052865
0 0.634028 0.329688 0.042130 0.032813
0 0.665741 0.355339 0.076852 0.026302
0 0.805093 0.305729 0.057407 0.047396
0 0.856019 0.336198 0.039815 0.028125
0 0.897917 0.290625 0.062500 0.022917
0 0.936574 0.326172 0.048148 0.040885
0 0.955787 0.267057 0.051389 0.049219
0 0.916204 0.249349 0.066667 0.034115
0 0.949074 0.206120 0.059259 0.045052
0 0.949769 0.144922 0.056019 0.013281
0 0.898843 0.117969 0.046759 0.034896
0 0.867824 0.173307 0.056019 0.022135
0 0.848148 0.226953 0.050000 0.047656
0 0.768750 0.235677 0.063426 0.034896
0 0.734954 0.241406 0.058796 0.023438
0 0.655556 0.234766 0.083333 0.015885
0 0.625463 0.219141 0.077778 0.024740
0 0.627546 0.208984 0.063426 0.029948
0 0.619907 0.190495 0.039815 0.049219
0 0.586806 0.194401 0.021759 0.040885
0 0.578009 0.225781 0.029167 0.034896
0 0.481713 0.257812 0.036574 0.043750
0 0.474074 0.219531 0.030556 0.037500
0 0.414815 0.273047 0.057407 0.029427
0 0.100000 0.285547 0.027778 0.052865
0 0.091204 0.321484 0.039815 0.046094
0 0.066667 0.340365 0.067593 0.045312
0 0.156019 0.337500 0.061111 0.022917
0 0.199074 0.361328 0.051852 0.042448
0 0.288889 0.326823 0.046296 0.040104
0 0.693981 0.279167 0.040741 0.044792
0 0.690741 0.277083 0.050000 0.040625
0 0.713889 0.246354 0.035185 0.026562
0 0.701852 0.195703 0.072222 0.024219
0 0.705093 0.171354 0.045370 0.029167
0 0.336111 0.125781 0.034259 0.038542
0 0.822222 0.171484 0.030556 0.033073
0 0.787731 0.283854 0.093981 0.032292
0 0.714352 0.316146 0.076852 0.028125
0 0.727083 0.302995 0.091204 0.016406
0 0.656944 0.310156 0.025926 0.032813
0 0.582176 0.387240 0.047685 0.039583
0 0.578935 0.355339 0.052315 0.020052
0 0.403009 0.363281 0.054167 0.032813
0 0.799537 0.404687 0.086111 0.016667
0 0.866667 0.418750 0.025926 0.053646
0 0.825463 0.428516 0.037037 0.037240
0 0.665509 0.442969 0.070833 0.036458
0 0.367130 0.458203 0.043519 0.025260
0 0.309259 0.487370 0.067593 0.025260
0 0.173843 0.426302 0.091204 0.025521
0 0.211111 0.398438 0.052778 0.013021
0 0.135880 0.406380 0.059722 0.029948
0 0.174074 0.397786 0.041667 0.020052
0 0.104630 0.450000 0.034259 0.031250
0 0.080324 0.447917 0.017130 0.031250
0 0.168750 0.444922 0.048611 0.019531
0 0.124306 0.496745 0.039352 0.049740
0 0.104167 0.479687 0.030556 0.039583
0 0.080556 0.507422 0.055556 0.041927
0 0.078935 0.531901 0.040278 0.029948
0 0.075000 0.563021 0.046296 0.050000
0 0.142593 0.526693 0.056481 0.034115
0 0.176157 0.547786 0.060648 0.028385
0 0.300926 0.536458 0.075000 0.023438
0 0.323611 0.523047 0.091667 0.020573
0 0.346065 0.562891 0.081019 0.048177
0 0.096991 0.590365 0.039352 0.054688
0 0.112269 0.589453 0.054167 0.044531
0 0.156944 0.587500 0.032407 0.043750
0 0.059722 0.632682 0.055556 0.040885
0 0.070833 0.650000 0.053704 0.040625
0 0.082407 0.660547 0.031481 0.044531
0 0.131019 0.632161 0.050000 0.030469
0 0.167593 0.629167 0.057407 0.015625
0 0.164352 0.651563 0.052778 0.027604
0 0.125463 0.654557 0.059259 0.025260
0 0.119213 0.682552 0.105093 0.060417
0 0.083796 0.691797 0.055556 0.026823
0 0.230324 0.714323 0.073611 0.041667
0 0.183565 0.722135 0.078241 0.038021
0 0.295139 0.655859 0.040278 0.055469
0 0.252083 0.651302 0.083796 0.029167
