0 0.103472 0.757161 0.072685 0.069010
0 0.281250 0.120052 0.131944 0.034375
0 0.270139 0.663672 0.063426 0.069531
0 0.840741 0.763932 0.121296 0.030469
0 0.230787 0.516276 0.058796 0.061198
0 0.785185 0.627214 0.047222 0.074740
0 0.594213 0.870703 0.054167 0.061719
0 0.399769 0.874609 0.137500 0.022656
0 0.265509 0.301693 0.109722 0.027865
0 0.450694 0.568620 0.044907 0.061719
0 0.730787 0.327734 0.049537 0.053906
0 0.763194 0.223568 0.095833 0.027865
0 0.777083 0.270443 0.049537 0.053906
0 0.818750 0.633984 0.049537 0.050781
0 0.163657 0.439453 0.109722 0.022135
0 0.587269 0.913672 0.132870 0.017448
0 0.832639 0.485286 0.040278 0.056510
0 0.730787 0.534766 0.040278 0.056510
0 0.589583 0.434505 0.128241 0.017448
0 0.774769 0.524089 0.035648 0.061198
0 0.151620 0.180599 0.104167 0.020052
0 0.409028 0.896745 0.081944 0.025260
0 0.304861 0.282161 0.040278 0.051302
0 0.781250 0.708594 0.085648 0.023958
0 0.531713 0.175391 0.132870 0.014844
0 0.308333 0.551042 0.121296 0.016146
0 0.573380 0.776953 0.077315 0.025260
0 0.489583 0.287370 0.076389 0.025260
0 0.661343 0.485938 0.040278 0.047396
0 0.323380 0.581641 0.040278 0.046094
0 0.762037 0.577734 0.037963 0.048698
0 0.885880 0.185807 0.044907 0.040885
0 0.094213 0.373307 0.044907 0.040885
0 0.270139 0.367448 0.035648 0.050000
0 0.255787 0.201432 0.034722 0.051302
0 0.601157 0.457943 0.077315 0.022656
0 0.052546 0.411068 0.035648 0.048698
0 0.362731 0.694661 0.100463 0.016927
0 0.470370 0.767839 0.075000 0.022656
0 0.737731 0.444271 0.035648 0.047396
0 0.565278 0.302344 0.070370 0.023958
0 0.828009 0.898047 0.095833 0.017448
0 0.635880 0.411068 0.072685 0.022656
0 0.552546 0.684505 0.072685 0.022656
0 0.545602 0.391536 0.040278 0.040885
0 0.473843 0.685807 0.026389 0.061719
0 0.375463 0.598568 0.070370 0.022656
0 0.184491 0.605078 0.077315 0.020052
0 0.522917 0.181901 0.067130 0.022656
0 0.679861 0.405859 0.031019 0.048698
0 0.647454 0.611589 0.086574 0.017448
0 0.670602 0.197526 0.086574 0.017448
0 0.950694 0.636328 0.026389 0.056510
0 0.481481 0.454036 0.032407 0.046094
0 0.498843 0.252214 0.030093 0.048698
0 0.443750 0.698828 0.021759 0.066927
0 0.459954 0.487891 0.072685 0.020052
0 0.846528 0.649349 0.031019 0.046094
0 0.256250 0.168880 0.081944 0.017448
0 0.256250 0.697526 0.026389 0.053906
0 0.922917 0.123047 0.072685 0.019531
0 0.896296 0.259115 0.037963 0.036458
0 0.608102 0.306901 0.035648 0.038281
0 0.295602 0.219661 0.068056 0.020052
0 0.473843 0.886328 0.091204 0.014844
0 0.536343 0.525651 0.031019 0.043490
0 0.140046 0.228125 0.062500 0.021354
0 0.170602 0.472266 0.086574 0.014844
0 0.610417 0.709245 0.086574 0.014844
0 0.344213 0.452734 0.026389 0.048698
0 0.566435 0.633724 0.035648 0.035677
0 0.258565 0.248307 0.031019 0.040885
0 0.221528 0.349870 0.031019 0.040885
0 0.883565 0.362891 0.031019 0.040885
0 0.827546 0.675781 0.030093 0.041667
0 0.918287 0.284115 0.091204 0.013542
0 0.784028 0.138932 0.081944 0.014844
0 0.506250 0.193620 0.081944 0.014844
0 0.784028 0.089453 0.081944 0.014844
0 0.672917 0.120703 0.081944 0.014844
0 0.115046 0.304297 0.095833 0.012240
0 0.244676 0.676693 0.021759 0.053906
0 0.749306 0.908464 0.095833 0.012240
0 0.059491 0.556641 0.031019 0.037760
0 0.472222 0.326432 0.078704 0.014844
0 0.795139 0.128516 0.057870 0.020052
0 0.656713 0.628516 0.077315 0.014844
0 0.913657 0.533464 0.026389 0.043490
0 0.862731 0.632422 0.026389 0.043490
0 0.948380 0.194271 0.031019 0.036979
0 0.415509 0.426432 0.067130 0.016927
0 0.487269 0.366797 0.025463 0.043490
0 0.566435 0.661068 0.063426 0.017448
0 0.906713 0.105078 0.031019 0.035677
0 0.186806 0.295833 0.100463 0.010937
0 0.278241 0.741797 0.088889 0.012240
0 0.709954 0.349870 0.026389 0.040885
0 0.580324 0.612891 0.026389 0.040885
0 0.515509 0.368099 0.026389 0.040885
0 0.584954 0.810807 0.072685 0.014844
0 0.086806 0.336849 0.020833 0.051302
0 0.336806 0.279557 0.020833 0.051302
0 0.478472 0.158203 0.063426 0.016927
0 0.836806 0.099870 0.030093 0.035677
0 0.425926 0.284115 0.078704 0.013542
0 0.417130 0.163672 0.061111 0.017448
0 0.517824 0.132422 0.086574 0.012240
0 0.411343 0.408464 0.086574 0.012240
0 0.740046 0.494401 0.021759 0.048698
0 0.228472 0.232031 0.026389 0.039583
0 0.334954 0.854818 0.072685 0.014323
0 0.970370 0.185807 0.028704 0.035677
0 0.391667 0.448828 0.028704 0.035677
0 0.133565 0.482682 0.068056 0.014844
0 0.939120 0.253516 0.021759 0.046094
0 0.846528 0.683203 0.021759 0.046094
0 0.087269 0.131120 0.021759 0.046094
0 0.568750 0.163411 0.058796 0.016927
0 0.828009 0.537109 0.021759 0.045573
0 0.171759 0.148047 0.079630 0.012240
0 0.837269 0.919922 0.068056 0.014323
0 0.186806 0.499349 0.081944 0.011719
0 0.684491 0.330339 0.021759 0.043490
0 0.078009 0.773047 0.021759 0.043490
0 0.425231 0.701432 0.031019 0.030469
0 0.091898 0.506120 0.031019 0.030469
0 0.552083 0.103125 0.025463 0.036979
0 0.774769 0.388672 0.026389 0.035156
0 0.515509 0.840104 0.081944 0.010937
0 0.707639 0.414974 0.021759 0.040885
0 0.318750 0.670182 0.021759 0.040885
0 0.952546 0.791927 0.030093 0.029167
0 0.770139 0.668880 0.026389 0.033073
0 0.932176 0.744141 0.026389 0.032552
0 0.084954 0.223307 0.072685 0.011719
0 0.777083 0.476172 0.021759 0.038281
0 0.860417 0.101172 0.021759 0.038281
0 0.419444 0.473568 0.065741 0.012240
0 0.459954 0.089453 0.054167 0.014844
0 0.707639 0.767188 0.049537 0.016146
0 0.159028 0.654557 0.017130 0.046094
0 0.297917 0.317318 0.063426 0.012240
0 0.892824 0.808203 0.021759 0.035677
0 0.723843 0.604818 0.054167 0.014323
0 0.784028 0.844010 0.017130 0.044792
0 0.529398 0.213542 0.026389 0.028646
0 0.718750 0.378516 0.016204 0.046094
0 0.110417 0.193620 0.077315 0.009635
0 0.918287 0.892839 0.017130 0.043490
0 0.455324 0.822266 0.063426 0.011719
0 0.763194 0.513021 0.021759 0.033854
0 0.462269 0.444922 0.021759 0.033073
0 0.716898 0.590755 0.021759 0.033073
0 0.513194 0.119401 0.058796 0.012240
0 0.684491 0.813151 0.077315 0.009115
0 0.121991 0.144141 0.017130 0.040885
0 0.140509 0.414974 0.072685 0.009635
0 0.094213 0.560547 0.017130 0.040365
0 0.572222 0.720964 0.056481 0.012240
0 0.892361 0.411068 0.020833 0.033073
0 0.899306 0.618490 0.016204 0.041667
0 0.634259 0.373958 0.060185 0.010937
0 0.492361 0.723568 0.017130 0.038281
0 0.161343 0.159766 0.068056 0.009635
0 0.668287 0.301042 0.017130 0.036979
0 0.881250 0.097266 0.017130 0.035677
0 0.913194 0.786719 0.025463 0.023958
0 0.468750 0.305599 0.062500 0.009635
0 0.549769 0.614193 0.020833 0.027865
0 0.647454 0.167578 0.058796 0.009635
0 0.598843 0.197526 0.044907 0.012240
0 0.461111 0.247005 0.019444 0.027865
0 0.042824 0.603516 0.016204 0.032552
0 0.459491 0.349609 0.016204 0.029948
0 0.304861 0.642839 0.012500 0.033073
0 0.728009 0.735286 0.016204 0.025260
0 0.435648 0.301432 0.061111 0.006510
0 0.957176 0.750651 0.011574 0.029948
