0 0.651389 0.281510 0.068519 0.046354
0 0.466898 0.103776 0.132870 0.038281
0 0.595370 0.165625 0.158333 0.031771
0 0.716435 0.748307 0.057870 0.066927
0 0.237731 0.385026 0.054167 0.064323
0 0.309028 0.743099 0.057870 0.055469
0 0.934491 0.118099 0.040278 0.077344
0 0.199537 0.702734 0.098148 0.027865
0 0.843981 0.077604 0.089815 0.013021
0 0.260417 0.493750 0.043981 0.052604
0 0.385880 0.799089 0.081944 0.027865
0 0.559722 0.886328 0.040741 0.020052
0 0.324537 0.892839 0.079630 0.027865
0 0.984259 0.453776 0.028704 0.076823
0 0.878935 0.167578 0.086574 0.025260
0 0.341898 0.162370 0.105093 0.020052
0 0.728472 0.830339 0.091204 0.022656
0 0.637731 0.168229 0.076389 0.026562
0 0.534028 0.332943 0.044907 0.043490
0 0.961111 0.722266 0.075000 0.025260
0 0.550231 0.130469 0.077315 0.023958
0 0.977315 0.887630 0.042593 0.043490
0 0.594213 0.108984 0.100463 0.017448
0 0.184491 0.122005 0.031019 0.053906
0 0.295602 0.201432 0.040278 0.040885
0 0.633565 0.862891 0.040278 0.040885
0 0.214583 0.188411 0.081944 0.020052
0 0.177083 0.286068 0.071759 0.022656
0 0.892824 0.289714 0.040278 0.040365
0 0.792130 0.158464 0.070370 0.022656
0 0.811806 0.840755 0.026389 0.059115
0 0.715741 0.644141 0.037963 0.040885
0 0.559491 0.302995 0.077315 0.020052
0 0.540972 0.900651 0.068056 0.022656
0 0.957639 0.601172 0.040278 0.038281
0 0.429398 0.555339 0.030093 0.050781
0 0.429398 0.692318 0.067130 0.022656
0 0.374306 0.278255 0.086574 0.017448
0 0.241898 0.483984 0.034722 0.043490
0 0.961111 0.857682 0.075000 0.020052
0 0.710648 0.204036 0.074074 0.020052
0 0.373843 0.340755 0.030093 0.048698
0 0.098843 0.677995 0.035648 0.040885
0 0.663657 0.758724 0.035648 0.040885
0 0.456481 0.884766 0.065741 0.022135
0 0.906713 0.539974 0.031019 0.046094
0 0.191435 0.164323 0.035648 0.039583
0 0.147454 0.135417 0.077315 0.018229
0 0.892824 0.483984 0.021759 0.064323
0 0.958796 0.687109 0.079630 0.017448
0 0.376620 0.257161 0.081944 0.016927
0 0.839583 0.689714 0.035648 0.038281
0 0.709954 0.756120 0.026389 0.051302
0 0.429861 0.482682 0.021759 0.061719
0 0.494213 0.276953 0.067130 0.020052
0 0.816435 0.228776 0.072685 0.017448
0 0.358102 0.239193 0.072685 0.017448
0 0.652083 0.516536 0.031019 0.040885
0 0.339583 0.263672 0.035648 0.035156
0 0.146991 0.179297 0.020833 0.059115
0 0.396991 0.144141 0.030093 0.040885
0 0.631250 0.193620 0.081944 0.014844
0 0.957639 0.572526 0.031019 0.038281
0 0.918287 0.269792 0.072685 0.016146
0 0.260417 0.158464 0.034722 0.033073
0 0.207176 0.470964 0.020833 0.053906
0 0.212269 0.151953 0.031019 0.035677
0 0.378935 0.440365 0.021759 0.050000
0 0.292130 0.344010 0.024074 0.044792
0 0.983102 0.610026 0.026389 0.040365
0 0.925231 0.213802 0.031019 0.034375
0 0.466898 0.593359 0.086574 0.012240
0 0.390046 0.202474 0.062500 0.016927
0 0.253935 0.406250 0.031019 0.033854
0 0.480787 0.132422 0.031019 0.033073
0 0.683333 0.641536 0.028704 0.035677
0 0.371528 0.686849 0.025463 0.037760
0 0.476157 0.343359 0.077315 0.012240
0 0.091898 0.627214 0.021759 0.043490
0 0.661343 0.580339 0.021759 0.043490
0 0.587269 0.482682 0.031019 0.030469
0 0.733102 0.868099 0.026389 0.035677
0 0.441435 0.901953 0.063426 0.014844
0 0.677546 0.099870 0.063426 0.014844
0 0.112731 0.202734 0.017130 0.053906
0 0.351157 0.451432 0.021759 0.040885
0 0.911343 0.482682 0.021759 0.040885
0 0.834954 0.483984 0.026389 0.033073
0 0.233102 0.158464 0.017130 0.048698
0 0.466435 0.232682 0.085648 0.009635
0 0.894676 0.388672 0.090278 0.009115
0 0.311806 0.175391 0.054167 0.014844
0 0.489583 0.084896 0.048611 0.016146
0 0.124306 0.391536 0.021759 0.035677
0 0.418287 0.809505 0.063426 0.012240
0 0.138194 0.519141 0.021759 0.035677
0 0.858102 0.276302 0.054167 0.013542
0 0.781250 0.133724 0.048611 0.014844
0 0.468056 0.399089 0.024074 0.029948
0 0.200694 0.332682 0.026389 0.027344
0 0.554398 0.369401 0.057870 0.012240
0 0.288657 0.545182 0.072685 0.009635
0 0.098843 0.151953 0.017130 0.040885
0 0.219213 0.395833 0.017130 0.039062
0 0.816435 0.414974 0.026389 0.025260
0 0.299769 0.092057 0.067130 0.009635
0 0.279398 0.123307 0.063426 0.009635
0 0.619676 0.095964 0.049537 0.012240
0 0.297917 0.636068 0.017130 0.035156
0 0.205324 0.128255 0.017130 0.035156
0 0.130787 0.247656 0.016204 0.034375
0 0.108102 0.363932 0.017130 0.032552
0 0.267824 0.761328 0.021759 0.025260
0 0.177546 0.441667 0.017130 0.031771
0 0.084954 0.527344 0.017130 0.031250
0 0.733102 0.076432 0.054167 0.009635
0 0.159028 0.745703 0.017130 0.030469
0 0.381250 0.309505 0.072685 0.007031
0 0.711806 0.097005 0.020833 0.024740
0 0.488194 0.352474 0.053241 0.009635
0 0.439120 0.158464 0.040278 0.012240
0 0.409028 0.222266 0.017130 0.025260
0 0.501620 0.305599 0.044907 0.009635
0 0.332639 0.181641 0.058796 0.006510
0 0.771991 0.107422 0.039352 0.009115
0 0.660185 0.136328 0.059259 0.026823
0 0.765509 0.996354 0.026389 0.005729
0 0.662500 0.997656 0.024074 0.003125
0 0.365509 0.088411 0.062500 0.027865
0 0.491667 0.158984 0.043519 0.020052
0 0.734954 0.131380 0.073611 0.033594
0 0.540972 0.206901 0.066204 0.024740
0 0.529861 0.229427 0.058796 0.026042
0 0.932176 0.250651 0.040278 0.034635
0 0.871991 0.204948 0.107870 0.020833
0 0.428472 0.178125 0.051389 0.026042
0 0.151620 0.227344 0.021759 0.035417
0 0.199769 0.219922 0.072685 0.040885
0 0.238657 0.226042 0.020833 0.031771
0 0.288657 0.264974 0.018981 0.027865
0 0.271528 0.259766 0.066204 0.025260
0 0.238657 0.265625 0.027315 0.027604
0 0.110185 0.285156 0.079630 0.011979
0 0.147454 0.323177 0.082870 0.033854
0 0.565278 0.330859 0.042593 0.032552
0 0.696528 0.330339 0.064352 0.040885
0 0.615046 0.354687 0.053241 0.041146
0 0.633333 0.360286 0.060185 0.045573
0 0.514815 0.358203 0.074074 0.007552
0 0.479398 0.312891 0.056019 0.035156
0 0.765278 0.226693 0.057407 0.035677
0 0.876389 0.242448 0.053704 0.041146
0 0.960880 0.229036 0.078241 0.011719
0 0.868287 0.359505 0.087500 0.031510
0 0.282176 0.428776 0.054167 0.033594
0 0.497685 0.438802 0.086111 0.034896
0 0.596296 0.498437 0.065741 0.035937
0 0.853704 0.521224 0.051852 0.024740
0 0.835648 0.517969 0.059259 0.040104
0 0.765972 0.539974 0.061574 0.019010
0 0.712731 0.518359 0.055093 0.031510
0 0.393056 0.528516 0.017593 0.048177
0 0.151389 0.539974 0.080556 0.051302
0 0.137963 0.564714 0.045370 0.037760
0 0.186343 0.622526 0.049537 0.025260
0 0.118056 0.643490 0.034259 0.027604
0 0.244907 0.612760 0.070370 0.065104
0 0.263657 0.662109 0.062500 0.041406
0 0.216667 0.664453 0.044444 0.029427
0 0.117824 0.727604 0.056944 0.019271
0 0.334259 0.660677 0.075000 0.059375
0 0.436343 0.627083 0.052315 0.029687
0 0.452315 0.617318 0.058333 0.033594
0 0.480324 0.650391 0.035648 0.038802
0 0.459491 0.659245 0.060648 0.010156
0 0.608333 0.665104 0.062037 0.040104
0 0.698611 0.672786 0.071296 0.026302
0 0.442130 0.713932 0.041667 0.026823
0 0.459028 0.722396 0.071759 0.022396
0 0.409028 0.758333 0.047685 0.042188
0 0.318981 0.847396 0.058333 0.050521
0 0.218056 0.874089 0.058333 0.037760
0 0.283796 0.869401 0.038889 0.037240
0 0.437963 0.864844 0.080556 0.056250
0 0.609491 0.887370 0.064352 0.017969
0 0.597222 0.818620 0.028704 0.038802
0 0.573611 0.796094 0.064815 0.021354
0 0.531713 0.771484 0.066204 0.041406
0 0.637731 0.797786 0.061574 0.042448
0 0.713426 0.892708 0.098148 0.011979
0 0.889120 0.910026 0.054167 0.021094
0 0.851852 0.893490 0.020370 0.046354
0 0.831019 0.898698 0.017593 0.035937
0 0.811574 0.888281 0.051852 0.032292
0 0.835417 0.783724 0.065278 0.037760
0 0.891667 0.780859 0.046296 0.032552
0 0.954167 0.780469 0.077778 0.025000
0 0.838657 0.658724 0.075463 0.019531
0 0.885648 0.648047 0.053704 0.045573
0 0.876620 0.709766 0.046759 0.041406
0 0.853241 0.708073 0.045370 0.036979
0 0.898380 0.741406 0.154167 0.021354
0 0.739815 0.169141 0.080556 0.008594
0 0.685880 0.167318 0.068056 0.027344
