0 0.084491 0.125911 0.071759 0.072135
0 0.871991 0.593099 0.109722 0.037760
0 0.510880 0.418880 0.081944 0.027865
0 0.624306 0.222917 0.040278 0.052604
0 0.753935 0.592057 0.040278 0.051302
0 0.040972 0.450130 0.031019 0.064323
0 0.844213 0.329036 0.035648 0.051302
0 0.716435 0.258724 0.039352 0.040885
0 0.892824 0.654557 0.077315 0.020052
0 0.880787 0.204687 0.071759 0.021354
0 0.679861 0.411068 0.031019 0.048698
0 0.895139 0.360286 0.072685 0.020052
0 0.464583 0.124609 0.081944 0.017448
0 0.124306 0.275651 0.031019 0.043490
0 0.265046 0.499609 0.034722 0.038281
0 0.645139 0.337500 0.035648 0.036979
0 0.458796 0.586849 0.061111 0.020052
0 0.788194 0.180599 0.081019 0.014844
0 0.369676 0.095964 0.068056 0.017448
0 0.101157 0.291276 0.031019 0.038281
0 0.082639 0.293880 0.031019 0.038281
0 0.726157 0.469661 0.058796 0.020052
0 0.756250 0.251953 0.035648 0.032552
0 0.052546 0.278255 0.026389 0.043490
0 0.050231 0.555599 0.031019 0.035677
0 0.491898 0.135026 0.062500 0.017448
0 0.806713 0.398047 0.062500 0.017448
0 0.043287 0.602474 0.026389 0.040885
0 0.115046 0.431901 0.086574 0.012240
0 0.545602 0.097266 0.068056 0.014844
0 0.288657 0.608984 0.081944 0.012240
0 0.501620 0.202734 0.081944 0.012240
0 0.154398 0.648047 0.081944 0.012240
0 0.881250 0.095964 0.081944 0.012240
0 0.906250 0.267839 0.030093 0.033073
0 0.883565 0.106120 0.058796 0.016927
0 0.684491 0.204427 0.031019 0.031250
0 0.733102 0.121094 0.026389 0.036458
0 0.902083 0.627214 0.077315 0.012240
0 0.348843 0.163672 0.054167 0.017448
0 0.292824 0.724609 0.025463 0.035156
0 0.397454 0.151693 0.021759 0.040365
0 0.290972 0.159766 0.058796 0.014844
0 0.659028 0.108724 0.072685 0.011719
0 0.399769 0.379557 0.072685 0.011719
0 0.154398 0.277604 0.026389 0.031771
0 0.707176 0.226172 0.030093 0.027865
0 0.550231 0.332943 0.021759 0.038281
0 0.203009 0.444661 0.021759 0.037760
0 0.505787 0.534115 0.025463 0.029167
0 0.529398 0.179297 0.026389 0.027865
0 0.025926 0.393880 0.047222 0.014323
0 0.885880 0.239193 0.054167 0.012240
0 0.811343 0.526953 0.025463 0.025260
0 0.607639 0.581380 0.025463 0.024740
0 0.522454 0.519141 0.021759 0.027865
0 0.260880 0.375651 0.063426 0.009115
0 0.494213 0.183203 0.057870 0.009635
0 0.373843 0.263672 0.057870 0.009115
0 0.242361 0.196224 0.017130 0.030469
0 0.010880 0.666927 0.017130 0.029167
0 0.883102 0.710547 0.039352 0.012240
0 0.223843 0.200781 0.017130 0.023958
0 0.700694 0.372005 0.017130 0.022656
0 0.359259 0.403516 0.076852 0.061719
0 0.389352 0.456771 0.024074 0.046354
0 0.440509 0.362760 0.066204 0.032292
0 0.469213 0.237891 0.024537 0.047135
0 0.529398 0.239323 0.052315 0.025000
0 0.641204 0.171615 0.035185 0.032813
0 0.804861 0.131510 0.080093 0.022917
0 0.907176 0.125260 0.092130 0.026042
0 0.909259 0.160286 0.075000 0.037240
0 0.109491 0.216927 0.025463 0.040625
0 0.109954 0.165495 0.066204 0.027865
0 0.028472 0.213151 0.031944 0.037760
0 0.021065 0.184505 0.041204 0.029948
0 0.791898 0.239714 0.035648 0.049219
0 0.822917 0.256510 0.035648 0.036458
0 0.853009 0.273047 0.058796 0.041927
0 0.837037 0.263021 0.054630 0.031771
0 0.931713 0.294531 0.026389 0.043229
0 0.937037 0.384896 0.048148 0.027604
0 0.590046 0.375781 0.081944 0.013542
0 0.563657 0.366276 0.084722 0.021615
0 0.560417 0.385807 0.051389 0.025781
0 0.299537 0.260026 0.087037 0.027344
0 0.302083 0.206120 0.052315 0.017969
0 0.315046 0.187760 0.071759 0.042188
0 0.348380 0.137630 0.063426 0.030990
0 0.190278 0.248438 0.032407 0.029687
0 0.267824 0.294271 0.039352 0.052604
0 0.121991 0.396354 0.063426 0.033333
0 0.144676 0.364323 0.031019 0.029167
0 0.184491 0.362760 0.055093 0.022917
0 0.038194 0.376042 0.067130 0.018750
0 0.103472 0.484375 0.029167 0.030208
0 0.137037 0.483333 0.062037 0.041146
0 0.120602 0.504427 0.066204 0.025521
0 0.066898 0.514062 0.097685 0.016146
0 0.165046 0.537630 0.045833 0.038281
0 0.102083 0.564974 0.044907 0.048177
0 0.172222 0.552474 0.079630 0.022656
0 0.167824 0.595313 0.056944 0.016667
0 0.235648 0.535807 0.024074 0.044531
0 0.270139 0.559375 0.063426 0.041667
0 0.390046 0.558724 0.070833 0.028385
0 0.386574 0.565495 0.034259 0.038281
0 0.858333 0.538932 0.075000 0.052865
0 0.707639 0.520573 0.041204 0.026042
0 0.886806 0.447917 0.039352 0.044271
0 0.543519 0.457943 0.030556 0.050260
0 0.105787 0.687370 0.025463 0.053385
0 0.156019 0.684896 0.067593 0.040625
0 0.216435 0.702734 0.051389 0.037760
0 0.196991 0.749349 0.064352 0.028385
0 0.051389 0.705339 0.101852 0.034635
0 0.531481 0.582682 0.054630 0.019531
0 0.596528 0.547396 0.020833 0.035417
0 0.639583 0.548568 0.027315 0.046615
0 0.678241 0.554036 0.062037 0.045573
0 0.710648 0.559766 0.052778 0.016927
0 0.721991 0.570833 0.061574 0.027604
0 0.602546 0.443880 0.062500 0.037240
0 0.686111 0.463021 0.055556 0.026562
0 0.617361 0.465365 0.059722 0.027604
0 0.658565 0.485677 0.062500 0.014583
0 0.600463 0.516536 0.055556 0.026823
0 0.607176 0.481771 0.048611 0.022396
0 0.576389 0.464193 0.035185 0.020573
0 0.451852 0.472135 0.033333 0.047396
0 0.474074 0.485026 0.055556 0.029948
0 0.488657 0.493229 0.061574 0.027083
0 0.436111 0.517708 0.042593 0.018229
0 0.441435 0.401432 0.045833 0.022135
0 0.509954 0.364714 0.051389 0.012240
0 0.764583 0.422656 0.050463 0.013542
0 0.765278 0.428776 0.054630 0.012240
0 0.743287 0.373437 0.068056 0.041146
0 0.865278 0.672656 0.050000 0.029687
0 0.929630 0.674870 0.049074 0.029948
0 0.762963 0.495964 0.030556 0.037760
0 0.797454 0.490495 0.053241 0.024740
0 0.678935 0.606380 0.053241 0.026823
0 0.824306 0.173568 0.068981 0.028906
0 0.816204 0.380078 0.067593 0.035677
0 0.848843 0.411198 0.064352 0.034896
0 0.502546 0.561719 0.080093 0.031250
0 0.488194 0.104688 0.051389 0.041667
