0 0.244676 0.361328 0.123611 0.042969
0 0.825694 0.877214 0.137500 0.038281
0 0.608102 0.541276 0.054167 0.074740
0 0.503935 0.327734 0.132870 0.027865
0 0.302083 0.616146 0.062500 0.057813
0 0.941435 0.231380 0.100463 0.033073
0 0.443750 0.738932 0.095833 0.032552
0 0.059028 0.642839 0.057870 0.053906
0 0.649769 0.677995 0.100463 0.030469
0 0.712269 0.095312 0.095833 0.031771
0 0.580324 0.406901 0.044907 0.066406
0 0.665972 0.263932 0.114352 0.025260
0 0.538657 0.385026 0.044907 0.064323
0 0.615046 0.206641 0.049537 0.056510
0 0.418287 0.297786 0.054167 0.051302
0 0.089583 0.709245 0.109722 0.025260
0 0.515046 0.495703 0.090278 0.030469
0 0.330324 0.500260 0.054167 0.050000
0 0.781713 0.207943 0.049537 0.048698
0 0.253935 0.791276 0.086574 0.027865
0 0.661343 0.749349 0.049537 0.048177
0 0.288657 0.273047 0.081944 0.027865
0 0.571065 0.252214 0.081944 0.027865
0 0.663194 0.296484 0.081019 0.027865
0 0.152083 0.633464 0.040278 0.050781
0 0.654398 0.076172 0.044907 0.045573
0 0.277083 0.515234 0.031019 0.064323
0 0.716898 0.249609 0.040278 0.048698
0 0.457639 0.392839 0.040278 0.048698
0 0.659028 0.608984 0.044907 0.043490
0 0.686806 0.588151 0.044907 0.043490
0 0.235417 0.401953 0.077315 0.025260
0 0.082176 0.420182 0.076389 0.025260
0 0.784028 0.449870 0.044907 0.042969
0 0.265509 0.241797 0.035648 0.053906
0 0.537500 0.694922 0.042593 0.043490
0 0.024769 0.204036 0.044907 0.040885
0 0.797917 0.133724 0.044907 0.040885
0 0.168287 0.211849 0.072685 0.025260
0 0.279398 0.568620 0.035648 0.051302
0 0.767824 0.736589 0.077315 0.022656
0 0.953009 0.788672 0.077315 0.022656
0 0.929861 0.564714 0.040278 0.043490
0 0.295602 0.146484 0.086574 0.019531
0 0.679861 0.150391 0.031019 0.053385
0 0.587269 0.808854 0.077315 0.021354
0 0.446065 0.594661 0.081944 0.020052
0 0.168287 0.461849 0.035648 0.046094
0 0.332639 0.102214 0.040278 0.040365
0 0.350694 0.621745 0.030093 0.053385
0 0.837269 0.276302 0.021759 0.070833
0 0.205324 0.684505 0.035648 0.043490
0 0.119676 0.593359 0.068056 0.022656
0 0.202546 0.244401 0.067130 0.022656
0 0.668287 0.543229 0.035648 0.042188
0 0.337269 0.372005 0.040278 0.037240
0 0.700694 0.410417 0.091204 0.016146
0 0.468056 0.763932 0.098148 0.014844
0 0.040509 0.773047 0.020833 0.069531
0 0.492361 0.901953 0.072685 0.020052
0 0.663657 0.360286 0.072685 0.020052
0 0.939120 0.664974 0.031019 0.046094
0 0.244213 0.516536 0.039352 0.035677
0 0.214583 0.379557 0.081944 0.016927
0 0.253935 0.352474 0.068056 0.020052
0 0.094213 0.265234 0.035648 0.038281
0 0.709954 0.322526 0.035648 0.038281
0 0.640509 0.849870 0.091204 0.014844
0 0.436806 0.858984 0.109722 0.012240
0 0.642361 0.366797 0.076389 0.017448
0 0.376157 0.270443 0.034722 0.038281
0 0.596065 0.107422 0.067130 0.019531
0 0.524769 0.203776 0.091204 0.014323
0 0.859954 0.736589 0.030093 0.043490
0 0.447917 0.254557 0.076389 0.016927
0 0.353472 0.700130 0.072685 0.017448
0 0.295602 0.761068 0.086574 0.014323
0 0.612269 0.874609 0.025463 0.048698
0 0.079861 0.196224 0.034722 0.035677
0 0.712269 0.768490 0.031019 0.039583
0 0.501620 0.664974 0.081944 0.014844
0 0.119676 0.345964 0.031019 0.038281
0 0.193750 0.233984 0.068056 0.017448
0 0.528935 0.105078 0.025463 0.046094
0 0.466898 0.779557 0.077315 0.014844
0 0.674769 0.499349 0.030093 0.037760
0 0.114583 0.728776 0.020833 0.053906
0 0.875463 0.651953 0.024074 0.046094
0 0.582639 0.123047 0.077315 0.014323
0 0.240046 0.808203 0.031019 0.035677
0 0.883565 0.446224 0.031019 0.035677
0 0.922454 0.514974 0.025463 0.042969
0 0.948380 0.604818 0.031019 0.035156
0 0.591898 0.385026 0.021759 0.048698
0 0.554861 0.843359 0.086574 0.012240
0 0.703009 0.161068 0.021759 0.048698
0 0.652083 0.705078 0.021759 0.048177
0 0.484954 0.215755 0.085648 0.012240
0 0.663657 0.568359 0.072685 0.014323
0 0.186343 0.576172 0.025463 0.040365
0 0.556713 0.097005 0.025463 0.040365
0 0.865046 0.812109 0.058796 0.017448
0 0.341898 0.282161 0.068056 0.014844
0 0.851157 0.672786 0.021759 0.046094
0 0.626620 0.751953 0.026389 0.037760
0 0.609954 0.452734 0.030093 0.033073
0 0.760417 0.528255 0.081019 0.012240
0 0.628472 0.507161 0.030093 0.032552
0 0.814120 0.629818 0.077315 0.012240
0 0.777083 0.374609 0.021759 0.043490
0 0.237731 0.141536 0.063426 0.014844
0 0.156250 0.774349 0.030093 0.030469
0 0.596065 0.695964 0.030093 0.029948
0 0.341435 0.723307 0.076389 0.011719
0 0.325694 0.812109 0.072685 0.012240
0 0.943750 0.503516 0.021759 0.040885
0 0.251620 0.476172 0.072685 0.012240
0 0.522454 0.271484 0.021759 0.040365
0 0.701852 0.210938 0.019444 0.044271
0 0.961806 0.480078 0.020833 0.040885
0 0.487731 0.403255 0.017130 0.048698
0 0.973843 0.611589 0.017130 0.048698
0 0.172917 0.291667 0.026389 0.031250
0 0.146991 0.408203 0.030093 0.027344
0 0.721065 0.840495 0.048611 0.016927
0 0.804861 0.495052 0.021759 0.036979
0 0.734954 0.174089 0.020833 0.038281
0 0.117361 0.154557 0.017130 0.046094
0 0.955324 0.266536 0.017130 0.046094
0 0.672917 0.227474 0.017130 0.046094
0 0.760880 0.511328 0.081944 0.009635
0 0.876620 0.532161 0.017130 0.046094
0 0.948380 0.396745 0.021759 0.035677
0 0.091898 0.105078 0.021759 0.035677
0 0.159028 0.486589 0.063426 0.012240
0 0.119676 0.625911 0.021759 0.035677
0 0.237731 0.252865 0.026389 0.029167
0 0.098380 0.644141 0.016204 0.046094
0 0.589583 0.648047 0.017130 0.043490
0 0.640509 0.340755 0.026389 0.027865
0 0.290972 0.689714 0.058796 0.012240
0 0.374306 0.835547 0.058796 0.012240
0 0.207639 0.502214 0.021759 0.033073
0 0.800231 0.411068 0.021759 0.033073
0 0.429861 0.200391 0.021759 0.032552
0 0.616898 0.405859 0.016204 0.043490
0 0.943750 0.441667 0.021759 0.031771
0 0.367361 0.245443 0.072685 0.009115
0 0.279398 0.782161 0.044907 0.014844
0 0.258565 0.170182 0.021759 0.030469
0 0.635880 0.832943 0.054167 0.012240
0 0.566435 0.611589 0.017130 0.038281
0 0.446065 0.489193 0.017130 0.038281
0 0.480324 0.818620 0.067130 0.009635
0 0.936806 0.693620 0.017130 0.035677
0 0.659028 0.321224 0.063426 0.009635
0 0.818287 0.491797 0.020833 0.027865
0 0.388194 0.209245 0.058796 0.009635
0 0.216898 0.472266 0.058796 0.009635
0 0.797917 0.603776 0.017130 0.033073
0 0.811806 0.654557 0.017130 0.030469
0 0.913657 0.560807 0.017130 0.030469
0 0.705324 0.396745 0.017130 0.030469
0 0.628935 0.694661 0.021759 0.022135
0 0.552546 0.620443 0.017130 0.024740
0 0.306713 0.219661 0.016204 0.025260
0 0.560417 0.878255 0.047685 0.033594
0 0.536806 0.858984 0.051389 0.029948
0 0.532176 0.816797 0.044907 0.044531
0 0.414583 0.847396 0.085648 0.014063
0 0.412731 0.838802 0.046759 0.028646
0 0.302315 0.866536 0.067593 0.035677
0 0.445602 0.887500 0.081019 0.012500
0 0.467361 0.872786 0.041204 0.033594
0 0.663426 0.861719 0.072222 0.026562
0 0.718750 0.870573 0.075463 0.017708
0 0.746759 0.845703 0.062037 0.039844
0 0.820833 0.856120 0.088889 0.057031
0 0.106713 0.843750 0.098611 0.046354
0 0.046296 0.843490 0.054630 0.029687
0 0.068981 0.831250 0.064815 0.036458
0 0.132870 0.798958 0.062963 0.021354
0 0.083565 0.792188 0.050463 0.021875
0 0.185880 0.754036 0.061574 0.034635
0 0.218750 0.738932 0.068056 0.017448
0 0.259259 0.717318 0.050926 0.038802
0 0.278241 0.722656 0.068519 0.030208
0 0.329398 0.784245 0.058796 0.021094
0 0.380093 0.801432 0.075926 0.034635
0 0.398380 0.792708 0.092130 0.020833
0 0.439583 0.787109 0.087500 0.029948
0 0.384954 0.764193 0.074537 0.013802
0 0.450463 0.715365 0.062963 0.042708
0 0.083102 0.165104 0.044907 0.032813
0 0.067130 0.132161 0.051852 0.028906
0 0.045833 0.140365 0.050000 0.016667
0 0.071991 0.157943 0.092130 0.015365
0 0.306481 0.168750 0.046296 0.029167
0 0.307639 0.178906 0.078241 0.031250
0 0.523148 0.150651 0.100926 0.073698
0 0.563426 0.154948 0.077778 0.036458
0 0.620833 0.153255 0.066667 0.016927
0 0.622222 0.174479 0.023148 0.038021
0 0.708102 0.116146 0.049537 0.009896
0 0.909028 0.176823 0.059722 0.031250
0 0.745370 0.208724 0.028704 0.034115
0 0.777778 0.263672 0.021296 0.032031
0 0.767593 0.265365 0.042593 0.018750
0 0.748148 0.284245 0.062963 0.010156
0 0.803935 0.296484 0.059722 0.040885
0 0.869213 0.288151 0.031944 0.027865
0 0.907407 0.300260 0.056481 0.031250
0 0.931944 0.265234 0.018519 0.040885
0 0.919213 0.265234 0.039352 0.029948
0 0.787269 0.073568 0.076389 0.017448
0 0.761806 0.087370 0.023611 0.030990
0 0.819444 0.341667 0.091667 0.030729
0 0.849074 0.345313 0.057407 0.036458
0 0.931713 0.361458 0.104167 0.046875
0 0.893287 0.425000 0.022685 0.031771
0 0.850926 0.478776 0.038889 0.043490
0 0.758796 0.490755 0.046296 0.025260
0 0.720139 0.475000 0.032870 0.035937
0 0.695833 0.455729 0.082407 0.021354
0 0.678704 0.467969 0.071296 0.025000
0 0.640741 0.456901 0.015741 0.036198
0 0.644213 0.436328 0.043056 0.038281
0 0.662963 0.427865 0.065741 0.042188
0 0.566898 0.454557 0.090278 0.024740
0 0.521759 0.477214 0.059259 0.049219
0 0.498148 0.528255 0.075926 0.024219
0 0.522454 0.520964 0.050463 0.033594
0 0.423380 0.555469 0.068981 0.040625
0 0.485185 0.576042 0.037963 0.042188
0 0.509028 0.577474 0.097685 0.018490
0 0.549074 0.593490 0.064815 0.038542
0 0.428704 0.581250 0.069444 0.021354
0 0.361574 0.466667 0.037037 0.031771
0 0.304630 0.446094 0.072222 0.032292
0 0.201620 0.445703 0.051389 0.028906
0 0.128472 0.462760 0.060648 0.035417
0 0.177315 0.517708 0.047222 0.035417
0 0.223380 0.595182 0.031019 0.035156
0 0.233333 0.553255 0.056481 0.026823
0 0.256250 0.673698 0.053241 0.021875
0 0.281944 0.669010 0.057407 0.035937
0 0.259491 0.683854 0.047685 0.042188
0 0.093519 0.373437 0.073148 0.031771
0 0.105093 0.305208 0.037037 0.047917
0 0.118519 0.306771 0.080556 0.030208
0 0.181019 0.320052 0.055556 0.029167
0 0.360185 0.335026 0.035185 0.033594
0 0.378241 0.324089 0.031481 0.021094
0 0.768287 0.583464 0.042130 0.033594
0 0.774537 0.564844 0.073148 0.046354
0 0.810880 0.532813 0.090278 0.030729
0 0.809954 0.547135 0.066204 0.042188
0 0.707407 0.549740 0.052778 0.031250
0 0.919676 0.748307 0.097685 0.038281
0 0.945370 0.725130 0.064815 0.037240
0 0.958565 0.705729 0.040278 0.033854
0 0.926852 0.748307 0.083333 0.039323
0 0.766667 0.759635 0.060185 0.041146
0 0.725926 0.725000 0.091667 0.041667
0 0.750000 0.661849 0.045370 0.050260
0 0.759954 0.655729 0.082870 0.032292
0 0.505556 0.751042 0.074074 0.016146
0 0.539815 0.752214 0.042593 0.045052
0 0.577315 0.773438 0.043519 0.049479
0 0.554167 0.782813 0.089815 0.052604
0 0.584491 0.750911 0.044907 0.021615
0 0.568287 0.683724 0.043056 0.030469
0 0.580324 0.678776 0.043056 0.025260
0 0.482176 0.647786 0.033796 0.045573
0 0.460648 0.635417 0.046296 0.021875
0 0.417130 0.643880 0.074074 0.043490
0 0.538657 0.294661 0.071759 0.039323
