0 0.265509 0.167318 0.063426 0.082031
0 0.270139 0.620703 0.054167 0.082552
0 0.545602 0.875911 0.123611 0.030469
0 0.179861 0.982031 0.105093 0.034375
0 0.281713 0.523047 0.123611 0.027865
0 0.028935 0.189453 0.043981 0.074219
0 0.219213 0.666276 0.054167 0.059115
0 0.642824 0.228776 0.049537 0.059115
0 0.758565 0.368099 0.095833 0.030469
0 0.642824 0.343359 0.095833 0.027865
0 0.605787 0.276953 0.105093 0.025260
0 0.302546 0.336849 0.128241 0.020052
0 0.480787 0.517839 0.049537 0.048698
0 0.795139 0.858984 0.085648 0.027865
0 0.079167 0.137630 0.135185 0.017448
0 0.182176 0.282161 0.091204 0.025260
0 0.649306 0.172786 0.043981 0.051302
0 0.760880 0.589193 0.109722 0.019531
0 0.418287 0.490495 0.081944 0.025260
0 0.321065 0.451432 0.044907 0.046094
0 0.883565 0.323828 0.040278 0.051302
0 0.245370 0.260026 0.087963 0.022656
0 0.395833 0.452083 0.046296 0.042188
0 0.549769 0.752604 0.039352 0.049479
0 0.543287 0.801693 0.109722 0.017448
0 0.515509 0.521745 0.026389 0.072135
0 0.753472 0.313411 0.094907 0.020052
0 0.535880 0.820964 0.094907 0.019531
0 0.684491 0.213151 0.105093 0.017448
0 0.807176 0.706641 0.091204 0.020052
0 0.922917 0.869401 0.100463 0.017448
0 0.175231 0.427344 0.031019 0.055208
0 0.832639 0.343359 0.031019 0.053906
0 0.832639 0.313411 0.040278 0.040885
0 0.642824 0.311849 0.095833 0.016927
0 0.585417 0.237891 0.034722 0.046094
0 0.917824 0.430599 0.034722 0.046094
0 0.367361 0.499609 0.026389 0.059115
0 0.341898 0.137630 0.068056 0.022656
0 0.735417 0.187109 0.040278 0.038281
0 0.128935 0.385026 0.031019 0.048698
0 0.521296 0.477474 0.075000 0.020052
0 0.881250 0.177995 0.026389 0.056510
0 0.793287 0.300391 0.035648 0.040885
0 0.131250 0.153255 0.081944 0.017448
0 0.119213 0.552995 0.039352 0.035677
0 0.957639 0.547135 0.031019 0.044792
0 0.198380 0.112891 0.068056 0.020052
0 0.904398 0.844661 0.091204 0.014844
0 0.612269 0.992448 0.099537 0.013542
0 0.249306 0.804297 0.077315 0.017448
0 0.068750 0.325130 0.077315 0.017448
0 0.628472 0.292578 0.067130 0.020052
0 0.593750 0.392839 0.034722 0.038281
0 0.693750 0.893880 0.068056 0.019531
0 0.615046 0.642839 0.021759 0.059115
0 0.707639 0.774349 0.086574 0.014844
0 0.853472 0.240495 0.035648 0.035677
0 0.760880 0.862891 0.063426 0.020052
0 0.834954 0.816016 0.063426 0.020052
0 0.404398 0.895443 0.072685 0.017448
0 0.918287 0.379818 0.072685 0.017448
0 0.064120 0.672786 0.031019 0.040885
0 0.869676 0.355078 0.031019 0.040885
0 0.839120 0.263932 0.034722 0.035677
0 0.412500 0.135026 0.070370 0.017448
0 0.205324 0.204036 0.026389 0.046094
0 0.934028 0.544922 0.030093 0.040365
0 0.564120 0.317318 0.068056 0.017448
0 0.897454 0.085547 0.031019 0.038281
0 0.774769 0.432552 0.026389 0.044792
0 0.277083 0.737891 0.058796 0.020052
0 0.825694 0.411068 0.035648 0.033073
0 0.499306 0.572526 0.021759 0.053906
0 0.314120 0.767578 0.068056 0.016927
0 0.696065 0.340755 0.026389 0.043490
0 0.661343 0.605078 0.031019 0.035677
0 0.721528 0.422786 0.031019 0.035677
0 0.311343 0.586849 0.025463 0.040885
0 0.587269 0.840755 0.058796 0.017448
0 0.670602 0.192318 0.031019 0.033073
0 0.936806 0.145443 0.026389 0.038281
0 0.580324 0.114193 0.026389 0.038281
0 0.274769 0.470964 0.026389 0.038281
0 0.478472 0.257422 0.081944 0.012240
0 0.450694 0.449870 0.026389 0.037760
0 0.864583 0.286068 0.030093 0.033073
0 0.608102 0.712500 0.026389 0.036979
0 0.568750 0.727865 0.031019 0.031250
0 0.152083 0.663672 0.021759 0.043490
0 0.929861 0.254818 0.021759 0.043490
0 0.795602 0.879818 0.077315 0.012240
0 0.640509 0.111589 0.054167 0.017448
0 0.409028 0.516536 0.026389 0.035677
0 0.834954 0.779557 0.063426 0.014844
0 0.621991 0.758724 0.026389 0.035677
0 0.159028 0.562109 0.017130 0.053906
0 0.096528 0.162370 0.095833 0.009635
0 0.814120 0.081641 0.058796 0.014844
0 0.490046 0.740495 0.058796 0.014844
0 0.304861 0.120703 0.058796 0.014844
0 0.603472 0.090495 0.072685 0.011719
0 0.073380 0.383464 0.058796 0.014323
0 0.987269 0.560807 0.016204 0.051302
0 0.628935 0.377214 0.021759 0.038281
0 0.823380 0.655859 0.068056 0.012240
0 0.744676 0.632422 0.068056 0.012240
0 0.406713 0.330339 0.068056 0.012240
0 0.899769 0.482682 0.026389 0.030469
0 0.736574 0.114193 0.024074 0.033073
0 0.385880 0.831641 0.017130 0.046094
0 0.395139 0.183203 0.081944 0.009635
0 0.723843 0.695964 0.026389 0.029948
0 0.156713 0.771745 0.021759 0.035677
0 0.253935 0.289974 0.021759 0.035677
0 0.362731 0.627214 0.063426 0.012240
0 0.689120 0.456641 0.077315 0.009635
0 0.121991 0.611589 0.017130 0.043490
0 0.501620 0.431901 0.017130 0.043490
0 0.823380 0.136328 0.049537 0.014844
0 0.119676 0.116797 0.021759 0.033073
0 0.765509 0.193620 0.017130 0.040885
0 0.904398 0.287370 0.017130 0.040885
0 0.413194 0.369141 0.016204 0.042969
0 0.142361 0.198568 0.048611 0.014323
0 0.366898 0.457292 0.016204 0.042188
0 0.517361 0.832682 0.057870 0.011719
0 0.793287 0.891276 0.072685 0.009115
0 0.700231 0.274349 0.016204 0.040885
0 0.888194 0.632812 0.049537 0.013021
0 0.045602 0.133464 0.068056 0.009115
0 0.876620 0.581641 0.017130 0.035677
0 0.591898 0.124609 0.021759 0.027865
0 0.624306 0.528255 0.021759 0.027865
0 0.466898 0.214453 0.058796 0.009635
0 0.696065 0.580339 0.017130 0.033073
0 0.848843 0.856380 0.017130 0.033073
0 0.087269 0.875651 0.058796 0.009115
0 0.693750 0.194661 0.021759 0.022135
0 0.355787 0.313151 0.049537 0.009115
0 0.865046 0.441016 0.012500 0.035677
0 0.959954 0.631120 0.044907 0.009635
0 0.589583 0.198568 0.017130 0.024740
0 0.434491 0.726172 0.058796 0.007031
0 0.615741 0.163411 0.060185 0.006510
0 0.010880 0.983333 0.017130 0.021354
0 0.197222 0.006120 0.037963 0.009635
0 0.286343 0.572526 0.012500 0.022656
0 0.150926 0.996354 0.047222 0.005729
0 0.984722 0.006120 0.027778 0.009635
