0 0.535880 0.617839 0.224537 0.045573
0 0.246991 0.151953 0.156019 0.051302
0 0.626157 0.780859 0.164352 0.038281
0 0.124306 0.103776 0.123611 0.033073
0 0.436806 0.845703 0.054167 0.063802
0 0.867361 0.131771 0.054167 0.063021
0 0.895139 0.227474 0.165278 0.020052
0 0.927546 0.109375 0.054167 0.059896
0 0.221528 0.455339 0.095833 0.033073
0 0.258565 0.497005 0.095833 0.033073
0 0.138194 0.878516 0.095833 0.030469
0 0.538657 0.372005 0.054167 0.053906
0 0.950926 0.399609 0.095370 0.015365
0 0.705324 0.877214 0.109722 0.022656
0 0.123148 0.598568 0.139815 0.017448
0 0.817593 0.089453 0.121296 0.020052
0 0.230324 0.810547 0.039352 0.061198
0 0.084491 0.814714 0.043981 0.053906
0 0.101157 0.141536 0.049537 0.046094
0 0.105787 0.694922 0.095833 0.022656
0 0.457176 0.116797 0.094907 0.022656
0 0.260880 0.807552 0.044907 0.047396
0 0.344213 0.202083 0.044907 0.047396
0 0.876620 0.186198 0.044907 0.046875
0 0.089583 0.240234 0.081944 0.024740
0 0.483102 0.170182 0.026389 0.072135
0 0.124306 0.767839 0.031019 0.059115
0 0.108102 0.889974 0.081944 0.022135
0 0.238889 0.175781 0.037963 0.046875
0 0.986574 0.117839 0.024074 0.071615
0 0.846528 0.463151 0.095833 0.017448
0 0.983102 0.662370 0.026389 0.061719
0 0.334954 0.550391 0.026389 0.061719
0 0.508102 0.299740 0.113426 0.013542
0 0.922917 0.066016 0.026389 0.051302
0 0.850694 0.115885 0.030093 0.041667
0 0.941435 0.194922 0.100463 0.012240
0 0.108102 0.411068 0.017130 0.059115
0 0.818750 0.136328 0.095833 0.009635
0 0.961111 0.494401 0.075000 0.012240
0 0.972685 0.783464 0.051852 0.017448
0 0.948380 0.171484 0.068056 0.012240
0 0.262037 0.245052 0.085185 0.046875
0 0.388194 0.149349 0.021759 0.035677
0 0.131250 0.856380 0.026389 0.027865
0 0.023843 0.601172 0.046759 0.012240
0 0.078009 0.674089 0.012500 0.038281
0 0.098843 0.993099 0.044907 0.009635
0 0.913194 0.869401 0.053241 0.007031
0 0.888194 0.065885 0.062500 0.025521
0 0.638194 0.098568 0.068981 0.051302
0 0.563194 0.085807 0.077315 0.032552
0 0.082639 0.155339 0.057870 0.016406
0 0.770139 0.172005 0.064352 0.035156
0 0.640741 0.362109 0.116667 0.041927
0 0.859722 0.371484 0.123148 0.047656
0 0.851157 0.414714 0.056944 0.049219
0 0.951389 0.411849 0.078704 0.014844
0 0.946759 0.466016 0.075000 0.039323
0 0.250231 0.457813 0.084722 0.040625
0 0.973148 0.540495 0.052778 0.046094
0 0.123843 0.586589 0.103241 0.007031
0 0.118056 0.801042 0.100926 0.052083
0 0.774306 0.864844 0.061574 0.044271
0 0.737963 0.902214 0.050926 0.049219
0 0.726620 0.895182 0.114352 0.013802
