0 0.840741 0.833594 0.108333 0.056250
0 0.765278 0.610938 0.073148 0.034896
0 0.853472 0.288021 0.165278 0.057813
0 0.425231 0.367188 0.075463 0.053646
0 0.390046 0.088151 0.081019 0.074740
0 0.376620 0.825130 0.128241 0.043490
0 0.942824 0.140104 0.050463 0.048958
0 0.818750 0.438411 0.058796 0.077344
0 0.172454 0.882422 0.118056 0.038281
0 0.179398 0.228776 0.057870 0.069531
0 0.800231 0.253516 0.169907 0.020052
0 0.740046 0.088802 0.058796 0.055208
0 0.885880 0.176693 0.044907 0.069531
0 0.425231 0.435547 0.123611 0.024740
0 0.779398 0.480078 0.100463 0.030469
0 0.119213 0.321224 0.094907 0.030469
0 0.381250 0.196224 0.091204 0.030469
0 0.904398 0.597266 0.109722 0.025260
0 0.568750 0.171484 0.040278 0.064323
0 0.270139 0.175391 0.044907 0.056510
0 0.647454 0.370703 0.040278 0.061719
0 0.098843 0.776302 0.035648 0.065625
0 0.251620 0.342057 0.044907 0.051302
0 0.394676 0.284766 0.090278 0.025260
0 0.975000 0.178646 0.047222 0.047396
0 0.957176 0.426042 0.030093 0.073438
0 0.098843 0.377214 0.035648 0.059115
0 0.876157 0.217708 0.043981 0.047396
0 0.307176 0.857031 0.146759 0.013542
0 0.839583 0.124609 0.044907 0.043490
0 0.682176 0.274740 0.035648 0.052083
0 0.200694 0.164974 0.044907 0.040885
0 0.862731 0.140625 0.100463 0.018229
0 0.834954 0.226172 0.035648 0.048698
0 0.596528 0.128516 0.086574 0.020052
0 0.762731 0.128255 0.085648 0.019531
0 0.774306 0.377604 0.127315 0.013021
0 0.529398 0.108984 0.072685 0.022656
0 0.190972 0.723568 0.025463 0.064323
0 0.784491 0.186458 0.072685 0.033854
0 0.387037 0.487891 0.037963 0.040885
0 0.251620 0.698828 0.026389 0.051302
0 0.216898 0.276953 0.021759 0.061719
0 0.867361 0.133724 0.063426 0.020052
0 0.934491 0.089193 0.031019 0.040365
0 0.951852 0.111328 0.093519 0.011719
0 0.190972 0.806641 0.025463 0.042969
0 0.141667 0.472266 0.028704 0.035677
0 0.203009 0.069922 0.077315 0.012240
0 0.906250 0.193359 0.094907 0.009115
0 0.918287 0.214193 0.091204 0.009115
0 0.228472 0.125911 0.081944 0.009635
0 0.980787 0.240495 0.021759 0.030469
0 0.892824 0.364193 0.049537 0.012240
0 0.971065 0.227995 0.053241 0.017969
0 0.107870 0.279297 0.048148 0.020573
0 0.669907 0.471745 0.040741 0.044010
0 0.676852 0.477734 0.075000 0.059115
0 0.875926 0.494922 0.075926 0.038802
0 0.407176 0.698958 0.061574 0.033854
0 0.311111 0.686068 0.060185 0.032031
0 0.408565 0.781771 0.069907 0.037500
