0 0.200231 0.154557 0.118056 0.040885
0 0.179861 0.526953 0.123611 0.035677
0 0.665972 0.264974 0.058796 0.074219
0 0.334954 0.556901 0.128241 0.033073
0 0.253935 0.110286 0.114352 0.035677
0 0.668287 0.202734 0.063426 0.059115
0 0.315972 0.137630 0.053241 0.069531
0 0.682870 0.462891 0.129630 0.027344
0 0.271991 0.159766 0.057870 0.056510
0 0.082639 0.219661 0.049537 0.061719
0 0.571065 0.204687 0.109722 0.026562
0 0.235417 0.405859 0.049537 0.053906
0 0.346528 0.401953 0.105093 0.025260
0 0.262731 0.248307 0.104167 0.025260
0 0.086806 0.318359 0.039352 0.066406
0 0.471528 0.595964 0.040278 0.064323
0 0.582639 0.443229 0.105093 0.023438
0 0.376157 0.194922 0.043981 0.053906
0 0.204861 0.222266 0.090278 0.025260
0 0.480324 0.420182 0.113426 0.020052
0 0.917824 0.228776 0.099537 0.022656
0 0.760417 0.554948 0.090278 0.023958
0 0.834954 0.519141 0.044907 0.046094
0 0.368056 0.110026 0.083333 0.024740
0 0.746991 0.439453 0.118981 0.016927
0 0.487731 0.442057 0.091204 0.022135
0 0.214583 0.144141 0.100463 0.020052
0 0.564120 0.366797 0.114352 0.017448
0 0.235417 0.210547 0.086574 0.022656
0 0.895139 0.188411 0.128241 0.014844
0 0.608102 0.144141 0.026389 0.072135
0 0.253935 0.532813 0.040278 0.047396
0 0.132407 0.669922 0.075000 0.024740
0 0.929861 0.499609 0.031019 0.059115
0 0.693750 0.366797 0.105093 0.017448
0 0.486111 0.385026 0.078704 0.022656
0 0.253935 0.562109 0.040278 0.043490
0 0.445370 0.491797 0.074074 0.022656
0 0.096528 0.120703 0.040278 0.040885
0 0.667824 0.148047 0.071759 0.022656
0 0.295602 0.340755 0.031019 0.048698
0 0.540972 0.166276 0.086574 0.017448
0 0.575694 0.492839 0.035648 0.040365
0 0.626620 0.157552 0.026389 0.052083
0 0.469213 0.116797 0.035648 0.038281
0 0.209954 0.602474 0.091204 0.014844
0 0.526620 0.370443 0.067130 0.019531
0 0.140509 0.513932 0.063426 0.020052
0 0.584954 0.403255 0.100463 0.012240
0 0.357639 0.138672 0.062500 0.019531
0 0.463426 0.434245 0.070370 0.016927
0 0.117361 0.400651 0.035648 0.033073
0 0.198380 0.099870 0.058796 0.020052
0 0.567593 0.529557 0.028704 0.040885
0 0.940972 0.202734 0.090278 0.012240
0 0.487269 0.405859 0.090278 0.012240
0 0.723843 0.520443 0.063426 0.017448
0 0.473843 0.329036 0.072685 0.014844
0 0.129630 0.447266 0.060185 0.016927
0 0.119676 0.610286 0.068056 0.014844
0 0.730787 0.631120 0.068056 0.014844
0 0.883565 0.425391 0.068056 0.014844
0 0.494676 0.541276 0.077315 0.012240
0 0.073380 0.657161 0.031019 0.030469
0 0.545139 0.353776 0.076389 0.012240
0 0.704861 0.118099 0.025463 0.035677
0 0.027083 0.438411 0.021759 0.040885
0 0.566435 0.235286 0.091204 0.009635
0 0.403935 0.356380 0.016204 0.053906
0 0.661343 0.123307 0.058796 0.014844
0 0.816435 0.255469 0.063426 0.013542
0 0.232639 0.116536 0.071759 0.011719
0 0.080324 0.413021 0.026389 0.031771
0 0.515509 0.618099 0.026389 0.030469
0 0.952546 0.481380 0.020833 0.038281
0 0.902083 0.467057 0.021759 0.035677
0 0.408565 0.494401 0.062500 0.012240
0 0.734722 0.481120 0.027778 0.027344
0 0.484259 0.468359 0.019444 0.038281
0 0.059028 0.417578 0.020833 0.035677
0 0.855324 0.201432 0.048611 0.014844
0 0.228472 0.552995 0.017130 0.040885
0 0.612731 0.292578 0.072685 0.009635
0 0.290509 0.280859 0.020833 0.033073
0 0.793287 0.330990 0.017130 0.039583
0 0.649769 0.375651 0.072685 0.009115
0 0.559491 0.323828 0.068056 0.009635
0 0.443750 0.469661 0.068056 0.009635
0 0.341898 0.477474 0.068056 0.009635
0 0.515509 0.491536 0.017130 0.037760
0 0.084954 0.437760 0.026389 0.023958
0 0.307176 0.131120 0.063426 0.009635
0 0.049769 0.264974 0.020833 0.027344
0 0.744676 0.120703 0.058796 0.009635
0 0.751620 0.267839 0.017130 0.027865
0 0.043287 0.300781 0.017130 0.026042
0 0.899306 0.379557 0.034722 0.011719
0 0.802083 0.258724 0.034722 0.009635
0 0.561806 0.041016 0.026389 0.006510
0 0.068287 0.002865 0.020833 0.003125
