0 0.925231 0.528255 0.095833 0.090365
0 0.568750 0.658203 0.160648 0.032552
0 0.429861 0.348568 0.040278 0.090365
0 0.765509 0.882422 0.100463 0.027865
0 0.381250 0.493099 0.091204 0.030469
0 0.871991 0.623307 0.091204 0.030469
0 0.758565 0.706641 0.105093 0.025260
0 0.608102 0.580339 0.081944 0.027865
0 0.770139 0.569922 0.044907 0.048698
0 0.825231 0.559505 0.043981 0.048698
0 0.473843 0.814714 0.118981 0.017448
0 0.510880 0.560807 0.044907 0.046094
0 0.064120 0.194922 0.086574 0.022656
0 0.615046 0.538672 0.086574 0.022656
0 0.226157 0.567318 0.040278 0.048698
0 0.395139 0.194922 0.044907 0.043490
0 0.191435 0.839453 0.044907 0.040885
0 0.159028 0.170182 0.044907 0.040885
0 0.390509 0.586849 0.072685 0.025260
0 0.552546 0.331641 0.072685 0.025260
0 0.268981 0.603776 0.079630 0.022656
0 0.115046 0.510026 0.040278 0.043490
0 0.060185 0.725911 0.078704 0.022135
0 0.487731 0.494401 0.035648 0.048698
0 0.078009 0.487891 0.040278 0.040885
0 0.265509 0.128516 0.081944 0.020052
0 0.547917 0.358984 0.091204 0.017448
0 0.730787 0.550391 0.077315 0.020052
0 0.811806 0.504818 0.035648 0.043490
0 0.365046 0.831641 0.077315 0.020052
0 0.383565 0.429297 0.068056 0.022656
0 0.721528 0.749609 0.068056 0.022656
0 0.915972 0.720703 0.068056 0.022135
0 0.369676 0.863932 0.068056 0.022135
0 0.469213 0.123958 0.035648 0.042188
0 0.302546 0.680599 0.072685 0.020052
0 0.758565 0.886068 0.031019 0.045573
0 0.668287 0.397786 0.063426 0.022135
0 0.415972 0.865495 0.068056 0.020052
0 0.385880 0.317318 0.035648 0.038281
0 0.524769 0.661068 0.072685 0.017448
0 0.318750 0.729818 0.031019 0.040365
0 0.453009 0.382422 0.031019 0.038281
0 0.540972 0.302995 0.058796 0.020052
0 0.615046 0.866536 0.068056 0.016927
0 0.959954 0.504818 0.026389 0.043490
0 0.540972 0.595313 0.031019 0.036979
0 0.672917 0.694922 0.063426 0.017448
0 0.265509 0.497005 0.063426 0.017448
0 0.506250 0.730078 0.072685 0.014844
0 0.591435 0.448828 0.020833 0.051302
0 0.038194 0.438411 0.025463 0.040885
0 0.878935 0.431250 0.058796 0.016146
0 0.369676 0.263932 0.031019 0.030469
0 0.038657 0.403255 0.054167 0.017448
0 0.751620 0.615234 0.026389 0.035156
0 0.390509 0.762630 0.026389 0.033073
0 0.413657 0.551042 0.026389 0.031771
0 0.726157 0.572526 0.021759 0.038281
0 0.072222 0.215755 0.065741 0.012240
0 0.557176 0.490495 0.054167 0.014844
0 0.302546 0.154557 0.026389 0.030469
0 0.471528 0.676432 0.068056 0.011719
0 0.186806 0.297786 0.081944 0.009635
0 0.793287 0.483984 0.063426 0.012240
0 0.672917 0.706380 0.054167 0.014323
0 0.329861 0.865234 0.016204 0.045573
0 0.777083 0.534766 0.049537 0.014844
0 0.198380 0.606120 0.058796 0.011719
0 0.223843 0.047786 0.044907 0.014844
0 0.654398 0.550391 0.026389 0.025260
0 0.563657 0.707943 0.048611 0.012240
0 0.392361 0.523047 0.048611 0.012240
0 0.679398 0.885026 0.048611 0.012240
0 0.830324 0.887630 0.017130 0.033073
0 0.126157 0.442318 0.016204 0.033073
0 0.635880 0.672786 0.054167 0.009635
0 0.520139 0.487240 0.017130 0.029167
0 0.228472 0.395443 0.017130 0.027865
0 0.235417 0.321224 0.049537 0.009635
0 0.885880 0.600521 0.017130 0.026562
0 0.938657 0.430599 0.011574 0.030469
0 0.969213 0.430339 0.017130 0.019531
0 0.985417 0.004557 0.026389 0.006510
