0 0.968750 0.695573 0.059722 0.055208
0 0.547454 0.522917 0.077315 0.017188
0 0.858796 0.874219 0.062963 0.031250
0 0.899769 0.878516 0.118981 0.035677
0 0.965741 0.106380 0.056481 0.074740
0 0.108102 0.845964 0.063426 0.064323
0 0.421296 0.597266 0.106481 0.030469
0 0.915972 0.554036 0.058796 0.053385
0 0.888194 0.235286 0.040278 0.077344
0 0.650463 0.552734 0.120370 0.024740
0 0.425231 0.835547 0.049537 0.059115
0 0.297454 0.830339 0.099537 0.027865
0 0.216898 0.580339 0.049537 0.053906
0 0.665972 0.507422 0.151389 0.017448
0 0.554398 0.074349 0.100463 0.025260
0 0.353009 0.574219 0.043981 0.046875
0 0.714583 0.461849 0.035648 0.056510
0 0.984259 0.757812 0.028704 0.065104
0 0.098843 0.534766 0.044907 0.040885
0 0.621991 0.128516 0.044907 0.040885
0 0.645139 0.599870 0.035648 0.051302
0 0.089583 0.701172 0.035648 0.050781
0 0.142824 0.521094 0.031019 0.055208
0 0.817593 0.817318 0.028704 0.059115
0 0.184491 0.806901 0.031019 0.048698
0 0.257407 0.907161 0.075000 0.020052
0 0.231944 0.506120 0.024074 0.051302
0 0.119676 0.812109 0.068056 0.017448
0 0.501620 0.883724 0.100463 0.009635
0 0.878935 0.112891 0.086574 0.009635
0 0.471528 0.664974 0.077315 0.009635
0 0.722685 0.039714 0.079630 0.009115
0 0.862731 0.774349 0.017130 0.040885
0 0.038657 0.670833 0.017130 0.036979
0 0.936343 0.059505 0.016204 0.038281
0 0.970370 0.191016 0.056481 0.009635
0 0.098843 0.993099 0.044907 0.009635
0 0.993519 0.868099 0.010185 0.025260
0 0.506713 0.104297 0.024537 0.071094
0 0.682639 0.180990 0.076389 0.045312
0 0.798611 0.071484 0.101852 0.044531
0 0.989120 0.329427 0.021759 0.066146
0 0.155093 0.339583 0.087037 0.044271
0 0.346528 0.394010 0.070833 0.057292
0 0.574074 0.400000 0.059259 0.033854
0 0.620139 0.429557 0.043981 0.033594
0 0.556019 0.439193 0.101852 0.037760
0 0.635185 0.470052 0.046296 0.031771
0 0.486343 0.517969 0.088426 0.039062
0 0.587731 0.502604 0.068056 0.029167
0 0.346759 0.525260 0.043519 0.018750
0 0.289352 0.561198 0.067593 0.050521
0 0.561806 0.558984 0.062500 0.040885
0 0.577315 0.590755 0.095370 0.037760
0 0.668056 0.715495 0.086111 0.055990
0 0.915972 0.749089 0.084722 0.068490
0 0.937269 0.798047 0.125463 0.091406
0 0.927546 0.858854 0.093056 0.027604
0 0.790741 0.868099 0.090741 0.040885
0 0.711574 0.835547 0.094444 0.076302
