0 0.642824 0.651953 0.308796 0.061719
0 0.469213 0.797786 0.118981 0.040885
0 0.615046 0.478776 0.142130 0.033073
0 0.487731 0.616536 0.128241 0.032552
0 0.227083 0.221875 0.042130 0.034896
0 0.749306 0.522005 0.105093 0.035156
0 0.312963 0.825130 0.056481 0.064323
0 0.446065 0.309505 0.054167 0.059115
0 0.672917 0.829036 0.035648 0.087760
0 0.251157 0.409766 0.099537 0.030469
0 0.478472 0.667318 0.044907 0.066406
0 0.663657 0.429297 0.128241 0.022656
0 0.228472 0.285807 0.054167 0.053385
0 0.520139 0.422135 0.118981 0.023958
0 0.654398 0.138932 0.044907 0.061719
0 0.704167 0.618099 0.107407 0.025260
0 0.890509 0.700130 0.044907 0.059115
0 0.948380 0.145833 0.049537 0.049479
0 0.792130 0.475911 0.088889 0.027344
0 0.281713 0.838151 0.049537 0.048698
0 0.777083 0.543880 0.086574 0.027865
0 0.796759 0.411719 0.033333 0.070833
0 0.348843 0.327474 0.035648 0.063802
0 0.561343 0.795182 0.043981 0.051302
0 0.767824 0.273698 0.049537 0.044792
0 0.483102 0.260677 0.035648 0.060417
0 0.501620 0.111589 0.091204 0.022656
0 0.696065 0.454036 0.100463 0.020052
0 0.698380 0.869401 0.040278 0.048698
0 0.781250 0.728776 0.085648 0.022656
0 0.940972 0.588151 0.034722 0.053906
0 0.851157 0.881120 0.040278 0.046094
0 0.446065 0.201432 0.044907 0.040885
0 0.858102 0.404557 0.035648 0.051302
0 0.265046 0.331380 0.071759 0.024740
0 0.513194 0.228776 0.040278 0.043490
0 0.530556 0.301693 0.075000 0.022656
0 0.281713 0.148047 0.095833 0.017448
0 0.323380 0.852474 0.040278 0.040885
0 0.839583 0.860286 0.081944 0.020052
0 0.548380 0.335547 0.071759 0.022656
0 0.947917 0.750911 0.039352 0.040885
0 0.398611 0.287370 0.037963 0.040885
0 0.397454 0.461849 0.077315 0.020052
0 0.573380 0.877214 0.086574 0.017448
0 0.869676 0.082943 0.031019 0.048698
0 0.593750 0.791276 0.025463 0.059115
0 0.920602 0.866536 0.068056 0.022135
0 0.582639 0.295833 0.031019 0.047396
0 0.413657 0.776953 0.035648 0.040885
0 0.508565 0.365495 0.031019 0.046094
0 0.589583 0.376563 0.035648 0.039583
0 0.915972 0.534766 0.068056 0.020052
0 0.698380 0.773047 0.077315 0.017448
0 0.950694 0.415625 0.035648 0.036979
0 0.772454 0.367448 0.068056 0.018750
0 0.751620 0.183203 0.035648 0.035677
0 0.895139 0.816016 0.063426 0.020052
0 0.071065 0.167578 0.035648 0.035677
0 0.471528 0.883724 0.031019 0.040885
0 0.767824 0.852474 0.031019 0.040885
0 0.645602 0.273047 0.071759 0.017448
0 0.591898 0.199479 0.031019 0.039583
0 0.767824 0.393490 0.031019 0.039583
0 0.144676 0.146484 0.062500 0.019531
0 0.797917 0.868099 0.026389 0.046094
0 0.552083 0.834245 0.081019 0.014844
0 0.552546 0.768880 0.026389 0.045573
0 0.199537 0.110286 0.079630 0.014844
0 0.733102 0.208984 0.081944 0.014323
0 0.941435 0.470703 0.035648 0.032552
0 0.910880 0.349870 0.057870 0.020052
0 0.078009 0.261328 0.031019 0.035677
0 0.814120 0.844661 0.031019 0.035677
0 0.580324 0.138932 0.072685 0.014844
0 0.115046 0.304297 0.021759 0.048698
0 0.785880 0.788672 0.085648 0.012240
0 0.915972 0.358984 0.058796 0.017448
0 0.235417 0.425391 0.068056 0.014844
0 0.496991 0.882422 0.026389 0.038281
0 0.362731 0.822526 0.081944 0.012240
0 0.571065 0.244401 0.081944 0.012240
0 0.094213 0.280599 0.026389 0.037760
0 0.249306 0.869141 0.058796 0.016927
0 0.885417 0.257422 0.025463 0.038281
0 0.615046 0.088151 0.077315 0.012240
0 0.346528 0.424089 0.021759 0.043490
0 0.776620 0.804297 0.076389 0.012240
0 0.934028 0.276302 0.020833 0.044792
0 0.552546 0.450130 0.072685 0.012240
0 0.193750 0.258724 0.021759 0.040885
0 0.446065 0.495703 0.091204 0.009635
0 0.140509 0.205339 0.026389 0.033073
0 0.943750 0.520182 0.049537 0.016927
0 0.068750 0.189062 0.049537 0.016146
0 0.723843 0.175391 0.017130 0.046094
0 0.672917 0.761328 0.081944 0.009635
0 0.811806 0.209245 0.017130 0.046094
0 0.561806 0.477474 0.081944 0.009635
0 0.378472 0.132161 0.067130 0.011719
0 0.730324 0.392188 0.048611 0.016146
0 0.714120 0.496094 0.016204 0.046875
0 0.645139 0.895443 0.017130 0.043490
0 0.915972 0.242188 0.021759 0.033854
0 0.689120 0.250651 0.077315 0.009115
0 0.834491 0.431901 0.016204 0.043490
0 0.718750 0.345052 0.016204 0.041667
0 0.594213 0.503516 0.063426 0.009635
0 0.200231 0.816016 0.062500 0.009635
0 0.034028 0.321484 0.017130 0.035156
0 0.811343 0.907161 0.062500 0.009635
0 0.922917 0.197526 0.017130 0.033073
0 0.587269 0.224870 0.058796 0.009635
0 0.221065 0.248307 0.057870 0.009635
0 0.182176 0.421224 0.017130 0.032552
0 0.703009 0.267188 0.049537 0.010937
0 0.028935 0.158464 0.016204 0.033073
0 0.865046 0.154297 0.058796 0.009115
0 0.906713 0.832292 0.021759 0.021354
0 0.482639 0.345703 0.016204 0.027344
0 0.742361 0.713151 0.035648 0.012240
0 0.344213 0.858984 0.035648 0.012240
0 0.901620 0.771745 0.020833 0.020052
0 0.434028 0.763672 0.020833 0.019531
0 0.797917 0.671484 0.017130 0.017448
0 0.172454 0.779557 0.016204 0.014844
0 0.439120 0.904167 0.044907 0.033333
0 0.422685 0.909766 0.069444 0.014844
0 0.525694 0.904557 0.061574 0.015885
0 0.537731 0.883594 0.046759 0.040104
0 0.502546 0.836849 0.043981 0.043490
0 0.449537 0.837500 0.049074 0.027604
0 0.395833 0.835938 0.071296 0.018750
0 0.371065 0.806771 0.076389 0.018229
0 0.382176 0.791406 0.061574 0.036979
0 0.336806 0.777734 0.057870 0.034115
0 0.323380 0.793359 0.079167 0.033073
0 0.281019 0.792448 0.030556 0.042708
0 0.268519 0.818229 0.049074 0.023958
0 0.241204 0.793750 0.036111 0.032292
0 0.246296 0.769922 0.045370 0.019531
0 0.216898 0.842578 0.045833 0.017969
0 0.234259 0.896094 0.078704 0.029167
0 0.364352 0.873568 0.068519 0.023698
0 0.402083 0.859896 0.075463 0.017188
0 0.434722 0.877865 0.049074 0.036458
0 0.563889 0.847005 0.044444 0.027865
0 0.589583 0.859766 0.080093 0.037240
0 0.605787 0.819792 0.026389 0.045833
0 0.641435 0.837630 0.059722 0.028906
0 0.630556 0.820573 0.044444 0.058333
0 0.629398 0.791667 0.031019 0.045833
0 0.693056 0.739974 0.065741 0.035677
0 0.491898 0.786719 0.068981 0.018229
0 0.486806 0.763802 0.055093 0.033333
0 0.450463 0.802214 0.078704 0.022656
0 0.729861 0.903906 0.063426 0.015104
0 0.749074 0.879948 0.063889 0.029167
0 0.708796 0.815625 0.053704 0.053125
0 0.751852 0.815234 0.075000 0.034635
0 0.856250 0.792839 0.032870 0.024740
0 0.947685 0.769531 0.052778 0.026562
0 0.956481 0.814453 0.046296 0.048698
0 0.937963 0.808464 0.048148 0.037760
0 0.921991 0.810286 0.057870 0.038281
0 0.861343 0.845703 0.052315 0.019010
0 0.939120 0.847656 0.054167 0.015104
0 0.939120 0.853125 0.091204 0.014063
0 0.807176 0.751563 0.074537 0.035417
0 0.768287 0.760938 0.049537 0.043750
0 0.744907 0.756771 0.052778 0.035417
0 0.792593 0.696875 0.051852 0.033333
0 0.737500 0.687240 0.024074 0.016667
0 0.873611 0.637109 0.065741 0.035156
0 0.821759 0.629427 0.070370 0.029687
0 0.911806 0.726042 0.066204 0.037500
0 0.941204 0.724479 0.054630 0.047396
0 0.834954 0.592969 0.062500 0.045833
0 0.894676 0.562630 0.058796 0.012760
0 0.934954 0.546615 0.056944 0.020313
0 0.706250 0.550260 0.031944 0.036979
0 0.288194 0.433464 0.069907 0.026823
0 0.159259 0.455078 0.058333 0.023698
0 0.227315 0.352474 0.053704 0.066927
0 0.371528 0.392969 0.044907 0.033333
0 0.405556 0.391406 0.043519 0.046875
0 0.431019 0.360156 0.074074 0.031771
0 0.886574 0.319141 0.034259 0.024740
0 0.925000 0.320703 0.059259 0.038281
0 0.893287 0.428516 0.049537 0.028385
0 0.896296 0.439844 0.047222 0.034896
0 0.909028 0.458854 0.050463 0.021875
0 0.905556 0.481380 0.041667 0.028906
0 0.942824 0.487240 0.059722 0.034896
0 0.901620 0.502344 0.022685 0.038021
0 0.637037 0.338802 0.045370 0.028125
0 0.643287 0.347526 0.042130 0.034115
0 0.636574 0.379948 0.092593 0.016667
0 0.678704 0.394401 0.080556 0.022135
0 0.659722 0.411589 0.044444 0.031510
0 0.471296 0.441406 0.052778 0.032292
0 0.280556 0.268490 0.050000 0.043750
0 0.419444 0.242969 0.082407 0.035417
0 0.499074 0.167839 0.046296 0.035156
0 0.565046 0.151432 0.044907 0.032031
0 0.549074 0.208854 0.021296 0.048438
0 0.550463 0.201693 0.062963 0.028385
0 0.674306 0.183724 0.093056 0.036719
0 0.688194 0.205990 0.050463 0.027083
0 0.660417 0.218490 0.076389 0.020833
0 0.688426 0.231771 0.064815 0.021875
0 0.689583 0.237500 0.079167 0.018750
0 0.795370 0.233984 0.043519 0.027865
0 0.862500 0.266016 0.044444 0.034115
0 0.809028 0.262240 0.022685 0.040625
0 0.770602 0.300391 0.067130 0.033073
0 0.649074 0.310807 0.036111 0.025781
0 0.948380 0.386458 0.051389 0.029687
0 0.944213 0.369531 0.067130 0.025000
0 0.865046 0.200391 0.048611 0.020052
0 0.838657 0.181120 0.099537 0.028906
0 0.866435 0.189583 0.055093 0.070833
0 0.929630 0.118229 0.054630 0.032292
0 0.922222 0.094661 0.054630 0.037760
0 0.809491 0.079427 0.018056 0.035417
0 0.828472 0.086458 0.023611 0.039583
0 0.691898 0.096354 0.053241 0.028646
0 0.747685 0.136328 0.042593 0.037760
0 0.685185 0.150911 0.071296 0.014844
0 0.586111 0.121745 0.053704 0.023177
0 0.549306 0.116146 0.053241 0.028125
0 0.555093 0.100130 0.059259 0.031510
0 0.356250 0.112240 0.084722 0.033854
0 0.307870 0.118750 0.057407 0.027083
0 0.286806 0.141667 0.084722 0.014583
0 0.267130 0.130208 0.090741 0.014063
0 0.160417 0.098437 0.060648 0.029687
0 0.127546 0.101172 0.047685 0.041927
0 0.061111 0.123047 0.065741 0.046094
0 0.207176 0.176302 0.069907 0.028125
0 0.090509 0.228385 0.121759 0.017708
0 0.059954 0.221615 0.045833 0.042708
0 0.168519 0.237500 0.078704 0.051562
0 0.262500 0.218359 0.092593 0.029948
0 0.164352 0.284115 0.050000 0.040625
0 0.139352 0.299870 0.022222 0.048177
0 0.103009 0.304688 0.035648 0.042708
