0 0.179861 0.633464 0.197685 0.063802
0 0.159722 0.574219 0.157407 0.046875
0 0.795602 0.383984 0.086574 0.082552
0 0.358102 0.789714 0.118981 0.040365
0 0.892824 0.435807 0.049537 0.087760
0 0.551389 0.418229 0.107407 0.036979
0 0.376620 0.864193 0.044907 0.074740
0 0.320602 0.845313 0.053241 0.057813
0 0.274769 0.506120 0.054167 0.056510
0 0.787731 0.795964 0.046759 0.039323
0 0.321065 0.569922 0.100463 0.027865
0 0.142824 0.736589 0.049537 0.053906
0 0.709491 0.760026 0.034722 0.064323
0 0.089583 0.735286 0.035648 0.061719
0 0.821065 0.824870 0.044907 0.048177
0 0.052083 0.858984 0.043981 0.048698
0 0.949537 0.988542 0.098148 0.021354
0 0.816435 0.435807 0.026389 0.077344
0 0.723843 0.508724 0.100463 0.020052
0 0.202778 0.657552 0.058333 0.020833
0 0.355787 0.801693 0.086574 0.022656
0 0.434491 0.783203 0.086574 0.022135
0 0.214583 0.585547 0.081944 0.022656
0 0.105787 0.879818 0.031019 0.059115
0 0.454861 0.343359 0.081019 0.022656
0 0.807176 0.873307 0.072685 0.025260
0 0.105787 0.992448 0.132870 0.013542
0 0.259259 0.747005 0.078704 0.022656
0 0.307176 0.705339 0.035648 0.048698
0 0.140509 0.477474 0.035648 0.046094
0 0.360417 0.599609 0.040278 0.040365
0 0.050231 0.388932 0.077315 0.020052
0 0.138194 0.827734 0.068056 0.022656
0 0.119676 0.671484 0.068056 0.022656
0 0.647454 0.437109 0.031019 0.048698
0 0.817593 0.332943 0.065741 0.022656
0 0.955324 0.685547 0.026389 0.055990
0 0.487731 0.412370 0.035648 0.040885
0 0.142824 0.388932 0.031019 0.046094
0 0.466898 0.378516 0.068056 0.020052
0 0.146296 0.444271 0.084259 0.016146
0 0.788657 0.847266 0.026389 0.051302
0 0.246991 0.785417 0.063426 0.021354
0 0.161343 0.507422 0.077315 0.017448
0 0.929861 0.189714 0.077315 0.017448
0 0.660880 0.097266 0.067130 0.020052
0 0.663657 0.710547 0.072685 0.017448
0 0.647454 0.532161 0.031019 0.040885
0 0.190972 0.358984 0.071759 0.017448
0 0.230787 0.378516 0.021759 0.056510
0 0.904398 0.256120 0.081944 0.014844
0 0.709491 0.079036 0.081019 0.014844
0 0.679861 0.739193 0.031019 0.038281
0 0.117361 0.809245 0.100463 0.011719
0 0.206481 0.815755 0.028704 0.040365
0 0.790972 0.314453 0.068056 0.016927
0 0.147454 0.849870 0.077315 0.014844
0 0.492361 0.752214 0.091204 0.012240
0 0.603472 0.105078 0.026389 0.040885
0 0.580324 0.677995 0.026389 0.040885
0 0.702546 0.232682 0.067130 0.014844
0 0.762731 0.569922 0.030093 0.033073
0 0.198380 0.392839 0.021759 0.043490
0 0.665972 0.766536 0.031019 0.030469
0 0.913657 0.217057 0.026389 0.035677
0 0.307176 0.855078 0.063426 0.014844
0 0.061806 0.444922 0.017130 0.053906
0 0.436343 0.713151 0.016204 0.053906
0 0.170602 0.470964 0.021759 0.038281
0 0.545139 0.598568 0.067130 0.012240
0 0.496991 0.789974 0.017130 0.046094
0 0.866204 0.995052 0.088889 0.008333
0 0.469213 0.817318 0.026389 0.027865
0 0.986574 0.821224 0.024074 0.030469
0 0.635880 0.793620 0.026389 0.027344
0 0.705324 0.420182 0.017130 0.040885
0 0.214583 0.498307 0.072685 0.009635
0 0.566435 0.740234 0.017130 0.040365
0 0.367361 0.473177 0.017130 0.039062
0 0.547454 0.840755 0.053241 0.012240
0 0.831481 0.845703 0.019444 0.032552
0 0.871991 0.438411 0.017130 0.035677
0 0.605787 0.838151 0.049537 0.012240
0 0.871991 0.718359 0.017130 0.033073
0 0.036343 0.271745 0.021759 0.025260
0 0.814120 0.744141 0.012500 0.042969
0 0.290509 0.792578 0.020833 0.025260
0 0.446065 0.879818 0.072685 0.007031
0 0.522454 0.796484 0.040278 0.012240
0 0.184028 0.335547 0.039352 0.012240
0 0.078009 0.475911 0.012500 0.037760
0 0.656713 0.888932 0.021759 0.020052
0 0.596528 0.619141 0.058796 0.006510
0 0.891667 0.873047 0.019444 0.019531
0 0.993519 0.972266 0.010185 0.035677
0 0.045602 0.291276 0.049537 0.007031
0 0.517130 0.876693 0.062963 0.046094
0 0.515509 0.848177 0.047685 0.016667
0 0.535880 0.847656 0.039352 0.060937
0 0.599537 0.868359 0.047222 0.024740
0 0.621065 0.866276 0.033796 0.039323
0 0.590509 0.867578 0.052315 0.020573
0 0.676852 0.872526 0.077778 0.015885
0 0.716435 0.886849 0.058796 0.024219
0 0.760880 0.863542 0.043056 0.032813
0 0.884259 0.893359 0.053704 0.044531
0 0.880093 0.800130 0.046296 0.025260
0 0.771759 0.773568 0.029630 0.039844
0 0.190046 0.867057 0.047685 0.023177
0 0.140278 0.876953 0.048148 0.027344
0 0.220833 0.781510 0.056481 0.050521
0 0.900926 0.679427 0.066667 0.046354
0 0.914815 0.663802 0.063889 0.034896
0 0.939120 0.598568 0.079167 0.050260
0 0.697917 0.643750 0.069907 0.035417
0 0.713194 0.619531 0.044907 0.035417
0 0.410185 0.634896 0.052778 0.031250
0 0.306481 0.638802 0.064815 0.032292
0 0.421065 0.575391 0.047685 0.044531
0 0.498380 0.551823 0.078241 0.036458
0 0.542593 0.554167 0.063889 0.036458
0 0.688889 0.579948 0.083333 0.035937
0 0.734259 0.538932 0.081481 0.038802
0 0.751157 0.535026 0.088426 0.021615
0 0.576389 0.806120 0.038889 0.039323
0 0.589815 0.819792 0.026852 0.026042
0 0.750000 0.796484 0.026852 0.059635
0 0.751852 0.806641 0.095370 0.018490
0 0.922917 0.746484 0.057870 0.033594
0 0.932870 0.821224 0.039815 0.055469
0 0.910185 0.857812 0.068519 0.030729
0 0.430324 0.841406 0.076389 0.022917
0 0.405556 0.786198 0.075926 0.035417
0 0.195139 0.689063 0.056944 0.042188
0 0.221759 0.683203 0.062963 0.030469
0 0.250463 0.663151 0.063889 0.012760
0 0.153472 0.637500 0.049537 0.022396
0 0.114352 0.623828 0.057407 0.038281
0 0.098843 0.651693 0.076389 0.038281
0 0.514352 0.504297 0.055556 0.026823
0 0.504630 0.471094 0.072222 0.035417
0 0.306481 0.438542 0.087963 0.023438
0 0.536343 0.352604 0.049537 0.022396
0 0.581944 0.370312 0.098148 0.028646
0 0.646528 0.402474 0.063426 0.019531
0 0.816667 0.378255 0.025000 0.027344
0 0.844444 0.371745 0.019444 0.044010
0 0.876620 0.358854 0.064352 0.020313
0 0.940046 0.367188 0.087500 0.017708
0 0.912269 0.337240 0.068981 0.015625
0 0.922917 0.309375 0.068056 0.040104
0 0.847222 0.283333 0.064815 0.052604
0 0.532176 0.100130 0.061574 0.044010
0 0.567130 0.108594 0.025000 0.035417
0 0.666898 0.122526 0.051389 0.017969
0 0.724306 0.104167 0.061574 0.050000
0 0.781481 0.147786 0.048148 0.043490
0 0.785648 0.162240 0.073148 0.037500
0 0.813889 0.244531 0.075926 0.037500
0 0.874769 0.242448 0.105093 0.020833
0 0.076852 0.301302 0.027778 0.043229
0 0.103472 0.292057 0.048611 0.030469
0 0.307870 0.361328 0.063889 0.032031
