0 0.148843 0.369010 0.126389 0.054688
0 0.341435 0.769922 0.113426 0.050781
0 0.297454 0.469010 0.099537 0.102083
0 0.845602 0.494401 0.066204 0.037240
0 0.175231 0.661068 0.068056 0.090365
0 0.714815 0.897135 0.147222 0.020833
0 0.215278 0.698568 0.064815 0.061198
0 0.443750 0.334635 0.058796 0.062500
0 0.927546 0.502214 0.118981 0.027865
0 0.281713 0.809505 0.142130 0.022656
0 0.418287 0.792969 0.100463 0.031250
0 0.295602 0.659766 0.105093 0.025260
0 0.830324 0.659766 0.100463 0.025260
0 0.975000 0.416016 0.047222 0.053385
0 0.222685 0.900651 0.088889 0.027865
0 0.565278 0.076432 0.088889 0.025260
0 0.956481 0.362891 0.084259 0.025260
0 0.716898 0.456380 0.040278 0.050781
0 0.954167 0.468099 0.088889 0.022135
0 0.815972 0.356380 0.034722 0.048698
0 0.906713 0.772786 0.021759 0.074219
0 0.050231 0.776953 0.031019 0.051302
0 0.084954 0.785807 0.026389 0.058594
0 0.564120 0.810807 0.021759 0.066927
0 0.290972 0.534115 0.105093 0.013542
0 0.855324 0.773698 0.020833 0.065625
0 0.963426 0.310156 0.070370 0.018750
0 0.922917 0.048438 0.035648 0.036979
0 0.142361 0.349870 0.085648 0.014844
0 0.498148 0.150391 0.075000 0.016927
0 0.557176 0.845964 0.100463 0.012240
0 0.147454 0.159766 0.021759 0.056510
0 0.196065 0.330339 0.091204 0.012240
0 0.899306 0.082943 0.090278 0.012240
0 0.687963 0.058854 0.084259 0.010937
0 0.232639 0.705078 0.016204 0.048177
0 0.292824 0.049089 0.062500 0.012240
0 0.532639 0.100130 0.017130 0.020052
0 0.096759 0.093229 0.048148 0.039062
0 0.629167 0.189193 0.073148 0.037760
0 0.863426 0.289844 0.087963 0.051562
0 0.803472 0.320573 0.071759 0.043750
0 0.594676 0.335547 0.056944 0.048698
0 0.391435 0.344010 0.114352 0.040625
0 0.215046 0.297396 0.101389 0.034896
0 0.258102 0.344922 0.065278 0.014323
0 0.405556 0.474479 0.117593 0.046354
0 0.327315 0.411849 0.085185 0.036719
0 0.289583 0.456120 0.086574 0.038802
0 0.385417 0.571354 0.051389 0.043229
0 0.846065 0.589714 0.076389 0.062760
0 0.762963 0.475781 0.083333 0.025000
0 0.415741 0.715625 0.112037 0.046875
0 0.277778 0.677474 0.061111 0.055469
0 0.284954 0.773047 0.061574 0.035677
0 0.341204 0.757161 0.073148 0.050781
0 0.766667 0.903646 0.110185 0.027083
0 0.662731 0.855208 0.080093 0.060937
