0 0.068981 0.535156 0.031481 0.046875
0 0.121528 0.875911 0.099537 0.030469
0 0.429861 0.828776 0.049537 0.061198
0 0.487269 0.269141 0.053241 0.051302
0 0.131250 0.254818 0.035648 0.064323
0 0.941435 0.119401 0.081944 0.027865
0 0.184491 0.683203 0.040278 0.056510
0 0.793287 0.470964 0.044907 0.048698
0 0.654398 0.351172 0.044907 0.048698
0 0.531713 0.879818 0.123611 0.017448
0 0.772454 0.428646 0.040278 0.052604
0 0.219213 0.756120 0.044907 0.046094
0 0.022454 0.184245 0.040278 0.048177
0 0.098843 0.192057 0.044907 0.042969
0 0.654398 0.860286 0.072685 0.025260
0 0.296065 0.342057 0.039352 0.046094
0 0.501620 0.843359 0.100463 0.017448
0 0.528935 0.403255 0.099537 0.017448
0 0.885417 0.272396 0.081019 0.021354
0 0.645139 0.413411 0.035648 0.048177
0 0.781713 0.366797 0.031019 0.053906
0 0.774769 0.270443 0.072685 0.022656
0 0.432176 0.308203 0.026389 0.061719
0 0.517824 0.628516 0.031019 0.051302
0 0.436343 0.663411 0.071759 0.022135
0 0.466898 0.119401 0.040278 0.038281
0 0.587269 0.461849 0.021759 0.066927
0 0.554861 0.352734 0.031019 0.045573
0 0.909028 0.111589 0.035648 0.038281
0 0.177546 0.375911 0.091204 0.014844
0 0.351157 0.340755 0.077315 0.017448
0 0.716435 0.167578 0.067130 0.020052
0 0.836806 0.100911 0.030093 0.042969
0 0.499306 0.362891 0.086574 0.014844
0 0.598843 0.098568 0.026389 0.048698
0 0.579861 0.158464 0.071759 0.017448
0 0.490741 0.463151 0.023148 0.053906
0 0.388194 0.489844 0.031019 0.039583
0 0.228472 0.917578 0.081944 0.014844
0 0.355324 0.791927 0.030093 0.039583
0 0.448380 0.138932 0.077315 0.014844
0 0.774769 0.119401 0.026389 0.043490
0 0.353472 0.389974 0.026389 0.042969
0 0.121528 0.150391 0.034722 0.032552
0 0.632407 0.207682 0.065741 0.016927
0 0.663657 0.223568 0.063426 0.017448
0 0.119676 0.659505 0.031019 0.035156
0 0.427083 0.231380 0.062500 0.017448
0 0.404398 0.789974 0.072685 0.014844
0 0.302083 0.787370 0.025463 0.040885
0 0.406713 0.210547 0.058796 0.017448
0 0.712269 0.618099 0.068056 0.014844
0 0.874306 0.210286 0.031019 0.032552
0 0.723843 0.093359 0.081944 0.012240
0 0.195602 0.205339 0.081019 0.012240
0 0.137037 0.528906 0.028704 0.034375
0 0.339583 0.108333 0.026389 0.036979
0 0.244213 0.235286 0.020833 0.046094
0 0.892824 0.125911 0.031019 0.030469
0 0.404398 0.868099 0.026389 0.035677
0 0.318750 0.154557 0.095833 0.009635
0 0.610417 0.539974 0.021759 0.040885
0 0.469213 0.864193 0.072685 0.012240
0 0.932176 0.431901 0.026389 0.033073
0 0.517824 0.517578 0.049537 0.016927
0 0.555324 0.310807 0.030093 0.027865
0 0.457639 0.095964 0.068056 0.012240
0 0.453009 0.168880 0.068056 0.012240
0 0.391204 0.135677 0.027778 0.029167
0 0.825694 0.508724 0.026389 0.030469
0 0.450231 0.582943 0.062500 0.012240
0 0.470833 0.377214 0.060185 0.012240
0 0.568750 0.097266 0.049537 0.014844
0 0.147454 0.387630 0.058796 0.012240
0 0.614583 0.330339 0.057870 0.012240
0 0.601157 0.595703 0.021759 0.032552
0 0.906713 0.657161 0.021759 0.030469
0 0.297917 0.093359 0.054167 0.012240
0 0.293287 0.288672 0.017130 0.038281
0 0.730787 0.513932 0.068056 0.009635
0 0.392361 0.745703 0.067130 0.009635
0 0.523148 0.727214 0.069444 0.009115
0 0.226157 0.093099 0.021759 0.027344
0 0.542824 0.625911 0.016204 0.035677
0 0.556713 0.581380 0.016204 0.035156
0 0.703009 0.917578 0.058796 0.009635
0 0.434491 0.157161 0.058796 0.009635
0 0.693750 0.143880 0.058796 0.009115
0 0.496991 0.110286 0.017130 0.030469
0 0.126620 0.683203 0.017130 0.030469
0 0.212269 0.538672 0.040278 0.012240
0 0.735417 0.389583 0.012500 0.036979
0 0.383102 0.099870 0.020833 0.020052
0 0.991204 0.205339 0.014815 0.027865
0 0.760880 0.120703 0.035648 0.009635
0 0.895139 0.263672 0.017130 0.019531
0 0.612731 0.030599 0.026389 0.006510
0 0.665509 0.997656 0.020833 0.003125
0 0.752546 0.221354 0.051389 0.041146
0 0.606481 0.232552 0.062037 0.021354
0 0.518056 0.188802 0.056481 0.040104
0 0.502778 0.173177 0.042593 0.043229
0 0.912037 0.225911 0.040741 0.040885
0 0.872454 0.242318 0.031944 0.032031
0 0.849769 0.240495 0.048611 0.024740
0 0.691898 0.113932 0.047685 0.029948
0 0.636574 0.191927 0.058333 0.025521
0 0.145833 0.313672 0.020370 0.042448
0 0.176157 0.166667 0.064352 0.029687
0 0.206019 0.388542 0.058333 0.016667
0 0.118287 0.453776 0.073611 0.055469
0 0.182176 0.487370 0.092130 0.035156
0 0.186343 0.512891 0.060648 0.038281
0 0.091898 0.473698 0.047685 0.052083
0 0.099769 0.497135 0.016204 0.056250
0 0.140741 0.119401 0.054630 0.035677
0 0.095833 0.301563 0.025000 0.046354
0 0.623380 0.305078 0.076389 0.035156
0 0.407639 0.698047 0.072685 0.040365
0 0.711574 0.661328 0.059259 0.037760
0 0.839815 0.606510 0.048148 0.036979
0 0.871759 0.464323 0.070370 0.039062
0 0.513194 0.817448 0.067130 0.029687
0 0.099537 0.798047 0.035185 0.055469
0 0.118981 0.740625 0.072222 0.038542
0 0.515741 0.554557 0.061111 0.021094
0 0.577778 0.559245 0.076852 0.041406
0 0.300231 0.113542 0.039352 0.032813
0 0.484259 0.090104 0.073148 0.035937
0 0.396296 0.180339 0.051852 0.040885
0 0.262963 0.189714 0.021296 0.049740
0 0.767130 0.337109 0.060185 0.040885
0 0.185185 0.279687 0.073148 0.036458
0 0.841898 0.189062 0.057870 0.047396
0 0.761343 0.150260 0.049537 0.039062
0 0.943981 0.143229 0.025926 0.051042
0 0.817593 0.307943 0.054630 0.044010
0 0.365509 0.309635 0.056944 0.043229
0 0.331944 0.277604 0.062963 0.026562
0 0.523380 0.298568 0.121759 0.020052
0 0.458333 0.401823 0.077778 0.037500
0 0.707870 0.402474 0.057407 0.037760
0 0.084491 0.397786 0.027315 0.040365
0 0.107870 0.634766 0.065741 0.030990
0 0.088194 0.699349 0.019907 0.047656
0 0.229630 0.323047 0.053704 0.037240
0 0.111343 0.574089 0.039352 0.064844
0 0.477315 0.506250 0.095370 0.048438
0 0.641435 0.781771 0.051389 0.041667
0 0.633333 0.742448 0.055556 0.033854
0 0.612037 0.713932 0.050926 0.036719
0 0.584491 0.674609 0.070833 0.042969
0 0.235185 0.867839 0.081481 0.043490
0 0.303241 0.854948 0.045370 0.051562
0 0.171065 0.855729 0.068056 0.048958
0 0.121759 0.848828 0.050926 0.038281
0 0.355556 0.898698 0.053704 0.047917
0 0.268056 0.710286 0.092593 0.039844
0 0.150231 0.794010 0.081019 0.056250
0 0.083796 0.792708 0.047222 0.034375
0 0.130787 0.806120 0.042130 0.038281
0 0.884954 0.494401 0.065278 0.036719
0 0.778704 0.520573 0.046296 0.054167
0 0.478935 0.548047 0.064352 0.023177
0 0.521759 0.554948 0.015741 0.047396
0 0.589352 0.637500 0.054630 0.042708
0 0.643750 0.608073 0.065278 0.046354
0 0.513426 0.468229 0.013889 0.042708
0 0.685648 0.481120 0.066667 0.042969
0 0.678241 0.511589 0.065741 0.038281
0 0.890509 0.356380 0.059722 0.062760
0 0.867593 0.315234 0.066667 0.019531
0 0.908796 0.293359 0.071296 0.027865
0 0.946065 0.653906 0.047685 0.033854
0 0.185417 0.645703 0.081019 0.033073
0 0.665046 0.546354 0.040278 0.028646
0 0.623148 0.550651 0.036111 0.053385
0 0.662037 0.500651 0.063889 0.023177
0 0.678009 0.510938 0.048611 0.033333
0 0.612731 0.414583 0.068056 0.035417
0 0.655556 0.401432 0.052778 0.038281
