0 0.862731 0.875911 0.146759 0.046094
0 0.523611 0.627214 0.061111 0.079948
0 0.432176 0.643880 0.063426 0.061198
0 0.473843 0.758073 0.128241 0.029167
0 0.022454 0.805599 0.040278 0.082552
0 0.455324 0.724870 0.100463 0.030469
0 0.568287 0.397135 0.141204 0.020833
0 0.341435 0.743099 0.039352 0.072135
0 0.362731 0.500911 0.054167 0.051302
0 0.169444 0.651953 0.047222 0.056510
0 0.462269 0.779297 0.095833 0.024740
0 0.735417 0.175391 0.049537 0.046094
0 0.737731 0.200130 0.100463 0.022656
0 0.410880 0.652214 0.048611 0.045573
0 0.707639 0.264583 0.040278 0.052604
0 0.469907 0.560807 0.083333 0.025260
0 0.316435 0.816016 0.044907 0.046094
0 0.626620 0.623307 0.081944 0.025260
0 0.797454 0.218359 0.034722 0.059115
0 0.536343 0.886328 0.077315 0.025260
0 0.950694 0.460547 0.035648 0.053906
0 0.371296 0.589453 0.074074 0.025260
0 0.946065 0.266536 0.044907 0.040885
0 0.668287 0.240495 0.044907 0.040885
0 0.468056 0.513932 0.042593 0.040885
0 0.733102 0.635026 0.072685 0.022656
0 0.847685 0.312109 0.070370 0.022656
0 0.334491 0.659115 0.034722 0.044792
0 0.066435 0.731380 0.035648 0.043490
0 0.542824 0.666276 0.034722 0.043490
0 0.418287 0.560547 0.035648 0.040365
0 0.321065 0.916276 0.081944 0.017448
0 0.846528 0.149349 0.095833 0.014844
0 0.125463 0.704036 0.033333 0.040885
0 0.675231 0.434505 0.031019 0.043490
0 0.531250 0.571224 0.067130 0.020052
0 0.381250 0.649089 0.026389 0.050781
0 0.269676 0.431901 0.034722 0.038281
0 0.881250 0.208984 0.091204 0.014323
0 0.178241 0.567318 0.074074 0.017448
0 0.924769 0.446224 0.020833 0.061719
0 0.640509 0.447266 0.026389 0.048177
0 0.293287 0.784766 0.063426 0.020052
0 0.140509 0.839453 0.063426 0.020052
0 0.774769 0.653255 0.100463 0.012240
0 0.160880 0.810807 0.030093 0.040885
0 0.487731 0.122656 0.035648 0.034375
0 0.306019 0.536068 0.098148 0.012240
0 0.920139 0.573177 0.030093 0.039583
0 0.249306 0.813411 0.058796 0.020052
0 0.837269 0.283464 0.095833 0.012240
0 0.632407 0.575130 0.093519 0.012240
0 0.932176 0.616797 0.026389 0.043490
0 0.770139 0.225521 0.026389 0.042188
0 0.735417 0.927734 0.077315 0.014323
0 0.302546 0.688411 0.026389 0.040885
0 0.100694 0.912630 0.030093 0.035156
0 0.589120 0.656901 0.025463 0.040365
0 0.399769 0.728776 0.081944 0.012240
0 0.749306 0.227474 0.021759 0.046094
0 0.527083 0.696875 0.021759 0.044792
0 0.124306 0.391276 0.068056 0.014323
0 0.258565 0.887630 0.077315 0.012240
0 0.334954 0.517839 0.054167 0.017448
0 0.186806 0.789974 0.063426 0.014844
0 0.670602 0.684245 0.021759 0.042969
0 0.596528 0.562760 0.068056 0.013542
0 0.554398 0.697526 0.020833 0.043490
0 0.316435 0.624219 0.026389 0.033854
0 0.550231 0.456641 0.021759 0.040885
0 0.045602 0.615495 0.021759 0.040885
0 0.971528 0.414974 0.021759 0.040885
0 0.953009 0.362891 0.021759 0.040885
0 0.857639 0.265234 0.071759 0.012240
0 0.897454 0.578776 0.021759 0.040365
0 0.410880 0.329036 0.057870 0.014844
0 0.471528 0.992448 0.058796 0.013542
0 0.015046 0.680599 0.016204 0.046094
0 0.783565 0.461849 0.016204 0.046094
0 0.647454 0.547786 0.049537 0.014844
0 0.659028 0.163672 0.026389 0.027865
0 0.304861 0.872005 0.058796 0.012240
0 0.022454 0.606380 0.021759 0.033073
0 0.968750 0.580339 0.016204 0.043490
0 0.953009 0.725911 0.021759 0.032552
0 0.871991 0.529557 0.017130 0.040885
0 0.959954 0.149089 0.017130 0.040365
0 0.034028 0.645182 0.017130 0.037760
0 0.413657 0.305599 0.063426 0.009635
0 0.823380 0.606120 0.049537 0.011719
0 0.957639 0.763932 0.021759 0.025260
0 0.669444 0.525651 0.019444 0.027865
0 0.341898 0.409505 0.058796 0.009115
0 0.165509 0.381120 0.020833 0.025260
0 0.922917 0.755469 0.017130 0.029167
0 0.088426 0.512630 0.014815 0.033073
0 0.049769 0.361589 0.020833 0.022656
0 0.482639 0.289974 0.043981 0.009635
0 0.856250 0.587891 0.057870 0.006510
0 0.270139 0.835286 0.017130 0.016927
0 0.435648 0.113672 0.053704 0.038802
0 0.653704 0.142057 0.044444 0.030990
0 0.659491 0.131250 0.080093 0.031771
0 0.715972 0.138021 0.034722 0.034896
0 0.863194 0.134766 0.024537 0.041927
0 0.902083 0.138802 0.063426 0.034896
0 0.925231 0.133854 0.039352 0.043229
0 0.891667 0.167708 0.047222 0.054167
0 0.893519 0.174740 0.112037 0.017708
0 0.947917 0.181120 0.085648 0.021615
0 0.962269 0.200651 0.054167 0.027344
0 0.814120 0.173177 0.075463 0.029687
0 0.769444 0.150391 0.053704 0.010677
0 0.945139 0.221354 0.075463 0.029167
0 0.906250 0.222005 0.071759 0.020052
0 0.863426 0.245182 0.037963 0.028906
0 0.820370 0.229687 0.061111 0.036458
0 0.469676 0.146745 0.042130 0.023698
0 0.658796 0.272396 0.063889 0.029687
0 0.637037 0.292057 0.043519 0.036719
0 0.740046 0.306120 0.078241 0.036719
0 0.887269 0.295964 0.082870 0.014844
0 0.429398 0.286458 0.065278 0.025521
0 0.440046 0.352604 0.051389 0.038021
0 0.306944 0.353646 0.065741 0.046875
0 0.355093 0.328125 0.065741 0.054167
0 0.265509 0.390625 0.116204 0.025000
0 0.225463 0.422005 0.055556 0.044010
0 0.189583 0.411198 0.053241 0.018750
0 0.252083 0.393620 0.034722 0.063802
0 0.237731 0.439974 0.041204 0.033594
0 0.205787 0.449740 0.071759 0.018750
0 0.175000 0.459375 0.026852 0.027083
0 0.166204 0.472917 0.071296 0.026562
0 0.225694 0.477344 0.083796 0.018229
0 0.111343 0.501563 0.066204 0.038021
0 0.087731 0.456120 0.038426 0.041927
0 0.130324 0.436849 0.056944 0.026302
0 0.174074 0.497656 0.049074 0.033333
0 0.206019 0.510938 0.053704 0.018229
0 0.237731 0.497396 0.035648 0.029687
0 0.255093 0.502734 0.059259 0.020052
0 0.309954 0.504167 0.035648 0.031771
0 0.900926 0.341927 0.062037 0.042708
0 0.821065 0.348828 0.057870 0.027344
0 0.824306 0.361198 0.036574 0.039583
0 0.778935 0.386458 0.049537 0.023438
0 0.902546 0.399089 0.061574 0.046094
0 0.706481 0.361719 0.087963 0.025000
0 0.695370 0.354818 0.049074 0.028385
0 0.432639 0.401432 0.050463 0.034635
0 0.388426 0.417578 0.022222 0.035677
0 0.414120 0.420833 0.031944 0.026562
0 0.440278 0.440495 0.057407 0.035156
0 0.519213 0.422526 0.056944 0.032031
0 0.490278 0.478646 0.057407 0.021354
0 0.514815 0.492057 0.034259 0.034115
0 0.401389 0.473307 0.090741 0.030469
0 0.325000 0.455208 0.089815 0.033854
0 0.305556 0.440625 0.047222 0.027083
0 0.661111 0.883724 0.077778 0.059115
0 0.753472 0.756250 0.063426 0.044271
0 0.820602 0.793229 0.074537 0.050521
0 0.899074 0.795182 0.065741 0.045052
0 0.931250 0.844792 0.056019 0.032813
0 0.955556 0.867839 0.037037 0.029427
0 0.890741 0.910547 0.077778 0.049740
0 0.813889 0.914062 0.067593 0.023438
0 0.781481 0.918359 0.069444 0.015885
0 0.150694 0.896875 0.046759 0.041667
0 0.115509 0.885026 0.082870 0.025781
0 0.186574 0.858594 0.059259 0.025000
0 0.221296 0.857812 0.056481 0.040104
0 0.101620 0.788672 0.070833 0.051823
0 0.665741 0.741927 0.050000 0.027604
0 0.740972 0.682943 0.070833 0.045052
0 0.639352 0.647005 0.065741 0.028906
0 0.725926 0.590495 0.035185 0.029427
0 0.785185 0.586458 0.056481 0.037500
0 0.794907 0.569141 0.045370 0.033073
0 0.815046 0.555859 0.087500 0.019010
0 0.857639 0.537630 0.047685 0.032552
0 0.894213 0.635807 0.015278 0.038802
0 0.878704 0.608464 0.058333 0.019010
0 0.843056 0.632552 0.055556 0.031250
0 0.830324 0.657292 0.043981 0.041667
0 0.800000 0.502604 0.057407 0.031771
0 0.705787 0.393229 0.033796 0.036458
0 0.705324 0.398828 0.071759 0.018490
0 0.680787 0.393750 0.043056 0.026042
0 0.645833 0.492839 0.043519 0.031510
0 0.642361 0.519141 0.025463 0.047656
0 0.694907 0.523177 0.054630 0.039583
0 0.607176 0.527214 0.052315 0.041927
0 0.618981 0.507292 0.029630 0.029167
0 0.595139 0.488672 0.054167 0.025781
0 0.515509 0.537891 0.055093 0.022656
0 0.258796 0.589974 0.071296 0.034635
0 0.214583 0.598568 0.044907 0.036719
0 0.241435 0.595964 0.053241 0.039844
0 0.261343 0.669531 0.064352 0.029687
0 0.264352 0.685417 0.053704 0.037500
0 0.278935 0.692969 0.041204 0.034896
0 0.163889 0.532031 0.050000 0.036458
0 0.187500 0.529818 0.050000 0.036719
0 0.237037 0.527734 0.060185 0.036719
0 0.135185 0.568620 0.037963 0.022656
0 0.152083 0.586849 0.059722 0.036719
0 0.194213 0.581901 0.063426 0.034115
0 0.045602 0.589323 0.032870 0.039062
0 0.054398 0.549609 0.036574 0.030469
0 0.063889 0.449089 0.058333 0.024740
0 0.109954 0.624479 0.051389 0.042708
0 0.140278 0.626042 0.062963 0.036458
0 0.068981 0.686849 0.052778 0.053385
0 0.215278 0.719401 0.035185 0.041406
0 0.246991 0.743229 0.051389 0.029687
0 0.278935 0.733854 0.038426 0.038021
0 0.508102 0.621615 0.034722 0.041146
0 0.490972 0.611198 0.070833 0.040625
0 0.678472 0.465365 0.029167 0.021354
