0 0.194907 0.098437 0.105556 0.018750
0 0.040972 0.130469 0.077315 0.073438
0 0.413657 0.832943 0.063426 0.069531
0 0.600694 0.204036 0.141204 0.030469
0 0.295602 0.230078 0.049537 0.066927
0 0.642824 0.166276 0.095833 0.033073
0 0.855324 0.373307 0.039352 0.077344
0 0.365046 0.866797 0.049537 0.059115
0 0.505787 0.166927 0.099537 0.029167
0 0.603472 0.795182 0.091204 0.030469
0 0.784028 0.373307 0.091204 0.030469
0 0.703009 0.735286 0.049537 0.055469
0 0.170602 0.281510 0.049537 0.055208
0 0.800231 0.176693 0.095833 0.027865
0 0.496991 0.231380 0.044907 0.059115
0 0.260880 0.155859 0.044907 0.059115
0 0.183333 0.649349 0.102778 0.025260
0 0.557176 0.822526 0.044907 0.053906
0 0.406713 0.675391 0.095833 0.025260
0 0.369676 0.122005 0.049537 0.048698
0 0.193750 0.795833 0.049537 0.047396
0 0.913657 0.489193 0.081944 0.027865
0 0.698380 0.316016 0.086574 0.025260
0 0.828009 0.838151 0.040278 0.053906
0 0.070602 0.358333 0.043981 0.047396
0 0.784028 0.110286 0.044907 0.046094
0 0.609954 0.125911 0.039352 0.051302
0 0.117361 0.875911 0.035648 0.056510
0 0.841898 0.606380 0.086574 0.022656
0 0.450694 0.220964 0.044907 0.043490
0 0.545602 0.554036 0.086574 0.022135
0 0.392824 0.790365 0.040278 0.046875
0 0.309491 0.828776 0.040278 0.045573
0 0.543287 0.279557 0.072685 0.025260
0 0.078009 0.108984 0.077315 0.022656
0 0.050231 0.306901 0.040278 0.043490
0 0.198380 0.385026 0.040278 0.043490
0 0.860417 0.127214 0.095833 0.017448
0 0.699537 0.640234 0.037963 0.043490
0 0.348843 0.808203 0.081944 0.020052
0 0.797917 0.812109 0.035648 0.043490
0 0.156250 0.201432 0.030093 0.051302
0 0.434491 0.249609 0.068056 0.022656
0 0.228472 0.576823 0.072685 0.020833
0 0.175231 0.751563 0.031019 0.047396
0 0.939120 0.389974 0.086574 0.016927
0 0.760880 0.680599 0.035648 0.040885
0 0.339583 0.204036 0.035648 0.040885
0 0.904398 0.861589 0.081944 0.017448
0 0.152083 0.737891 0.031019 0.046094
0 0.906713 0.834245 0.031019 0.046094
0 0.871991 0.241797 0.026389 0.053906
0 0.689120 0.403516 0.031019 0.045573
0 0.152083 0.628255 0.095833 0.014323
0 0.418287 0.481380 0.035648 0.038281
0 0.553704 0.472266 0.037963 0.035677
0 0.138194 0.143880 0.068056 0.019531
0 0.911343 0.239193 0.021759 0.059115
0 0.101157 0.744401 0.021759 0.059115
0 0.404398 0.226172 0.026389 0.048698
0 0.559491 0.378516 0.086574 0.014844
0 0.339583 0.818620 0.063426 0.020052
0 0.374306 0.477474 0.031019 0.040885
0 0.343750 0.364193 0.025463 0.048698
0 0.839583 0.307943 0.063426 0.019531
0 0.061343 0.146745 0.034722 0.035677
0 0.806019 0.166276 0.070370 0.017448
0 0.778241 0.398047 0.070370 0.017448
0 0.331481 0.605078 0.019444 0.061719
0 0.397454 0.642839 0.031019 0.038281
0 0.837269 0.567318 0.021759 0.053906
0 0.119676 0.552995 0.058796 0.020052
0 0.196065 0.878255 0.081944 0.014323
0 0.312963 0.175391 0.028704 0.040885
0 0.663657 0.239193 0.026389 0.043490
0 0.943750 0.833984 0.058796 0.019531
0 0.157870 0.328776 0.079630 0.014323
0 0.386343 0.767839 0.090278 0.012240
0 0.143981 0.434505 0.088889 0.012240
0 0.223843 0.644141 0.072685 0.014844
0 0.228472 0.125911 0.026389 0.040885
0 0.182176 0.258724 0.072685 0.014844
0 0.383565 0.585547 0.021759 0.048698
0 0.328009 0.638932 0.068056 0.014844
0 0.524769 0.116797 0.081944 0.012240
0 0.542824 0.239193 0.025463 0.038281
0 0.712269 0.577734 0.077315 0.012240
0 0.659028 0.107682 0.063426 0.014844
0 0.830324 0.295182 0.063426 0.014844
0 0.770139 0.237891 0.063426 0.014844
0 0.422917 0.870703 0.063426 0.014844
0 0.450694 0.635026 0.017130 0.053906
0 0.381250 0.720964 0.072685 0.012240
0 0.906713 0.560807 0.021759 0.040885
0 0.256250 0.762630 0.072685 0.012240
0 0.154398 0.398047 0.026389 0.033073
0 0.730787 0.391536 0.058796 0.014844
0 0.890509 0.567318 0.026389 0.033073
0 0.841435 0.322266 0.048611 0.016927
0 0.311806 0.378516 0.054167 0.014844
0 0.367361 0.214453 0.054167 0.014844
0 0.642824 0.762370 0.068056 0.011719
0 0.705324 0.256120 0.081944 0.009635
0 0.730787 0.120703 0.021759 0.035677
0 0.950231 0.144141 0.025463 0.030469
0 0.230787 0.188411 0.077315 0.009635
0 0.454167 0.158464 0.061111 0.012240
0 0.707639 0.343099 0.021759 0.032552
0 0.242361 0.493099 0.017130 0.040885
0 0.390509 0.292578 0.072685 0.009635
0 0.655556 0.153255 0.056481 0.012240
0 0.057176 0.406510 0.017130 0.039583
0 0.582639 0.232682 0.021759 0.030469
0 0.871991 0.580339 0.017130 0.038281
0 0.209954 0.421484 0.017130 0.038281
0 0.647454 0.406901 0.021759 0.029948
0 0.892824 0.896484 0.068056 0.009115
0 0.645139 0.529557 0.063426 0.009635
0 0.969213 0.355078 0.017130 0.035677
0 0.925231 0.340755 0.049537 0.012240
0 0.642824 0.089453 0.058796 0.009635
0 0.131250 0.377214 0.017130 0.033073
0 0.131250 0.454036 0.017130 0.030469
0 0.362269 0.154557 0.053241 0.009635
0 0.709954 0.420443 0.017130 0.029948
0 0.384722 0.177995 0.051852 0.009635
0 0.302083 0.771745 0.016204 0.030469
0 0.277083 0.515234 0.012500 0.038281
0 0.765509 0.767839 0.017130 0.027865
0 0.042130 0.857031 0.051852 0.008333
0 0.957176 0.753255 0.011574 0.035156
0 0.617361 0.431901 0.017130 0.022656
0 0.667824 0.744401 0.053241 0.007031
0 0.993519 0.809245 0.010185 0.032552
0 0.521065 0.754167 0.100463 0.030208
0 0.558333 0.743099 0.024074 0.044010
0 0.713194 0.716276 0.049537 0.023177
0 0.848843 0.790755 0.051389 0.032031
0 0.887500 0.797526 0.037037 0.041406
0 0.923843 0.761458 0.056944 0.048438
0 0.925231 0.742188 0.051389 0.032292
0 0.745370 0.789974 0.067593 0.016406
0 0.757870 0.810286 0.031481 0.038802
0 0.755556 0.866927 0.082407 0.041667
0 0.722454 0.853385 0.052315 0.028125
0 0.761343 0.852214 0.043981 0.046615
0 0.716435 0.824609 0.062500 0.047656
0 0.686574 0.810677 0.055556 0.033333
0 0.668750 0.809896 0.061574 0.030208
0 0.669213 0.791667 0.050463 0.027083
0 0.624537 0.796224 0.039815 0.028385
0 0.635185 0.820703 0.068519 0.028385
0 0.669676 0.873568 0.073611 0.030990
0 0.641204 0.870313 0.054630 0.033333
0 0.609722 0.864193 0.050000 0.045573
0 0.591667 0.863802 0.024074 0.025000
0 0.552546 0.883984 0.083796 0.016406
0 0.506713 0.851562 0.047685 0.018750
0 0.551620 0.870833 0.060648 0.052604
0 0.539120 0.848828 0.043981 0.025260
0 0.507870 0.817708 0.034259 0.026562
0 0.457639 0.788151 0.079167 0.025260
0 0.245370 0.797266 0.041667 0.027344
0 0.278472 0.793620 0.031019 0.030469
0 0.228935 0.742839 0.031019 0.043490
0 0.336111 0.735026 0.057407 0.039844
0 0.358796 0.792839 0.079630 0.045052
0 0.189815 0.813021 0.033333 0.029167
0 0.133333 0.834505 0.054630 0.023177
0 0.045833 0.812630 0.051852 0.026823
0 0.137963 0.851693 0.079630 0.015365
0 0.218287 0.838021 0.060648 0.018750
0 0.230787 0.678906 0.072685 0.027604
0 0.194213 0.689714 0.062500 0.047656
0 0.129398 0.674609 0.062500 0.014323
0 0.137269 0.650651 0.054167 0.034635
0 0.094676 0.653906 0.080093 0.032813
0 0.146991 0.605208 0.068056 0.030729
0 0.164815 0.572786 0.127778 0.049219
0 0.133102 0.572526 0.069907 0.022656
0 0.198611 0.533724 0.055556 0.035156
0 0.114583 0.524089 0.051389 0.035156
0 0.107407 0.482552 0.034259 0.024479
0 0.181481 0.495964 0.055556 0.021094
0 0.153241 0.500781 0.051852 0.032813
0 0.156944 0.466797 0.027778 0.036198
0 0.184722 0.453385 0.057407 0.020313
0 0.202083 0.476953 0.069907 0.051823
0 0.329861 0.509766 0.072685 0.021094
0 0.491435 0.428776 0.054167 0.032031
0 0.515046 0.384245 0.056944 0.028906
0 0.773380 0.473828 0.069907 0.042969
0 0.828704 0.440755 0.030556 0.037760
0 0.843056 0.426172 0.046296 0.014844
0 0.956713 0.431901 0.039352 0.032031
0 0.925000 0.406250 0.034259 0.028125
0 0.795833 0.543880 0.054630 0.045052
0 0.756250 0.523698 0.022685 0.052083
0 0.744444 0.529687 0.070370 0.027083
0 0.729167 0.532292 0.079630 0.030729
0 0.628241 0.493490 0.056481 0.039062
0 0.751620 0.605078 0.036574 0.031510
0 0.925694 0.639193 0.051389 0.035677
0 0.643750 0.617057 0.069907 0.035156
0 0.618056 0.377604 0.045370 0.030729
0 0.567130 0.327604 0.037037 0.031250
0 0.645833 0.323698 0.026852 0.036979
0 0.608333 0.313411 0.039815 0.014844
0 0.630556 0.283854 0.038889 0.047917
0 0.419444 0.333594 0.028704 0.041146
0 0.407639 0.311719 0.070833 0.028125
0 0.379861 0.339974 0.063426 0.028385
0 0.225926 0.297135 0.051852 0.034896
0 0.205787 0.303646 0.045833 0.031250
0 0.082870 0.272266 0.046296 0.019010
0 0.079861 0.241536 0.068981 0.042448
0 0.049769 0.202604 0.057870 0.027604
0 0.057407 0.216016 0.006481 0.011198
0 0.130556 0.091016 0.030556 0.030469
0 0.251157 0.094922 0.051389 0.017448
0 0.175231 0.118359 0.143981 0.019010
0 0.422685 0.124219 0.086111 0.020833
0 0.731713 0.090885 0.057870 0.025521
0 0.710417 0.119661 0.023611 0.037240
0 0.876157 0.101042 0.060648 0.038542
0 0.812500 0.108203 0.058333 0.021615
0 0.095602 0.199349 0.039352 0.037240
0 0.134028 0.223047 0.050463 0.025260
0 0.124537 0.189193 0.060185 0.040885
0 0.160880 0.169531 0.095833 0.032813
0 0.204630 0.226953 0.046296 0.034635
0 0.231250 0.222526 0.030093 0.026823
0 0.251389 0.198307 0.055556 0.015365
0 0.385417 0.155208 0.063426 0.032292
0 0.350000 0.231380 0.036111 0.033073
0 0.521991 0.184375 0.051389 0.026042
0 0.714815 0.203516 0.049074 0.036198
0 0.731250 0.305859 0.075463 0.026302
0 0.764120 0.304297 0.075463 0.029427
0 0.758796 0.341146 0.039815 0.028646
0 0.790509 0.346745 0.048611 0.027344
0 0.906250 0.375911 0.086574 0.012240
0 0.918981 0.354167 0.074074 0.028646
0 0.932407 0.331380 0.064815 0.013802
0 0.935648 0.305078 0.074074 0.027344
0 0.877083 0.168359 0.068056 0.028906
0 0.901852 0.159375 0.078704 0.043229
0 0.717130 0.175260 0.062037 0.014583
0 0.740278 0.271354 0.071296 0.017708
0 0.777546 0.290495 0.043981 0.022656
0 0.836574 0.240885 0.068519 0.047396
0 0.667824 0.232422 0.077315 0.024740
