0 0.420602 0.650651 0.068056 0.074740
0 0.110417 0.525391 0.114352 0.037760
0 0.885880 0.228776 0.146759 0.027865
0 0.580324 0.122005 0.044907 0.069531
0 0.561806 0.571224 0.054167 0.056510
0 0.559491 0.687760 0.049537 0.060417
0 0.496991 0.517839 0.054167 0.053906
0 0.848843 0.851172 0.044907 0.064323
0 0.660185 0.560807 0.093519 0.030469
0 0.446065 0.883724 0.091204 0.030469
0 0.696065 0.449219 0.100463 0.026042
0 0.848843 0.457943 0.109722 0.022656
0 0.624306 0.765234 0.086574 0.027865
0 0.240046 0.180599 0.049537 0.046094
0 0.024306 0.191016 0.043981 0.051302
0 0.837269 0.680339 0.040278 0.055990
0 0.487731 0.235286 0.035648 0.061719
0 0.742361 0.512630 0.044907 0.048698
0 0.601157 0.202734 0.095833 0.022656
0 0.339120 0.879818 0.043981 0.048698
0 0.612731 0.823828 0.044907 0.046094
0 0.302546 0.750911 0.081944 0.025260
0 0.871991 0.112891 0.081944 0.025260
0 0.471528 0.804297 0.086574 0.022656
0 0.450694 0.424089 0.044907 0.043490
0 0.265509 0.745443 0.091204 0.019531
0 0.756250 0.742188 0.035648 0.049479
0 0.744676 0.773047 0.040278 0.043490
0 0.897454 0.783464 0.040278 0.043490
0 0.809028 0.525651 0.076389 0.022656
0 0.740046 0.351172 0.031019 0.053906
0 0.668287 0.585547 0.072685 0.022656
0 0.135880 0.467057 0.081944 0.020052
0 0.751620 0.407161 0.109722 0.014844
0 0.249306 0.819661 0.095833 0.016927
0 0.284028 0.882161 0.072685 0.022135
0 0.723843 0.900651 0.091204 0.017448
0 0.365046 0.831641 0.077315 0.020052
0 0.388194 0.193620 0.077315 0.020052
0 0.322917 0.658464 0.067130 0.022656
0 0.865046 0.189453 0.031019 0.048177
0 0.432176 0.180599 0.026389 0.056510
0 0.615046 0.708984 0.031019 0.045573
0 0.875463 0.299089 0.079630 0.017448
0 0.369676 0.693359 0.095833 0.014323
0 0.075694 0.835547 0.035648 0.038281
0 0.246991 0.681901 0.035648 0.038281
0 0.295602 0.869401 0.077315 0.017448
0 0.971528 0.202734 0.031019 0.043490
0 0.160185 0.180599 0.028704 0.046094
0 0.950231 0.487891 0.025463 0.051302
0 0.936806 0.219661 0.063426 0.020052
0 0.318750 0.149349 0.031019 0.040885
0 0.337269 0.782161 0.031019 0.040885
0 0.564120 0.386328 0.031019 0.040885
0 0.638194 0.651693 0.086574 0.014323
0 0.151620 0.667578 0.030093 0.040885
0 0.631250 0.534766 0.081944 0.014844
0 0.737731 0.110286 0.026389 0.046094
0 0.814120 0.197526 0.068056 0.017448
0 0.915972 0.194922 0.031019 0.038281
0 0.029398 0.752214 0.035648 0.033073
0 0.656713 0.511328 0.058796 0.020052
0 0.491898 0.500911 0.025463 0.046094
0 0.427083 0.524349 0.025463 0.046094
0 0.834954 0.559245 0.035648 0.032552
0 0.797917 0.822526 0.026389 0.043490
0 0.142824 0.761328 0.077315 0.014844
0 0.869676 0.447266 0.095833 0.011719
0 0.089583 0.808854 0.026389 0.042188
0 0.256250 0.709245 0.072685 0.014844
0 0.154398 0.401953 0.072685 0.014844
0 0.054861 0.465755 0.021759 0.048698
0 0.476157 0.773047 0.021759 0.048698
0 0.368519 0.437109 0.084259 0.012240
0 0.175231 0.691016 0.068056 0.014844
0 0.628935 0.298828 0.031019 0.032552
0 0.705324 0.545833 0.091204 0.010937
0 0.153935 0.890234 0.081019 0.012240
0 0.693287 0.796484 0.030093 0.033073
0 0.581481 0.637630 0.056481 0.017448
0 0.825231 0.590755 0.025463 0.038281
0 0.402083 0.389583 0.086574 0.010937
0 0.402083 0.733984 0.077315 0.012240
0 0.612731 0.671484 0.054167 0.017448
0 0.848843 0.573828 0.026389 0.035677
0 0.435648 0.139974 0.079630 0.011719
0 0.867361 0.724609 0.026389 0.035156
0 0.325231 0.698828 0.062500 0.014844
0 0.418287 0.765234 0.072685 0.012240
0 0.767824 0.821224 0.021759 0.040885
0 0.154398 0.855078 0.017130 0.051302
0 0.355787 0.349870 0.058796 0.014844
0 0.469213 0.992448 0.063426 0.013542
0 0.316435 0.809245 0.026389 0.032552
0 0.895139 0.710286 0.026389 0.032552
0 0.596065 0.719661 0.020833 0.040885
0 0.288194 0.715495 0.071759 0.011719
0 0.552546 0.597917 0.026389 0.031771
0 0.844213 0.901693 0.091204 0.009115
0 0.740046 0.806901 0.021759 0.038281
0 0.846528 0.223568 0.068056 0.012240
0 0.787037 0.698828 0.023148 0.035677
0 0.271991 0.262630 0.067130 0.012240
0 0.073380 0.142187 0.021759 0.036979
0 0.920139 0.106380 0.020833 0.038281
0 0.686806 0.357682 0.081944 0.009635
0 0.191435 0.425391 0.017130 0.046094
0 0.902083 0.149349 0.021759 0.035677
0 0.658565 0.474870 0.025463 0.030469
0 0.409028 0.120443 0.054167 0.014323
0 0.743981 0.464453 0.050926 0.014844
0 0.358102 0.494401 0.017130 0.043490
0 0.348843 0.715755 0.026389 0.027865
0 0.931019 0.490495 0.024074 0.030469
0 0.932176 0.538021 0.017130 0.042188
0 0.527083 0.726172 0.021759 0.033073
0 0.075694 0.383724 0.017130 0.040885
0 0.382407 0.718359 0.056481 0.012240
0 0.635880 0.497005 0.054167 0.012240
0 0.522454 0.368099 0.021759 0.030469
0 0.267824 0.500911 0.068056 0.009635
0 0.848843 0.710547 0.017130 0.038281
0 0.686806 0.380859 0.044907 0.014323
0 0.121991 0.616536 0.054167 0.011719
0 0.771991 0.563411 0.020833 0.030469
0 0.903935 0.530859 0.016204 0.038281
0 0.797454 0.564714 0.016204 0.038281
0 0.177546 0.110286 0.063426 0.009635
0 0.682176 0.160026 0.017130 0.035156
0 0.697917 0.528255 0.020833 0.027865
0 0.524306 0.503255 0.016204 0.035156
0 0.786343 0.521745 0.058796 0.009635
0 0.309491 0.298177 0.021759 0.026042
0 0.420602 0.446224 0.021759 0.025260
0 0.101157 0.386068 0.021759 0.024740
0 0.784028 0.370703 0.054167 0.009635
0 0.663657 0.201432 0.054167 0.009635
0 0.589583 0.615495 0.017130 0.030469
0 0.714583 0.663672 0.017130 0.027865
0 0.050231 0.552734 0.049537 0.009115
0 0.547917 0.222266 0.044907 0.009635
0 0.480324 0.422786 0.020833 0.020052
0 0.182176 0.838802 0.017130 0.023958
0 0.561806 0.041016 0.026389 0.006510
