0 0.084722 0.740495 0.059259 0.103385
0 0.520833 0.300651 0.074074 0.055990
0 0.970370 0.158464 0.056481 0.074740
0 0.353472 0.474870 0.146759 0.025260
0 0.705324 0.896745 0.118981 0.025260
0 0.942593 0.558203 0.112037 0.025260
0 0.560648 0.403906 0.042593 0.055208
0 0.716898 0.179297 0.095833 0.022656
0 0.223380 0.766536 0.034722 0.061719
0 0.087269 0.646745 0.040278 0.051302
0 0.182176 0.378516 0.035648 0.056510
0 0.233102 0.292578 0.044907 0.040885
0 0.857639 0.696875 0.034722 0.052604
0 0.937963 0.230078 0.121296 0.014844
0 0.105787 0.120052 0.040278 0.044792
0 0.523611 0.063151 0.116667 0.014323
0 0.406713 0.905859 0.095833 0.017448
0 0.487731 0.089193 0.081944 0.019531
0 0.619676 0.529557 0.031019 0.051302
0 0.802546 0.072526 0.109722 0.012240
0 0.700694 0.859635 0.026389 0.050000
0 0.896991 0.184505 0.030093 0.043490
0 0.212269 0.350911 0.021759 0.058594
0 0.842593 0.060547 0.087963 0.014323
0 0.848843 0.188802 0.026389 0.046875
0 0.142824 0.326432 0.021759 0.056510
0 0.988889 0.152604 0.019444 0.063021
0 0.128935 0.635026 0.021759 0.048698
0 0.073380 0.506120 0.021759 0.046094
0 0.939120 0.610026 0.068056 0.014323
0 0.270139 0.229818 0.017130 0.055990
0 0.457176 0.378516 0.020833 0.040885
0 0.965741 0.773047 0.065741 0.012240
0 0.922917 0.089193 0.081944 0.009115
0 0.903241 0.113932 0.014815 0.048177
0 0.065972 0.567318 0.016204 0.043490
0 0.975000 0.831641 0.047222 0.009635
0 0.979630 0.095703 0.037963 0.011719
0 0.098843 0.993099 0.044907 0.009635
0 0.898148 0.039844 0.060185 0.039583
0 0.636111 0.119401 0.058333 0.051823
0 0.587731 0.113411 0.061574 0.045052
0 0.247454 0.085026 0.077315 0.034635
0 0.285880 0.147396 0.140278 0.069792
0 0.074074 0.130469 0.048148 0.018229
0 0.921991 0.207813 0.071759 0.035937
0 0.425000 0.242188 0.078704 0.034896
0 0.264583 0.398047 0.059722 0.045052
0 0.606713 0.326042 0.116204 0.017708
0 0.814583 0.392969 0.079167 0.073958
0 0.178472 0.532422 0.033796 0.055469
0 0.259259 0.544531 0.041667 0.040104
0 0.211111 0.555729 0.051852 0.029167
0 0.197222 0.590365 0.065741 0.040625
0 0.965278 0.656901 0.068519 0.048698
0 0.060417 0.701042 0.085648 0.044271
0 0.396065 0.787109 0.106944 0.048698
0 0.100694 0.856901 0.093981 0.037760
0 0.206944 0.897135 0.087963 0.042188
0 0.277778 0.900651 0.041667 0.019531
0 0.929861 0.905729 0.101389 0.040104
0 0.904167 0.841146 0.111111 0.054167
