0 0.597002 0.629069 0.081974 0.109495
0 0.311149 0.537033 0.027432 0.076849
0 0.534233 0.285049 0.078740 0.086633
0 0.905766 0.811859 0.069678 0.104338
0 0.383889 0.619707 0.143717 0.044287
0 0.913266 0.222274 0.062278 0.076260
0 0.182619 0.461293 0.075741 0.053337
0 0.170624 0.796588 0.051035 0.065342
0 0.773075 0.238046 0.088218 0.049040
0 0.772649 0.706351 0.109668 0.020741
0 0.190218 0.877986 0.111148 0.036821
0 0.574000 0.873000 0.108000 0.071000
0 0.257008 0.807032 0.069821 0.072257
0 0.812749 0.635984 0.054236 0.054698
0 0.231030 0.351033 0.061398 0.031094
0 0.805606 0.595900 0.040698 0.060110
0 0.606371 0.765900 0.111080 0.050086
0 0.657917 0.377033 0.083614 0.040956
0 0.880878 0.732876 0.039069 0.041485
0 0.249000 0.242000 0.130000 0.078000
0 0.294000 0.200000 0.070000 0.045000
0 0.348000 0.219000 0.068000 0.088000
0 0.420000 0.222000 0.090000 0.079000
0 0.150000 0.838000 0.080000 0.075000
0 0.358000 0.860000 0.085000 0.075000
0 0.470000 0.865000 0.085000 0.080000
0 0.865000 0.565000 0.065000 0.055000
0 0.897000 0.607000 0.070000 0.065000
0 0.880000 0.673000 0.078000 0.070000
0 0.955000 0.645000 0.070000 0.090000
0 0.708000 0.833000 0.090000 0.080000
0 0.825000 0.840000 0.095000 0.075000
