0 0.157099 0.664062 0.033951 0.069792
0 0.610185 0.217188 0.119136 0.051736
0 0.515741 0.642708 0.077160 0.066667
0 0.205864 0.604167 0.101852 0.044444
0 0.900617 0.785243 0.075309 0.094792
0 0.298765 0.226736 0.112346 0.072917
0 0.839506 0.867708 0.100000 0.024306
0 0.161420 0.267535 0.046296 0.067014
0 0.744136 0.734375 0.147531 0.061111
0 0.604630 0.852083 0.033951 0.077083
0 0.215741 0.230903 0.048765 0.073611
0 0.804938 0.210069 0.100000 0.070139
0 0.878086 0.250000 0.120370 0.090278
0 0.814815 0.302951 0.090123 0.089931
0 0.190123 0.250000 0.051852 0.090278
0 0.520062 0.850000 0.120370 0.090278
0 0.215123 0.581944 0.112963 0.050000
