0 0.304630 0.263715 0.051235 0.076042
0 0.267901 0.232292 0.034568 0.063194
0 0.209259 0.834375 0.095062 0.054167
0 0.177778 0.793576 0.075309 0.095486
0 0.239815 0.538021 0.112963 0.029514
0 0.220988 0.573264 0.113580 0.026389
0 0.364815 0.229514 0.065432 0.070833
0 0.884877 0.267535 0.108025 0.055208
0 0.880556 0.318056 0.050000 0.080556
0 0.701852 0.851736 0.033333 0.065278
0 0.836420 0.408333 0.082716 0.080556
0 0.760185 0.837326 0.058642 0.102431
0 0.305247 0.583160 0.056173 0.030903
0 0.416358 0.238889 0.083333 0.059028
0 0.827778 0.477951 0.104938 0.094792
0 0.845062 0.561979 0.124691 0.064931
0 0.447840 0.840625 0.164815 0.093056
0 0.831481 0.364757 0.118519 0.083681
