0 0.881173 0.211285 0.033951 0.049653
0 0.375926 0.511111 0.061728 0.038889
0 0.136111 0.451389 0.030247 0.042361
0 0.496296 0.280208 0.070370 0.018056
0 0.718827 0.455382 0.041358 0.049653
0 0.404012 0.853125 0.077160 0.034028
0 0.874074 0.731771 0.070370 0.051042
0 0.441049 0.293924 0.016667 0.042014
0 0.385185 0.185764 0.077778 0.036111
0 0.641049 0.350174 0.016667 0.044792
0 0.180556 0.387674 0.025309 0.042708
0 0.533025 0.189583 0.075926 0.011111
0 0.881790 0.820833 0.030247 0.041667
0 0.359568 0.844444 0.067284 0.039583
0 0.137654 0.398611 0.023457 0.048611
0 0.792284 0.714931 0.035185 0.053472
0 0.898148 0.326910 0.045679 0.044097
0 0.541049 0.825521 0.042593 0.043403
0 0.875000 0.691493 0.082099 0.036458
0 0.897222 0.226736 0.027778 0.039583
0 0.554012 0.177778 0.074691 0.012500
0 0.639815 0.190799 0.124074 0.019097
0 0.904630 0.251736 0.022840 0.049306
0 0.856790 0.679861 0.076543 0.032639
0 0.870062 0.397049 0.036420 0.039931
0 0.507407 0.200521 0.048148 0.008681
0 0.444136 0.775000 0.069753 0.024306
0 0.824691 0.732465 0.029630 0.053819
0 0.886420 0.352083 0.058025 0.039583
