0 0.289515 0.327018 0.116559 0.024269
0 0.115885 0.830239 0.067603 0.087640
0 0.143865 0.688190 0.102393 0.077097
0 0.821690 0.478846 0.062371 0.087186
0 0.653506 0.185310 0.169236 0.044422
0 0.842359 0.729475 0.135471 0.109211
0 0.242351 0.190007 0.109322 0.039330
0 0.353551 0.252265 0.071593 0.047337
0 0.184223 0.243914 0.031461 0.051973
0 0.189790 0.193753 0.042265 0.048898
0 0.196571 0.820278 0.038980 0.054660
0 0.096204 0.355064 0.060091 0.063216
0 0.855849 0.848163 0.103026 0.028598
0 0.32 0.205 0.13 0.05
0 0.135 0.218 0.08 0.06
0 0.29 0.245 0.07 0.05
0 0.23 0.776 0.10 0.05
0 0.29 0.80 0.09 0.06
0 0.27 0.865 0.08 0.07
0 0.79 0.20 0.13 0.06
0 0.75 0.775 0.08 0.06
0 0.86 0.80 0.09 0.05
0 0.78 0.85 0.10 0.06
0 0.555 0.835 0.11 0.06
0 0.73 0.885 0.08 0.06
0 0.66 0.84 0.07 0.09
0 0.475 0.825 0.06 0.06
