0 0.879761 0.821920 0.062139 0.053504
0 0.883378 0.744596 0.083035 0.014112
0 0.893083 0.589357 0.022273 0.040671
0 0.488910 0.236228 0.029996 0.047837
0 0.629385 0.390975 0.096823 0.030499
0 0.381875 0.488907 0.049815 0.047778
0 0.184022 0.850305 0.083321 0.016592
0 0.453523 0.794109 0.083946 0.016322
0 0.786266 0.344485 0.039590 0.040974
0 0.248428 0.848939 0.066453 0.022744
0 0.673471 0.475496 0.050465 0.034085
0 0.319382 0.833023 0.026782 0.062220
0 0.430124 0.217769 0.038910 0.038774
0 0.710526 0.487615 0.079704 0.023068
0 0.636491 0.343547 0.062749 0.047345
0 0.180410 0.220155 0.022507 0.041020
0 0.580615 0.222848 0.058427 0.038840
0 0.789918 0.197315 0.063770 0.053530
0 0.228466 0.717752 0.027577 0.054791
0 0.171968 0.296662 0.055375 0.043095
0 0.201035 0.655801 0.018259 0.039257
0 0.318422 0.776877 0.055962 0.039062
0 0.156698 0.830564 0.092364 0.028257
0 0.723190 0.780093 0.066913 0.010377
0 0.304190 0.628423 0.020548 0.044598
0 0.538718 0.825920 0.044025 0.044019
0 0.228919 0.211417 0.062402 0.025145
0 0.123691 0.772573 0.071691 0.047079
0 0.134043 0.805057 0.059881 0.038418
0 0.145570 0.775174 0.028635 0.048547
