0 0.424383 0.441493 0.042593 0.061458
0 0.142284 0.483507 0.027778 0.046181
0 0.234877 0.843229 0.075926 0.017014
0 0.413272 0.803646 0.073457 0.018403
0 0.400926 0.233681 0.067284 0.011111
0 0.334877 0.184896 0.075926 0.031597
0 0.237037 0.667535 0.020988 0.036458
0 0.822840 0.315972 0.039506 0.041667
0 0.867593 0.710764 0.022840 0.050694
0 0.845679 0.738194 0.109877 0.043750
0 0.376852 0.207813 0.085802 0.019097
0 0.159568 0.316319 0.057407 0.038194
0 0.165741 0.209201 0.078395 0.014236
0 0.191975 0.718403 0.051852 0.045139
0 0.813272 0.208333 0.021605 0.048611
0 0.795062 0.185590 0.075309 0.033681
0 0.591975 0.173611 0.080247 0.013889
0 0.797222 0.288368 0.025309 0.059375
0 0.405247 0.856944 0.084568 0.015278
0 0.669753 0.509896 0.067901 0.021875
0 0.163889 0.349132 0.033951 0.047569
0 0.722222 0.196701 0.018519 0.044792
0 0.151543 0.238542 0.053704 0.036806
0 0.284259 0.265625 0.069753 0.018750
0 0.344444 0.774826 0.075309 0.015625
0 0.178704 0.624132 0.020370 0.043403
0 0.365432 0.835243 0.085185 0.017708
0 0.360494 0.852257 0.067901 0.028125
