0 0.640027 0.648790 0.074164 0.067361
0 0.232107 0.848272 0.081592 0.077704
0 0.297692 0.437136 0.087495 0.122009
0 0.314197 0.556160 0.035538 0.065213
0 0.171565 0.566009 0.067082 0.102080
0 0.652626 0.754636 0.140719 0.021938
0 0.873788 0.591720 0.078345 0.075455
0 0.657664 0.593856 0.124551 0.045560
0 0.904748 0.339845 0.053932 0.089726
0 0.840329 0.654048 0.139751 0.064768
0 0.791928 0.786763 0.136952 0.031631
0 0.655631 0.262560 0.078891 0.081221
0 0.198455 0.502319 0.075914 0.083784
0 0.634073 0.788275 0.114440 0.016460
0 0.217016 0.356747 0.106201 0.020820
0 0.820204 0.205146 0.097342 0.032954
0 0.355799 0.873354 0.072553 0.060896
0 0.180000 0.235000 0.105000 0.065000
0 0.891376 0.697619 0.062455 0.058187
0 0.918411 0.753975 0.063211 0.072189
0 0.220000 0.200000 0.075000 0.050000
0 0.290000 0.245000 0.080000 0.070000
0 0.310000 0.300000 0.075000 0.090000
0 0.210000 0.335000 0.085000 0.085000
0 0.538000 0.220000 0.095000 0.060000
0 0.625000 0.205000 0.075000 0.075000
0 0.750000 0.205000 0.090000 0.065000
0 0.440000 0.853000 0.085000 0.075000
0 0.510000 0.862000 0.075000 0.080000
0 0.578000 0.860000 0.080000 0.075000
0 0.180000 0.660000 0.090000 0.080000
