0 0.869349 0.298476 0.095737 0.059808
0 0.176596 0.309570 0.053636 0.069975
0 0.166434 0.809269 0.102078 0.099618
0 0.225347 0.855771 0.105457 0.031424
0 0.264003 0.780977 0.034472 0.060852
0 0.903721 0.440031 0.027555 0.035273
0 0.353454 0.247023 0.129742 0.053666
0 0.853539 0.468540 0.134600 0.028000
0 0.276629 0.866715 0.121266 0.029720
0 0.193899 0.843882 0.086467 0.029327
0 0.829090 0.422584 0.116815 0.065630
0 0.507166 0.863317 0.118323 0.048262
0 0.283612 0.377007 0.116301 0.040379
0 0.744718 0.813390 0.022368 0.039246
0 0.191804 0.251226 0.107266 0.051854
0 0.808330 0.432291 0.083529 0.044860
0 0.399619 0.757946 0.067879 0.032217
0 0.231871 0.709004 0.091538 0.091893
0 0.802000 0.865000 0.115000 0.065000
0 0.278000 0.290000 0.052000 0.100000
