0 0.045224 0.529692 0.084528 0.097650
0 0.384255 0.313254 0.063954 0.084745
0 0.203304 0.295359 0.127479 0.041625
0 0.751313 0.567336 0.059342 0.035435
0 0.586313 0.909388 0.020200 0.023797
0 0.088443 0.634570 0.148062 0.038857
0 0.030690 0.320320 0.057197 0.070267
0 0.756374 0.738737 0.091613 0.057551
0 0.411342 0.728840 0.176686 0.034014
0 0.106645 0.881771 0.047898 0.024900
0 0.759513 0.945617 0.114596 0.030815
0 0.718697 0.342263 0.100851 0.021548
0 0.125438 0.936612 0.048408 0.065760
0 0.829311 0.883542 0.024207 0.031280
0 0.642872 0.582092 0.044478 0.021822
0 0.598303 0.995644 0.052606 0.008713
0 0.314525 0.922217 0.045635 0.038793
0 0.715267 0.314549 0.097417 0.040159
0 0.710188 0.379611 0.036218 0.072820
