0 0.288274 0.368558 0.044418 0.052169
0 0.767241 0.828021 0.117889 0.019388
0 0.138695 0.467155 0.027165 0.036099
0 0.248913 0.722053 0.045346 0.038763
0 0.832259 0.674279 0.031235 0.042069
0 0.490476 0.692084 0.053189 0.039384
0 0.133740 0.230578 0.026861 0.056843
0 0.400204 0.518503 0.055638 0.042288
0 0.747235 0.776144 0.073297 0.038193
0 0.239481 0.475003 0.021556 0.049478
0 0.860538 0.196237 0.050408 0.044588
0 0.589801 0.178391 0.096733 0.016784
0 0.591889 0.398667 0.069783 0.030011
0 0.432545 0.821113 0.036548 0.072394
0 0.151098 0.390262 0.026192 0.049105
0 0.228837 0.840641 0.071173 0.048624
0 0.670125 0.859559 0.089371 0.014536
0 0.499411 0.851621 0.074331 0.029111
0 0.156490 0.273973 0.054976 0.041290
0 0.825045 0.860478 0.080228 0.020713
0 0.880833 0.804502 0.049127 0.029252
0 0.165687 0.446112 0.033115 0.046360
0 0.318897 0.835294 0.081930 0.030028
0 0.541776 0.216027 0.055423 0.030579
0 0.320744 0.757949 0.049786 0.035264
0 0.763286 0.852510 0.028944 0.030027
0 0.819126 0.193660 0.026501 0.043747
0 0.385 0.842 0.055 0.048
0 0.779 0.196 0.052 0.032
