0 0.200751 0.366427 0.046992 0.047869
0 0.825912 0.192507 0.036904 0.061529
0 0.468856 0.857225 0.086430 0.013108
0 0.814228 0.333867 0.075333 0.040609
0 0.868142 0.599714 0.041283 0.041250
0 0.812514 0.541218 0.051449 0.046999
0 0.129685 0.527745 0.030586 0.042572
0 0.188564 0.576560 0.029255 0.038869
0 0.278999 0.446557 0.050402 0.042903
0 0.196457 0.193334 0.068045 0.033795
0 0.282693 0.423783 0.042063 0.042524
0 0.231278 0.661156 0.038227 0.042717
0 0.596385 0.477768 0.024251 0.044676
0 0.909197 0.486052 0.023509 0.047364
0 0.870378 0.225165 0.047933 0.063597
0 0.500113 0.838294 0.072930 0.012165
0 0.288611 0.836320 0.077416 0.036534
0 0.147840 0.363103 0.025810 0.050397
0 0.597109 0.194125 0.077292 0.012423
0 0.807993 0.756731 0.059769 0.013156
0 0.783237 0.717858 0.024638 0.045814
0 0.144342 0.444123 0.069591 0.073680
0 0.895475 0.479066 0.020073 0.046584
0 0.790224 0.666334 0.026658 0.045734
0 0.791610 0.245369 0.069081 0.021659
0 0.858000 0.834000 0.108000 0.033000
0 0.823000 0.853000 0.066000 0.024000
0 0.859813 0.256988 0.063515 0.021385
