0 0.326852 0.205035 0.133951 0.026042
0 0.871914 0.226042 0.125309 0.070139
0 0.819753 0.250000 0.100000 0.075000
0 0.785185 0.319965 0.090123 0.055208
0 0.920988 0.319965 0.080247 0.080208
0 0.899074 0.407986 0.069753 0.077083
0 0.925000 0.569097 0.069753 0.075000
0 0.902160 0.604861 0.064815 0.075000
0 0.898765 0.652951 0.109877 0.030208
0 0.856790 0.700000 0.109877 0.090278
0 0.413889 0.631076 0.104321 0.028819
0 0.204938 0.800000 0.132099 0.075000
0 0.225000 0.868056 0.089506 0.054861
0 0.330864 0.869965 0.100000 0.039931
0 0.520062 0.827951 0.074691 0.030208
0 0.575000 0.869097 0.089506 0.054861
0 0.822531 0.830208 0.219136 0.033333
0 0.847840 0.802431 0.148765 0.026389
