0 0.435 0.205 0.140 0.065
0 0.655 0.205 0.090 0.085
0 0.720 0.208 0.100 0.090
0 0.800 0.200 0.110 0.095
0 0.890 0.255 0.120 0.080
0 0.900 0.395 0.090 0.100
0 0.885 0.728 0.100 0.085
0 0.230 0.288 0.163 0.060
0 0.190 0.420 0.105 0.105
0 0.195 0.490 0.110 0.060
0 0.180 0.585 0.130 0.115
0 0.196 0.686 0.150 0.045
0 0.175 0.755 0.070 0.080
0 0.144 0.835 0.045 0.075
0 0.280 0.865 0.110 0.085
0 0.359 0.745 0.083 0.060
0 0.435 0.641 0.136 0.045
0 0.640 0.731 0.142 0.045
0 0.422 0.827 0.050 0.060
0 0.493 0.883 0.141 0.045
0 0.771 0.848 0.140 0.055
0 0.856 0.881 0.125 0.050
