0 0.228031 0.692669 0.126864 0.050028
0 0.906838 0.391035 0.060366 0.061352
0 0.639948 0.279424 0.122527 0.038715
0 0.384049 0.840612 0.068335 0.104380
0 0.446300 0.865783 0.088709 0.060791
0 0.223653 0.854771 0.066889 0.065223
0 0.921815 0.248454 0.057766 0.079874
0 0.864097 0.515259 0.150491 0.037843
0 0.297307 0.227919 0.081451 0.066087
0 0.337019 0.263173 0.097076 0.053839
0 0.824000 0.230000 0.090000 0.090000
0 0.824000 0.305000 0.090000 0.070000
0 0.272000 0.846000 0.100000 0.080000
0 0.560000 0.843000 0.110000 0.075000
