0 0.795691 0.585590 0.072472 0.054774
0 0.875115 0.301975 0.050900 0.042616
0 0.693609 0.295256 0.073927 0.041783
0 0.463068 0.368022 0.066821 0.034925
0 0.808419 0.350537 0.037684 0.038944
0 0.153697 0.274608 0.035950 0.045733
0 0.643809 0.181560 0.085467 0.013367
0 0.284540 0.323363 0.027093 0.045511
0 0.884734 0.355314 0.063864 0.034553
0 0.420692 0.815921 0.070309 0.016856
0 0.537761 0.249563 0.067621 0.013268
0 0.826095 0.672149 0.045808 0.042757
0 0.844739 0.839341 0.028012 0.059405
0 0.255264 0.436124 0.068386 0.022973
0 0.131696 0.753699 0.023706 0.036028
0 0.792256 0.189362 0.042692 0.042543
0 0.802755 0.837895 0.067604 0.025720
0 0.327738 0.233982 0.071370 0.031449
0 0.852322 0.673028 0.045118 0.039833
0 0.385681 0.244833 0.079731 0.033996
0 0.600394 0.840511 0.066535 0.014033
0 0.753959 0.856797 0.067895 0.018704
0 0.215944 0.190084 0.083571 0.028168
0 0.848350 0.194338 0.060893 0.043799
0 0.867771 0.218774 0.125639 0.030999
