0 0.914842 0.635271 0.053073 0.089123
0 0.569507 0.488147 0.046707 0.078458
0 0.824053 0.541212 0.066731 0.081181
0 0.845720 0.476588 0.171042 0.029705
0 0.153201 0.641556 0.037017 0.045293
0 0.207109 0.844621 0.110067 0.047826
0 0.533036 0.656200 0.168993 0.033299
0 0.478710 0.878802 0.118917 0.020827
0 0.814103 0.337259 0.063654 0.043958
0 0.793197 0.833697 0.094222 0.031561
0 0.890372 0.404425 0.136649 0.035091
0 0.841969 0.815291 0.197476 0.071080
0 0.245714 0.376987 0.042124 0.030245
0 0.792566 0.447236 0.203444 0.019760
0 0.193774 0.827335 0.126700 0.021033
