0 0.435404 0.558990 0.062913 0.073075
0 0.504238 0.598947 0.041472 0.092341
0 0.469290 0.386391 0.074744 0.056152
0 0.124527 0.402844 0.084579 0.064956
0 0.138685 0.293669 0.099904 0.065175
0 0.639094 0.197827 0.101252 0.061724
0 0.343392 0.862207 0.094793 0.039216
0 0.190958 0.222625 0.161618 0.041837
0 0.259823 0.728084 0.081445 0.060072
0 0.859382 0.739704 0.101598 0.112683
0 0.575086 0.264406 0.133777 0.027879
0 0.468720 0.506294 0.054992 0.078231
0 0.839684 0.846118 0.055450 0.055556
0 0.630325 0.509164 0.100608 0.020297
0 0.872213 0.517020 0.059588 0.059477
0 0.164592 0.280169 0.124016 0.065510
0 0.456139 0.209720 0.065521 0.038199
0 0.205076 0.734693 0.030182 0.033352
