0 0.412249 0.853139 0.067637 0.065344
0 0.550772 0.683781 0.138615 0.028684
0 0.152935 0.768096 0.078752 0.105124
0 0.489478 0.844504 0.051718 0.086448
0 0.884618 0.252689 0.128711 0.021399
0 0.238491 0.227990 0.117432 0.065182
0 0.884479 0.824950 0.128856 0.017788
0 0.904600 0.321984 0.053691 0.066187
0 0.445227 0.220735 0.111670 0.036553
0 0.862442 0.210317 0.054406 0.037432
0 0.879903 0.278357 0.121840 0.030855
0 0.375000 0.235000 0.095000 0.050000
0 0.160000 0.850000 0.090000 0.100000
0 0.285000 0.795000 0.140000 0.095000
0 0.235000 0.850000 0.100000 0.090000
0 0.400000 0.770000 0.090000 0.060000
