0 0.648148 0.591319 0.081481 0.016667
0 0.131481 0.445486 0.033333 0.043750
0 0.259259 0.858854 0.076543 0.019097
0 0.166358 0.256250 0.074691 0.022222
0 0.600000 0.554688 0.049383 0.040625
0 0.905556 0.241146 0.020988 0.045486
0 0.892593 0.346701 0.045679 0.044097
0 0.194444 0.380208 0.100000 0.020833
0 0.172531 0.483681 0.022840 0.036111
0 0.816975 0.824653 0.022840 0.064583
0 0.177778 0.303646 0.058025 0.046181
0 0.874074 0.199306 0.077778 0.032639
0 0.235802 0.828646 0.043210 0.067708
0 0.791358 0.250347 0.053086 0.050694
0 0.445370 0.186285 0.079630 0.017014
0 0.867284 0.238889 0.059259 0.045139
0 0.821296 0.481597 0.019136 0.043056
0 0.291049 0.328819 0.027778 0.040972
0 0.787346 0.188021 0.031481 0.037153
0 0.865432 0.489931 0.038272 0.043750
0 0.845370 0.840278 0.025309 0.052083
0 0.772222 0.855208 0.066667 0.032639
0 0.856790 0.292882 0.123457 0.039931
0 0.847222 0.266667 0.067284 0.034722
0 0.500000 0.831076 0.066667 0.019792
0 0.813889 0.306076 0.082099 0.021181
0 0.860494 0.313021 0.053086 0.032986
