0 0.358631 0.324794 0.120944 0.025001
0 0.238511 0.266392 0.111367 0.058695
0 0.483736 0.534366 0.038226 0.079634
0 0.563611 0.733657 0.110421 0.027864
0 0.932850 0.833603 0.056674 0.084565
0 0.812000 0.865000 0.154000 0.065000
0 0.270000 0.835000 0.090000 0.100000
0 0.221000 0.366000 0.090000 0.031000
0 0.150000 0.418000 0.080000 0.075000
0 0.250000 0.420000 0.075000 0.070000
0 0.303000 0.440000 0.066000 0.115000
0 0.235000 0.500000 0.075000 0.075000
0 0.582000 0.542000 0.137000 0.099000
0 0.470000 0.767000 0.120000 0.052000
0 0.221000 0.929000 0.104000 0.124000
0 0.293000 0.921000 0.063000 0.106000
