0 0.546000 0.489000 0.075000 0.025000
0 0.825321 0.205496 0.121999 0.023782
0 0.895425 0.561971 0.040324 0.072494
0 0.214233 0.671485 0.094678 0.091733
0 0.872000 0.357241 0.118452 0.075235
0 0.324786 0.649385 0.047310 0.061425
0 0.209251 0.617974 0.098147 0.037134
0 0.892766 0.269806 0.083374 0.077836
0 0.875391 0.303748 0.110861 0.060036
0 0.336005 0.718231 0.034083 0.036709
0 0.420610 0.869836 0.126872 0.021299
0 0.148967 0.826792 0.026327 0.060503
0 0.798000 0.795000 0.170000 0.075000
0 0.868000 0.405000 0.090000 0.075000
0 0.170000 0.275000 0.065000 0.085000
0 0.205000 0.225000 0.065000 0.080000
0 0.230000 0.260000 0.060000 0.090000
0 0.300000 0.222000 0.065000 0.070000
