0 0.138324 0.822644 0.032051 0.054430
0 0.853835 0.682523 0.107137 0.046146
0 0.832480 0.502196 0.035261 0.043611
0 0.617623 0.843370 0.084033 0.052415
0 0.577524 0.188743 0.067194 0.020864
0 0.330500 0.377765 0.077576 0.014817
0 0.161520 0.242086 0.032877 0.040779
0 0.821497 0.843627 0.075089 0.023283
0 0.890048 0.286310 0.022482 0.038306
0 0.267177 0.753161 0.040534 0.046200
0 0.178206 0.426364 0.029116 0.048718
0 0.887498 0.497565 0.018811 0.047445
0 0.743455 0.856568 0.072528 0.033002
0 0.747634 0.487127 0.040049 0.037697
0 0.871942 0.367813 0.019864 0.041870
0 0.700905 0.481821 0.056073 0.053661
0 0.186928 0.830098 0.074519 0.014977
0 0.236959 0.192068 0.062735 0.038715
0 0.807784 0.193006 0.076106 0.017152
0 0.538309 0.827444 0.046655 0.047569
0 0.149553 0.336016 0.078473 0.036488
0 0.458041 0.231933 0.067852 0.013156
0 0.335 0.185 0.076 0.046
0 0.412 0.190 0.046 0.052
0 0.441 0.241 0.042 0.050
