0 0.754327 0.660618 0.034816 0.044047
0 0.645934 0.280808 0.070199 0.036453
0 0.204188 0.348464 0.066485 0.044112
0 0.385362 0.713413 0.102115 0.019970
0 0.648191 0.861450 0.075149 0.025445
0 0.169700 0.571990 0.027573 0.046208
0 0.348178 0.183094 0.080059 0.012778
0 0.821813 0.842404 0.056558 0.067466
0 0.530398 0.778571 0.071993 0.024651
0 0.418522 0.803432 0.063928 0.023788
0 0.190288 0.465029 0.041785 0.050362
0 0.564980 0.847179 0.076710 0.019107
0 0.515736 0.638736 0.178463 0.034363
0 0.816156 0.187065 0.082096 0.035709
0 0.272139 0.600284 0.038438 0.044783
0 0.256452 0.847244 0.077654 0.031129
0 0.304792 0.588822 0.028647 0.052154
0 0.140504 0.831613 0.064303 0.025686
0 0.849841 0.689061 0.072711 0.029051
0 0.184993 0.839712 0.027751 0.044308
0 0.542050 0.823602 0.041024 0.038404
0 0.863557 0.759216 0.020481 0.042706
0 0.159336 0.218122 0.088667 0.018059
0 0.474206 0.248779 0.043610 0.030163
0 0.028587 0.045327 0.055040 0.086737
0 0.862320 0.794218 0.018716 0.035819
0 0.807860 0.832785 0.023279 0.048588
