0 0.178276 0.590973 0.067383 0.054566
0 0.253566 0.210906 0.052038 0.070391
0 0.903444 0.652268 0.021449 0.046771
0 0.853067 0.839085 0.076679 0.018026
0 0.761250 0.586338 0.024655 0.041100
0 0.871468 0.209963 0.061043 0.040533
0 0.846516 0.482507 0.038120 0.052240
0 0.894015 0.321855 0.033231 0.046727
0 0.888945 0.721690 0.065886 0.044936
0 0.660785 0.224456 0.077993 0.029549
0 0.734020 0.464047 0.019037 0.044263
0 0.416816 0.249610 0.065833 0.037744
0 0.892135 0.431349 0.023749 0.060560
0 0.183251 0.541608 0.018261 0.039789
0 0.757833 0.780104 0.019355 0.038866
0 0.899303 0.247093 0.023479 0.036599
0 0.756468 0.547998 0.031384 0.051723
0 0.196735 0.233287 0.025472 0.037217
0 0.429866 0.554682 0.066226 0.026605
0 0.285645 0.372444 0.023323 0.048311
0 0.439090 0.205654 0.066737 0.015586
0 0.345748 0.833555 0.083185 0.014211
0 0.510048 0.171991 0.085530 0.013585
0 0.863567 0.692635 0.026802 0.041729
0 0.295725 0.849702 0.091274 0.021984
0 0.371453 0.176737 0.075245 0.023190
0 0.323451 0.196942 0.113543 0.036141
0 0.420703 0.191643 0.102745 0.012330
0 0.302682 0.869215 0.082560 0.016000
