0 0.506996 0.756242 0.048531 0.037591
0 0.478351 0.192330 0.037367 0.040425
0 0.837846 0.513825 0.109459 0.047573
0 0.873661 0.652334 0.076147 0.024369
0 0.157050 0.205461 0.072009 0.025896
0 0.172636 0.506864 0.032957 0.044137
0 0.195366 0.332028 0.089963 0.018377
0 0.790543 0.411152 0.031404 0.042066
0 0.129670 0.603245 0.032804 0.048425
0 0.848283 0.204009 0.040711 0.048143
0 0.356591 0.624595 0.065782 0.049634
0 0.164435 0.593572 0.028913 0.045286
0 0.136689 0.333560 0.053121 0.032751
0 0.699220 0.587139 0.042896 0.052737
0 0.152174 0.707877 0.065589 0.021826
0 0.877102 0.711490 0.076292 0.017469
0 0.813911 0.205730 0.053960 0.039232
0 0.143684 0.544961 0.026354 0.053015
0 0.870503 0.216622 0.077650 0.038279
0 0.829159 0.691523 0.087606 0.050642
0 0.144170 0.292340 0.025113 0.044001
0 0.164483 0.428063 0.024031 0.051097
0 0.264167 0.200350 0.073485 0.032782
0 0.153636 0.748935 0.026976 0.039086
0 0.696678 0.186270 0.095759 0.013888
0 0.717000 0.205000 0.045000 0.048000
0 0.804171 0.184714 0.020963 0.040596
0 0.888224 0.670230 0.060824 0.041720
0 0.248400 0.784315 0.056447 0.030132
0 0.511601 0.957381 0.022543 0.025793
