0 0.211152 0.857422 0.127347 0.044614
0 0.819951 0.362407 0.056360 0.078008
0 0.722530 0.628702 0.109240 0.055283
0 0.814254 0.214630 0.124199 0.037107
0 0.534516 0.857489 0.037123 0.079604
0 0.863275 0.557449 0.048018 0.092425
0 0.554795 0.309997 0.122842 0.034157
0 0.653927 0.434745 0.062733 0.089403
0 0.764842 0.567863 0.090400 0.072108
0 0.398812 0.638014 0.098176 0.050934
0 0.135448 0.661657 0.042220 0.060669
0 0.337972 0.200848 0.107795 0.026637
0 0.165461 0.210072 0.082940 0.067577
0 0.550908 0.589756 0.056858 0.061569
0 0.406813 0.760774 0.041759 0.068793
0 0.650638 0.217628 0.180641 0.037949
0 0.097011 0.771890 0.063288 0.042360
0 0.862995 0.765992 0.064172 0.073491
0 0.831368 0.455746 0.103440 0.019187
0 0.506318 0.535290 0.047255 0.063211
0 0.242470 0.790679 0.035762 0.031326
0 0.500869 0.255980 0.073393 0.018344
0 0.746282 0.789219 0.110044 0.017989
0 0.10 0.70 0.08 0.07
0 0.79 0.85 0.11 0.10
