0 0.901968 0.551485 0.051296 0.083685
0 0.325927 0.881890 0.108087 0.041715
0 0.595540 0.692703 0.053923 0.078662
0 0.199612 0.500558 0.069820 0.086797
0 0.322235 0.537492 0.089252 0.069451
0 0.905851 0.701680 0.070278 0.106535
0 0.572582 0.208159 0.095919 0.020573
0 0.154870 0.673932 0.048086 0.085445
0 0.521485 0.295842 0.105700 0.026435
0 0.197645 0.416051 0.097607 0.085657
0 0.878116 0.847267 0.144618 0.023652
0 0.660719 0.217562 0.056625 0.084670
0 0.225374 0.589880 0.068471 0.089744
0 0.256411 0.342184 0.065202 0.061923
0 0.894464 0.328721 0.098681 0.058853
0 0.343587 0.237127 0.132259 0.034295
0 0.307451 0.256304 0.129712 0.024001
0 0.214385 0.315395 0.140064 0.036185
0 0.492608 0.863480 0.129147 0.041274
0 0.920581 0.269906 0.066684 0.020353
0 0.184983 0.547891 0.105253 0.072976
0 0.780000 0.270000 0.070000 0.070000
0 0.910000 0.300000 0.070000 0.075000
0 0.860000 0.250000 0.075000 0.060000
0 0.723000 0.210000 0.085000 0.070000
0 0.255000 0.776000 0.070000 0.090000
0 0.335000 0.818000 0.130000 0.075000
0 0.230000 0.828000 0.075000 0.085000
0 0.150000 0.820000 0.080000 0.075000
0 0.185000 0.858000 0.080000 0.065000
0 0.263000 0.886000 0.075000 0.070000
