0 0.728102 0.178764 0.087152 0.025008
0 0.896382 0.610270 0.022500 0.058144
0 0.752581 0.815084 0.036416 0.040296
0 0.821133 0.840629 0.039989 0.045540
0 0.212725 0.510920 0.033831 0.046803
0 0.152982 0.239029 0.053387 0.041083
0 0.461141 0.807350 0.065527 0.024419
0 0.421234 0.245861 0.073948 0.018266
0 0.252268 0.287571 0.069475 0.029973
0 0.188425 0.680831 0.053515 0.042684
0 0.204547 0.292081 0.023950 0.046468
0 0.193164 0.820316 0.023756 0.053141
0 0.574112 0.198790 0.064106 0.035620
0 0.639179 0.764970 0.085657 0.021382
0 0.301920 0.813743 0.024880 0.043260
0 0.772866 0.592003 0.019714 0.047889
0 0.438528 0.213216 0.076445 0.012697
0 0.187087 0.261449 0.059629 0.032883
0 0.495280 0.189167 0.060677 0.032625
0 0.277200 0.438672 0.036502 0.042891
0 0.621542 0.193840 0.064977 0.021450
0 0.837827 0.189940 0.031969 0.052011
0 0.797779 0.199364 0.036703 0.046835
