0 0.507407 0.192535 0.067901 0.024653
0 0.726543 0.254861 0.067901 0.020833
0 0.793827 0.569097 0.051852 0.050000
0 0.647840 0.182812 0.091975 0.028819
0 0.752778 0.175868 0.087037 0.028125
0 0.902469 0.510938 0.025926 0.057292
0 0.865123 0.841146 0.020370 0.047569
0 0.619444 0.840104 0.074691 0.018403
0 0.140741 0.582118 0.074074 0.024653
0 0.198765 0.188715 0.027160 0.046875
0 0.227469 0.186458 0.029012 0.043056
0 0.868210 0.340972 0.041358 0.046528
0 0.536111 0.251042 0.067284 0.036806
0 0.694136 0.860764 0.058642 0.029861
0 0.887346 0.219792 0.074691 0.029167
0 0.711111 0.601215 0.075309 0.042014
0 0.851852 0.538889 0.038272 0.039583
0 0.704321 0.179514 0.067901 0.021528
0 0.273148 0.190278 0.066049 0.036806
0 0.894136 0.311285 0.046296 0.050347
0 0.457716 0.208854 0.068519 0.010069
0 0.558333 0.179340 0.077160 0.016319
0 0.689198 0.821007 0.024074 0.072569
0 0.472840 0.225347 0.070370 0.012500
0 0.870062 0.237500 0.105556 0.029167
0 0.833951 0.317361 0.020988 0.048611
0 0.850926 0.718576 0.096914 0.042014
0 0.772840 0.202604 0.054321 0.041319
0 0.867901 0.267535 0.048148 0.046875
