0 0.871296 0.537500 0.112963 0.029167
0 0.790123 0.494097 0.135802 0.043056
0 0.154938 0.511979 0.062963 0.095486
0 0.764815 0.542535 0.195062 0.057986
0 0.911728 0.488715 0.050617 0.076042
0 0.508025 0.606424 0.111111 0.052431
0 0.766975 0.737847 0.143827 0.050000
0 0.475000 0.485938 0.137654 0.053819
0 0.626543 0.303646 0.122222 0.062153
0 0.880556 0.556597 0.146296 0.067361
0 0.291358 0.221007 0.107407 0.033681
0 0.915432 0.413715 0.046914 0.075347
0 0.936420 0.283681 0.050617 0.053472
0 0.836420 0.588715 0.170370 0.026042
0 0.371296 0.479167 0.132716 0.034722
0 0.282716 0.794618 0.032099 0.032986
0 0.279938 0.586458 0.085802 0.050694
0 0.725926 0.859028 0.128395 0.059722
0 0.228395 0.778646 0.085185 0.078819
0 0.271605 0.748958 0.083951 0.018056
0 0.179012 0.429340 0.081481 0.026042
0 0.509259 0.300347 0.092593 0.068056
0 0.206790 0.785069 0.061728 0.043750
0 0.628086 0.660069 0.170988 0.059028
0 0.540432 0.827951 0.046296 0.042014
0 0.459259 0.232986 0.095062 0.059722
0 0.588889 0.217014 0.090123 0.054861
0 0.685185 0.227951 0.080247 0.060069
0 0.859877 0.207986 0.090123 0.065278
0 0.828086 0.242014 0.069753 0.070139
0 0.264815 0.485069 0.080247 0.075000
0 0.416975 0.692014 0.084568 0.070139
0 0.154938 0.711979 0.077778 0.078125
0 0.883951 0.426389 0.066667 0.074306
