0 0.146646 0.547971 0.041383 0.038947
0 0.639907 0.226709 0.080963 0.024860
0 0.137754 0.623425 0.043143 0.056935
0 0.883260 0.281247 0.070909 0.025713
0 0.562849 0.840500 0.089160 0.020039
0 0.793721 0.515780 0.035687 0.044198
0 0.150240 0.713471 0.032521 0.042800
0 0.864705 0.301415 0.076482 0.016523
0 0.264983 0.568426 0.027413 0.053282
0 0.902514 0.392098 0.045245 0.047127
0 0.310416 0.804519 0.033345 0.055756
0 0.671863 0.183825 0.063466 0.037967
0 0.210700 0.501015 0.026403 0.039763
0 0.855494 0.742583 0.059518 0.044816
0 0.900332 0.219240 0.045485 0.061028
0 0.151307 0.297341 0.023889 0.039251
0 0.160235 0.831198 0.041246 0.041492
0 0.205558 0.622410 0.024102 0.038843
0 0.347242 0.830938 0.090929 0.016663
0 0.153602 0.230273 0.056602 0.042723
0 0.885008 0.251168 0.038984 0.045753
0 0.349610 0.565649 0.042824 0.032396
0 0.172499 0.201782 0.025718 0.049206
0 0.514032 0.638992 0.179226 0.031982
0 0.859488 0.222092 0.079435 0.017614
0 0.158813 0.211769 0.040455 0.038057
0 0.292853 0.696344 0.031518 0.040585
0 0.515683 0.956170 0.023736 0.025974
0 0.822087 0.206357 0.071247 0.011790
0 0.549823 0.817214 0.025342 0.027300
