0 0.416975 0.203993 0.121605 0.044792
0 0.540123 0.411979 0.083951 0.060764
0 0.539815 0.825000 0.045062 0.050000
0 0.802160 0.810937 0.091975 0.137153
0 0.779938 0.257986 0.130247 0.054861
0 0.659877 0.335069 0.080247 0.075000
0 0.790123 0.330035 0.095062 0.080208
0 0.870062 0.364931 0.084568 0.070139
0 0.700000 0.400000 0.085185 0.079861
0 0.819753 0.410069 0.100000 0.075000
0 0.859877 0.455035 0.085185 0.069792
0 0.740123 0.475000 0.090123 0.079861
0 0.814815 0.510069 0.090123 0.075000
0 0.900000 0.554861 0.085185 0.100000
0 0.879938 0.634896 0.084568 0.089931
0 0.840123 0.590104 0.070370 0.089931
0 0.779938 0.639931 0.089506 0.054861
0 0.135185 0.600000 0.090123 0.065278
0 0.104938 0.672917 0.070370 0.075000
0 0.150000 0.705035 0.075309 0.080208
0 0.154938 0.765104 0.070370 0.089931
0 0.140123 0.864931 0.085185 0.054861
0 0.779012 0.695660 0.179012 0.037847
