0 0.220062 0.234896 0.150000 0.089931
0 0.184877 0.284896 0.120370 0.064931
0 0.300000 0.205035 0.129630 0.069792
0 0.374691 0.255035 0.100000 0.085069
0 0.164815 0.214931 0.085185 0.079861
0 0.500000 0.232986 0.061728 0.090278
0 0.800000 0.214931 0.100000 0.129861
0 0.900000 0.210069 0.100000 0.129861
0 0.740123 0.215104 0.090123 0.110069
0 0.859877 0.164931 0.109877 0.070139
0 0.840123 0.284896 0.100000 0.064931
0 0.904938 0.344965 0.075309 0.060069
0 0.798148 0.471007 0.053086 0.087847
0 0.908951 0.519965 0.063580 0.076042
0 0.200000 0.525000 0.150617 0.075000
0 0.174691 0.575000 0.100000 0.090278
0 0.165741 0.706076 0.091975 0.072569
0 0.395062 0.719965 0.059259 0.073958
0 0.470062 0.680035 0.050000 0.060069
0 0.440123 0.818056 0.109877 0.045139
0 0.533951 0.813889 0.071605 0.102083
0 0.383025 0.889062 0.140123 0.044792
0 0.509877 0.755035 0.080247 0.089931
0 0.875000 0.640104 0.089506 0.089931
0 0.850000 0.750000 0.080247 0.090278
0 0.909877 0.725000 0.075309 0.070139
0 0.895062 0.794965 0.080247 0.069792
0 0.303704 0.383160 0.170370 0.113542
0 0.378395 0.495139 0.203704 0.081250
