0 0.838 0.481 0.117 0.031
0 0.528 0.765 0.069 0.084
0 0.381 0.525 0.047 0.043
0 0.133 0.556 0.093 0.098
0 0.838 0.402 0.098 0.097
0 0.756 0.624 0.114 0.053
0 0.575 0.686 0.058 0.055
0 0.137 0.790 0.073 0.089
0 0.153 0.261 0.077 0.102
0 0.661 0.337 0.070 0.058
0 0.506 0.626 0.157 0.041
0 0.733 0.852 0.111 0.050
0 0.800 0.205 0.151 0.030
0 0.184 0.304 0.049 0.080
0 0.115 0.633 0.061 0.074
0 0.836 0.221 0.108 0.020
0 0.735 0.768 0.131 0.140
0 0.253 0.835 0.041 0.038
0 0.153 0.729 0.058 0.030
0 0.60 0.865 0.09 0.06
0 0.189 0.872 0.125 0.030
0 0.52 0.205 0.09 0.05
0 0.61 0.215 0.10 0.045
0 0.70 0.215 0.10 0.045
0 0.80 0.285 0.12 0.09
0 0.49 0.855 0.15 0.10
0 0.82 0.335 0.05 0.05
