0 0.300 0.235 0.130 0.115
0 0.375 0.220 0.090 0.090
0 0.165 0.270 0.075 0.090
0 0.158 0.430 0.058 0.079
0 0.312 0.349 0.045 0.081
0 0.422 0.384 0.045 0.070
0 0.548 0.340 0.117 0.045
0 0.691 0.282 0.068 0.088
0 0.760 0.310 0.075 0.080
0 0.820 0.300 0.080 0.080
0 0.897 0.340 0.100 0.075
0 0.845 0.375 0.080 0.075
0 0.703 0.423 0.060 0.073
0 0.796 0.528 0.090 0.090
0 0.376 0.559 0.036 0.066
0 0.626 0.565 0.175 0.078
0 0.912 0.632 0.045 0.085
0 0.776 0.710 0.060 0.095
0 0.805 0.770 0.100 0.130
0 0.905 0.748 0.085 0.100
0 0.173 0.848 0.099 0.064
0 0.256 0.888 0.066 0.045
0 0.326 0.849 0.082 0.076
0 0.708 0.875 0.070 0.062
