0 0.353300 0.634415 0.040832 0.048515
0 0.496815 0.200329 0.070379 0.020237
0 0.290684 0.192085 0.073926 0.029222
0 0.802266 0.786743 0.057453 0.041922
0 0.869594 0.418085 0.029009 0.042027
0 0.149483 0.440105 0.058530 0.043674
0 0.777187 0.518197 0.023636 0.045642
0 0.631759 0.181325 0.095317 0.014350
0 0.802421 0.664641 0.066250 0.029650
0 0.896648 0.226604 0.047784 0.048121
0 0.623000 0.658821 0.022248 0.042435
0 0.865575 0.279343 0.038340 0.037350
0 0.390581 0.180577 0.037495 0.036739
0 0.173310 0.276634 0.112382 0.016139
0 0.130519 0.715369 0.070048 0.037582
0 0.598090 0.201743 0.065129 0.011603
0 0.879553 0.572589 0.027802 0.051235
0 0.899627 0.752774 0.023873 0.048077
0 0.867341 0.328005 0.071266 0.014763
0 0.189036 0.245731 0.066164 0.052670
0 0.249269 0.821266 0.030156 0.037660
0 0.193336 0.564532 0.023345 0.054577
0 0.292233 0.799889 0.020616 0.044943
0 0.287215 0.463111 0.021080 0.042630
0 0.152386 0.252018 0.064186 0.041399
0 0.868667 0.218791 0.042431 0.031577
0 0.212434 0.842913 0.087880 0.023272
0 0.870424 0.344645 0.054735 0.031820
