0 0.790897 0.417687 0.063710 0.066019
0 0.099863 0.545648 0.042573 0.059281
0 0.797901 0.706112 0.160609 0.064004
0 0.642421 0.191664 0.126399 0.036049
0 0.591333 0.175095 0.075697 0.022908
0 0.714631 0.493724 0.143833 0.024405
0 0.131593 0.623766 0.033433 0.073917
0 0.098556 0.304867 0.067246 0.020845
0 0.855398 0.874726 0.052598 0.038349
0 0.265345 0.210156 0.027004 0.044416
0 0.893645 0.769422 0.043297 0.053991
0 0.149 0.239 0.10 0.115
0 0.229 0.225 0.05 0.09
0 0.323 0.230 0.05 0.09
0 0.246 0.286 0.09 0.07
0 0.41 0.235 0.07 0.08
0 0.46 0.20 0.14 0.055
0 0.725 0.770 0.10 0.06
0 0.813 0.805 0.07 0.07
0 0.878 0.827 0.07 0.07
