0 0.862448 0.831928 0.086567 0.024096
0 0.720000 0.334000 0.066000 0.024000
0 0.910000 0.276000 0.046000 0.042000
0 0.871000 0.573000 0.060000 0.065000
0 0.863000 0.253000 0.062000 0.040000
0 0.313644 0.841676 0.085073 0.044133
0 0.282665 0.400913 0.045340 0.044689
0 0.882000 0.207000 0.073000 0.045000
0 0.134557 0.308409 0.018456 0.041664
0 0.523000 0.862000 0.088000 0.020000
0 0.882000 0.479000 0.066000 0.082000
0 0.769148 0.327421 0.021079 0.039374
0 0.474797 0.194058 0.033562 0.048800
0 0.178000 0.842000 0.071000 0.024000
0 0.527500 0.843600 0.076400 0.026900
0 0.507000 0.825000 0.078000 0.022000
0 0.596000 0.807000 0.070000 0.024000
0 0.450266 0.546645 0.021522 0.043919
0 0.778638 0.398089 0.027006 0.041029
0 0.348900 0.189968 0.040310 0.042342
0 0.187000 0.219000 0.050000 0.030000
0 0.286110 0.187391 0.081937 0.036504
0 0.619935 0.191763 0.075436 0.033692
0 0.554438 0.195819 0.064260 0.036128
0 0.686033 0.188147 0.046745 0.041168
0 0.530772 0.797442 0.054246 0.042006
0 0.192000 0.190000 0.076000 0.028000
