0 0.159568 0.274479 0.084568 0.107292
0 0.242593 0.471007 0.079012 0.069097
0 0.346914 0.499132 0.117284 0.025347
0 0.516049 0.515451 0.162963 0.035069
0 0.651235 0.615278 0.113580 0.049306
0 0.908951 0.462847 0.067284 0.075000
0 0.848148 0.418750 0.135802 0.044444
0 0.741049 0.856076 0.050000 0.083681
0 0.842593 0.738715 0.049383 0.068403
0 0.841358 0.881944 0.050617 0.073611
0 0.180247 0.747222 0.095062 0.072917
0 0.197531 0.395833 0.134568 0.081944
0 0.203395 0.526563 0.126543 0.098958
0 0.190123 0.825000 0.109877 0.100000
0 0.185185 0.885069 0.090123 0.079861
0 0.522531 0.236458 0.033951 0.077778
0 0.548765 0.216667 0.043210 0.060417
0 0.584259 0.216319 0.053704 0.065972
0 0.652469 0.231076 0.058025 0.076042
0 0.816975 0.194792 0.140123 0.025694
0 0.899691 0.236285 0.059877 0.073264
0 0.774691 0.238889 0.171605 0.065278
0 0.878395 0.290625 0.069136 0.079861
0 0.687654 0.341667 0.116049 0.081250
0 0.756790 0.336979 0.038272 0.084375
0 0.162963 0.578819 0.049383 0.056250
0 0.781481 0.859375 0.087654 0.059722
