0 0.221914 0.305035 0.054938 0.094097
0 0.552778 0.201042 0.150000 0.038889
0 0.502778 0.249132 0.103086 0.042014
0 0.834259 0.218056 0.150000 0.045139
0 0.740123 0.255035 0.090123 0.060069
0 0.870370 0.313368 0.141975 0.032986
0 0.883025 0.342014 0.110494 0.045139
0 0.175000 0.765104 0.069753 0.085069
0 0.200000 0.839931 0.070370 0.070139
0 0.270062 0.825000 0.084568 0.095139
0 0.397531 0.793229 0.174074 0.082986
0 0.433642 0.834896 0.130247 0.072569
0 0.514815 0.805035 0.109877 0.060069
0 0.886420 0.260069 0.117284 0.029167
0 0.866049 0.268924 0.107407 0.041319
0 0.319753 0.746528 0.065432 0.071528
0 0.319136 0.853819 0.085185 0.063194
