0 0.375926 0.401215 0.041975 0.039931
0 0.686420 0.186806 0.087654 0.013889
0 0.874383 0.538368 0.026543 0.051736
0 0.890432 0.218924 0.032716 0.041319
0 0.540741 0.784375 0.050617 0.052778
0 0.824691 0.625174 0.034568 0.041319
0 0.396914 0.864236 0.080247 0.014583
0 0.198148 0.848264 0.077778 0.021528
0 0.288272 0.823264 0.058025 0.054861
0 0.632407 0.563368 0.052469 0.039931
0 0.826235 0.220833 0.078395 0.058333
0 0.189506 0.193576 0.032099 0.045486
0 0.242593 0.440278 0.024691 0.052083
0 0.834877 0.690451 0.074691 0.044792
0 0.556481 0.219965 0.067284 0.024653
0 0.598457 0.186632 0.080864 0.033681
0 0.795679 0.532986 0.038272 0.046528
0 0.823765 0.409722 0.067284 0.011111
0 0.431173 0.851389 0.082099 0.011806
0 0.525309 0.855035 0.076543 0.013542
0 0.138889 0.738715 0.037037 0.047569
0 0.255247 0.190278 0.021605 0.047222
0 0.133642 0.786285 0.024074 0.048264
0 0.245679 0.776563 0.024691 0.037847
0 0.772531 0.554514 0.073457 0.015972
0 0.661111 0.775000 0.027160 0.031250
0 0.291975 0.184201 0.023457 0.044792
0 0.190741 0.364757 0.024691 0.039931
0 0.273765 0.195312 0.017901 0.039931
