0 0.428704 0.198437 0.098148 0.067708
0 0.658951 0.210417 0.152469 0.049306
0 0.152160 0.464931 0.130247 0.050000
0 0.114815 0.522396 0.032099 0.058681
0 0.188272 0.498437 0.054321 0.075347
0 0.235185 0.557986 0.096296 0.066667
0 0.378086 0.628125 0.045062 0.075000
0 0.655247 0.259028 0.204321 0.040278
0 0.804630 0.230035 0.110494 0.055208
0 0.772840 0.304340 0.161728 0.045486
0 0.833333 0.330035 0.138272 0.039931
0 0.873148 0.285938 0.045062 0.076042
0 0.845370 0.375347 0.125309 0.058333
0 0.666049 0.373090 0.203704 0.050347
0 0.857099 0.470313 0.088272 0.071875
0 0.736111 0.451910 0.072222 0.062153
0 0.690123 0.477951 0.067901 0.057986
0 0.758951 0.508160 0.110494 0.036458
0 0.759877 0.559896 0.080247 0.060069
0 0.844136 0.644965 0.072222 0.062847
0 0.158951 0.852778 0.168519 0.103472
0 0.243210 0.846354 0.107407 0.076042
0 0.133951 0.491667 0.097531 0.070833
