0 0.139198 0.480903 0.025309 0.041667
0 0.718519 0.318576 0.072840 0.026736
0 0.894753 0.500000 0.029012 0.050000
0 0.908642 0.401736 0.025926 0.057639
0 0.502160 0.352431 0.068519 0.046528
0 0.527160 0.192535 0.072840 0.042708
0 0.297531 0.416840 0.025926 0.037847
0 0.788889 0.861979 0.083951 0.021875
0 0.573457 0.454514 0.051852 0.040972
0 0.633025 0.185764 0.025309 0.047222
0 0.470062 0.190799 0.070988 0.018403
0 0.194136 0.821181 0.058642 0.045139
0 0.737963 0.497569 0.036420 0.063194
0 0.138889 0.708854 0.018519 0.041319
0 0.745062 0.182986 0.093827 0.028472
0 0.612963 0.765278 0.067901 0.037500
0 0.537963 0.828819 0.046296 0.047222
0 0.441975 0.808854 0.024691 0.042708
0 0.192284 0.682465 0.027778 0.043403
0 0.140123 0.621007 0.051852 0.041319
0 0.850000 0.725000 0.090123 0.041667
0 0.860185 0.264757 0.074691 0.020486
0 0.195062 0.196007 0.101235 0.033681
0 0.336728 0.846354 0.083333 0.032292
0 0.149691 0.597222 0.063580 0.039583
0 0.171914 0.559375 0.037654 0.043750
0 0.149383 0.206424 0.066667 0.043403
0 0.164815 0.218056 0.054321 0.030556
0 0.895988 0.269444 0.024074 0.036806
