0 0.221605 0.723958 0.056790 0.043056
0 0.469136 0.859375 0.079012 0.018750
0 0.337654 0.279861 0.095062 0.046528
0 0.354012 0.521181 0.041358 0.038194
0 0.560185 0.769792 0.021605 0.052778
0 0.438272 0.801215 0.083951 0.014236
0 0.642593 0.190625 0.071605 0.041667
0 0.151543 0.471875 0.020370 0.045833
0 0.870062 0.200868 0.024074 0.044792
0 0.718827 0.189062 0.069753 0.020486
0 0.166358 0.830382 0.053704 0.043403
0 0.881481 0.260069 0.076543 0.037500
0 0.833333 0.516319 0.075309 0.017361
0 0.857099 0.733160 0.082099 0.013542
0 0.283025 0.227257 0.063580 0.031597
0 0.192593 0.369965 0.035802 0.041319
0 0.734568 0.500694 0.014815 0.032639
0 0.159568 0.357986 0.025309 0.043750
0 0.239506 0.844965 0.072840 0.042708
0 0.593827 0.771875 0.030864 0.054167
0 0.733025 0.816319 0.083333 0.020833
0 0.711420 0.843750 0.037654 0.040972
0 0.626543 0.839236 0.081481 0.036111
0 0.747222 0.853819 0.070988 0.013889
0 0.671914 0.848437 0.043827 0.053125
0 0.634877 0.863194 0.078395 0.021528
0 0.643827 0.805035 0.067901 0.030208
0 0.592901 0.808507 0.031481 0.032986
0 0.685494 0.829514 0.015432 0.050694
