0 0.766360 0.687549 0.042958 0.038267
0 0.206439 0.713822 0.026449 0.052193
0 0.884756 0.328329 0.071974 0.040783
0 0.426770 0.186958 0.074822 0.014800
0 0.862609 0.476059 0.088187 0.037207
0 0.158086 0.234124 0.060953 0.053017
0 0.829518 0.513358 0.043517 0.043241
0 0.864615 0.368198 0.080179 0.017754
0 0.197256 0.473268 0.041028 0.039799
0 0.791573 0.361506 0.033125 0.036749
0 0.506884 0.730302 0.020443 0.044581
0 0.405133 0.387964 0.026784 0.053352
0 0.884390 0.267897 0.073054 0.045490
0 0.893952 0.599112 0.023422 0.041489
0 0.896429 0.556173 0.022710 0.044909
0 0.632129 0.386097 0.058046 0.036586
0 0.163941 0.199166 0.045583 0.041655
0 0.696442 0.183586 0.062243 0.032426
0 0.136127 0.681665 0.064720 0.054066
0 0.782416 0.220427 0.065216 0.013950
0 0.252338 0.334556 0.025733 0.038969
0 0.878354 0.222343 0.075282 0.020644
0 0.567315 0.172516 0.081965 0.015155
0 0.469456 0.756236 0.060546 0.013156
0 0.424717 0.212935 0.067040 0.016000
0 0.580505 0.185630 0.082897 0.016100
0 0.192101 0.668637 0.069162 0.020824
0 0.815000 0.191000 0.070000 0.028000
0 0.882000 0.197000 0.062000 0.030000
