0 0.904012 0.364931 0.067284 0.081944
0 0.762963 0.601910 0.039506 0.062153
0 0.466049 0.659896 0.081481 0.035069
0 0.501235 0.735069 0.100000 0.045139
0 0.347840 0.877778 0.154938 0.053472
0 0.880864 0.675000 0.100000 0.063889
0 0.145988 0.784028 0.084568 0.129167
0 0.200000 0.384028 0.046914 0.068750
0 0.205247 0.526042 0.082099 0.088194
0 0.187037 0.439063 0.086420 0.044792
0 0.193210 0.572917 0.090123 0.050000
0 0.421296 0.230903 0.170988 0.056944
0 0.517901 0.867014 0.085185 0.075000
0 0.625617 0.854514 0.136420 0.069444
0 0.196914 0.268750 0.058025 0.075000
0 0.864198 0.198785 0.141975 0.034375
0 0.862963 0.232639 0.161728 0.048611
0 0.760185 0.226215 0.043827 0.100347
0 0.718827 0.224306 0.025309 0.076389
0 0.689506 0.233160 0.054321 0.052431
0 0.627160 0.199306 0.133333 0.036111
0 0.563272 0.236111 0.112963 0.038889
0 0.203395 0.341840 0.099383 0.081597
0 0.204938 0.749653 0.071605 0.060417
