0 0.337963 0.765972 0.089506 0.040278
0 0.755864 0.846007 0.077160 0.089931
0 0.878086 0.828125 0.117901 0.043056
0 0.904938 0.405903 0.077778 0.077083
0 0.560185 0.500000 0.135185 0.050000
0 0.237037 0.861111 0.061728 0.059028
0 0.790123 0.553125 0.130864 0.040972
0 0.310185 0.861979 0.106790 0.053125
0 0.195062 0.498090 0.090123 0.089931
0 0.200000 0.665104 0.087654 0.092014
0 0.841975 0.295660 0.138272 0.026042
0 0.892593 0.267708 0.106173 0.031250
0 0.903086 0.247743 0.077778 0.042014
0 0.828086 0.198785 0.135185 0.030208
0 0.871914 0.233160 0.080864 0.047569
0 0.789198 0.232292 0.106790 0.047917
0 0.924691 0.392882 0.044444 0.039931
