0 0.386728 0.667361 0.062346 0.063889
0 0.289815 0.746181 0.100617 0.024306
0 0.625617 0.573958 0.100617 0.069444
0 0.124691 0.638889 0.067901 0.102778
0 0.249383 0.811979 0.074074 0.098264
0 0.757407 0.439757 0.044444 0.045486
0 0.854630 0.802083 0.078395 0.064583
0 0.856790 0.213368 0.050617 0.071875
0 0.289815 0.540799 0.031481 0.051736
0 0.170988 0.849826 0.150617 0.026736
0 0.562037 0.613542 0.117901 0.021528
0 0.677160 0.186285 0.114815 0.026042
0 0.635185 0.821875 0.058025 0.040972
0 0.305864 0.837674 0.037654 0.027431
0 0.176543 0.230556 0.171605 0.048611
0 0.799074 0.427257 0.087037 0.026736
0 0.655556 0.373958 0.067901 0.035417
0 0.637037 0.245139 0.061728 0.050000
0 0.671914 0.300000 0.056173 0.056250
0 0.775926 0.288021 0.100000 0.051736
0 0.680247 0.854340 0.253086 0.037847
0 0.780247 0.799479 0.066667 0.087153
0 0.141358 0.798958 0.155556 0.033333
0 0.158951 0.828819 0.152469 0.050000
