0 0.241975 0.211111 0.062963 0.056944
0 0.314815 0.296007 0.046914 0.062153
0 0.600926 0.207986 0.074691 0.075000
0 0.640123 0.215972 0.058025 0.075000
0 0.706790 0.211979 0.048148 0.080208
0 0.853704 0.221007 0.079012 0.030208
0 0.866049 0.256076 0.070370 0.089931
0 0.171914 0.406944 0.046296 0.075000
0 0.237037 0.496007 0.151852 0.042014
0 0.878086 0.363889 0.127778 0.027083
0 0.877778 0.380035 0.116049 0.019792
0 0.873148 0.400868 0.133951 0.023958
0 0.881790 0.419097 0.101852 0.031944
0 0.869753 0.444965 0.137037 0.035764
0 0.879938 0.529861 0.127778 0.056944
0 0.221296 0.828646 0.153704 0.109375
0 0.652160 0.881944 0.140123 0.045139
0 0.794753 0.775000 0.045062 0.065278
0 0.889815 0.802604 0.117901 0.049653
0 0.861728 0.849479 0.172840 0.078125
