0 0.881790 0.397569 0.032716 0.042361
0 0.808333 0.859722 0.069753 0.015278
0 0.729938 0.364410 0.054938 0.045486
0 0.558642 0.407292 0.054321 0.043750
0 0.767284 0.204340 0.091358 0.019097
0 0.583333 0.843576 0.074074 0.021875
0 0.730556 0.178819 0.095679 0.028472
0 0.221914 0.188889 0.054938 0.040278
0 0.211111 0.575521 0.053086 0.037847
0 0.784877 0.522743 0.029012 0.038542
0 0.655247 0.722049 0.072222 0.017708
0 0.420370 0.798090 0.045679 0.077431
0 0.270062 0.678472 0.048765 0.043056
0 0.135802 0.666667 0.046914 0.042361
0 0.159568 0.585243 0.024074 0.046875
0 0.163272 0.825694 0.053704 0.041667
0 0.321605 0.830556 0.086420 0.026389
0 0.494444 0.735938 0.077778 0.033681
0 0.411111 0.641493 0.065432 0.028819
0 0.191975 0.207986 0.081481 0.047917
0 0.758642 0.849132 0.082716 0.021875
0 0.420062 0.856597 0.073457 0.031250
0 0.836728 0.195486 0.066049 0.036111
0 0.336728 0.190625 0.056173 0.031250
0 0.188272 0.714236 0.029630 0.043056
0 0.342284 0.804861 0.052469 0.029167
0 0.392284 0.850347 0.088272 0.036111
0 0.291975 0.840972 0.066667 0.050000
0 0.278086 0.644097 0.079630 0.043056
0 0.854012 0.185069 0.079630 0.032639
