0 0.598765 0.198090 0.116049 0.040625
0 0.593210 0.238542 0.212346 0.071528
0 0.844753 0.195139 0.199383 0.079167
0 0.931481 0.268229 0.060494 0.071875
0 0.865123 0.280382 0.096914 0.056597
0 0.746914 0.301215 0.143210 0.048264
0 0.875617 0.383854 0.137654 0.036458
0 0.775000 0.351910 0.064815 0.064931
0 0.650000 0.388021 0.070370 0.060069
0 0.837037 0.406076 0.164198 0.023958
0 0.424383 0.309028 0.095679 0.066667
0 0.186728 0.553472 0.068519 0.072917
0 0.858642 0.503472 0.124691 0.049306
0 0.870988 0.728472 0.139506 0.046528
0 0.560185 0.850000 0.169753 0.079861
0 0.809259 0.837500 0.162963 0.068056
0 0.183025 0.818403 0.091975 0.066667
0 0.192593 0.849306 0.114815 0.045139
0 0.216358 0.856424 0.068519 0.050347
0 0.827469 0.251563 0.157407 0.049653
0 0.846605 0.336632 0.140123 0.028819
0 0.613580 0.821875 0.092593 0.090278
