0 0.234877 0.209028 0.114198 0.029861
0 0.312037 0.303993 0.104321 0.053819
0 0.848765 0.242014 0.141975 0.034722
0 0.905864 0.385937 0.072222 0.076042
0 0.896914 0.463889 0.072840 0.061111
0 0.673148 0.521007 0.112963 0.042014
0 0.780864 0.818056 0.069136 0.104861
0 0.183025 0.819965 0.098148 0.078125
0 0.208025 0.848090 0.055556 0.062153
0 0.258025 0.838021 0.051852 0.071875
0 0.258025 0.768056 0.061728 0.045833
0 0.825000 0.635764 0.215432 0.047222
0 0.879012 0.591840 0.091358 0.063542
0 0.772222 0.595833 0.037037 0.062500
0 0.810802 0.585764 0.061111 0.057639
0 0.851852 0.542882 0.043210 0.071875
