0 0.196959 0.441577 0.058683 0.076472
0 0.554330 0.518230 0.128486 0.027520
0 0.857857 0.459065 0.132485 0.060313
0 0.725040 0.362782 0.051260 0.074020
0 0.465314 0.780821 0.049014 0.065143
0 0.875948 0.278404 0.116846 0.046581
0 0.870131 0.419891 0.108133 0.068128
0 0.539318 0.825159 0.043929 0.045699
0 0.885579 0.262677 0.071452 0.018685
0 0.700230 0.869017 0.111163 0.017200
0 0.342941 0.825630 0.044529 0.062881
0 0.439642 0.365914 0.123525 0.075365
0 0.323027 0.818335 0.075066 0.076687
0 0.542530 0.656181 0.160753 0.032517
0 0.262254 0.221692 0.113333 0.027745
0 0.179166 0.746397 0.032852 0.057728
0 0.159749 0.809958 0.106854 0.097153
