0 0.203086 0.251042 0.130864 0.036111
0 0.521914 0.242882 0.037654 0.094097
0 0.683951 0.215104 0.100000 0.055903
0 0.828086 0.215972 0.074691 0.061806
0 0.837037 0.322049 0.061728 0.089931
0 0.870988 0.372049 0.139506 0.037847
0 0.915123 0.500000 0.030247 0.050000
0 0.912037 0.668056 0.054938 0.077778
0 0.311111 0.605035 0.130864 0.030208
0 0.372840 0.634028 0.159259 0.043750
0 0.198148 0.807986 0.090123 0.075000
0 0.183951 0.859896 0.048148 0.057986
0 0.221914 0.872049 0.050000 0.057986
0 0.364198 0.851910 0.053086 0.078125
0 0.575000 0.861111 0.126543 0.022917
0 0.578086 0.888021 0.111728 0.019792
0 0.846914 0.787847 0.202469 0.072917
0 0.766049 0.861806 0.120988 0.061111
0 0.762037 0.892014 0.120370 0.027778
0 0.216358 0.228646 0.080864 0.046181
