0 0.661510 0.467715 0.071854 0.046635
0 0.833453 0.845056 0.059733 0.051297
0 0.893946 0.702528 0.032226 0.055584
0 0.605394 0.360729 0.029917 0.039452
0 0.177944 0.538201 0.043839 0.040693
0 0.358546 0.609355 0.092317 0.022739
0 0.590106 0.786101 0.075497 0.018084
0 0.136733 0.800608 0.022208 0.048436
0 0.432563 0.333941 0.027011 0.042343
0 0.434168 0.413209 0.051244 0.035388
0 0.701847 0.278750 0.077293 0.013698
0 0.899236 0.353351 0.028221 0.051685
0 0.169823 0.708340 0.029218 0.043891
0 0.771044 0.648134 0.062444 0.020020
0 0.536835 0.828488 0.049131 0.047892
0 0.659639 0.267754 0.025795 0.041345
0 0.513814 0.639136 0.176152 0.032571
0 0.330195 0.804131 0.049856 0.044334
0 0.904428 0.305114 0.030550 0.047355
0 0.826056 0.746935 0.074841 0.026785
0 0.793597 0.271075 0.025748 0.041909
0 0.774966 0.773848 0.068804 0.031913
0 0.645227 0.840331 0.071215 0.016146
0 0.863290 0.319167 0.026017 0.049140
0 0.878131 0.182794 0.072116 0.042021
0 0.884451 0.769970 0.057593 0.030314
0 0.620675 0.265687 0.068958 0.040613
0 0.347613 0.302206 0.073478 0.037895
