0 0.188158 0.533765 0.053378 0.077850
0 0.886257 0.787419 0.111041 0.027371
0 0.188856 0.700839 0.062187 0.081154
0 0.893445 0.226490 0.079969 0.074663
0 0.862594 0.293592 0.121561 0.036877
0 0.156382 0.468250 0.030701 0.069197
0 0.855315 0.854572 0.059960 0.068193
0 0.909720 0.711784 0.056229 0.079630
0 0.185671 0.406369 0.071727 0.086435
0 0.152997 0.765933 0.062127 0.054408
0 0.674809 0.784639 0.131288 0.062354
0 0.694263 0.824229 0.178822 0.037080
0 0.242758 0.680521 0.063939 0.076134
0 0.227670 0.231468 0.157893 0.030464
0 0.403709 0.492132 0.038184 0.013444
0 0.896241 0.328610 0.095476 0.047742
0 0.264950 0.651604 0.106702 0.051024
0 0.537858 0.656601 0.169046 0.034566
0 0.539737 0.825004 0.041796 0.043052
0 0.219614 0.206248 0.085060 0.019339
