0 0.416975 0.221875 0.074691 0.075000
0 0.465123 0.223958 0.069753 0.079861
0 0.509259 0.228125 0.100000 0.075000
0 0.616049 0.227951 0.060494 0.080208
0 0.665123 0.230035 0.069753 0.085069
0 0.400926 0.280035 0.120370 0.044792
0 0.813889 0.200000 0.074691 0.075000
0 0.867901 0.225000 0.119753 0.070139
0 0.740123 0.222049 0.090123 0.044792
0 0.756173 0.250000 0.100000 0.040278
0 0.887963 0.244965 0.084568 0.039931
0 0.230864 0.389931 0.088889 0.061111
0 0.451235 0.413021 0.120988 0.030208
0 0.203086 0.622049 0.104938 0.039236
0 0.912037 0.531076 0.047531 0.069097
0 0.242901 0.864931 0.116667 0.045139
0 0.410185 0.850000 0.130247 0.075000
0 0.615123 0.800000 0.120370 0.070139
0 0.681481 0.869097 0.148148 0.056250
0 0.725000 0.848785 0.119136 0.076736
