0 0.163889 0.423958 0.074691 0.095833
0 0.170062 0.628993 0.073457 0.076736
0 0.583951 0.711979 0.072840 0.030208
0 0.905864 0.267014 0.083333 0.040278
0 0.163889 0.715972 0.062346 0.068056
0 0.896296 0.310069 0.100000 0.054861
0 0.215123 0.489063 0.088272 0.055208
0 0.366049 0.861111 0.112346 0.056944
0 0.196296 0.265799 0.141975 0.110069
0 0.216975 0.328125 0.064815 0.075000
0 0.380864 0.215972 0.075309 0.054861
0 0.478086 0.210938 0.074691 0.055208
0 0.246605 0.435243 0.091975 0.060764
0 0.297840 0.425000 0.054938 0.070139
0 0.270062 0.469965 0.059877 0.064931
0 0.297840 0.842882 0.069753 0.064931
0 0.451852 0.839063 0.080247 0.069792
0 0.504938 0.855035 0.070370 0.069792
0 0.899383 0.369965 0.113580 0.066319
0 0.795062 0.416319 0.039506 0.078472
0 0.893210 0.487153 0.071605 0.077778
0 0.820988 0.590625 0.061728 0.065278
0 0.779321 0.643576 0.074691 0.097569
0 0.872840 0.691667 0.149383 0.066667
0 0.898148 0.617535 0.058025 0.077431
0 0.904938 0.759201 0.123457 0.080903
0 0.892901 0.813542 0.133951 0.040278
0 0.850926 0.837326 0.151235 0.050347
