0 0.510185 0.201389 0.056173 0.055556
0 0.150926 0.297222 0.046296 0.053472
0 0.212963 0.799826 0.079012 0.013542
0 0.207099 0.616667 0.084568 0.035417
0 0.182407 0.200868 0.050000 0.047569
0 0.869444 0.770139 0.072222 0.063889
0 0.875617 0.206771 0.019136 0.042014
0 0.650926 0.177604 0.078395 0.029514
0 0.377160 0.178299 0.075309 0.013542
0 0.377469 0.441493 0.021605 0.048264
0 0.799691 0.793576 0.022840 0.044097
0 0.654938 0.856597 0.083951 0.016667
0 0.722222 0.278125 0.030864 0.040972
0 0.900309 0.810937 0.038889 0.038542
0 0.126852 0.716319 0.035185 0.054861
0 0.224383 0.388889 0.020370 0.043056
0 0.697531 0.388715 0.055556 0.053125
0 0.291358 0.501563 0.020988 0.045486
0 0.791358 0.860069 0.083951 0.018750
0 0.741358 0.845833 0.030864 0.038194
0 0.341358 0.812500 0.024691 0.040972
0 0.278704 0.269965 0.063580 0.041319
0 0.151852 0.499826 0.055556 0.040625
0 0.173148 0.632986 0.078395 0.035417
0 0.706173 0.838542 0.038272 0.052778
0 0.241049 0.197049 0.067284 0.048958
0 0.913580 0.294618 0.027160 0.037153
0 0.852778 0.309201 0.043827 0.044792
