0 0.404630 0.217708 0.059877 0.070139
0 0.321296 0.554167 0.061111 0.072917
0 0.104012 0.624132 0.064815 0.067014
0 0.122531 0.694097 0.072222 0.028472
0 0.142284 0.795312 0.131481 0.021875
0 0.154938 0.855035 0.090123 0.114931
0 0.096914 0.845139 0.066667 0.079861
0 0.800617 0.831771 0.080247 0.102431
0 0.777469 0.854340 0.048765 0.067014
0 0.808951 0.302778 0.153704 0.062500
0 0.802160 0.345833 0.170988 0.048611
0 0.842284 0.387847 0.117901 0.061111
0 0.800926 0.403299 0.173457 0.049653
0 0.868210 0.461979 0.051235 0.078819
0 0.786111 0.502778 0.185802 0.039583
0 0.775617 0.477778 0.162346 0.029861
0 0.765432 0.457986 0.162963 0.032639
0 0.706481 0.417882 0.169753 0.057292
0 0.817284 0.253299 0.144444 0.021181
0 0.674074 0.232986 0.223457 0.057639
0 0.783642 0.203299 0.206790 0.053125
0 0.173457 0.778472 0.170370 0.026389
