0 0.911725 0.288811 0.065597 0.065607
0 0.723226 0.494030 0.118973 0.031783
0 0.922870 0.682203 0.047490 0.078883
0 0.852876 0.547307 0.170233 0.042754
0 0.192831 0.238858 0.100000 0.030000
0 0.892797 0.377696 0.098922 0.031661
0 0.867215 0.430464 0.138848 0.048734
0 0.505720 0.858448 0.045963 0.058487
0 0.754749 0.236052 0.150000 0.040000
0 0.872000 0.247000 0.082000 0.046000
0 0.569608 0.194061 0.125214 0.030000
0 0.579378 0.213424 0.130785 0.031541
0 0.712422 0.596054 0.155527 0.046138
0 0.442534 0.831047 0.176923 0.043080
0 0.875179 0.497276 0.131692 0.045000
0 0.905617 0.355450 0.050934 0.038589
0 0.298330 0.207449 0.104684 0.045372
0 0.852318 0.533330 0.166154 0.035000
0 0.865801 0.413363 0.142791 0.028275
0 0.863433 0.388984 0.142604 0.038992
