0 0.305247 0.215451 0.161111 0.053125
0 0.255247 0.863194 0.131481 0.036111
0 0.660185 0.460417 0.098148 0.062500
0 0.324691 0.755729 0.028395 0.076736
0 0.836728 0.615799 0.051235 0.101042
0 0.455556 0.532292 0.093827 0.043750
0 0.145062 0.829514 0.114815 0.031250
0 0.270370 0.621875 0.029630 0.067361
0 0.369136 0.533333 0.083951 0.073611
0 0.302160 0.275521 0.046296 0.087153
0 0.780247 0.450000 0.040741 0.065278
0 0.233951 0.563542 0.090123 0.046528
0 0.778086 0.209549 0.124074 0.044792
0 0.236728 0.242708 0.079630 0.064583
0 0.133642 0.345833 0.120370 0.027778
0 0.264506 0.443403 0.061111 0.019444
0 0.890123 0.832812 0.062963 0.083681
0 0.839198 0.378125 0.063580 0.069444
0 0.825926 0.514931 0.066667 0.031250
0 0.258333 0.497569 0.127778 0.070833
0 0.159259 0.486458 0.051852 0.061111
0 0.874383 0.503646 0.027778 0.057292
0 0.620679 0.837847 0.135185 0.099306
0 0.130864 0.461285 0.030864 0.058681
0 0.731790 0.821181 0.068519 0.123611
0 0.860185 0.603299 0.025309 0.070486
0 0.778395 0.248958 0.197531 0.077778
0 0.815123 0.271354 0.096914 0.063542
0 0.787963 0.400000 0.050000 0.058333
0 0.800000 0.841840 0.060494 0.057986
0 0.188580 0.208681 0.056173 0.075694
0 0.826235 0.561632 0.085802 0.051736
0 0.131481 0.371007 0.123457 0.037153
0 0.158951 0.416493 0.096914 0.067014
