0 0.427005 0.843933 0.110623 0.035535
0 0.441994 0.246705 0.077681 0.020630
0 0.258020 0.651799 0.029148 0.038043
0 0.652743 0.320926 0.076918 0.033555
0 0.214012 0.184632 0.062274 0.038422
0 0.849205 0.188139 0.082841 0.023112
0 0.865131 0.718809 0.047322 0.048501
0 0.838419 0.841645 0.019945 0.051383
0 0.583028 0.610171 0.080659 0.030126
0 0.201146 0.378501 0.025302 0.038926
0 0.189345 0.698463 0.055862 0.037232
0 0.883600 0.568274 0.068816 0.038655
0 0.899201 0.426537 0.039366 0.045731
0 0.514499 0.638902 0.178979 0.032009
0 0.366361 0.211345 0.073275 0.010625
0 0.863385 0.826391 0.026377 0.043791
0 0.469475 0.202926 0.042208 0.043085
0 0.736102 0.666452 0.042619 0.066248
0 0.577264 0.850207 0.069831 0.026126
0 0.810926 0.310229 0.051361 0.043720
0 0.759532 0.562376 0.072919 0.042971
0 0.134628 0.270572 0.027782 0.047841
0 0.484356 0.439519 0.053508 0.034255
0 0.240392 0.366914 0.017638 0.034939
0 0.541379 0.824258 0.041657 0.042288
0 0.440111 0.176203 0.087833 0.018274
0 0.864041 0.499494 0.023798 0.040762
0 0.898469 0.237716 0.056947 0.036047
0 0.403824 0.818297 0.079672 0.040261
0 0.851362 0.540101 0.088925 0.021836
0 0.517424 0.956279 0.022432 0.026913
