0 0.113272 0.309896 0.054938 0.023958
0 0.187037 0.301910 0.077778 0.078125
0 0.255864 0.300000 0.050000 0.077778
0 0.417901 0.286111 0.095062 0.031944
0 0.395988 0.313021 0.089506 0.030208
0 0.544753 0.289931 0.045062 0.088194
0 0.578086 0.285069 0.043827 0.088194
0 0.611111 0.272049 0.051852 0.092014
0 0.660185 0.270313 0.111728 0.028819
0 0.735185 0.458854 0.035802 0.042014
0 0.678086 0.586111 0.056173 0.065972
0 0.725926 0.617014 0.090123 0.052083
0 0.735185 0.732118 0.072840 0.089931
0 0.055864 0.646875 0.085802 0.097917
0 0.067901 0.688368 0.120988 0.045486
0 0.062037 0.755903 0.085802 0.054861
0 0.055864 0.925000 0.072222 0.038194
0 0.273765 0.914062 0.050000 0.087847
0 0.315123 0.911979 0.056173 0.089931
0 0.646605 0.301389 0.138889 0.029167
0 0.051543 0.736285 0.096914 0.052431
