0 0.659752 0.366571 0.060080 0.022336
0 0.129518 0.324588 0.023319 0.036845
0 0.878295 0.760773 0.043016 0.048356
0 0.840891 0.400991 0.051342 0.036201
0 0.878772 0.250976 0.070402 0.056560
0 0.860365 0.204299 0.097153 0.018208
0 0.803020 0.240574 0.034169 0.053128
0 0.882396 0.818150 0.046332 0.048473
0 0.443952 0.182252 0.078849 0.025454
0 0.159492 0.317651 0.042028 0.045732
0 0.893569 0.322082 0.020428 0.041721
0 0.821668 0.752046 0.030107 0.044356
0 0.157851 0.464817 0.021665 0.048056
0 0.617588 0.860945 0.085400 0.016085
0 0.766351 0.196018 0.098012 0.016003
0 0.135145 0.738773 0.071103 0.032519
0 0.880838 0.793990 0.068528 0.032753
0 0.143186 0.230575 0.045584 0.038993
0 0.773278 0.787507 0.021511 0.063911
0 0.747769 0.669162 0.047631 0.041016
0 0.365224 0.645792 0.034138 0.042793
0 0.736200 0.834052 0.062992 0.050925
0 0.690281 0.586121 0.067307 0.045945
0 0.157560 0.205485 0.076252 0.025980
0 0.299281 0.279393 0.093848 0.016343
0 0.146476 0.246332 0.068121 0.024538
0 0.339561 0.212275 0.067584 0.034271
0 0.236572 0.794278 0.047361 0.037675
