0 0.823765 0.348958 0.074691 0.051389
0 0.140741 0.253646 0.039506 0.042014
0 0.131481 0.416667 0.027160 0.049306
0 0.884568 0.328472 0.086420 0.030556
0 0.895370 0.736458 0.024074 0.048611
0 0.362346 0.591493 0.028395 0.038542
0 0.670988 0.193403 0.069136 0.036111
0 0.195370 0.432465 0.052469 0.044097
0 0.571296 0.814757 0.070988 0.052431
0 0.908642 0.512674 0.019753 0.047569
0 0.775000 0.592187 0.027778 0.036458
0 0.151543 0.475174 0.047531 0.032292
0 0.131481 0.824479 0.020988 0.044097
0 0.155247 0.609722 0.021605 0.040972
0 0.361728 0.259201 0.034568 0.042014
0 0.745988 0.523958 0.051235 0.036806
0 0.462963 0.836806 0.066667 0.050000
0 0.228395 0.726736 0.053086 0.040972
0 0.894444 0.265451 0.060494 0.048264
0 0.810185 0.198958 0.096914 0.040278
0 0.780247 0.548785 0.070370 0.025347
0 0.528086 0.750347 0.072222 0.027778
0 0.881173 0.218924 0.088272 0.027431
0 0.661420 0.260417 0.064815 0.034028
0 0.614815 0.199653 0.066667 0.032639
0 0.888580 0.233333 0.067284 0.018750
0 0.160494 0.211979 0.082716 0.048958
