0 0.373148 0.306771 0.077160 0.085069
0 0.501852 0.318576 0.056790 0.070486
0 0.099074 0.353125 0.050000 0.083333
0 0.166667 0.474132 0.046914 0.078819
0 0.818827 0.221701 0.078395 0.081597
0 0.734877 0.227083 0.025309 0.037500
0 0.539506 0.710590 0.139506 0.032986
0 0.304938 0.481250 0.065432 0.087500
0 0.369136 0.551042 0.069136 0.077778
0 0.172222 0.285069 0.041975 0.072222
0 0.654630 0.571354 0.093210 0.095486
0 0.794753 0.873090 0.129012 0.037847
0 0.123148 0.648785 0.093210 0.084375
0 0.186728 0.563889 0.043827 0.063889
0 0.559877 0.843576 0.075309 0.083681
0 0.848765 0.757292 0.103704 0.067361
0 0.848457 0.542882 0.089506 0.139931
0 0.319444 0.635243 0.088272 0.078125
0 0.800309 0.787500 0.161111 0.115278
0 0.882099 0.835938 0.070370 0.069792
0 0.212963 0.496007 0.065432 0.055208
0 0.383951 0.677257 0.067901 0.062153
