0 0.433951 0.216667 0.082716 0.036806
0 0.856173 0.838889 0.083951 0.031944
0 0.174691 0.495660 0.030864 0.051042
0 0.251543 0.408507 0.038889 0.040625
0 0.468519 0.545312 0.067901 0.023264
0 0.875000 0.672743 0.077160 0.019097
0 0.131173 0.499132 0.026543 0.049653
0 0.129012 0.466667 0.034568 0.045833
0 0.671914 0.625521 0.078395 0.025347
0 0.377160 0.454167 0.071605 0.036111
0 0.342593 0.738889 0.066667 0.033333
0 0.360494 0.180035 0.132099 0.021181
0 0.259259 0.689757 0.027160 0.042014
0 0.142284 0.571007 0.061111 0.019097
0 0.191049 0.205208 0.093210 0.038194
0 0.712963 0.193576 0.020988 0.039236
0 0.677778 0.191493 0.066667 0.048264
0 0.701543 0.227951 0.066049 0.030208
0 0.304938 0.492708 0.027160 0.049306
0 0.329630 0.765451 0.081481 0.014236
0 0.845988 0.655903 0.020370 0.036111
0 0.183025 0.222917 0.089506 0.029861
0 0.792901 0.186979 0.054938 0.048958
0 0.867901 0.196007 0.077778 0.026042
0 0.889815 0.227951 0.069753 0.028125
0 0.886111 0.211979 0.059877 0.023958
0 0.544136 0.852951 0.069753 0.023958
0 0.162037 0.217708 0.072222 0.026389
