0 0.681790 0.714063 0.043827 0.080208
0 0.715123 0.360069 0.054938 0.075000
0 0.233951 0.594965 0.090123 0.044792
0 0.586111 0.325000 0.056173 0.109722
0 0.833025 0.197049 0.074691 0.055208
0 0.273148 0.864062 0.045062 0.060069
0 0.923148 0.360069 0.064815 0.120139
0 0.187037 0.522917 0.090123 0.054861
0 0.930247 0.685069 0.100000 0.095139
0 0.275000 0.225000 0.099383 0.079861
0 0.209877 0.263021 0.080247 0.060069
0 0.335185 0.268056 0.090123 0.075000
0 0.142901 0.240104 0.069753 0.089931
0 0.834877 0.315104 0.059877 0.089931
0 0.912963 0.615972 0.070370 0.079861
0 0.779938 0.664931 0.079630 0.079861
0 0.840123 0.790104 0.070370 0.089931
0 0.900000 0.800000 0.080247 0.090278
0 0.175000 0.845139 0.089506 0.050000
0 0.498765 0.845139 0.090123 0.050000
0 0.561111 0.857986 0.070370 0.050000
0 0.338580 0.219792 0.115432 0.044444
