0 0.244753 0.848090 0.084568 0.019792
0 0.878704 0.685764 0.051235 0.059722
0 0.869444 0.608681 0.063580 0.044444
0 0.228704 0.477083 0.029012 0.045139
0 0.743210 0.186632 0.034568 0.044792
0 0.562346 0.166493 0.077778 0.015625
0 0.876235 0.815625 0.057407 0.047917
0 0.652469 0.170660 0.055556 0.030208
0 0.584568 0.845313 0.066667 0.023264
0 0.227469 0.301910 0.043827 0.038542
0 0.823148 0.184028 0.056173 0.050000
0 0.324691 0.200174 0.048148 0.054514
0 0.319753 0.275868 0.072840 0.031597
0 0.688272 0.210243 0.070370 0.013542
0 0.868210 0.322569 0.032716 0.041667
0 0.824074 0.844792 0.085185 0.023611
0 0.137346 0.705556 0.033951 0.055556
0 0.278395 0.668403 0.046914 0.038194
0 0.156173 0.445833 0.030864 0.043056
0 0.155864 0.384549 0.067284 0.026042
0 0.892593 0.317708 0.023457 0.038889
0 0.780864 0.188368 0.018519 0.046875
0 0.872222 0.773264 0.023457 0.048611
0 0.430556 0.171181 0.074691 0.015278
0 0.284877 0.180729 0.030247 0.042014
0 0.406173 0.182118 0.108642 0.019792
0 0.825000 0.271875 0.033951 0.050000
0 0.858642 0.742361 0.023457 0.040972
0 0.890741 0.749826 0.045679 0.045486
