0 0.855556 0.392708 0.060494 0.075000
0 0.772222 0.455903 0.058025 0.041667
0 0.862346 0.812153 0.050617 0.043750
0 0.713272 0.833333 0.088272 0.050000
0 0.519753 0.321354 0.066667 0.014931
0 0.272840 0.755035 0.028395 0.043403
0 0.561420 0.181424 0.058642 0.020486
0 0.696296 0.629514 0.038272 0.041667
0 0.383951 0.176215 0.072840 0.019097
0 0.458025 0.587153 0.050617 0.040972
0 0.684259 0.200347 0.030247 0.035417
0 0.356173 0.600347 0.066667 0.036111
0 0.768519 0.847743 0.087654 0.012153
0 0.668827 0.460243 0.069753 0.037153
0 0.613580 0.813368 0.086420 0.025347
0 0.249691 0.190278 0.103086 0.028472
0 0.166975 0.367188 0.032716 0.039931
0 0.129321 0.806250 0.056173 0.019444
0 0.251235 0.215278 0.053086 0.039583
0 0.456790 0.764931 0.066667 0.043056
0 0.186111 0.771875 0.032716 0.038194
0 0.655247 0.175868 0.075926 0.012847
0 0.864815 0.269965 0.046914 0.052431
0 0.176543 0.819271 0.024691 0.041319
0 0.862346 0.193576 0.106173 0.017014
0 0.864506 0.214757 0.106790 0.020486
