0 0.101852 0.270486 0.046914 0.079167
0 0.615432 0.454514 0.034568 0.065278
0 0.347840 0.210938 0.059877 0.080903
0 0.653086 0.545660 0.056790 0.068403
0 0.613272 0.862153 0.106790 0.021528
0 0.862037 0.579688 0.054938 0.080208
0 0.526543 0.542188 0.138272 0.030903
0 0.719136 0.443924 0.092593 0.085764
0 0.132407 0.836979 0.051235 0.064236
0 0.826235 0.650868 0.073457 0.051042
0 0.383951 0.721354 0.040741 0.089236
0 0.703704 0.650694 0.171605 0.040278
0 0.861420 0.311806 0.053704 0.089583
0 0.779938 0.539236 0.131481 0.059722
0 0.500309 0.701042 0.125309 0.026389
0 0.782716 0.249826 0.183951 0.051736
0 0.226235 0.868576 0.068519 0.036458
0 0.790123 0.203819 0.159259 0.043056
0 0.278395 0.806424 0.069136 0.017014
0 0.250000 0.225000 0.100000 0.100000
0 0.095062 0.459896 0.075309 0.089931
0 0.264815 0.475000 0.090123 0.100000
0 0.170062 0.500000 0.084568 0.109722
0 0.100000 0.544965 0.070370 0.085069
0 0.181790 0.615799 0.079630 0.114931
0 0.760185 0.314931 0.054938 0.095139
0 0.800926 0.335417 0.054938 0.100000
0 0.755247 0.358333 0.152469 0.088889
0 0.684877 0.765104 0.074691 0.085069
0 0.829938 0.759896 0.130247 0.110069
0 0.730247 0.760069 0.100000 0.075000
0 0.288889 0.856944 0.116049 0.061111
0 0.819136 0.309722 0.043210 0.095139
0 0.800617 0.584549 0.090123 0.038542
0 0.438272 0.796181 0.144444 0.033333
0 0.179012 0.857292 0.101235 0.056250
