0 0.356765 0.725280 0.043499 0.072950
0 0.596291 0.494500 0.128626 0.040151
0 0.318850 0.316181 0.116092 0.027189
0 0.855945 0.588786 0.214910 0.043616
0 0.254443 0.399158 0.171247 0.058943
0 0.293092 0.861784 0.150773 0.022151
0 0.410463 0.702698 0.100462 0.039612
0 0.697259 0.198450 0.050627 0.022876
0 0.171584 0.310678 0.059476 0.087052
0 0.219334 0.703605 0.083623 0.031407
0 0.536540 0.660451 0.170309 0.034168
0 0.197104 0.825384 0.094268 0.014449
0 0.907035 0.739754 0.049391 0.069644
0 0.140491 0.721178 0.047003 0.061127
0 0.370476 0.772619 0.038088 0.041074
