0 0.780864 0.185764 0.034568 0.052083
0 0.766667 0.491319 0.076543 0.018056
0 0.840741 0.422743 0.028395 0.039236
0 0.168827 0.322569 0.061111 0.057639
0 0.286111 0.206597 0.066049 0.015278
0 0.359568 0.863368 0.078395 0.012153
0 0.893827 0.436111 0.023457 0.050694
0 0.552469 0.195833 0.072840 0.013889
0 0.871605 0.735764 0.079012 0.031250
0 0.851543 0.610938 0.025309 0.040625
0 0.203086 0.828299 0.025926 0.044792
0 0.764815 0.356771 0.016049 0.041319
0 0.168210 0.400868 0.035185 0.044097
0 0.480247 0.797222 0.088889 0.025000
0 0.670988 0.197049 0.071605 0.047569
0 0.766358 0.578646 0.024074 0.045486
0 0.171296 0.271354 0.047531 0.044792
0 0.222531 0.236285 0.048765 0.064931
0 0.814506 0.201389 0.022840 0.045833
0 0.750000 0.756771 0.038272 0.042708
0 0.458642 0.199306 0.071605 0.020833
0 0.381481 0.836285 0.090123 0.035764
0 0.900309 0.210938 0.022840 0.046181
0 0.164198 0.645833 0.083951 0.035417
0 0.427160 0.850694 0.090123 0.025000
0 0.746605 0.671875 0.036420 0.044444
0 0.841049 0.198958 0.033951 0.049306
0 0.850309 0.198264 0.032716 0.041667
0 0.879012 0.228125 0.033333 0.027083
