0 0.712512 0.828771 0.063122 0.061371
0 0.642189 0.180313 0.089948 0.017580
0 0.557279 0.757514 0.065582 0.045101
0 0.213058 0.306967 0.070813 0.025839
0 0.225451 0.178941 0.078570 0.024721
0 0.888076 0.759391 0.073519 0.031521
0 0.630164 0.838468 0.068958 0.031641
0 0.165531 0.500108 0.033234 0.053902
0 0.604743 0.201553 0.081099 0.039293
0 0.770309 0.486015 0.030670 0.040625
0 0.904364 0.786959 0.023564 0.049107
0 0.887081 0.206047 0.029782 0.043237
0 0.883414 0.362950 0.024443 0.039951
0 0.746618 0.189410 0.039760 0.053104
0 0.513149 0.848312 0.020207 0.051024
0 0.641757 0.807134 0.078120 0.012193
0 0.863967 0.503821 0.023577 0.045048
0 0.192952 0.221949 0.044749 0.046283
0 0.141379 0.228454 0.019992 0.042655
0 0.429072 0.206087 0.065644 0.030387
0 0.678063 0.864411 0.076299 0.015389
0 0.514441 0.638380 0.180565 0.032729
0 0.544282 0.843435 0.022641 0.042322
0 0.801154 0.191120 0.097549 0.020365
0 0.594674 0.836100 0.068440 0.060067
0 0.868975 0.203022 0.018346 0.049371
0 0.645775 0.736835 0.074543 0.024789
0 0.131251 0.290849 0.016398 0.039525
0 0.736426 0.702551 0.068157 0.035084
0 0.710158 0.196389 0.051968 0.037913
