0 0.784568 0.356076 0.192593 0.059375
0 0.562654 0.430382 0.045062 0.064236
0 0.446914 0.196007 0.116049 0.019792
0 0.830864 0.230208 0.124691 0.061806
0 0.442284 0.864236 0.094444 0.063889
0 0.550617 0.836285 0.072840 0.056597
0 0.149383 0.508854 0.128395 0.046181
0 0.369753 0.188542 0.069136 0.014583
0 0.179321 0.228472 0.042593 0.072222
0 0.479938 0.305903 0.036420 0.065278
0 0.287037 0.203819 0.109877 0.057639
0 0.822222 0.272049 0.143210 0.027431
0 0.116975 0.239931 0.103086 0.117361
0 0.209877 0.281944 0.075309 0.061806
0 0.143210 0.363194 0.143210 0.113194
0 0.700000 0.235069 0.090123 0.052083
0 0.720370 0.836632 0.208642 0.043403
0 0.401543 0.252083 0.163580 0.033333
0 0.222840 0.217361 0.077778 0.093056
0 0.876235 0.659549 0.074691 0.078125
0 0.833951 0.605556 0.153086 0.034028
0 0.754938 0.590278 0.149383 0.041667
0 0.864815 0.737847 0.077778 0.089583
0 0.706173 0.865799 0.165432 0.030903
