0 0.441531 0.318227 0.097626 0.021681
0 0.829032 0.761417 0.024262 0.050976
0 0.158589 0.814666 0.089635 0.031533
0 0.427695 0.365806 0.071654 0.013858
0 0.822765 0.561021 0.034016 0.038427
0 0.311535 0.283703 0.070117 0.024345
0 0.153556 0.634770 0.069372 0.041186
0 0.139571 0.253015 0.039268 0.047033
0 0.601658 0.364539 0.070820 0.017089
0 0.458338 0.807011 0.034614 0.045300
0 0.147752 0.696352 0.087645 0.020233
0 0.696665 0.422781 0.035872 0.037015
0 0.416504 0.781579 0.073665 0.012912
0 0.829125 0.215245 0.113469 0.031381
0 0.448875 0.639381 0.029947 0.037143
0 0.320526 0.773448 0.070370 0.023202
0 0.242597 0.855211 0.081787 0.016219
0 0.395962 0.259254 0.065604 0.034723
0 0.650840 0.811418 0.087371 0.032879
0 0.253703 0.665419 0.038577 0.031899
0 0.720809 0.715422 0.079208 0.018288
0 0.176674 0.839727 0.023794 0.043953
0 0.487880 0.746878 0.090381 0.033847
0 0.740564 0.420635 0.021183 0.040991
0 0.468126 0.857179 0.076263 0.014309
0 0.866475 0.223424 0.093567 0.016865
0 0.539416 0.825144 0.043345 0.041102
0 0.150873 0.787097 0.107532 0.039657
0 0.477734 0.758583 0.067665 0.023118
0 0.524921 0.639766 0.158379 0.032494
